97,108,77 96,100,71 38,37,40 28,25,29 34,31,35 21,22,25 24,26,26 26,26,23 33,33,28 33,30,34 23,21,19 27,25,23 27,26,29 27,22,21 21,22,25 20,19,22 24,23,26 36,35,38 39,37,38 77,75,26 81,79,32 85,83,36 142,139,72 116,105,86 54,57,35 51,55,40 48,52,35 58,62,45 60,64,47 50,50,18 47,42,10 39,41,24 38,41,21 57,60,40 47,48,25 54,57,33 43,46,26 40,42,27 39,38,29 27,25,21 60,64,47 49,53,38 72,70,71 45,41,52 52,56,41 39,42,32 43,46,36 67,70,62 45,48,38 25,28,18 60,63,53 33,29,21 89,75,59 77,65,55 62,54,30 52,45,43 45,37,43 45,36,47 35,33,31 46,42,51 55,47,55 49,46,50 73,75,60 97,104,58
95,107,73 44,45,35 45,44,47 28,25,29 33,30,34 22,23,26 31,32,35 27,27,24 26,26,21 28,26,24 21,19,17 27,25,23 34,33,36 36,31,30 22,23,26 24,23,26 24,23,26 36,35,38 67,70,39 77,76,22 65,63,43 61,56,28 58,48,52 50,45,31 53,55,38 53,57,42 46,50,33 48,52,35 58,62,45 47,46,21 26,24,2 34,36,19 41,44,24 50,53,33 37,42,22 40,42,25 38,41,21 46,48,33 47,46,37 44,42,38 36,39,29 76,81,59 83,80,86 44,40,51 70,74,59 41,44,34 41,44,34 43,46,38 63,67,50 73,77,60 48,51,41 100,86,43 78,70,59 92,81,62 68,63,51 48,47,36 54,46,52 42,35,45 32,30,28 41,38,42 45,44,49 38,35,39 64,66,51 97,104,58
98,105,73 32,34,29 45,46,36 41,38,42 41,38,42 25,26,29 26,25,28 25,23,21 37,34,38 31,29,30 17,17,17 34,31,35 38,38,38 38,36,32 27,28,31 25,24,27 25,25,25 57,61,34 48,50,22 39,38,29 31,24,27 65,64,57 61,62,50 46,49,25 45,49,32 43,47,30 39,47,22 45,49,32 67,71,54 41,43,28 37,40,30 51,55,38 49,54,34 35,40,20 38,42,27 32,36,19 34,38,21 43,47,32 53,58,38 41,39,37 60,61,51 55,62,46 37,37,37 65,62,66 71,76,54 45,48,38 50,53,43 44,46,29 101,100,62 78,75,51 79,83,66 98,83,61 120,115,87 90,85,46 78,64,46 56,55,44 46,45,48 47,46,35 24,23,16 40,38,34 40,38,36 33,30,34 65,63,43 105,113,62
102,109,77 60,65,45 62,67,31 56,54,50 46,42,34 27,27,27 29,29,26 29,30,22 37,35,33 37,35,33 25,25,22 35,33,29 33,31,29 38,36,32 33,33,33 24,26,26 28,29,32 113,117,63 29,24,23 20,18,19 30,30,16 34,36,10 43,46,26 55,58,34 35,40,20 39,43,26 50,54,37 52,56,39 60,64,47 42,46,31 35,38,28 32,36,19 28,32,15 28,32,15 29,33,18 30,34,19 41,45,30 35,39,22 38,42,25 48,51,31 74,81,63 50,50,45 56,57,38 59,62,31 72,77,57 53,57,42 55,57,42 73,72,63 41,38,23 83,84,45 105,97,47 117,115,57 131,123,40 129,120,44 85,82,38 46,45,36 37,35,31 31,31,28 47,47,42 39,37,33 58,57,48 41,39,37 68,64,45 82,88,49
38,42,27 37,39,34 60,62,47 46,49,27 57,51,44 24,23,26 26,27,17 36,38,21 43,46,34 48,52,35 31,32,24 37,35,31 30,29,22 22,24,24 38,40,37 25,27,24 31,33,33 90,92,50 26,23,27 38,38,24 56,54,34 61,61,29 52,53,43 39,41,24 37,41,26 38,42,27 49,53,36 32,36,19 38,41,29 38,41,29 32,35,25 27,30,20 24,27,15 35,39,24 30,34,19 32,36,21 48,52,37 32,35,25 39,43,26 44,48,31 60,64,49 40,37,41 59,59,43 49,50,31 53,56,36 43,45,30 38,42,25 30,31,19 46,45,34 52,53,34 86,94,32 89,89,15 141,134,64 77,77,18 53,48,16 51,48,35 56,52,31 63,65,39 99,107,27 138,147,60 70,70,36 85,82,38 92,95,46 65,66,43
30,34,17 41,45,28 41,45,30 43,39,29 38,36,34 24,24,24 32,37,17 41,46,26 34,38,21 50,54,37 36,38,21 29,30,20 34,35,27 33,32,25 37,37,34 32,34,31 31,31,26 40,43,21 25,25,25 36,38,23 51,55,26 47,46,39 74,80,28 64,65,55 34,35,25 46,48,33 42,45,33 35,39,24 38,39,29 36,37,25 41,44,32 27,29,24 30,33,25 29,32,24 24,27,15 28,32,17 18,22,7 29,32,22 37,40,28 45,49,32 45,50,30 48,50,33 31,32,24 54,56,39 50,54,37 42,47,25 32,36,21 42,45,33 32,35,23 25,28,16 38,43,21 67,71,31 82,83,35 92,94,39 85,85,42 38,39,20 24,25,17 44,45,33 34,39,19 66,68,42 59,56,16 59,58,20 70,67,41 56,57,18
62,65,30 40,41,22 46,48,33 42,41,32 25,24,17 32,35,25 25,32,14 28,35,19 29,34,14 56,61,41 37,41,24 29,33,16 32,38,25 37,35,31 25,24,17 30,30,25 61,65,38 25,28,6 25,25,20 45,43,39 55,57,42 34,34,20 38,38,38 30,33,23 52,53,43 37,38,28 44,44,39 33,32,25 36,36,31 39,40,30 31,32,24 29,29,26 27,27,27 39,39,34 26,27,19 28,30,25 29,33,18 29,32,24 37,41,26 41,46,26 38,43,21 49,53,38 46,47,37 57,59,42 49,54,34 43,47,30 46,49,37 34,37,27 34,38,23 27,31,16 37,41,24 55,59,42 42,47,25 45,46,23 65,68,35 33,35,18 38,40,25 53,56,44 43,47,32 32,34,17 28,32,17 40,42,25 29,32,22 60,63,41
69,76,28 51,57,18 46,52,23 52,55,35 35,39,24 30,34,19 28,32,17 30,31,12 75,81,29 38,43,23 36,40,23 32,36,21 26,33,17 36,40,23 31,32,20 26,25,30 32,33,23 25,27,10 23,23,23 27,25,26 65,66,56 32,33,21 60,63,39 40,38,39 66,59,59 55,50,52 46,44,40 37,35,33 38,38,35 40,40,37 32,32,29 37,37,37 31,31,31 30,30,27 39,40,32 30,30,27 29,29,24 36,38,33 32,33,25 32,35,23 41,45,28 41,42,32 53,56,44 59,63,46 43,47,30 46,49,37 41,45,30 44,48,33 39,43,26 35,39,22 55,60,40 36,41,21 45,48,26 45,47,30 37,41,26 39,43,28 46,47,35 36,39,29 43,45,30 34,35,23 34,38,23 35,38,26 22,26,9 32,36,19
33,36,16 34,38,9 36,42,13 25,26,18 33,33,28 37,40,28 31,35,18 44,48,19 56,61,39 31,35,18 35,39,22 35,39,24 36,40,23 44,48,31 35,39,24 31,33,28 36,40,23 60,65,41 65,69,42 27,24,28 32,32,32 44,45,35 44,43,34 56,51,50 72,65,68 63,55,61 54,49,51 45,43,44 37,35,36 41,39,40 39,37,35 39,37,38 31,31,28 37,37,34 27,27,24 24,24,19 30,30,27 23,25,25 29,29,29 39,39,34 39,40,30 44,44,41 30,31,23 36,37,25 48,49,37 46,47,39 36,36,31 28,31,21 42,45,33 41,44,32 32,36,21 34,38,23 49,54,34 48,52,35 31,35,20 44,45,37 32,33,23 39,40,30 31,31,26 41,42,32 51,54,42 27,30,18 41,46,24 30,34,17
30,34,19 30,34,19 24,27,17 35,34,27 27,28,20 33,35,20 28,32,15 34,38,21 32,37,17 35,39,24 31,35,20 28,31,19 31,35,18 41,45,28 37,41,24 37,40,30 30,37,19 22,29,11 29,30,20 45,43,41 34,32,33 60,58,56 28,23,25 27,22,24 58,51,51 70,63,66 56,49,52 56,51,53 41,39,40 48,46,47 48,46,44 48,43,42 39,37,35 34,32,30 40,40,37 41,39,40 24,24,24 32,30,31 26,26,26 26,26,26 29,29,29 34,34,34 33,33,28 44,44,39 52,52,49 47,47,42 55,55,55 44,43,46 53,53,50 60,60,57 54,53,44 68,67,58 52,53,43 48,50,33 32,34,29 45,43,41 33,31,32 40,38,39 40,37,43 41,39,40 46,49,41 36,37,25 35,38,28 44,47,35
26,27,19 32,31,34 33,31,29 26,26,23 40,38,39 41,39,40 36,37,25 34,35,25 27,28,20 22,25,17 24,27,17 21,24,14 31,34,24 34,38,21 24,28,11 23,25,25 34,38,21 29,32,20 32,31,22 46,44,45 35,33,34 35,33,31 37,31,36 60,50,54 60,50,51 63,53,54 57,50,53 50,45,47 56,46,47 52,45,45 54,47,47 43,36,36 49,44,43 96,94,74 34,33,26 28,26,27 35,33,31 30,28,29 38,36,37 35,33,34 37,35,36 37,35,33 45,43,41 54,47,47 55,50,47 65,60,59 57,51,58 54,49,51 67,62,64 65,60,62 71,64,67 72,65,63 54,50,44 48,47,38 41,41,36 51,48,52 64,58,63 75,69,74 84,77,87 89,83,88 92,84,92 75,69,74 62,60,58 60,58,56
37,34,38 40,37,41 42,39,43 27,25,26 41,39,40 42,39,43 38,35,39 42,39,43 35,33,31 25,25,22 18,18,13 16,16,11 23,24,16 28,27,18 21,24,16 23,23,18 68,69,61 33,34,26 50,50,47 46,40,47 35,32,36 48,43,45 51,44,44 86,79,82 64,54,53 58,48,49 59,52,55 65,54,61 74,64,65 64,54,53 58,48,47 56,51,48 73,70,74 122,123,100 55,54,57 53,56,67 37,32,34 35,30,32 40,35,37 32,30,26 48,43,42 58,48,49 70,60,64 70,60,61 72,62,66 65,55,56 73,66,69 72,62,63 68,58,59 73,63,64 72,62,61 67,58,54 56,50,45 58,52,47 65,58,58 65,55,56 63,53,54 72,62,66 72,62,66 74,63,70 74,63,70 78,68,72 74,64,65 70,62,68
37,35,36 39,37,38 37,35,36 24,22,20 40,33,36 41,34,37 33,31,32 55,50,49 54,49,51 32,30,31 19,17,18 16,15,18 18,16,17 18,18,18 91,85,90 75,66,77 37,31,36 54,48,53 63,57,62 39,33,38 51,46,48 49,42,45 56,46,47 75,65,66 65,55,54 60,50,51 74,62,64 75,65,69 75,65,66 67,57,56 63,54,50 68,57,52 78,80,96 45,51,54 77,81,96 70,79,102 48,43,42 47,37,41 57,49,55 89,74,65 55,50,49 75,65,66 66,56,60 64,54,55 80,70,74 79,69,73 75,65,69 80,70,74 71,61,62 70,60,61 68,58,59 72,62,63 70,60,61 70,60,59 73,63,64 59,50,46 53,43,42 73,63,64 51,44,44 74,64,65 71,59,64 80,70,74 70,63,63 49,48,39
65,55,59 64,54,58 65,55,59 52,42,46 36,29,29 51,44,44 30,23,23 60,50,51 57,47,48 57,47,48 56,46,47 49,39,43 45,38,41 35,33,31 25,20,22 67,59,78 29,22,22 40,33,33 50,45,44 62,55,55 58,48,49 60,50,51 66,56,60 82,72,76 61,51,55 66,56,60 77,67,71 71,60,57 113,98,89 48,43,40 67,54,49 86,81,78 79,87,105 41,45,58 75,81,100 55,56,77 41,41,38 40,33,36 49,41,49 50,42,48 46,35,42 63,53,54 74,64,65 86,79,77 71,64,62 77,67,68 82,72,76 85,75,79 82,72,76 73,63,62 70,60,61 68,58,57 80,70,71 74,64,65 75,65,66 66,60,55 55,51,45 55,51,45 62,60,58 55,54,47 76,71,70 59,60,52 26,26,21 50,51,43
58,48,49 51,41,42 64,54,55 54,47,47 51,44,44 50,43,43 55,48,48 56,49,49 59,49,50 59,49,50 62,50,52 65,55,56 66,56,60 65,53,58 40,35,32 76,73,102 58,52,57 50,44,49 42,39,43 40,37,41 37,32,31 45,38,36 51,44,47 44,37,35 57,50,48 55,48,46 56,51,53 49,45,35 69,57,45 43,39,33 95,79,66 89,91,107 76,85,108 49,58,81 88,94,122 39,46,58 53,55,50 53,43,47 47,41,48 57,46,55 54,43,50 29,31,28 55,51,45 56,51,50 50,45,42 61,54,54 66,56,57 58,48,49 65,55,54 57,47,46 63,57,52 55,49,44 59,50,46 62,56,51 59,52,52 51,50,43 54,53,46 51,49,45 47,45,41 18,18,13 23,25,22 55,58,48 51,52,42 17,20,12
54,53,56 53,52,55 50,49,52 46,43,47 42,37,39 50,45,44 39,37,35 47,47,44 47,47,42 45,43,41 28,26,27 48,46,47 51,49,47 68,67,70 117,115,127 87,85,109 78,76,100 74,70,94 68,64,88 72,66,87 62,56,79 57,56,71 53,51,49 52,51,56 55,59,63 53,55,55 51,53,50 16,17,20 35,31,23 85,71,57 67,58,50 64,71,83 79,89,123 56,65,90 72,79,104 72,78,95 76,64,64 45,35,39 44,38,45 51,43,51 53,43,47 89,75,75 89,75,75 89,77,77 88,76,76 90,76,76 89,76,71 89,76,73 88,75,72 89,76,73 90,77,74 94,81,78 91,78,75 90,77,74 89,76,71 92,80,80 87,75,75 90,76,76 89,76,71 88,75,68 89,75,75 84,75,71 85,76,72 84,78,73
43,48,47 44,46,46 89,93,97 55,59,63 53,55,52 59,59,56 46,48,45 50,51,41 51,49,47 48,47,50 55,52,58 65,65,91 84,83,114 77,78,112 78,82,115 122,113,124 72,77,103 93,97,130 71,72,106 83,84,114 69,69,95 67,64,81 90,77,72 92,78,78 89,75,77 88,74,74 91,78,75 90,77,74 86,71,60 147,127,109 119,101,80 56,58,74 77,78,99 50,51,72 66,70,99 56,60,73 90,76,76 85,72,69 27,20,23 58,47,56 50,38,38 85,72,69 85,72,69 89,76,73 85,72,69 92,78,78 89,75,75 88,74,74 92,79,76 89,76,73 91,78,75 87,74,71 88,75,72 90,77,74 93,77,75 87,74,69 91,78,75 87,74,71 91,77,79 72,59,69 98,82,80 92,78,78 94,81,78 92,79,76
41,48,46 42,49,47 72,82,86 73,86,85 93,104,103 92,103,104 61,70,72 50,55,54 23,23,20 44,44,44 65,63,83 71,67,89 65,64,95 91,94,130 89,92,130 62,58,67 75,74,105 83,82,117 73,74,108 68,70,97 91,75,71 89,76,73 93,77,71 95,82,79 96,83,80 91,78,73 92,79,76 89,76,73 97,80,72 183,152,131 126,107,84 92,83,77 56,49,47 82,75,73 72,72,100 42,37,39 89,78,75 89,76,73 38,28,32 82,70,72 90,76,76 85,72,69 84,71,68 91,78,75 91,78,75 91,78,75 89,76,73 96,82,82 95,82,77 89,76,73 90,77,72 85,71,73 35,26,20 84,68,64 80,75,102 87,77,76 89,76,73 87,74,71 88,75,70 90,77,74 88,74,74 89,76,71 92,79,74 89,76,73
79,89,81 67,78,63 58,72,63 82,101,95 54,63,63 33,43,40 48,56,46 120,127,125 32,34,29 27,27,27 57,55,67 57,57,85 80,81,111 82,83,117 85,86,118 65,61,83 73,74,104 88,89,123 78,79,113 68,68,96 52,47,63 61,57,70 91,78,75 87,74,71 87,74,71 91,78,75 95,81,83 92,79,76 94,78,63 108,88,70 72,56,41 89,76,73 90,74,72 88,75,70 73,69,91 86,70,68 79,67,67 84,71,68 33,23,27 90,78,78 109,93,108 90,77,74 89,76,73 87,74,69 87,74,69 83,70,65 91,75,71 96,82,82 91,78,71 95,83,88 90,80,100 90,81,107 37,30,33 74,62,64 87,77,76 81,71,72 83,70,67 89,76,73 89,73,71 90,77,74 82,71,66 89,76,73 90,77,70 86,74,74
115,122,90 112,120,81 106,113,77 99,106,74 102,109,75 43,47,32 22,30,16 47,54,38 32,35,25 74,72,70 59,55,68 74,74,102 78,79,109 75,76,110 88,88,125 62,57,84 74,75,105 77,78,112 62,64,89 72,67,83 88,78,77 90,77,70 89,76,73 92,79,76 90,77,70 90,77,70 91,78,73 89,76,73 99,84,64 158,138,120 76,62,48 84,71,68 92,76,74 97,84,79 66,62,84 92,78,78 52,40,40 71,58,55 31,21,25 83,72,67 92,79,74 90,77,74 91,78,75 87,74,69 90,77,72 85,72,67 96,80,78 81,69,81 92,76,72 88,75,72 92,79,76 88,76,76 33,25,31 87,75,77 57,47,46 54,43,52 90,77,74 85,72,69 97,81,75 100,80,71 153,126,108 187,153,119 206,164,101 235,190,126
119,135,135 81,97,97 63,79,77 128,138,130 49,57,36 110,118,79 32,38,27 23,26,18 64,63,68 45,44,49 44,42,52 51,44,54 45,43,51 46,45,48 77,71,78 91,77,77 78,81,117 85,71,71 81,70,67 94,81,78 92,79,74 96,83,80 95,82,79 91,78,75 94,77,78 97,86,95 90,76,76 86,75,68 123,107,90 147,130,106 75,64,57 63,50,43 92,79,76 92,79,76 65,58,72 55,44,41 53,41,46 53,41,43 33,26,29 95,82,77 96,81,72 85,73,63 90,78,68 96,83,80 88,75,72 88,74,74 89,75,77 84,70,72 95,81,81 87,73,73 90,73,76 81,69,71 42,32,31 88,77,72 95,84,77 95,84,81 101,86,66 129,101,72 209,170,111 216,174,111 133,99,54 102,84,54 87,72,50 89,80,74
65,76,65 58,69,58 40,53,37 86,95,65 81,87,74 47,53,42 68,78,54 67,72,48 44,44,39 39,35,29 90,76,78 80,67,64 85,71,73 96,80,78 86,75,72 87,70,71 78,79,102 82,69,77 85,72,67 88,75,70 89,76,69 95,82,77 88,75,68 96,83,80 70,59,66 89,77,93 101,89,103 87,75,91 111,96,85 128,114,100 86,75,70 75,62,59 114,82,40 143,111,69 60,55,52 81,70,63 84,71,64 70,61,55 48,41,41 93,78,56 83,64,41 83,71,59 92,79,72 90,77,70 90,76,78 88,75,70 97,83,83 88,75,70 84,72,60 88,75,72 90,74,72 131,114,90 94,78,65 107,80,62 187,152,114 238,192,135 226,187,126 225,181,110 223,182,121 227,187,123 202,161,100 211,170,113 216,174,122 222,181,120
98,105,87 114,121,85 84,80,63 73,64,60 89,72,73 82,70,70 91,77,82 89,78,75 82,76,97 82,78,91 92,78,80 94,80,85 91,78,75 95,82,77 87,74,69 90,77,74 89,86,90 79,77,101 91,75,69 90,74,70 92,76,74 95,81,83 90,77,72 97,85,75 95,81,81 84,70,72 100,84,82 90,76,76 102,90,80 94,78,72 85,72,65 97,86,79 97,76,72 151,134,110 120,99,88 131,109,89 183,153,111 215,175,123 138,117,94 92,74,53 138,115,86 165,128,84 223,184,123 214,172,109 214,172,130 144,116,89 95,82,79 84,71,68 88,75,72 88,75,72 88,74,74 88,75,70 85,69,65 93,73,64 92,76,63 95,77,72 142,118,94 196,157,118 198,158,94 220,179,118 226,181,117 235,186,117 225,179,113 231,185,119
81,68,63 84,71,66 92,79,76 91,77,77 90,76,76 92,79,72 96,82,82 92,79,74 88,77,74 81,78,95 88,80,99 100,86,101 82,77,79 139,124,113 104,92,82 104,91,84 62,55,55 58,52,73 102,89,86 96,83,78 94,81,78 94,81,78 91,77,77 94,81,78 99,85,85 99,85,85 79,62,65 91,75,73 96,81,72 97,81,75 120,107,100 85,76,72 85,74,59 107,81,56 104,79,60 84,68,64 85,71,71 83,70,63 89,76,69 92,76,70 87,76,73 89,73,69 85,76,72 85,74,71 85,72,67 88,75,72 84,71,68 84,73,58 117,92,75 186,156,128 203,172,119 186,150,117 106,95,78 89,78,73 99,84,75 89,75,61 103,91,81 117,95,75 226,190,141 221,181,115 227,182,118 214,168,102 237,188,123 234,188,122
174,145,96 142,118,96 83,70,78 84,72,86 90,77,85 138,114,81 198,162,111 194,155,98 207,168,109 105,78,44 56,49,61 46,39,53 49,45,58 56,52,63 53,49,58 138,121,113 187,179,185 61,55,80 105,92,89 96,80,76 91,78,73 89,76,71 84,71,68 94,77,69 89,76,73 83,70,65 91,78,75 96,80,74 85,75,65 89,76,71 113,101,91 60,51,45 90,79,74 91,78,73 80,65,56 88,75,72 100,86,86 88,77,62 105,81,73 90,78,66 105,89,76 112,93,77 201,173,135 184,152,106 164,136,107 103,82,69 136,114,94 219,176,118 217,175,112 238,197,125 234,187,126 227,181,115 228,183,119 210,168,103 210,168,105 205,160,96 206,162,95 197,153,86 212,166,100 215,166,101 226,182,115 217,173,106 252,208,141 234,190,123
94,81,76 82,69,62 90,74,68 94,77,69 91,75,69 97,80,70 91,76,65 112,97,77 211,169,131 212,172,118 224,182,128 214,171,115 146,112,69 192,149,89 216,174,111 130,103,56 85,71,86 54,62,71 81,61,52 236,218,217 219,172,122 203,169,110 228,211,203 89,77,67 85,74,71 86,75,72 92,76,70 98,85,80 80,68,68 83,70,65 120,95,76 134,110,86 110,90,83 91,73,68 103,81,73 102,82,64 170,140,94 213,176,132 222,182,118 219,177,112 232,188,121 226,177,112 232,187,123 210,169,101 225,179,113 228,183,119 234,188,122 230,179,114 211,166,102 215,173,108 218,177,109 222,176,110 226,184,119 225,178,115 229,178,111 223,179,112 227,178,111 225,179,111 217,171,105 235,189,123 211,167,100 228,186,123 226,184,121 230,189,121
97,83,69 93,78,67 105,86,70 129,111,90 150,118,86 101,83,62 79,77,101 155,132,129 153,124,93 211,173,127 111,93,102 115,108,136 201,160,103 214,175,118 223,184,127 230,189,119 199,157,103 201,149,89 191,150,105 167,128,85 98,79,54 110,90,60 149,112,68 189,150,89 224,183,122 215,175,111 238,197,129 223,181,116 196,156,104 231,186,122 218,175,115 228,185,125 228,179,110 230,181,112 218,176,111 255,223,169 197,158,126 186,152,118 208,165,107 164,121,74 197,160,107 205,165,101 215,169,101 226,185,117 244,193,128 231,182,115 227,178,113 228,182,116 237,187,125 231,189,126 221,178,118 225,184,123 213,172,111 214,173,114 208,166,103 230,190,124 219,175,108 214,172,107 205,167,103 222,183,122 209,166,108 225,183,131 222,180,128 222,181,120
129,111,92 143,120,91 139,118,93 143,121,103 101,97,91 196,184,184 190,177,174 185,173,187 122,111,134 103,94,118 92,81,88 102,88,90 149,123,100 176,149,117 173,144,120 138,116,96 95,77,72 94,76,71 93,75,70 93,77,71 96,83,76 111,92,69 118,98,66 96,76,56 151,129,95 162,134,96 159,132,98 129,97,67 185,146,89 215,175,109 211,166,102 232,190,127 236,189,128 230,188,125 222,181,120 224,181,121 221,180,123 228,187,128 221,180,123 201,160,103 235,194,135 230,189,128 233,187,128 227,182,120 224,181,121 234,189,127 245,199,142 228,181,120 217,170,109 229,182,121 228,183,119 233,188,124 207,158,91 223,174,107 222,173,108 207,165,102 226,183,125 235,194,137 209,170,113 209,167,125 216,174,122 221,181,129 202,164,127 209,169,135
104,98,121 123,127,171 82,78,102 92,90,112 106,105,136 79,76,105 81,81,109 84,82,106 74,72,94 44,40,53 42,38,49 105,90,79 98,87,72 102,86,69 159,133,92 130,115,93 105,91,73 130,99,76 209,172,119 221,180,123 119,90,57 94,78,61 98,82,80 91,74,75 87,70,73 94,84,83 95,83,71 111,93,72 203,165,117 215,175,111 226,183,127 210,167,107 215,174,117 213,172,115 213,172,115 205,163,109 154,113,66 196,155,108 189,146,99 203,162,105 214,171,113 214,171,113 195,151,98 213,172,115 216,171,109 223,180,120 220,172,114 188,146,92 212,169,111 200,157,99 216,174,111 202,157,93 236,194,129 228,186,121 221,177,110 212,167,103 227,180,117 231,189,124 213,168,106 223,181,116 203,161,96 213,168,104 203,162,94 215,175,111
194,161,124 165,141,108 72,60,60 62,51,46 68,57,40 160,133,97 187,147,93 216,174,120 207,166,121 141,112,79 91,75,62 123,104,77 139,107,65 112,83,48 127,99,61 95,79,62 96,83,76 141,122,99 108,88,58 85,69,63 92,79,74 107,93,77 204,167,123 211,169,115 140,112,72 109,91,72 118,99,74 191,152,95 228,183,121 222,181,113 208,166,101 224,179,115 216,172,105 211,167,100 225,179,111 232,186,116 211,167,100 245,199,129 251,202,135 206,160,92 237,187,115 216,166,94 221,172,103 245,194,125 228,179,112 224,180,113 194,154,88 189,147,84 193,153,87 184,144,78 196,154,89 216,174,109 200,158,93 228,183,119 214,170,101 197,152,88 213,167,101 222,176,110 220,181,112 223,178,114 226,184,119 211,169,104 211,166,102 214,172,107
208,167,118 155,128,85 102,76,51 113,83,55 163,133,89 120,91,58 119,92,60 134,108,67 116,86,58 110,81,59 112,85,53 127,102,74 109,89,71 129,104,85 213,172,115 243,204,133 221,182,123 147,120,77 100,82,79 94,79,70 94,79,68 103,82,57 111,82,58 106,86,66 113,88,58 198,165,115 222,181,124 206,165,104 227,182,118 231,186,122 227,181,115 214,170,103 223,179,112 239,195,128 231,187,120 239,195,128 220,176,109 213,164,97 230,186,119 226,182,115 235,191,124 233,192,124 234,188,120 225,181,112 233,187,121 231,187,120 206,166,100 211,173,109 217,176,108 212,168,101 204,159,95 213,168,104 208,168,102 214,172,107 190,148,83 225,183,118 223,181,116 207,167,103 230,189,132 207,166,109 224,181,132 216,175,116 216,174,109 222,182,118
245,201,134 244,200,133 233,189,122 189,145,78 144,110,65 119,91,62 104,83,58 105,84,69 101,77,51 109,83,60 102,83,58 103,81,61 113,87,64 115,88,56 130,101,66 183,145,95 228,189,128 218,175,119 201,155,100 236,197,136 227,188,127 244,203,142 214,173,116 214,173,114 216,173,115 219,176,118 218,173,111 219,175,122 218,177,118 224,181,121 225,180,118 213,169,102 218,174,107 227,183,116 225,181,114 227,183,116 218,174,107 233,189,122 225,178,115 218,173,109 210,168,103 216,174,109 237,195,130 210,168,105 230,188,125 224,179,115 188,144,77 202,158,91 228,184,117 214,170,103 216,176,110 228,183,119 203,156,93 229,182,119 224,174,112 231,191,125 242,201,142 234,193,136 199,156,98 215,172,116 213,172,113 202,160,106 234,193,136 222,181,120
219,170,105 224,175,110 231,182,113 218,172,104 209,160,93 186,137,72 199,152,89 225,179,111 210,164,98 206,160,94 212,170,105 215,173,108 218,171,108 234,189,125 245,200,136 230,185,123 226,181,119 241,196,134 234,189,125 222,180,117 218,173,111 239,197,134 189,149,95 200,158,116 205,165,113 235,192,134 225,180,116 215,172,112 210,164,105 212,166,107 214,169,107 234,189,125 231,187,120 217,173,106 206,165,95 203,159,92 202,158,91 228,183,119 228,183,119 234,190,123 225,183,118 238,196,131 230,185,121 220,175,111 215,173,108 225,181,114 219,170,103 230,186,119 239,197,132 232,191,123 225,185,121 210,168,103 225,179,113 230,188,123 209,167,102 203,158,94 221,181,117 249,206,148 222,180,117 226,179,116 234,194,130 223,182,114 221,181,117 203,162,105
207,157,95 244,194,132 225,180,116 220,175,111 216,171,107 214,172,107 214,170,103 209,163,97 221,175,109 221,175,109 231,185,119 229,190,121 238,196,133 227,182,118 226,183,123 230,188,125 232,187,123 223,178,114 217,172,110 149,119,75 219,178,131 221,181,127 230,188,134 242,201,140 222,181,120 227,182,118 220,175,111 221,176,112 208,163,99 235,190,126 237,192,128 227,180,119 206,163,103 211,170,113 214,173,114 207,166,107 202,161,100 214,174,110 221,181,117 203,163,99 209,164,102 229,187,122 215,174,115 213,172,115 211,170,113 208,167,108 230,189,128 205,167,103 248,207,146 253,213,149 218,178,112 241,200,141 216,171,109 222,180,115 194,154,90 238,193,129 232,190,127 239,197,134 230,190,126 214,174,110 214,173,112 226,182,129 218,175,115 204,161,101
216,178,114 207,169,105 227,189,125 235,197,133 215,177,113 217,178,109 197,155,90 223,178,116 212,174,110 231,191,125 230,191,122 244,200,133 234,184,122 234,190,123 236,194,129 218,176,113 246,195,128 224,176,102 186,139,76 181,143,95 199,158,113 255,215,158 225,184,125 227,182,118 238,197,129 196,152,85 217,173,106 231,187,120 227,183,116 218,174,107 226,181,117 236,195,134 221,178,120 214,171,115 194,152,100 222,180,128 220,179,122 216,175,118 218,177,120 222,181,124 213,172,115 217,175,121 222,180,126 182,141,92 185,144,97 181,138,89 209,169,117 210,168,116 203,161,109 222,180,128 220,178,124 213,172,115 226,186,132 207,166,107 222,183,126 206,167,106 208,168,104 223,182,121 204,162,97 203,163,97 213,173,109 201,160,99 214,173,114 196,155,98
222,182,116 199,159,93 208,167,106 209,168,107 220,180,116 224,183,122 235,191,124 254,208,149 228,186,134 228,187,130 222,179,123 210,169,112 200,160,108 214,173,112 214,171,111 225,186,127 217,166,97 205,156,87 228,182,116 206,163,105 223,179,110 218,178,114 215,175,111 217,172,108 234,188,118 231,187,120 220,176,109 232,188,119 211,167,100 228,184,117 209,168,100 209,166,106 222,180,117 202,160,97 213,168,104 221,177,110 203,162,94 186,145,88 215,174,115 205,164,107 217,176,119 238,196,142 212,173,116 200,160,108 203,163,111 225,183,129 207,167,115 202,165,112 206,166,112 204,164,110 220,181,124 220,179,122 206,164,110 227,186,127 205,163,109 184,142,88 205,165,111 201,162,103 227,186,129 217,176,117 213,172,111 211,170,111 221,180,123 193,152,95