40,34,29 40,34,29 33,27,22 43,37,32 41,35,30 45,36,30 44,35,29 49,41,30 51,41,42 50,40,44 46,36,40 46,36,40 46,36,40 43,33,37 32,22,23 28,18,19 37,28,24 36,27,23 38,29,25 42,36,31 66,52,36 61,50,35 61,50,35 59,48,33 57,47,35 39,29,33 28,17,24 17,10,13 16,10,15 18,12,17 21,14,17 19,11,17 33,23,22 32,23,19 44,34,38 52,44,31 64,52,40 61,51,39 66,55,40 63,51,39 60,48,36 60,48,36 57,47,37 54,44,34 56,47,41 56,47,41 53,44,40 50,41,37 45,39,34 21,15,10 59,46,25 64,43,18 59,43,26 51,40,33 63,44,21 62,43,16 40,33,33 41,34,37 37,30,33 38,31,34 40,33,36 41,34,37 37,30,33 37,30,30
38,32,27 43,37,32 44,38,33 43,37,32 47,41,36 45,36,30 47,38,32 51,42,34 47,37,41 46,36,40 44,34,38 45,35,39 49,39,43 47,37,41 47,37,38 29,19,23 33,24,20 42,33,29 35,26,22 44,35,31 62,48,32 59,48,33 68,57,42 59,48,33 54,44,32 39,29,33 22,12,16 35,26,22 35,25,24 35,26,22 33,23,22 33,27,22 22,12,11 33,24,20 40,30,34 43,33,32 62,50,38 61,51,39 62,51,36 61,49,37 64,54,42 59,49,37 57,47,37 53,43,33 57,48,40 54,45,39 52,43,39 52,43,39 47,41,36 17,9,15 35,23,11 43,34,26 47,36,19 13,7,12 52,41,26 68,47,24 37,30,30 41,34,37 41,34,37 42,34,40 37,30,33 38,31,34 40,33,33 38,31,31
43,37,32 44,35,31 41,35,30 40,34,29 47,38,32 45,36,30 54,45,39 50,41,35 46,36,40 44,34,38 43,33,37 45,35,39 46,36,40 45,35,39 46,35,42 33,23,22 33,24,18 37,28,22 36,26,25 40,31,27 60,49,34 71,60,45 67,56,41 61,49,39 21,17,26 21,16,18 27,22,19 37,30,28 47,45,46 52,45,48 36,29,29 24,17,20 19,14,13 27,22,21 24,14,18 32,22,26 54,41,36 53,43,33 60,50,38 62,53,38 63,52,37 64,56,43 61,49,37 60,48,38 57,49,38 54,45,37 53,44,40 51,42,38 50,41,37 42,35,35 43,38,37 43,36,39 35,22,15 41,34,32 40,33,33 38,36,37 41,34,37 40,33,36 41,34,37 41,34,34 38,31,31 41,34,37 38,31,34 35,30,29
44,38,33 37,31,26 44,38,33 45,39,34 32,23,17 47,38,32 54,45,37 46,37,33 43,33,37 45,35,39 50,39,46 45,35,39 44,34,38 43,33,37 44,34,38 30,20,19 36,27,23 38,27,22 42,29,26 40,31,25 56,45,30 75,64,49 68,57,42 50,40,30 25,20,22 21,18,22 28,21,19 39,30,26 38,32,27 39,37,35 49,42,40 51,42,38 41,35,28 35,29,22 35,26,22 35,26,22 38,27,24 35,27,33 50,39,46 71,60,45 67,56,41 64,52,40 61,49,37 59,47,35 59,47,37 54,46,35 52,43,39 49,40,34 44,38,33 36,31,28 39,38,31 37,35,33 48,32,15 39,37,33 44,34,35 41,34,34 40,33,33 40,33,33 38,31,34 38,31,31 41,34,37 42,35,38 41,34,37 38,31,34
42,36,31 42,36,31 45,36,32 42,36,29 45,36,30 51,42,36 54,43,36 43,31,31 47,37,41 47,37,41 49,39,43 45,35,39 46,36,40 44,33,40 40,29,36 31,20,17 39,30,24 43,30,25 44,33,28 45,34,29 66,51,40 76,62,46 69,58,39 65,56,39 62,51,36 40,28,28 51,42,38 66,58,45 61,54,38 59,49,37 64,52,40 61,50,35 59,48,33 59,49,39 50,39,32 39,30,24 61,49,37 62,50,38 68,56,44 66,55,40 64,53,38 62,50,38 55,42,35 57,45,35 50,45,33 50,41,37 45,36,32 45,36,30 36,32,24 32,30,26 35,28,28 33,28,30 54,36,17 39,34,33 43,36,36 42,35,35 41,34,34 41,34,34 41,34,34 37,30,33 41,34,37 40,33,33 41,34,37 40,33,36
42,36,31 42,36,31 45,36,32 44,35,29 46,37,31 31,24,22 47,38,30 49,39,38 49,39,43 47,37,41 51,41,45 45,35,39 44,34,38 47,36,43 35,25,26 35,26,22 40,31,25 37,26,21 46,33,28 47,36,31 64,53,36 78,64,46 76,67,48 73,62,43 66,52,34 54,41,38 51,41,31 73,59,41 72,58,40 74,63,46 76,65,50 70,59,40 63,52,37 53,43,33 38,28,27 59,51,38 61,49,37 60,50,38 63,51,39 60,48,36 62,50,40 57,44,37 54,43,36 50,41,35 47,38,34 45,36,32 45,35,36 43,34,30 33,26,24 29,24,23 30,23,23 28,21,21 52,36,19 35,30,29 37,30,33 40,33,36 42,35,38 38,36,37 53,43,42 60,47,40 52,41,36 53,40,37 45,36,32 44,37,35
49,39,40 29,19,20 27,20,20 51,44,42 40,33,36 21,19,15 42,36,29 54,44,43 44,34,38 50,40,44 45,35,39 43,33,37 50,40,44 45,35,39 32,22,21 32,22,21 39,30,24 45,34,29 45,34,29 45,37,26 71,60,43 82,68,50 80,66,48 72,59,38 80,65,45 76,60,45 78,64,46 76,62,44 78,67,48 71,60,43 63,51,39 61,52,37 31,21,20 25,20,19 36,24,24 55,44,37 61,48,43 55,45,35 54,43,38 54,43,38 51,42,38 45,39,34 49,39,40 45,35,34 44,34,33 43,33,34 42,32,33 42,32,33 35,28,28 31,24,24 26,27,17 28,23,25 53,37,22 29,24,26 36,29,32 40,33,36 43,33,34 37,32,34 58,47,44 54,41,36 50,37,32 51,40,37 44,35,31 42,33,29
29,19,18 42,33,25 36,29,27 59,49,50 45,34,41 104,106,80 80,82,56 37,30,33 52,40,42 50,38,40 45,35,36 42,32,33 43,33,34 49,38,45 36,25,20 29,20,16 45,36,28 45,33,23 50,39,32 49,41,30 77,63,45 79,64,44 80,65,43 79,65,40 84,70,45 81,66,44 80,66,41 80,66,41 78,63,41 63,51,39 55,42,35 51,42,38 54,46,35 118,85,60 108,79,48 151,117,85 54,44,45 47,40,38 45,38,36 49,42,45 45,38,36 47,40,40 43,37,32 37,31,26 36,30,25 33,26,26 41,34,37 42,32,36 35,28,28 31,24,24 27,26,19 28,26,22 46,30,17 29,23,18 31,24,24 38,31,34 40,33,33 42,33,29 59,46,41 53,40,35 50,37,32 48,37,34 45,36,32 40,31,27
46,34,24 73,62,47 57,47,48 61,51,50 20,17,21 120,117,102 145,148,113 130,132,106 56,46,47 58,48,49 53,43,44 49,39,40 46,36,37 50,38,38 36,25,20 35,29,22 46,33,28 48,32,26 45,35,23 58,48,38 83,69,51 88,73,53 88,74,49 78,64,39 87,73,48 90,73,47 88,74,49 84,69,47 88,74,49 64,52,40 39,30,22 37,32,18 76,54,34 66,48,27 64,38,17 165,120,74 57,40,32 58,51,33 61,51,39 50,46,29 59,51,38 49,41,30 51,46,34 58,50,37 57,49,36 43,36,34 27,22,21 44,34,38 39,29,30 35,25,26 30,23,21 29,24,21 52,36,19 28,22,15 30,23,23 37,30,33 39,34,33 46,33,28 52,43,37 56,43,38 55,42,37 49,36,31 47,36,31 44,35,31
58,43,34 64,49,40 67,58,54 77,68,62 40,43,23 44,42,38 33,32,23 68,71,40 38,28,32 63,53,52 58,46,48 54,44,45 50,40,41 43,33,34 50,37,30 35,29,22 49,37,27 48,36,26 48,36,26 54,44,34 87,74,53 90,75,55 93,74,49 90,71,46 93,74,47 100,79,54 89,72,48 87,72,50 88,71,47 54,46,33 43,38,26 58,49,30 78,56,38 76,53,38 141,101,65 166,123,76 88,62,41 70,63,45 66,57,38 64,57,41 42,34,23 53,45,32 57,50,32 65,58,42 52,47,35 35,29,24 46,42,34 17,15,16 34,27,27 33,26,26 30,25,22 29,25,19 41,29,19 31,23,12 29,24,23 41,34,34 42,37,36 43,32,27 62,49,42 71,57,41 55,43,33 56,43,36 47,34,29 40,31,27
58,44,30 85,70,61 73,62,57 46,36,35 102,105,81 33,32,25 165,170,125 120,123,88 31,21,22 56,46,45 53,41,41 62,50,52 56,46,47 40,30,31 36,23,18 40,31,25 46,34,24 46,34,24 47,35,25 47,36,29 84,69,47 90,76,51 93,76,52 100,79,52 110,89,62 94,75,48 87,73,48 88,74,49 90,73,49 75,64,47 40,34,27 54,45,37 80,60,42 160,119,90 234,175,116 192,151,94 103,85,64 42,35,19 60,54,31 70,63,45 70,62,49 52,42,30 53,44,25 66,59,41 55,50,38 52,46,37 49,43,38 51,44,42 35,28,28 33,26,26 32,28,22 26,22,16 36,23,18 70,48,30 32,27,26 42,35,35 63,44,9 44,33,28 59,46,41 69,52,44 66,53,46 59,43,37 79,63,46 57,44,41
62,49,42 45,36,32 43,32,27 25,20,19 164,173,125 58,60,34 144,151,103 143,149,110 30,25,22 56,47,43 65,55,54 62,50,52 64,52,54 41,30,25 40,25,16 37,26,21 44,29,18 54,39,28 49,37,27 42,33,25 81,66,44 90,76,51 94,77,53 95,76,51 96,77,50 97,78,53 95,78,54 84,72,46 86,69,45 81,70,51 31,26,14 42,34,21 108,80,53 112,81,58 182,123,77 207,155,93 58,48,36 78,65,44 56,48,35 66,59,39 63,56,36 50,40,28 72,63,48 92,79,58 95,85,75 76,71,59 52,43,35 56,47,39 35,28,28 31,24,24 30,26,20 29,22,20 42,27,18 51,31,13 33,31,29 36,29,29 55,35,3 45,34,29 59,46,43 60,47,42 95,69,46 93,69,43 81,62,39 78,62,45
69,53,36 21,14,14 83,72,65 17,15,13 161,168,122 172,178,128 39,40,32 164,169,133 36,30,35 67,57,47 69,53,49 60,48,48 66,55,52 52,43,37 35,22,15 36,25,18 52,37,26 54,39,28 49,37,27 42,33,25 89,77,51 90,76,51 103,84,59 97,78,53 100,83,57 94,75,50 80,65,43 82,69,46 84,70,45 78,67,48 40,35,23 34,30,24 90,74,57 87,63,41 155,108,76 217,165,117 58,56,38 53,45,32 58,49,34 47,38,19 43,34,19 75,65,43 77,64,41 76,66,44 77,69,58 56,50,45 80,67,46 34,27,25 33,26,29 29,24,26 28,21,21 27,23,17 54,33,20 32,21,14 33,26,26 59,35,9 48,36,24 42,33,27 53,42,39 72,54,35 103,74,50 92,68,44 82,61,36 83,62,37
46,34,22 19,13,8 67,58,52 37,36,11 157,164,116 167,175,122 38,40,23 160,166,125 40,38,36 61,53,40 68,52,46 66,55,52 74,62,50 68,55,50 43,31,21 29,18,15 43,28,17 49,34,23 52,40,28 40,30,20 90,75,53 86,72,47 101,82,57 101,82,57 95,76,51 101,82,57 87,73,48 86,73,52 85,73,47 68,57,40 33,27,22 46,37,29 78,67,48 129,100,78 255,209,153 160,117,68 81,72,53 85,76,49 102,90,64 133,116,79 96,77,40 144,127,88 162,146,102 140,121,82 145,121,88 159,134,90 158,127,78 39,28,35 29,22,25 26,21,23 27,20,20 26,21,20 55,39,22 30,20,19 33,22,19 48,31,5 22,12,16 38,29,23 45,34,31 65,48,40 102,72,46 104,75,51 100,71,49 86,65,40
76,59,35 15,10,9 23,13,12 153,155,111 162,169,114 172,178,128 67,69,43 125,129,91 45,44,37 61,52,46 70,58,46 74,60,60 80,68,56 75,62,57 43,31,21 37,26,23 42,27,16 45,30,19 49,37,25 46,35,28 85,71,44 85,72,49 85,71,46 95,76,53 94,75,50 85,71,46 86,74,48 73,64,45 81,66,44 68,56,44 43,31,21 35,29,24 70,59,42 94,65,43 165,114,77 173,129,76 124,97,63 137,127,78 103,88,48 99,81,37 156,139,88 133,117,75 160,143,104 162,145,94 90,71,36 109,91,61 96,78,48 36,26,30 25,18,28 16,14,15 18,16,17 16,16,16 62,47,27 21,16,18 39,28,11 35,26,20 21,11,12 32,23,19 57,47,48 101,77,55 106,77,46 101,73,46 103,73,45 89,63,42
77,64,43 28,23,25 26,24,25 30,25,27 35,28,28 32,30,28 31,29,27 28,23,22 25,20,19 43,33,34 75,64,49 83,72,57 73,61,49 70,57,52 39,28,21 41,30,25 47,32,21 52,37,26 52,40,28 50,38,28 85,72,51 85,71,44 91,77,52 84,70,45 91,72,49 92,75,51 86,73,52 81,70,51 79,66,43 67,56,39 39,31,20 52,42,30 48,38,28 113,84,60 255,204,128 181,135,80 117,84,47 183,153,97 127,107,59 93,75,43 76,58,26 139,122,87 140,122,90 126,110,56 141,122,83 101,86,48 64,47,19 23,13,33 17,14,18 32,26,33 35,29,24 43,32,25 74,50,28 40,31,23 42,33,27 19,12,10 43,34,28 33,27,20 61,49,49 107,79,52 98,70,41 96,67,43 97,66,43 93,64,42
79,64,44 29,24,23 30,23,26 36,29,32 39,37,35 41,36,35 41,34,34 41,34,34 33,28,27 33,31,29 70,59,44 85,74,59 80,68,56 71,62,58 40,30,20 42,33,29 42,30,18 43,31,19 49,37,27 51,41,29 82,71,54 87,74,53 96,83,60 94,77,53 88,74,49 86,72,47 86,72,47 74,63,44 82,71,52 66,57,42 49,40,36 73,59,41 63,52,33 113,88,58 255,206,132 203,156,93 123,94,59 152,108,68 169,149,74 127,103,66 122,104,62 116,99,62 130,115,66 171,154,105 110,90,60 121,100,48 142,101,54 11,9,21 10,9,14 33,28,25 34,28,23 40,34,27 93,56,30 44,35,27 44,36,25 44,35,27 82,73,56 94,79,57 62,44,25 98,65,40 104,75,42 123,95,57 127,95,61 131,103,63
74,57,47 34,27,25 28,23,25 34,29,31 40,35,34 39,34,33 40,35,37 35,28,28 29,24,23 37,30,30 67,56,41 73,62,47 72,63,48 45,38,36 47,34,27 31,22,18 48,36,24 50,35,24 39,26,21 57,45,33 61,49,37 85,74,55 86,73,50 95,81,56 95,81,56 89,77,51 75,64,45 76,65,46 70,59,42 66,54,42 39,28,23 122,98,63 71,56,34 106,83,54 255,197,122 174,138,89 142,110,68 156,115,70 191,165,83 156,137,69 127,110,59 122,103,66 107,91,60 106,90,48 139,117,70 86,67,44 35,28,31 10,10,10 10,10,10 10,10,10 15,10,9 35,30,29 136,91,56 39,28,23 40,29,22 49,41,30 35,26,18 57,49,36 66,54,42 71,57,41 54,46,33 67,58,43 119,96,67 137,108,73
42,28,14 57,46,41 47,38,32 51,42,34 58,50,39 68,56,46 66,54,44 81,69,57 78,66,54 75,64,49 76,65,50 83,72,57 74,63,48 42,35,38 40,31,23 29,20,16 55,43,33 52,40,30 34,23,18 46,34,24 70,58,46 77,66,51 66,55,38 85,70,50 86,70,53 86,73,50 75,64,47 73,61,49 69,58,39 58,53,39 24,23,16 101,82,57 73,58,38 104,80,54 245,189,122 182,146,97 118,99,62 163,121,79 183,162,92 173,155,84 117,100,51 119,104,57 143,127,71 82,64,43 140,123,72 56,48,37 17,15,16 10,10,10 10,10,10 10,10,10 48,37,30 41,30,25 130,85,52 11,10,15 11,11,11 19,14,13 45,39,30 39,30,22 45,34,27 39,31,20 46,37,29 43,34,26 43,35,24 57,49,36
68,54,40 62,51,46 40,31,25 51,42,34 61,52,44 69,57,47 75,63,53 70,58,46 78,66,54 71,60,45 82,71,56 78,67,52 69,57,45 37,30,33 37,28,20 28,19,13 52,37,28 43,31,21 31,20,15 47,35,25 72,63,48 67,56,41 68,57,38 76,65,48 77,61,46 79,65,49 69,58,41 132,115,80 161,143,99 76,65,48 35,26,20 78,63,43 85,68,44 99,75,51 222,173,104 214,171,113 65,49,34 152,115,73 190,168,92 170,147,78 143,128,67 122,107,58 126,109,62 135,123,86 105,89,76 42,33,6 10,10,10 10,10,10 10,10,10 10,10,10 45,34,27 41,30,23 136,92,54 19,9,8 26,13,10 15,10,12 12,10,11 10,10,10 12,10,11 14,9,6 47,38,30 57,47,35 52,44,33 40,31,25
68,55,34 59,49,39 51,42,36 56,47,41 61,52,46 66,58,47 70,58,46 78,66,54 84,72,60 74,62,50 71,60,45 73,63,51 44,34,35 28,21,21 39,30,22 29,18,15 42,28,14 67,45,37 66,44,36 26,17,13 47,38,34 64,53,46 60,50,40 67,55,45 66,57,42 79,70,53 64,57,39 49,44,32 46,35,32 111,92,67 28,22,17 64,50,34 72,58,42 105,80,52 206,158,102 221,172,107 55,44,41 155,118,78 113,85,47 176,154,80 108,90,46 104,86,54 154,135,108 50,40,18 45,39,30 42,36,27 52,47,35 43,38,24 59,51,40 45,36,28 41,35,28 38,30,19 78,53,36 72,46,21 61,42,17 40,30,18 14,12,13 11,9,10 10,10,10 11,9,10 11,11,11 10,10,10 11,11,8 12,10,8
66,52,36 53,41,41 53,44,40 54,45,39 57,48,40 67,59,48 77,65,53 76,64,52 75,63,51 77,65,53 79,65,51 73,63,51 48,36,36 35,26,22 37,28,24 38,25,18 40,28,18 40,25,16 43,28,17 53,41,29 36,27,21 35,22,19 64,54,44 150,135,86 89,77,51 130,115,75 31,26,14 77,67,45 65,55,43 24,14,18 30,26,18 57,46,31 30,21,13 96,75,48 135,103,69 203,160,104 68,49,33 161,116,83 134,108,69 95,77,47 149,133,79 148,133,84 175,156,72 142,126,68 116,98,66 171,152,99 190,168,94 180,153,76 74,65,48 38,32,27 51,41,31 40,30,20 45,32,25 62,45,21 49,33,18 29,19,18 13,11,12 50,46,40 57,51,44 23,17,10 25,21,15 40,36,30 51,45,38 50,46,40
62,46,31 36,27,23 38,29,23 42,33,27 46,37,33 54,45,41 61,55,48 63,54,48 67,58,50 66,58,45 72,62,50 57,47,51 47,37,41 29,20,16 30,20,19 36,25,18 66,45,34 60,40,31 39,22,12 50,36,22 23,18,20 92,83,54 97,77,29 76,59,24 89,72,37 152,116,67 99,75,40 43,33,32 61,52,46 28,21,19 37,33,27 83,64,39 78,63,54 69,58,41 103,77,52 125,97,70 79,59,41 224,177,125 137,107,65 175,152,92 142,120,82 141,125,71 145,130,81 109,91,61 194,175,109 181,155,75 206,181,106 216,187,115 188,174,108 14,7,7 48,36,26 46,34,22 47,31,25 41,27,13 29,16,13 19,17,18 15,10,12 41,36,33 59,54,42 58,49,41 39,34,31 35,31,25 34,30,24 27,25,23
70,56,42 43,32,27 27,20,20 31,25,18 34,23,20 44,33,30 53,44,38 50,41,35 43,34,28 38,27,24 55,42,35 49,42,42 41,36,38 34,23,20 30,19,14 69,45,37 64,41,30 62,39,28 54,32,24 58,39,27 33,21,21 116,102,75 102,86,42 139,122,75 101,74,13 147,111,62 18,7,14 10,8,9 38,27,22 53,41,29 40,31,16 89,72,48 38,24,24 25,15,16 77,61,44 77,58,35 127,95,63 215,172,114 157,134,76 158,138,90 88,74,49 74,57,33 133,115,83 176,161,84 187,166,94 184,159,100 192,165,90 216,186,103 96,79,55 37,28,22 33,24,16 45,33,21 45,29,23 68,49,26 53,37,24 20,13,13 45,39,30 48,42,37 61,56,44 61,56,44 50,44,39 47,41,36 40,35,32 31,29,25
45,32,25 30,21,17 30,21,17 26,17,13 26,20,15 28,19,15 33,24,20 33,22,17 47,34,27 66,52,36 62,51,36 44,37,37 38,31,31 22,13,9 26,17,11 74,53,42 74,51,40 70,47,36 69,48,37 59,38,25 58,38,29 45,29,23 20,8,8 62,47,36 39,29,19 13,11,7 110,100,78 213,194,139 220,196,102 162,140,73 85,69,36 89,72,48 100,86,70 57,46,39 97,80,52 107,80,62 187,144,95 91,69,49 117,103,49 65,56,41 73,66,50 77,65,53 87,70,35 85,68,44 115,98,74 151,127,74 87,68,41 149,124,67 19,17,13 24,22,18 29,23,16 40,27,20 49,33,29 59,48,33 64,50,36 66,54,42 56,44,32 52,40,30 13,10,14 16,14,15 20,18,16 24,22,20 23,21,19 19,14,16
69,54,43 48,32,26 48,35,30 41,30,23 39,30,26 38,29,25 36,27,23 74,59,39 74,59,37 67,53,28 56,44,32 42,35,35 38,31,31 23,14,10 24,14,18 85,58,42 82,54,41 71,43,30 77,50,34 86,59,43 114,62,32 112,61,33 24,14,13 134,101,62 43,35,11 134,115,62 206,184,106 199,178,97 201,176,119 217,188,114 91,74,37 94,68,45 187,154,86 164,139,64 93,69,43 95,78,39 91,68,53 122,105,56 55,41,23 70,57,34 77,67,45 62,52,40 44,33,26 46,35,28 59,46,39 39,27,29 71,59,47 56,40,36 19,19,16 10,10,7 13,11,9 39,26,19 45,34,31 56,48,35 59,49,37 69,57,45 55,43,31 69,57,45 59,49,37 60,52,41 38,29,25 25,16,12 23,19,13 24,18,13
44,29,20 51,36,27 43,31,21 51,36,25 45,33,21 46,35,30 31,22,18 71,50,27 66,52,34 57,46,29 45,38,38 43,36,34 25,15,16 29,24,21 31,24,27 90,59,47 95,65,50 96,66,51 95,63,47 74,43,24 193,123,74 131,80,52 43,32,29 76,65,50 65,51,37 70,54,37 188,167,113 198,174,94 149,123,53 196,175,103 165,140,83 197,172,97 112,88,37 124,97,61 182,161,80 198,173,96 126,108,64 78,63,41 71,56,34 81,63,42 92,77,55 53,46,30 36,27,21 61,42,17 82,62,32 74,56,26 32,23,17 36,30,21 30,20,24 8,10,10 30,24,17 47,32,21 41,30,27 29,20,14 45,39,32 51,42,34 54,46,33 54,46,33 57,49,36 62,51,36 64,53,38 58,49,34 56,41,30 50,38,26
65,51,37 48,33,22 45,33,21 55,40,29 59,44,33 54,42,32 53,41,31 62,47,36 62,50,40 59,50,42 47,42,41 36,29,29 33,23,24 78,52,40 175,105,72 187,118,78 88,52,30 164,98,68 145,96,58 90,58,42 74,47,31 55,36,22 45,39,30 59,49,39 53,37,22 45,30,19 52,37,28 155,136,79 66,52,38 57,52,51 182,156,88 132,113,78 57,42,22 175,153,77 122,100,62 208,180,99 209,185,82 182,162,83 135,112,41 100,77,37 95,79,35 64,50,25 102,86,53 50,36,18 106,72,38 119,87,53 35,22,15 57,38,22 28,21,24 11,9,10 41,31,19 46,34,22 40,31,27 28,22,17 26,22,16 26,21,20 14,12,10 47,41,34 49,40,34 51,40,33 60,49,34 61,49,37 49,37,25 53,43,31
65,51,35 57,42,33 57,43,29 56,44,34 57,45,35 53,42,35 38,29,25 58,49,41 44,34,24 31,24,22 37,35,36 38,36,37 41,23,20 31,22,18 79,49,34 80,51,31 135,86,48 120,69,41 99,54,33 63,37,23 64,41,28 34,21,16 61,50,43 114,82,52 58,43,23 62,46,31 47,34,29 71,53,32 84,69,49 50,39,32 49,43,36 63,53,31 59,44,22 125,106,67 114,105,60 180,158,84 185,165,86 167,147,88 123,107,63 180,163,98 91,83,49 140,125,64 125,106,79 47,36,19 91,68,37 88,65,25 75,50,22 51,35,20 26,21,23 37,32,34 48,38,28 48,31,21 39,26,23 29,23,16 28,24,18 23,21,19 16,14,15 14,12,13 18,13,15 19,17,15 22,15,15 47,35,23 62,51,36 59,49,37
62,48,34 60,47,44 52,41,36 57,48,44 54,43,38 53,40,33 68,55,48 45,37,26 30,23,21 38,31,29 11,8,14 11,9,7 25,16,12 69,45,37 80,53,35 96,58,37 131,76,45 187,119,76 128,82,54 45,25,16 59,43,30 68,59,44 53,41,29 155,117,67 48,32,19 92,57,32 75,57,36 73,55,36 40,33,17 31,22,14 49,41,30 72,58,44 44,33,28 61,49,49 47,38,30 51,43,30 156,129,68 114,94,44 79,74,62 60,52,41 62,53,38 59,48,41 73,63,41 78,54,30 121,83,48 155,118,78 67,47,15 64,49,29 21,16,15 42,37,36 44,35,27 45,28,18 42,29,22 30,26,20 27,26,19 23,18,17 17,15,16 12,10,11 14,12,13 19,17,18 19,14,16 26,21,20 20,20,15 22,12,11
63,49,35 49,42,45 59,49,50 58,52,47 62,51,48 86,73,52 109,89,69 99,85,60 86,73,50 81,61,43 47,38,30 39,29,30 37,28,24 82,54,41 90,58,44 94,56,37 184,105,57 217,132,77 49,24,7 47,28,16 60,37,24 69,58,39 57,42,31 93,77,62 105,88,62 82,62,42 134,119,68 159,143,101 175,158,89 182,160,93 202,180,115 183,162,90 196,173,115 110,83,51 126,102,51 80,58,24 76,62,35 69,53,36 50,40,28 50,38,26 63,48,39 121,91,65 119,77,37 49,35,21 86,62,36 122,95,59 55,44,27 57,38,22 29,22,22 32,31,24 46,36,26 42,27,18 49,34,23 37,28,20 26,19,17 22,15,15 19,14,13 20,13,16 13,11,12 17,15,16 20,18,16 23,21,19 25,20,19 22,15,15
63,49,35 51,40,37 68,55,52 106,85,60 90,75,66 73,62,47 67,56,41 68,56,44 70,58,46 69,57,45 64,52,40 66,54,42 61,50,45 56,34,28 75,47,34 74,46,33 99,58,40 149,88,52 86,57,37 59,43,28 80,69,52 87,72,52 48,37,22 49,36,33 59,51,38 75,62,41 101,87,60 118,103,67 152,134,92 166,149,102 172,155,90 198,181,116 166,147,90 173,153,107 177,161,103 175,155,107 143,121,76 155,136,83 99,74,44 58,39,27 98,78,58 85,70,48 40,34,29 66,52,27 128,94,49 186,153,103 45,36,32 35,28,26 44,38,33 38,32,27 40,31,25 39,28,21 51,36,25 63,52,37 56,44,32 44,35,29 31,22,18 27,21,14 25,20,17 23,16,16 17,15,13 16,14,15 21,19,20 26,21,20
63,47,34 52,37,28 66,49,39 73,54,42 70,59,44 108,89,66 93,75,54 103,87,70 79,65,49 67,55,43 69,59,49 59,46,41 31,22,33 22,15,13 56,40,23 87,51,31 161,92,56 137,74,41 72,51,24 72,57,46 70,56,38 61,52,37 41,32,17 46,35,30 46,38,27 54,47,31 80,69,50 121,108,76 138,121,84 151,135,93 139,123,79 159,142,91 187,167,108 180,160,101 151,131,81 128,107,64 131,109,64 120,100,52 129,107,60 88,71,34 138,118,59 111,86,56 51,47,39 66,49,25 125,88,46 163,120,73 50,39,32 44,37,35 47,41,36 34,28,23 40,31,27 38,26,16 48,33,22 43,33,21 67,58,43 70,55,44 52,42,32 50,45,33 31,24,22 28,18,19 25,20,19 20,18,16 16,14,15 13,13,10
41,28,21 39,28,23 66,54,42 95,77,56 124,102,66 113,81,47 149,117,71 161,131,85 108,88,58 105,79,54 148,116,74 132,105,69 89,71,52 78,58,49 91,59,45 190,112,66 168,103,62 131,96,60 131,99,44 100,78,42 161,139,72 109,91,59 77,67,45 67,60,40 61,54,38 51,47,30 55,46,31 61,51,29 92,78,51 106,92,67 91,78,55 103,87,54 130,113,78 102,85,50 129,113,69 148,130,88 107,92,54 122,107,60 144,130,76 86,77,60 100,80,32 77,49,22 173,152,82 73,46,28 126,91,53 164,123,74 47,37,25 47,41,36 44,38,33 48,42,37 46,44,42 43,30,23 43,28,17 42,30,20 38,32,23 39,31,18 60,49,34 57,46,31 66,54,42 62,51,36 49,41,30 26,21,18 21,16,15 33,19,21
42,36,29 37,28,22 67,55,43 75,61,47 76,62,48 77,61,44 73,59,43 71,55,38 78,62,45 117,93,69 178,139,80 166,125,64 182,143,82 178,137,76 198,152,84 199,151,77 129,105,70 124,102,57 197,165,79 222,192,109 164,129,48 146,116,49 202,173,110 181,153,85 174,144,75 170,133,62 114,93,41 111,85,46 73,59,34 56,49,33 54,46,33 83,69,51 83,70,47 78,65,42 80,69,36 92,83,56 85,74,57 94,77,51 107,93,64 79,66,45 121,104,55 52,41,34 109,95,68 72,45,29 118,80,43 146,107,66 57,47,35 42,36,31 50,44,39 38,32,27 43,31,21 54,39,28 51,37,23 47,36,21 41,34,32 35,29,22 43,34,26 47,38,30 61,49,39 57,46,29 55,45,33 53,43,33 54,44,34 21,11,12
55,43,31 56,44,32 78,67,50 78,64,46 76,62,44 76,62,46 76,62,48 76,65,50 75,61,47 75,61,47 79,57,39 119,88,51 150,110,58 192,145,82 181,140,72 144,108,61 153,118,62 193,160,92 189,150,79 220,181,110 159,119,55 164,125,54 157,115,50 153,114,43 223,189,117 226,195,115 140,113,29 212,179,100 161,129,58 198,166,93 199,164,81 163,137,57 172,146,78 166,132,62 154,127,64 102,84,40 53,44,25 53,44,25 92,83,54 64,53,36 95,70,42 60,45,23 52,40,40 79,61,42 116,81,43 149,106,57 119,98,28 58,51,33 40,33,36 43,36,36 61,39,21 36,29,29 44,37,35 52,37,26 54,41,34 56,50,45 54,48,41 38,32,25 35,29,24 51,43,32 61,50,35 58,50,37 57,49,36 54,46,33