48,27,16 76,38,21 69,36,27 59,34,17 52,33,21 34,15,0 47,33,19 17,10,8 40,24,18 49,32,24 29,15,15 18,8,9 47,32,21 41,24,16 28,22,17 28,19,15 16,9,9 19,9,8 26,20,15 21,14,12 40,29,24 31,20,17 25,13,13 25,15,14 25,15,14 22,15,13 37,20,10 25,13,18 32,21,16 24,15,11 25,14,11 38,26,16 32,21,14 28,19,15 38,26,26 26,17,13 34,21,14 38,23,14 29,18,13 38,25,18 48,28,8 42,21,0 58,34,8 48,19,0 53,24,2 66,30,1 99,43,0 111,43,0 29,19,23 28,19,13 35,19,6 38,21,11 29,22,22 33,26,26 27,20,18 27,20,18 29,24,26 29,22,25 29,24,26 29,22,22 30,23,23 29,22,22 29,22,22 31,24,27
53,27,15 77,34,15 62,31,23 57,32,15 41,21,14 40,19,6 58,37,26 30,21,15 32,19,12 40,25,16 27,14,11 22,12,13 41,26,15 44,29,18 22,15,13 29,20,16 19,9,10 29,19,18 25,14,11 23,16,14 41,30,23 25,14,11 25,14,11 24,14,13 31,22,18 24,17,15 44,25,9 24,12,12 34,23,16 33,24,16 34,21,18 36,24,14 39,28,21 33,24,20 37,25,25 24,15,11 27,14,11 34,21,16 34,21,16 38,23,12 44,24,4 58,34,12 47,26,3 72,30,6 72,24,0 103,43,0 130,61,0 178,81,0 36,20,14 32,19,14 37,21,8 41,21,12 36,27,23 28,21,21 29,22,20 29,22,20 15,10,12 24,17,20 29,24,26 29,22,22 30,23,23 30,23,23 24,17,17 29,22,25
59,32,16 93,48,27 86,49,34 64,37,19 47,25,19 40,21,9 42,27,16 36,27,21 35,22,15 40,25,16 37,21,15 26,14,14 31,18,11 43,29,15 11,5,10 29,20,16 32,23,19 34,23,18 29,20,14 29,20,16 40,28,16 36,20,16 51,34,24 43,30,23 51,37,23 40,27,20 51,30,7 42,29,22 46,34,22 40,28,18 39,27,17 41,29,17 32,21,16 37,26,21 50,34,21 25,11,11 32,19,16 32,21,18 42,27,18 53,31,13 48,24,2 55,33,13 52,23,3 98,44,6 142,64,0 173,77,0 116,34,0 116,50,0 42,16,0 79,32,0 54,24,7 53,22,10 47,19,10 48,27,16 38,25,20 29,19,20 15,10,12 20,13,16 25,20,19 28,21,21 28,21,21 29,22,25 27,20,23 27,20,20
60,27,16 97,46,20 55,29,19 70,43,25 40,28,18 44,23,12 38,24,10 45,33,23 40,28,18 40,25,16 35,18,10 32,19,16 35,19,15 41,26,17 20,8,10 29,17,17 32,23,15 33,22,15 42,30,20 34,22,12 32,19,12 32,20,10 61,44,20 55,40,18 50,39,20 58,39,16 53,33,15 46,29,19 51,37,23 42,30,18 47,33,19 49,35,21 35,22,17 43,27,21 48,30,11 24,10,10 35,26,20 34,23,18 48,27,12 56,32,10 54,32,12 63,34,14 105,52,7 121,45,0 176,79,0 162,67,0 107,46,0 101,42,0 92,39,0 109,42,0 109,39,0 70,30,5 45,18,2 44,23,12 43,24,12 36,18,13 19,12,15 28,21,21 31,24,22 30,23,23 28,21,21 27,20,20 27,20,23 26,19,22
59,23,13 107,51,25 93,57,39 80,46,26 45,34,19 51,24,8 47,26,15 58,44,30 38,25,20 34,21,14 40,25,14 33,21,11 37,21,15 38,23,12 27,14,11 29,19,20 26,17,13 45,30,21 42,27,18 39,27,17 32,21,14 62,47,27 59,41,20 59,42,16 58,46,20 60,40,20 53,35,14 50,36,22 54,40,24 45,31,17 47,36,21 51,37,23 34,21,14 53,34,22 63,36,18 28,15,10 42,30,18 35,18,8 55,31,9 40,19,4 51,29,11 104,54,12 129,61,0 146,61,0 133,58,0 100,36,0 106,42,0 111,44,0 114,42,0 122,49,0 125,52,0 153,75,0 110,46,0 64,23,3 45,25,16 33,22,19 19,12,12 29,19,23 26,16,17 28,21,21 30,23,23 29,22,22 28,21,24 26,19,22
76,32,20 98,40,16 62,27,14 90,56,38 51,35,22 56,31,14 44,24,15 46,29,19 41,29,19 34,18,12 40,26,12 37,22,11 39,22,12 35,20,9 28,15,8 23,16,14 28,19,13 42,30,18 41,29,19 25,14,11 31,21,20 49,35,19 66,49,25 65,46,19 62,44,23 50,34,19 51,37,21 55,39,22 51,35,22 51,37,21 59,41,20 48,32,26 45,29,16 63,34,12 66,35,14 32,19,14 53,31,13 59,33,12 56,29,11 46,30,15 88,39,3 105,46,0 128,52,0 130,56,0 94,38,0 106,42,0 99,38,0 105,38,0 105,44,0 87,33,0 74,27,0 77,30,0 80,25,0 172,85,0 104,53,14 50,28,10 20,13,13 32,22,26 32,22,23 31,24,24 27,20,20 27,20,20 34,27,27 23,16,19
58,22,4 112,50,21 95,54,38 88,57,38 54,31,20 63,31,15 46,29,19 54,35,23 36,23,16 30,15,6 32,20,10 34,19,8 46,27,15 39,27,17 34,21,14 17,10,8 29,20,16 42,30,20 36,27,23 29,22,20 11,9,10 35,23,11 46,35,20 51,36,16 43,29,15 33,20,13 48,34,18 48,32,15 52,37,17 57,40,16 56,42,17 36,23,20 69,40,20 78,34,8 46,27,15 56,30,16 74,32,8 63,27,7 38,21,11 83,44,14 112,55,11 131,58,1 118,44,0 91,35,0 95,39,3 133,56,0 126,50,0 93,37,0 64,26,5 70,25,2 70,26,0 97,40,0 101,37,0 89,36,0 94,41,0 99,32,0 29,16,13 55,29,19 31,21,22 27,22,21 28,21,21 29,22,22 29,22,22 26,19,19
87,39,21 108,48,23 68,37,25 102,64,43 60,38,20 61,34,16 53,27,17 52,33,19 33,21,11 44,29,18 41,26,15 39,23,10 39,20,6 38,23,12 34,21,14 19,12,15 26,16,15 18,13,10 47,41,32 35,29,22 42,35,35 33,22,15 31,21,9 53,37,24 57,34,19 24,12,12 48,34,20 46,30,13 53,38,16 61,42,17 35,20,11 23,12,7 93,43,10 71,36,11 38,26,16 58,24,4 86,42,12 43,23,14 62,31,8 94,43,4 109,39,0 118,53,0 52,25,7 94,36,1 111,44,0 121,52,0 134,58,0 79,32,0 65,24,0 81,32,0 100,46,0 111,45,0 105,43,3 94,37,0 94,37,0 94,37,0 25,13,15 76,28,1 86,34,2 44,27,19 28,21,24 27,22,24 29,24,26 28,21,21
65,22,3 130,71,41 76,36,13 107,59,34 70,37,12 71,36,23 47,26,15 58,36,16 40,27,24 38,26,16 37,22,13 41,25,12 48,32,19 29,11,6 34,22,10 17,9,15 23,17,12 22,17,14 64,52,22 64,49,11 68,46,1 109,68,0 37,20,10 27,11,7 44,28,13 23,13,12 46,30,17 51,37,19 61,43,22 63,44,21 66,51,31 52,23,3 94,51,16 32,22,10 66,32,12 56,30,9 31,18,11 35,22,15 90,41,3 79,26,0 58,31,15 40,25,16 75,28,7 107,40,0 125,57,0 104,41,0 94,39,0 88,34,0 117,47,0 104,38,0 99,38,0 109,43,0 98,38,0 92,35,0 96,39,0 78,37,6 19,12,15 30,14,8 66,25,5 70,26,0 60,31,11 31,21,20 27,22,21 29,22,22
105,47,25 110,47,25 69,35,17 106,60,34 75,34,16 56,28,15 50,31,17 53,34,18 41,29,17 24,11,4 42,25,15 41,24,14 42,26,13 29,16,9 38,19,7 19,12,15 16,11,13 22,15,13 111,69,6 70,50,2 87,55,0 129,74,0 179,104,0 145,85,1 28,22,17 31,22,16 20,15,12 58,42,29 53,39,14 59,41,22 45,31,17 64,28,0 44,27,17 62,27,12 31,20,13 57,26,7 56,33,20 104,43,7 59,23,1 43,21,3 84,36,9 109,40,2 133,58,0 114,48,0 142,57,0 117,47,0 89,41,0 138,59,0 124,49,0 146,61,0 124,52,0 125,50,0 111,44,0 97,38,0 102,40,0 35,19,15 21,11,15 15,8,11 69,24,3 71,26,5 61,23,4 59,25,5 41,23,20 25,20,19
97,43,23 134,61,31 72,34,17 92,47,24 90,44,18 54,31,16 51,28,15 63,40,25 51,35,22 35,20,11 46,30,17 30,20,19 42,28,14 30,14,8 35,18,8 21,11,15 24,17,15 39,29,28 83,66,19 87,64,6 101,59,5 115,67,0 118,67,0 83,49,27 57,42,20 57,41,26 60,44,29 68,47,20 67,46,21 45,29,14 53,37,20 93,50,5 43,29,15 104,49,4 23,16,19 196,108,47 84,54,37 98,38,0 65,22,3 65,30,15 94,39,8 119,48,0 161,68,0 128,56,0 141,59,0 89,36,0 115,52,1 138,55,0 139,59,0 135,55,0 139,63,0 147,62,0 126,53,0 112,46,0 98,38,0 41,19,11 21,11,15 19,12,15 69,24,1 67,25,3 55,24,3 54,23,2 59,25,7 27,20,20
99,43,19 92,41,15 75,27,2 90,44,26 92,46,20 45,24,9 48,25,12 60,34,22 53,34,22 35,20,9 45,29,16 32,22,23 46,27,13 27,14,9 35,23,11 25,15,14 39,29,19 26,15,12 92,74,30 99,68,4 153,92,6 175,102,0 119,55,0 217,123,0 74,45,21 65,41,15 73,45,18 83,55,28 71,50,25 51,35,18 69,40,18 63,38,21 56,25,4 98,44,6 41,19,11 45,19,5 100,47,6 115,67,42 66,35,23 76,40,30 113,71,47 119,52,7 186,83,0 171,76,0 114,52,0 88,42,3 129,54,7 122,52,0 130,54,0 119,51,0 134,60,0 129,54,0 112,46,0 104,43,0 89,36,0 76,26,0 82,37,2 82,32,0 72,28,2 62,24,5 52,23,3 54,25,3 71,26,3 51,23,12
104,39,16 137,69,33 89,43,13 88,41,18 79,43,23 83,42,26 42,21,10 69,45,23 58,45,24 52,33,21 40,26,10 38,26,31 39,21,16 31,18,13 38,21,11 29,17,17 38,29,14 73,63,23 92,80,25 118,82,6 128,82,14 113,72,15 185,109,17 213,128,0 83,49,27 81,52,28 84,54,28 82,52,26 65,46,23 55,40,18 79,43,21 33,22,17 93,47,8 77,32,9 118,72,42 76,50,40 63,28,1 119,68,44 64,38,17 125,89,56 122,76,39 79,31,17 186,84,0 174,75,0 113,52,5 112,52,0 161,91,42 137,60,0 120,52,0 107,44,0 109,46,0 116,50,0 106,46,0 97,40,0 80,33,0 72,27,4 82,30,0 87,33,0 85,34,0 81,30,2 67,25,3 69,24,3 79,28,2 87,39,10
98,39,11 83,36,15 90,40,9 38,29,21 89,46,27 90,42,17 48,28,10 49,33,16 27,15,5 43,33,34 31,21,22 26,16,15 24,17,20 37,28,24 47,34,27 37,31,24 32,21,14 43,29,13 78,62,6 113,80,14 126,84,3 140,88,1 212,133,0 211,145,0 75,54,31 78,52,27 79,54,24 84,56,27 50,37,16 63,40,25 47,28,16 42,30,18 105,51,0 56,25,13 45,16,12 89,56,45 125,79,49 91,37,0 66,46,28 103,61,48 73,36,10 58,27,17 81,55,30 101,51,9 143,60,0 153,68,0 96,36,0 157,70,0 130,59,0 108,45,0 112,46,0 123,53,0 114,48,0 108,46,0 86,35,0 71,25,0 82,33,0 95,38,0 104,40,0 97,37,0 97,37,0 54,19,4 29,19,20 35,28,31
115,54,22 94,47,24 78,36,12 35,30,27 89,48,28 117,57,32 46,25,10 42,31,16 35,20,11 42,31,16 46,36,26 39,30,26 43,31,33 48,33,24 62,52,40 76,57,43 48,29,13 44,25,13 60,39,14 87,63,0 124,82,0 186,115,2 252,156,0 56,40,27 84,38,0 82,36,0 122,79,62 84,59,29 55,37,18 62,37,20 45,31,17 48,27,12 106,51,0 17,16,7 45,33,21 108,54,0 136,71,0 149,80,42 54,22,6 68,37,16 61,30,18 99,73,52 46,35,30 119,61,6 86,41,0 140,78,49 173,77,0 163,77,0 132,57,0 121,54,0 117,52,0 138,59,0 126,56,0 127,57,0 100,41,0 93,38,0 86,35,0 95,38,0 99,40,0 93,41,0 102,42,0 39,16,13 27,15,20 30,20,24
102,55,34 96,62,44 59,40,26 35,32,36 92,54,35 45,24,20 58,30,19 40,21,7 50,31,17 34,18,5 45,26,14 45,34,29 41,30,25 29,16,9 86,71,60 143,94,43 101,75,50 54,33,20 58,31,13 64,33,10 127,70,10 150,95,12 78,45,0 55,35,15 31,21,22 86,61,33 196,133,64 73,44,24 54,33,18 111,69,4 123,75,1 74,35,3 75,38,12 38,27,20 40,29,14 128,60,0 112,46,0 66,32,10 41,24,14 53,27,13 87,54,27 46,22,14 75,32,15 42,24,33 99,39,0 178,74,0 185,84,0 155,63,0 134,59,0 121,50,0 118,56,0 128,56,0 136,58,0 154,58,0 143,57,0 113,47,0 99,38,0 105,45,0 98,36,0 96,47,11 13,8,10 20,13,13 27,22,24 22,16,21
27,15,17 38,22,9 45,32,27 32,32,27 56,27,21 34,32,30 51,25,11 49,33,16 58,44,28 44,25,9 36,22,8 47,36,31 26,20,13 92,82,72 90,75,55 124,89,51 103,77,52 42,28,14 64,32,16 60,31,11 50,24,3 81,41,18 225,134,30 98,65,38 41,25,12 30,23,23 157,93,6 58,42,27 96,69,24 80,43,17 161,96,0 162,108,20 29,16,11 48,29,17 65,41,17 136,62,0 71,33,14 40,29,14 32,20,8 64,33,10 139,82,24 36,11,0 172,82,15 199,106,0 180,85,0 212,99,0 191,94,0 130,64,12 69,29,6 54,18,0 50,12,0 28,17,26 50,15,0 57,18,0 65,25,0 123,42,0 156,68,0 178,81,0 200,105,11 32,20,22 29,15,17 25,15,19 30,20,24 28,18,22
29,19,20 27,13,13 40,30,31 35,30,27 32,30,28 34,29,28 39,15,7 54,34,25 51,36,16 46,30,13 38,21,11 59,46,41 42,29,22 83,73,61 94,77,49 116,82,52 95,72,43 34,23,6 57,30,12 67,36,17 72,36,14 75,38,12 142,73,0 93,57,39 91,40,12 68,28,0 113,80,32 63,51,39 55,30,11 55,25,10 142,96,28 108,78,36 48,42,35 86,61,42 69,48,23 78,44,22 27,16,13 45,36,21 90,69,44 78,51,33 50,39,32 59,27,0 163,94,40 99,41,0 78,32,2 164,76,0 156,68,0 161,73,0 123,58,0 105,47,0 96,43,0 42,17,0 101,44,0 87,37,0 110,47,0 109,46,0 109,49,0 109,46,0 79,30,10 29,23,30 31,19,21 27,20,23 29,22,22 27,20,20
28,18,17 11,9,7 30,26,20 36,31,33 29,29,26 29,29,26 49,28,15 55,33,15 52,33,17 36,19,11 51,30,15 53,41,31 29,16,11 85,73,63 105,76,54 137,84,29 69,50,34 35,24,9 121,78,4 73,43,0 162,104,0 72,43,19 82,54,25 231,133,18 105,47,0 103,50,5 76,53,24 41,34,34 40,17,16 134,67,0 96,60,31 91,57,25 35,30,32 68,41,25 103,68,41 63,39,13 30,18,20 38,23,14 57,43,25 92,61,40 36,28,34 151,80,27 175,84,15 128,50,0 119,53,0 128,56,0 126,54,0 161,77,0 125,57,0 98,44,0 79,44,19 93,49,9 87,41,2 97,41,0 87,34,0 98,42,0 95,40,0 97,42,0 51,16,1 18,13,15 24,17,17 29,22,25 30,23,26 25,20,22
30,24,19 26,21,18 22,17,14 26,16,20 20,19,12 30,23,23 55,34,19 57,35,17 43,24,10 43,27,14 51,32,16 46,34,22 46,33,26 85,70,59 81,64,38 93,69,43 48,39,20 116,82,10 111,71,0 158,90,0 148,80,0 38,20,15 214,121,14 233,132,7 254,148,0 101,43,0 80,44,13 66,37,15 85,41,1 51,28,13 125,80,47 29,23,18 28,22,27 110,71,30 55,34,11 44,28,15 27,12,3 33,22,17 32,21,16 110,72,53 46,35,42 154,87,39 146,67,23 152,59,0 111,41,0 123,55,0 135,57,0 120,52,0 99,41,0 83,37,0 117,55,0 102,57,13 109,60,22 108,48,0 86,35,0 103,44,0 97,40,0 92,35,0 63,30,19 25,20,22 19,12,12 28,21,24 28,20,26 25,20,22
21,14,14 24,12,12 40,24,20 39,27,15 41,29,19 38,23,12 58,43,21 57,39,18 43,27,12 36,20,7 43,27,12 56,41,30 71,61,51 87,76,61 86,72,54 80,69,52 65,61,15 120,74,6 93,54,15 135,81,6 103,55,28 95,50,29 88,51,25 59,28,9 101,60,15 101,58,25 44,25,11 52,26,3 87,43,13 84,40,14 101,67,45 30,24,19 28,31,38 77,46,25 59,39,19 50,23,18 41,22,0 36,24,12 53,36,26 91,59,43 41,33,39 122,69,28 82,24,10 70,19,0 86,40,3 142,67,2 134,55,0 166,77,0 83,39,1 96,46,2 123,62,1 90,46,6 103,50,0 83,35,17 92,39,0 131,56,0 125,52,0 120,52,0 57,28,24 20,17,21 23,16,19 31,24,27 27,20,23 28,22,15
20,13,13 30,21,17 41,29,17 40,28,18 40,29,24 45,31,17 45,29,12 56,41,21 46,27,13 37,18,2 51,32,16 88,69,53 45,35,34 75,63,53 73,59,43 73,62,47 39,25,0 67,43,17 58,41,17 52,27,8 46,26,8 41,25,12 42,28,10 34,23,6 36,21,10 57,33,7 47,33,15 46,26,8 83,54,32 49,35,21 116,78,57 42,36,31 23,21,29 81,52,32 45,24,9 52,30,24 67,38,18 45,24,9 84,56,43 84,58,46 44,34,38 100,55,32 52,26,1 101,36,0 54,25,5 72,38,8 58,32,18 122,62,10 127,64,13 68,37,18 59,35,13 49,28,17 51,28,27 60,35,32 94,41,0 139,56,0 158,71,0 158,70,0 38,27,24 28,25,29 30,20,24 33,19,19 32,23,19 43,22,18
17,10,13 17,10,10 31,21,20 44,33,30 36,26,16 43,27,10 55,39,24 39,20,6 43,24,10 41,22,8 39,23,10 70,56,42 46,36,37 37,27,26 53,31,25 88,72,57 114,82,52 96,66,38 98,65,40 90,63,31 88,57,34 80,50,24 67,36,13 96,64,32 51,31,11 49,28,5 31,15,0 39,19,1 100,60,26 93,59,18 89,57,27 71,38,13 62,33,9 76,28,0 67,30,4 67,31,2 62,33,11 57,30,12 53,27,6 65,44,31 38,27,24 56,41,30 61,29,13 51,24,6 46,25,2 62,33,9 66,33,8 61,35,12 69,45,21 57,33,9 42,18,0 53,28,9 56,33,18 63,38,21 67,38,18 66,35,12 71,34,10 73,37,8 54,31,16 45,25,16 38,19,7 39,21,16 45,28,20 93,42,3
20,13,13 19,12,12 26,20,15 29,18,13 45,28,20 62,46,31 40,26,10 53,36,26 45,31,15 36,20,5 43,27,14 64,50,34 37,30,33 33,23,22 41,23,18 45,30,21 46,27,13 53,33,15 72,46,21 90,62,33 87,58,34 80,56,32 79,62,38 66,51,29 70,54,37 66,52,38 68,54,40 68,45,30 71,45,22 74,44,16 87,48,18 94,48,18 83,42,15 78,42,13 75,40,13 62,33,13 62,32,15 70,43,25 70,46,24 68,39,19 53,26,8 52,23,0 55,26,4 63,32,11 71,38,11 75,42,17 73,37,8 72,38,8 75,39,8 79,43,12 76,44,14 76,43,18 73,40,13 77,45,15 66,35,12 66,36,10 62,40,20 54,34,25 39,20,6 46,22,0 59,42,34 39,29,28 33,27,34 51,23,12
26,17,13 27,16,11 29,18,13 35,23,13 52,36,19 51,38,17 41,27,11 39,26,19 49,38,21 45,31,15 43,29,15 67,51,36 37,30,30 41,29,29 36,25,20 98,84,66 93,79,65 79,65,51 52,31,18 41,27,2 147,106,75 42,26,13 32,20,20 34,21,14 48,25,10 68,47,32 75,61,47 74,62,52 71,56,45 70,53,43 65,50,39 62,47,36 64,50,36 73,57,42 66,50,37 56,44,32 72,56,41 66,47,33 52,31,16 52,31,16 55,32,17 53,33,15 53,31,13 58,38,20 53,35,14 57,41,26 53,35,14 50,31,19 58,36,16 54,34,14 56,34,14 59,35,13 58,32,9 61,32,8 68,37,14 81,45,23 53,44,40 46,36,35 41,34,32 45,35,36 51,40,35 61,48,43 63,31,15 30,20,21
46,38,27 40,30,20 47,37,25 46,34,24 50,38,26 51,42,27 41,31,21 40,30,18 41,26,15 24,14,13 23,16,14 78,62,49 32,27,26 29,22,22 69,56,49 89,76,55 92,78,60 85,72,51 80,65,45 171,104,9 164,102,46 67,33,1 60,24,6 93,34,0 150,99,46 73,54,29 31,21,20 31,19,19 38,27,24 43,32,29 43,34,30 43,34,30 43,33,32 75,62,57 54,41,36 69,56,49 71,56,47 60,47,40 66,53,48 53,40,33 60,49,42 55,45,35 62,50,40 63,50,43 54,43,38 43,34,28 36,25,18 43,27,21 42,27,18 44,29,20 45,28,18 45,30,19 50,38,40 49,39,43 44,34,35 77,53,31 64,41,26 39,26,19 35,27,33 53,27,15 91,37,0 92,48,10 30,20,21 31,24,24
66,52,34 61,47,29 64,49,29 66,52,34 65,51,35 57,45,33 62,48,32 64,46,25 67,48,25 29,18,15 17,10,13 72,56,41 36,29,29 45,30,21 62,50,40 84,69,47 94,80,55 86,72,54 83,68,48 87,54,29 209,130,20 223,126,4 215,128,14 180,104,23 123,78,43 79,52,34 31,20,17 39,28,25 46,33,26 54,41,34 37,25,25 32,22,21 50,40,44 57,40,30 29,16,11 123,56,0 146,72,0 35,14,1 21,14,14 25,14,9 84,68,55 71,56,47 55,43,33 59,40,28 59,47,37 57,46,41 53,42,37 40,30,29 33,23,22 51,40,33 42,33,27 78,40,21 152,64,0 234,130,0 106,48,0 83,32,0 44,25,11 39,26,21 38,28,32 63,32,13 101,44,4 66,30,12 33,26,26 28,21,21
26,17,13 38,29,21 36,23,20 34,23,18 29,16,9 34,21,14 32,19,14 50,36,20 67,48,32 54,33,20 15,5,6 72,53,39 30,25,27 76,59,35 71,53,34 53,40,35 43,33,32 47,32,21 55,30,13 56,25,4 106,42,0 103,53,9 177,113,28 140,98,46 64,43,20 48,32,19 53,34,18 53,37,22 53,34,18 63,43,23 61,42,26 48,33,24 41,28,23 52,32,23 31,19,19 94,44,0 145,68,0 67,25,0 24,17,17 21,11,12 85,66,50 85,66,50 94,43,8 43,37,30 32,21,18 42,32,31 38,28,27 40,33,33 45,35,36 42,33,29 147,42,0 182,56,0 255,179,36 180,69,0 221,65,0 173,58,0 32,21,14 35,25,29 29,17,19 72,36,16 97,46,11 32,22,23 29,22,22 27,20,20
46,30,15 50,31,15 59,43,28 48,34,18 56,40,25 58,42,25 55,36,22 58,40,21 62,46,29 65,28,4 16,6,7 70,54,37 38,26,28 59,40,26 73,58,38 35,25,24 38,31,34 41,36,35 54,36,15 44,25,9 105,46,0 118,58,17 123,67,29 121,72,34 67,47,27 53,37,22 69,47,27 63,42,17 54,35,19 41,25,10 71,47,25 59,39,19 74,52,34 51,32,16 32,19,14 74,33,2 131,64,0 152,76,0 30,9,5 22,15,15 23,18,20 37,22,13 119,61,8 50,41,35 31,22,18 36,27,23 36,27,23 47,40,40 43,33,37 35,25,24 183,67,0 117,45,0 111,62,13 92,40,0 71,27,0 121,22,0 29,17,22 23,16,19 78,37,10 53,24,2 48,25,14 31,24,27 29,22,25 30,20,19
54,42,32 32,23,15 32,23,15 34,22,12 56,42,26 62,48,30 50,39,24 55,39,22 58,40,21 84,35,0 33,21,11 70,55,35 55,39,33 105,59,18 58,42,29 62,48,30 28,23,22 63,48,28 48,28,8 37,22,13 86,40,0 107,48,0 57,21,0 64,37,19 64,48,33 35,25,24 41,30,25 43,31,21 42,30,20 34,21,14 74,45,23 83,52,29 77,47,21 70,41,17 32,21,16 68,34,12 119,61,0 120,55,0 137,66,0 94,50,24 39,22,14 51,30,15 73,36,0 38,28,18 30,21,17 38,28,27 39,29,28 42,32,33 38,26,26 41,29,29 80,44,11 109,30,0 187,53,0 158,41,0 95,21,0 63,21,10 40,30,31 25,15,16 57,25,11 101,47,9 24,17,17 31,21,22 32,22,23 26,16,15
43,29,13 60,45,25 69,51,30 69,52,28 76,55,32 77,56,31 77,53,29 74,52,32 51,36,16 74,33,4 76,38,17 48,38,26 52,40,30 74,43,20 59,35,13 90,52,31 37,31,26 107,56,30 82,42,17 38,23,3 81,35,0 81,41,18 75,33,9 103,63,38 54,41,34 36,29,27 36,26,25 38,28,27 35,25,24 42,27,18 64,49,29 61,43,24 70,46,22 57,32,13 190,77,0 183,81,0 175,76,0 180,81,0 173,70,0 194,88,0 193,89,0 189,89,0 188,81,0 43,30,25 33,23,24 41,34,34 35,28,28 34,27,27 42,32,31 39,30,26 57,33,11 40,22,3 48,23,6 48,26,6 60,28,12 111,31,17 24,10,10 17,10,8 83,40,23 42,24,21 27,20,20 32,22,26 25,20,19 42,26,11
81,57,31 89,60,36 89,58,35 89,58,35 89,60,38 89,58,37 92,59,34 94,57,31 99,57,33 104,56,27 110,65,32 50,39,34 27,20,20 35,24,31 122,60,18 101,56,23 38,26,26 126,76,45 146,74,28 43,26,2 84,35,0 100,62,43 153,66,0 96,65,44 68,51,27 54,36,15 58,37,14 60,38,18 58,34,12 50,31,19 60,40,20 55,37,18 58,39,23 65,49,36 53,42,27 59,31,22 169,92,34 227,112,1 226,104,0 172,78,0 188,107,28 79,44,8 42,26,20 47,36,31 37,30,30 43,36,34 42,34,40 32,23,19 33,23,22 59,48,41 56,34,16 31,21,11 41,25,19 34,26,32 37,27,31 46,34,36 50,40,39 57,45,47 63,35,26 32,20,20 28,18,22 36,23,16 36,20,14 54,14,0
77,56,31 76,54,34 68,46,26 69,49,31 62,40,22 65,38,20 70,41,21 73,44,22 73,42,21 79,43,25 77,44,19 48,38,28 49,40,32 48,36,24 115,60,15 127,64,15 27,19,27 106,65,36 140,69,25 18,7,14 19,9,8 160,80,10 157,67,0 88,57,34 67,48,25 56,40,23 58,36,18 61,39,19 59,35,9 56,31,3 74,45,21 72,43,19 69,44,25 59,40,26 55,41,27 53,41,31 54,40,26 42,25,15 51,36,25 48,35,28 50,34,28 43,33,23 60,50,40 50,39,34 40,33,33 45,38,36 40,37,41 31,22,18 33,24,20 56,44,32 78,56,36 24,15,11 18,12,19 30,25,27 26,23,27 24,21,25 28,23,25 31,24,27 34,27,30 31,24,27 39,29,33 40,33,33 51,39,44 51,39,39
76,55,42 53,40,33 59,40,28 57,38,26 58,35,22 73,46,30 89,56,31 94,54,29 96,49,26 98,50,21 101,45,19 52,36,23 60,43,33 115,57,20 139,65,11 141,74,26 35,26,22 135,81,45 141,69,21 29,19,18 25,13,13 44,21,8 62,23,9 78,48,22 62,42,24 52,36,19 60,38,20 69,40,20 75,36,6 150,84,13 53,27,2 48,31,21 77,51,26 73,44,20 102,59,12 140,80,37 38,32,25 47,34,29 43,32,25 55,42,35 44,28,24 38,29,25 54,42,32 50,41,35 38,31,29 45,35,36 43,36,36 37,28,22 37,26,23 32,23,19 71,57,41 98,45,4 53,32,28 47,37,36 35,30,32 29,22,25 40,33,36 36,26,30 38,28,32 30,24,29 31,23,29 28,20,26 23,18,20 21,19,20
55,34,23 58,35,24 59,33,21 60,34,20 60,32,19 60,32,19 62,31,19 71,39,25 70,41,21 82,44,23 92,50,26 93,49,23 90,45,22 87,42,21 89,40,18 85,40,17 35,31,25 52,36,30 88,40,13 35,21,21 35,22,19 33,22,17 115,61,25 89,59,33 58,38,18 54,35,12 62,37,20 103,51,1 137,82,26 101,66,28 52,33,17 42,30,20 63,34,12 82,37,0 147,78,0 150,81,0 164,89,3 98,49,0 84,40,0 187,93,0 180,85,0 165,90,0 62,50,40 47,37,36 45,39,34 47,37,36 41,34,32 37,27,26 36,26,25 39,28,25 47,36,31 36,31,30 51,35,31 55,38,28 47,33,33 42,32,36 41,34,37 38,31,34 43,36,39 42,35,38 42,35,38 40,30,34 30,25,24 29,19,20
58,37,24 56,33,20 59,31,18 60,33,17 58,32,18 61,34,18 62,31,19 60,32,19 63,32,20 60,33,15 62,33,13 68,32,14 80,32,3 92,41,13 93,41,9 81,35,7 70,30,0 77,34,0 93,44,4 126,79,29 137,82,26 141,84,26 133,81,21 87,61,36 56,36,16 57,42,20 47,28,14 77,39,4 137,73,11 162,85,9 172,95,21 170,90,2 174,94,6 170,90,4 160,86,16 152,81,8 170,91,0 178,97,0 170,94,15 162,87,1 151,78,0 60,44,31 57,48,42 39,29,30 43,36,36 41,34,32 39,30,24 42,37,39 43,38,37 44,34,33 17,10,13 31,24,27 29,24,26 34,27,30 33,27,32 37,27,28 35,25,26 30,25,27 35,25,26 35,28,28 36,26,27 37,27,28 34,27,30 34,27,30