41,26,15 37,22,11 45,32,25 51,28,17 28,12,10 48,26,8 58,35,20 42,15,10 43,24,10 32,10,4 59,33,23 51,30,15 53,25,14 56,33,18 54,33,20 44,21,10 43,26,16 36,20,14 34,21,16 26,19,17 34,21,14 27,16,13 22,15,15 31,19,19 35,22,17 14,9,8 18,16,17 28,18,17 25,16,12 22,15,13 23,16,16 25,16,10 43,28,19 47,32,21 38,22,18 23,12,9 29,16,13 38,27,22 31,22,18 31,22,16 25,15,14 30,21,17 28,19,15 28,19,13 29,20,16 25,15,14 47,32,23 17,7,11 41,24,14 27,14,9 31,21,20 36,23,18 45,26,14 51,29,11 45,21,0 42,20,0 64,30,8 56,22,4 97,47,3 101,41,0 142,64,0 195,88,0 155,68,0 100,36,0
48,34,20 38,23,14 51,36,25 46,27,13 37,17,10 64,37,21 59,34,17 42,19,8 41,22,10 32,12,3 50,27,16 50,24,10 55,24,14 66,38,25 63,37,25 50,22,11 53,32,21 37,20,12 31,18,15 26,21,18 36,23,16 25,16,12 24,14,15 24,12,14 40,27,20 16,9,9 15,10,12 22,12,11 23,14,10 24,15,9 27,16,13 25,13,15 26,17,13 45,32,25 43,28,19 32,19,14 33,22,15 42,29,22 32,21,16 32,23,19 30,21,17 19,9,8 26,15,12 34,23,16 23,17,12 19,12,10 49,32,22 18,8,9 38,22,9 28,15,10 30,20,19 44,27,17 46,27,11 56,31,12 52,28,6 49,27,7 56,32,8 70,29,2 94,38,0 121,54,0 190,90,0 173,82,0 139,58,0 118,54,0
52,33,17 37,21,6 53,37,24 56,30,18 32,15,7 60,33,15 72,43,23 63,25,15 46,20,6 42,16,4 62,31,21 54,23,13 72,35,22 55,25,10 62,32,17 61,29,15 57,31,19 45,25,16 32,19,14 30,20,19 41,25,21 36,23,20 22,12,13 15,10,12 36,24,12 33,20,17 16,11,13 30,19,16 28,19,15 26,15,12 28,19,15 25,16,12 26,17,13 33,20,17 45,32,25 25,15,14 30,19,16 26,17,13 29,19,18 21,15,10 32,21,18 22,12,13 19,7,12 32,21,14 30,21,17 33,22,19 49,34,23 21,4,5 39,23,10 30,19,16 33,20,15 46,27,13 48,26,6 55,31,7 51,33,14 49,29,9 68,28,3 114,57,0 131,68,1 186,89,0 151,62,0 152,68,0 146,58,0 138,60,0
55,35,15 41,20,7 56,40,25 66,36,21 39,18,5 69,38,17 76,44,28 49,18,8 42,19,4 36,13,2 62,31,19 53,28,11 67,30,17 83,45,28 66,33,22 62,31,12 70,46,22 43,26,16 33,17,15 36,22,24 45,33,23 35,22,17 19,12,10 17,7,8 48,31,21 44,29,20 14,9,11 28,19,13 28,19,15 24,14,13 19,12,15 21,11,12 25,15,14 21,11,12 22,13,9 21,14,14 33,24,20 27,20,18 35,29,20 17,10,10 41,30,15 24,13,8 30,19,14 36,26,16 34,23,16 34,22,12 51,35,20 24,8,2 38,23,14 33,22,17 26,15,10 48,26,8 53,29,7 49,26,11 41,23,4 56,30,9 99,48,0 108,45,0 174,80,0 146,61,0 159,66,0 144,57,0 136,60,0 99,39,0
63,37,23 49,23,9 68,46,28 60,31,11 38,17,6 71,36,23 84,48,28 61,26,13 67,35,19 45,14,4 55,22,13 61,26,13 68,26,13 49,23,9 73,40,29 65,29,11 66,34,20 49,34,25 33,22,17 38,25,20 34,21,14 47,32,21 25,12,9 19,7,7 42,27,16 40,26,12 12,7,9 26,17,13 29,20,16 28,18,17 28,18,19 28,18,19 30,21,17 19,12,10 21,12,6 30,19,12 43,32,25 48,36,26 47,33,15 37,21,17 48,32,15 52,31,18 38,23,14 45,33,21 36,24,14 42,27,18 57,35,17 39,20,8 40,25,16 43,28,19 41,20,7 54,28,7 51,26,9 41,22,10 45,26,10 83,34,0 95,38,0 165,82,0 130,57,0 127,51,0 131,52,0 112,46,0 99,43,0 90,34,0
60,35,16 56,29,13 71,49,31 81,44,29 44,17,12 76,38,21 87,49,30 66,28,20 51,24,6 43,16,0 62,31,12 63,32,13 68,31,16 83,49,31 74,42,28 69,34,21 82,48,28 38,25,22 41,25,21 42,25,15 36,23,18 40,25,14 28,15,10 25,14,11 29,16,9 42,27,18 16,9,9 28,18,19 28,19,15 26,17,13 31,22,18 29,18,15 33,22,17 23,14,10 33,22,15 25,15,3 53,32,19 55,41,23 55,39,22 52,36,21 55,33,15 53,33,13 42,30,18 40,28,16 39,27,17 52,33,19 62,37,18 52,27,10 39,29,19 51,32,20 58,28,11 60,29,8 37,18,4 47,28,16 78,43,16 102,47,2 145,71,3 99,34,0 126,52,0 132,56,0 120,52,0 94,38,2 86,35,0 89,34,0
65,40,23 51,26,9 79,52,34 69,38,19 49,23,13 77,34,15 82,46,26 67,28,14 54,23,4 45,17,4 78,42,24 62,32,17 70,28,15 67,35,21 75,44,25 68,30,11 83,37,21 44,27,19 40,24,18 38,23,14 32,19,12 46,29,19 33,18,9 31,18,13 34,21,16 40,25,14 25,15,14 14,9,11 29,20,16 26,17,13 30,21,17 34,23,16 36,25,18 35,22,15 36,23,16 43,32,17 67,47,27 145,90,49 82,33,11 54,34,14 66,42,18 62,38,14 50,34,19 50,35,24 41,26,17 65,36,16 79,41,20 50,30,21 47,28,16 49,27,7 70,28,4 60,29,10 37,20,12 57,31,19 78,39,0 108,51,0 80,26,0 126,54,6 124,48,0 122,51,0 99,39,0 82,33,0 89,41,0 87,33,0
69,44,25 53,26,10 80,48,34 70,27,12 51,25,15 76,38,17 90,48,26 73,25,9 56,24,8 46,19,3 95,49,31 71,39,25 78,35,20 78,35,18 77,41,23 74,30,18 88,42,24 44,26,21 43,27,21 49,27,21 36,21,12 47,32,21 36,19,9 35,20,11 35,19,13 40,25,16 31,18,11 11,9,10 28,19,15 26,17,13 29,20,16 41,29,19 42,30,20 39,27,17 36,25,20 49,28,17 145,69,11 175,101,33 132,63,7 77,43,23 68,39,19 42,25,15 62,39,24 45,37,26 53,32,21 83,42,13 71,36,9 48,32,26 95,48,25 79,35,7 84,34,3 50,24,12 37,21,8 74,34,0 97,47,5 67,24,7 112,46,0 132,55,2 119,48,0 95,38,0 74,27,6 95,37,4 106,41,0 99,39,0
73,46,30 62,32,17 86,52,32 68,25,8 59,24,9 103,50,23 103,56,33 69,26,7 64,29,14 44,22,4 80,39,21 76,41,26 81,38,21 83,48,33 86,50,30 80,30,13 104,53,27 50,31,19 41,23,18 46,24,16 31,18,11 47,31,25 41,24,16 35,18,8 40,25,16 32,20,10 31,15,9 12,12,12 29,20,16 28,19,15 28,19,15 41,28,21 36,27,21 31,24,22 33,25,14 39,28,23 175,80,15 170,81,9 76,50,36 64,43,20 65,37,24 61,39,19 46,28,25 91,38,0 115,76,62 111,73,54 52,32,14 56,30,16 66,28,9 93,37,1 61,23,2 30,19,14 70,30,7 56,22,2 102,60,38 97,39,2 119,48,0 125,48,0 79,33,5 35,17,12 53,22,3 102,40,0 109,39,0 102,38,0
76,41,26 69,31,14 92,52,27 85,40,19 59,28,16 83,37,9 101,56,23 87,30,13 71,33,12 58,22,12 110,54,30 84,48,30 79,34,13 71,35,13 87,49,30 78,32,16 101,47,27 54,32,24 45,29,25 44,23,12 36,24,14 36,18,13 43,26,18 40,19,6 42,28,12 41,22,8 42,27,16 59,44,8 73,43,0 88,47,0 28,15,12 39,28,25 43,34,30 17,10,8 37,19,18 41,29,17 82,55,37 65,35,18 48,28,19 102,63,51 37,22,13 168,104,42 98,59,31 38,17,6 109,69,35 140,80,59 64,28,18 44,24,15 89,38,3 77,33,7 43,15,4 41,21,3 70,39,18 117,51,21 149,76,35 88,21,0 77,34,0 38,21,13 29,20,14 53,21,5 102,40,0 117,50,0 123,49,0 116,50,0
78,44,24 78,37,19 96,55,24 105,47,23 61,26,11 103,50,23 104,56,27 75,27,9 75,39,19 58,27,15 79,36,17 82,46,28 78,35,16 86,43,26 99,57,35 100,44,22 135,64,40 48,39,24 43,22,18 46,25,14 37,22,11 30,14,8 37,20,10 37,22,11 120,64,0 125,72,17 78,63,25 86,64,1 125,76,0 137,83,0 125,71,0 40,29,26 49,34,23 27,21,14 82,58,50 41,30,25 32,15,7 45,33,23 101,69,55 97,34,0 22,18,12 65,44,19 77,49,22 32,20,22 75,36,24 102,54,11 120,50,26 37,21,17 87,36,1 179,115,69 43,18,1 92,37,6 92,39,0 54,29,30 156,83,42 160,81,35 38,22,9 58,31,13 97,45,15 112,45,2 116,50,0 113,43,0 130,55,0 134,54,0
64,38,17 65,30,15 95,51,23 85,33,12 55,23,9 98,44,24 110,57,30 88,30,16 91,34,15 65,30,15 116,56,33 105,60,37 103,47,25 99,52,31 95,49,23 80,32,18 56,24,8 51,32,20 50,32,27 51,28,17 26,15,12 38,21,13 45,29,16 42,26,13 48,32,15 72,61,28 84,60,5 93,70,10 89,59,1 134,77,0 135,72,0 64,46,25 130,80,6 48,32,26 90,57,30 164,105,48 72,38,16 25,14,9 65,37,24 25,12,5 65,36,12 48,35,28 91,41,10 24,10,12 53,33,24 41,18,7 34,18,16 35,27,16 54,25,3 30,20,10 32,21,14 108,49,3 67,26,6 93,40,17 96,45,17 151,72,28 71,35,13 94,34,0 111,43,3 138,62,0 122,53,0 115,46,0 124,51,0 145,60,0
77,46,23 74,34,11 102,54,25 94,38,12 66,34,18 84,31,4 110,55,24 89,32,15 61,23,4 60,38,18 105,51,31 102,56,28 79,32,11 88,46,22 104,58,32 103,47,23 35,25,29 62,42,35 40,28,18 63,37,25 33,22,17 46,29,19 34,17,9 44,25,13 44,27,17 83,67,11 98,65,0 117,70,7 123,66,0 112,67,5 167,94,0 132,81,0 31,20,15 40,24,18 93,48,27 71,30,10 41,30,15 125,79,42 29,16,9 26,16,15 28,19,15 90,51,21 55,35,28 54,41,38 34,18,14 48,33,24 33,22,19 103,67,36 128,79,41 51,23,12 57,29,16 105,46,0 69,27,14 74,30,20 29,18,3 55,33,15 75,35,12 103,42,6 113,52,5 153,63,0 132,57,0 143,59,0 153,60,0 93,41,0
81,51,34 74,36,17 107,62,29 95,47,22 74,43,31 86,31,0 113,62,27 85,31,11 95,37,15 73,37,19 97,39,15 121,71,38 112,54,28 114,58,36 103,56,33 79,25,5 45,38,36 48,35,32 61,38,25 61,30,18 44,29,20 33,17,11 32,16,3 41,21,12 69,57,20 92,72,11 113,73,7 161,90,1 113,56,0 97,59,11 97,49,0 142,75,0 17,11,4 25,14,9 80,54,44 90,60,45 14,7,5 20,9,2 44,29,18 33,17,13 179,88,19 212,101,16 61,42,30 29,18,13 30,18,20 66,40,19 96,48,1 58,33,14 34,22,12 35,22,17 107,52,9 71,41,13 81,36,31 93,32,0 45,31,17 53,31,13 67,30,6 95,41,5 114,47,0 164,72,0 179,80,0 169,78,0 131,59,0 85,37,0
80,46,26 67,26,6 112,62,31 90,32,10 58,31,15 94,38,14 120,61,31 84,33,9 82,33,11 76,41,28 101,39,12 125,75,42 85,38,17 132,69,47 107,59,34 105,46,16 53,42,37 61,40,36 48,37,20 62,37,18 47,32,21 34,22,12 37,23,9 36,22,6 79,63,9 108,75,7 120,76,7 168,98,4 159,100,0 82,40,0 194,119,1 170,97,0 52,39,16 53,38,18 58,40,21 75,54,27 63,44,21 78,52,27 73,49,25 75,50,22 138,54,0 99,55,17 87,52,27 111,72,42 53,34,18 81,35,7 97,47,1 28,13,4 36,24,14 45,28,20 108,52,3 98,49,9 96,50,20 60,19,0 53,37,20 56,31,12 71,31,6 98,42,4 121,54,2 167,70,0 188,79,0 184,83,0 105,47,0 106,46,0
79,45,23 79,31,4 127,73,37 108,44,16 86,41,20 127,54,24 115,61,27 82,32,17 83,32,8 81,42,28 108,41,14 126,70,36 99,39,14 92,48,20 116,68,41 104,43,11 37,27,26 32,21,18 67,45,27 48,36,26 38,22,18 37,21,15 37,20,10 55,30,11 96,71,14 255,239,86 130,86,6 161,103,0 174,108,8 160,96,0 178,105,0 169,93,0 58,44,26 58,41,17 66,47,24 85,55,29 89,59,31 85,55,27 83,53,25 76,47,23 64,45,31 174,77,26 71,33,16 135,58,0 48,31,21 98,44,0 79,36,3 31,19,9 37,22,13 78,42,20 129,67,11 135,61,0 99,39,0 37,22,13 51,33,14 53,28,9 71,34,10 92,41,4 93,39,3 143,65,0 166,69,0 126,53,0 108,53,1 144,68,0
69,39,22 66,25,7 119,64,33 92,36,10 60,29,10 105,47,21 119,63,27 101,43,21 90,38,8 79,36,17 117,39,9 125,65,24 83,24,0 140,68,33 97,49,31 34,29,31 56,49,52 30,23,26 29,19,20 70,59,44 103,67,36 154,95,38 136,79,10 77,37,14 86,39,7 217,134,23 126,82,0 144,95,5 139,87,0 156,98,0 156,96,0 157,112,23 153,80,3 107,56,0 83,60,31 82,54,25 96,62,30 92,60,30 77,49,22 79,50,26 59,42,18 62,37,18 87,49,30 156,92,32 55,28,21 100,50,8 58,30,1 31,18,11 52,34,29 110,51,3 124,68,5 118,61,3 93,49,9 35,23,11 48,29,15 45,24,9 60,29,10 87,40,8 72,37,12 121,58,7 133,61,0 89,39,0 98,46,0 154,70,0
64,40,16 60,22,3 115,61,23 101,34,9 75,39,17 81,25,1 115,75,50 76,30,14 92,36,14 73,35,14 98,33,12 71,49,29 83,29,11 90,44,14 112,57,26 84,42,20 96,65,53 37,34,38 73,60,55 107,70,44 154,93,32 202,122,38 209,123,23 70,36,16 88,42,14 166,104,23 111,77,5 160,92,0 148,89,0 179,109,0 178,109,0 22,15,15 12,10,11 40,39,42 44,37,35 74,55,39 66,48,16 63,33,0 106,62,0 83,53,27 59,41,22 195,115,11 67,48,32 82,49,22 94,56,37 218,140,42 60,24,6 39,27,17 56,30,5 126,62,2 153,75,0 102,46,0 59,33,21 43,31,21 41,25,12 41,24,14 38,21,11 62,31,12 74,33,2 109,52,8 109,49,0 119,65,17 33,10,7 156,68,0
64,37,21 47,17,2 119,68,29 101,37,11 60,30,13 80,20,0 82,51,39 69,26,11 121,43,15 73,44,20 123,43,9 26,15,12 54,26,17 129,72,41 90,57,48 56,28,15 58,41,31 30,23,23 93,71,51 114,70,42 175,96,23 213,126,29 205,128,41 98,56,18 151,90,0 159,107,34 162,97,0 98,54,0 140,80,0 188,114,0 116,67,0 23,16,14 18,13,12 46,44,42 42,40,38 56,44,5 140,76,0 115,68,7 96,50,0 150,83,0 90,51,10 62,42,22 63,33,18 61,42,19 62,42,24 190,100,4 79,26,0 44,30,14 111,56,4 129,65,3 157,71,0 102,42,0 32,22,10 49,34,23 43,24,12 36,21,10 27,16,11 41,22,10 36,19,11 85,39,9 98,57,28 29,18,15 75,39,19 149,59,0
30,12,7 40,17,2 85,41,15 86,37,15 47,28,12 66,26,3 52,26,14 88,38,7 96,47,25 43,17,3 113,44,15 29,13,11 36,15,13 107,65,41 49,32,22 45,24,13 86,60,46 53,39,44 111,75,42 139,86,43 157,104,49 146,95,42 136,85,32 77,69,6 156,97,0 89,64,34 136,84,0 148,91,0 142,93,1 124,87,18 105,66,9 49,34,14 30,25,24 31,29,25 78,59,45 114,80,35 87,54,4 111,64,1 112,70,28 62,33,11 68,42,19 73,40,15 118,86,56 115,92,63 77,64,43 225,129,18 96,43,0 48,33,22 109,56,1 146,68,0 156,74,0 104,46,0 37,16,12 51,36,25 33,20,13 33,20,13 31,18,15 36,18,13 44,24,17 110,54,7 55,32,21 38,23,14 46,25,12 34,14,5
43,23,16 20,8,8 42,26,13 55,29,15 47,27,9 42,21,8 36,20,5 64,28,8 120,60,35 30,19,14 86,33,8 24,15,11 30,18,20 73,41,25 29,11,10 44,21,10 67,55,43 90,71,48 143,100,53 157,106,49 160,106,45 151,100,43 138,95,39 77,51,10 170,95,7 64,43,20 159,101,1 166,102,6 164,103,0 163,97,15 78,38,4 128,92,61 41,35,28 34,32,28 66,52,36 80,54,33 140,85,13 107,59,1 128,83,21 91,65,42 61,42,28 55,40,18 102,66,46 44,34,35 58,35,22 132,69,18 195,92,7 72,46,23 75,58,32 138,78,8 108,44,0 59,28,9 29,20,16 41,29,17 35,22,17 30,21,15 52,26,16 35,20,11 41,23,18 128,55,0 45,18,11 120,46,0 136,52,0 158,66,0
44,30,16 19,12,12 45,31,17 38,25,18 46,27,11 34,19,10 29,14,3 45,26,10 52,34,15 23,11,13 58,24,6 36,20,14 33,22,15 36,23,20 27,14,11 32,19,12 54,43,38 109,78,55 143,95,48 148,97,42 154,101,48 146,98,44 137,95,53 63,44,19 86,69,41 62,46,29 137,87,13 136,83,0 62,42,12 24,24,10 116,75,46 45,34,29 25,19,24 30,28,36 70,60,59 85,47,10 123,60,0 120,70,8 100,57,12 84,50,28 165,107,45 63,42,17 110,69,51 54,40,40 59,38,27 136,69,26 190,91,9 64,38,13 69,33,0 128,60,0 120,62,0 26,16,4 31,20,15 31,21,9 46,24,18 33,20,15 37,20,10 26,15,12 28,14,16 166,81,5 123,59,13 140,70,10 83,25,0 111,38,0
40,28,18 16,15,8 40,31,16 30,21,13 43,24,12 34,19,8 35,18,8 55,41,23 38,23,12 17,10,8 18,9,5 19,12,12 17,9,15 16,9,12 29,20,14 32,23,19 64,54,44 91,76,56 113,75,40 146,93,52 133,88,44 111,68,33 90,57,30 97,53,13 54,34,14 37,23,9 57,33,7 61,30,9 74,27,6 174,105,2 114,80,48 37,28,24 22,16,21 29,29,37 76,63,58 72,36,26 69,42,10 85,40,5 83,49,27 73,37,8 98,58,6 63,42,19 94,60,38 50,40,44 57,37,30 127,67,24 197,104,13 71,40,19 106,49,0 141,62,0 117,55,0 20,13,16 38,26,26 36,24,24 19,7,7 35,19,15 32,14,9 21,14,12 24,17,17 118,40,0 145,68,0 153,68,0 109,52,8 157,69,0
21,19,17 29,24,21 28,23,22 27,20,20 27,25,23 28,26,27 28,18,17 87,62,34 30,21,17 17,10,8 26,21,23 23,21,22 27,20,20 25,20,19 30,19,16 30,24,17 54,45,37 80,64,47 97,68,46 109,80,49 67,33,0 106,68,31 58,43,21 100,60,24 45,29,14 42,30,18 53,30,15 131,84,32 118,85,8 121,76,14 86,62,40 36,27,23 24,21,27 30,30,38 73,57,53 48,29,17 105,69,9 103,66,11 78,39,9 90,61,28 85,37,0 81,52,32 82,52,35 51,40,47 54,38,34 122,67,26 208,115,8 64,36,23 117,50,0 132,61,0 67,45,39 42,38,47 29,22,20 20,13,13 23,16,19 21,11,15 42,18,10 15,8,8 23,12,21 125,47,0 99,48,11 113,52,0 115,47,0 143,65,0
34,23,16 37,26,21 38,25,22 43,31,19 54,39,28 56,44,34 62,46,31 88,58,32 37,21,17 15,8,8 24,13,10 19,10,6 21,11,10 19,9,10 32,21,16 35,26,20 44,28,22 45,35,39 46,27,13 81,69,57 73,64,49 81,52,30 24,14,4 61,32,8 49,35,21 43,28,17 51,25,13 79,37,13 40,26,10 60,31,9 101,69,39 45,34,29 20,19,22 21,22,27 70,57,50 58,31,13 40,21,9 49,28,15 75,45,17 97,61,30 83,26,0 102,75,59 71,52,36 50,39,46 46,33,30 114,63,26 194,99,9 77,46,23 66,18,2 92,27,15 147,73,48 109,48,30 72,21,11 52,35,27 38,31,34 20,14,19 102,66,48 65,35,20 73,32,12 121,37,0 179,84,3 123,49,0 119,53,3 122,52,0
53,42,27 51,37,21 56,40,27 54,40,24 55,41,25 58,44,28 61,50,35 78,54,30 44,24,17 13,8,10 14,9,11 20,13,11 20,13,13 25,15,14 44,34,24 43,31,21 74,59,39 55,36,24 73,50,21 67,43,8 70,43,11 63,44,7 60,37,6 95,61,27 45,31,15 40,28,16 40,21,5 35,20,9 35,21,5 76,52,30 79,55,31 46,37,29 29,28,33 23,23,31 66,50,44 61,40,29 30,20,19 53,37,24 81,52,21 96,56,31 146,58,0 107,79,66 65,46,32 43,33,34 46,32,32 109,62,30 140,67,10 98,38,15 52,35,25 92,37,8 33,14,0 93,28,5 99,46,30 56,28,15 73,30,0 65,31,13 46,35,44 107,56,32 89,42,10 157,67,23 145,69,13 100,47,20 145,60,0 110,45,0
48,34,20 43,27,14 47,32,21 48,33,24 36,25,10 40,28,16 43,31,21 66,45,30 37,22,13 13,7,12 16,9,12 17,10,10 20,13,13 24,17,15 38,27,20 37,28,20 109,79,53 87,63,28 87,53,31 91,55,37 73,50,21 102,67,31 64,34,6 43,26,0 33,12,0 29,12,2 40,17,4 75,35,10 100,57,22 101,56,21 78,54,32 58,37,24 32,18,18 38,24,26 78,60,41 82,53,33 45,24,9 52,28,4 44,23,10 34,19,8 60,35,7 84,51,26 58,41,33 40,30,31 42,28,30 84,51,24 36,29,32 37,25,25 32,23,19 23,17,12 28,15,12 27,16,11 27,21,14 27,16,13 24,12,12 25,15,16 22,10,15 18,9,5 57,26,3 56,35,8 58,34,12 69,35,13 86,46,10 88,44,6
37,21,6 50,34,21 42,27,18 45,30,19 54,40,26 46,34,22 65,46,34 87,56,33 36,20,5 10,7,11 17,10,13 16,9,9 21,14,14 20,13,13 35,26,22 33,24,20 57,42,31 84,65,40 88,57,34 77,58,33 58,44,26 68,54,38 65,45,25 69,50,36 82,52,26 91,50,23 99,54,21 88,49,19 87,48,20 89,49,24 89,47,23 79,45,23 63,32,9 65,31,11 66,40,17 47,27,18 53,40,33 52,32,12 52,27,8 43,20,5 43,20,5 46,21,4 51,24,8 54,28,7 64,33,12 61,32,10 51,29,11 63,32,9 70,35,10 70,37,12 69,36,11 68,40,13 67,37,9 65,37,10 64,30,8 60,30,4 63,32,9 62,29,4 56,30,9 62,38,16 68,39,15 60,36,14 37,21,4 38,19,7
53,37,20 45,29,14 41,28,7 40,25,14 49,34,23 55,40,29 66,45,30 83,62,37 45,29,16 11,9,10 17,10,10 17,10,10 22,12,13 29,19,18 34,23,20 36,25,20 33,24,18 30,18,18 41,20,16 80,62,41 80,65,45 83,69,55 70,56,40 72,58,44 65,50,39 68,54,40 71,52,36 68,47,24 71,37,17 71,37,17 70,39,20 70,34,14 63,32,13 59,30,10 57,33,11 54,32,12 59,34,15 74,39,14 71,37,15 73,39,17 68,39,19 56,29,11 56,29,11 61,32,12 61,32,12 66,36,19 68,37,14 67,36,13 69,38,15 74,44,18 72,39,14 63,32,9 69,35,13 73,40,15 78,43,16 78,44,14 78,41,15 79,43,14 78,42,13 76,40,11 77,42,15 70,37,12 66,37,13 64,30,8
41,25,19 44,28,22 51,34,26 42,26,20 47,32,23 43,28,17 56,40,25 62,44,25 64,49,29 14,9,8 20,13,13 22,12,11 21,11,10 21,11,10 29,17,17 37,21,17 35,29,22 40,30,34 39,30,24 95,78,54 37,30,30 34,23,20 52,41,34 85,70,59 73,59,45 62,46,33 64,48,31 65,50,41 59,47,37 66,53,46 65,46,34 52,33,19 48,29,13 54,34,16 53,35,16 52,34,15 54,34,16 56,31,14 58,33,16 58,34,12 55,34,11 56,34,14 56,36,18 57,35,15 51,29,9 56,31,12 60,38,18 62,38,16 64,38,15 45,34,27 59,40,24 61,40,17 56,41,21 55,40,20 61,32,10 67,36,13 69,40,16 68,39,15 71,41,15 73,40,13 68,37,14 69,38,17 73,40,13 77,42,17
41,28,23 31,19,21 40,27,24 44,28,22 44,29,20 50,35,24 63,42,29 56,41,19 46,33,26 36,25,20 32,23,19 50,40,30 42,33,25 43,33,23 48,33,22 47,35,25 33,26,26 27,20,23 29,20,16 100,76,50 41,28,23 43,33,23 86,58,29 155,92,16 36,25,10 44,27,19 76,66,54 61,51,41 64,50,36 64,49,38 63,52,37 53,41,31 59,47,37 56,44,34 51,36,27 47,32,21 49,34,25 43,31,19 48,37,32 45,28,18 45,29,16 45,29,14 50,34,17 49,33,18 52,36,23 52,36,19 51,36,16 60,40,20 55,36,20 44,30,14 46,30,15 52,37,17 51,36,16 51,33,12 51,33,12 53,35,14 53,35,16 54,34,14 51,31,11 48,29,6 55,34,11 60,34,11 69,38,15 77,44,17
42,27,18 42,26,20 38,22,20 43,30,25 50,37,30 52,37,26 61,42,28 58,42,25 26,13,6 55,39,24 60,44,27 62,47,27 65,51,37 68,54,38 60,44,31 64,48,33 31,24,27 39,29,28 71,56,45 97,82,60 90,77,56 84,69,49 107,73,41 162,91,20 183,104,11 175,105,9 84,55,33 30,20,19 48,36,36 59,50,44 65,55,45 64,52,42 52,40,30 64,54,44 59,47,37 61,49,39 58,49,41 58,49,45 40,31,25 38,29,21 36,25,22 41,25,19 42,25,17 42,25,15 44,28,13 46,30,15 46,30,13 44,28,11 45,29,12 45,29,12 46,30,13 50,34,17 56,36,18 55,36,20 42,26,13 46,30,17 51,32,16 49,34,14 49,34,14 49,33,16 50,32,13 52,35,11 52,32,14 48,30,11
29,16,11 39,26,19 36,23,18 42,29,22 45,35,25 46,34,24 57,43,27 63,47,34 27,14,9 13,8,7 13,8,7 62,51,44 17,11,4 29,16,9 43,28,19 45,30,21 29,24,21 64,47,39 69,58,43 73,62,45 76,62,44 51,36,16 51,29,9 152,95,26 180,104,12 188,103,0 72,50,30 30,19,14 36,27,21 36,27,21 41,30,25 50,38,28 51,40,33 60,47,42 60,47,40 60,47,40 63,50,43 66,55,50 62,51,46 46,35,30 51,42,36 37,28,24 37,25,27 33,23,22 37,26,23 39,29,19 40,25,14 42,27,16 42,25,15 45,30,19 48,32,17 48,32,17 45,30,19 44,33,26 50,39,34 48,37,34 52,43,39 29,24,23 48,43,40 51,42,38 42,33,29 62,55,55 44,32,32 45,35,36
36,23,18 33,21,11 30,19,16 26,17,9 23,12,7 24,13,8 49,37,27 65,51,37 27,14,7 36,19,11 42,26,11 55,40,20 55,36,24 58,42,25 63,43,25 56,41,21 37,27,31 62,48,30 40,33,36 43,36,36 41,30,25 63,33,5 57,31,6 88,35,0 72,33,0 82,48,30 40,28,18 48,34,20 49,32,22 49,33,20 51,37,23 48,32,19 52,36,21 51,34,24 59,44,33 59,47,37 52,40,30 56,43,38 60,48,38 54,45,41 62,55,53 41,35,28 44,35,31 35,25,24 35,26,22 44,33,28 45,36,32 45,34,31 37,28,24 34,27,25 42,33,29 40,33,31 38,32,27 35,33,29 42,36,31 47,40,38 40,38,34 36,29,27 46,36,37 50,40,41 46,37,33 59,50,46 44,32,32 49,42,42
29,18,13 28,19,15 40,29,22 49,36,29 51,36,27 48,36,24 55,41,27 53,41,29 27,15,5 51,37,21 63,50,27 54,42,30 24,13,10 38,25,22 38,23,14 40,26,12 50,35,26 50,41,24 38,31,31 44,37,40 50,43,46 54,39,30 42,28,12 79,35,0 71,34,10 51,35,20 50,35,13 58,44,19 64,42,22 63,43,23 54,36,15 55,39,22 52,37,17 63,44,21 67,45,25 84,68,51 77,62,51 50,42,31 63,46,38 60,47,40 54,43,38 45,35,36 42,32,33 39,29,28 37,28,24 50,39,32 54,43,38 47,36,33 39,28,25 39,27,15 42,33,27 46,34,24 41,28,21 43,33,37 52,41,38 47,33,33 56,42,28 31,29,27 47,38,32 52,41,34 58,38,29 70,54,39 50,35,26 58,42,29
64,48,33 62,48,32 65,46,30 65,49,36 64,50,32 66,50,33 58,43,23 60,44,27 33,17,13 36,20,18 49,36,15 62,42,24 66,48,27 67,50,26 70,48,28 75,54,31 57,43,29 72,46,25 49,26,13 42,35,35 61,42,28 66,42,20 42,26,9 96,45,10 67,47,27 46,34,24 53,32,17 62,40,20 65,41,17 63,36,20 58,38,18 53,37,22 55,36,22 37,26,19 61,43,22 83,67,52 54,41,34 77,49,22 88,49,19 101,55,27 68,48,30 44,33,26 45,34,31 39,29,28 47,33,33 50,39,36 56,43,38 47,36,31 40,30,18 64,44,14 75,44,25 79,44,17 103,64,32 51,35,33 41,34,32 42,32,31 39,29,28 32,23,19 42,32,36 47,34,29 61,41,23 100,60,26 46,27,11 14,7,7