31,18,13 29,18,13 30,21,15 31,18,11 25,16,8 21,12,8 16,9,9 30,21,17 43,31,19 45,30,21 47,33,17 51,36,14 52,38,13 41,29,19 46,36,26 55,43,31 60,48,36 46,36,26 36,27,21 23,14,10 31,21,11 48,33,22 42,27,16 40,25,14 49,32,22 48,32,26 23,21,19 21,14,14 38,17,15 87,42,7 79,38,9 22,15,15 23,14,8 70,30,7 97,49,0 96,41,0 62,28,6 29,16,9 16,9,12 19,12,15 19,13,18 49,26,15 108,53,0 106,48,0 119,51,0 122,54,0 92,34,0 98,36,0 103,38,0 49,23,9 49,26,11 55,25,10 58,29,7 60,29,8 62,28,6 72,30,6 81,35,5 82,35,3 99,42,2 110,46,0 107,43,0 100,41,0 97,42,0 78,34,6
27,16,11 26,15,10 30,21,15 32,19,12 33,17,13 23,13,12 16,9,9 19,9,8 24,15,9 27,16,13 32,20,10 41,25,10 45,29,12 45,29,14 40,25,14 42,30,18 41,29,17 42,30,20 43,31,19 48,33,22 36,24,14 35,22,15 33,20,13 32,21,18 30,19,16 31,20,15 21,14,14 24,17,17 38,17,13 86,41,8 72,35,11 19,12,15 29,16,11 77,36,9 101,47,0 92,39,0 54,25,5 20,8,8 17,10,13 18,13,15 19,16,20 63,29,11 112,57,1 108,50,0 131,56,0 130,58,0 95,38,0 102,40,0 97,42,0 41,24,14 51,25,11 58,28,11 59,28,7 62,28,8 66,28,7 77,33,7 87,36,1 86,34,2 103,46,2 119,49,2 127,56,1 114,47,0 97,43,0 56,25,6
29,18,13 30,14,10 29,16,11 29,16,11 29,16,11 23,14,10 16,9,9 26,16,15 33,20,13 31,18,11 31,18,13 37,23,9 45,29,14 45,29,14 38,23,14 36,21,10 35,23,11 41,24,14 36,24,14 37,22,13 33,21,9 33,20,13 31,18,11 29,18,13 28,19,13 25,16,12 20,13,16 26,16,17 35,19,15 82,36,6 37,20,10 18,13,15 40,19,8 94,43,4 106,51,0 100,45,0 39,20,4 15,10,9 19,12,12 17,10,13 29,16,11 88,44,6 104,52,0 119,55,0 141,64,0 123,54,0 97,40,0 112,41,0 65,28,13 50,27,16 60,29,10 62,28,8 69,26,7 70,27,8 76,31,8 79,33,3 88,39,3 93,39,1 107,43,0 124,54,0 134,59,0 127,50,0 89,36,0 43,25,6
29,16,11 28,15,10 31,18,13 32,19,14 29,16,11 27,16,13 16,9,7 29,18,11 48,34,18 49,34,12 48,34,18 52,37,15 45,30,19 38,23,14 43,28,17 44,28,11 56,34,14 51,33,14 50,32,13 48,29,15 46,30,13 41,26,15 36,24,12 53,35,16 55,37,18 37,26,19 20,13,16 23,16,16 32,18,18 76,36,13 20,15,14 17,10,13 60,29,8 92,42,0 105,50,0 85,41,3 34,19,10 16,9,12 18,13,15 20,15,14 55,25,10 116,56,2 125,62,0 132,61,0 143,65,0 113,47,0 100,40,0 110,43,0 35,22,17 51,25,13 60,29,10 64,28,10 72,30,8 73,28,7 81,35,5 80,34,6 86,36,3 93,39,3 106,45,0 120,51,0 131,58,0 118,51,0 69,29,6 46,24,6
29,16,11 27,14,9 29,16,11 31,18,15 34,18,14 29,18,15 16,9,7 32,21,14 52,37,15 51,37,12 54,37,13 51,36,14 57,40,16 38,27,10 61,44,20 69,45,19 88,59,24 88,59,24 88,60,22 86,60,21 82,55,19 68,42,17 57,39,18 78,54,21 79,51,22 30,19,14 23,16,16 24,17,15 32,20,25 45,29,16 19,12,10 23,11,16 69,32,6 100,52,0 112,54,0 74,29,6 21,11,10 17,10,8 17,10,13 17,16,19 90,39,2 120,56,0 124,61,0 142,65,0 144,66,0 102,39,0 106,42,0 100,39,3 35,19,17 58,28,13 58,29,9 62,28,6 74,30,4 76,32,4 85,36,0 82,35,1 83,31,0 93,39,1 106,45,0 113,47,0 113,46,1 94,39,0 46,24,4 44,24,6
28,15,10 25,12,9 25,14,11 32,20,10 35,20,11 27,16,11 14,9,8 34,22,12 52,38,11 55,38,12 58,39,14 59,40,15 61,42,15 56,41,19 44,30,14 67,43,17 88,60,22 92,61,22 92,61,24 84,57,21 82,55,19 81,54,22 79,55,22 82,55,19 74,54,24 22,15,13 23,16,16 23,16,16 28,18,22 24,17,17 21,14,14 28,15,8 74,33,4 100,48,0 114,56,1 64,31,6 21,11,12 19,12,12 16,11,13 28,14,14 102,49,0 137,69,0 114,56,0 141,67,0 142,68,0 105,45,0 115,45,0 73,36,12 32,19,16 54,27,11 56,26,9 60,24,4 76,31,8 75,29,1 74,32,8 67,26,6 85,35,2 104,44,1 110,47,0 111,48,0 94,39,0 67,27,4 38,19,7 53,24,4
31,18,13 23,12,7 25,12,7 29,16,9 35,18,8 25,14,11 15,10,7 35,22,17 54,37,13 56,37,12 60,41,14 63,42,15 64,43,16 64,43,16 89,60,27 80,52,23 100,67,30 98,65,26 98,65,28 88,59,24 85,56,21 88,60,22 87,58,23 86,59,23 61,41,23 20,13,13 22,17,14 19,14,13 27,20,23 26,19,22 24,17,17 36,19,9 84,41,6 107,54,0 101,47,0 48,23,6 18,8,9 20,13,16 20,15,17 61,29,15 111,54,0 131,63,0 120,59,0 150,73,0 128,61,0 109,46,0 116,45,0 40,25,16 32,19,14 55,25,10 53,23,8 54,23,4 73,29,3 74,29,8 50,24,3 34,19,8 62,28,6 102,45,3 121,55,0 119,50,0 77,32,9 41,21,3 41,22,6 53,24,2
95,46,8 88,39,3 63,28,3 24,15,9 31,19,9 23,14,8 16,9,12 33,22,15 56,37,12 59,40,15 56,35,10 56,37,12 65,41,15 68,42,17 96,65,28 99,66,29 100,67,30 96,63,26 100,67,30 96,65,28 85,56,21 87,59,21 95,62,25 84,58,19 39,27,17 20,15,17 23,18,17 22,17,14 21,16,18 23,18,20 28,18,19 64,33,12 86,42,2 105,49,0 87,36,0 34,18,14 19,9,10 19,12,15 20,14,21 91,44,10 124,60,0 152,75,0 138,63,0 151,71,0 108,48,0 110,47,0 114,47,0 20,18,19 31,20,17 50,22,11 47,19,6 53,24,4 72,26,8 66,28,7 40,21,5 34,18,14 44,21,8 91,42,6 132,56,0 119,52,0 56,27,7 44,24,6 47,25,7 45,25,7
33,18,7 36,16,9 35,17,12 33,22,17 31,18,15 23,14,8 15,8,11 38,22,16 58,39,14 60,41,16 62,41,16 62,41,14 64,43,16 67,43,17 98,67,30 100,67,30 100,67,30 102,69,30 102,69,30 100,67,30 86,59,23 90,59,22 95,62,25 92,60,28 23,16,16 21,16,15 24,17,17 24,17,20 24,17,20 27,20,23 33,21,23 72,30,6 99,50,1 112,54,0 68,32,3 21,14,14 19,9,10 18,13,15 29,17,17 110,55,0 132,61,0 142,65,0 158,76,0 162,80,0 106,46,0 121,53,0 96,39,0 22,17,19 32,18,18 46,20,6 45,19,5 49,22,4 57,26,5 50,23,5 27,16,9 29,18,13 37,21,8 56,27,5 103,46,4 94,43,8 52,27,8 51,29,11 48,28,19 30,27,33
29,18,11 23,12,9 27,16,11 33,20,15 26,15,10 23,14,10 16,9,9 39,28,13 52,34,13 56,35,12 62,38,14 66,41,13 72,44,17 74,46,19 98,67,30 100,69,32 101,68,29 103,65,28 87,58,25 58,35,20 44,28,13 91,62,27 94,61,24 86,59,27 26,19,19 25,20,22 22,15,15 23,18,17 24,17,17 25,15,16 42,26,20 87,41,2 103,52,0 101,50,0 45,18,2 21,11,12 22,12,13 18,16,17 55,29,17 108,55,0 136,61,0 153,73,0 169,79,0 161,78,0 115,50,0 121,51,0 65,28,2 20,18,19 23,13,14 42,21,8 42,19,4 45,19,5 47,20,4 42,19,4 28,11,12 27,13,13 39,22,12 42,21,8 52,27,10 51,25,11 53,31,13 45,27,22 34,32,44 32,28,37
27,16,11 22,13,9 27,16,11 34,21,16 31,18,13 23,12,9 20,13,13 26,15,10 63,35,8 70,42,13 72,44,15 74,45,12 86,51,13 88,53,15 110,72,22 113,72,23 107,74,26 91,54,14 92,52,16 131,75,8 133,85,29 68,41,9 77,48,24 60,35,18 26,19,19 23,18,20 21,19,15 28,18,19 29,17,19 35,19,13 51,27,19 99,49,5 104,49,0 96,44,0 31,14,6 22,12,13 20,13,13 19,17,18 81,44,18 109,54,0 142,63,0 145,67,0 166,79,0 135,61,0 111,46,0 124,51,0 41,18,5 19,19,16 23,13,12 37,17,8 41,18,7 42,19,4 49,22,6 41,19,1 25,13,13 26,12,14 24,16,22 51,34,35 65,38,31 53,28,11 47,26,15 26,22,31 34,32,42 39,27,39
27,16,11 22,13,9 26,15,12 42,27,16 31,18,11 21,12,8 16,9,12 24,15,9 46,27,2 70,41,10 80,47,10 85,51,10 89,50,9 86,47,6 106,65,16 98,61,17 78,40,3 76,41,5 66,30,1 97,53,2 88,49,6 83,48,10 83,43,9 71,39,5 70,40,0 29,20,12 23,18,17 26,19,19 33,19,19 47,27,18 74,37,11 100,52,0 105,52,0 77,34,1 23,13,12 23,13,14 20,13,16 21,15,20 112,55,11 120,55,0 156,73,0 144,66,0 168,82,0 121,53,0 119,49,0 120,51,0 25,14,11 21,19,20 22,15,18 27,16,13 31,16,7 43,20,5 50,23,5 46,24,6 27,13,13 28,11,14 29,18,25 51,27,31 97,51,33 107,50,19 33,26,36 34,28,35 31,27,36 29,18,27
27,16,11 23,14,10 26,15,10 38,25,18 31,18,13 22,13,9 15,8,11 44,25,13 25,16,10 46,28,9 66,36,10 68,38,10 73,37,6 74,38,7 89,52,12 88,49,17 77,44,5 76,41,5 99,52,2 100,57,1 93,51,0 87,46,0 78,44,1 72,40,0 89,37,0 40,22,3 24,17,17 27,15,17 43,23,14 64,30,12 90,42,0 112,55,0 98,46,0 51,21,4 23,11,13 25,15,16 19,14,16 29,16,24 126,61,4 122,53,0 134,59,0 142,63,0 172,80,0 119,48,0 107,47,0 66,26,1 21,16,13 20,18,19 23,13,17 21,11,12 22,10,12 29,16,11 38,17,6 37,18,6 26,12,12 28,9,13 26,16,20 79,43,35 122,58,32 145,66,18 69,38,26 77,40,25 85,41,15 73,37,19
28,15,8 28,15,12 27,16,11 35,22,15 27,16,11 23,14,10 14,9,8 38,26,14 53,35,14 32,21,2 43,24,10 69,36,9 75,40,4 85,50,14 96,59,17 85,47,12 81,46,8 96,58,12 81,35,9 99,59,7 87,46,0 87,46,1 71,40,3 73,39,9 30,19,14 23,18,17 26,16,17 38,21,13 64,26,7 81,37,7 100,48,0 113,59,0 85,40,7 34,19,10 23,13,14 20,13,13 19,14,16 41,25,21 126,62,2 139,65,0 155,76,0 154,69,0 146,65,0 123,52,0 88,38,5 39,15,7 24,15,11 20,18,19 17,15,16 17,10,13 21,11,15 21,11,10 25,11,11 60,28,14 30,14,10 31,18,15 26,20,27 65,38,33 96,48,21 148,71,20 85,38,15 91,43,14 143,71,7 145,74,5
23,12,9 21,15,10 32,19,12 35,22,15 29,16,11 27,16,13 14,8,13 31,21,11 55,38,14 58,39,16 34,19,8 49,24,5 88,53,17 92,57,21 94,56,21 101,59,17 92,53,10 97,59,13 98,55,0 94,53,6 86,44,2 74,40,0 59,34,17 29,17,7 26,19,17 23,16,16 26,16,15 46,24,6 73,33,10 86,43,10 106,54,4 109,57,0 69,33,4 28,12,10 23,13,14 20,13,13 22,17,19 55,32,21 116,55,0 141,65,0 157,74,0 160,74,0 125,49,0 113,47,0 79,33,3 44,18,6 26,14,16 21,19,17 19,12,15 19,12,15 21,11,12 22,12,13 20,8,8 49,23,9 24,13,10 27,15,15 23,12,21 63,38,35 95,47,20 127,55,18 113,53,12 98,41,10 77,34,15 74,32,10
23,14,6 104,68,17 75,44,5 36,20,14 29,16,11 29,15,15 14,9,11 24,13,8 53,38,16 54,36,15 56,37,12 38,27,10 60,30,2 88,53,15 95,57,20 107,66,19 99,58,11 78,46,4 106,64,10 87,46,0 72,39,2 51,30,19 36,19,9 23,18,15 26,19,19 23,16,16 34,21,18 49,24,5 72,31,4 86,40,1 112,58,0 92,44,0 57,31,10 22,12,13 23,13,12 20,13,13 20,15,17 58,31,13 115,53,0 145,67,0 148,67,0 166,79,0 118,50,0 103,48,0 69,27,3 47,19,6 25,16,8 19,17,18 16,14,15 29,19,18 35,19,13 22,10,12 36,20,16 36,19,9 25,14,11 24,12,12 26,18,26 42,23,25 117,58,28 158,76,22 150,71,7 63,23,0 117,57,18 85,34,8
67,44,4 31,17,3 43,32,15 38,21,13 29,16,11 33,20,15 15,10,12 17,8,4 55,37,16 53,35,14 56,37,12 55,38,14 37,21,8 79,46,21 81,47,17 102,61,16 101,60,15 100,52,0 94,53,8 77,47,3 57,27,1 36,19,11 24,17,17 26,19,19 27,20,20 24,17,17 39,22,14 56,27,5 85,40,5 101,49,1 110,57,0 100,52,7 40,21,7 22,10,12 23,13,14 21,14,17 18,15,19 57,25,11 115,53,0 148,70,0 155,75,0 158,71,0 124,53,0 99,44,0 66,26,3 47,19,6 26,15,10 18,16,17 18,13,15 29,17,22 33,19,21 31,17,17 35,18,10 38,18,9 25,14,11 29,16,13 26,20,27 34,22,27 128,59,23 162,74,20 152,73,11 68,22,0 134,67,17 86,33,8
65,43,7 21,17,9 42,27,18 83,46,4 29,16,9 33,21,9 22,10,12 14,9,11 52,39,16 53,39,14 59,40,15 55,36,11 72,46,21 36,23,2 75,45,17 98,56,16 92,53,21 112,66,9 82,48,5 45,24,9 50,31,19 35,22,17 26,19,19 26,16,17 26,21,20 24,17,17 45,24,9 71,29,5 91,40,3 105,49,0 118,60,0 91,45,8 31,17,17 25,13,15 23,13,14 20,13,16 24,14,15 85,45,9 123,58,0 131,59,0 153,69,0 142,69,0 130,58,0 104,44,1 64,26,5 41,20,7 31,19,19 34,20,20 16,14,15 29,17,19 25,11,13 31,15,11 36,21,12 38,16,8 28,12,8 26,12,12 23,20,26 50,31,33 108,45,23 162,76,26 147,70,17 123,52,8 134,64,17 71,28,13
110,56,0 25,16,1 36,20,14 32,21,14 33,21,9 36,21,12 24,12,12 11,9,10 54,36,15 53,39,12 60,41,16 64,43,18 71,48,19 48,29,13 43,28,8 82,43,11 87,43,3 93,50,3 42,20,14 68,48,28 40,29,14 31,20,17 26,19,19 24,17,17 27,22,21 24,17,17 49,27,9 76,31,8 92,43,3 98,46,0 119,60,3 73,33,10 29,17,19 23,11,13 23,13,17 20,13,13 33,16,17 104,55,6 126,58,0 137,64,0 143,65,0 110,46,0 130,58,0 100,45,0 63,27,7 36,20,5 26,14,14 30,18,20 22,14,20 14,8,13 22,12,13 16,10,15 25,12,9 35,19,15 29,15,15 21,11,12 27,21,28 48,31,34 142,67,38 137,69,31 109,52,12 104,42,4 130,59,15 99,44,13
114,34,0 131,44,1 49,29,9 26,15,8 32,20,8 37,22,13 29,18,15 11,9,7 49,36,15 52,38,11 60,43,17 63,42,17 70,44,19 49,36,13 41,32,17 106,60,3 115,54,0 73,34,2 113,54,0 52,26,14 40,28,16 24,18,13 27,20,18 24,17,17 27,20,20 26,16,17 57,30,14 76,32,6 89,38,0 95,43,0 84,30,0 55,26,6 29,18,15 22,12,13 20,13,13 20,13,16 34,16,15 108,54,4 145,66,0 135,62,0 136,61,0 106,44,0 131,56,0 99,42,0 60,24,6 38,19,3 22,10,10 28,18,19 26,18,24 19,13,18 19,12,15 15,9,14 49,26,15 68,34,16 31,14,17 19,9,13 18,15,21 30,22,28 103,45,23 97,45,13 108,52,14 130,60,13 100,40,0 125,57,17
62,34,7 88,46,4 94,51,0 98,41,1 84,50,16 51,29,11 33,22,7 42,28,14 65,36,14 68,25,6 73,37,8 84,40,14 69,45,19 55,37,16 49,35,21 137,74,0 126,62,0 63,33,5 107,53,3 43,28,19 40,27,20 24,23,16 26,19,19 24,17,17 27,20,23 32,19,16 60,31,9 69,28,1 90,42,0 90,42,0 75,24,0 47,25,7 24,12,14 23,13,14 20,13,16 20,13,16 40,19,15 115,60,4 138,58,0 152,71,0 136,65,0 111,49,0 129,57,0 97,42,1 57,23,5 36,19,9 21,11,12 27,15,20 23,13,17 16,10,15 23,13,17 13,10,16 60,33,15 47,16,4 46,23,8 46,23,10 50,28,10 65,28,13 102,35,10 125,55,22 164,84,18 159,73,2 136,63,20 101,46,15
50,35,15 70,40,12 57,34,5 66,37,13 83,44,3 78,44,0 57,36,11 44,36,14 54,35,19 47,41,18 57,41,24 62,44,25 58,41,17 106,54,6 106,57,6 58,35,6 128,64,0 111,47,0 89,45,3 41,29,17 38,25,18 26,19,19 26,19,19 26,19,19 24,17,20 36,23,18 67,30,6 71,30,3 89,38,0 94,41,0 81,35,0 44,21,6 24,14,13 22,12,11 21,14,12 20,13,13 40,21,9 112,54,3 152,68,0 154,70,0 123,57,0 128,57,2 129,61,0 90,39,0 53,21,5 36,20,5 19,14,13 26,16,17 29,19,20 18,13,15 19,9,13 15,9,14 53,22,10 104,53,14 64,29,16 83,35,10 73,33,10 110,41,3 144,44,0 137,61,21 168,82,11 126,53,10 110,45,8 130,62,22
43,41,21 47,36,17 51,38,17 59,41,11 85,42,7 92,50,10 65,48,24 68,51,27 75,46,26 87,53,33 100,59,32 100,59,30 84,58,35 78,57,34 103,61,37 67,38,16 130,67,0 122,53,0 64,32,0 25,15,14 26,19,17 25,20,19 25,20,19 26,19,19 24,17,20 39,22,14 75,35,12 71,30,3 88,40,0 101,48,0 83,34,0 29,16,11 26,12,12 23,13,14 20,15,17 20,13,16 49,23,13 88,39,3 145,67,0 129,58,0 106,48,0 129,56,0 129,57,0 90,39,4 57,22,7 36,20,7 19,17,15 23,13,14 32,18,20 27,15,17 21,14,17 16,8,14 54,24,9 103,46,6 85,38,15 84,37,5 71,29,7 130,55,6 153,49,0 91,36,7 143,68,19 104,48,14 77,36,16 120,52,14
57,48,31 54,44,20 64,47,21 69,46,17 87,51,20 80,47,20 80,54,33 65,51,37 32,20,20 37,31,26 47,38,32 40,29,26 31,20,15 33,22,19 41,26,15 77,47,21 138,70,0 143,58,0 66,39,7 34,23,18 26,19,19 26,21,20 26,19,19 27,20,20 28,18,19 40,20,11 65,29,7 84,38,1 89,39,0 107,49,0 95,42,0 32,19,12 22,12,11 22,12,13 19,14,13 21,13,19 52,26,14 100,47,2 148,71,0 149,73,0 103,44,0 127,59,0 127,58,0 92,41,6 54,22,8 34,17,7 19,19,19 22,15,15 34,21,16 30,18,20 20,12,18 12,9,13 50,22,9 118,49,9 97,41,3 96,47,7 101,50,11 121,51,4 146,55,0 92,36,14 133,60,17 59,23,3 83,36,13 118,53,12
86,42,14 88,42,14 88,44,6 80,36,6 72,37,10 69,31,10 68,35,10 58,32,11 50,24,10 50,24,12 38,21,11 34,23,16 35,22,15 42,26,22 43,29,15 45,26,12 126,68,6 153,82,13 108,53,8 26,13,8 11,9,10 21,16,15 24,17,17 26,19,17 27,16,13 45,24,9 53,24,4 84,37,3 87,36,0 119,60,1 83,37,0 31,15,9 21,11,12 22,12,13 20,13,13 20,12,18 51,24,6 112,54,1 137,63,0 145,66,0 101,45,0 117,52,0 126,53,0 100,46,0 56,24,8 30,13,3 20,18,19 20,13,16 32,18,20 22,10,12 19,8,15 18,8,12 60,29,10 70,29,9 110,51,3 112,56,7 110,50,9 61,26,1 91,36,7 84,36,11 110,47,23 87,41,15 99,45,11 108,51,20
36,20,16 31,20,13 33,22,19 34,23,18 36,23,18 35,22,17 31,22,16 36,23,18 37,27,17 35,26,22 35,22,15 35,22,17 35,20,9 35,21,7 36,21,12 69,38,15 104,46,0 142,75,9 149,72,0 23,13,14 19,9,10 27,15,17 46,24,4 35,22,17 27,16,13 51,26,7 63,28,3 85,36,0 87,37,0 123,62,0 78,33,0 31,14,15 21,11,12 21,11,12 19,12,12 20,12,18 53,23,6 112,52,0 115,54,0 121,56,0 102,48,0 118,52,0 119,50,0 107,49,0 66,28,11 31,14,6 19,17,15 20,15,14 33,19,21 25,13,15 15,9,14 15,10,12 43,17,5 119,61,10 73,36,10 130,63,13 112,51,6 128,62,7 97,38,8 52,19,10 103,55,30 117,51,19 101,42,12 84,42,18
38,22,18 81,51,25 79,38,7 41,26,15 48,32,19 44,27,17 45,30,19 43,28,17 41,26,15 46,29,19 38,23,14 42,26,20 38,25,18 34,24,14 27,16,11 43,27,14 78,37,6 22,16,7 78,35,2 27,22,21 39,26,21 60,31,11 45,27,24 57,31,6 65,32,7 62,31,8 66,31,6 91,41,0 105,54,0 117,56,0 78,34,4 29,15,15 21,11,12 19,12,15 19,12,15 20,13,16 55,23,9 120,62,7 105,45,0 131,60,0 122,56,4 114,51,0 119,51,0 122,57,2 69,29,6 37,17,10 19,17,15 24,17,17 28,18,19 23,11,13 13,8,10 13,10,14 45,19,7 89,43,13 78,32,6 55,22,11 113,60,19 79,31,2 91,36,7 50,22,9 31,16,7 100,49,23 133,65,22 112,54,21
97,53,13 100,55,9 83,43,7 42,27,16 40,25,14 38,23,12 38,23,12 40,25,14 32,19,12 33,21,21 30,20,19 30,20,19 19,18,11 16,16,16 20,18,16 27,22,19 54,26,13 27,21,14 74,38,16 16,18,13 19,17,13 17,16,19 58,36,18 79,45,15 75,36,4 78,44,14 69,37,7 78,42,9 74,39,12 100,51,2 69,33,4 26,14,14 19,9,10 19,12,15 19,12,15 20,13,16 45,19,5 120,61,4 106,46,0 130,58,0 120,56,0 108,47,2 123,50,0 120,56,0 78,32,4 39,16,5 20,18,16 26,19,19 16,11,10 27,15,17 16,9,12 16,10,15 50,24,12 54,25,5 58,29,7 64,28,10 69,31,10 95,41,3 108,43,6 53,23,6 57,31,21 52,26,16 38,16,8 67,25,14
76,40,11 88,43,8 35,10,0 22,16,11 19,14,11 15,15,12 15,15,12 20,20,15 22,22,17 24,24,21 21,23,20 23,23,18 27,25,21 25,23,19 35,26,20 27,22,19 55,30,13 59,25,3 66,32,10 80,46,16 16,16,16 14,12,10 26,22,14 56,37,14 68,42,17 88,49,17 74,38,5 73,38,11 84,45,15 95,46,8 70,31,3 26,14,14 20,13,13 19,14,16 20,13,13 20,13,16 44,21,10 122,59,6 120,56,0 126,57,0 123,56,0 90,39,0 118,49,0 127,57,0 76,30,4 41,18,3 20,18,19 29,20,16 19,9,10 32,18,18 24,14,13 21,13,19 34,15,17 62,31,12 68,30,9 75,33,9 73,28,7 101,48,5 111,50,5 46,23,12 53,28,25 70,38,24 100,47,20 63,27,19
60,30,4 73,37,6 21,23,18 17,17,14 15,15,10 16,16,16 13,15,12 19,17,15 24,22,18 27,26,17 27,23,15 20,22,17 26,17,11 27,14,9 78,41,15 75,36,6 38,22,9 66,32,10 49,27,9 92,48,6 75,36,8 64,32,2 84,50,18 89,54,18 90,56,15 79,45,11 71,38,11 69,33,2 71,34,8 66,33,8 72,37,10 84,45,17 68,34,4 73,39,9 64,30,8 36,19,9 41,17,9 108,54,4 130,64,0 131,63,0 132,60,0 89,33,0 114,44,0 116,51,0 76,28,0 48,18,3 22,17,16 32,20,20 17,9,15 35,18,19 18,8,12 16,10,15 25,13,13 79,37,13 117,61,14 116,59,15 83,40,5 121,61,7 90,45,1 71,37,17 53,34,22 47,25,19 99,43,17 60,29,19
45,26,10 26,17,11 26,17,13 35,22,19 29,19,9 33,20,13 32,18,20 33,18,9 32,16,3 35,15,0 45,20,1 30,10,1 63,34,10 59,30,0 83,40,7 66,34,0 57,31,8 65,29,7 56,30,7 68,35,8 56,22,2 67,32,7 76,37,5 78,44,14 75,41,9 76,41,5 79,44,8 64,31,6 68,34,4 74,40,8 88,49,17 75,36,4 75,39,8 86,52,18 66,31,4 71,36,9 83,44,14 73,39,5 99,50,10 146,73,0 122,54,0 96,37,0 108,48,0 112,46,0 80,34,0 50,18,4 23,21,22 25,15,19 13,10,14 25,15,19 22,12,13 14,11,15 16,13,19 37,19,14 72,39,14 41,21,1 145,74,1 206,113,0 130,55,0 99,34,0 55,21,1 50,22,9 108,50,24 62,30,14
53,29,3 73,38,11 77,39,2 49,19,2 71,35,6 88,43,8 80,37,4 83,38,3 93,48,4 93,47,6 87,40,6 88,44,2 38,21,13 30,18,18 80,44,11 54,32,14 40,20,2 77,44,17 73,39,17 60,32,5 84,44,10 82,43,13 72,37,12 74,38,9 72,31,4 73,34,6 72,35,9 71,41,13 62,32,4 61,32,8 65,31,9 73,37,6 78,43,16 68,33,6 68,38,10 73,39,9 70,36,4 71,37,5 75,40,4 79,43,14 74,38,5 83,47,14 93,45,0 113,48,0 84,34,1 55,20,5 28,18,22 30,18,20 15,10,12 24,14,18 19,12,12 15,9,14 14,11,15 36,18,17 55,31,9 92,47,14 53,26,8 54,27,9 64,33,14 132,59,0 89,38,3 80,33,10 95,39,15 72,37,22
62,28,6 72,36,14 78,37,8 51,22,0 71,27,0 77,33,7 68,29,0 83,39,11 85,42,7 80,37,4 87,44,11 97,48,10 86,45,14 59,32,16 15,10,9 36,17,3 64,32,2 61,25,0 44,23,8 65,29,7 65,31,9 59,32,14 80,43,17 63,28,1 59,31,4 83,44,14 64,28,6 66,31,4 75,39,8 79,43,14 63,28,1 71,34,8 67,32,5 76,44,14 70,40,14 66,36,10 61,32,8 70,37,10 66,32,10 72,39,14 59,24,0 73,39,5 79,45,11 79,44,8 101,57,15 64,30,10 28,18,19 38,21,22 16,10,15 31,19,24 25,15,16 20,13,16 16,13,19 24,14,18 52,24,11 66,31,6 105,51,1 96,46,2 79,34,11 106,38,0 91,41,0 119,51,6 106,46,21 90,48,26
65,28,4 72,35,9 77,35,11 77,39,4 78,42,13 76,39,15 81,37,7 75,34,5 69,30,0 68,32,12 57,26,3 60,29,6 26,13,8 90,47,12 57,31,10 15,8,11 30,13,3 75,41,11 64,31,4 71,35,6 68,35,10 63,28,1 73,37,8 72,37,10 82,42,8 68,31,5 61,30,7 87,50,24 72,40,10 81,45,16 83,43,9 85,42,9 76,40,9 71,35,6 74,39,12 64,31,4 64,31,4 61,32,8 63,34,10 65,32,7 69,36,9 66,34,4 66,33,6 68,34,4 82,48,14 76,40,7 86,47,8 84,45,6 65,35,18 26,14,16 51,30,19 41,24,16 21,18,24 22,14,20 43,22,18 112,56,9 122,66,3 94,43,6 106,48,11 85,42,9 114,53,6 139,63,0 51,20,8 61,28,19
55,31,9 52,28,6 41,24,14 38,18,9 27,11,5 40,19,8 41,20,7 51,26,7 51,22,2 51,22,2 55,26,4 46,21,4 49,20,0 88,44,6 76,36,2 84,41,8 20,10,0 25,13,13 59,27,11 69,33,2 85,46,7 78,37,8 64,34,8 68,34,2 67,33,3 88,48,14 78,39,9 63,30,5 78,44,12 59,26,1 68,36,6 78,39,9 81,42,10 82,44,9 67,31,0 89,52,12 76,40,7 61,28,3 56,27,3 61,32,10 55,26,4 61,30,7 64,34,6 61,28,3 68,35,8 71,35,6 60,32,3 71,42,9 70,38,4 89,54,18 85,45,9 68,33,6 25,15,5 21,15,22 36,23,16 53,31,13 94,41,0 102,48,0 105,49,13 89,41,12 64,26,5 80,32,7 75,32,17 62,29,22
63,31,1 74,38,7 78,46,12 73,41,11 56,30,7 73,37,6 62,28,6 54,25,3 78,37,6 68,27,7 68,33,6 74,33,4 85,41,3 84,42,4 83,38,3 84,41,6 102,60,6 53,24,2 11,10,13 51,30,7 96,51,7 78,37,6 78,38,4 67,31,2 81,38,5 83,40,5 77,37,1 76,37,5 81,43,8 77,43,9 62,31,8 50,26,2 64,31,4 80,44,13 69,33,4 77,39,4 57,26,3 73,39,9 63,28,1 59,30,6 51,27,3 49,23,0 57,31,8 61,32,8 52,26,3 68,38,12 66,36,8 68,38,12 61,33,6 72,37,10 65,32,7 75,41,11 90,55,17 85,47,10 75,36,6 50,25,8 93,44,8 99,47,0 91,37,3 69,32,8 80,35,2 115,53,0 63,32,20 55,24,14