87,70,46 85,68,44 60,49,42 77,63,38 75,61,45 87,70,44 54,39,30 46,34,24 47,39,28 53,43,33 61,49,37 62,52,42 65,55,45 53,43,33 55,45,35 50,41,35 47,38,32 46,37,31 49,40,34 44,35,29 40,31,27 26,17,13 23,29,16 32,22,26 30,23,26 28,23,25 31,24,24 30,23,26 31,24,24 34,27,30 40,34,29 36,30,25 35,26,22 42,33,29 42,33,29 47,38,32 46,37,31 45,36,30 49,40,34 47,41,36 44,37,35 39,34,33 36,31,33 30,28,29 31,29,30 30,27,31 33,30,34 34,31,35 36,31,33 36,31,33 32,30,31 31,29,30 34,31,35 34,32,33 35,30,32 40,35,32 33,27,32 28,26,24 18,15,19 15,14,17 19,17,25 17,14,18 17,15,16 14,7,10
81,64,40 79,62,38 60,49,42 84,70,45 79,64,53 82,65,41 64,51,30 52,43,35 43,34,28 55,45,35 50,38,26 58,48,38 64,54,44 66,56,46 57,47,37 58,49,43 49,40,34 46,37,31 52,43,37 49,40,34 40,31,27 26,17,13 18,24,11 25,23,24 30,23,26 27,25,26 31,24,24 33,26,29 31,24,24 31,24,24 33,27,22 31,25,20 33,24,20 43,34,30 42,33,29 40,31,25 46,37,31 46,37,31 47,38,32 44,38,33 42,35,33 39,34,33 38,31,34 30,28,29 32,30,31 33,31,32 33,30,34 35,32,36 32,27,29 36,31,33 34,32,33 34,32,33 33,30,34 34,32,33 36,31,33 44,34,33 33,27,32 12,10,8 17,14,18 18,17,20 17,15,23 14,11,15 24,22,23 21,14,17
77,64,43 71,58,37 63,50,43 81,62,50 80,65,54 58,41,31 64,50,34 62,48,34 65,50,41 38,29,25 46,36,26 47,39,28 50,44,37 78,64,46 64,55,40 52,43,37 53,45,34 46,38,27 46,37,31 51,42,36 45,36,32 32,23,19 26,19,17 27,25,26 29,22,25 28,23,25 30,25,24 31,24,24 34,27,27 36,29,32 38,29,25 33,24,20 32,23,19 44,35,31 42,33,29 34,28,23 48,41,39 47,38,32 51,42,36 45,36,32 42,35,33 39,34,33 24,24,24 30,28,29 31,29,30 35,33,34 34,32,33 34,32,33 34,32,33 36,31,33 36,31,33 34,32,33 34,32,33 34,32,33 31,29,30 27,22,24 17,15,13 17,16,19 20,17,21 20,18,26 11,10,13 26,23,29 12,10,11 24,17,15
73,61,35 69,55,37 58,53,39 78,64,48 85,71,46 36,25,18 69,57,45 61,47,33 61,47,31 56,44,34 39,30,22 44,36,25 50,41,35 54,43,36 57,49,38 59,51,40 49,40,34 52,43,37 45,36,30 46,37,31 46,37,31 37,28,22 24,17,15 27,25,26 29,24,26 34,34,34 32,27,29 33,28,30 33,30,34 37,32,34 44,35,29 33,27,20 36,27,21 46,37,31 44,35,31 36,29,29 37,36,29 47,38,34 51,42,38 40,36,30 35,33,31 34,32,33 28,26,27 30,28,29 35,33,34 34,32,33 34,32,33 33,30,34 30,28,29 36,29,32 35,33,34 34,32,33 34,32,33 34,32,33 26,24,25 21,19,20 17,15,16 16,13,17 18,16,24 15,14,19 18,16,24 15,10,9 21,19,20 34,27,27
80,64,47 71,57,32 60,52,41 75,61,47 88,70,49 39,29,17 69,57,45 73,63,53 65,50,41 57,40,30 51,36,25 57,43,29 54,44,34 59,50,44 53,44,36 52,43,37 58,49,43 43,34,28 52,43,37 46,37,31 45,36,30 37,28,24 18,13,12 27,25,26 30,28,29 34,31,35 33,30,36 42,39,45 28,25,29 41,38,42 47,39,26 59,47,8 56,45,1 64,55,8 64,55,10 64,66,22 40,35,34 39,35,27 45,39,34 42,37,34 38,31,31 32,30,28 34,28,33 33,31,32 34,32,33 37,35,36 35,33,34 34,32,33 33,30,34 37,34,38 35,33,34 34,32,33 34,32,33 31,29,30 23,21,22 14,12,13 14,11,15 17,15,23 14,11,17 20,19,22 16,11,13 17,15,16 30,23,23 30,30,30
84,69,47 78,63,41 64,56,45 73,59,45 78,64,46 49,37,25 46,34,22 46,34,22 45,31,17 48,37,22 59,47,35 181,181,147 38,29,25 39,30,26 52,43,37 52,43,39 53,44,38 58,49,43 42,33,27 47,38,32 43,34,28 40,31,27 16,11,10 28,26,27 32,30,31 37,35,36 40,34,39 21,15,20 30,27,31 58,48,47 64,52,11 75,59,5 78,62,4 77,63,7 79,64,15 73,65,13 74,75,36 30,29,20 40,34,29 40,35,37 39,34,33 29,24,26 33,26,29 37,30,33 34,32,33 35,33,34 35,33,34 36,36,36 35,33,34 35,33,34 35,32,36 37,32,34 35,32,36 28,26,27 12,10,11 18,16,17 19,16,22 18,17,22 19,16,20 17,14,18 20,15,17 26,20,25 34,29,31 33,31,32
82,63,38 73,60,37 57,48,40 71,60,45 72,58,44 48,36,24 47,38,23 48,36,24 67,49,30 112,111,86 142,145,96 150,158,105 61,64,44 30,21,17 37,28,24 56,47,41 56,47,41 52,43,37 53,44,36 40,31,27 47,38,34 40,31,27 16,14,12 27,25,26 38,28,27 78,51,8 43,33,23 42,36,43 46,40,47 63,53,15 74,60,6 84,65,0 94,70,8 93,75,15 91,75,21 83,68,7 80,78,16 53,52,25 39,30,24 35,28,26 65,49,34 31,29,30 38,31,31 33,31,32 34,32,33 37,35,36 34,32,33 35,33,34 35,33,34 35,33,34 37,35,36 37,35,36 34,31,35 25,23,24 18,16,17 18,16,17 18,17,20 17,16,19 20,17,21 20,17,21 23,18,20 37,32,34 33,31,32 34,32,33
72,58,33 70,54,39 62,52,40 75,61,47 69,55,41 46,35,20 64,53,36 81,83,57 90,99,69 91,100,70 121,131,96 95,108,81 189,209,154 41,42,21 32,23,19 36,27,23 50,41,35 49,40,34 53,44,38 51,42,36 43,34,30 42,33,29 23,18,20 31,28,32 37,31,26 82,57,13 83,63,13 45,35,25 64,54,30 68,53,2 75,61,3 87,68,2 98,79,11 94,76,14 88,73,10 92,75,8 87,80,12 82,85,21 44,33,30 71,56,16 76,59,12 40,34,29 36,31,33 37,35,36 34,32,33 35,33,34 32,30,31 37,35,36 32,30,31 34,32,33 34,32,33 37,34,38 32,30,31 13,11,12 17,15,16 17,16,21 14,10,21 21,18,24 24,21,25 25,22,26 30,23,26 34,32,33 34,31,35 35,33,34
72,59,36 56,41,30 75,60,49 77,63,49 58,43,32 41,30,15 89,101,67 82,91,61 100,110,75 92,98,69 100,106,77 84,93,65 145,156,127 98,104,95 30,23,23 29,23,16 38,29,23 56,47,41 49,40,34 46,37,31 52,43,39 33,24,20 26,19,22 29,23,28 39,29,33 51,41,40 51,40,35 56,44,16 73,60,10 74,58,2 81,64,0 89,68,0 88,74,8 81,65,7 79,64,3 86,74,8 82,71,9 69,60,4 67,49,7 59,46,12 77,65,39 37,30,28 40,35,37 37,35,36 31,29,30 31,29,30 33,31,32 40,33,33 38,31,34 35,28,31 37,35,36 38,35,39 20,18,19 18,16,17 17,14,18 15,14,17 27,24,28 13,10,14 23,21,22 25,23,24 31,29,30 38,31,34 35,33,34 37,35,36
67,53,28 57,44,37 78,61,51 77,63,47 56,42,28 47,40,24 100,112,74 96,106,71 90,95,63 105,110,76 79,88,60 104,113,83 90,90,87 105,110,104 98,104,105 46,49,25 32,22,21 33,24,20 52,43,39 50,41,37 51,42,38 50,41,37 27,20,23 31,28,32 32,27,29 33,26,29 36,29,29 36,29,27 59,46,12 86,68,6 90,67,0 87,65,0 85,66,2 67,50,13 67,51,9 88,76,19 97,85,28 80,67,6 85,84,28 32,27,29 24,23,28 33,31,32 35,33,34 39,37,38 39,37,38 34,32,33 34,32,33 48,41,39 35,33,34 34,33,36 39,37,38 34,31,35 19,17,18 16,14,15 16,10,15 23,20,24 23,20,24 9,8,11 25,22,26 26,24,25 30,28,29 37,35,36 38,36,37 40,33,36
76,59,35 59,48,41 77,61,48 77,61,44 39,29,17 42,38,19 137,154,103 97,108,77 83,87,58 100,107,75 85,91,64 88,94,65 91,88,94 151,160,143 119,126,119 149,159,122 64,60,50 32,28,22 43,34,28 46,37,33 49,40,36 44,35,31 30,25,27 32,29,33 30,28,29 31,29,30 48,43,42 216,213,92 69,59,10 58,48,8 88,72,16 72,53,0 66,54,13 83,73,20 76,67,7 75,63,8 101,89,30 97,87,20 99,97,25 28,26,27 27,24,28 35,30,32 37,37,37 37,35,36 37,35,36 35,33,34 41,36,38 57,48,42 38,36,37 38,36,37 38,35,39 30,27,31 17,15,16 15,10,12 17,15,16 34,32,33 21,18,22 9,8,11 23,20,24 27,27,27 37,35,36 37,35,36 37,35,36 37,35,33
78,64,37 56,50,43 71,57,41 76,60,47 61,46,35 60,53,37 124,137,96 91,98,66 92,98,69 106,115,85 81,89,64 102,113,82 95,98,88 147,157,135 141,149,135 117,131,101 173,191,146 126,136,103 29,25,17 31,25,20 43,34,30 37,28,24 30,24,29 30,27,31 30,24,29 58,49,45 48,42,37 172,152,48 90,61,37 91,64,30 76,56,10 88,72,14 78,56,9 95,67,27 120,95,47 84,63,7 108,81,8 103,91,23 106,106,45 64,57,39 34,27,30 31,29,30 40,34,39 37,35,36 37,35,36 39,37,38 52,42,41 54,47,45 38,35,39 39,36,40 39,36,40 19,17,18 16,9,12 20,15,17 35,33,34 28,25,29 21,18,22 9,9,9 21,18,22 33,28,27 37,32,34 40,33,36 35,33,34 37,35,36
81,66,46 63,50,43 77,63,47 72,56,43 59,45,29 91,94,70 91,103,69 78,84,57 96,108,74 108,114,85 76,84,61 84,93,65 99,109,85 154,167,142 167,184,146 156,169,126 194,210,150 163,178,123 48,44,23 31,22,16 29,23,18 32,22,21 56,50,41 51,42,34 64,54,53 60,51,47 64,55,47 166,147,54 103,81,14 82,70,13 74,60,6 85,69,11 81,65,11 81,62,9 85,66,2 99,75,9 103,78,5 104,90,32 107,105,43 97,102,39 44,41,17 36,29,27 37,31,36 38,36,37 39,33,38 41,36,38 59,50,42 43,38,37 37,34,38 39,36,40 37,34,38 17,15,16 16,14,15 25,20,22 40,38,39 30,27,31 19,16,20 10,10,10 21,18,22 36,29,29 35,33,34 38,31,34 35,33,34 39,36,40
73,58,47 66,57,51 76,60,45 73,59,45 64,51,30 187,194,146 123,142,94 90,99,69 100,110,77 92,101,73 86,95,76 89,100,71 97,108,79 119,129,103 205,233,171 139,150,119 184,199,144 190,205,150 199,218,155 108,94,51 44,34,24 80,66,50 73,62,47 65,57,46 83,72,67 67,58,52 72,61,56 167,152,31 84,66,6 79,62,13 94,71,13 99,81,21 100,83,14 97,73,20 115,89,21 111,82,10 107,81,0 105,93,27 110,107,52 104,108,52 82,78,18 67,57,35 41,31,21 41,34,32 45,34,27 50,40,39 65,57,46 37,34,38 38,36,37 41,39,40 18,15,19 16,14,15 23,21,22 37,35,36 40,37,41 27,24,28 21,18,22 10,10,10 21,18,22 33,26,24 38,31,34 40,33,36 38,36,37 37,35,36
55,44,41 61,51,41 75,61,45 70,56,42 69,56,35 216,221,174 139,157,112 107,119,83 99,108,78 96,104,79 96,109,86 104,116,82 95,107,73 103,113,89 182,210,146 118,133,94 167,181,131 182,196,150 205,226,176 86,72,47 37,33,25 112,95,71 114,93,70 139,112,94 69,57,45 36,25,22 123,113,89 165,157,25 84,69,0 83,64,9 91,71,10 92,72,11 65,52,4 77,60,11 99,75,9 106,79,6 102,81,0 105,91,21 111,108,53 86,86,27 83,72,8 73,58,20 56,42,26 43,33,23 46,37,22 63,54,48 57,48,40 35,33,34 34,31,35 39,33,38 18,15,19 16,14,15 40,38,39 37,35,36 35,32,36 27,24,28 24,21,25 12,9,13 23,18,20 39,29,30 38,31,34 40,33,36 37,34,38 39,37,35
53,42,39 62,52,42 77,63,49 56,42,28 69,55,39 194,163,110 91,91,77 81,91,65 100,112,78 102,108,81 143,148,128 139,151,131 109,120,91 121,131,98 128,129,92 210,230,162 221,236,172 215,225,158 181,189,136 141,119,85 44,34,22 125,104,81 131,107,83 151,122,98 44,30,16 105,80,61 64,47,23 187,182,29 188,182,34 108,96,16 102,73,12 94,70,8 107,79,11 98,75,4 88,69,3 87,68,2 97,77,2 103,83,6 116,107,49 88,74,6 93,76,7 66,54,24 42,31,16 48,33,22 47,35,23 93,78,56 98,89,74 36,31,30 41,38,44 29,23,28 20,18,19 21,19,20 40,38,39 46,44,45 32,29,33 25,22,26 10,10,10 20,17,21 31,24,24 44,37,40 39,37,38 41,36,38 44,34,35 66,59,43
54,45,39 67,55,45 72,57,46 61,47,33 46,37,29 86,89,77 90,91,79 97,107,83 98,110,72 108,113,77 162,166,126 138,151,137 131,137,108 111,126,87 145,154,110 186,192,140 193,210,159 185,194,138 190,181,136 75,69,46 46,37,22 132,111,86 141,120,95 255,240,201 64,46,27 116,91,63 69,47,39 138,120,31 158,148,29 125,116,31 112,85,12 102,79,10 101,79,14 100,81,17 88,76,10 89,70,4 101,81,4 109,88,5 67,63,5 94,76,5 91,75,19 50,39,24 47,33,19 48,34,16 51,36,25 102,81,54 107,84,53 105,94,79 41,38,42 19,14,16 18,16,17 23,21,22 40,38,39 42,40,41 32,29,33 25,22,26 12,9,13 23,21,22 35,25,29 41,39,40 40,38,36 39,37,38 50,39,36 71,60,45
57,46,39 72,58,44 75,61,45 64,50,36 30,29,20 97,105,84 124,122,118 137,149,131 102,113,82 125,137,101 151,163,129 123,134,121 144,155,126 131,144,101 115,130,91 150,168,135 174,198,147 195,215,158 179,195,151 114,83,62 50,39,24 149,123,100 248,229,190 221,208,174 96,78,57 96,75,52 63,47,30 174,168,20 182,179,25 115,98,33 96,68,28 96,61,25 91,63,23 90,66,15 88,71,6 94,78,4 111,91,12 102,85,5 72,63,5 96,78,7 66,53,30 43,28,17 50,33,23 45,33,21 41,30,15 88,71,43 100,78,42 108,90,58 110,100,90 84,75,71 21,13,19 32,27,26 42,40,41 39,37,38 27,25,26 10,10,10 21,18,22 34,27,30 42,40,41 40,38,39 40,37,41 42,36,43 68,57,40 74,66,55
63,50,45 73,62,45 76,62,48 70,56,42 25,26,16 98,105,87 127,125,123 140,152,132 94,107,84 111,121,97 131,144,117 134,143,124 163,180,140 195,215,158 152,169,133 91,105,96 83,91,79 133,142,125 163,171,130 150,113,87 48,38,28 151,132,105 233,218,169 153,136,112 94,76,57 73,59,41 106,92,76 76,59,24 172,163,16 136,134,6 72,63,7 79,68,6 77,69,6 78,67,5 79,67,0 106,84,6 104,84,7 60,55,2 87,76,3 72,55,27 44,35,20 51,36,25 51,37,21 57,43,25 48,36,26 89,72,46 106,84,46 108,86,50 116,102,86 79,73,66 19,12,12 37,30,30 47,45,46 34,32,33 25,23,24 9,9,9 28,21,24 40,35,34 41,39,40 41,39,40 42,40,41 49,39,40 77,63,49 23,16,19
70,59,44 73,62,45 75,61,47 57,43,29 43,44,34 90,97,79 141,139,137 149,161,143 114,123,106 138,148,124 148,171,136 152,166,134 168,185,145 231,252,192 116,132,99 87,101,92 75,92,87 107,121,114 138,146,105 121,86,61 49,41,30 239,220,193 192,178,133 130,114,99 80,64,51 62,45,35 78,63,54 51,35,18 140,139,5 174,169,16 93,77,3 93,75,4 98,80,7 105,84,12 108,86,8 100,80,3 66,54,0 84,69,6 84,68,14 59,48,31 42,27,18 47,32,21 49,35,21 48,34,18 41,31,19 90,73,47 101,79,41 109,87,49 110,96,71 98,92,85 21,14,17 43,36,36 46,44,45 32,30,31 13,11,12 13,13,13 38,31,34 44,39,41 44,42,43 44,42,43 43,38,40 58,49,43 83,69,55 14,9,11
75,60,49 71,56,45 59,45,31 71,57,43 80,81,58 101,110,82 121,132,117 123,133,127 118,125,118 149,165,144 152,173,139 225,249,180 162,181,143 173,196,152 92,111,102 97,110,111 88,106,105 85,103,102 99,117,104 134,99,74 55,45,33 255,246,207 139,123,90 78,59,43 54,42,30 88,76,64 89,77,65 65,51,35 60,44,27 67,55,0 86,74,4 95,80,3 93,76,0 88,71,2 62,52,0 81,62,5 93,76,7 79,62,15 83,65,44 38,26,14 43,31,21 38,24,8 47,33,15 42,27,16 40,29,22 83,67,36 100,81,44 106,84,46 108,90,58 118,107,92 20,17,21 50,45,47 38,35,39 31,28,32 11,8,12 19,17,18 42,35,38 45,43,44 45,43,44 42,40,41 43,38,35 64,56,45 47,37,25 8,10,10
72,58,44 70,56,42 57,43,29 74,58,45 77,85,60 87,93,64 97,106,89 112,120,106 116,129,115 170,186,155 159,181,144 237,255,198 165,176,145 149,159,126 107,118,107 121,129,115 109,125,106 81,100,94 108,123,109 143,114,92 60,43,35 233,223,170 100,81,46 79,60,35 61,47,33 73,58,47 38,26,16 41,29,17 55,44,27 59,44,24 121,104,78 76,60,16 78,61,10 84,65,10 86,68,8 86,68,8 69,53,22 74,58,41 50,34,21 38,23,14 29,16,11 46,34,24 48,36,26 42,27,16 41,29,19 91,72,45 100,81,44 103,84,45 100,83,44 114,103,86 26,21,23 46,40,45 35,32,36 28,25,29 11,8,12 23,17,22 44,39,38 42,40,41 46,43,47 44,41,45 49,48,39 75,65,41 15,10,7 12,12,12
68,54,40 75,61,47 62,47,36 72,58,42 76,86,62 86,90,63 85,88,64 88,93,73 108,116,91 151,157,118 175,190,151 239,246,198 105,111,98 190,184,148 150,157,125 125,126,105 153,168,131 116,134,119 98,115,110 110,89,64 66,57,42 218,205,155 103,84,47 87,69,39 95,79,64 95,79,66 77,63,49 73,58,47 45,34,27 64,49,38 71,53,34 85,65,35 81,60,33 88,67,40 86,68,38 77,58,33 52,38,24 45,30,19 45,30,19 36,24,14 40,28,18 44,29,20 44,29,20 54,39,28 49,38,23 88,67,42 98,79,42 99,80,41 100,82,40 112,99,78 37,33,27 30,24,29 30,27,31 25,22,26 16,13,17 21,18,22 43,38,40 48,42,47 47,45,46 44,41,45 65,56,39 69,58,43 12,10,11 20,17,21
65,51,37 70,56,42 65,51,37 65,51,35 96,99,77 98,104,75 76,81,57 84,94,70 104,117,94 115,118,83 159,167,126 160,164,124 160,165,129 220,215,164 216,205,161 146,137,122 139,151,115 179,199,154 106,122,103 103,84,68 83,74,55 203,190,140 71,53,32 46,34,22 72,54,35 87,69,50 55,41,27 104,90,76 48,36,26 51,36,25 42,29,22 50,36,18 91,68,39 87,64,33 83,64,37 32,19,12 41,31,19 38,26,14 41,29,17 47,32,23 45,30,21 47,32,23 51,36,25 41,28,21 44,34,24 81,62,39 98,79,44 98,81,42 102,83,46 110,93,67 106,101,89 22,16,21 21,18,22 28,25,29 37,34,38 20,17,21 38,31,34 46,40,45 45,43,44 41,38,42 78,64,46 29,23,18 18,12,17 24,21,25
66,52,38 71,57,43 68,54,40 50,41,26 85,93,70 87,91,64 83,89,62 81,90,60 89,97,72 84,93,63 128,140,102 141,151,118 166,172,133 233,228,173 197,197,152 243,208,183 122,138,107 143,159,128 106,114,89 86,72,56 80,70,60 44,33,30 29,24,23 29,24,23 39,29,28 53,34,20 85,70,59 40,24,18 79,64,53 43,31,19 69,57,47 42,30,20 32,23,17 23,19,11 84,71,50 48,36,24 45,30,19 38,26,14 44,30,16 42,29,22 43,31,19 47,36,19 42,31,16 42,30,20 38,28,18 81,63,42 96,77,42 99,77,39 106,87,48 106,88,56 104,95,80 47,40,38 21,19,20 31,29,30 41,39,40 17,14,18 34,29,31 41,39,40 38,38,35 39,37,33 77,63,45 16,9,12 23,20,24 30,27,31
66,52,38 69,55,41 73,59,45 42,35,19 101,107,78 81,86,62 84,93,65 83,94,63 105,117,81 103,115,79 99,111,73 132,147,110 201,209,156 226,216,163 160,175,136 234,195,167 154,152,130 99,113,94 86,98,89 85,71,55 119,116,101 32,27,26 29,24,23 35,28,26 28,23,25 55,48,48 62,52,42 69,58,51 54,42,32 49,37,27 62,47,38 88,71,45 98,77,36 42,28,12 95,76,37 81,64,38 45,30,19 34,24,12 41,29,17 52,37,26 48,33,22 50,39,24 42,30,18 39,26,19 37,26,19 67,58,43 96,76,44 105,81,44 105,86,47 108,86,50 109,94,72 94,84,74 28,22,27 35,30,32 39,37,38 16,13,17 34,29,26 34,32,33 32,27,29 56,48,35 38,32,27 16,13,17 25,22,26 33,30,34
70,56,42 55,40,31 66,51,40 47,55,34 115,124,94 94,101,69 80,86,59 80,86,59 103,108,74 98,105,71 99,111,75 136,153,113 210,218,165 226,230,174 210,222,177 215,207,171 152,157,137 93,101,89 97,110,96 80,66,52 203,193,153 37,26,21 67,56,37 58,48,36 37,26,23 29,19,20 60,49,44 64,55,47 59,50,42 72,62,50 68,63,51 74,58,43 101,78,38 98,75,35 104,82,44 98,76,38 52,37,26 42,30,20 46,34,24 43,34,19 40,29,14 43,31,19 41,29,17 44,34,24 34,24,12 45,35,25 90,70,38 101,79,43 103,87,45 104,85,46 110,93,58 107,93,75 26,21,20 24,22,23 30,28,29 16,14,15 32,27,29 20,18,19 27,22,19 66,60,37 13,10,14 21,19,20 27,25,26 38,36,37
70,56,40 56,41,32 71,57,43 102,107,87 151,163,125 122,132,95 99,106,72 98,110,74 95,102,70 93,103,70 93,102,72 97,112,75 235,245,194 207,227,172 173,193,150 202,205,170 116,129,117 89,98,98 101,115,111 113,99,72 99,85,56 55,44,25 64,53,36 71,57,39 58,47,42 28,18,17 30,20,21 53,42,39 51,42,38 57,52,38 65,57,44 66,58,47 69,57,45 76,62,46 100,79,38 99,76,36 45,34,15 41,26,6 68,50,29 49,35,17 45,30,10 64,49,27 50,31,15 47,33,15 68,58,36 60,51,34 79,63,32 94,72,38 99,80,41 108,90,48 109,88,47 109,90,65 109,101,88 20,18,19 18,16,17 14,12,13 30,23,23 14,9,11 51,43,32 38,29,21 16,13,17 25,23,24 34,32,33 40,38,39
65,56,41 54,44,34 66,52,36 126,135,116 134,146,110 103,115,79 87,94,60 92,102,69 91,102,73 98,109,78 81,89,64 78,89,58 178,197,147 214,235,183 172,189,153 148,165,141 97,113,113 97,116,110 143,156,133 255,254,202 137,120,81 76,60,45 56,44,32 64,49,38 58,48,36 43,32,29 26,19,19 33,23,24 51,42,38 53,44,36 59,51,40 59,51,38 67,59,46 67,59,46 68,58,48 87,69,39 93,69,32 90,71,36 96,77,38 95,76,41 96,76,46 96,77,42 96,77,42 93,73,43 89,72,46 82,64,43 73,56,32 82,62,30 97,75,39 99,80,41 106,82,45 112,90,56 98,83,63 48,44,38 11,11,11 12,9,13 27,22,24 20,18,14 56,52,35 13,11,9 20,17,21 30,25,27 37,35,36 44,42,43
59,51,38 55,43,31 62,48,34 133,142,123 107,118,89 103,110,74 106,116,81 105,114,84 91,97,70 102,108,79 98,106,81 108,122,90 182,203,153 211,238,179 137,162,135 95,113,112 114,131,107 148,163,139 243,250,191 255,239,188 115,100,62 59,49,37 53,45,34 60,52,39 60,52,39 53,45,34 31,24,22 26,19,19 37,27,26 53,44,40 56,48,37 57,49,36 57,49,36 60,52,39 63,55,44 68,57,50 69,59,49 100,80,48 103,86,51 107,85,47 95,78,41 100,83,46 96,78,46 93,75,43 87,68,43 79,65,40 53,44,27 81,60,33 91,68,37 99,77,43 106,84,46 106,87,48 108,90,60 107,92,70 19,14,16 11,11,11 25,23,24 17,14,18 31,25,16 12,10,11 26,23,27 34,29,31 41,36,38 47,45,46
54,46,35 54,42,32 45,33,21 125,133,123 107,120,97 98,107,79 95,106,75 98,106,81 88,99,70 98,107,79 98,104,93 92,102,78 193,214,164 173,197,159 113,137,124 139,160,137 138,158,131 123,142,120 255,254,206 228,212,168 104,85,48 64,50,36 59,47,35 57,49,36 61,53,42 61,53,40 53,45,34 33,24,20 28,21,21 37,30,28 56,47,43 59,50,42 55,49,42 56,50,41 60,52,39 60,52,39 61,53,42 66,56,46 100,84,51 106,87,48 96,76,44 96,77,40 105,86,47 103,84,49 97,78,51 81,64,40 61,52,48 78,57,34 82,62,32 93,74,39 96,77,42 107,86,45 108,86,50 106,87,60 43,32,27 15,7,15 19,17,18 12,10,11 23,16,14 14,12,13 27,22,24 35,30,32 41,36,35 51,44,44
49,40,32 53,40,33 44,33,28 147,145,141 111,120,103 133,146,105 106,117,86 109,117,107 93,99,86 129,119,109 120,107,104 109,119,97 173,195,154 101,123,113 113,139,131 143,168,148 160,185,154 148,163,135 255,245,196 185,168,129 105,86,49 62,48,34 60,51,36 57,49,38 59,51,40 60,52,41 63,55,44 57,48,40 36,26,25 35,30,29 39,34,33 53,43,42 100,78,40 110,84,43 101,78,49 70,56,38 69,58,43 70,59,44 103,84,49 107,88,49 104,85,46 107,89,47 105,87,45 102,83,44 98,78,46 83,66,42 69,58,55 62,48,34 78,57,32 88,68,36 93,73,41 102,83,46 109,87,51 106,87,50 115,101,85 18,12,17 24,15,11 45,36,28 13,13,13 18,16,17 29,24,23 49,40,36 57,47,48 59,50,46
41,31,21 45,35,25 41,30,27 134,137,127 150,154,139 150,165,128 103,115,79 104,113,96 107,109,104 157,133,125 125,105,98 101,115,96 152,174,144 99,119,122 114,137,132 136,161,143 142,162,135 142,158,125 242,229,181 145,126,89 103,84,45 57,46,29 62,51,36 58,48,36 58,50,39 59,51,40 66,58,47 62,57,45 52,43,37 45,36,30 35,30,29 35,30,27 47,36,31 109,86,44 109,86,44 110,87,45 114,91,51 113,90,50 111,85,46 107,89,47 108,87,46 107,86,45 105,84,43 103,84,47 96,78,46 82,69,48 83,71,61 68,56,46 65,50,28 82,63,36 93,74,39 102,78,43 104,82,46 109,87,51 107,92,70 49,42,40 24,14,13 29,20,16 22,17,16 58,49,41 70,58,46 68,56,46 65,54,47 60,51,45
40,30,18 46,36,24 136,116,107 142,139,126 163,159,138 168,168,138 103,107,92 96,105,88 69,74,68 109,100,96 113,100,97 94,108,99 99,116,108 129,148,139 92,109,101 118,137,126 103,122,102 147,152,130 212,197,150 122,103,64 107,85,47 101,84,45 58,44,28 62,51,36 57,49,38 57,49,38 60,52,41 65,57,46 63,54,46 52,43,35 67,49,44 70,54,48 44,33,30 32,22,21 43,35,22 82,66,33 106,84,46 108,80,42 115,89,50 106,85,42 107,84,44 105,82,42 102,81,40 99,80,43 93,75,45 96,88,77 86,71,60 82,73,58 61,48,27 75,58,34 91,71,39 100,78,42 106,84,46 107,88,51 101,82,57 47,40,40 65,55,45 45,36,32 75,63,53 73,61,51 82,67,56 69,54,43 67,55,45 60,50,40
39,30,22 45,36,28 198,173,156 158,139,125 206,191,153 168,157,140 103,101,102 121,124,116 87,89,86 80,82,77 78,77,82 85,84,89 84,90,91 108,122,118 97,103,104 107,118,107 108,112,95 215,208,177 207,193,150 105,88,51 105,83,45 97,77,45 63,48,28 59,48,33 65,51,35 59,47,35 59,51,40 65,56,48 60,52,41 59,49,39 56,44,34 70,53,43 69,57,45 67,50,40 46,37,31 30,25,22 30,25,22 46,33,30 79,65,47 102,85,50 106,82,45 104,85,46 100,81,42 88,72,39 66,55,36 102,94,83 88,76,64 91,76,65 50,39,32 62,53,38 89,69,37 101,77,40 106,84,46 103,84,45 103,88,68 68,57,50 70,58,46 81,69,59 77,65,55 66,56,46 65,51,37 63,51,41 61,49,39 58,47,40
39,31,20 46,36,26 148,119,124 141,112,117 169,144,141 112,105,108 147,135,123 180,171,152 164,168,153 127,130,122 89,88,91 103,104,109 100,105,111 103,125,127 106,107,110 122,136,117 145,150,126 255,253,203 183,166,129 86,69,34 106,84,50 93,75,45 80,62,43 60,49,32 63,49,35 73,57,40 62,47,38 60,52,41 59,51,38 64,55,49 53,43,33 61,50,35 72,58,44 76,62,48 71,60,45 70,58,46 53,43,33 42,35,33 33,31,29 32,30,26 33,32,23 83,68,57 86,69,45 69,55,41 73,62,45 104,96,83 97,85,75 87,72,61 87,77,67 47,37,27 82,61,34 89,70,35 71,60,43 74,62,50 67,56,51 67,57,47 71,59,47 63,51,39 61,49,37 57,49,38 58,48,38 58,48,38 60,48,36 59,47,35