10,10,10 10,10,10 23,11,13 36,23,18 27,14,9 33,22,19 35,23,11 24,10,10 41,18,17 56,33,20 32,12,5 40,20,11 36,21,10 37,20,10 58,39,23 34,12,6 51,23,10 57,34,23 35,14,3 38,20,15 41,20,9 33,19,21 30,23,21 40,29,26 22,12,16 15,8,11 33,22,17 29,19,18 23,16,19 18,13,12 29,19,18 23,14,10 23,17,12 23,17,12 23,17,12 30,21,15 35,23,13 39,27,15 42,27,16 37,21,17 28,18,17 21,16,13 31,20,17 25,16,12 29,20,16 29,20,14 27,16,13 28,19,13 33,22,17 33,20,13 37,21,15 36,19,11 25,15,16 32,21,18 40,28,16 44,25,11 57,32,13 54,32,12 53,31,11 60,34,13 77,36,9 113,53,0 136,69,3 135,57,0
10,10,10 11,11,11 23,11,13 38,26,16 28,15,8 41,28,23 45,26,14 24,12,12 41,19,13 58,35,22 39,15,9 43,17,5 39,23,10 52,30,22 63,40,27 51,25,13 56,28,15 56,35,22 39,16,5 42,26,20 47,26,15 32,18,18 24,12,12 38,27,24 23,13,17 16,9,12 39,26,23 36,23,20 14,9,11 15,8,8 26,16,15 24,15,11 23,17,12 24,15,11 40,29,22 45,28,18 33,18,9 26,15,10 30,19,14 37,26,21 42,29,22 32,23,17 32,24,13 29,20,16 23,14,10 32,19,14 30,19,16 26,17,11 34,23,18 32,19,12 47,32,21 41,24,14 22,12,13 34,23,18 40,25,14 51,29,9 59,33,10 51,29,9 48,26,6 60,31,7 106,53,8 94,35,0 123,59,0 198,92,0
10,10,10 9,11,11 29,16,13 43,29,15 35,20,11 43,28,19 42,21,10 35,18,10 57,31,21 65,34,22 40,11,5 42,19,8 48,27,14 56,30,20 62,37,20 51,23,12 81,42,28 61,33,22 42,14,1 49,27,19 44,25,9 27,15,15 30,18,20 36,20,16 24,14,18 19,12,15 31,20,17 44,29,20 11,9,10 16,11,10 24,15,11 28,18,17 25,16,12 25,16,12 24,15,11 25,16,12 45,30,19 49,33,20 27,14,9 35,22,17 38,26,16 27,15,15 33,24,20 31,22,18 23,13,14 26,12,12 33,22,19 29,20,14 39,27,17 35,19,13 54,35,19 34,22,12 28,22,15 35,22,15 47,28,12 52,33,10 45,25,7 44,26,7 45,24,9 69,32,6 96,41,0 125,60,0 194,89,0 169,74,0
10,10,10 12,7,6 29,15,15 49,33,18 37,20,10 52,35,25 51,28,15 34,17,9 56,28,19 66,39,23 48,17,9 58,31,15 56,30,16 52,24,11 69,39,24 56,25,13 62,27,12 65,37,26 43,15,2 58,30,19 48,27,12 29,15,15 21,11,12 33,21,11 31,17,17 26,16,17 26,16,15 41,26,15 14,9,8 18,16,17 24,15,11 28,19,15 25,16,12 26,16,15 26,17,13 26,17,13 19,9,8 23,14,8 25,16,10 22,10,15 26,17,13 24,14,15 16,11,13 36,25,22 17,7,6 31,15,9 34,23,16 33,20,15 45,30,21 34,19,10 48,26,8 33,20,15 36,23,20 35,19,13 49,27,9 57,31,10 37,16,3 41,20,5 55,30,11 103,52,0 117,53,0 181,86,0 131,55,0 148,59,0
12,12,12 27,22,24 34,18,12 54,34,16 44,21,6 58,39,25 65,35,20 38,16,8 51,23,12 73,41,25 45,17,8 44,18,4 58,36,18 63,31,17 73,43,26 59,26,19 89,42,19 66,35,25 52,20,6 68,40,27 54,31,16 34,17,18 19,7,7 43,28,17 32,19,16 26,14,14 22,10,12 45,30,21 25,16,12 10,12,12 28,19,15 28,19,15 18,8,7 21,11,12 25,15,16 24,15,11 21,11,12 23,16,14 25,16,12 24,13,8 44,34,24 38,27,20 30,19,12 39,29,19 32,15,7 43,27,10 41,30,15 39,27,17 55,34,19 37,22,13 57,32,15 40,28,18 43,26,16 39,18,5 51,24,6 52,27,8 39,19,10 48,26,8 88,44,6 98,43,0 156,71,0 121,50,0 119,43,0 141,60,0
24,22,23 28,26,27 35,18,10 56,36,18 45,19,7 62,41,28 58,28,13 39,19,10 55,29,15 80,44,26 48,17,7 54,24,9 59,32,16 69,38,26 69,38,26 58,20,10 72,33,19 64,36,23 51,14,0 73,38,25 53,28,11 34,18,16 35,19,17 43,30,23 32,19,14 22,13,9 18,6,8 40,25,14 38,23,14 11,9,10 28,19,15 29,20,16 29,20,16 22,17,16 23,13,14 31,20,17 44,28,22 24,13,10 44,34,22 42,30,18 48,34,18 51,37,19 55,41,25 43,28,17 54,34,14 44,25,9 38,26,14 38,26,16 56,31,12 37,23,9 53,28,9 40,28,18 51,28,13 55,26,6 59,28,5 37,18,6 46,30,13 81,46,21 101,48,3 118,54,0 106,38,0 106,38,0 133,50,0 119,45,0
27,25,26 30,28,29 31,16,7 65,41,19 53,25,14 70,47,32 68,37,18 43,20,9 66,33,24 85,49,29 55,20,7 56,21,8 63,33,16 68,30,13 82,48,28 63,29,11 92,50,26 76,44,28 61,22,10 80,45,30 60,34,24 38,22,20 41,28,23 33,20,13 34,21,16 27,16,13 18,6,6 33,20,13 43,28,17 14,9,8 26,19,19 28,19,15 28,19,15 29,19,18 36,15,11 134,71,36 205,118,50 146,78,33 61,37,29 72,50,32 56,41,19 56,42,17 53,37,20 57,35,17 65,40,21 53,35,16 45,33,21 48,34,18 80,42,21 40,25,16 45,29,16 48,29,15 63,29,9 70,28,6 63,29,7 37,20,10 62,30,14 88,45,12 105,52,11 79,23,0 98,37,0 132,57,0 128,51,0 119,47,0
30,28,29 28,26,27 32,14,9 63,34,14 50,27,12 72,48,26 79,44,29 49,23,11 66,33,22 86,48,27 57,19,9 59,22,7 66,37,17 78,39,27 73,43,28 63,25,15 96,44,23 86,47,33 62,24,5 94,48,22 59,32,16 40,28,28 39,27,17 38,25,18 42,27,16 35,19,13 28,15,12 35,22,17 42,27,16 19,9,10 19,17,15 29,20,16 26,17,13 29,19,18 83,54,34 105,42,18 124,49,0 140,72,29 163,97,24 56,44,18 73,39,17 60,38,18 60,34,11 140,73,21 73,39,21 49,29,11 44,30,16 65,35,18 80,36,10 42,25,15 41,29,19 91,49,25 80,35,2 80,35,14 59,28,7 36,24,12 73,29,0 72,31,0 61,23,6 93,38,0 118,40,0 119,43,0 121,53,0 104,42,2
31,29,27 31,29,27 31,29,27 59,35,13 51,25,11 80,49,30 75,37,20 49,21,8 60,28,14 95,48,27 67,20,9 58,32,11 82,41,21 94,48,30 79,42,27 69,30,16 99,46,19 79,45,27 60,23,8 96,48,30 68,46,28 45,32,29 45,30,21 44,28,22 37,22,11 38,23,12 29,16,9 37,20,12 43,28,17 24,12,12 11,9,7 29,20,16 29,20,16 28,19,15 43,24,12 86,38,9 64,32,18 39,21,16 64,40,32 109,70,31 60,45,25 122,58,12 88,54,22 68,40,13 96,58,37 124,71,48 36,25,22 77,35,11 95,48,16 38,24,10 57,35,17 55,26,6 86,36,3 77,29,4 149,71,20 58,32,22 66,30,8 66,28,7 79,33,3 104,44,1 127,52,0 137,61,3 87,35,3 38,19,7
31,29,27 34,32,30 36,31,28 73,44,24 53,21,5 84,53,32 84,38,20 64,33,14 79,41,20 100,52,25 61,18,3 72,34,15 80,44,22 84,41,22 82,45,30 75,38,23 105,54,26 85,49,29 66,25,5 104,44,23 67,38,18 39,26,23 51,31,22 36,21,12 43,29,15 44,29,18 64,49,9 97,56,0 135,79,0 95,53,0 11,9,7 31,17,1 67,44,41 40,26,26 37,26,19 36,23,16 22,10,15 130,75,46 56,33,20 99,49,7 65,40,23 64,48,33 119,61,26 110,68,44 71,35,17 104,57,25 68,26,2 86,44,4 69,40,16 129,72,1 87,42,0 85,34,8 79,35,7 96,60,38 98,44,8 133,58,11 85,41,13 58,24,6 79,27,0 112,41,0 116,54,12 51,28,13 30,22,11 52,22,7
31,29,27 34,32,30 37,32,29 70,40,25 56,24,8 86,48,27 76,35,17 54,26,13 62,30,16 100,52,25 74,25,5 82,36,10 97,54,35 104,50,30 87,50,35 83,37,19 104,51,24 82,46,28 59,20,6 96,44,23 64,42,22 39,26,19 53,36,26 35,18,10 133,93,39 59,43,10 89,66,8 103,56,0 140,81,0 146,88,0 54,25,0 144,83,4 76,54,48 101,63,44 55,35,28 50,43,41 41,15,5 87,45,34 71,46,16 48,26,29 138,82,35 45,33,35 72,37,22 71,29,5 75,30,0 97,51,33 81,45,14 93,46,14 61,30,7 36,20,14 54,26,17 94,40,4 45,18,11 149,76,33 149,81,36 139,68,24 47,17,0 68,28,5 85,35,4 53,22,0 41,22,8 57,32,15 94,42,10 109,41,0
33,31,29 31,29,25 35,30,27 75,41,21 67,29,12 94,57,31 97,39,13 57,30,14 61,24,9 102,54,27 66,18,4 76,38,17 102,58,30 86,43,24 73,42,23 68,32,14 121,58,36 102,57,36 86,38,20 137,67,38 78,42,24 37,26,23 45,28,18 41,22,10 151,81,3 114,73,5 96,67,4 94,55,0 135,85,2 176,100,0 152,88,0 76,49,17 140,81,24 155,79,0 164,85,12 65,44,29 38,25,22 72,46,36 37,22,11 53,31,23 31,21,25 52,41,36 122,88,56 172,104,41 44,29,18 66,41,24 73,38,11 95,49,8 25,14,7 32,23,19 28,10,5 56,25,6 32,20,10 33,23,13 98,49,11 98,37,1 59,23,5 58,22,2 52,18,0 44,24,15 79,34,13 113,52,16 128,58,11 150,64,0
35,33,31 37,35,33 38,36,34 70,41,21 55,23,9 93,52,25 78,33,12 63,33,16 59,24,9 106,55,27 66,20,4 109,53,31 104,53,25 115,55,34 95,50,29 100,51,31 111,52,24 75,47,34 46,29,21 90,32,8 62,32,17 49,33,29 49,34,23 31,18,13 73,61,24 94,70,8 114,74,8 140,79,0 222,135,42 124,73,0 219,138,43 79,47,5 62,34,32 196,98,34 110,68,55 85,48,22 56,40,34 33,24,18 37,27,26 54,30,24 48,27,23 55,42,39 40,21,7 114,51,18 55,36,20 92,44,0 93,52,7 62,43,20 67,43,37 65,36,14 37,21,4 29,21,10 108,62,36 59,29,28 96,39,0 97,39,2 64,23,5 61,24,0 37,22,11 62,33,13 83,32,4 118,50,5 123,54,0 160,65,0
32,30,28 34,32,30 39,37,35 69,40,16 47,17,2 104,60,32 83,31,10 65,31,13 61,24,9 114,58,24 65,19,3 67,27,4 108,60,31 105,53,32 83,47,18 65,22,7 118,56,27 57,30,12 43,32,29 143,62,28 87,51,31 41,28,21 65,42,31 29,13,11 108,91,54 98,74,8 124,76,4 188,105,0 164,92,0 136,76,6 213,125,0 199,111,0 25,4,4 58,32,20 46,22,16 36,25,22 34,22,12 52,40,30 32,19,12 29,20,16 69,38,15 53,30,17 76,47,16 44,33,26 83,41,3 54,26,13 98,49,11 45,28,20 77,36,9 81,35,0 67,33,3 44,37,21 83,22,0 83,39,13 106,44,2 97,42,0 80,28,0 57,22,7 48,30,11 61,32,10 85,34,6 105,37,0 122,50,0 170,71,0
35,33,31 35,33,31 32,30,28 76,44,28 50,18,4 104,57,25 82,29,6 72,38,18 72,26,10 111,59,27 73,26,5 86,35,9 112,54,28 105,49,25 93,46,25 94,46,28 115,52,21 91,55,37 43,31,31 111,44,17 61,31,16 54,34,25 59,38,27 28,15,10 88,70,28 104,80,14 134,83,5 214,123,0 194,113,0 168,101,4 195,112,0 209,122,0 20,13,11 17,7,11 16,9,9 21,7,7 21,8,5 19,7,7 32,21,16 99,68,45 165,86,42 117,67,25 95,63,49 39,18,16 163,110,46 56,30,16 83,42,13 36,23,16 96,46,2 96,42,0 41,20,5 43,20,9 39,30,22 114,60,10 113,47,0 89,36,0 95,37,0 41,24,16 56,36,18 61,30,11 86,36,5 105,45,2 126,56,0 179,76,0
27,25,23 30,28,26 30,28,26 68,36,20 53,23,8 102,57,24 89,31,5 55,25,10 56,19,4 122,63,33 66,20,2 98,38,15 117,61,23 102,38,12 94,46,21 81,33,8 138,61,26 99,55,29 41,30,27 152,68,33 47,27,20 41,17,9 51,34,26 72,55,6 107,74,26 109,75,5 167,107,12 215,126,0 154,85,0 194,109,0 224,129,0 126,51,0 28,22,17 24,17,17 31,21,20 56,42,17 56,41,21 55,40,20 77,51,26 43,27,12 99,46,1 227,110,15 197,132,52 58,38,20 65,40,21 71,49,29 57,35,15 46,27,13 98,47,0 99,46,1 43,17,3 46,23,10 65,29,7 113,56,0 131,62,0 91,36,0 87,40,6 42,27,18 55,33,15 59,30,10 89,37,7 97,42,0 130,60,2 163,67,0
31,29,27 30,28,29 32,27,24 68,32,10 63,26,13 105,58,26 108,39,8 97,51,23 76,27,5 107,50,21 57,21,0 94,34,11 115,58,27 99,35,7 93,47,17 79,28,0 103,62,35 74,51,36 31,24,27 84,60,38 120,72,25 65,36,12 72,38,8 89,40,0 111,78,12 104,75,3 129,87,4 200,123,0 179,107,0 192,116,0 217,138,0 220,131,0 32,23,19 32,23,15 51,37,19 58,43,21 62,44,23 61,41,21 83,55,26 87,58,27 91,59,29 107,67,31 151,83,13 68,45,30 58,38,18 64,37,21 38,23,12 50,24,10 111,56,0 78,33,0 30,19,16 36,23,16 106,48,0 131,69,11 138,62,0 98,41,0 56,30,18 42,27,16 50,31,15 56,31,14 86,38,11 98,43,2 87,40,6 138,63,0
30,28,29 28,26,27 27,27,24 62,38,16 44,18,8 107,57,24 89,36,9 68,32,14 62,20,0 120,57,24 76,31,10 100,33,8 117,60,16 116,39,2 105,50,19 74,26,0 39,30,26 40,33,36 91,72,49 180,107,32 215,135,25 130,81,30 86,42,16 69,39,13 181,105,11 142,85,0 124,70,0 156,98,0 199,118,0 212,126,0 255,161,0 212,144,12 101,59,17 80,40,17 82,46,0 55,48,19 62,45,21 71,47,25 84,56,27 97,58,26 189,118,45 50,33,23 119,80,48 166,106,54 92,37,0 203,120,30 57,42,33 51,18,0 120,61,2 49,24,7 32,19,14 51,31,22 120,59,0 122,59,8 149,77,0 103,45,0 38,23,14 46,30,17 41,25,12 47,26,11 66,32,12 93,42,5 83,37,9 108,48,9
26,24,22 26,24,22 26,24,22 69,35,15 38,17,6 96,49,17 90,31,3 78,36,12 60,22,5 97,53,27 63,27,9 106,37,8 115,61,23 101,31,5 79,50,30 69,26,11 124,58,26 80,65,45 130,79,42 217,129,22 225,134,26 129,81,36 78,34,8 81,39,15 94,60,26 153,82,11 201,121,0 182,101,0 109,58,0 182,109,0 151,94,9 75,39,10 78,35,18 83,37,9 205,129,20 166,101,23 65,46,19 72,48,24 53,28,9 131,84,32 84,57,39 70,34,12 71,52,38 104,56,2 206,100,0 88,47,2 44,25,11 82,41,12 103,53,9 32,20,8 40,25,16 65,33,3 139,59,0 139,64,0 105,47,0 116,51,0 36,25,18 41,26,15 37,20,10 37,22,13 37,21,8 68,32,10 85,41,15 106,45,0
31,22,16 33,22,15 40,25,14 64,38,17 43,23,14 100,55,22 72,21,0 82,47,22 54,27,9 96,56,33 61,25,5 112,42,11 117,63,27 108,34,9 47,28,16 48,22,12 104,64,41 94,65,43 191,115,34 235,143,21 226,132,9 117,72,39 86,41,20 89,45,7 94,62,30 83,47,16 161,91,15 149,83,0 123,70,4 132,79,22 159,91,21 69,48,23 86,50,19 90,51,21 217,137,29 197,117,15 67,46,35 58,34,12 68,42,19 57,29,20 78,46,14 69,38,15 56,49,33 40,35,34 193,112,15 79,36,3 51,34,26 72,43,19 75,41,11 29,20,14 43,29,15 100,50,6 137,62,0 163,80,0 107,47,6 113,51,0 34,23,16 45,30,19 36,19,11 36,21,10 29,17,7 46,21,2 54,33,20 81,30,2
35,22,17 31,22,14 45,32,25 24,8,2 30,20,10 74,33,15 71,24,3 49,23,11 38,30,19 71,43,30 56,27,7 89,41,16 102,55,23 102,33,0 43,24,10 88,64,40 100,59,30 94,60,1 159,96,0 72,42,0 193,104,0 74,42,26 88,48,25 97,53,15 80,55,9 58,29,5 92,53,25 108,47,0 100,53,21 115,76,44 60,44,31 41,36,35 65,55,43 52,44,31 108,62,34 106,70,37 118,67,28 68,33,0 53,27,6 59,43,28 72,59,38 90,60,43 43,32,41 100,44,22 156,74,16 195,94,0 67,37,11 108,66,3 37,21,15 37,19,18 49,35,21 131,69,13 136,61,0 159,75,0 107,44,0 56,21,0 38,23,12 44,29,18 29,18,13 28,19,13 29,16,11 34,19,10 75,39,21 133,68,6
32,23,19 33,21,9 42,30,20 15,4,11 22,18,12 43,29,15 46,24,6 44,23,8 37,21,8 50,27,12 41,22,8 86,40,22 37,14,11 77,31,13 88,68,59 75,58,34 137,90,0 82,59,17 214,126,3 79,38,9 158,94,0 77,31,0 126,70,5 88,70,38 76,45,6 67,27,2 78,32,14 75,40,13 34,13,0 83,68,48 75,60,49 24,23,28 35,32,38 55,44,37 95,60,33 72,64,53 48,31,23 45,37,26 52,34,13 67,40,22 159,101,0 65,39,27 33,25,31 59,28,18 117,58,12 149,73,10 93,48,15 83,46,20 71,42,11 73,47,24 123,72,15 119,53,1 148,73,1 161,85,0 96,36,0 13,10,16 40,24,18 44,29,18 33,22,17 29,18,15 56,30,18 36,19,11 58,28,13 130,55,6
21,11,15 25,15,16 37,21,15 19,7,7 22,15,13 38,30,19 35,29,20 42,26,13 35,20,9 53,32,17 33,20,13 52,27,8 17,5,7 61,39,21 81,65,48 76,42,1 193,111,0 154,84,0 29,24,12 105,59,0 143,82,0 89,54,0 183,110,28 73,44,11 69,35,13 77,36,9 93,58,33 137,75,0 131,82,44 115,89,64 26,21,18 23,22,27 37,37,47 75,64,61 97,64,37 64,51,44 27,21,14 81,52,28 52,28,4 125,47,0 154,109,47 80,50,33 45,37,43 80,46,26 146,75,20 196,98,13 109,57,9 75,41,7 58,37,22 90,50,14 60,37,24 114,52,0 147,72,2 105,41,0 87,36,0 13,11,12 41,26,17 45,29,23 34,12,4 33,19,19 32,14,9 26,15,12 35,20,9 176,83,6
19,12,15 21,14,17 34,21,18 19,7,7 24,15,11 39,31,18 36,24,12 34,19,10 35,20,11 47,26,13 34,23,16 50,36,20 18,7,14 32,23,15 77,69,58 96,59,17 108,45,0 134,61,0 89,39,0 122,74,2 164,91,0 77,51,12 76,40,7 45,31,17 41,25,8 73,28,5 73,37,19 224,130,18 226,137,36 103,77,56 26,21,18 24,21,27 33,31,39 77,64,59 83,50,25 45,36,30 47,38,30 97,65,33 21,16,18 105,67,32 128,82,64 70,47,32 46,40,45 76,45,26 138,71,21 211,115,18 114,54,4 65,36,14 75,39,19 79,34,1 53,34,20 121,59,1 147,72,2 98,41,0 79,34,0 15,15,15 39,26,21 31,19,21 27,9,6 36,21,12 32,11,9 20,13,11 31,18,11 109,43,0
27,25,26 26,24,22 27,16,13 13,11,9 22,15,15 25,20,17 26,21,18 27,22,21 28,23,22 54,41,36 90,66,40 40,29,22 10,8,9 23,22,25 24,22,23 64,58,49 34,25,10 47,26,11 86,53,26 57,26,7 57,40,30 92,77,57 92,56,27 39,29,17 51,33,14 69,32,8 145,96,15 133,99,27 84,60,0 66,48,29 24,17,17 22,20,28 34,32,42 72,54,51 108,62,21 56,36,18 26,20,15 77,48,28 124,72,10 67,43,17 109,68,48 60,43,33 45,38,41 70,40,25 137,70,20 209,112,18 154,73,12 43,27,14 53,27,13 103,44,0 54,40,42 69,46,47 80,54,44 112,60,12 67,28,0 18,13,12 30,20,19 26,16,20 17,7,11 30,19,16 42,24,19 18,8,9 25,15,19 128,58,0
21,14,12 20,13,11 23,13,14 30,19,14 32,21,16 31,20,15 39,26,19 45,33,23 46,34,22 58,42,25 98,70,43 48,34,20 18,13,12 38,27,22 33,27,20 67,48,32 85,60,41 96,67,43 47,28,12 41,30,15 36,20,16 39,27,15 82,52,26 47,35,23 49,29,11 65,30,5 72,46,23 77,46,34 53,28,0 99,78,51 27,19,25 17,14,20 37,35,43 70,57,54 75,42,17 50,31,17 41,26,15 63,38,19 40,22,3 66,37,17 100,71,51 58,42,38 45,37,43 66,40,30 132,65,20 189,100,19 186,87,7 29,19,9 45,15,0 69,14,0 116,30,0 112,58,40 84,30,12 63,25,17 58,36,30 33,23,24 28,21,19 17,10,10 17,9,15 29,17,19 48,17,9 52,17,2 94,41,18 106,26,0
49,33,20 51,36,25 49,38,23 55,41,27 53,37,24 55,39,26 51,37,21 52,38,22 59,45,29 66,50,35 86,62,38 57,41,28 16,14,15 18,13,12 20,13,11 21,11,15 32,19,14 49,25,17 85,62,31 62,45,8 60,44,13 53,34,9 66,40,15 49,38,23 46,27,11 66,30,10 34,23,16 40,26,12 58,32,9 91,69,49 27,22,19 25,24,29 32,31,36 63,48,39 86,53,28 31,25,18 26,20,15 53,30,15 48,28,10 60,35,18 87,62,43 52,38,38 42,32,36 50,32,31 118,56,14 138,67,14 195,91,13 73,13,1 76,41,26 92,39,12 46,20,6 85,39,13 109,34,14 56,28,17 51,22,0 52,18,0 93,49,19 39,33,40 18,13,15 23,11,13 83,35,10 69,26,7 106,49,9 167,60,3
40,26,12 41,27,11 41,25,10 52,36,19 46,30,15 47,32,23 48,33,22 42,27,16 42,27,16 43,31,21 74,54,34 57,39,18 15,10,12 16,11,10 17,10,10 19,12,15 95,67,40 93,60,35 75,45,17 90,54,23 94,58,25 50,26,4 40,22,3 29,14,3 34,15,1 47,20,2 79,43,12 104,60,18 94,60,26 77,53,29 33,19,19 26,21,23 38,29,25 75,54,39 102,68,38 51,30,7 53,32,9 51,30,15 41,21,12 44,26,7 84,57,41 49,35,35 38,28,32 40,28,30 44,34,38 41,30,27 152,79,20 30,24,17 32,23,19 30,21,15 41,25,19 45,28,20 45,29,23 49,25,17 36,23,18 35,19,15 29,20,14 29,20,12 29,18,15 41,22,6 63,37,12 75,41,11 53,34,11 73,29,1
50,36,22 51,37,21 52,38,24 44,27,17 50,36,18 45,30,21 41,26,17 45,30,19 45,30,19 62,46,31 86,57,33 50,36,18 14,9,8 18,13,12 19,12,12 23,11,13 92,67,50 80,55,36 58,43,23 65,47,28 81,51,25 94,50,20 100,51,15 99,55,15 96,55,24 87,43,13 92,51,20 95,51,21 86,45,16 81,40,13 84,43,14 86,49,23 53,26,8 49,23,11 65,36,16 63,37,16 53,29,7 52,26,12 49,26,11 42,19,6 44,23,12 51,31,22 38,20,15 33,16,17 26,19,19 35,19,13 68,35,10 67,41,16 63,37,16 54,34,16 45,28,18 41,24,14 35,19,13 35,19,13 51,35,22 58,35,20 54,33,18 64,42,24 63,41,21 45,29,14 36,20,7 38,17,2 56,32,10 72,43,21
42,27,16 40,26,12 43,29,15 56,40,23 45,29,14 43,27,10 47,32,23 52,38,24 56,41,30 75,55,37 79,55,31 56,42,28 14,12,13 16,11,10 15,8,8 20,13,11 28,19,13 68,47,22 83,71,45 79,65,49 68,53,42 67,55,43 71,52,36 74,43,22 73,39,19 70,39,18 71,37,15 68,34,12 62,33,11 61,32,10 58,34,10 57,31,10 60,31,11 60,36,12 78,43,16 78,40,19 77,44,19 61,31,14 49,27,9 54,27,9 58,28,11 56,30,9 56,26,9 56,25,4 57,26,3 67,36,15 69,38,15 66,32,10 68,35,8 69,36,9 77,42,15 79,44,17 76,43,18 76,43,18 68,37,14 71,36,11 75,42,17 76,42,20 69,35,13 66,32,10 61,30,9 62,31,10 63,32,11 68,37,14
41,26,15 44,29,20 42,27,16 43,27,21 47,32,23 43,28,19 45,30,19 50,36,22 47,33,19 64,48,33 58,43,23 37,22,11 13,11,9 17,10,10 24,14,18 29,19,18 25,16,12 53,40,33 45,31,33 76,60,45 71,56,45 62,47,36 71,58,37 63,48,39 69,53,40 53,35,14 54,34,16 60,40,22 55,35,17 51,31,13 56,34,14 53,32,9 54,33,10 60,36,14 61,35,14 66,37,15 74,45,23 69,40,18 58,34,12 57,36,11 63,34,12 64,38,15 61,35,12 63,37,14 64,38,15 64,38,13 72,43,21 68,37,16 68,39,15 69,40,16 79,45,25 70,39,16 73,40,13 72,39,14 71,38,13 71,38,13 74,39,12 72,39,12 70,39,16 80,45,18 78,45,18 75,42,17 70,39,16 71,41,15
43,27,21 44,29,18 41,26,15 40,27,22 30,21,15 41,28,25 41,28,21 39,27,17 49,34,23 73,58,38 46,30,15 43,31,21 26,20,13 29,20,12 31,23,12 45,37,26 50,39,32 44,33,28 26,19,22 71,58,53 35,22,17 46,33,26 78,63,54 63,48,39 61,49,39 57,45,35 52,37,28 45,30,19 48,32,17 49,33,18 45,29,16 50,38,26 55,38,28 48,32,15 51,32,16 50,35,15 50,35,15 49,34,14 57,42,33 53,35,30 54,37,11 56,36,16 47,28,12 46,30,15 55,35,17 58,38,18 55,40,20 45,30,8 55,37,16 55,35,15 57,36,11 60,36,14 54,33,10 55,31,9 57,31,10 60,34,11 59,33,10 70,39,16 75,39,17 70,41,19 67,38,16 70,39,16 75,44,21 78,45,18
32,21,16 30,19,12 31,18,15 38,26,16 40,27,22 34,21,18 39,26,21 43,31,21 49,34,23 78,63,43 62,43,27 63,50,29 56,42,17 55,42,19 65,50,30 62,49,28 62,48,32 33,21,23 41,34,32 77,66,51 93,79,61 85,71,53 93,75,56 62,48,50 64,49,38 63,46,36 57,41,35 59,46,39 48,37,32 39,26,19 42,30,20 43,32,27 45,32,25 44,29,18 48,31,21 49,33,18 49,33,16 46,31,11 49,34,14 52,36,19 50,35,15 51,36,16 55,35,15 56,36,16 55,37,16 51,35,20 43,28,17 53,34,18 52,34,15 53,35,14 46,31,11 44,29,7 51,33,14 53,33,15 55,36,13 56,35,12 51,29,9 51,29,9 53,31,11 59,33,10 67,38,14 71,41,15 77,44,17 75,45,19
33,20,17 33,20,17 33,20,15 34,21,16 38,25,18 35,22,17 39,29,19 42,30,18 47,35,25 56,45,30 68,53,42 20,8,10 15,10,9 16,6,10 56,47,43 33,22,15 42,30,20 30,25,22 56,44,32 77,61,46 87,73,55 80,66,52 70,46,20 149,75,3 160,118,66 71,62,56 52,43,35 61,49,39 64,56,45 55,49,44 55,44,39 40,29,24 36,25,22 34,23,20 38,25,18 38,25,20 42,27,16 42,28,14 44,28,15 46,30,13 45,29,12 44,29,9 46,31,11 43,27,10 46,30,13 47,28,14 52,37,17 55,37,16 56,41,21 45,31,17 44,27,17 48,29,13 49,34,14 50,34,17 49,33,16 48,33,13 45,30,10 50,32,11 57,35,17 51,29,11 49,29,9 51,31,11 55,33,13 58,36,16
31,18,15 24,14,13 33,20,17 36,23,16 32,21,14 28,19,13 33,22,17 30,19,14 29,16,11 66,52,38 61,46,35 45,30,19 45,29,14 57,39,18 62,44,25 61,43,24 61,43,24 38,27,22 41,29,29 39,29,28 33,23,24 66,37,13 53,27,6 86,40,3 141,77,17 72,50,30 55,43,31 66,53,46 60,47,42 57,46,39 64,53,48 46,35,30 46,36,35 36,24,26 34,22,22 33,23,22 37,26,23 40,27,22 44,28,24 42,25,17 42,25,17 42,27,18 44,28,15 46,30,15 45,34,17 49,33,20 46,33,26 40,29,24 44,35,29 49,40,34 47,37,36 53,42,39 29,22,22 42,35,35 45,38,36 53,41,41 46,33,30 58,46,46 57,44,41 45,36,30 44,34,35 49,39,40 57,45,45 58,44,30
24,15,11 29,18,15 31,18,15 28,15,10 28,15,10 43,32,25 53,41,31 54,39,28 50,39,24 64,50,34 50,35,24 42,27,18 51,37,23 59,45,29 53,41,29 19,9,8 39,26,19 63,52,37 37,27,28 41,34,34 42,35,35 40,35,32 41,27,11 93,40,0 67,43,19 45,31,17 64,42,24 58,39,27 59,47,37 54,41,34 59,48,41 62,51,48 46,37,33 42,32,31 40,30,29 32,22,21 39,29,28 45,36,32 47,35,35 36,27,23 37,26,23 36,27,23 40,30,29 42,33,29 40,33,31 40,33,31 41,34,32 35,28,28 40,33,33 44,34,33 47,40,40 42,36,31 40,35,34 48,43,42 45,38,38 50,43,43 46,37,33 52,42,41 55,49,44 37,31,24 45,38,38 50,40,41 55,49,44 71,46,27