70,53,56 68,45,42 114,80,78 86,79,89 74,70,81 76,86,106 110,82,80 83,75,92 111,79,76 137,97,90 55,56,75 100,83,86 42,52,72 39,52,69 65,85,113 71,77,96 135,107,105 51,47,58 61,52,63 95,67,67 63,56,70 51,49,57 61,55,60 65,54,63 50,48,56 63,54,65 66,58,66 49,43,50 68,54,56 50,42,48 65,52,60 62,51,48 66,54,59 63,55,63 115,86,80 132,99,88 83,92,117 111,132,128 84,98,108 67,73,92 52,48,59 61,57,66 52,48,57 55,48,58 53,49,58 44,44,52 46,42,51 52,49,55 61,50,59 46,42,53 45,41,50 89,60,56 55,48,48 47,40,52 39,39,47 50,50,58 35,35,43 49,46,52 55,61,78 62,65,83 53,60,74 59,65,82 49,59,75 83,85,101
78,63,54 89,66,55 76,61,69 97,85,97 68,64,77 73,83,101 90,68,71 74,67,81 114,85,81 136,100,92 57,59,75 99,82,85 42,52,72 42,55,72 63,83,111 72,78,97 132,102,101 54,50,61 58,51,61 114,86,86 64,57,71 45,43,51 85,68,71 61,52,63 45,43,51 58,54,63 64,56,64 55,49,56 62,48,53 53,42,49 67,54,62 66,53,50 64,52,57 60,49,58 106,77,71 131,98,87 69,82,99 94,112,127 105,124,113 68,74,91 48,44,55 55,51,60 52,48,57 54,47,57 54,47,57 43,43,51 52,48,57 52,49,55 59,48,57 47,43,54 45,41,50 128,92,82 90,72,67 52,43,54 41,41,49 50,50,58 36,36,44 44,40,49 53,59,76 62,65,83 53,60,74 55,62,76 48,59,72 86,84,94
109,76,69 76,58,55 84,66,65 87,79,87 80,76,89 72,86,107 84,70,72 73,60,68 92,70,75 132,100,95 66,63,80 106,83,84 41,51,69 49,57,73 64,80,105 83,79,99 135,105,104 55,51,62 59,51,59 97,69,67 69,62,74 53,49,58 85,68,71 59,55,64 51,49,57 63,54,65 64,56,64 57,51,58 58,50,58 57,46,53 91,73,72 72,54,51 67,53,55 66,56,60 104,77,72 122,86,80 64,74,94 88,105,125 87,102,118 61,67,84 54,50,61 54,50,59 51,44,54 64,56,64 48,44,55 43,43,53 48,44,53 50,48,58 75,61,63 49,42,52 56,48,56 111,72,60 92,68,62 78,60,59 45,43,51 55,53,61 35,35,43 45,43,51 47,57,75 58,59,78 57,60,78 55,61,78 50,60,76 91,83,89
106,77,71 78,57,57 91,68,67 100,87,95 74,70,83 81,98,120 82,74,80 92,75,81 90,71,75 131,98,87 86,69,72 93,76,79 41,51,69 45,53,71 70,83,102 81,78,95 125,100,101 49,45,56 64,53,60 92,71,69 58,54,65 51,44,54 71,63,71 67,55,67 54,47,57 59,50,61 71,59,71 66,56,60 59,51,57 51,40,47 102,77,74 91,63,54 59,47,52 66,56,60 96,73,70 126,90,84 78,86,102 80,99,120 86,100,110 76,76,88 77,63,63 49,42,52 59,51,57 73,61,63 49,46,50 47,45,53 46,44,52 54,50,59 64,50,52 51,40,47 58,46,48 75,64,47 50,60,38 60,74,44 51,74,41 47,72,41 43,61,46 38,48,45 50,56,73 51,60,73 54,62,78 55,61,78 53,61,79 109,85,94
71,54,57 69,54,62 80,65,73 105,92,100 65,63,83 105,121,121 86,77,90 99,82,88 97,75,80 118,78,69 122,98,90 93,76,79 39,51,73 41,51,69 65,82,102 81,77,97 90,81,94 58,51,61 73,62,69 73,59,64 54,47,57 63,54,65 78,64,66 66,54,56 60,53,65 55,51,60 62,54,60 72,62,66 59,51,57 49,41,47 94,65,61 75,53,47 72,60,62 55,50,52 101,78,77 123,87,81 74,81,93 88,106,119 105,120,104 79,72,82 85,68,69 55,48,60 64,52,64 107,81,71 65,53,53 43,41,49 49,46,52 49,45,54 50,43,53 55,49,56 52,72,45 48,71,36 49,75,41 47,73,39 46,74,39 49,73,35 46,68,40 44,66,40 42,62,48 45,68,49 38,63,47 44,67,48 45,69,45 42,70,47
60,49,56 57,49,55 69,60,71 64,65,84 62,64,78 88,98,114 65,63,75 91,77,79 95,73,78 126,90,84 99,80,84 72,60,72 43,51,69 39,54,68 66,83,105 74,78,93 81,79,91 58,56,66 57,48,59 64,56,64 67,54,64 50,43,53 77,59,56 56,47,58 51,47,56 64,57,69 90,69,69 67,56,63 58,47,54 60,47,57 91,62,56 78,57,55 73,59,61 57,49,57 99,78,76 129,93,83 71,75,88 87,108,127 78,99,108 63,49,49 74,62,67 53,49,58 50,43,53 50,40,44 99,72,65 49,41,49 49,45,54 54,50,61 50,43,53 65,72,54 61,86,41 75,101,51 50,76,40 61,85,43 88,114,49 93,117,46 56,78,37 41,62,39 39,60,39 39,60,39 37,60,41 35,59,37 33,56,37 35,58,41
73,62,69 54,45,56 72,61,68 61,63,79 65,66,85 107,118,105 66,61,77 68,61,73 69,62,74 126,92,88 69,62,72 77,66,75 46,52,69 41,51,69 68,79,106 66,76,96 62,72,90 49,49,57 60,53,63 61,55,62 65,52,62 54,47,57 81,60,58 70,59,66 47,44,50 71,59,71 112,79,72 77,60,61 59,48,55 58,51,54 83,62,58 82,61,57 67,55,57 57,46,53 107,86,84 125,90,77 62,72,90 115,134,153 106,125,133 93,87,78 71,83,45 71,89,46 50,77,38 56,82,46 52,75,31 111,138,52 90,116,33 74,100,39 114,140,61 93,117,46 101,125,58 85,110,54 62,86,37 106,132,49 80,100,32 74,96,27 102,126,45 71,90,40 32,50,37 26,45,36 37,57,39 39,59,41 35,55,37 32,57,41
65,54,61 47,45,55 76,63,73 60,67,81 62,66,81 79,90,103 80,69,76 57,59,75 58,60,76 116,86,85 75,67,75 92,75,76 59,58,75 40,50,70 70,82,106 65,75,95 61,73,95 52,48,57 68,55,65 68,57,66 62,53,64 63,54,65 88,69,71 56,48,54 61,50,57 85,69,67 123,85,77 74,56,53 51,44,54 57,50,60 97,80,72 97,100,49 110,133,48 101,123,45 88,96,43 109,117,51 86,109,47 90,115,41 70,95,37 58,86,40 95,123,48 83,107,38 56,81,36 73,99,36 79,102,42 78,101,37 117,149,50 110,144,44 119,151,50 123,152,52 112,141,43 73,97,46 62,85,41 78,101,39 50,71,39 47,60,37 93,111,39 105,99,65 38,47,47 27,42,45 28,42,35 31,45,36 33,52,41 31,56,38
46,46,54 45,45,57 86,73,81 58,64,81 76,73,90 90,107,127 117,92,93 56,58,72 56,58,74 88,75,85 71,62,75 92,78,80 64,62,72 38,51,70 68,82,103 65,75,93 61,70,93 51,44,54 73,60,68 66,57,68 59,50,63 58,49,60 79,62,63 95,73,67 65,53,55 87,90,55 109,117,55 101,123,43 113,134,41 120,148,41 116,144,37 115,143,38 111,140,40 97,130,33 120,146,51 74,99,52 66,91,35 67,93,43 49,74,43 58,82,44 48,68,43 38,56,39 41,59,44 59,81,40 69,88,48 59,81,42 109,138,56 118,151,54 104,134,45 99,125,46 101,125,54 78,99,49 52,69,41 64,79,44 117,103,78 157,129,100 137,115,79 160,135,107 53,63,69 46,55,66 42,53,66 31,46,53 23,36,35 27,41,37
46,46,56 48,44,55 73,64,77 57,67,85 62,68,87 96,111,127 120,95,96 56,60,75 54,57,75 57,59,73 54,56,70 88,77,86 71,64,74 40,49,72 69,81,105 62,75,94 70,73,91 57,50,60 84,72,84 59,50,61 67,60,70 52,48,59 70,55,65 94,89,59 106,130,47 94,121,35 116,147,51 105,137,38 117,149,48 127,157,54 120,152,37 117,150,44 88,111,51 79,100,50 91,111,41 51,68,40 43,63,38 45,64,44 42,63,42 34,54,38 40,59,39 35,53,36 34,52,39 47,66,46 38,56,41 42,61,39 71,95,46 88,115,45 83,105,48 63,82,44 44,60,41 51,67,48 42,57,41 70,75,55 192,159,120 211,174,130 197,160,118 189,159,115 64,66,63 67,73,74 42,54,62 41,54,71 24,36,42 26,40,36
46,46,56 51,47,58 72,70,82 58,64,83 50,62,84 89,107,122 83,75,83 53,59,76 51,57,74 52,61,74 53,59,76 88,77,86 75,67,75 35,47,69 67,81,104 67,75,93 74,77,95 60,53,63 68,55,65 54,45,56 71,64,74 54,50,59 107,116,68 105,133,40 100,130,41 107,138,46 99,129,40 81,105,34 55,75,32 57,76,36 73,97,46 71,91,46 40,57,49 47,60,48 52,67,43 50,63,38 40,58,41 39,51,44 82,90,78 147,144,131 114,115,107 70,74,76 51,55,57 39,52,36 34,52,37 34,52,37 54,75,43 67,91,40 68,87,47 55,68,43 56,64,52 86,86,70 118,115,100 109,105,88 211,177,134 192,158,113 178,151,115 185,159,118 74,74,71 59,68,68 43,54,67 43,56,73 41,52,63 26,39,38
50,48,58 51,49,59 69,68,83 58,66,86 45,57,79 87,101,122 63,65,81 60,62,78 52,59,73 55,62,76 53,60,74 87,74,82 87,71,69 42,52,72 66,80,103 73,76,94 67,70,88 61,52,63 83,65,64 71,62,56 90,109,46 108,133,47 100,127,41 97,128,45 83,112,43 84,110,45 61,87,33 55,79,41 38,56,41 39,50,49 66,64,72 82,94,60 114,116,32 144,143,37 205,197,65 92,98,28 55,65,32 123,123,109 95,97,92 93,89,79 131,117,90 219,200,165 139,121,100 126,116,94 96,92,82 47,55,43 38,53,39 45,62,38 61,70,40 105,97,75 149,128,103 185,151,117 143,122,95 155,132,103 160,128,94 174,141,102 97,88,69 100,91,76 71,77,78 71,77,80 42,56,66 44,54,70 42,54,62 36,46,52
48,46,56 48,48,58 56,57,76 58,66,82 45,58,77 76,90,113 67,71,84 54,58,73 50,57,71 51,59,75 56,59,77 84,75,88 51,54,65 42,50,68 68,82,105 80,84,99 72,71,88 67,54,62 109,76,76 52,71,49 52,72,45 60,82,43 87,110,46 61,86,41 56,79,46 58,82,44 49,65,46 71,78,76 39,48,59 76,69,40 83,74,29 102,106,10 219,196,40 255,236,71 255,245,97 197,184,52 101,91,9 91,85,10 89,80,91 100,95,81 180,156,121 202,174,134 201,173,133 198,172,133 181,157,120 151,128,99 123,108,88 109,96,75 157,129,100 182,154,116 190,159,122 174,142,110 148,126,92 156,132,99 152,128,102 176,148,108 105,96,81 140,134,125 55,66,77 96,95,88 56,62,65 45,58,77 39,49,55 37,45,52
47,45,55 43,43,53 60,59,74 56,64,82 47,61,84 64,73,96 60,64,79 59,63,78 57,61,76 51,60,73 54,57,75 58,60,76 47,51,66 54,47,57 63,79,104 70,78,96 84,73,82 75,63,65 95,70,71 158,144,126 147,132,110 107,98,83 54,58,29 82,80,58 176,156,136 155,130,111 85,92,87 42,54,62 47,57,54 63,59,22 84,74,34 210,196,39 223,197,56 250,223,64 255,255,103 255,245,77 237,206,30 222,188,6 189,160,0 155,138,101 196,168,128 182,154,114 189,158,119 180,152,114 163,135,97 171,145,106 135,110,80 163,139,106 198,170,132 176,148,110 152,130,96 146,132,114 135,121,103 122,108,90 127,113,97 181,149,107 77,73,65 77,79,76 53,63,71 84,80,72 70,72,69 43,54,67 41,53,57 39,49,55
46,44,54 45,45,55 63,62,77 59,67,85 47,61,84 56,65,88 64,66,82 62,64,80 56,60,75 49,58,71 169,176,158 45,56,69 50,54,69 75,63,68 62,75,101 65,75,95 65,61,72 79,67,69 130,109,96 166,144,110 169,142,108 158,131,97 147,117,89 181,153,124 172,146,121 158,132,109 68,72,74 58,68,72 44,56,52 83,77,31 35,43,2 164,156,22 168,152,21 255,218,55 255,249,89 255,238,47 254,219,51 245,214,24 217,189,8 146,118,80 166,140,101 165,144,101 154,131,100 191,159,125 171,140,101 179,148,111 154,127,93 190,159,120 182,155,119 155,128,96 157,136,111 102,93,85 96,88,75 108,101,85 92,88,78 152,129,100 95,89,82 91,89,85 58,66,73 62,63,66 83,81,77 42,53,66 44,55,66 37,48,59
48,46,56 43,41,51 64,61,76 55,61,80 49,58,81 50,58,78 63,62,79 60,64,77 84,99,87 66,90,82 55,86,73 85,107,81 61,74,75 89,89,86 62,76,97 67,75,95 77,73,84 150,130,112 166,140,99 170,139,100 158,125,86 169,135,103 173,146,110 169,144,114 101,82,70 119,109,97 73,75,75 50,57,69 57,71,25 151,149,32 52,49,0 91,84,23 188,163,35 250,217,28 255,249,61 247,217,34 248,217,16 244,213,12 227,201,8 208,192,18 77,62,15 84,81,41 126,111,91 153,125,96 170,142,102 173,145,105 160,132,94 162,133,98 166,139,103 151,127,94 148,129,106 107,102,90 102,96,87 110,103,87 74,75,67 80,80,75 67,69,69 57,62,68 71,76,72 55,67,75 54,58,60 45,54,65 40,52,60 40,51,62
50,48,58 43,43,53 62,60,72 57,67,85 49,62,79 50,59,72 66,70,83 52,74,64 52,83,70 59,88,76 58,81,66 57,80,63 55,86,71 45,68,65 61,74,93 87,70,73 179,150,115 176,144,110 157,126,89 157,124,87 201,167,133 151,118,91 144,114,86 133,120,97 117,108,93 118,108,96 78,80,80 55,68,27 77,85,23 93,95,24 106,104,30 110,100,20 184,161,23 236,200,30 221,190,28 154,137,30 101,85,0 189,155,53 233,199,15 231,197,13 200,182,42 128,121,90 152,132,102 158,134,101 164,140,105 153,128,100 152,123,88 162,135,99 171,144,112 162,137,107 124,107,83 124,115,100 120,113,97 129,115,97 106,99,83 70,72,69 95,94,85 72,74,71 64,68,70 56,61,71 46,56,60 45,56,69 38,49,60 42,53,64
51,47,56 41,41,51 58,56,68 56,66,86 48,61,80 57,60,78 59,77,76 37,63,55 42,65,62 49,74,69 53,78,75 41,64,61 51,70,59 52,64,57 107,103,95 138,116,96 134,105,74 151,117,85 177,143,109 160,128,96 158,129,96 141,116,88 117,98,75 94,84,74 104,96,83 118,115,91 62,75,23 65,75,22 75,84,28 83,88,27 136,127,30 165,134,13 255,205,21 230,186,35 124,106,17 68,56,0 60,55,0 105,102,37 101,89,30 184,173,31 169,142,38 134,121,98 147,124,93 139,120,95 157,137,107 110,99,82 154,131,102 159,136,107 159,135,102 148,124,91 137,118,95 130,117,94 129,116,93 135,118,94 111,97,79 88,86,82 79,74,71 85,81,75 55,61,64 78,83,82 49,59,65 41,52,63 35,46,57 35,47,53
64,54,58 44,44,54 57,55,67 59,65,86 45,55,75 60,61,82 49,67,66 39,62,59 42,65,62 50,72,60 75,80,74 120,116,108 107,98,94 132,123,117 94,89,77 80,72,61 138,108,80 147,115,83 140,111,76 144,119,89 129,103,78 119,96,67 87,76,59 21,19,17 67,75,36 78,87,27 82,89,30 80,88,26 77,84,25 94,91,24 191,170,31 223,188,20 255,216,50 255,226,71 200,157,28 167,140,25 92,52,27 53,44,27 72,67,0 53,51,33 39,35,25 120,110,88 152,129,100 77,71,66 134,123,108 124,113,96 143,120,91 113,102,85 132,115,91 162,139,110 135,120,98 128,118,106 127,113,95 134,115,90 93,87,78 67,72,71 63,64,69 51,54,61 54,62,69 47,55,60 43,53,57 43,55,63 38,46,55 33,43,51
84,66,65 45,41,54 56,52,65 57,65,83 42,55,70 57,69,75 61,81,63 73,95,69 74,92,75 96,106,100 111,104,102 117,115,111 133,129,123 112,108,102 86,76,75 79,73,64 163,139,115 161,131,103 137,113,80 152,127,97 129,108,83 93,84,76 41,38,42 67,77,24 82,91,33 72,86,29 76,87,29 80,89,29 80,87,28 131,120,33 205,174,23 228,192,31 255,215,55 255,216,59 255,217,55 139,113,22 90,56,11 182,143,45 250,211,71 47,44,29 50,50,47 98,94,77 112,98,80 86,81,78 91,89,87 102,96,87 142,119,88 104,97,79 136,119,95 152,131,104 106,95,80 82,81,74 103,95,84 109,98,83 79,74,73 60,69,71 56,61,69 38,48,52 40,48,55 38,48,54 36,46,52 35,45,51 33,41,48 30,38,47
97,108,66 66,82,51 103,129,75 91,125,54 41,68,50 47,74,54 59,87,50 77,102,57 87,90,80 124,122,123 115,110,112 119,119,114 129,130,122 120,119,112 67,65,63 59,66,64 123,109,93 117,95,77 119,95,71 115,94,81 59,50,33 49,45,39 59,57,55 70,83,29 83,87,29 83,91,29 86,94,30 83,90,31 95,96,17 194,175,38 223,186,21 223,185,27 251,203,44 236,194,33 234,193,36 246,208,34 218,187,38 255,229,73 253,214,63 235,205,22 107,93,25 78,74,66 89,81,70 82,76,69 66,68,68 85,81,75 166,145,118 130,115,95 145,124,97 160,139,112 96,86,74 84,82,78 86,84,80 84,78,69 51,60,62 57,63,66 52,60,65 31,41,45 32,42,46 34,42,47 32,40,45 34,39,47 29,34,42 20,28,33
81,110,57 96,124,58 107,139,65 81,111,62 79,111,52 53,79,56 37,61,53 41,58,50 116,116,113 108,108,103 124,122,118 118,112,107 144,138,133 108,101,99 74,72,70 54,54,54 38,31,31 33,23,27 51,40,35 118,98,80 46,42,36 50,44,37 61,57,51 78,86,47 86,96,31 100,101,33 93,98,35 89,96,41 168,157,24 229,200,26 239,198,28 213,178,24 221,184,30 206,174,30 196,171,41 167,146,45 97,80,13 152,126,46 123,98,41 139,129,47 149,128,31 94,88,79 96,87,79 105,95,83 77,73,67 66,68,65 143,123,103 103,99,91 134,121,100 109,100,85 107,96,81 139,130,113 110,106,98 85,81,75 50,62,66 51,55,59 41,49,54 38,46,51 34,42,47 31,41,45 27,39,43 29,37,44 20,28,35 35,44,55
32,41,43 41,46,42 89,90,80 108,104,94 123,122,111 103,102,91 75,78,85 48,56,61 102,104,104 121,121,118 90,90,87 108,104,98 108,104,98 112,107,104 37,35,33 27,24,28 27,22,24 82,73,67 81,77,69 95,97,94 113,84,62 62,46,33 47,43,37 41,42,30 85,95,32 104,111,38 92,99,40 107,108,40 179,165,8 233,208,23 255,227,48 198,174,21 187,162,18 140,127,34 76,68,18 177,160,13 228,193,39 138,121,16 49,48,10 60,62,20 68,69,61 86,85,76 90,84,79 110,98,86 101,96,84 81,80,71 122,108,92 96,91,88 150,132,111 117,99,80 137,121,104 86,79,77 72,70,68 58,60,60 40,55,62 60,66,67 53,58,64 40,50,54 40,48,55 37,47,53 32,40,45 32,40,45 25,33,38 30,38,47
95,93,89 98,92,83 128,118,106 114,105,97 86,82,72 98,94,88 49,53,57 109,115,118 109,110,115 96,96,96 105,105,105 105,104,97 114,110,104 107,103,97 26,24,22 25,25,25 246,237,190 227,209,188 200,183,146 255,255,209 135,124,121 80,59,44 54,48,41 45,44,37 75,81,42 88,96,34 89,99,32 115,112,29 164,144,16 206,183,11 255,244,59 215,183,30 155,139,27 84,79,10 195,175,47 210,183,28 228,197,46 218,192,51 77,79,24 66,75,31 56,62,63 72,74,71 86,82,74 91,83,72 89,84,72 82,77,65 114,103,86 67,65,63 133,114,91 158,135,106 142,119,90 95,82,75 81,78,65 52,58,61 45,55,61 54,64,70 56,66,74 44,56,64 43,51,58 42,54,60 44,54,60 37,47,53 34,42,51 31,38,50
82,80,81 69,70,73 80,73,71 74,70,64 65,61,53 141,125,108 144,130,105 69,81,89 84,87,96 88,86,87 120,115,114 99,101,96 108,103,100 60,58,54 32,33,25 223,217,181 112,112,107 100,109,111 99,116,111 109,121,112 153,155,138 78,72,65 73,61,49 47,43,37 39,37,33 79,83,56 91,96,35 131,125,34 134,121,19 147,134,14 243,220,39 254,225,35 110,102,21 212,187,41 142,120,14 167,149,31 178,166,41 179,165,52 122,111,38 94,98,60 58,66,73 73,75,72 111,103,90 84,80,70 85,81,73 97,87,77 109,93,78 62,64,64 90,89,82 120,96,74 116,103,80 79,80,83 69,74,82 59,64,72 69,73,77 47,56,67 46,60,70 47,62,76 43,55,63 48,59,70 48,59,70 51,61,79 42,53,64 40,52,60
95,93,89 66,66,63 90,84,77 89,80,74 126,107,80 139,122,98 122,119,106 78,88,96 69,74,80 94,91,95 108,106,104 96,96,96 97,95,96 51,46,43 255,245,200 244,228,174 188,182,157 111,116,112 128,134,121 131,137,124 100,109,111 112,120,125 38,37,30 51,47,41 42,37,34 40,38,34 92,97,50 152,137,27 105,112,26 86,89,27 181,166,47 242,220,32 211,192,41 233,202,51 123,118,38 103,100,35 92,89,24 112,97,59 81,74,58 137,114,56 47,59,63 74,79,75 140,127,106 96,87,79 93,84,78 95,87,76 110,95,73 82,76,69 89,83,74 93,87,80 64,66,66 95,97,97 52,64,68 52,63,76 54,62,69 48,59,70 41,52,63 39,53,63 50,61,72 54,64,82 49,61,69 44,55,68 45,56,69 55,65,81
60,61,64 51,52,57 72,70,68 187,179,168 149,140,125 139,133,124 131,131,131 72,82,90 85,90,98 82,86,90 88,88,85 101,99,100 101,99,100 177,169,135 255,252,197 255,250,196 171,166,152 110,113,103 193,188,160 185,178,151 119,122,110 93,104,103 88,94,95 44,37,37 42,36,29 47,43,35 40,39,28 166,150,36 128,132,36 72,81,23 72,81,21 168,154,30 223,204,40 112,106,4 77,82,17 73,81,17 74,83,23 68,81,27 57,71,21 45,56,55 52,61,63 70,72,69 118,104,88 95,84,77 69,68,61 78,72,67 128,118,108 84,79,67 69,67,63 68,72,74 55,61,64 89,91,88 57,61,63 43,51,56 40,48,53 35,45,51 42,53,66 54,69,87 51,61,79 49,60,73 56,67,80 53,66,85 46,59,74 54,66,88
53,55,55 65,65,65 89,86,73 126,123,108 129,124,121 93,95,90 88,89,92 69,77,84 69,77,86 85,90,96 88,90,90 81,79,80 80,78,74 237,225,184 255,239,184 236,219,180 107,117,114 110,117,112 219,208,173 255,255,209 221,210,177 119,122,102 91,97,98 44,42,38 42,36,31 40,36,30 40,34,29 85,59,34 152,140,33 79,86,13 60,69,13 62,67,22 128,123,25 130,130,44 86,94,32 80,92,27 74,86,23 68,77,19 67,70,58 49,61,67 42,52,58 70,68,66 99,87,75 84,78,73 61,61,58 72,70,66 101,99,95 100,100,97 66,66,66 56,59,68 68,72,76 66,74,79 52,62,70 52,62,70 53,63,71 45,56,67 41,49,58 40,52,56 54,64,68 65,77,85 54,66,74 63,76,91 60,73,92 60,73,90
132,125,109 124,112,102 159,150,133 101,103,103 81,86,92 68,74,77 72,80,87 80,88,95 73,81,88 73,78,84 74,82,87 83,77,82 71,64,48 236,221,183 224,210,165 147,144,120 107,118,117 140,147,131 255,250,200 255,246,199 211,200,167 116,121,101 84,96,102 50,50,45 43,37,32 42,36,31 48,42,35 83,65,46 188,168,38 91,93,22 69,79,14 43,50,4 64,68,12 79,84,21 79,89,22 76,88,23 70,83,31 72,75,26 86,87,79 55,61,64 54,62,67 82,78,70 104,89,78 82,81,74 63,65,65 81,79,77 93,93,88 65,69,71 88,90,90 60,61,64 86,84,80 57,62,70 47,55,62 43,51,58 47,62,69 45,59,69 42,54,58 63,75,79 66,82,93 62,73,84 65,74,87 65,76,89 56,67,80 54,66,74
100,94,87 84,75,69 79,82,74 61,75,85 70,75,83 61,69,74 58,66,73 58,66,75 61,69,78 58,66,73 57,65,74 74,74,71 178,167,134 242,226,182 115,122,106 92,107,112 120,131,130 209,200,169 255,251,204 255,250,199 250,234,192 186,175,140 86,98,94 65,65,65 44,39,36 45,38,36 48,42,33 64,51,30 86,67,40 184,177,116 71,79,26 66,75,19 60,67,19 56,65,17 39,46,14 55,61,32 65,69,54 84,80,72 87,81,76 59,69,73 69,67,65 89,83,74 94,82,70 80,78,74 78,82,86 88,90,90 86,84,85 84,85,88 88,90,90 80,82,79 80,80,77 53,58,64 46,54,61 43,48,56 54,66,72 70,80,86 47,59,65 49,61,69 50,62,68 50,58,65 58,68,74 53,63,67 45,55,59 53,63,67
69,70,73 99,100,103 51,62,73 51,62,75 54,58,62 143,136,136 133,126,124 116,110,105 118,114,106 120,116,106 102,94,83 71,62,54 207,194,160 218,203,165 103,113,110 97,109,115 180,171,142 251,238,190 255,241,190 255,241,196 230,215,177 211,199,160 111,105,96 83,86,93 39,37,35 39,34,33 76,62,46 91,69,51 66,58,45 188,171,145 150,140,98 67,75,24 64,74,21 62,73,15 52,60,50 45,47,44 67,65,61 70,65,62 75,73,71 57,66,68 84,82,78 78,74,68 89,83,76 69,69,69 79,79,79 93,93,93 102,102,99 87,86,89 69,70,75 83,83,80 68,76,83 43,57,69 45,55,59 63,79,79 77,93,102 58,67,67 50,58,63 37,45,52 36,44,49 45,54,56 48,56,61 54,64,68 56,66,70 55,63,68
133,118,98 132,118,100 54,65,76 39,53,63 115,113,111 113,112,103 125,121,115 119,115,109 105,101,95 105,101,95 95,86,80 114,99,79 212,200,163 166,157,138 93,105,111 97,107,111 216,202,159 255,246,197 255,251,202 219,208,164 160,154,131 167,159,137 136,137,114 73,83,87 42,37,36 37,32,31 66,53,46 91,76,56 57,48,44 45,35,25 198,177,136 145,125,93 60,62,47 62,64,61 51,61,58 29,29,29 44,39,41 58,57,60 55,60,59 54,60,61 72,70,68 69,67,63 71,71,68 72,72,69 87,87,87 85,85,85 102,100,98 77,83,86 79,83,85 78,79,82 52,62,78 53,69,78 72,89,91 73,89,89 57,66,66 66,75,77 63,75,81 54,64,70 44,54,60 63,75,79 59,69,75 56,68,72 52,68,68 52,64,68
46,50,54 49,53,57 42,47,53 55,60,66 109,107,105 120,115,112 116,114,110 108,107,100 116,115,108 105,100,97 92,83,77 91,76,56 153,146,126 100,112,105 93,103,109 112,119,112 255,251,204 255,252,201 253,238,187 235,218,179 117,123,112 112,118,109 111,110,99 65,75,79 40,33,33 43,33,34 57,46,41 89,67,47 58,48,36 42,33,25 66,51,29 118,94,59 95,95,90 68,76,81 67,76,78 41,39,40 43,42,45 52,53,58 59,64,70 56,61,60 68,68,65 68,68,65 72,72,69 72,72,72 66,66,66 74,74,74 76,74,75 81,85,89 77,81,85 62,67,73 35,45,53 74,90,88 75,87,95 79,91,97 63,75,79 65,77,81 68,80,88 59,71,79 55,67,73 51,63,71 64,78,88 49,64,67 50,65,70 52,67,72
48,52,56 50,51,54 62,63,66 83,87,91 110,108,109 112,110,108 102,102,99 110,108,104 91,89,87 89,89,86 94,88,83 98,94,75 93,102,102 90,102,110 91,108,112 139,141,124 255,255,204 255,252,201 255,246,197 240,224,182 130,134,119 83,92,92 63,65,60 44,46,43 44,38,33 55,49,44 65,56,52 102,76,51 88,76,64 43,35,22 65,51,33 92,74,55 52,51,40 68,77,77 47,53,56 24,22,23 32,29,35 46,51,57 41,46,52 49,55,58 57,58,61 59,59,59 53,54,57 58,57,60 64,63,66 67,66,71 64,66,66 67,71,73 33,37,41 27,30,37 83,95,91 70,85,92 63,77,89 57,71,83 55,70,77 59,73,85 62,76,88 64,78,90 48,62,74 50,63,78 67,82,96 69,84,98 55,66,77 55,68,87
68,61,61 64,57,55 64,59,61 77,82,90 91,91,91 110,110,105 100,102,102 97,97,94 91,91,88 102,102,102 79,77,73 89,91,88 85,101,101 92,104,108 97,109,113 171,169,140 255,255,206 235,219,177 213,201,175 223,208,168 178,172,147 91,98,93 80,78,74 46,35,32 67,56,49 49,41,30 87,67,47 69,48,25 42,30,20 65,52,31 110,93,83 52,40,42 20,20,15 25,26,29 80,81,84 35,33,34 30,31,36 29,34,40 24,29,35 30,38,43 38,43,49 44,48,52 41,42,45 43,44,47 46,50,54 42,46,50 44,45,50 41,40,43 39,40,43 73,79,80 74,89,92 66,80,92 62,77,93 53,66,81 61,74,89 62,75,94 60,73,88 66,79,96 63,78,96 55,68,87 45,56,67 65,76,87 55,69,81 44,55,66
70,61,57 71,62,56 74,63,56 67,67,67 91,91,99 94,99,98 85,91,92 92,94,94 83,78,77 85,85,82 72,70,66 82,93,94 90,102,106 93,106,107 114,124,116 224,219,178 255,251,199 206,200,164 131,134,122 195,186,157 201,187,158 95,98,88 42,33,29 63,50,43 89,77,67 58,38,29 65,43,23 67,52,32 49,40,32 65,55,45 84,73,58 101,85,68 32,39,37 66,72,75 74,78,80 39,37,35 33,32,35 26,29,36 25,33,40 77,90,105 59,74,92 62,76,97 66,76,92 64,75,86 56,66,84 60,75,89 50,63,80 38,48,56 42,48,51 92,104,97 67,82,89 62,76,88 47,62,78 52,65,80 52,65,80 54,66,88 55,68,85 52,65,82 56,70,91 54,67,86 45,55,73 38,49,62 55,67,75 55,66,77