52,37,26 51,36,25 47,35,25 48,33,22 74,58,43 62,46,33 54,39,28 34,28,23 32,21,14 19,9,8 14,9,11 12,10,11 38,28,27 33,24,20 40,31,27 33,27,22 38,29,23 36,27,21 40,31,27 42,33,29 47,36,31 46,35,30 42,33,27 42,33,27 46,33,28 45,35,25 41,30,25 39,30,24 38,29,23 31,25,18 37,31,26 40,31,25 36,27,23 37,31,26 33,27,22 34,28,23 30,23,23 39,26,19 13,10,14 31,25,20 15,7,13 39,28,35 39,29,33 19,9,8 29,20,16 33,24,18 26,16,15 32,23,17 40,34,29 46,37,33 45,36,30 45,36,32 45,36,30 34,27,25 31,24,22 28,21,24 41,34,32 46,37,33 50,41,35 29,22,22 49,37,27 49,37,27 49,36,31 54,42,32
53,42,27 47,36,21 56,44,34 48,33,22 79,58,45 63,47,34 57,42,31 34,28,23 63,48,37 30,21,17 14,9,11 11,9,10 32,22,21 37,28,24 38,29,25 31,25,20 43,34,28 36,27,21 43,34,30 42,33,29 41,30,23 48,38,28 43,34,28 42,33,27 46,33,28 43,34,28 39,30,24 38,29,23 38,29,23 39,30,24 37,31,24 36,27,23 38,29,25 38,32,27 33,27,22 36,30,25 34,28,23 33,24,20 12,10,8 23,17,12 19,12,12 40,34,39 40,30,34 24,14,13 30,21,17 33,24,18 29,19,18 32,23,17 42,36,31 45,36,32 43,34,28 44,35,31 45,36,30 44,37,37 40,33,33 27,20,23 42,35,35 54,45,41 54,45,39 31,23,29 50,38,28 47,35,25 48,35,30 49,37,27
52,37,26 49,37,25 55,40,29 55,40,29 76,61,39 66,51,31 59,44,33 35,26,22 45,34,19 42,30,20 13,11,12 10,10,10 30,21,15 36,31,28 95,91,70 38,31,29 35,26,20 42,33,27 42,33,29 39,30,26 53,40,35 43,34,28 44,33,30 46,33,28 47,34,29 48,35,30 46,33,28 39,30,24 38,29,23 36,27,23 36,27,23 34,28,23 36,30,25 34,28,23 36,27,23 40,29,26 35,29,24 31,25,20 29,23,18 21,14,12 26,19,17 39,28,35 39,28,37 22,13,9 32,23,17 29,20,14 31,20,15 33,27,20 37,31,26 41,35,30 45,36,32 43,34,30 46,37,31 42,33,29 41,35,30 28,21,21 41,34,32 54,45,41 51,42,36 31,21,22 50,38,28 47,34,27 48,35,30 49,37,27
61,46,35 52,37,26 57,42,31 57,42,31 74,56,37 72,54,35 64,48,31 33,27,22 55,42,21 47,32,21 13,11,12 11,9,10 44,33,26 34,28,23 39,30,24 40,34,25 44,38,33 52,46,41 33,26,8 36,27,23 55,42,37 44,33,26 49,36,29 43,34,28 46,37,31 40,34,29 43,32,27 47,34,29 48,35,30 39,30,24 37,28,20 37,28,24 33,27,22 31,25,20 37,28,24 39,30,26 34,28,23 29,23,18 37,31,26 33,24,18 20,14,9 44,36,42 34,25,38 20,16,10 36,25,18 28,19,13 27,16,13 29,23,18 33,27,22 28,22,17 46,37,31 46,37,31 44,35,31 44,35,31 43,36,34 30,23,26 36,30,25 52,43,39 52,43,39 30,23,23 49,37,27 46,33,28 48,35,28 49,36,29
62,47,36 52,37,26 52,37,26 56,41,30 75,57,38 75,57,38 68,50,31 33,24,20 61,48,27 22,13,7 12,10,11 10,10,10 42,35,33 37,31,26 40,34,29 33,27,22 38,32,27 36,30,25 42,36,31 43,34,26 51,45,38 56,53,40 40,32,21 55,43,33 45,34,29 46,35,30 42,33,27 45,36,30 43,34,28 38,29,23 38,32,25 34,28,23 33,24,20 40,31,27 37,28,24 36,30,25 36,30,25 38,29,25 37,28,24 33,27,22 23,16,14 44,35,46 44,35,46 22,13,9 35,22,17 29,20,14 29,18,13 29,22,20 48,42,37 43,37,32 45,39,32 46,37,31 38,32,27 49,39,38 43,36,36 31,24,24 37,31,26 52,43,39 59,50,46 33,23,24 46,35,28 46,35,30 52,39,34 47,37,27
55,40,29 54,39,28 62,47,36 55,40,29 66,50,33 79,62,38 68,50,31 35,26,20 52,37,17 15,8,11 15,10,12 10,10,10 44,38,33 36,30,25 38,32,27 42,36,31 37,30,28 41,34,34 34,28,23 34,28,23 50,39,32 51,42,36 45,36,30 47,38,32 43,34,28 40,34,25 42,33,29 49,40,34 40,31,25 39,30,26 43,34,30 42,33,27 33,24,20 35,26,22 35,26,22 39,30,26 37,28,24 33,24,20 37,28,24 35,26,22 28,19,15 46,36,40 44,36,44 19,13,8 32,21,16 30,21,15 31,19,19 30,23,21 46,36,35 46,36,35 47,36,31 46,37,31 45,36,30 47,41,36 29,22,22 33,26,24 44,34,33 46,37,33 64,55,49 31,24,24 47,34,29 45,35,25 50,37,32 52,37,28
58,43,32 57,42,31 62,47,36 51,36,25 62,48,30 81,61,41 71,53,34 32,21,18 51,35,20 20,14,9 14,9,11 10,9,12 37,31,26 36,32,26 37,28,24 43,34,30 41,35,30 33,27,22 38,32,27 44,35,31 45,36,30 45,36,30 40,31,25 44,35,29 54,43,36 51,42,36 44,35,29 51,40,35 39,30,24 35,22,17 44,35,29 43,34,28 37,28,24 37,28,24 42,33,29 38,29,25 33,27,22 36,27,23 35,26,22 29,23,18 30,24,19 40,29,36 49,41,49 21,12,8 33,22,15 31,22,16 34,21,18 31,22,18 46,37,33 52,43,39 47,38,34 45,39,34 46,37,33 44,37,35 30,23,23 44,37,37 44,34,33 50,41,37 52,43,39 33,23,24 48,36,24 47,37,27 50,37,30 51,36,27
63,48,37 64,49,38 61,46,35 61,46,35 58,42,27 82,62,42 70,55,35 34,22,24 41,24,16 38,27,12 13,8,10 10,10,10 46,35,30 35,29,24 34,28,23 33,26,24 36,30,25 31,25,20 34,28,23 37,31,26 45,36,28 33,22,17 53,44,38 52,41,34 45,39,32 44,35,29 55,44,37 45,32,25 44,33,28 42,33,27 44,34,33 43,36,39 46,37,29 64,59,20 72,54,10 67,52,5 53,44,13 46,37,20 36,27,23 33,24,20 31,25,20 42,31,38 34,26,32 20,14,7 37,26,21 32,23,17 33,23,13 35,25,26 51,42,38 51,40,37 51,42,36 52,41,36 45,35,36 49,39,40 26,19,19 48,41,41 37,30,30 53,44,40 45,36,32 33,23,24 46,36,26 47,39,28 47,36,31 48,35,30
64,49,29 65,50,30 61,47,33 56,42,28 51,37,23 82,62,44 70,56,42 33,22,19 49,33,16 47,32,23 14,9,11 10,10,10 45,36,28 49,36,29 46,35,28 43,32,25 39,28,23 29,20,14 23,19,13 28,22,17 43,32,27 37,31,24 39,30,24 43,34,28 39,33,10 38,29,23 42,29,22 43,34,30 44,35,27 40,31,27 40,31,25 37,31,24 141,127,71 94,71,2 91,69,6 81,65,7 67,56,12 65,56,11 64,61,17 36,27,21 41,26,17 73,54,29 42,25,17 25,16,10 43,30,23 31,22,14 29,23,18 30,23,23 47,38,34 50,41,37 52,43,39 50,41,35 41,35,30 44,37,37 26,19,22 45,38,38 44,37,37 54,44,43 45,36,32 31,21,25 47,36,29 52,41,36 47,34,29 46,33,26
65,50,30 64,48,33 62,46,31 62,46,33 48,31,21 78,57,34 64,48,35 30,21,17 47,33,19 49,34,23 14,9,11 8,10,10 35,29,22 39,30,24 42,33,27 40,31,25 41,30,23 41,30,23 41,31,21 41,28,21 46,36,26 33,23,13 36,27,19 30,21,17 36,27,21 35,26,20 42,27,16 36,32,24 94,75,11 54,49,17 38,32,25 59,47,21 91,72,8 91,67,3 87,63,1 76,58,14 60,43,17 67,59,23 73,65,11 52,48,29 87,62,16 82,64,22 48,33,24 23,14,8 37,27,17 32,23,17 34,23,16 35,25,26 49,40,36 51,42,38 54,45,41 53,40,35 45,39,34 43,36,36 29,22,25 44,37,35 45,35,36 51,42,38 44,35,31 31,24,27 52,40,30 57,44,39 45,34,29 52,36,32
75,57,38 67,52,32 61,47,33 72,57,35 43,29,15 73,57,40 59,45,29 29,20,16 38,23,12 60,44,27 15,8,11 11,9,10 53,44,38 53,44,38 56,47,43 39,30,26 40,31,25 37,28,22 36,27,21 33,24,18 48,36,24 49,34,23 52,37,26 46,35,28 35,26,20 28,19,15 45,33,21 126,142,55 115,85,41 78,57,34 130,135,45 78,58,10 81,60,8 111,79,8 81,57,2 86,74,15 83,71,16 74,60,15 85,81,23 58,45,13 38,29,21 56,43,36 39,26,36 24,15,7 37,26,19 39,26,21 38,28,16 39,29,33 52,46,39 45,38,36 51,42,38 52,41,36 48,42,37 43,36,36 31,24,27 51,44,44 47,37,36 54,45,41 56,47,43 28,21,24 53,41,31 51,41,31 51,42,36 51,42,36
76,56,38 71,53,34 66,48,29 73,58,38 38,26,16 49,35,21 63,48,37 29,20,16 38,21,11 58,40,19 14,9,11 11,9,10 47,38,32 50,39,34 45,36,32 43,34,30 40,34,29 41,35,30 48,42,37 35,29,24 45,36,32 49,37,27 49,34,25 45,33,23 37,27,17 41,30,13 41,37,20 135,134,39 132,142,77 126,135,48 79,62,13 87,69,9 81,66,15 100,81,15 76,60,18 93,62,9 130,107,76 72,55,20 97,84,36 91,84,14 30,20,19 44,34,38 77,65,55 25,15,5 38,25,18 36,23,18 36,24,12 37,30,30 48,37,32 47,35,35 51,42,36 52,43,39 44,38,31 43,36,36 35,28,31 43,36,36 49,42,40 47,38,34 60,51,47 31,24,27 56,44,34 47,35,25 56,43,38 56,44,34
76,56,36 74,54,36 70,50,32 69,50,27 31,20,13 76,57,43 71,55,38 28,19,15 59,39,21 50,34,19 13,11,12 11,9,10 46,37,31 45,36,32 38,32,27 40,34,29 31,25,20 41,35,30 45,36,32 50,41,37 62,47,36 63,51,39 30,21,15 47,35,25 39,33,8 62,51,36 50,35,24 51,36,25 64,53,38 134,143,54 159,136,94 151,109,69 105,76,43 89,65,12 69,57,16 78,55,13 95,70,26 88,62,8 91,70,14 98,86,20 73,67,33 46,35,42 35,25,26 26,15,10 40,28,18 41,29,19 42,30,20 40,30,31 49,40,34 46,37,33 50,41,35 46,37,33 41,34,34 43,36,36 34,26,32 49,42,42 47,40,40 51,45,40 52,43,39 30,23,23 54,42,32 47,37,27 56,47,41 50,40,30
86,68,49 74,56,37 66,49,25 76,57,34 30,21,13 74,59,39 69,54,34 26,17,11 66,46,26 46,34,22 14,9,11 8,10,10 37,31,24 30,24,19 40,34,29 42,33,29 38,32,27 41,35,30 30,24,19 29,23,18 47,34,29 42,30,18 28,22,15 58,45,22 157,150,93 61,42,26 46,34,24 48,33,24 61,50,35 127,146,40 112,78,8 102,72,5 115,82,16 115,84,22 90,72,28 87,73,30 103,78,19 104,80,18 102,82,23 102,95,27 100,98,28 46,36,40 38,28,29 26,17,11 42,30,20 38,25,20 41,29,19 40,30,31 54,45,39 49,40,36 50,41,35 50,41,35 44,37,37 43,36,36 35,28,31 43,37,32 41,34,34 54,48,43 50,41,35 30,23,26 46,36,26 49,37,27 57,48,42 54,43,38
90,70,52 88,68,50 74,54,34 85,64,41 31,20,15 72,57,37 78,61,37 24,15,11 57,46,29 36,25,18 14,9,11 12,10,11 47,36,31 41,35,28 45,36,32 38,32,27 38,28,27 37,27,26 38,27,24 24,18,13 42,30,20 40,28,18 115,121,92 59,48,31 63,56,40 61,50,33 49,38,23 53,41,31 59,49,37 113,121,28 120,87,8 105,78,15 82,57,0 90,65,8 59,46,14 60,44,13 95,71,7 96,76,15 97,81,23 113,106,45 108,99,25 51,34,40 38,28,29 25,16,10 44,29,20 39,26,19 50,38,28 38,31,31 51,42,38 54,45,41 53,42,37 49,40,34 44,39,38 43,38,37 31,24,27 42,35,33 47,37,38 49,43,38 52,43,37 31,24,24 46,34,24 50,38,28 55,43,33 56,47,41
96,77,54 88,69,46 74,54,36 79,58,33 31,20,15 67,51,36 84,65,42 24,14,13 48,36,24 30,20,10 12,10,11 13,11,12 50,38,28 53,42,35 45,36,28 45,36,30 42,33,27 48,36,26 28,22,17 30,21,15 42,30,18 61,49,37 145,153,89 60,43,33 62,48,30 67,52,30 48,36,26 53,42,27 63,47,43 170,165,83 116,84,2 110,81,7 120,86,14 120,83,14 110,80,11 97,74,14 91,70,16 94,72,9 89,77,18 110,101,43 113,108,24 82,82,23 32,22,26 27,16,9 43,28,17 41,28,21 57,45,33 43,34,30 47,36,31 47,41,36 51,40,33 54,43,40 47,41,36 43,36,34 30,25,27 47,40,40 43,36,34 52,45,45 50,41,35 37,27,31 54,42,30 57,42,33 64,49,38 58,47,44
93,74,51 89,70,47 80,62,41 82,61,36 27,20,18 79,60,37 82,64,43 28,18,17 48,36,24 42,28,14 12,10,11 13,10,14 56,44,34 61,49,37 49,36,29 56,44,34 48,36,24 26,17,13 30,19,14 28,28,14 119,112,83 57,45,33 106,100,52 61,46,35 69,51,30 78,56,38 50,38,26 57,42,31 32,27,26 241,227,161 118,86,4 108,79,3 120,90,32 114,83,23 102,78,23 83,70,22 77,59,15 92,71,15 99,80,16 105,95,42 116,107,20 97,91,27 48,46,13 35,29,24 42,30,18 39,26,23 55,42,39 40,34,27 45,36,30 46,37,33 50,41,35 53,44,40 46,36,35 43,36,36 37,30,33 54,48,43 45,38,38 54,47,47 49,40,34 37,27,31 48,36,26 54,44,34 61,45,39 60,47,40
84,65,42 93,73,55 88,69,46 86,62,38 28,18,17 89,70,47 82,62,42 32,21,18 46,29,21 54,40,26 14,9,11 12,11,14 56,44,34 54,42,32 51,41,31 39,30,26 22,18,10 22,18,10 40,41,22 90,88,55 54,39,28 64,52,40 77,70,29 62,46,31 74,52,32 75,53,33 55,43,33 41,29,19 62,50,38 79,70,66 128,97,6 101,75,0 105,83,5 97,75,8 82,69,8 76,67,9 89,81,29 88,83,30 83,76,17 98,91,30 101,95,18 85,80,29 60,55,16 38,29,23 29,23,18 26,21,18 30,21,15 43,32,29 49,40,34 46,37,33 54,41,36 48,42,35 41,36,35 41,34,34 42,35,38 55,48,48 49,42,42 53,43,44 46,37,33 33,25,31 56,44,34 53,40,33 52,37,28 65,50,39
91,70,47 104,86,67 86,67,44 90,61,39 30,18,18 80,60,40 90,68,48 41,29,19 45,30,19 38,25,18 14,9,11 12,11,14 48,37,32 43,34,30 25,16,12 27,21,14 24,23,12 143,154,73 52,48,31 48,38,26 59,47,35 55,43,31 78,65,44 60,44,31 72,58,40 72,52,34 59,52,23 46,33,26 51,37,12 41,25,8 120,89,0 110,80,0 105,78,1 99,74,0 90,69,0 76,64,7 76,62,8 90,75,14 90,76,18 97,90,22 81,76,23 69,60,15 52,43,35 33,27,20 43,32,27 42,31,16 67,63,53 66,59,57 54,43,40 55,44,41 57,41,39 41,35,30 40,33,31 28,26,24 46,36,40 54,47,47 45,38,38 59,50,46 52,43,39 35,28,31 53,40,33 50,38,28 56,44,34 52,40,30
102,81,58 76,58,39 87,68,45 93,64,42 29,17,17 81,61,41 93,71,51 46,34,24 47,32,21 43,31,19 14,9,11 10,9,12 37,26,21 22,12,13 32,23,19 30,24,17 41,42,23 148,160,70 51,44,28 47,37,27 71,56,45 65,51,37 67,51,34 67,51,34 79,58,43 76,56,38 130,98,66 77,62,53 53,35,14 45,34,19 72,55,20 119,88,0 119,89,2 126,94,10 128,93,12 107,85,20 90,77,16 94,76,14 82,75,16 78,71,14 67,61,15 64,53,20 34,23,16 49,34,23 61,47,31 52,38,22 83,72,57 82,76,67 74,65,59 57,46,39 53,44,38 31,30,23 37,30,28 27,25,26 43,33,37 54,47,47 49,42,40 60,51,47 47,38,34 34,27,30 54,42,32 47,35,25 55,43,33 56,44,34
101,70,49 81,57,35 88,67,44 80,61,36 30,21,17 84,64,44 93,69,47 53,41,31 51,35,18 42,28,12 12,10,11 12,10,11 23,14,10 52,48,29 49,42,24 45,39,30 41,31,21 98,102,64 57,46,41 44,35,27 47,35,23 58,43,34 65,49,32 69,51,32 75,56,40 123,91,59 124,90,45 55,35,15 48,30,11 72,53,37 80,62,30 107,79,9 108,79,3 107,79,0 104,83,2 88,73,10 76,66,15 59,49,7 60,53,12 64,58,12 53,45,23 51,41,29 54,40,26 49,35,21 49,34,23 50,38,26 92,74,53 97,82,62 92,84,73 59,50,42 59,47,37 35,25,24 41,34,34 31,24,24 40,33,36 38,36,34 49,42,40 51,44,44 48,42,37 35,28,28 50,37,30 46,35,30 53,41,31 48,36,24
92,61,38 89,68,43 92,68,44 93,64,42 30,20,19 88,68,50 85,63,45 56,41,32 48,34,16 31,21,11 11,9,10 11,11,11 57,45,35 47,45,25 45,34,27 43,30,25 46,36,26 127,131,91 43,37,28 55,44,37 48,36,26 54,42,32 62,47,27 75,57,38 79,58,35 134,97,53 125,94,45 52,37,17 48,33,11 44,27,17 83,67,54 77,58,31 126,92,4 111,80,0 87,65,0 75,59,1 70,55,4 73,59,14 75,61,18 64,49,27 90,73,45 50,37,30 48,35,28 62,45,35 47,35,25 47,37,25 99,81,62 109,85,59 95,86,71 110,101,93 56,44,34 31,25,20 42,35,35 31,24,24 29,24,26 26,24,22 43,36,34 52,46,41 58,52,47 36,29,29 48,35,28 50,38,28 52,38,24 48,36,26
98,67,46 95,69,46 97,68,46 97,66,43 29,18,15 88,69,46 87,67,49 51,34,24 51,37,21 29,18,11 12,10,11 13,10,14 55,43,33 48,35,28 43,30,25 41,30,23 47,34,27 131,136,93 47,40,38 64,49,38 59,45,31 69,56,35 67,52,30 80,65,45 86,59,25 132,100,54 123,93,51 51,36,16 48,33,13 45,29,14 45,36,19 118,85,46 60,41,14 88,67,11 111,80,2 115,86,10 114,85,9 91,67,14 87,63,37 108,85,54 33,23,11 41,29,19 58,40,19 43,28,19 47,35,25 44,38,33 80,69,54 110,82,53 100,86,68 111,106,94 54,41,34 38,29,23 45,38,38 31,24,24 33,28,30 35,28,28 50,43,43 55,48,46 53,44,40 35,28,31 43,33,23 46,34,24 54,42,30 50,38,28
99,65,45 90,61,39 96,65,42 91,60,37 26,20,15 87,67,47 84,65,42 50,34,19 47,35,23 25,16,10 11,9,10 18,13,15 55,43,33 55,43,33 43,32,27 43,32,27 51,41,31 131,141,90 43,38,26 70,56,42 74,58,43 70,55,35 75,57,36 73,55,36 99,70,39 127,95,53 123,91,49 53,39,14 53,37,20 43,29,15 48,32,17 82,57,29 122,89,52 94,65,34 77,57,25 81,58,27 85,61,37 100,75,47 108,80,53 59,40,26 41,29,19 36,25,20 51,37,21 43,28,19 34,23,16 47,38,32 71,63,52 113,86,54 104,85,60 102,97,85 61,52,44 34,28,21 44,40,34 33,26,24 45,38,38 48,41,41 51,44,44 42,35,33 59,50,46 33,25,33 43,30,23 51,36,25 56,42,28 56,44,34
103,67,45 88,59,35 104,64,41 96,65,42 30,19,14 92,66,43 83,64,41 48,32,15 58,42,25 21,16,13 11,9,10 20,13,13 63,48,37 57,45,35 48,36,24 43,30,23 56,44,34 150,159,103 47,41,32 69,54,43 91,70,55 81,63,44 88,68,48 78,61,37 128,94,49 121,89,47 121,90,53 50,31,15 50,35,15 53,37,20 47,32,23 52,34,15 52,32,12 125,93,59 125,93,51 130,97,60 114,84,58 56,36,16 39,28,13 45,30,21 40,29,24 31,22,14 41,28,21 34,21,14 36,27,21 51,42,38 71,60,53 95,74,47 107,84,55 103,92,85 107,101,92 31,24,22 45,39,34 30,23,23 43,36,36 41,34,34 52,45,45 51,45,40 59,50,44 34,27,30 56,41,32 45,33,23 49,37,27 59,46,39
99,66,41 87,57,31 104,67,41 108,73,46 45,29,16 101,72,50 81,61,41 57,39,20 62,41,26 16,11,8 10,10,10 17,15,13 63,48,37 55,43,33 52,40,30 49,37,27 53,40,35 167,169,152 58,47,44 72,56,41 79,57,39 66,52,36 92,71,48 78,60,41 136,102,59 125,92,53 113,84,49 93,76,66 55,39,24 51,35,18 57,39,18 56,43,36 31,22,16 43,33,23 27,16,9 27,22,21 27,22,21 36,27,19 42,26,20 49,32,22 38,29,21 36,26,16 33,22,19 38,28,18 41,30,25 46,36,35 66,58,47 75,62,55 113,84,51 94,82,70 112,106,97 29,22,22 49,40,34 31,24,22 37,30,30 47,42,41 54,47,47 57,51,46 50,41,37 31,23,29 56,43,36 52,40,30 49,37,25 51,45,38
102,66,44 85,54,31 116,79,53 109,72,46 56,42,28 102,73,53 86,66,48 67,46,21 58,42,25 16,9,9 10,10,10 27,21,16 70,55,44 57,45,35 56,44,32 54,42,32 59,46,39 43,29,31 63,51,41 78,62,45 83,65,46 66,55,50 64,50,32 72,54,35 133,96,54 125,97,59 109,85,59 55,38,39 45,31,17 52,33,17 46,31,11 57,38,22 48,42,35 57,46,29 33,21,11 118,87,48 53,35,14 41,29,17 43,29,15 42,27,18 34,22,12 36,23,16 47,34,27 39,26,21 34,23,20 38,32,27 66,61,49 72,64,51 119,90,55 99,83,66 103,100,87 74,70,62 48,41,41 31,24,24 37,30,33 58,51,51 55,48,48 46,36,35 52,42,43 30,23,26 53,40,35 45,35,25 47,35,25 53,44,40
102,67,40 98,62,42 110,73,47 111,74,48 71,52,38 102,71,50 74,56,37 97,63,41 44,35,18 12,10,8 10,10,10 60,47,40 41,28,21 38,27,24 43,29,31 38,31,29 51,39,44 48,37,32 55,42,37 45,34,29 45,34,29 49,33,29 46,33,26 212,184,146 132,98,57 113,84,53 87,71,54 63,48,37 70,54,41 57,41,24 42,27,16 57,41,26 108,83,53 129,95,50 112,83,52 109,82,50 113,85,58 46,34,24 38,28,18 46,34,24 47,35,25 49,37,27 40,27,20 31,22,16 35,29,24 40,33,31 62,57,45 66,60,51 118,86,54 100,83,59 97,88,80 100,97,84 43,37,32 31,24,22 42,35,38 52,45,45 54,47,47 64,55,51 58,48,47 31,21,25 44,35,29 47,36,29 51,41,31 54,44,43
108,75,48 77,46,23 111,71,48 111,78,53 81,65,48 106,73,48 60,39,24 102,67,40 27,17,7 14,9,8 10,9,12 59,49,37 65,51,37 57,45,33 55,40,29 56,41,32 64,49,40 59,44,35 70,55,44 77,56,43 74,58,41 73,54,40 77,61,44 160,130,88 125,93,59 106,81,51 95,83,71 71,56,45 62,46,33 48,33,22 41,29,17 47,32,23 129,96,57 126,96,54 128,94,51 128,96,54 126,94,62 40,31,25 44,33,26 41,29,19 44,29,20 38,25,18 39,26,19 43,34,26 35,26,22 43,33,32 61,52,44 66,58,47 99,75,49 111,87,54 97,86,71 94,90,80 45,39,34 31,24,22 43,36,39 51,44,44 51,44,42 61,52,48 60,51,47 31,24,24 42,33,29 54,45,41 47,36,33 52,42,41
114,78,49 72,48,24 101,71,45 109,79,53 98,79,52 111,78,51 38,24,10 110,75,48 37,26,19 14,9,8 10,10,10 19,9,8 64,50,36 60,48,38 61,46,35 61,46,37 63,50,43 61,50,35 62,47,38 98,72,47 90,77,56 72,52,34 123,90,51 129,96,57 116,87,54 99,75,49 78,64,48 130,89,44 130,94,47 140,102,56 128,94,53 123,88,50 137,105,61 128,96,54 123,90,51 118,87,50 116,83,46 103,82,55 58,42,29 48,33,22 44,33,26 43,30,23 45,36,28 43,34,30 34,28,21 41,30,27 40,31,25 60,51,43 69,58,51 114,85,52 108,85,56 91,82,76 99,93,86 33,26,26 42,35,38 51,44,44 55,48,46 49,40,36 53,44,40 41,34,34 44,38,31 42,35,33 29,23,18 30,23,23
114,77,51 74,50,28 97,66,43 113,82,59 114,83,60 105,75,49 31,21,11 115,75,50 61,47,29 13,8,7 10,10,10 39,28,21 56,41,30 50,38,26 56,44,34 58,43,34 61,49,39 56,44,34 64,52,40 93,73,53 89,67,47 66,48,27 127,95,51 121,92,57 106,85,60 84,73,56 74,65,50 140,103,61 123,89,44 139,101,55 133,99,54 119,85,42 121,89,47 129,96,57 125,92,55 114,86,46 123,92,55 105,73,39 117,88,55 109,82,50 100,80,48 95,78,54 84,73,54 80,75,63 94,86,75 87,76,69 48,42,37 57,54,39 62,56,49 116,87,52 117,90,56 95,84,69 89,83,74 57,52,49 40,32,38 49,42,42 51,44,42 64,55,51 56,47,43 36,26,30 62,49,42 67,54,47 68,56,46 85,70,61
111,74,48 89,63,40 99,68,45 105,74,51 108,77,54 103,73,47 41,29,17 124,84,59 49,34,23 11,9,10 10,9,12 40,30,18 55,40,29 60,48,36 59,47,37 65,50,39 58,48,36 50,40,28 65,49,43 69,54,32 83,64,48 122,90,56 133,99,56 113,85,56 92,74,55 75,65,53 60,52,41 149,118,79 138,99,56 140,102,56 130,96,51 118,84,41 126,91,53 130,95,57 115,84,47 111,83,45 112,83,48 117,90,56 111,84,52 105,80,52 97,80,52 103,86,62 84,73,58 94,86,73 99,91,80 95,86,78 40,36,30 49,45,37 88,70,40 129,97,53 131,98,61 104,82,62 95,83,71 90,86,76 40,32,38 47,40,40 51,44,42 46,36,35 59,50,46 30,23,23 63,54,48 57,44,39 65,50,41 71,58,51
109,74,49 98,72,49 98,67,44 98,69,45 106,73,48 106,73,46 46,33,26 118,74,48 45,35,25 11,9,10 11,9,10 41,29,17 57,42,31 59,47,35 60,48,38 59,47,37 59,50,42 49,37,25 54,38,32 76,55,40 84,68,53 163,132,95 120,87,48 111,86,56 85,71,55 63,58,46 52,47,33 150,119,80 145,106,65 143,102,53 140,102,56 132,95,51 119,85,44 123,91,49 123,92,53 121,86,48 111,84,48 115,88,54 109,85,52 109,86,57 96,79,55 98,83,63 101,87,73 95,86,71 94,89,77 89,81,70 38,32,25 45,38,36 77,58,33 129,95,52 120,89,50 111,85,62 95,83,71 92,84,73 43,36,36 49,42,45 53,43,47 61,54,52 56,47,43 35,24,31 63,50,43 63,51,41 70,55,46 73,62,57
106,72,50 101,72,48 104,73,50 82,51,28 102,73,49 108,75,48 47,37,27 96,63,38 37,26,19 11,9,10 11,8,12 46,34,22 55,40,29 59,47,35 50,38,26 59,47,37 56,44,34 51,41,31 62,50,40 84,64,44 81,64,40 139,106,69 119,91,53 107,81,56 78,68,56 58,53,41 60,48,36 149,117,73 140,104,57 140,99,52 133,94,51 131,92,51 135,101,56 128,95,56 130,95,57 123,92,53 111,87,50 110,83,49 110,85,55 110,86,60 104,87,63 92,76,61 101,92,77 101,91,79 105,95,85 86,77,69 37,28,24 43,37,30 64,49,27 127,90,46 127,96,57 113,89,56 100,86,68 94,85,70 102,96,89 50,43,43 56,46,47 63,54,50 50,40,39 33,26,29 60,47,40 58,48,38 73,61,49 75,62,59
101,72,50 95,66,44 100,71,51 76,55,40 102,73,51 113,83,57 48,34,18 92,61,38 20,15,14 11,9,10 10,10,7 62,50,38 58,43,32 65,50,39 56,41,30 59,47,35 48,35,28 57,44,37 43,30,23 76,57,34 121,97,75 132,98,57 117,88,53 95,76,51 66,58,45 54,48,41 76,57,43 138,102,55 134,96,50 138,97,52 133,97,48 140,103,59 133,99,56 129,95,52 129,96,57 128,95,56 126,95,58 113,84,53 109,85,52 109,86,55 102,85,61 104,90,74 95,85,73 97,89,76 102,94,81 91,82,74 48,35,32 44,35,31 53,41,29 125,91,48 126,92,51 109,82,48 99,82,58 99,88,73 108,103,91 50,43,43 54,47,45 55,49,44 47,40,38 33,25,31 62,50,40 59,47,37 70,58,46 69,56,51
101,75,52 93,67,44 98,69,47 64,52,40 100,71,49 111,78,53 54,40,26 87,61,38 15,10,7 11,9,10 13,11,12 63,51,39 59,44,33 63,48,39 58,43,32 57,45,33 38,30,19 57,45,35 71,57,41 81,60,37 116,86,42 114,81,42 102,78,45 82,73,56 59,53,46 46,37,33 73,59,41 131,95,44 136,94,54 138,99,56 130,93,49 131,94,50 137,100,56 130,96,53 127,96,57 125,97,57 126,95,58 115,84,47 112,85,53 109,85,59 101,84,60 101,87,71 89,79,67 100,91,83 103,95,84 79,73,68 46,33,28 43,34,28 43,32,25 125,92,44 125,93,49 117,90,54 100,83,55 93,78,67 101,96,84 50,45,44 52,45,43 60,50,49 44,37,35 35,27,33 68,56,46 57,44,37 71,61,49 66,55,50