50,38,28 49,37,27 47,35,25 46,34,22 73,59,43 62,46,33 54,39,28 34,28,23 32,21,16 19,9,8 14,9,11 12,10,11 38,28,27 33,24,20 40,31,27 33,27,22 39,30,24 36,27,21 39,30,26 40,34,29 49,36,31 47,34,29 42,33,25 42,33,27 43,34,28 45,35,25 41,30,25 39,30,22 38,29,23 31,25,18 37,31,26 40,31,25 36,27,23 37,31,26 33,27,22 34,27,25 29,22,22 39,26,19 13,10,14 31,25,20 15,7,13 37,29,35 40,29,38 17,11,6 29,20,16 33,24,18 26,17,13 32,23,17 40,34,29 46,37,33 45,36,30 45,36,32 44,35,29 34,27,25 35,28,28 26,20,25 43,37,30 44,38,33 52,43,39 32,22,23 49,37,27 51,35,29 44,38,31 55,43,33
53,41,29 49,37,25 56,44,34 46,34,22 78,59,45 63,47,34 57,42,31 34,28,23 63,49,33 30,21,17 14,9,11 11,9,10 32,22,21 37,28,24 38,29,25 31,25,20 43,34,28 36,27,21 44,35,31 40,34,29 41,30,23 50,40,30 43,34,26 42,33,27 43,34,28 43,34,26 37,31,24 38,29,25 37,28,22 39,30,24 37,31,24 36,27,23 38,29,25 38,32,27 33,27,22 35,29,24 35,29,24 33,24,20 12,10,8 23,17,12 19,12,12 40,32,38 40,29,38 24,18,13 30,21,17 33,24,18 29,20,16 32,23,17 43,37,32 45,36,32 42,33,27 44,35,31 45,36,30 42,35,33 40,33,33 26,20,25 42,35,33 52,46,41 54,45,41 31,21,22 49,37,27 50,34,28 43,37,30 49,37,27
53,36,26 52,37,26 50,40,28 55,40,29 78,60,39 66,51,31 59,44,33 33,27,22 43,34,19 44,29,20 13,11,12 6,11,10 30,21,15 36,31,28 93,92,67 38,31,29 35,26,20 42,33,27 42,33,29 39,30,26 53,40,33 44,33,28 43,34,28 44,33,28 51,35,31 48,35,30 47,34,29 40,31,25 38,29,25 36,27,23 34,27,25 34,28,23 37,31,26 34,28,23 34,28,23 37,31,26 37,31,26 31,25,20 29,23,18 26,19,17 26,19,17 34,26,32 39,28,37 19,12,10 32,23,17 30,21,15 30,21,15 31,25,18 37,31,26 41,35,30 45,36,32 43,34,30 46,37,33 43,33,32 44,37,35 29,22,22 43,34,28 53,44,40 50,41,37 31,22,18 49,37,27 46,33,26 50,37,30 50,35,26
61,46,35 54,39,28 57,42,31 57,42,31 74,56,37 72,54,35 63,47,30 33,27,22 56,41,21 47,32,23 13,11,12 10,10,10 43,32,25 34,28,23 39,30,26 40,34,29 43,36,36 52,46,37 33,26,8 36,27,23 54,41,34 44,34,24 49,36,29 44,35,29 46,37,33 40,34,29 41,30,25 47,34,29 48,35,30 39,30,24 37,28,22 37,28,24 31,25,20 33,27,22 38,29,25 39,30,26 34,28,23 29,23,18 37,31,26 32,23,17 20,14,9 43,35,41 31,22,35 21,15,10 38,25,18 28,19,13 29,18,15 32,22,21 33,27,22 29,23,18 47,38,32 47,38,32 46,37,33 42,36,31 45,35,36 32,21,28 35,29,24 50,41,37 53,44,40 30,20,19 49,37,27 48,35,28 48,35,28 50,35,26
62,47,36 52,37,26 52,37,26 56,41,30 75,57,38 76,58,39 67,49,30 35,26,22 62,44,25 19,13,8 12,10,11 10,10,10 42,36,31 37,31,26 40,34,29 33,27,22 38,32,27 36,30,25 42,36,31 44,33,28 52,46,39 53,45,34 40,31,23 57,45,35 44,35,29 45,34,29 42,33,27 45,36,30 43,34,30 38,29,25 38,32,25 34,28,23 33,24,20 40,31,27 37,28,24 37,31,26 36,30,25 38,29,25 37,28,24 33,24,20 25,14,11 44,36,44 44,35,46 21,15,10 35,22,17 29,20,14 30,19,16 29,23,18 51,42,38 45,36,30 47,38,30 47,38,32 38,32,27 48,41,39 43,36,34 35,25,29 36,31,28 52,43,39 57,48,42 32,22,21 47,34,27 47,34,29 53,40,35 52,37,28
57,42,31 54,39,28 62,47,36 55,40,29 66,50,33 80,60,40 68,49,35 33,27,20 53,37,20 17,6,13 16,9,12 10,10,10 46,37,33 34,28,23 40,34,29 42,36,31 37,31,26 41,34,32 34,28,23 34,28,23 50,39,32 53,44,38 45,36,30 48,37,32 44,35,29 42,36,27 45,34,31 50,39,34 40,31,25 39,30,26 43,34,30 42,33,27 35,26,22 35,26,22 35,26,22 39,30,26 37,28,24 33,24,20 37,28,24 34,28,21 26,17,13 46,35,42 44,36,44 19,13,8 32,21,14 30,21,15 30,21,15 30,21,17 47,37,36 46,34,34 46,35,30 46,37,31 46,37,31 47,37,36 29,22,25 31,24,24 43,33,32 47,38,34 61,52,46 33,21,23 47,35,25 47,37,27 50,37,32 48,38,28
58,43,32 57,42,31 61,46,35 51,36,25 62,48,30 83,61,43 68,49,33 32,20,20 51,35,20 20,13,11 14,9,11 10,9,12 39,30,26 39,29,28 37,28,24 44,35,31 43,34,30 35,26,22 40,31,27 42,36,31 45,36,30 45,36,30 42,33,27 44,35,29 54,44,34 50,41,35 44,35,29 51,40,33 39,30,24 35,22,17 44,35,29 43,34,28 37,28,24 37,28,24 42,33,29 39,30,26 33,24,20 36,27,23 36,27,23 29,23,18 30,24,19 43,32,39 48,39,54 20,14,9 32,21,14 30,21,15 32,23,17 33,23,22 47,38,34 51,40,37 47,36,33 46,37,31 45,35,34 46,36,35 30,23,23 43,36,36 45,36,32 49,40,36 52,43,39 32,23,19 47,35,25 47,37,27 47,36,31 48,37,30
63,49,31 65,50,39 61,46,35 61,47,33 58,42,25 84,62,42 70,55,33 35,25,24 40,25,14 39,28,13 13,8,10 10,10,10 46,35,28 34,28,23 33,27,22 33,27,22 36,30,25 34,28,23 34,28,23 36,30,25 46,36,26 32,23,17 53,44,38 51,42,34 47,38,32 44,35,29 55,44,37 42,29,22 43,34,28 42,33,27 44,35,31 47,38,32 45,37,26 82,75,48 40,35,21 34,27,25 32,23,19 40,34,29 35,29,24 35,25,24 32,23,17 42,31,38 39,26,34 22,16,9 36,25,20 30,21,15 32,21,18 32,22,21 49,40,36 50,39,34 54,41,34 53,42,37 44,37,35 49,42,40 27,20,23 49,39,40 45,35,34 54,45,41 46,35,32 33,24,20 44,33,26 48,38,28 47,38,32 48,37,34
63,48,28 65,50,30 61,47,31 56,42,26 51,36,25 81,61,41 70,56,38 31,22,16 50,35,15 44,29,20 14,9,11 10,10,10 45,36,28 49,36,29 46,35,28 43,32,25 39,28,25 26,21,18 23,19,11 28,22,17 43,32,25 39,30,24 40,31,25 43,34,28 38,32,7 38,29,23 41,28,21 43,34,30 43,34,26 40,31,27 45,36,32 40,31,27 54,45,41 42,33,29 43,32,29 47,38,32 36,32,24 69,64,52 33,29,10 36,26,25 31,24,22 38,30,36 36,25,32 25,16,10 41,30,25 31,22,16 30,21,17 33,26,24 47,36,33 46,37,33 54,43,40 49,40,34 40,33,31 45,38,38 22,17,16 45,38,41 47,37,36 54,45,41 44,35,31 31,21,22 48,38,28 56,40,36 43,29,29 47,34,27
65,50,30 61,47,31 59,45,29 61,47,33 47,33,19 79,58,35 65,49,36 32,21,18 45,31,17 50,34,21 14,9,11 10,10,10 34,28,21 39,30,26 42,33,27 42,33,27 41,30,23 41,30,23 41,31,21 41,29,19 46,36,26 33,23,13 36,27,19 30,20,19 36,27,21 35,26,20 40,27,20 36,32,24 119,130,74 51,49,20 38,29,25 43,34,28 45,36,32 36,30,25 43,33,32 39,30,24 46,37,33 36,27,23 47,38,34 49,40,36 43,32,29 47,31,27 36,26,27 23,14,8 38,26,16 32,23,17 33,24,18 38,28,27 49,40,36 49,40,36 52,43,39 52,39,34 45,35,34 42,37,39 28,21,24 43,36,34 47,37,36 50,41,37 49,40,34 33,21,23 49,36,29 60,47,42 47,34,31 52,39,36
75,55,37 69,51,32 61,47,33 70,57,34 41,30,15 73,57,40 59,45,29 29,20,16 37,22,11 62,44,23 15,8,11 11,9,10 54,45,39 53,44,38 56,47,43 39,30,26 40,31,25 36,27,21 36,27,21 33,24,18 48,36,24 50,35,24 54,39,28 46,35,30 35,26,20 29,20,16 45,34,19 118,131,38 130,142,65 108,118,42 132,147,42 122,122,63 43,36,36 37,31,24 34,28,23 39,30,26 37,28,24 41,34,32 36,30,25 44,35,29 36,30,25 61,44,45 38,25,35 23,12,5 39,26,19 36,23,18 36,25,18 39,29,30 51,42,34 49,39,40 53,42,39 57,44,39 50,41,37 42,37,34 30,25,27 50,43,41 47,37,36 52,43,37 52,43,39 28,21,21 50,38,26 52,42,32 53,42,39 49,43,36
76,56,38 71,53,34 64,49,29 72,57,37 38,26,16 50,35,24 63,49,35 27,21,16 38,21,11 58,40,19 15,10,12 11,9,10 47,38,32 47,36,29 45,36,32 44,35,31 38,32,27 40,34,29 48,42,37 34,28,23 44,35,31 48,36,26 49,34,25 45,33,23 38,28,18 41,30,13 41,36,22 126,131,28 145,150,85 124,139,55 61,49,37 151,157,76 140,145,71 51,40,37 131,144,33 115,116,68 38,32,25 40,36,30 42,36,31 43,31,31 28,19,15 42,33,44 80,68,56 24,14,4 40,27,22 36,23,18 36,23,16 38,28,29 49,40,34 47,35,35 50,41,35 50,44,37 43,38,35 41,36,33 34,27,27 44,37,37 48,41,39 46,37,33 61,52,48 30,20,19 55,43,33 46,36,26 54,43,38 57,44,37
76,56,36 72,51,36 69,49,31 72,51,26 31,20,13 76,57,43 72,56,39 26,20,15 60,40,22 50,34,19 13,11,12 11,9,10 46,37,31 45,36,32 39,29,28 42,36,31 31,25,20 41,35,30 45,36,32 50,41,37 62,47,36 63,51,39 30,21,15 50,36,22 39,33,8 62,51,36 50,36,22 44,34,24 64,52,40 126,141,36 52,40,30 49,34,23 48,35,28 50,38,28 136,149,38 109,121,33 129,139,34 133,152,46 131,135,29 75,81,29 35,26,18 46,35,42 37,26,35 25,17,6 42,27,16 40,28,18 41,29,17 40,30,29 49,40,34 44,34,33 51,42,36 46,37,31 42,36,31 44,34,35 35,28,28 50,44,39 50,43,43 52,43,39 50,41,35 31,24,27 53,41,31 48,36,24 55,44,37 50,39,32
86,68,49 74,56,37 65,48,24 76,57,34 30,21,13 74,59,37 69,50,34 26,17,13 68,48,30 46,34,22 14,9,11 10,10,10 39,30,24 30,24,19 40,34,29 44,35,31 38,32,27 41,35,30 30,24,19 29,23,18 47,34,27 42,30,18 28,22,13 56,45,28 154,149,94 61,42,30 46,34,24 47,35,23 60,49,34 123,132,34 47,34,27 49,34,23 45,32,25 49,40,34 104,106,49 113,122,37 63,56,40 54,44,32 43,32,25 44,36,25 41,28,21 47,34,42 38,27,34 26,15,10 42,30,18 36,25,20 38,27,20 40,30,31 52,43,37 49,40,36 53,42,37 50,41,35 42,35,33 43,36,36 35,24,31 43,38,35 41,34,32 54,48,41 51,42,36 31,24,24 48,37,30 46,38,25 60,47,42 55,44,39
90,70,50 87,67,47 73,53,33 84,63,40 31,20,17 72,57,37 78,60,39 24,15,11 59,45,29 34,23,16 14,9,11 14,9,11 49,36,31 41,35,28 45,36,32 37,31,26 38,28,27 38,28,27 38,26,28 24,18,13 42,30,20 40,28,16 117,124,90 61,50,31 63,55,42 61,51,29 49,38,21 50,38,28 60,48,36 118,125,37 54,39,28 51,35,29 40,31,27 45,37,26 47,37,25 161,174,61 47,34,29 43,32,25 43,32,25 38,28,18 49,37,25 50,33,39 39,28,37 26,17,9 41,29,17 39,27,17 54,39,28 42,32,31 50,38,38 54,45,39 56,43,40 50,40,39 47,40,38 42,37,36 33,22,29 43,34,30 47,41,36 50,41,35 45,36,32 31,21,25 39,29,19 46,34,24 53,42,35 52,46,39
96,77,54 89,70,47 75,55,37 79,58,33 31,20,15 67,51,36 84,65,42 24,14,13 50,35,24 30,20,10 12,10,11 13,11,12 50,37,32 53,43,31 44,39,27 43,37,30 42,33,27 48,36,26 30,21,17 28,22,15 42,30,18 61,49,37 146,154,90 63,47,34 63,47,34 65,51,35 50,38,26 54,39,28 63,50,43 172,165,95 64,49,40 61,46,35 51,40,37 43,35,24 44,33,26 148,155,67 41,30,23 42,33,27 43,34,26 46,34,24 30,20,19 126,111,100 41,27,32 27,16,11 41,29,17 41,28,21 58,43,32 40,34,27 47,38,32 50,41,37 55,39,35 54,43,38 49,40,36 42,35,33 31,24,27 47,40,40 45,35,34 28,18,17 27,16,11 26,20,13 23,17,12 29,23,16 48,37,34 51,40,37
95,76,53 89,70,47 80,62,43 82,61,36 27,20,18 79,60,37 83,65,44 29,17,17 50,35,24 42,28,12 12,10,11 12,11,14 56,43,36 61,49,37 49,36,31 56,44,34 46,36,24 24,18,13 29,20,14 30,26,16 118,113,83 57,45,33 106,100,52 62,47,36 69,51,32 78,56,38 50,38,26 55,43,33 59,47,35 248,234,164 61,46,37 61,46,37 49,40,34 44,35,29 52,39,34 151,158,72 43,32,25 44,33,28 39,30,22 43,35,22 39,30,24 48,41,44 52,34,29 33,20,13 43,31,21 38,26,16 63,48,37 40,34,29 45,36,30 45,36,32 50,39,32 52,43,39 43,36,36 43,36,36 35,28,31 53,43,42 26,17,13 22,15,13 25,15,14 19,13,8 26,17,13 24,18,13 23,16,14 23,16,14
84,65,40 94,74,54 88,69,44 84,63,38 27,20,18 91,70,47 81,63,44 31,22,18 49,32,22 54,40,26 14,9,11 13,10,14 60,48,38 54,42,32 51,41,31 39,30,26 22,18,10 22,18,12 40,41,22 92,87,55 54,39,28 64,52,40 77,69,35 63,46,36 73,48,29 72,52,32 57,42,33 54,44,34 52,42,32 184,170,125 58,43,32 57,45,33 46,33,26 52,39,36 55,43,33 141,141,78 48,35,28 48,35,32 45,34,29 47,35,25 39,30,24 45,38,41 67,58,52 35,22,17 45,33,23 45,30,21 62,48,34 43,34,30 50,41,35 46,37,31 54,41,34 46,41,38 42,35,35 41,34,37 43,36,39 34,27,25 24,18,13 19,13,8 12,10,8 16,11,8 19,15,9 20,13,11 24,17,15 23,16,16
89,70,45 102,87,65 86,67,42 87,63,39 29,19,18 79,59,41 89,67,47 41,29,19 45,30,19 39,27,17 14,9,11 12,11,14 48,37,32 43,34,28 25,16,12 27,21,14 24,23,16 147,157,81 51,47,30 48,38,26 59,47,35 55,44,29 77,64,43 62,46,31 72,57,37 73,53,35 49,53,15 194,188,154 59,43,28 136,119,95 61,49,39 58,43,32 56,44,34 56,43,38 55,43,33 91,80,63 49,36,29 48,35,28 49,36,29 47,34,27 43,31,31 44,34,38 49,42,45 33,22,19 53,41,31 44,29,20 64,50,32 43,32,29 54,43,38 55,44,39 55,42,37 39,35,29 39,34,31 30,25,24 43,36,39 28,19,15 22,16,11 20,14,9 23,17,10 24,18,13 28,22,13 33,28,16 30,24,15 23,17,12
105,81,57 77,57,37 87,68,43 90,66,42 28,18,17 80,60,42 93,71,51 46,34,24 47,32,21 43,32,17 14,9,11 10,9,12 37,26,21 22,12,11 32,23,19 30,24,17 41,41,27 144,156,70 51,43,32 47,37,27 71,56,45 65,51,35 69,53,36 69,54,34 79,59,41 75,55,35 228,247,157 216,206,157 66,50,33 90,75,55 64,49,38 62,47,36 56,40,34 53,40,35 60,48,38 65,50,39 51,41,31 49,36,29 53,40,33 48,35,28 47,35,35 46,35,42 38,31,34 33,22,19 53,41,31 48,33,24 64,50,32 46,37,33 54,43,38 57,47,37 56,43,38 30,26,20 37,32,31 30,25,27 41,34,37 24,17,15 22,18,12 25,16,10 28,19,13 38,29,21 40,33,17 39,32,16 31,26,12 26,20,15
99,68,47 81,57,35 86,67,44 79,60,35 30,21,17 84,64,44 94,68,47 55,43,31 50,34,19 42,27,16 12,10,11 14,9,11 21,15,10 52,48,29 49,42,24 47,38,32 40,31,25 97,100,65 47,37,38 44,35,27 47,35,23 57,43,29 64,48,33 68,49,35 79,60,44 76,54,36 226,254,147 216,194,156 65,55,45 78,60,41 52,39,32 62,48,34 50,37,30 54,41,36 67,50,42 61,49,39 48,37,32 52,39,32 48,36,26 48,35,28 45,33,33 44,33,40 38,26,28 32,21,16 54,42,30 48,33,24 65,51,37 47,36,33 57,48,40 54,46,35 59,43,39 34,28,23 39,34,33 32,27,26 34,29,31 21,15,10 26,20,13 37,32,20 42,35,19 42,35,19 44,35,20 44,35,20 39,31,18 31,25,16
92,61,38 89,68,43 93,67,44 93,64,42 30,20,19 88,68,48 85,63,43 56,41,32 48,34,20 31,21,11 11,9,10 14,9,11 55,45,35 44,42,22 45,35,25 41,30,23 47,34,29 130,134,96 44,38,29 55,44,37 48,36,26 54,42,32 62,47,27 75,56,40 75,55,37 64,49,27 54,57,33 100,82,61 63,51,41 64,49,38 56,44,32 61,46,35 64,48,44 54,41,34 62,50,38 65,44,29 53,42,35 54,41,34 48,35,30 49,37,27 46,32,37 46,34,39 40,28,28 32,21,16 54,42,30 51,36,27 66,51,40 47,36,29 53,40,33 59,43,39 55,43,31 28,27,20 39,34,33 31,24,24 26,21,23 28,19,13 42,35,17 44,35,20 47,36,21 48,37,22 49,38,23 47,36,21 48,34,20 39,31,20
98,67,46 95,69,46 98,67,46 97,66,43 29,18,15 86,69,45 86,66,48 46,34,22 52,36,21 30,19,14 12,10,11 13,10,14 55,42,35 49,36,29 43,30,25 43,32,25 50,37,32 131,138,94 50,39,32 65,50,39 59,43,30 70,55,35 67,51,36 82,64,43 79,58,35 87,61,40 65,49,36 77,57,39 61,53,42 81,60,45 63,48,37 63,49,35 56,43,40 63,51,39 76,70,63 55,40,29 54,41,34 57,44,37 49,36,29 50,38,28 43,31,33 37,30,30 37,27,26 31,20,13 52,40,28 50,38,26 66,52,36 44,35,27 49,36,31 56,44,34 55,43,31 35,26,22 46,36,35 32,22,26 36,29,29 46,35,20 47,36,21 48,37,22 48,39,24 50,39,24 50,39,24 49,38,23 46,35,20 46,35,20
101,65,45 88,62,39 98,64,42 91,60,37 26,20,15 86,67,44 84,65,42 50,34,19 50,34,21 25,16,10 11,9,10 19,11,17 57,41,35 54,42,32 46,33,28 43,32,27 54,44,34 131,141,90 42,36,27 70,56,42 74,58,43 70,55,35 74,58,41 72,57,37 86,62,40 83,62,39 81,63,42 76,58,37 67,57,45 83,64,52 69,53,36 66,52,38 57,41,37 64,48,42 128,132,117 57,42,33 50,35,24 60,48,36 137,152,138 47,35,25 43,31,36 34,27,30 40,28,28 32,21,14 53,41,29 52,37,26 64,50,34 43,34,26 45,36,30 55,43,33 50,38,26 33,24,18 45,38,38 36,27,23 47,36,21 48,37,22 48,37,22 49,38,23 50,39,24 50,39,24 49,38,23 52,41,26 52,41,26 49,38,23
101,71,45 87,59,32 105,63,41 95,64,41 29,18,13 91,65,42 84,65,42 48,32,15 60,42,23 22,15,13 11,9,10 19,14,13 61,49,37 56,44,34 49,37,25 43,30,23 56,44,34 149,158,102 47,41,32 69,54,43 91,71,53 79,61,40 82,63,40 81,61,41 90,66,40 82,60,40 81,59,39 77,57,39 75,63,51 80,65,45 75,56,40 69,55,39 54,41,36 59,46,39 147,151,134 58,43,34 57,44,37 56,43,36 141,159,142 52,38,24 48,36,38 34,27,27 39,27,32 31,20,15 55,43,31 52,36,30 61,47,33 43,30,25 51,35,29 57,42,31 46,34,24 34,28,23 43,35,24 47,35,23 49,38,21 50,39,20 51,37,21 51,37,21 52,38,22 52,38,24 49,38,23 52,41,26 54,43,28 50,39,24
99,65,43 85,54,31 107,66,39 107,72,45 45,29,16 99,73,50 83,63,43 57,39,20 62,41,26 16,11,8 10,10,10 20,13,11 63,48,37 57,45,35 50,38,28 50,38,28 53,40,33 167,169,154 58,48,38 72,56,41 81,59,39 66,52,36 93,68,49 78,56,36 80,60,42 91,65,42 80,61,38 83,63,45 76,62,48 80,61,45 73,57,44 76,55,42 53,40,33 62,49,42 178,162,149 53,41,31 57,44,39 51,40,37 52,40,30 55,42,35 72,43,23 32,23,19 44,32,32 29,18,11 45,33,21 57,42,33 63,49,35 42,33,27 53,40,33 57,41,35 44,34,24 35,29,22 49,38,23 52,38,22 54,41,20 50,39,22 52,38,22 51,38,17 52,38,22 50,39,24 56,42,28 54,43,28 54,43,28 53,44,29
100,67,42 84,56,29 118,78,53 109,72,46 57,41,26 102,73,53 86,66,48 65,44,21 59,41,22 16,9,9 10,10,10 27,20,20 70,55,44 57,44,37 56,44,32 54,42,32 59,46,39 45,31,36 63,51,39 78,63,43 86,66,46 70,57,54 63,49,33 74,54,34 82,60,40 89,67,47 91,72,49 71,54,28 79,60,48 67,51,36 78,59,45 70,55,35 49,40,34 49,40,34 54,45,39 41,30,27 32,23,19 35,26,22 36,27,23 40,29,24 56,33,22 38,24,24 45,33,33 29,18,15 48,33,22 55,40,29 66,52,36 43,34,28 56,44,34 60,48,36 45,34,27 52,38,20 52,38,24 54,40,22 51,37,21 51,37,23 52,38,22 52,38,22 52,38,24 52,41,24 55,41,27 57,43,29 55,43,31 55,43,31
105,65,42 94,63,44 112,72,47 111,74,48 72,51,36 101,70,49 74,56,37 97,63,41 45,36,21 12,10,8 10,9,12 60,47,44 41,28,21 38,27,22 42,28,30 43,31,31 54,40,45 49,40,34 55,42,35 45,34,31 50,34,30 52,36,30 45,30,21 42,29,22 52,42,43 51,41,42 52,42,43 57,45,47 54,41,36 45,34,27 58,42,38 54,43,36 59,46,39 59,46,39 53,42,35 64,53,48 46,36,24 45,34,27 44,33,28 62,47,36 43,32,29 42,28,33 49,35,37 29,18,15 50,35,24 50,38,26 62,48,32 45,34,29 57,45,35 59,44,35 52,38,24 54,40,24 54,40,24 55,41,25 52,38,22 51,37,21 54,40,26 55,42,21 52,41,26 53,42,25 55,41,27 55,44,25 55,44,29 54,45,30
108,75,48 77,46,23 112,70,48 113,78,53 82,64,43 106,73,48 60,39,24 106,69,43 27,16,9 14,9,8 10,9,12 59,49,37 65,51,37 62,48,34 55,40,29 57,42,33 65,50,41 56,41,32 68,56,44 77,56,43 72,56,39 69,50,36 66,49,39 79,59,41 78,60,41 78,56,38 70,54,37 72,53,37 71,56,47 57,45,33 64,52,42 54,42,32 38,25,18 59,49,39 81,71,49 63,48,37 50,37,30 57,45,33 52,40,30 55,43,33 47,32,40 40,28,33 47,33,35 30,21,17 48,36,26 52,40,30 56,44,32 47,34,29 51,42,34 53,36,26 52,38,22 54,40,26 52,38,20 51,37,19 52,38,20 54,40,22 56,42,26 55,41,27 54,40,24 54,40,26 53,42,27 53,42,25 56,45,30 54,43,28
114,78,49 72,48,24 101,71,45 111,78,53 102,78,52 110,77,50 38,24,10 112,77,50 37,27,17 14,9,8 10,10,10 19,9,8 64,50,36 60,48,38 61,46,35 61,46,37 63,51,39 61,49,39 62,47,38 97,73,49 89,70,47 72,57,37 107,78,58 87,63,41 79,58,35 98,72,51 79,59,39 78,60,41 70,58,46 50,35,26 48,36,26 69,55,39 48,36,26 52,41,34 78,69,40 62,47,36 56,40,34 59,44,35 54,42,30 47,35,25 43,31,36 43,31,36 46,32,32 31,22,18 47,35,25 55,43,33 57,45,33 45,36,32 54,42,32 47,38,23 54,40,26 52,38,22 52,38,22 54,40,22 54,40,22 54,40,22 56,42,26 56,42,26 56,42,24 56,42,26 54,43,26 53,42,27 53,41,29 55,43,31
113,78,51 75,49,28 98,67,44 113,82,59 114,83,60 105,75,49 31,21,11 115,76,48 61,48,27 14,9,8 10,10,10 39,28,21 56,41,30 50,38,26 55,43,33 57,45,35 62,50,40 56,44,34 66,51,40 93,71,51 83,63,45 66,48,29 98,74,52 96,67,47 91,65,42 92,66,43 77,55,37 70,55,35 63,46,36 58,43,34 66,51,31 73,54,38 59,44,33 52,37,26 71,56,45 61,46,35 57,41,35 57,42,33 58,43,32 56,41,30 44,32,37 38,26,31 37,28,22 32,23,19 48,36,24 56,41,32 53,41,29 49,37,27 47,36,21 55,41,27 55,41,23 56,42,24 55,41,25 54,40,24 54,40,24 55,41,23 56,42,24 57,43,25 56,42,28 54,43,28 55,44,29 53,41,31 50,38,26 50,38,26
111,74,48 88,62,39 99,68,45 105,74,51 107,78,54 103,73,47 39,29,19 124,84,59 49,34,23 11,9,10 10,9,12 40,30,18 55,40,29 61,49,37 59,47,37 65,50,41 60,48,38 53,41,31 63,50,43 69,49,29 81,63,42 66,52,36 84,60,38 97,68,48 84,58,35 88,62,37 61,47,33 57,42,31 55,43,31 68,49,35 74,53,30 57,41,26 38,26,16 53,41,31 61,49,37 58,43,32 52,37,28 55,43,33 52,40,28 65,50,39 45,33,38 37,27,28 49,36,33 33,24,18 49,37,27 52,40,30 50,38,26 45,35,25 53,42,25 57,43,25 57,43,25 57,43,25 56,42,24 52,38,20 54,40,22 57,43,25 56,42,26 57,43,29 58,44,30 55,44,29 54,43,28 52,40,28 50,38,26 48,38,26
109,74,49 98,72,49 98,67,44 98,69,45 106,73,48 106,73,46 46,33,26 118,74,48 45,35,25 11,9,10 11,9,10 43,28,17 57,42,31 59,47,35 60,48,38 59,47,37 62,49,42 49,37,25 52,41,34 76,61,41 83,63,43 57,42,31 74,55,32 96,70,47 84,60,36 69,47,27 53,41,29 66,52,38 71,54,44 64,48,33 69,47,27 60,41,27 41,29,19 52,40,30 59,46,41 57,42,31 52,37,26 54,42,32 48,36,26 55,41,27 44,34,35 35,25,26 76,60,45 33,24,18 53,41,31 47,34,27 45,33,23 47,35,25 53,43,21 57,43,25 58,44,26 57,44,23 54,40,22 55,41,23 57,41,24 58,42,25 57,43,27 57,43,29 56,42,28 57,43,29 55,44,29 54,43,28 53,42,27 54,43,28
103,74,52 101,73,46 111,70,50 82,51,28 102,73,49 108,75,48 47,37,27 96,63,38 37,26,19 11,9,10 10,9,12 46,34,22 55,40,29 59,47,35 54,39,28 61,46,37 56,44,34 51,41,31 62,51,34 84,65,42 81,62,46 48,32,19 74,56,35 97,68,46 56,41,30 58,43,32 76,60,43 74,55,39 67,48,34 62,46,29 67,47,29 56,45,30 46,34,22 56,44,32 59,49,39 52,37,26 56,41,30 51,35,31 48,35,28 46,30,17 52,40,42 33,23,24 33,23,24 33,24,20 53,41,29 46,33,26 46,33,26 54,39,28 55,44,25 59,46,25 57,44,23 57,43,25 57,43,25 57,43,25 59,45,20 57,43,25 57,43,25 57,43,25 58,43,32 56,45,30 55,44,29 55,44,29 50,40,28 50,40,28
101,72,50 95,66,44 101,70,49 76,55,40 102,73,51 113,83,57 48,34,18 92,61,38 21,14,12 11,9,10 10,10,7 63,51,39 57,42,31 65,50,39 56,41,30 59,47,35 47,34,27 56,43,36 46,34,24 76,60,43 87,67,47 40,29,22 85,67,48 72,57,37 76,54,34 82,63,47 73,55,36 70,54,37 62,47,36 63,47,30 67,48,25 55,43,31 46,34,22 52,40,28 59,48,41 49,37,25 63,48,37 43,34,28 46,36,26 50,35,26 41,29,34 39,27,29 40,28,30 30,21,17 51,41,29 55,42,35 45,31,17 57,43,25 58,44,26 59,45,27 60,45,23 59,43,26 59,44,24 59,45,20 59,45,20 58,44,26 58,44,26 57,43,27 57,43,29 58,44,30 57,43,29 54,42,30 53,41,29 48,38,26
102,73,51 95,66,44 98,69,47 64,52,40 100,71,49 111,78,53 54,40,26 85,61,37 13,11,7 11,9,10 13,11,9 63,51,39 62,47,36 63,48,37 58,43,32 57,45,33 38,30,19 57,45,35 72,53,41 82,63,40 87,70,42 58,37,35 68,54,40 84,62,44 75,55,35 76,58,39 71,55,38 71,55,38 64,48,35 65,49,34 58,43,21 47,34,27 43,31,21 52,40,30 51,41,31 55,40,29 57,42,31 43,32,27 46,35,28 58,44,30 39,27,29 42,32,36 36,26,27 30,21,15 52,42,32 47,35,25 54,40,24 58,44,26 58,44,26 59,45,27 59,46,23 59,46,23 59,46,25 59,44,22 59,43,26 57,43,25 57,43,25 57,43,27 57,43,29 58,44,30 57,43,27 54,42,30 52,40,28 50,40,28