48,30,11 77,52,24 20,15,14 23,16,19 24,17,17 33,21,21 66,35,14 23,13,14 20,13,13 47,25,7 95,48,0 110,52,0 101,49,1 67,30,4 21,11,12 17,10,10 17,10,10 21,15,20 54,27,9 118,61,0 114,58,0 120,58,0 141,64,0 147,63,0 100,41,0 102,38,0 107,40,0 34,20,20 56,26,11 65,31,13 65,29,9 73,28,7 72,28,2 83,36,4 82,37,4 94,40,4 97,40,0 116,49,1 134,58,0 140,60,1 108,46,4 54,27,9 41,25,8 47,20,4 91,34,0 108,48,0 94,39,0 92,39,0 89,39,0 81,32,0 74,30,0 70,26,0 66,26,1 62,25,1 66,26,1 59,25,3 57,23,1 61,26,1 68,26,2 70,25,2 54,25,3 48,18,3 51,22,0 48,19,0
52,34,15 73,48,20 21,16,13 22,15,18 21,14,14 23,12,21 43,24,12 22,12,13 20,13,13 50,28,10 103,56,6 112,56,0 90,42,0 61,24,0 18,8,9 19,12,12 17,10,10 22,16,21 73,36,10 116,55,0 137,69,0 116,57,0 143,67,0 152,69,0 103,39,0 113,45,0 119,41,0 26,17,13 56,26,11 57,26,7 65,29,11 78,32,6 80,34,6 86,36,3 89,38,3 92,38,2 94,39,0 114,47,0 143,67,2 133,55,0 106,46,5 50,25,6 45,24,9 73,28,5 104,44,0 110,47,0 86,36,0 93,40,0 90,40,0 89,41,0 81,34,0 73,29,1 72,28,2 64,28,0 66,26,1 56,25,2 58,24,2 56,25,4 67,25,1 68,26,2 56,27,5 53,24,4 51,22,0 51,22,2
79,56,27 39,20,6 23,16,14 25,15,19 25,15,19 24,17,17 24,17,17 17,10,10 24,12,12 48,25,10 101,50,0 121,63,1 88,39,1 54,25,5 20,8,13 19,12,12 17,10,13 16,13,17 102,46,0 144,76,2 115,55,3 138,66,0 140,63,0 131,56,0 111,45,0 115,45,0 96,36,0 28,18,17 54,22,8 61,30,9 69,28,10 81,33,6 84,37,5 89,35,1 89,37,7 89,38,3 104,43,0 113,47,0 126,55,2 112,46,0 63,29,7 44,23,10 55,31,9 105,45,0 108,48,0 91,38,0 83,33,0 89,36,0 94,39,0 87,37,0 84,35,0 86,37,0 72,28,0 71,27,1 64,24,0 59,25,3 54,25,3 56,25,4 67,27,4 65,28,2 60,24,4 57,26,5 52,23,3 54,25,5
83,54,23 25,15,16 22,15,15 21,14,14 22,12,16 28,19,15 33,25,31 20,13,13 38,22,9 51,24,6 101,47,0 120,62,0 82,42,6 38,19,5 18,8,9 21,11,15 18,15,19 31,20,17 101,46,0 131,59,0 106,52,0 126,58,0 143,67,0 106,42,0 104,38,0 117,46,0 43,21,3 33,19,19 56,26,11 59,28,9 63,27,7 81,34,2 82,34,7 78,34,8 67,31,13 94,36,0 114,44,0 116,50,0 113,47,0 91,45,8 41,20,5 44,24,6 93,43,1 130,57,0 104,46,0 93,43,1 72,28,0 79,30,0 103,48,0 93,41,0 95,42,0 86,38,0 82,36,0 74,28,0 67,26,0 55,24,1 56,25,4 56,25,4 68,28,5 70,29,2 62,24,3 61,25,3 54,25,3 55,24,3
88,59,35 18,16,12 20,13,13 23,16,16 24,17,17 29,19,20 21,15,20 24,12,14 57,31,10 63,27,5 73,29,0 117,60,2 66,31,6 24,13,10 16,9,9 18,13,12 18,15,19 76,38,17 108,53,0 149,76,0 113,47,0 159,75,0 170,88,0 106,48,0 110,43,0 120,49,0 24,17,15 33,22,19 55,25,10 52,25,9 52,20,6 78,32,6 78,31,10 50,23,7 38,21,11 75,34,7 119,52,2 135,60,0 113,50,1 56,29,11 44,25,9 47,25,7 114,54,4 123,50,0 103,45,0 96,42,0 88,40,0 101,45,0 114,51,0 95,39,0 95,41,0 93,40,0 87,36,0 83,37,0 73,30,0 65,28,4 61,25,3 64,23,3 69,27,3 72,28,2 67,26,0 63,23,0 64,24,1 67,25,3
42,30,18 26,16,17 22,15,15 22,15,15 26,19,19 22,14,20 23,16,19 29,15,20 63,29,7 76,36,2 93,45,0 114,55,0 47,24,9 21,11,12 15,8,11 19,12,15 16,10,15 108,53,10 121,60,0 156,76,0 145,72,0 161,76,0 153,73,0 110,47,0 122,51,0 115,46,0 21,18,22 32,18,18 53,23,8 49,18,6 56,25,6 75,28,7 65,28,4 41,20,5 36,21,10 54,24,7 114,44,0 138,55,0 109,48,3 43,21,1 47,27,9 45,24,11 102,47,6 121,53,0 107,47,0 113,50,0 109,49,0 105,45,0 111,45,0 115,53,0 106,48,0 103,44,0 91,38,0 85,36,0 78,32,2 72,28,0 68,26,2 70,25,2 69,27,5 71,27,1 74,28,2 65,23,0 70,25,2 70,25,2
24,17,15 24,17,15 24,17,17 22,15,15 24,17,17 24,17,17 26,16,20 31,18,28 65,28,4 91,45,4 107,49,0 97,42,0 33,17,11 23,13,14 17,10,10 20,13,11 39,17,9 113,56,0 137,66,0 153,72,0 145,64,0 148,63,0 128,57,0 116,51,0 122,52,0 112,45,0 19,17,13 26,16,15 46,20,6 44,18,4 48,23,4 59,25,5 46,21,4 33,18,9 33,17,11 39,23,10 86,40,1 118,48,0 73,29,1 51,26,7 51,30,7 39,27,17 36,24,26 126,56,0 117,51,0 119,55,0 112,48,0 121,50,0 122,54,0 119,55,0 100,41,0 105,47,0 95,42,0 89,39,0 89,39,0 83,37,0 72,28,0 76,32,4 74,30,0 72,28,0 83,34,0 78,33,0 74,28,2 78,33,0
25,20,17 26,19,17 21,19,17 23,16,16 26,19,19 28,18,19 30,18,20 34,22,24 89,41,0 98,50,5 105,52,0 78,38,4 25,13,13 21,11,12 20,13,11 19,18,21 74,32,10 101,46,0 123,55,0 153,74,0 179,86,0 168,82,0 101,41,0 112,47,0 121,50,0 77,30,0 21,19,20 22,17,16 48,23,6 43,20,5 45,20,3 50,23,5 40,19,4 26,13,10 28,15,12 44,20,12 50,25,8 65,31,9 55,30,13 55,25,8 28,24,33 33,29,42 45,28,31 107,44,0 136,58,0 136,58,0 122,49,0 134,56,0 117,50,2 114,44,0 99,41,0 101,41,0 97,42,0 91,38,0 84,35,0 71,27,0 75,29,0 72,28,0 83,36,2 85,34,0 91,38,0 87,33,0 80,36,0 76,35,6
23,21,19 23,18,17 24,17,15 20,13,13 24,17,17 29,19,23 36,24,14 68,29,1 99,49,3 105,53,3 103,49,0 63,32,13 21,11,12 22,12,13 20,13,16 23,15,21 99,47,0 102,42,0 139,65,0 153,72,0 165,72,0 187,90,0 107,49,0 110,45,0 124,54,0 39,17,9 19,17,15 24,17,20 39,20,8 39,18,7 42,19,4 54,25,5 41,20,7 27,14,11 25,13,13 24,13,22 60,31,27 48,15,6 50,28,10 36,23,31 30,28,38 34,30,41 68,40,27 87,34,11 138,60,0 122,53,0 125,57,0 121,51,0 109,45,0 103,39,0 100,41,0 90,39,2 97,46,7 81,40,11 62,30,14 51,28,15 39,26,21 31,20,17 33,20,17 32,20,22 29,22,25 33,21,23 34,21,18 25,15,19
26,19,19 23,18,17 26,19,19 23,16,16 26,16,17 29,19,23 41,19,13 82,36,6 113,55,4 115,63,3 90,40,0 40,21,9 21,11,12 22,12,13 21,14,14 22,15,18 125,62,0 116,50,0 151,70,0 153,75,0 178,89,0 176,81,0 123,53,0 120,49,0 107,48,0 30,22,11 22,17,16 20,15,17 24,12,12 30,14,12 39,18,3 53,24,4 43,20,7 30,14,10 26,12,12 25,19,26 105,57,32 102,46,22 51,25,15 32,26,31 40,32,40 28,17,26 34,15,19 35,18,24 27,13,15 37,19,18 35,19,17 29,21,27 30,18,23 27,14,22 28,18,17 31,19,21 33,19,24 33,19,21 32,18,20 26,16,20 28,18,22 30,20,24 26,20,25 16,13,17 24,16,24 48,32,19 48,32,15 26,19,22
24,17,17 23,16,16 24,17,15 23,16,16 32,20,20 41,21,14 76,36,11 87,43,3 126,67,8 110,58,0 76,34,0 29,16,11 22,12,11 21,14,14 18,13,15 27,16,13 138,66,2 116,50,0 123,49,0 124,51,0 158,64,0 147,63,0 125,52,0 108,45,0 52,22,5 30,19,12 23,18,20 22,17,19 17,10,10 22,10,15 27,14,9 39,18,5 32,16,3 23,11,11 20,8,8 25,19,24 112,55,26 135,66,30 91,43,18 53,30,29 58,35,32 60,32,30 66,35,23 88,47,29 90,45,24 100,50,19 117,61,25 146,79,31 148,73,10 122,65,21 106,55,16 82,46,26 68,33,20 58,27,15 49,22,15 40,18,12 56,27,21 60,33,26 38,17,15 41,19,13 51,29,21 54,34,14 51,33,14 77,41,21
23,16,16 26,19,19 24,17,17 26,16,17 37,20,10 61,30,11 77,33,7 93,44,4 127,66,5 105,48,0 63,29,7 33,16,17 23,13,14 19,12,12 19,14,16 47,18,12 129,58,3 133,60,0 174,92,0 143,62,0 162,72,0 112,43,0 114,44,0 85,33,1 27,11,5 29,18,11 19,17,15 17,17,17 19,12,12 22,12,13 21,11,12 22,10,15 78,32,6 24,11,8 28,14,14 32,26,31 90,37,12 138,68,35 148,70,19 59,19,0 159,79,9 169,92,18 193,106,11 163,80,0 185,85,0 179,82,0 205,106,0 229,113,0 197,104,13 184,86,0 151,77,2 110,55,1 86,37,1 91,40,3 86,36,3 82,31,0 92,36,0 91,37,0 86,33,0 91,36,0 92,39,0 101,52,1 100,57,0 73,34,4
26,19,19 26,19,19 23,16,16 34,18,12 45,19,7 74,34,11 88,43,8 92,39,0 128,67,6 96,43,0 41,18,3 22,12,13 24,14,15 20,13,13 19,17,18 66,28,7 122,56,4 122,52,0 180,91,0 145,67,0 183,89,0 109,46,0 99,41,0 78,32,4 41,18,7 33,18,9 20,15,17 18,16,17 21,11,12 20,8,8 21,11,12 22,10,15 68,32,14 25,14,11 29,16,13 16,13,19 100,49,25 127,60,33 113,45,9 72,24,0 74,33,15 64,22,9 110,45,4 86,35,11 95,44,0 97,41,0 130,57,0 129,51,0 143,59,0 126,56,0 101,43,0 94,37,0 89,39,0 81,32,0 73,29,0 70,26,0 81,36,3 83,34,0 88,39,0 93,39,1 85,40,7 72,26,0 43,21,3 71,26,3
24,17,17 26,19,19 23,16,16 41,21,14 57,26,5 68,25,6 91,42,4 98,45,0 86,36,0 74,31,0 36,20,7 22,12,13 24,14,15 20,13,16 23,18,20 66,30,0 111,48,0 136,61,0 150,67,0 147,63,0 160,77,0 122,49,0 106,46,0 70,27,10 42,19,6 36,20,7 23,18,20 19,14,16 40,20,13 39,21,18 23,11,16 46,26,19 33,11,5 29,16,13 30,19,16 23,20,24 107,50,19 159,76,27 169,82,18 84,38,20 99,38,6 78,25,2 65,22,5 71,23,7 108,49,0 107,48,0 118,53,0 124,54,0 139,60,0 128,55,0 104,44,0 94,42,0 91,41,0 76,33,0 72,28,2 76,32,2 79,34,1 74,30,0 74,31,0 78,33,0 66,31,6 65,31,9 71,29,5 59,25,3
26,19,19 27,20,20 24,17,17 44,23,10 59,25,5 79,35,9 98,49,0 105,50,0 112,58,0 78,38,4 31,15,11 18,8,9 21,14,14 20,13,16 23,16,19 50,16,0 111,49,0 152,76,0 168,83,0 136,58,0 122,58,0 141,64,0 98,41,0 67,26,10 40,19,8 38,22,7 18,16,14 17,14,18 31,14,17 31,15,13 30,13,16 28,12,8 34,14,7 28,15,10 29,16,13 26,18,26 76,30,14 175,86,32 164,77,13 72,36,18 126,60,10 77,26,2 85,38,17 57,15,2 125,57,0 119,51,0 109,46,0 113,50,0 120,52,0 130,59,0 118,54,0 97,41,0 96,41,0 82,36,0 70,29,2 71,27,0 68,29,0 63,24,0 68,28,5 71,32,2 57,27,1 62,24,5 61,28,1 66,30,8
26,19,19 24,17,17 23,18,17 51,24,6 70,30,7 89,39,6 104,51,0 109,49,0 119,61,0 67,30,4 29,17,17 19,12,12 20,13,13 20,13,16 20,15,17 93,48,2 130,60,0 145,68,0 143,65,0 131,57,0 94,38,0 140,63,0 101,45,0 68,25,6 34,15,3 33,20,17 29,17,19 13,10,14 20,8,10 24,12,14 29,15,17 38,18,11 36,12,4 28,14,14 29,13,11 25,13,25 114,59,30 100,44,10 151,72,10 149,69,14 144,71,14 60,16,6 103,47,13 92,33,5 133,58,0 121,48,0 106,47,0 97,41,0 105,47,0 117,51,0 121,51,0 116,47,0 96,40,0 81,35,0 76,30,0 69,29,4 67,25,1 66,26,1 69,28,1 81,43,8 63,27,5 59,25,5 48,29,15 68,35,8
24,17,17 24,17,17 29,18,15 51,26,9 76,35,8 87,41,4 103,49,1 111,52,0 107,56,3 54,28,7 29,16,13 21,11,10 21,14,14 20,13,16 27,20,23 108,50,0 131,60,0 135,63,0 148,71,0 157,69,0 103,39,0 133,59,0 94,39,0 64,23,3 34,17,7 26,13,6 28,18,19 19,11,19 23,13,17 19,7,12 22,12,13 27,15,17 34,16,13 35,19,15 27,13,13 25,21,32 129,62,35 177,88,39 102,46,20 108,50,15 141,71,20 68,21,0 90,31,1 100,38,11 128,60,0 109,46,0 86,35,0 98,41,0 98,41,0 101,41,0 115,49,0 113,51,0 92,39,0 85,37,0 72,28,0 70,26,0 70,29,2 69,28,1 62,28,6 72,28,0 66,26,1 64,27,3 46,27,13 94,51,18
28,21,21 23,16,16 38,23,12 62,24,3 70,30,7 88,44,6 94,45,0 111,56,4 62,21,3 41,18,3 28,14,14 22,12,13 20,13,16 19,13,18 31,19,24 111,54,0 154,69,0 120,51,0 153,70,0 151,74,0 119,50,0 122,54,0 95,40,0 64,26,7 33,18,7 35,20,9 32,20,22 27,15,20 26,16,20 20,13,16 18,14,27 72,24,6 35,17,14 33,19,24 23,13,17 22,16,23 78,39,27 122,53,20 85,39,13 100,36,0 104,47,16 135,71,27 100,40,1 136,56,1 119,54,0 93,38,0 86,38,0 89,36,0 98,42,0 88,35,0 96,43,0 106,48,0 91,38,0 81,35,0 78,33,0 71,30,1 71,27,1 78,37,8 81,32,0 79,34,0 70,29,0 70,25,2 68,34,16 68,29,0
28,21,21 23,16,16 41,22,10 69,32,6 69,27,5 86,38,0 96,47,0 91,37,1 64,29,4 32,15,5 23,13,14 23,13,12 20,13,13 19,13,18 35,19,15 131,59,0 146,62,0 138,64,0 153,69,0 131,59,0 128,59,0 127,58,0 87,36,0 57,25,9 35,18,10 36,20,5 27,15,17 19,12,15 17,9,15 24,12,17 15,14,17 52,26,12 45,16,10 42,14,3 50,24,10 66,29,5 105,35,2 130,53,16 167,87,30 180,90,16 140,63,7 107,46,10 102,45,14 105,46,0 105,45,0 97,41,0 91,37,0 97,41,0 101,41,0 112,46,0 91,38,0 90,40,0 74,33,2 74,30,2 68,27,0 76,32,4 75,36,8 75,34,7 86,40,0 78,35,2 77,33,5 74,30,2 49,27,9 50,27,12
27,20,20 24,17,17 44,23,12 71,30,3 68,25,6 95,47,4 90,41,0 81,34,2 78,42,9 31,16,7 23,13,12 23,13,14 21,14,17 21,14,17 36,18,17 124,60,0 148,69,0 152,71,0 158,70,0 112,46,0 128,59,0 132,60,0 79,30,0 57,22,7 32,15,5 37,21,6 29,17,19 31,19,24 14,11,15 23,13,14 14,11,15 67,31,9 49,18,8 78,35,16 76,32,6 79,33,0 143,39,2 108,36,0 156,76,21 119,52,4 104,46,9 134,56,10 92,34,0 113,50,0 108,48,0 112,46,0 97,42,0 107,49,0 113,46,0 111,45,0 104,45,0 94,42,0 74,30,0 66,27,0 68,28,3 71,36,11 82,41,10 81,36,1 73,29,3 69,24,1 62,25,1 72,28,2 89,38,3 67,36,15
28,21,19 24,17,15 49,23,9 74,29,6 75,34,7 88,43,0 83,33,0 113,56,0 56,25,4 29,15,15 23,13,14 24,14,15 20,13,16 20,13,16 35,19,13 77,34,0 154,69,0 125,50,0 154,73,0 102,45,1 127,58,0 133,59,0 83,34,0 57,23,5 31,14,4 35,21,5 25,15,16 32,18,18 26,19,22 24,14,18 16,13,17 74,30,0 75,35,10 91,40,5 76,32,6 108,48,5 128,34,0 125,30,0 146,71,24 105,45,4 37,11,0 130,65,26 121,49,10 108,47,0 108,45,0 119,50,0 116,50,0 100,40,0 120,55,0 127,57,0 116,51,0 101,45,0 89,41,0 67,30,4 81,40,20 74,35,5 80,35,2 84,38,1 81,37,0 75,34,7 65,28,4 69,27,5 61,25,3 81,36,1
26,19,19 23,16,16 43,20,5 76,34,10 81,34,2 90,39,0 87,37,0 124,63,2 46,20,6 32,19,16 22,12,13 20,13,16 20,13,13 21,14,17 50,27,16 85,37,0 150,66,0 143,70,0 143,68,0 97,41,3 126,58,0 137,62,0 83,32,0 59,24,9 29,14,3 31,15,9 20,13,13 37,21,15 25,15,16 17,10,13 12,11,16 80,36,0 112,41,0 101,48,5 79,35,5 100,38,0 169,80,31 98,25,0 127,58,25 59,29,12 69,34,19 117,48,10 124,55,17 107,50,0 124,51,0 123,50,0 118,53,0 116,50,0 115,47,0 111,48,0 124,52,0 111,51,0 88,39,0 59,25,3 73,38,13 59,23,1 66,29,5 83,37,0 78,34,0 72,28,2 67,28,0 66,26,3 74,25,3 51,25,4
24,17,15 24,17,17 55,26,6 66,30,10 86,37,0 86,35,0 104,49,0 124,63,0 48,25,10 27,15,15 21,11,12 20,13,16 20,13,13 20,13,16 55,29,17 99,43,0 137,63,0 142,68,0 150,72,0 89,38,0 116,51,0 133,58,0 91,36,0 62,27,14 30,13,3 26,13,10 13,11,12 27,15,20 18,8,12 18,13,15 17,6,13 63,27,7 115,48,3 129,69,17 101,42,0 64,30,10 101,38,16 126,48,4 114,52,23 73,27,1 115,52,21 119,63,25 111,50,18 101,49,1 114,48,0 135,61,0 104,37,0 112,46,0 116,48,0 118,49,0 127,57,0 109,49,0 88,38,5 53,37,24 36,18,0 48,27,4 61,31,5 73,37,8 76,40,9 80,44,13 85,47,12 110,61,12 106,62,20 92,51,6
23,18,17 32,19,14 57,26,5 53,22,1 87,36,0 86,37,1 105,47,0 105,49,0 41,22,6 27,15,15 18,8,9 20,13,13 19,12,12 20,13,16 46,25,14 131,66,6 116,51,0 145,69,4 137,63,0 84,35,0 115,50,0 121,51,0 113,46,0 76,31,8 31,14,6 21,14,14 19,17,18 33,19,21 22,10,15 18,12,19 13,13,13 91,42,4 42,14,5 121,59,17 94,38,0 126,59,11 91,28,0 82,29,6 122,61,29 100,35,0 90,34,0 89,40,18 111,44,17 94,40,0 112,46,0 116,51,0 108,45,0 107,50,0 102,42,0 118,52,0 99,44,0 103,45,0 180,102,35 41,24,14 45,24,11 62,31,8 64,31,4 71,37,5 72,40,6 78,43,7 83,45,10 103,53,9 118,65,0 69,36,11
22,17,16 34,21,16 59,28,5 64,26,5 92,41,4 78,35,0 116,54,0 100,49,0 40,26,12 24,12,14 21,11,12 19,12,15 19,12,12 19,13,18 56,28,19 117,56,0 99,39,0 121,52,0 100,45,0 89,38,1 120,55,0 121,52,0 124,54,0 76,35,8 34,19,8 20,15,17 20,18,16 26,14,16 23,13,14 12,9,13 14,11,15 39,14,0 100,55,20 57,26,3 109,48,1 75,33,9 81,30,4 91,29,0 48,26,20 62,21,3 138,59,15 133,59,23 112,52,27 98,38,0 97,41,0 103,44,0 97,43,0 99,41,0 96,43,0 75,29,0 84,40,10 104,49,0 84,30,0 173,74,0 168,77,8 131,53,0 122,53,0 111,49,0 125,58,0 146,60,0 144,65,3 143,70,9 130,64,16 119,51,6
23,16,16 37,22,11 58,29,7 69,27,5 103,49,1 107,54,0 114,52,0 100,49,0 36,21,12 21,11,12 19,12,12 17,10,13 19,12,15 20,12,18 50,24,14 122,61,0 87,34,0 121,50,0 109,44,0 92,38,0 121,55,0 121,56,0 119,54,0 79,34,1 34,15,3 22,17,16 23,18,20 16,9,9 26,12,17 21,11,15 13,11,12 72,31,4 32,14,11 52,23,3 50,19,0 92,43,3 82,41,14 63,15,0 53,25,16 49,24,21 20,8,13 69,23,7 84,35,15 84,28,0 103,47,0 99,43,0 98,42,0 98,44,0 98,43,0 84,35,0 70,29,2 70,29,0 87,41,15 50,27,16 58,36,18 65,39,18 77,42,15 81,45,16 84,43,12 90,50,16 107,54,9 107,48,2 110,55,10 89,39,8
24,14,15 44,23,8 64,28,8 85,40,5 99,47,0 105,51,0 116,54,0 103,48,3 34,18,12 21,11,12 18,13,12 17,10,13 19,12,15 18,13,15 40,19,17 123,58,0 92,36,0 129,61,0 123,47,0 104,44,3 112,54,0 116,47,0 128,59,0 77,29,0 42,15,8 20,18,19 23,16,16 15,8,8 31,19,19 28,14,19 12,11,14 69,31,12 37,10,5 83,41,17 80,35,12 87,40,8 88,29,1 46,15,5 45,22,19 45,24,13 116,58,21 71,32,18 61,26,13 83,32,8 84,35,0 91,38,0 100,41,0 116,50,0 77,30,0 70,30,5 52,26,3 46,21,4 73,32,12 43,25,20 45,31,17 46,30,15 51,32,16 62,40,22 57,36,13 59,39,19 52,31,16 50,31,19 59,35,13 114,36,0
19,12,10 51,25,11 65,31,9 80,33,0 93,44,0 107,50,0 123,58,1 105,52,0 31,15,9 23,11,11 17,10,13 19,12,15 20,13,16 20,13,13 38,17,13 127,62,0 115,53,0 127,64,0 127,50,0 130,61,0 95,38,0 120,51,0 117,51,0 74,26,8 46,20,10 23,17,22 28,18,19 14,9,11 25,13,13 18,8,9 22,15,18 46,18,5 89,35,0 112,58,10 108,53,1 113,48,0 90,43,9 55,29,15 52,26,16 41,27,27 96,41,12 61,23,13 95,54,38 51,21,6 67,22,0 72,28,0 95,42,1 76,31,0 63,27,5 46,21,2 40,21,5 50,19,0 55,25,8 40,28,18 46,30,15 50,32,13 58,36,16 60,38,18 60,38,20 58,36,16 53,33,15 55,34,19 55,34,19 68,37,16
19,12,10 59,28,7 69,26,9 89,35,1 98,42,0 112,54,0 126,61,0 97,48,0 27,14,9 21,11,10 19,12,12 20,13,13 20,13,16 17,15,16 33,16,19 120,58,2 135,70,0 126,64,0 104,46,0 142,66,0 77,22,0 111,48,0 116,50,0 72,28,2 49,21,8 25,15,16 29,19,20 12,9,13 29,16,11 22,12,16 13,10,14 25,12,9 73,34,6 28,13,4 108,55,12 208,105,0 143,73,22 114,35,0 74,35,7 52,15,12 103,48,19 69,29,20 80,34,18 53,23,6 69,28,1 68,27,0 82,33,0 68,27,0 54,25,5 43,21,1 38,17,4 40,19,15 45,18,11 42,25,15 52,33,17 54,34,16 54,34,16 57,35,15 58,36,16 62,40,20 58,36,16 60,38,18 55,35,17 54,32,14
50,31,17 63,29,7 70,28,4 86,37,0 102,47,0 113,55,0 127,60,0 96,47,0 30,14,12 22,12,11 20,13,13 19,12,15 20,13,16 20,13,16 24,12,12 115,57,2 153,75,0 160,76,0 143,65,0 119,49,0 91,32,2 106,39,0 112,46,0 84,34,3 50,18,4 23,16,19 30,18,20 13,12,15 26,16,17 23,13,14 15,9,14 21,13,19 30,10,3 60,28,12 44,21,8 44,21,8 63,25,15 87,25,0 97,53,2 103,57,27 106,47,19 62,27,12 82,38,28 57,25,9 70,29,2 71,27,1 68,27,0 59,23,1 47,20,2 44,18,4 89,44,11 28,18,22 35,22,19 45,29,16 52,34,15 56,36,18 57,35,15 58,36,16 64,38,17 57,35,17 66,42,20 61,40,17 61,41,21 58,36,18
69,32,6 75,38,12 75,34,5 77,36,7 103,50,0 116,59,0 131,63,0 103,49,0 27,14,11 23,13,14 20,13,13 20,13,16 20,13,16 18,13,15 24,14,15 104,48,0 146,73,0 132,63,7 152,74,0 139,61,0 87,31,0 112,46,0 125,51,0 85,35,4 50,18,2 23,13,14 33,21,21 14,12,13 25,15,19 23,12,19 16,9,19 19,13,20 44,22,14 53,22,12 85,41,13 132,73,16 64,27,3 80,22,0 71,24,1 135,65,3 98,40,18 102,53,33 118,64,44 54,16,0 81,31,0 74,28,0 68,29,1 68,27,0 61,25,3 53,26,8 82,39,22 45,19,7 39,27,17 51,32,16 53,31,11 58,36,16 63,37,14 65,41,19 64,38,17 68,42,19 70,41,19 69,40,16 67,36,15 67,36,17
68,33,6 68,34,4 78,40,5 80,45,9 79,44,8 74,38,5 110,58,8 104,51,0 28,15,12 23,11,13 19,12,12 19,12,15 19,12,15 19,14,13 24,14,18 93,40,0 129,61,0 148,74,0 139,61,0 156,80,0 123,59,0 91,33,0 105,39,0 101,48,5 54,19,6 25,15,16 37,25,25 16,8,14 22,15,18 70,35,10 19,12,22 20,14,21 38,22,18 61,27,9 120,62,11 92,39,0 81,31,0 116,51,0 120,64,17 105,45,6 54,16,8 69,33,23 48,27,16 89,38,14 70,28,4 61,25,5 55,21,1 55,24,5 56,25,4 58,24,4 208,86,0 74,28,12 44,30,14 63,42,19 69,38,15 70,39,16 68,37,14 72,43,21 70,39,18 69,38,17 63,37,14 72,43,21 71,41,15 74,45,23
82,42,6 73,37,4 73,39,7 78,43,7 78,43,7 80,42,7 76,37,5 83,44,5 64,38,13 36,21,12 16,9,9 19,11,17 20,13,13 17,15,16 16,9,12 89,43,2 110,54,0 122,55,0 158,75,0 147,67,0 120,50,0 93,37,1 114,48,0 94,41,0 55,23,9 27,14,11 36,23,20 14,9,11 15,7,13 51,32,18 46,26,19 13,7,12 24,17,17 60,33,17 63,20,1 111,57,9 120,57,8 96,47,9 49,19,4 74,27,6 77,27,10 60,27,20 110,61,39 86,46,37 62,24,3 52,17,2 48,18,1 41,20,5 49,22,6 61,27,7 191,77,0 134,57,1 81,37,9 81,40,9 78,47,28 46,23,10 63,36,18 74,44,18 82,46,17 81,45,23 60,35,18 48,32,17 47,28,14 54,33,20
72,36,3 77,39,4 66,33,6 69,37,7 65,33,3 65,33,3 76,41,5 77,44,7 78,45,6 84,45,13 90,53,11 60,31,11 25,14,9 19,14,13 21,16,18 92,42,9 130,60,0 113,48,0 160,74,0 156,73,0 142,68,0 95,38,0 105,44,0 106,46,0 55,24,5 30,13,5 37,21,15 26,16,17 15,8,8 37,20,21 75,45,17 28,18,19 23,17,24 25,15,19 77,41,19 97,43,0 93,48,15 96,40,4 93,43,12 145,70,7 60,31,27 60,29,21 72,37,22 49,23,13 49,22,4 48,18,3 47,16,6 47,19,6 46,19,1 45,17,6 92,30,0 124,50,12 93,37,11 76,35,6 88,45,10 98,50,5 108,53,8 111,55,6 114,54,4 126,57,3 118,55,6 150,79,24 123,66,24 115,61,27
60,32,3 67,37,9 71,37,7 66,33,6 73,39,5 67,32,5 68,34,4 79,43,10 85,48,6 76,41,5 78,43,5 89,51,5 87,45,7 68,34,2 35,20,9 86,40,12 127,60,0 119,52,0 166,80,0 163,81,0 136,56,0 117,52,0 89,35,0 113,50,1 65,29,9 33,13,4 40,24,18 42,27,16 14,9,8 11,10,13 43,24,10 39,19,12 20,13,16 23,16,19 50,26,18 76,29,0 94,46,19 129,48,0 123,59,0 120,57,6 65,34,24 70,35,22 93,55,36 42,18,12 43,21,3 43,20,5 44,19,2 40,19,4 37,16,1 36,17,1 46,17,11 200,86,0 146,59,0 98,38,0 98,48,6 105,52,7 108,52,5 124,61,10 120,54,2 130,62,3 140,65,2 137,61,1 131,58,0 126,52,0
58,29,5 61,32,8 69,36,9 68,35,8 64,35,4 70,35,8 70,36,6 72,36,7 74,40,6 78,45,8 80,45,9 82,44,9 79,44,6 91,49,9 71,38,1 66,37,4 88,42,5 149,74,4 160,75,0 154,72,0 140,65,0 142,63,0 102,47,4 102,47,0 90,39,4 35,13,5 40,25,16 48,28,19 15,10,12 16,13,19 55,35,28 56,26,9 76,44,28 41,23,18 53,30,19 74,33,4 108,63,19 97,46,18 52,16,0 116,39,0 52,30,24 73,32,16 93,57,39 61,30,18 50,18,2 41,18,3 37,18,2 44,18,4 40,17,4 32,9,6 39,19,1 58,24,2 55,25,8 168,67,0 141,56,1 141,57,0 144,60,0 138,54,0 133,56,0 139,58,0 172,66,0 146,60,0 123,53,2 123,54,0