33,32,35 33,32,35 32,32,32 33,33,30 32,32,29 33,33,33 39,39,39 32,32,27 35,34,27 91,94,59 92,95,62 120,123,90 94,95,72 52,52,47 50,50,50 36,35,38 25,25,22 27,27,27 30,30,27 41,42,32 70,66,58 73,74,62 54,55,45 26,26,23 41,42,32 57,60,40 78,72,47 72,69,43 53,54,33 44,40,30 65,67,52 69,69,55 58,61,49 58,57,46 102,95,77 121,108,85 96,88,64 99,92,72 82,74,52 78,74,53 76,73,49 86,81,51 88,82,59 80,74,49 67,60,40 47,48,29 34,35,25 37,38,30 41,38,42 58,56,57 48,46,44 34,34,29 26,26,23 38,36,37 45,45,45 25,25,25 44,42,40 52,50,48 45,43,41 46,46,43 41,40,43 52,51,54 47,46,49 40,40,40
43,43,43 51,49,50 41,41,41 29,29,26 29,29,26 30,30,30 30,30,30 33,33,28 42,41,30 90,92,46 112,114,70 66,68,40 58,59,38 55,55,50 50,50,50 46,45,48 32,32,29 26,26,26 30,30,27 45,46,36 52,51,42 48,49,37 54,55,45 40,40,37 31,32,24 45,47,30 79,76,52 82,79,53 84,82,62 63,59,49 51,53,38 69,69,53 63,66,54 63,62,53 127,120,100 130,117,94 89,83,58 77,70,50 65,62,38 68,64,43 68,62,39 75,67,43 79,73,50 82,77,45 66,62,43 55,56,37 55,54,43 46,47,39 68,66,64 77,75,76 45,43,41 31,31,26 50,50,47 55,53,54 48,48,48 69,69,69 54,52,50 41,39,35 41,39,35 52,50,48 67,67,64 65,64,69 60,59,64 59,58,61
40,40,40 51,51,51 41,41,38 38,36,32 37,37,32 38,38,33 41,42,34 80,83,61 79,83,54 72,76,49 77,80,49 99,104,57 74,79,36 64,67,43 47,47,47 30,29,32 30,30,27 30,30,30 26,26,21 34,33,24 76,79,55 104,107,76 82,85,63 52,53,45 31,31,28 32,33,25 40,39,30 70,68,50 117,106,87 100,93,77 41,40,29 46,44,45 58,58,58 60,58,54 93,88,76 96,87,58 86,80,55 81,75,52 87,79,55 78,71,51 95,91,70 107,99,75 85,79,56 69,67,45 68,67,60 59,58,49 68,65,52 54,54,40 45,44,37 48,48,45 44,44,39 42,40,38 70,68,66 54,52,53 38,36,34 33,33,28 33,33,28 45,45,40 55,55,50 65,63,59 82,78,72 78,73,70 75,70,69 68,68,65
51,51,48 57,57,54 48,48,45 48,48,48 45,46,38 40,40,24 41,41,36 76,78,52 82,85,50 59,61,46 63,61,41 91,91,59 68,69,48 51,53,36 31,31,26 47,45,41 52,46,41 43,36,36 42,37,34 48,51,31 129,131,87 137,142,99 79,83,54 31,31,26 30,30,25 29,29,24 37,37,32 161,154,125 215,188,113 145,129,75 69,66,42 56,56,42 64,68,53 104,105,86 132,124,90 118,110,76 82,78,57 74,72,50 108,100,76 103,96,67 96,89,60 101,94,63 92,85,54 73,69,50 52,55,47 53,53,50 65,68,48 51,53,38 38,37,26 39,40,32 28,27,20 30,28,24 32,30,28 31,29,27 37,36,29 36,37,27 36,37,29 38,40,37 58,56,57 73,71,72 73,71,69 76,74,70 74,73,66 73,71,69
43,43,40 59,59,56 62,62,59 60,60,60 85,88,64 98,103,56 74,80,39 82,86,57 87,88,69 43,44,34 60,61,40 84,84,52 79,78,51 55,56,37 30,29,22 48,43,42 69,65,59 67,62,59 55,54,47 80,82,67 100,98,69 96,97,60 73,77,50 31,31,28 51,49,47 53,53,53 46,45,48 108,104,94 213,189,127 222,195,122 150,135,97 98,95,71 67,66,69 76,75,78 89,85,66 93,85,61 94,87,67 102,93,74 98,91,64 84,75,48 93,86,59 85,77,53 93,87,64 92,85,65 64,58,51 51,51,48 46,46,46 34,35,27 41,41,36 39,37,35 33,34,26 36,37,29 37,38,30 37,38,28 36,37,29 34,35,27 32,33,25 32,31,24 38,37,30 52,51,44 59,60,52 66,65,58 68,66,62 70,68,66
80,82,54 118,125,81 122,129,85 115,119,79 85,90,54 64,70,43 57,61,34 68,70,44 62,62,48 51,53,38 50,50,45 84,88,50 107,110,59 86,90,50 61,61,47 52,50,46 63,62,55 55,54,47 41,40,29 74,73,62 75,78,58 83,86,55 106,110,70 125,129,89 51,49,45 48,45,49 60,58,59 77,75,73 182,162,114 212,190,127 139,124,84 116,105,90 186,135,96 154,85,45 156,85,64 130,99,76 116,108,86 135,127,105 112,103,72 94,85,58 95,88,59 85,84,57 83,70,47 75,72,48 73,73,57 58,59,51 49,47,48 46,44,42 51,50,43 48,46,42 51,49,45 34,35,27 37,38,30 36,37,29 33,34,26 30,32,27 30,31,21 30,29,22 31,30,23 36,37,29 43,44,36 46,47,39 41,40,31 40,39,30
88,95,49 105,113,62 86,94,41 86,89,69 85,85,80 88,88,85 88,88,85 102,102,97 100,101,91 94,93,98 90,88,96 90,91,83 109,109,93 89,90,82 94,95,85 75,75,72 54,53,58 41,39,37 44,45,33 66,67,55 60,61,49 75,78,47 124,128,90 105,107,79 81,83,68 64,64,61 53,53,53 73,72,75 103,95,82 123,111,81 122,110,84 117,95,75 148,85,54 187,132,101 106,65,49 91,86,83 102,92,82 114,103,86 125,113,83 122,112,74 111,103,67 94,88,54 87,76,43 73,69,48 64,64,61 70,67,71 76,76,76 75,75,70 78,78,73 74,74,69 58,58,55 40,41,33 34,37,29 34,35,25 43,44,36 43,44,34 43,44,36 37,37,32 36,37,29 42,41,34 51,50,43 48,47,40 39,38,29 37,38,30
32,34,31 36,38,33 40,41,33 68,64,56 80,74,69 72,67,64 63,61,57 61,59,60 67,67,64 79,74,76 82,77,76 86,85,78 84,80,63 75,75,59 76,77,56 81,84,62 62,61,52 32,32,18 49,50,27 72,76,49 73,78,44 127,133,83 113,114,77 68,68,63 64,66,61 54,55,47 52,52,47 86,85,90 83,84,76 69,71,56 100,91,74 115,100,89 101,57,29 255,184,121 137,90,67 61,57,51 64,61,46 62,59,44 90,81,66 100,91,74 90,83,54 86,82,47 86,80,46 68,64,45 55,53,49 64,59,61 59,58,51 70,63,61 68,64,58 68,64,58 59,57,53 39,38,31 34,37,27 36,36,31 39,38,29 45,46,36 46,47,37 46,47,37 48,49,39 53,54,42 54,53,44 70,68,48 86,86,54 74,75,56
35,37,34 36,38,33 36,39,31 37,38,30 41,41,36 47,45,41 54,53,46 69,64,61 69,68,61 69,67,65 58,56,52 70,70,54 78,78,48 83,81,61 79,80,68 87,90,70 101,101,69 99,99,65 97,97,65 83,83,53 99,98,71 79,80,57 83,85,70 85,90,84 89,92,80 89,94,72 62,61,52 71,75,58 83,85,68 105,99,92 140,93,70 138,153,69 53,109,72 87,145,103 69,70,73 50,45,44 73,69,52 88,81,50 84,79,49 78,71,42 97,90,59 100,91,60 82,72,50 54,53,42 54,52,50 57,51,56 41,41,36 63,58,57 63,58,57 64,59,58 60,58,54 37,35,31 48,49,41 50,50,45 34,35,27 38,38,33 47,47,42 44,45,37 46,46,41 53,54,46 61,62,52 60,60,46 82,83,64 59,58,47
36,39,31 36,39,31 39,40,32 41,42,34 38,41,33 39,40,32 44,44,39 50,50,47 65,65,62 57,57,54 43,43,38 51,51,46 80,81,60 95,97,69 90,89,80 81,79,77 52,52,49 52,52,49 57,58,48 68,70,44 82,85,63 71,72,60 53,56,44 67,69,66 80,80,77 90,85,87 86,84,80 87,85,83 85,85,80 148,137,118 188,135,71 57,95,57 17,37,21 42,67,47 43,106,64 119,155,84 241,197,167 65,59,50 65,65,49 79,72,43 64,62,44 42,45,33 41,38,23 50,46,36 53,53,48 41,45,47 56,58,58 68,68,65 74,72,68 69,67,63 61,59,55 46,45,38 55,54,47 41,42,34 37,38,28 48,49,41 52,53,45 51,51,46 39,40,30 44,45,35 47,49,34 52,53,41 59,60,50 55,56,44
36,39,31 36,39,31 39,40,32 40,41,33 39,42,34 40,41,33 43,43,38 55,55,50 60,60,55 51,51,46 40,41,33 40,40,35 50,50,47 89,89,75 91,92,73 77,75,73 67,67,67 66,64,60 87,87,71 124,129,84 110,117,73 79,80,68 70,70,80 66,68,68 71,66,68 69,63,56 60,59,52 65,63,59 73,86,72 191,110,74 78,94,50 104,118,72 79,94,59 88,88,88 37,51,44 45,68,49 49,52,42 50,52,35 45,48,36 54,55,34 57,55,37 44,44,30 70,68,46 101,95,70 86,85,78 63,63,71 63,64,67 67,67,67 71,71,68 79,79,76 65,63,59 60,59,52 58,57,50 40,38,34 36,37,29 44,44,39 42,40,36 39,40,32 40,41,31 48,49,39 51,52,40 51,52,42 74,76,61 83,84,72
35,38,30 36,39,31 39,40,32 40,41,33 39,41,36 41,42,34 40,41,33 40,41,33 41,42,32 52,51,42 56,55,46 66,65,58 67,66,59 74,73,66 68,70,44 72,72,56 77,75,71 81,80,69 89,87,65 90,86,69 86,84,62 88,87,78 83,82,85 72,75,67 75,74,77 73,74,77 66,67,72 69,68,61 32,62,45 109,106,64 139,148,118 129,134,110 174,179,157 67,75,84 75,73,81 69,71,68 71,72,60 64,68,51 65,65,49 73,66,50 75,72,48 82,77,49 87,78,49 87,83,62 83,88,84 81,86,94 70,73,80 67,68,73 58,57,60 69,64,66 78,78,73 62,60,56 38,39,31 38,39,29 59,59,54 62,60,56 44,42,38 34,33,26 40,39,30 47,48,36 53,55,40 52,55,45 55,58,48 72,73,65
36,38,35 36,39,31 38,39,31 39,40,32 40,40,35 41,41,36 44,44,41 41,42,34 41,42,32 43,44,34 43,44,34 50,51,43 55,53,49 51,50,43 54,55,45 73,76,54 130,134,94 136,142,92 84,81,55 85,81,60 82,83,62 88,87,76 76,77,80 71,75,77 72,74,71 72,74,74 61,61,61 52,55,47 74,78,82 133,142,125 101,113,95 83,96,80 103,117,96 63,104,76 74,116,93 62,64,64 53,54,42 54,46,33 160,107,54 79,65,47 52,55,43 68,66,44 72,69,43 71,67,57 83,82,87 83,82,87 71,70,75 64,65,68 51,51,51 59,57,55 65,65,60 46,44,40 36,37,29 67,67,62 78,79,71 52,53,45 39,38,31 40,39,30 46,45,36 50,51,41 53,53,48 57,58,50 53,56,48 64,65,53
36,38,35 37,39,36 39,41,38 46,46,46 46,46,46 41,41,38 40,41,33 40,41,31 41,42,32 41,42,32 41,42,32 43,44,36 53,54,46 54,55,47 50,50,45 62,62,59 74,76,76 74,74,71 79,77,73 79,77,73 70,64,57 62,60,58 70,71,76 73,73,81 86,88,71 103,107,80 104,92,66 74,73,64 96,142,85 95,59,37 49,53,55 65,75,69 89,95,84 104,119,105 52,71,62 60,66,69 54,55,47 96,54,30 56,40,23 44,39,38 45,45,31 52,53,34 61,62,41 60,63,55 75,78,85 78,79,84 60,59,62 55,56,48 47,48,40 58,57,50 65,63,59 65,64,57 83,86,66 82,82,66 54,54,40 51,50,43 49,48,41 45,46,38 38,39,31 38,38,33 47,47,42 58,58,53 59,59,54 72,73,63
36,38,33 37,39,34 38,40,37 40,40,37 39,39,36 39,39,34 40,41,33 41,42,34 41,42,32 41,42,32 43,44,34 43,44,36 45,46,38 46,47,39 55,53,49 71,71,68 71,73,70 69,69,66 74,72,70 75,73,69 69,63,58 57,47,51 67,66,71 69,72,79 67,66,69 84,80,61 142,122,63 103,134,80 91,106,71 121,70,35 125,80,47 103,68,53 72,52,43 46,59,43 72,71,74 65,69,73 66,65,56 142,97,62 255,182,132 87,78,61 47,47,47 48,48,48 50,50,47 62,66,68 77,81,85 76,77,82 52,54,54 47,47,42 46,46,41 54,53,46 69,69,64 72,70,66 76,74,70 58,53,50 38,37,30 39,38,29 41,40,33 38,39,31 36,37,29 44,44,39 53,53,48 59,59,54 55,56,48 79,79,74
37,40,32 37,39,36 38,40,37 41,41,38 41,41,38 40,40,35 39,40,32 41,42,34 43,44,36 43,44,36 44,45,37 46,46,41 45,46,38 50,51,43 67,65,63 72,72,72 71,71,71 62,62,59 72,70,66 75,73,71 255,241,209 91,68,55 69,65,74 64,63,66 66,63,67 230,138,87 255,189,125 101,109,68 39,97,57 98,69,36 121,71,40 115,56,26 54,44,20 49,80,54 70,70,78 67,68,73 73,64,56 157,107,76 143,91,70 45,44,37 43,43,40 46,46,46 47,47,47 69,69,69 83,82,85 76,75,78 60,60,57 54,54,54 48,48,48 47,45,43 76,76,73 75,73,71 43,43,40 40,38,34 34,35,27 36,37,29 34,35,27 31,34,26 33,32,25 43,43,40 51,51,48 53,53,48 55,56,48 71,72,62
36,38,35 37,39,36 38,40,35 38,40,35 40,40,37 39,39,34 40,41,33 41,42,34 41,41,38 46,46,43 46,46,43 48,48,45 48,48,45 51,51,46 57,57,54 65,65,65 66,68,68 65,65,65 67,65,63 69,67,63 255,192,108 255,180,119 86,63,64 62,59,65 72,56,52 169,95,57 137,75,48 61,115,78 58,83,54 255,169,117 217,139,91 106,55,18 36,77,47 51,64,52 64,62,70 64,64,72 72,63,59 164,123,94 54,44,43 43,44,36 41,42,34 44,44,39 45,45,42 68,67,70 81,81,81 94,89,86 110,112,97 112,113,103 60,60,60 51,49,50 66,64,62 60,58,56 41,41,36 52,51,40 61,60,51 37,36,29 38,39,31 39,40,32 40,38,34 42,45,37 48,49,41 51,52,44 53,54,44 68,69,61
35,37,34 36,38,35 37,39,36 38,41,33 39,39,36 38,40,37 46,48,48 50,52,49 50,52,49 48,48,48 47,47,47 42,44,39 40,40,35 40,40,37 53,53,53 64,64,61 68,67,70 62,62,59 62,62,59 66,66,63 67,62,59 194,151,132 113,87,62 171,143,114 183,145,110 113,77,57 33,49,28 83,98,86 135,109,88 137,104,93 174,140,118 255,199,177 46,51,45 56,62,63 63,65,65 63,69,70 255,184,121 161,138,123 63,58,46 43,44,36 40,41,33 41,44,36 39,41,41 67,68,73 110,109,102 128,124,105 150,145,117 140,135,121 100,100,95 55,54,57 68,66,64 66,66,66 47,47,44 100,97,82 111,106,92 84,83,72 47,48,36 40,41,31 39,40,32 43,43,38 48,48,43 51,52,44 52,53,41 68,69,61
36,38,35 36,38,35 38,40,37 36,39,31 38,39,31 38,40,37 42,44,44 46,44,40 48,45,49 45,45,42 43,43,38 38,40,40 39,39,34 50,50,47 55,55,52 61,61,61 67,66,69 61,61,61 71,71,71 67,67,67 57,52,54 55,51,45 55,51,41 105,84,61 184,148,117 118,92,67 68,55,48 111,117,108 102,93,89 92,75,76 122,128,119 134,141,125 195,165,150 191,153,145 185,161,135 198,139,91 153,100,88 173,141,127 65,59,50 46,46,43 43,43,40 41,43,38 39,41,41 69,70,75 101,100,89 139,129,105 197,184,152 178,171,142 111,110,101 54,54,54 68,66,67 66,64,65 45,43,39 114,111,96 116,111,97 60,59,48 47,48,36 48,49,39 47,48,40 48,49,41 48,49,41 50,51,43 50,51,39 65,66,54
35,37,34 36,38,35 36,38,35 35,38,30 38,38,35 41,43,38 42,44,41 42,41,34 47,47,33 49,49,33 51,51,37 45,48,40 39,39,34 47,47,44 53,53,53 61,60,63 67,68,71 58,58,58 59,59,59 60,60,60 58,55,59 62,61,66 73,63,64 113,92,77 154,117,91 175,138,112 142,93,82 104,102,98 95,85,89 58,60,60 108,107,100 161,157,138 182,153,129 210,174,145 197,163,141 116,91,74 97,81,68 173,141,127 94,81,74 45,45,42 44,44,41 39,41,36 51,51,51 69,70,75 89,86,90 143,140,127 191,183,149 195,188,159 155,152,137 61,59,60 67,65,66 63,58,57 46,42,36 118,113,99 120,113,97 60,59,48 46,47,35 47,46,37 46,47,39 47,48,40 47,48,40 50,51,41 61,64,42 73,73,57
47,47,44 50,50,47 48,46,44 47,47,42 47,46,39 47,44,31 42,45,35 41,40,31 37,36,27 40,36,26 46,43,28 45,45,29 44,43,32 46,46,41 46,48,43 58,57,62 61,60,63 52,51,54 54,53,56 61,60,63 57,57,57 64,65,70 61,60,63 78,61,51 151,125,104 151,117,95 123,84,70 92,81,88 68,55,65 36,30,35 123,130,125 127,129,124 134,112,106 153,125,112 184,143,125 200,164,144 149,126,113 186,154,138 112,97,86 61,50,33 69,60,41 63,57,32 44,39,25 51,50,53 68,67,72 110,109,102 157,154,139 198,197,172 170,169,144 83,82,71 69,64,63 83,68,59 80,65,54 130,119,100 131,121,99 64,61,46 46,48,33 46,47,35 46,48,33 46,47,35 46,47,37 50,52,37 59,60,39 73,75,60
47,47,44 46,48,48 44,44,44 41,39,37 45,44,33 50,47,34 49,50,31 46,46,30 42,42,26 46,42,32 40,37,24 37,36,27 39,38,29 45,46,38 47,47,42 51,50,53 55,54,57 47,46,49 48,47,52 57,56,59 51,50,53 60,60,68 52,49,53 61,50,47 92,73,61 109,89,71 93,67,57 73,62,69 54,48,53 65,66,69 112,119,114 111,123,119 65,65,62 64,55,49 112,97,88 138,115,112 180,154,140 178,151,133 126,107,95 71,57,39 54,45,30 44,37,21 37,34,21 48,46,47 66,63,67 115,106,102 143,129,115 164,145,131 154,135,123 93,74,62 70,64,59 84,61,48 94,56,50 96,51,44 88,57,45 78,62,45 68,70,44 69,71,45 72,74,46 66,68,42 67,69,43 68,70,44 71,70,45 74,76,61
48,43,42 44,45,50 41,41,38 42,38,28 40,36,26 39,38,27 39,38,29 40,39,28 41,37,27 37,36,27 35,34,25 37,36,27 40,39,30 42,40,36 47,46,49 50,50,50 52,51,54 50,49,52 46,47,50 45,46,49 46,45,50 60,61,66 40,38,39 91,75,60 68,48,39 85,74,69 92,84,90 72,64,70 48,48,48 99,106,104 80,86,87 63,66,75 51,52,55 57,58,61 60,60,60 65,65,65 80,70,74 116,103,100 100,87,84 42,33,27 47,43,24 40,34,25 49,48,41 60,60,60 59,56,60 59,42,43 61,39,33 72,44,35 91,55,49 95,57,51 82,63,49 65,50,41 67,50,40 94,78,63 92,82,70 64,62,42 68,70,44 68,70,44 76,75,48 72,74,46 71,70,43 70,69,42 67,66,39 63,69,58
54,49,51 52,52,52 53,50,54 51,48,52 52,49,53 44,41,45 33,33,28 34,33,24 35,34,23 30,28,26 30,28,24 27,25,21 31,29,25 37,35,36 45,43,51 48,45,49 51,48,54 49,46,52 49,46,52 49,46,52 54,52,60 59,59,69 56,50,57 148,124,98 124,104,95 98,91,91 82,75,78 56,48,54 91,98,93 102,114,107 83,90,88 84,94,91 71,72,77 49,50,55 54,53,56 66,63,67 68,65,71 63,60,64 52,44,52 40,31,23 51,47,37 61,56,42 62,65,55 60,62,62 55,50,47 43,34,30 73,62,55 81,70,63 99,78,74 90,68,60 71,58,51 65,56,48 79,63,46 127,115,85 135,132,88 127,129,72 119,127,74 117,124,69 107,115,64 89,92,57 66,69,38 61,63,35 62,65,41 70,72,69
46,44,54 59,51,59 61,53,59 49,46,52 51,45,52 49,45,54 44,44,54 59,48,57 65,55,59 78,66,71 100,88,90 107,97,98 84,77,80 54,50,61 47,45,57 48,47,62 48,47,64 53,52,67 52,51,66 48,48,56 55,53,63 65,66,71 88,88,74 127,115,87 73,61,35 116,111,72 67,52,60 58,57,60 115,129,125 107,117,111 110,122,113 106,120,111 86,91,97 59,58,63 54,51,55 61,59,60 62,59,63 62,62,70 63,65,60 67,66,41 60,62,34 56,58,32 70,70,40 97,94,50 107,104,60 79,77,48 65,62,38 64,64,34 88,90,44 99,96,54 86,79,59 78,71,53 82,76,40 83,75,39 77,77,34 69,72,37 61,64,31 62,65,32 59,62,31 61,60,33 62,60,38 63,62,37 59,62,42 58,61,53
173,157,142 163,148,128 132,118,100 111,97,83 122,107,98 144,130,112 156,147,130 164,149,127 175,160,138 181,161,141 172,152,132 163,145,126 151,135,122 133,121,111 126,117,102 124,113,106 59,57,55 48,48,58 49,48,63 49,48,63 61,61,58 106,108,62 108,108,45 80,68,56 55,54,18 169,168,89 130,135,61 116,123,116 121,138,133 120,137,129 121,138,130 121,133,126 116,118,113 71,71,66 70,71,52 75,76,55 68,69,48 65,66,43 77,82,37 96,103,44 105,113,49 88,92,34 62,64,22 70,68,37 66,65,27 66,65,29 56,54,21 54,53,26 48,46,24 53,54,35 59,59,45 55,59,32 77,77,45 76,74,45 60,62,36 48,51,27 47,50,26 45,49,22 49,51,25 53,55,29 55,56,33 60,62,34 58,62,33 60,59,34
184,166,145 190,173,149 189,172,146 179,161,140 145,129,112 145,129,114 158,142,127 159,143,130 157,141,124 152,136,121 161,146,124 162,149,128 141,127,100 125,115,73 150,145,74 164,155,79 136,121,60 120,98,60 126,99,63 116,92,59 90,68,48 79,60,44 94,70,46 100,85,63 43,33,32 122,100,66 107,98,81 128,137,120 151,144,124 140,132,110 155,152,128 138,147,128 102,116,107 87,86,75 102,99,55 90,90,45 68,67,40 49,47,29 71,69,38 85,87,41 112,115,51 129,129,59 146,146,76 170,165,81 170,166,77 169,167,79 165,166,75 154,154,70 106,108,53 65,63,32 53,52,45 93,88,74 109,101,88 108,100,89 72,71,60 49,45,35 53,49,39 50,48,30 51,52,31 48,51,29 52,53,30 51,52,29 49,50,29 48,51,29
129,115,101 148,134,118 167,154,133 172,158,133 190,177,154 182,170,133 169,160,104 188,172,114 190,178,96 170,159,74 162,141,71 156,126,70 155,116,73 153,115,67 156,118,72 162,123,80 160,122,76 160,121,78 156,114,72 152,114,68 154,116,70 158,117,70 164,123,76 160,124,75 118,85,58 155,124,75 115,113,91 111,118,111 128,136,124 128,134,123 130,139,122 119,127,117 105,115,107 94,88,81 100,73,37 115,93,55 122,100,64 119,100,63 113,86,52 114,92,54 110,89,48 112,96,52 125,111,66 129,114,63 123,108,59 109,99,57 95,88,47 71,66,38 50,53,33 71,80,63 100,112,94 94,94,80 112,91,78 90,66,58 63,56,54 64,58,49 56,50,41 66,63,37 68,66,37 72,68,47 71,64,44 67,61,38 63,57,34 55,52,28
139,126,63 154,143,79 150,128,65 146,122,67 151,117,72 152,116,65 153,115,69 150,109,64 148,109,66 152,116,69 156,118,72 155,118,74 160,121,80 163,121,79 159,123,76 150,108,66 158,122,75 168,127,82 156,114,72 146,108,62 152,114,68 156,117,74 161,119,77 146,107,64 153,114,75 152,116,69 111,119,109 106,114,104 131,143,125 141,149,128 132,146,127 123,131,121 103,110,103 105,104,95 145,111,68 147,113,70 137,111,70 135,99,66 127,95,61 128,91,47 155,116,75 143,104,61 127,99,59 127,104,64 97,78,51 74,59,39 68,54,40 61,51,39 66,67,48 72,69,56 91,84,68 116,100,85 201,166,130 131,99,83 88,69,53 127,87,62 103,85,55 97,84,50 107,92,54 98,86,49 85,76,47 78,66,40 77,68,41 81,72,45
157,124,76 158,122,75 160,124,75 160,122,74 172,131,84 162,124,78 168,136,81 168,132,81 159,118,73 156,115,70 159,118,73 156,118,72 157,119,73 152,114,68 155,117,71 159,123,76 165,124,79 165,124,77 167,129,81 164,123,78 155,116,73 161,123,77 157,118,75 153,116,74 143,109,66 128,91,49 109,116,109 114,124,116 122,134,114 134,141,125 144,158,139 124,136,127 116,126,118 107,115,103 141,114,69 146,111,73 86,62,38 63,52,35 65,51,35 82,57,29 105,73,43 147,115,85 123,99,66 69,53,38 72,55,31 95,70,42 138,117,76 140,134,98 107,105,74 105,97,75 90,77,70 76,57,45 175,114,80 153,114,86 119,102,78 133,106,70 89,83,47 91,80,47 115,91,56 109,84,54 95,74,47 93,72,47 96,77,52 99,83,52
160,128,73 166,136,78 188,158,91 212,179,113 205,171,112 168,133,79 153,115,69 155,117,71 162,121,74 169,128,81 171,130,83 172,131,82 162,121,74 157,119,73 154,116,70 157,118,75 161,120,75 163,122,77 173,132,85 162,121,74 160,121,78 161,122,81 160,121,78 149,112,68 143,103,67 138,103,76 102,117,105 118,126,116 125,136,125 125,131,118 137,149,131 115,126,115 114,125,114 112,114,97 68,48,30 84,58,35 97,68,44 83,62,37 68,46,26 69,48,35 69,52,26 105,80,52 128,95,68 101,72,48 66,50,33 113,98,76 94,92,63 134,134,91 139,140,92 132,121,86 101,84,76 64,58,49 109,88,73 148,122,101 154,125,101 84,73,58 71,55,42 69,50,34 95,71,38 123,87,54 108,78,50 105,75,49 115,87,58 120,92,63
159,118,71 166,125,78 169,128,79 158,117,68 156,113,64 159,118,71 175,132,83 165,122,73 166,125,76 182,141,92 165,124,75 162,121,72 169,128,81 145,107,61 150,109,64 166,125,76 155,114,67 154,113,66 163,125,79 165,124,79 162,124,76 168,130,84 176,135,88 165,124,77 165,124,79 155,117,71 145,111,70 121,129,119 119,130,117 123,137,118 130,138,124 125,139,130 91,92,80 161,120,75 169,131,83 171,128,79 180,142,94 184,143,94 166,134,90 171,130,81 158,117,72 162,121,76 156,113,68 142,110,66 68,49,35 65,48,38 62,49,42 62,50,40 61,51,41 68,57,50 58,46,46 24,24,24 75,56,42 131,97,63 124,90,58 133,98,60 146,107,64 151,110,63 166,124,70 162,122,70 163,122,73 165,124,77 169,129,77 162,124,78
171,128,79 167,124,75 163,122,73 166,123,76 168,125,76 164,123,74 167,124,75 172,132,80 175,135,83 185,143,89 179,137,83 185,144,87 185,143,89 195,153,99 165,123,71 157,116,67 165,124,77 153,115,67 164,123,76 166,128,80 175,134,87 169,128,81 178,137,90 164,126,78 154,116,70 150,109,64 155,114,69 119,95,73 37,36,29 90,103,89 144,112,66 34,32,30 53,54,57 174,143,90 178,136,82 166,123,76 161,123,75 180,139,90 172,131,84 162,124,76 171,130,83 169,131,83 163,125,77 161,124,84 74,58,45 74,55,43 78,62,49 73,57,44 62,50,40 63,51,41 64,51,46 119,100,75 140,112,72 129,95,63 106,76,48 105,75,49 134,97,53 162,122,70 169,130,73 169,132,79 157,116,69 172,131,84 174,137,84 187,145,91
165,122,73 154,111,62 152,111,62 166,125,76 167,125,73 157,115,63 165,125,73 173,131,77 177,135,81 170,129,72 170,130,78 182,140,88 178,137,80 192,151,94 171,131,79 170,130,78 170,129,82 170,129,82 161,120,73 147,109,61 162,121,74 161,118,71 168,128,76 162,121,74 169,128,81 172,129,82 167,124,79 151,120,83 114,88,76 102,71,61 170,132,86 123,92,80 64,72,77 151,129,95 172,129,80 171,129,77 166,125,78 165,122,75 169,128,81 159,121,75 160,121,78 170,129,84 164,122,80 157,115,77 164,123,78 170,132,84 152,113,72 110,80,54 142,108,67 143,104,61 157,116,71 140,101,62 84,60,38 81,59,41 94,68,47 96,71,43 86,73,41 95,69,44 141,120,79 134,111,71 144,110,65 150,116,73 146,112,69 157,118,77
172,129,80 167,124,75 165,122,73 173,132,83 173,130,81 173,130,81 184,143,94 192,148,95 187,143,90 185,144,85 179,136,87 156,115,68 158,117,68 159,118,69 159,118,69 162,121,72 171,130,81 161,118,69 179,138,91 163,125,75 156,115,70 162,121,76 159,115,73 168,124,82 166,123,74 158,115,68 168,125,69 173,129,78 110,82,71 104,78,64 170,128,74 135,92,45 164,126,76 173,134,93 177,134,85 173,133,81 169,128,79 164,123,76 160,122,76 154,116,70 149,111,65 156,118,72 155,117,69 149,108,61 162,122,70 161,120,71 154,118,69 161,119,77 78,64,50 75,55,46 69,54,43 67,50,40 68,54,40 69,53,36 93,69,45 95,74,49 99,75,53 71,50,25 50,33,34 47,35,40 123,86,62 148,105,70 155,117,71 145,106,65
156,115,66 149,108,61 165,123,71 167,134,84 112,91,68 76,57,34 61,55,46 66,48,29 153,114,71 181,138,89 166,123,76 169,128,83 163,122,77 158,117,72 155,114,67 163,122,75 169,131,81 175,132,83 176,135,86 173,132,85 159,118,71 175,134,85 170,128,76 180,139,82 199,154,92 191,145,79 193,146,83 197,152,88 120,93,75 113,82,70 181,140,81 182,139,81 171,131,79 159,119,67 161,120,75 152,113,70 143,105,59 157,118,75 162,124,78 161,125,78 162,124,78 163,127,78 162,121,72 153,116,72 142,105,63 132,103,70 74,53,38 70,55,44 66,51,42 62,50,38 62,52,42 65,49,32 137,105,71 145,109,62 118,88,60 146,101,53 255,224,135 103,77,54 85,73,61 80,68,58 112,105,74 134,124,86 68,63,20 171,130,81