48,46,47 48,46,47 49,47,48 48,46,47 46,44,45 46,44,45 37,35,36 41,39,37 35,33,31 35,33,34 38,36,37 38,36,34 37,35,33 38,36,37 54,52,53 61,59,57 51,49,47 49,47,45 44,42,40 51,49,47 63,59,53 82,78,72 60,58,54 41,41,38 41,41,38 47,45,43 44,44,44 46,46,46 41,41,38 44,44,41 43,43,40 45,43,41 39,37,38 33,31,32 44,44,30 53,52,41 33,32,23 40,42,27 50,49,24 38,38,33 43,43,40 47,45,43 41,39,37 62,60,61 56,54,55 62,60,58 65,64,57 63,63,47 60,60,46 51,49,47 54,55,36 46,45,34 68,66,37 61,63,35 33,31,27 37,36,27 47,48,36 38,37,30 40,42,27 45,46,38 40,42,25 39,40,28 47,49,32 37,39,24
48,46,47 48,46,47 47,45,46 48,46,47 45,43,44 46,44,45 62,60,61 34,32,30 39,37,35 45,43,44 41,39,40 37,35,33 37,35,33 37,35,36 55,53,54 68,66,64 63,61,59 46,44,42 46,44,42 44,42,40 58,54,48 65,61,55 40,38,34 41,41,38 41,41,38 41,39,37 47,47,47 46,46,46 44,44,41 40,40,37 48,48,45 48,46,44 39,37,38 32,30,31 38,37,30 73,75,49 28,28,12 43,45,30 53,51,33 30,30,25 46,46,43 51,49,47 51,49,47 63,61,62 51,49,50 59,57,55 75,74,67 54,53,46 65,65,51 52,50,48 49,50,27 37,36,25 43,46,34 47,46,35 49,47,43 56,55,46 55,54,29 51,52,31 50,51,43 46,46,43 43,43,38 29,30,18 37,38,30 48,49,39
72,71,60 76,75,64 79,78,67 84,83,72 70,69,60 60,58,56 45,43,41 38,36,37 38,36,37 35,33,34 40,38,39 40,38,39 45,43,44 49,47,45 44,42,40 44,44,41 39,39,36 39,39,36 39,37,35 33,31,29 47,50,26 65,67,52 40,40,26 48,48,43 43,43,40 52,52,49 110,68,14 115,70,24 75,66,62 44,44,44 43,43,40 41,39,37 42,40,41 37,35,36 40,38,36 61,63,37 82,86,48 40,42,25 55,60,38 92,90,86 47,45,43 51,49,47 51,49,47 55,53,54 51,49,50 56,54,55 72,70,68 63,65,37 53,54,33 47,45,41 44,43,36 42,42,26 49,47,43 52,50,46 51,49,45 35,35,19 41,40,29 47,47,33 47,45,43 47,45,43 47,45,43 25,23,24 40,38,36 46,44,42
73,72,63 67,66,57 66,65,56 69,68,59 69,68,61 54,52,50 46,44,45 42,40,41 39,39,39 38,38,38 41,39,40 38,36,37 38,36,37 46,44,42 37,37,37 40,38,39 41,41,38 36,36,33 41,39,40 40,39,32 47,48,25 47,48,29 55,54,45 55,51,41 163,83,44 113,51,22 118,58,33 118,62,24 130,76,56 85,59,49 41,39,40 38,36,34 38,36,37 37,35,36 52,53,34 54,50,31 85,88,39 71,72,35 68,67,40 38,36,34 83,82,71 51,49,45 52,50,46 63,61,62 74,72,68 54,52,50 54,52,48 67,66,57 48,47,40 47,45,46 25,23,21 47,46,35 49,47,48 53,51,49 51,49,47 80,80,64 49,48,39 48,49,30 37,35,33 34,32,30 44,42,40 47,45,43 42,40,38 45,43,44
44,42,38 47,45,41 58,56,54 56,55,48 61,60,53 49,47,45 46,44,45 41,39,40 40,38,39 37,35,36 41,36,38 41,39,40 38,36,34 38,36,37 37,35,36 39,37,38 38,38,33 57,59,44 50,51,39 62,63,42 47,48,29 56,54,32 68,68,54 162,96,41 96,56,33 59,35,13 62,32,17 59,29,12 53,26,10 59,26,15 84,60,54 63,61,57 51,49,45 54,52,48 45,45,31 49,50,29 55,51,30 51,53,36 63,56,36 85,87,70 85,78,58 95,91,54 77,80,47 66,64,60 56,54,52 49,47,45 52,50,46 48,46,42 46,44,42 40,38,36 45,43,39 52,52,36 60,61,42 90,91,70 77,74,48 77,77,45 65,66,47 58,57,50 58,59,38 68,70,42 45,46,27 40,38,36 44,42,40 41,39,37
49,47,45 40,38,36 43,43,40 56,55,48 58,56,57 45,43,44 46,44,45 37,35,36 42,40,41 38,36,37 37,35,36 38,36,37 35,33,31 37,35,33 39,37,35 40,38,36 44,44,28 47,47,31 42,40,36 59,60,50 168,170,117 89,85,77 61,60,49 181,106,57 92,64,51 53,27,13 79,44,31 118,80,61 147,105,83 53,32,17 69,43,31 48,46,44 44,39,38 76,75,50 69,70,33 64,63,38 39,39,23 44,44,30 50,52,35 58,60,34 61,62,41 70,70,36 140,142,85 81,80,71 55,53,49 51,49,47 47,45,43 42,40,38 48,46,44 38,36,34 48,50,24 70,70,38 74,77,46 67,69,41 52,48,31 40,42,25 83,84,65 82,81,72 69,71,43 70,72,46 46,47,26 45,43,41 45,43,44 42,40,41
39,37,35 44,42,40 45,43,41 48,47,40 52,50,51 47,45,46 38,36,37 35,33,34 40,38,39 41,39,40 34,32,33 33,31,32 35,32,36 35,33,31 40,40,37 41,39,40 56,54,32 62,61,36 74,79,45 46,46,32 180,181,115 53,51,47 68,66,44 127,76,52 57,34,19 66,36,19 102,66,48 151,98,71 167,109,74 147,101,73 62,41,30 52,50,48 48,47,38 41,40,33 46,45,34 56,58,30 65,60,32 41,43,28 58,59,36 56,54,36 65,64,39 90,89,64 102,105,83 157,159,144 98,100,85 72,71,60 54,52,48 48,46,44 45,44,33 39,38,29 45,46,25 55,54,29 62,64,38 85,85,53 87,88,69 54,55,34 49,50,31 54,55,32 61,60,35 36,39,19 31,31,28 40,39,28 43,44,36 38,38,35
38,36,34 40,38,36 44,42,40 47,46,39 41,41,41 41,39,40 40,38,39 36,36,36 41,39,40 39,37,38 33,31,32 29,29,29 27,27,27 34,34,31 41,41,38 41,39,40 57,54,28 68,64,43 52,53,30 28,30,27 76,73,60 49,49,33 83,70,49 62,30,14 64,31,20 79,44,31 112,69,52 110,72,51 139,102,76 96,62,42 48,43,40 47,47,44 47,47,33 55,55,39 63,56,38 55,51,30 53,54,35 30,28,24 52,52,36 47,48,27 54,55,36 41,41,27 65,67,52 54,52,50 54,53,46 79,78,71 97,97,83 47,45,43 65,66,45 60,62,36 62,62,32 64,55,36 69,72,39 51,51,35 76,76,62 44,43,34 26,26,21 40,41,29 38,39,29 35,35,21 38,36,34 38,38,35 46,44,42 46,44,42
42,40,38 38,36,32 41,39,37 45,45,40 48,46,47 48,46,47 41,39,40 40,40,40 45,43,44 39,37,38 39,37,38 31,28,32 28,26,24 36,36,36 46,44,45 41,39,40 46,47,28 44,44,28 43,45,30 42,40,38 57,52,49 63,62,55 57,62,40 48,27,12 80,43,28 88,51,36 135,76,46 155,94,62 161,97,69 158,102,68 45,43,41 46,44,42 41,39,40 41,40,29 48,45,32 47,48,29 51,52,33 23,21,17 76,78,50 38,39,20 38,40,23 48,50,33 43,45,30 48,47,36 51,49,45 56,54,52 65,63,61 104,104,90 67,66,57 70,74,34 50,52,35 61,60,49 33,34,24 34,35,27 64,65,53 69,68,43 53,51,31 46,49,29 38,39,27 41,43,26 37,37,32 42,40,38 40,38,36 40,38,36
42,40,38 40,38,36 40,38,36 45,45,42 48,46,47 47,45,43 41,39,37 44,44,41 44,42,43 38,36,37 30,28,29 28,25,29 27,27,27 37,35,33 40,38,39 40,38,36 40,40,35 29,29,24 51,45,38 61,59,60 55,50,49 112,107,64 40,37,24 91,56,31 84,47,32 93,57,37 130,75,46 137,82,53 168,106,79 103,76,58 49,47,45 47,45,43 44,43,36 42,41,32 44,44,28 53,54,35 35,35,21 38,38,24 54,56,28 56,57,38 65,65,49 37,36,27 43,45,30 47,45,43 52,50,51 60,58,59 48,46,44 73,74,64 129,134,73 68,72,16 57,61,32 34,34,31 48,48,45 52,54,37 92,91,82 60,62,47 69,71,56 60,60,44 96,97,78 59,60,39 40,43,21 40,40,40 40,38,36 41,39,37
38,36,37 38,36,37 42,40,38 49,47,45 42,40,41 45,43,41 48,46,44 45,45,45 40,38,39 38,36,37 31,28,32 26,23,27 27,25,26 35,33,31 41,39,37 45,43,41 47,44,48 128,128,69 35,38,30 116,115,108 77,73,63 53,47,24 67,63,55 44,45,33 73,46,28 101,63,46 124,73,45 136,81,52 141,83,59 51,46,45 53,53,50 39,39,39 42,40,41 47,45,43 41,43,28 43,44,36 31,32,20 32,33,21 61,56,28 46,46,30 52,51,42 34,33,26 45,43,39 46,44,42 56,54,52 53,51,49 53,51,49 63,61,39 103,106,55 89,91,49 40,43,21 41,41,38 55,56,48 115,116,106 51,49,45 47,49,32 38,38,24 51,52,31 77,80,31 74,79,32 71,73,56 90,95,59 73,74,55 37,35,36
38,36,37 39,37,38 47,45,43 49,47,48 40,38,39 51,49,47 48,46,44 46,44,45 38,36,37 39,37,38 30,27,31 28,25,29 32,32,29 38,38,22 40,40,26 44,42,38 114,115,76 151,136,89 137,135,61 137,136,84 84,81,66 48,47,38 53,51,47 56,43,22 139,94,59 103,65,46 110,69,53 102,65,52 65,50,39 45,44,37 40,38,39 49,47,48 40,37,41 44,42,43 39,41,26 44,43,34 47,48,27 42,43,24 63,61,39 41,41,25 35,34,25 51,50,43 51,49,45 53,51,49 48,46,44 48,46,47 47,45,46 46,44,40 61,61,47 58,58,44 38,36,37 85,87,72 79,79,65 72,71,62 34,33,24 34,36,21 46,45,34 61,58,32 63,59,40 65,60,32 55,53,35 64,67,47 45,47,21 37,35,36
40,38,36 44,42,40 48,47,40 48,46,42 42,40,41 51,49,47 47,45,43 40,38,39 42,40,41 35,33,34 32,29,33 31,29,30 34,34,34 38,37,30 44,43,32 42,40,36 130,127,76 169,159,106 162,149,86 108,110,57 152,146,121 147,144,120 146,97,75 146,100,59 124,73,45 122,76,50 134,83,55 130,95,70 64,58,33 48,49,30 44,43,34 42,40,41 39,36,40 42,40,41 37,39,22 43,45,28 50,53,33 39,41,24 42,42,28 52,52,36 32,31,22 56,55,46 40,40,26 60,58,56 48,46,47 42,40,41 39,37,35 34,36,21 42,41,30 68,67,56 112,112,96 42,42,26 69,64,50 58,55,40 46,47,28 37,39,24 38,40,25 58,52,29 70,69,33 54,55,36 49,50,27 35,35,21 48,48,34 37,35,36
56,54,52 54,52,50 45,43,41 44,42,43 41,39,40 42,40,41 41,39,40 41,39,40 41,39,40 41,39,40 35,33,34 32,30,31 50,53,33 42,42,28 48,47,38 49,48,41 46,45,34 72,67,39 80,71,44 121,122,72 144,158,83 50,79,39 47,48,25 137,86,49 146,90,52 147,89,54 151,90,56 153,95,62 143,96,64 83,72,37 68,47,22 42,43,46 44,42,43 49,48,41 48,48,34 31,32,24 34,35,25 31,32,20 42,43,22 40,42,25 36,38,21 48,49,28 46,46,30 46,44,42 41,39,40 46,44,45 39,37,35 35,34,27 50,46,40 89,84,70 68,63,49 56,49,29 55,56,35 61,65,38 49,51,25 61,62,43 35,35,21 70,70,38 63,61,32 62,64,36 46,47,26 41,43,28 37,35,36 37,35,36
42,40,38 42,40,38 40,38,36 40,38,39 40,38,39 44,42,43 40,38,39 39,37,38 38,36,37 39,37,38 34,32,33 35,33,34 42,41,30 41,40,33 47,48,29 41,44,36 49,48,41 40,33,13 80,72,50 102,100,51 78,102,78 23,46,29 35,60,40 84,57,23 171,109,71 169,109,70 161,103,68 165,107,72 159,105,71 203,135,76 156,90,58 134,87,55 43,38,40 53,48,50 46,48,31 33,34,22 31,31,26 34,35,23 41,41,27 52,55,35 44,46,29 46,48,33 44,44,28 51,49,50 54,52,53 47,45,46 39,37,35 40,38,39 46,44,45 132,126,92 105,100,57 49,43,34 58,61,28 104,111,52 68,68,38 32,34,19 42,38,21 51,49,27 39,40,19 51,52,29 48,49,26 45,46,34 40,38,34 35,33,34
40,38,39 40,38,39 38,36,37 37,35,36 45,43,44 41,39,40 42,40,41 41,39,40 44,42,43 41,39,40 35,33,34 33,33,30 41,41,41 40,39,32 33,31,27 48,46,44 64,61,35 112,112,71 82,76,40 92,122,85 26,41,27 25,45,31 27,52,36 37,49,31 117,64,39 171,111,68 172,110,70 170,108,66 202,142,74 226,159,91 134,98,76 146,110,79 41,39,40 49,47,48 41,43,43 39,37,38 41,39,40 47,47,33 37,36,27 41,42,30 62,63,40 40,40,24 48,47,40 51,49,50 55,53,54 51,49,50 49,47,45 45,43,41 60,58,54 106,101,69 65,60,48 65,65,35 58,60,34 51,51,37 39,39,23 57,55,35 54,47,27 48,49,30 40,41,33 38,39,20 35,35,19 38,38,38 52,54,39 35,33,34
41,39,40 38,36,37 39,37,38 35,33,34 40,38,39 42,40,41 42,40,41 37,35,36 35,33,34 39,37,38 35,37,37 33,34,26 36,36,36 43,44,34 54,52,48 53,50,54 54,57,37 60,61,51 44,46,29 67,87,58 19,37,22 25,44,33 34,58,45 28,41,27 75,60,22 157,111,72 170,117,74 145,101,61 197,147,105 126,78,53 84,71,50 34,59,43 48,46,44 53,51,49 44,42,43 42,40,41 41,39,40 39,37,38 52,51,44 31,30,23 56,57,34 37,36,25 45,42,46 56,54,50 47,45,46 41,39,40 47,45,43 48,46,44 58,56,57 97,94,54 112,115,64 41,43,17 62,60,31 99,104,59 37,37,21 60,61,38 25,26,18 44,42,22 48,48,45 44,43,34 39,39,23 40,38,36 39,37,38 37,37,37
34,32,33 32,30,31 30,28,29 27,25,26 38,36,37 40,38,39 41,39,40 44,42,43 40,38,39 41,38,42 113,113,68 98,100,54 84,83,45 74,75,36 69,73,44 54,53,44 58,59,51 51,51,51 43,43,43 41,41,41 55,70,56 24,44,30 25,50,34 25,34,17 36,43,27 41,45,28 45,54,35 27,42,30 60,41,18 87,82,52 24,39,25 24,47,32 51,56,50 53,48,50 45,43,44 47,45,46 39,37,38 81,79,80 51,49,50 58,56,57 47,45,46 45,43,44 49,47,48 48,46,44 46,44,42 40,38,39 46,44,42 46,44,45 40,38,34 102,107,60 41,38,23 48,47,40 61,63,37 54,55,36 31,32,22 40,41,29 36,37,27 40,42,27 51,53,36 45,46,38 48,49,30 42,40,41 39,37,38 38,38,38
39,37,38 39,37,38 41,39,40 40,38,39 37,35,36 41,39,40 41,39,40 41,39,40 37,35,36 34,32,30 64,63,36 54,50,29 48,48,18 71,66,36 41,41,41 41,39,37 66,68,51 64,60,39 134,136,110 51,45,38 71,86,60 24,39,25 25,45,31 18,31,15 31,34,22 34,43,26 26,41,29 26,46,32 36,44,30 45,46,27 24,39,25 26,43,35 35,62,46 51,49,47 47,45,46 44,42,43 75,73,74 60,58,59 47,45,46 44,42,43 51,49,50 48,46,47 44,42,43 48,46,47 48,46,47 49,47,48 39,37,38 44,42,43 49,47,48 92,92,78 56,56,42 34,33,26 42,40,38 41,39,37 43,43,40 45,45,42 37,39,24 45,47,30 50,52,37 44,44,41 47,45,41 41,41,41 39,39,39 38,36,37
41,39,40 42,40,41 39,37,38 41,39,40 41,39,40 41,39,40 41,39,40 37,35,36 39,37,38 47,46,37 78,76,54 57,54,28 75,75,41 56,49,29 40,40,40 40,37,41 48,50,33 80,79,41 81,73,51 73,71,40 79,104,75 24,39,25 24,44,30 49,62,46 30,43,27 22,39,29 26,46,32 35,53,40 28,42,33 48,45,21 20,35,21 24,41,33 26,48,38 52,44,50 72,70,71 69,67,68 53,51,52 49,47,48 59,57,58 61,59,60 58,56,57 56,54,55 45,43,44 46,44,45 41,39,40 39,37,38 41,39,40 42,40,41 42,40,41 98,98,84 66,67,46 41,40,33 53,51,52 70,68,69 62,62,62 55,55,55 51,51,48 43,43,38 39,39,34 40,40,37 41,39,40 39,39,39 37,37,37 38,36,37
40,38,39 41,39,40 39,37,38 40,38,39 40,38,39 40,38,39 44,42,43 39,37,38 40,38,39 39,39,34 39,40,28 68,67,42 84,82,49 61,54,36 38,36,37 37,35,36 48,47,50 62,60,40 61,59,28 56,52,42 59,73,41 60,79,59 41,56,44 32,55,40 21,44,29 26,45,34 28,46,33 39,43,26 35,43,22 47,59,41 52,76,54 19,34,22 23,45,33 58,80,68 60,55,57 51,49,50 51,49,50 54,52,53 51,49,50 48,46,47 46,44,45 46,44,45 51,49,50 40,38,39 38,36,37 44,37,40 41,39,40 39,37,38 39,37,35 118,118,102 72,73,52 51,49,45 48,46,47 45,43,44 39,37,38 52,50,51 54,52,53 53,52,45 53,51,52 52,50,51 44,42,43 39,37,38 41,39,40 37,35,36
39,37,38 40,38,39 38,36,37 38,36,37 39,37,38 37,35,36 33,33,33 40,38,39 35,33,34 36,35,38 86,88,44 75,72,46 32,31,22 41,41,25 34,32,28 32,30,31 41,39,35 63,66,35 51,49,27 102,103,82 61,64,40 52,71,49 62,78,59 24,44,30 25,45,31 25,45,31 16,39,24 39,46,30 56,49,29 52,50,48 47,44,48 19,37,24 21,38,28 25,42,32 41,60,51 51,49,50 49,47,48 53,51,49 58,47,40 86,57,35 102,64,47 47,40,43 48,46,47 52,42,46 47,42,44 45,38,41 39,37,38 34,32,33 39,37,38 105,105,91 74,75,56 52,50,46 52,50,51 55,53,54 44,37,40 41,39,40 44,42,43 46,41,40 51,46,45 48,43,45 44,42,43 40,38,39 38,36,37 38,36,37
35,33,34 37,35,36 37,35,36 35,32,36 34,31,35 34,31,35 34,32,33 37,35,36 39,37,38 33,31,29 31,28,32 28,26,24 28,26,27 31,31,31 31,31,31 27,26,19 61,62,39 55,57,29 105,107,65 72,65,38 74,80,53 94,96,81 22,37,25 25,45,31 25,45,31 18,38,24 33,40,24 24,42,29 66,69,45 60,58,36 37,38,26 39,60,37 58,98,57 65,105,64 80,134,77 28,41,27 102,70,54 133,81,51 128,82,52 123,79,53 75,53,45 105,75,60 43,38,40 49,47,48 43,38,40 35,33,34 47,47,47 53,51,52 42,40,41 108,108,94 80,79,70 63,61,57 49,47,48 51,46,48 43,36,39 47,40,43 43,38,40 49,39,43 44,39,41 51,46,48 42,40,41 46,44,45 38,36,37 37,35,36
35,32,36 35,32,36 34,31,35 35,32,36 33,30,34 31,28,32 31,30,33 37,35,36 34,32,33 34,32,33 32,27,29 28,22,27 29,24,26 27,25,26 28,26,27 57,56,31 58,59,40 53,54,35 72,70,39 122,124,67 60,59,48 122,121,96 42,46,31 24,39,27 26,34,24 17,29,20 45,48,26 43,51,30 76,79,48 48,48,34 33,34,26 51,52,44 28,55,39 28,55,39 23,43,27 84,68,53 112,68,56 129,81,54 127,79,52 114,68,40 64,37,21 133,92,72 44,39,41 43,38,40 37,32,34 52,50,51 47,45,46 52,50,51 49,47,48 102,102,88 79,78,67 65,64,57 56,54,55 42,40,41 46,41,43 43,36,39 40,38,39 35,33,34 42,40,41 46,44,45 48,43,45 46,44,45 39,37,38 37,35,36
33,30,34 34,31,35 33,30,34 31,28,32 31,28,32 31,28,32 34,33,36 34,32,33 29,29,29 31,28,32 26,23,27 28,25,29 27,24,28 25,22,26 30,28,29 48,50,33 54,48,25 102,97,69 88,88,54 89,90,51 71,69,40 84,84,54 137,160,75 69,68,43 23,25,20 50,43,27 43,51,37 53,60,44 69,78,50 56,55,46 41,41,38 53,51,52 49,47,48 53,51,52 68,68,68 59,57,58 59,57,58 48,42,47 42,37,39 35,32,36 43,31,36 41,36,38 47,40,43 41,36,38 49,47,48 42,37,39 44,39,41 39,34,36 64,54,58 97,97,83 70,70,56 59,57,53 55,50,52 54,49,51 47,42,44 43,38,40 41,39,40 40,38,39 47,42,44 40,35,37 44,42,43 39,37,38 44,39,41 40,38,39
34,31,35 33,30,34 32,29,33 30,27,31 30,27,31 30,27,31 34,31,35 34,32,33 27,27,27 30,27,31 26,23,27 27,24,28 27,24,28 25,22,26 30,27,31 88,90,64 92,86,63 39,40,19 55,53,31 62,60,40 44,44,28 39,60,28 160,136,81 100,76,41 28,36,24 47,50,30 27,47,31 19,50,35 81,84,49 58,56,34 58,59,36 42,40,36 48,45,49 54,51,55 67,64,68 56,53,57 51,48,52 48,45,49 43,42,45 35,33,34 39,37,38 46,41,43 42,35,38 48,43,45 40,38,39 40,35,37 47,42,44 46,41,43 47,37,41 104,105,86 73,72,61 58,56,57 46,41,43 46,44,45 49,44,46 46,44,45 46,44,45 42,40,41 46,41,43 41,36,38 46,44,45 43,38,40 40,38,39 41,39,40
33,30,34 31,28,32 30,27,31 31,28,32 30,27,31 31,28,32 37,35,36 31,29,30 30,27,31 26,23,27 28,25,29 26,23,27 28,25,29 28,26,27 32,29,35 30,28,29 37,34,38 60,59,52 51,50,23 44,45,22 64,62,44 45,105,51 34,54,38 31,49,32 87,59,19 96,65,26 53,46,30 61,52,25 114,82,40 49,71,45 58,56,34 44,42,38 53,51,52 59,57,58 48,46,47 52,50,51 52,50,51 47,45,46 40,38,39 39,37,38 43,38,40 42,37,39 43,36,39 44,39,41 44,37,40 42,37,39 43,36,39 41,39,40 46,41,43 108,105,92 66,66,50 52,50,48 45,43,44 53,48,50 47,40,43 52,45,48 40,38,39 41,39,40 40,35,37 49,42,45 47,42,44 44,39,41 41,39,40 40,38,39
31,28,32 31,28,32 30,27,31 28,25,29 30,27,31 32,29,33 37,35,36 32,30,31 27,24,28 27,24,28 25,22,26 28,25,29 25,22,26 27,24,28 33,30,34 37,35,36 46,44,45 45,43,44 54,55,36 64,60,50 62,102,52 30,67,36 26,46,32 23,42,33 25,42,34 25,42,37 107,75,20 98,76,31 24,48,37 40,72,50 49,50,29 44,42,43 45,43,44 49,47,48 61,59,60 55,53,54 42,40,41 42,40,41 38,36,37 42,40,41 43,38,40 42,35,38 50,43,46 40,35,37 40,33,36 45,35,39 41,39,40 45,43,44 51,46,48 105,102,89 60,60,44 52,50,48 49,42,45 44,42,43 44,39,41 50,39,36 45,38,38 46,41,43 41,36,38 51,46,48 46,44,45 42,40,41 46,41,43 44,42,43
30,27,31 30,27,31 30,27,31 28,25,29 31,28,32 34,32,33 34,32,33 33,31,32 32,29,33 31,28,32 26,23,27 25,22,26 30,27,31 26,23,27 28,25,29 54,52,53 65,63,64 53,51,52 41,40,33 160,160,130 75,144,82 34,65,41 24,46,34 22,39,31 25,44,35 27,46,35 24,46,36 24,47,32 24,48,35 33,53,37 46,45,20 40,38,39 42,40,41 42,40,41 53,51,52 44,42,43 40,38,39 39,37,38 40,38,39 42,40,41 41,39,40 48,46,47 56,49,52 44,39,41 39,33,38 43,38,40 54,49,51 50,43,43 47,45,43 89,89,73 67,63,53 54,52,53 51,49,45 46,46,46 52,36,32 64,31,20 63,36,29 66,37,31 72,45,38 48,43,45 44,38,43 42,37,39 44,39,41 44,42,43
30,27,31 30,27,31 33,30,34 30,27,31 31,28,32 37,35,36 34,32,33 28,26,27 30,27,31 31,28,32 27,24,28 28,25,29 26,23,27 27,24,28 30,27,31 56,54,55 54,52,53 41,39,40 60,61,42 54,54,22 50,112,66 35,66,40 24,43,32 22,39,31 25,44,35 24,43,32 24,47,32 25,50,34 24,49,33 30,55,37 42,50,29 35,33,34 35,33,34 54,52,53 38,36,37 39,37,38 44,42,43 39,37,38 35,33,34 49,42,45 49,42,45 48,41,44 41,35,40 52,34,29 43,38,40 47,39,45 52,42,46 49,44,43 49,46,50 89,90,71 58,48,38 55,35,26 63,39,31 93,56,43 73,33,26 135,74,56 75,40,27 153,90,66 114,60,42 102,66,48 72,41,33 74,41,32 43,37,42 41,39,40
31,28,32 30,27,31 30,27,31 28,25,29 30,27,31 34,32,33 34,32,33 37,35,36 30,27,31 28,25,29 28,25,29 27,24,28 25,22,26 28,26,27 35,33,34 59,57,58 52,49,53 88,91,60 158,158,88 132,132,69 48,88,49 35,66,42 24,44,30 22,39,31 25,43,30 25,45,31 25,44,33 24,47,32 27,52,36 34,59,41 37,75,48 38,35,39 46,43,47 45,42,46 34,32,33 39,37,38 39,37,38 46,41,43 51,44,47 44,37,40 43,38,40 49,36,33 61,41,34 64,31,22 59,32,27 58,31,26 63,35,26 55,34,30 54,44,43 79,81,64 58,53,39 54,41,38 55,31,23 89,58,46 67,34,27 89,39,22 122,79,62 64,31,20 93,50,35 95,49,35 68,35,24 71,35,29 57,37,30 42,40,41
34,31,35 30,27,31 28,25,29 30,27,31 31,28,32 34,32,33 34,34,34 37,35,36 31,31,31 27,26,29 31,28,32 25,22,26 26,23,27 30,28,29 54,52,53 62,60,61 42,39,43 69,71,45 54,55,32 105,99,51 46,75,45 34,67,40 22,45,30 23,42,31 24,43,34 25,45,31 25,45,31 24,47,32 25,50,34 36,61,45 44,91,66 34,34,31 44,44,39 36,36,36 31,29,30 40,38,39 47,45,46 39,37,38 53,41,41 62,37,34 53,29,21 57,31,21 63,32,24 58,32,22 56,28,19 55,31,23 63,32,24 52,24,15 53,31,25 65,55,45 60,57,44 57,33,25 74,41,34 44,20,14 93,62,50 59,26,17 82,46,36 66,40,28 129,92,79 137,77,52 76,44,28 51,33,28 40,38,39 46,44,45
34,31,35 31,28,32 28,25,29 30,27,31 30,27,31 33,31,32 37,35,36 34,32,33 36,36,36 32,32,32 32,29,33 28,25,29 31,28,32 37,35,36 66,64,65 62,60,61 51,49,47 59,58,47 33,32,21 63,65,37 50,88,48 34,61,41 28,53,37 23,42,33 23,42,31 21,44,27 25,44,33 23,48,32 24,49,33 30,55,39 45,80,57 39,39,36 37,40,32 32,34,34 39,39,39 41,39,40 46,44,45 43,38,37 71,38,31 52,32,25 48,31,21 64,35,29 46,26,17 44,27,17 59,30,24 59,30,24 58,30,21 57,29,20 50,27,16 76,55,51 52,39,36 50,26,20 49,27,19 49,25,17 41,23,18 37,20,23 30,18,20 39,27,29 70,49,38 127,64,42 49,45,39 43,37,42 44,39,38 39,37,38
33,30,34 31,28,32 27,24,28 27,24,28 27,24,28 34,32,33 38,36,37 38,36,37 37,35,36 31,29,30 34,33,36 30,28,29 33,31,32 37,35,36 67,65,66 47,47,47 45,43,44 44,42,43 39,37,38 40,38,39 49,105,56 36,61,43 28,55,39 22,45,30 24,43,34 25,44,35 24,44,30 22,47,31 24,49,33 23,50,32 40,73,48 41,47,38 39,42,32 35,37,32 39,39,39 39,37,38 39,39,39 52,35,27 52,32,23 41,25,21 42,33,27 34,23,20 34,20,20 46,25,21 46,26,17 75,36,24 59,27,22 54,30,22 61,30,22 65,34,22 64,34,33 54,30,22 46,26,19 39,37,38 25,20,19 41,42,32 36,37,25 45,46,34 44,46,29 48,50,35 47,49,32 43,43,43 46,47,37 47,47,42
33,33,33 29,29,29 27,24,30 26,23,27 27,24,28 37,34,38 40,38,39 37,37,37 37,37,37 37,37,37 34,33,36 26,25,28 38,38,38 46,43,47 42,40,41 44,44,44 39,37,38 50,43,46 41,39,40 37,35,36 38,103,49 39,65,42 31,56,38 26,46,32 25,45,31 24,44,30 25,45,31 22,45,30 24,49,33 26,53,37 36,71,50 35,56,35 36,40,23 36,39,31 37,39,36 38,40,35 37,39,34 33,31,29 36,36,31 26,26,23 41,39,35 40,35,34 33,34,24 34,35,27 39,21,16 45,28,18 48,24,16 51,28,17 56,32,24 62,35,28 80,52,41 50,26,18 51,27,19 54,32,24 46,42,32 41,40,29 38,39,27 37,38,26 41,49,28 39,43,26 50,53,33 53,55,38 40,42,25 44,47,25
79,57,49 75,46,40 41,28,21 24,24,24 26,26,26 36,36,36 40,38,39 41,41,41 37,37,37 36,36,36 37,37,37 31,31,28 38,38,38 45,45,42 46,46,43 39,39,36 44,39,38 43,38,37 47,47,44 43,43,43 50,102,57 41,61,43 29,54,36 23,46,31 24,44,30 24,44,30 23,46,31 26,46,32 24,49,33 28,53,37 36,68,48 57,90,65 35,39,24 36,40,25 39,43,26 41,43,26 39,41,26 37,39,24 37,38,28 32,33,25 36,37,25 36,39,29 31,32,24 33,32,23 41,35,26 28,31,23 25,20,17 33,22,17 40,25,16 49,32,22 35,28,28 35,21,23 76,40,34 60,28,23 41,41,27 42,39,26 37,40,20 39,41,24 38,43,23 41,46,26 46,47,26 46,49,29 41,44,24 46,49,27