56,56,66 84,84,94 65,65,75 55,61,52 87,92,60 37,37,32 21,23,23 13,19,10 41,41,25 59,60,50 101,82,59 175,135,101 211,115,39 245,195,162 177,148,117 149,123,100 40,30,29 40,28,40 91,70,55 53,51,52 33,34,22 34,34,31 73,73,59 44,46,31 55,58,38 34,33,38 33,32,35 33,32,35 41,39,40 49,47,48 39,38,43 39,37,45 38,35,41 40,37,41 40,38,39 34,33,38 36,34,42 33,32,35 33,32,35 33,32,35 34,33,36 38,37,40 36,35,38 34,33,36 39,38,43 39,38,43 33,32,35 32,32,27 40,40,35 53,51,52 47,46,35 56,53,38 49,48,37 41,39,40 80,81,69 51,47,39 110,104,81 95,93,89 91,91,91 50,48,56 112,122,87 66,58,45 75,75,61 76,74,86
81,81,91 88,88,100 74,74,86 57,65,42 45,48,26 57,58,46 83,86,74 79,83,66 85,84,57 88,88,85 195,125,101 255,191,40 255,116,46 126,100,88 131,99,85 255,251,227 206,76,18 44,35,50 83,64,48 45,44,37 98,101,81 59,61,44 89,89,73 52,52,36 65,68,44 34,33,36 33,32,35 33,32,35 52,50,51 40,38,39 39,38,43 36,34,42 38,35,41 42,39,43 40,38,39 38,37,42 37,35,45 37,36,39 34,33,36 33,32,35 33,32,35 36,35,38 34,33,36 36,35,38 39,38,43 37,36,41 37,36,39 40,40,40 45,46,38 68,68,54 65,66,45 50,47,32 46,44,45 39,37,38 58,59,47 54,50,40 60,53,35 63,63,47 52,51,54 39,38,41 41,38,42 69,63,58 69,74,73 69,67,77
67,70,48 71,71,68 56,58,58 56,58,55 63,69,58 79,80,72 109,111,106 89,87,83 97,84,77 95,93,94 255,201,151 255,158,44 253,97,13 197,155,131 142,115,99 189,94,58 153,91,62 54,40,40 71,57,43 55,51,34 46,46,41 34,33,36 70,68,46 48,44,27 39,38,43 38,36,44 37,35,43 38,37,42 42,40,41 39,37,38 38,37,40 33,32,35 38,35,39 47,41,46 47,42,41 41,38,42 34,33,36 34,33,36 37,35,43 30,31,34 30,31,34 32,31,34 33,32,35 36,35,40 34,33,36 38,36,44 36,35,38 39,38,41 37,36,39 42,40,38 44,44,30 55,58,36 54,50,42 54,50,40 53,52,43 173,180,134 44,47,27 41,40,29 184,192,126 169,176,117 33,29,23 115,122,63 70,70,78 63,63,73
35,41,30 57,62,61 79,84,60 78,83,91 75,74,77 90,89,92 58,61,68 80,78,79 89,83,78 123,97,85 248,156,119 160,85,56 255,127,48 240,135,66 139,108,85 188,117,98 112,69,54 56,44,34 82,59,46 48,46,44 36,36,36 34,33,36 43,43,43 48,46,42 41,40,45 36,34,42 36,35,38 34,34,34 42,40,41 45,42,46 37,36,39 36,35,38 36,37,40 54,49,51 61,54,54 42,40,41 37,36,41 33,31,39 33,32,37 33,32,35 36,35,38 36,35,38 39,38,41 43,42,47 39,38,43 38,35,39 45,42,46 39,38,41 34,33,36 47,48,40 59,60,41 63,59,49 45,44,35 53,53,39 43,37,28 51,52,42 43,42,45 49,50,31 46,45,48 29,30,22 39,39,36 79,78,81 67,65,75 65,65,65
66,69,45 82,83,75 79,78,81 85,85,93 87,88,93 66,66,74 65,65,75 63,59,68 87,85,93 87,80,80 24,18,11 239,193,165 67,28,27 64,41,28 62,39,40 110,60,18 54,46,35 55,51,32 78,63,52 47,45,43 39,39,34 34,33,36 51,50,43 44,41,45 37,36,41 34,33,38 33,32,37 34,33,36 37,35,36 41,38,42 33,32,35 32,31,34 36,35,38 50,44,49 58,51,51 38,39,44 37,34,38 36,35,38 30,31,36 37,36,41 39,37,45 39,37,45 39,37,45 39,37,45 41,39,47 39,38,41 36,35,38 36,35,38 33,32,35 33,32,35 54,48,39 54,53,44 50,52,37 40,39,28 38,37,30 50,51,41 41,39,40 44,42,43 39,39,39 31,30,35 30,29,34 73,74,79 68,66,78 48,47,50
74,74,69 80,80,75 75,78,87 84,86,86 85,86,91 66,66,74 64,64,72 69,69,79 68,71,82 77,68,62 93,78,67 142,106,86 62,46,42 44,27,30 36,22,24 41,27,27 58,56,38 68,66,48 90,74,61 57,51,44 44,42,43 51,51,51 37,35,45 44,41,45 36,35,40 36,35,38 33,32,35 34,33,38 38,35,39 37,36,39 36,35,38 33,32,35 35,35,45 44,43,48 52,45,48 44,38,43 34,33,36 37,36,39 28,29,34 34,33,38 37,35,43 39,38,41 39,37,45 37,35,43 37,36,39 34,33,36 34,33,36 36,35,38 34,33,36 40,39,42 62,61,50 54,55,47 55,51,41 56,47,39 56,53,38 48,48,34 46,44,42 43,43,40 45,46,38 41,41,38 39,40,45 75,73,74 66,64,72 62,59,63
76,78,78 76,78,78 85,83,91 123,126,116 64,65,70 70,70,80 67,70,79 65,68,75 55,54,59 78,68,67 146,118,107 155,121,99 144,113,94 150,115,100 148,117,98 107,82,79 72,70,52 53,51,33 73,61,49 64,61,48 53,52,43 34,33,36 34,33,38 38,37,40 37,35,43 37,36,41 37,35,43 36,34,42 40,39,42 48,43,45 139,133,99 109,103,67 66,60,53 45,38,41 56,49,49 46,43,47 34,33,36 36,35,40 32,33,36 34,33,38 38,36,44 40,39,42 38,37,40 41,40,43 39,38,41 38,36,44 40,39,44 39,38,43 37,36,39 39,38,41 41,39,49 39,38,43 53,55,40 52,52,36 52,52,36 51,50,43 42,40,38 51,50,43 33,32,35 54,54,54 63,64,69 64,66,66 62,61,66 61,59,60
76,78,75 69,70,75 87,86,91 56,56,66 68,66,74 60,57,63 62,60,70 78,78,88 92,77,66 94,84,74 138,107,86 139,108,89 131,101,84 144,112,96 131,101,84 81,61,54 85,68,58 106,95,78 109,91,72 61,57,36 51,50,43 32,31,36 36,35,40 34,32,40 37,35,43 38,34,43 32,31,34 37,34,38 48,38,26 161,149,81 164,151,78 126,114,57 110,99,55 80,68,42 85,77,53 38,37,40 36,34,42 36,35,40 34,33,36 36,35,40 37,35,43 37,35,43 37,36,41 40,39,44 41,39,47 37,35,43 36,34,42 36,35,40 37,36,41 39,38,41 39,37,45 37,36,41 43,43,43 34,34,34 48,46,47 51,48,52 41,38,42 44,46,43 36,35,38 47,47,47 68,66,74 69,68,73 62,60,68 43,42,45
80,80,75 78,77,80 88,88,85 57,57,69 61,59,69 65,63,73 65,63,71 78,75,90 73,54,38 51,35,31 125,98,82 74,63,58 21,13,19 59,46,39 24,17,20 61,48,45 75,55,37 81,59,39 82,61,46 73,73,59 53,49,43 34,33,36 34,34,34 40,40,37 40,36,45 38,37,42 35,32,38 148,141,82 169,153,81 168,155,80 160,148,82 135,122,74 78,66,40 83,70,49 161,152,92 128,113,77 44,39,41 34,32,40 36,35,38 39,37,45 37,35,43 34,33,38 37,36,39 39,38,41 34,33,36 38,37,40 36,35,40 37,35,43 37,36,39 38,37,42 39,38,43 37,36,41 42,36,41 51,44,47 41,38,42 40,37,41 41,39,47 40,39,44 31,28,32 30,30,30 75,74,79 74,71,86 69,67,75 55,53,51
78,78,73 88,87,90 68,65,69 48,48,60 58,58,70 81,81,93 66,66,78 75,78,87 89,82,85 80,78,88 101,96,93 19,12,22 41,38,44 44,39,41 21,17,28 50,42,48 64,61,48 68,59,40 175,177,93 105,103,70 66,55,48 35,33,34 32,31,34 37,36,39 40,38,46 36,34,42 37,34,40 139,126,76 94,74,54 67,39,26 58,39,27 47,36,33 51,36,25 63,49,33 63,47,32 59,48,33 108,58,52 37,35,36 36,35,40 36,35,40 36,35,40 37,36,39 36,35,40 39,36,42 34,34,31 31,32,35 36,35,40 41,39,47 41,40,43 40,37,41 38,36,34 42,40,38 48,43,45 57,47,51 40,37,41 40,39,42 38,37,42 38,37,40 32,29,35 32,31,34 79,77,87 67,67,77 65,65,73 58,56,57
106,104,105 86,84,80 55,52,58 55,55,65 53,51,59 76,74,86 65,68,79 76,79,88 106,101,103 70,75,81 75,73,81 25,22,28 34,33,36 49,44,43 47,44,50 35,32,36 49,48,39 73,69,50 89,80,49 67,56,39 72,73,54 37,38,30 34,31,35 38,37,42 38,36,44 36,35,40 37,34,38 90,68,62 154,73,41 255,213,154 255,167,120 167,109,87 102,63,51 84,54,39 66,47,33 96,46,29 121,66,53 49,44,46 37,34,40 36,35,40 34,33,38 36,35,38 41,40,43 189,165,143 144,103,83 31,30,33 35,36,39 40,37,41 46,44,45 54,49,51 51,46,48 45,43,41 54,47,47 49,44,46 39,38,43 44,43,48 37,36,41 38,35,39 34,31,35 33,33,33 78,76,84 57,60,69 63,66,73 61,59,60
91,87,79 97,91,96 57,52,54 57,57,69 53,53,63 66,66,76 69,69,79 80,80,90 86,84,92 79,82,93 75,73,74 38,36,37 38,39,42 53,54,46 50,29,25 69,43,49 42,40,41 50,45,42 255,191,153 255,208,160 110,69,53 30,34,36 34,34,34 34,33,36 33,32,37 34,33,38 69,57,57 70,46,50 255,224,167 255,217,190 75,46,40 129,84,63 74,41,30 113,70,55 20,7,17 183,106,73 96,48,32 92,67,66 96,74,68 99,96,70 104,104,72 79,80,59 90,86,67 77,47,46 74,61,56 35,37,37 55,50,52 174,173,148 120,119,110 43,42,45 45,44,47 46,43,47 48,43,42 40,37,41 39,37,45 37,35,43 34,32,40 37,36,39 35,36,39 45,43,44 75,73,83 62,65,74 74,72,80 61,60,63
97,91,84 101,95,86 58,56,66 57,57,67 58,58,70 70,70,80 104,109,108 82,86,90 81,85,98 81,79,89 77,64,57 60,53,33 60,50,38 66,56,46 46,37,29 60,40,52 60,46,72 50,41,54 188,125,76 160,101,71 86,64,58 64,71,66 55,50,52 37,36,39 41,34,37 75,62,55 78,58,51 56,30,34 255,169,123 255,160,122 255,185,136 159,89,60 120,74,60 122,75,52 12,9,15 154,84,51 104,58,44 86,65,63 71,50,48 46,41,40 45,43,41 34,31,35 33,32,35 37,34,38 34,38,42 34,33,36 49,47,48 175,174,138 127,128,109 67,63,53 42,39,43 49,43,48 47,41,46 38,37,40 38,35,39 37,36,39 36,35,40 39,36,42 36,35,40 45,45,45 67,65,73 64,66,80 78,76,86 67,67,64
92,91,82 92,88,80 55,55,63 56,54,55 55,53,63 120,138,125 129,142,126 64,65,57 83,81,89 85,84,87 63,58,46 42,36,27 50,43,41 36,29,29 42,35,33 58,48,49 43,38,40 190,149,129 100,96,120 82,47,34 48,36,41 71,77,78 83,69,53 85,69,63 56,49,47 71,55,51 65,43,46 33,21,35 255,168,122 239,152,111 198,141,122 89,44,37 132,69,47 129,75,55 10,10,10 81,48,50 39,27,27 88,67,67 62,45,46 38,37,42 38,35,39 37,34,38 37,34,38 56,46,50 61,45,41 67,58,41 54,53,46 126,72,52 81,42,28 101,65,57 67,61,66 59,51,40 59,49,37 74,65,59 39,38,41 37,33,42 89,36,11 134,92,79 59,42,32 58,60,43 167,185,131 76,87,74 87,87,99 71,71,79
94,84,85 80,61,65 47,44,48 52,53,56 59,60,65 182,101,67 215,147,111 80,54,42 67,62,59 89,87,88 79,73,78 64,58,53 47,41,34 48,41,39 62,60,42 44,40,34 118,117,106 125,120,119 55,55,65 67,46,46 104,54,48 87,59,46 72,49,46 79,59,52 99,83,79 95,78,70 32,18,23 18,8,12 233,154,108 157,99,73 110,70,61 92,56,50 127,73,53 93,49,37 11,9,10 78,61,62 54,29,28 84,59,58 66,55,52 50,45,47 63,56,56 69,64,63 57,47,48 63,45,42 77,48,55 81,68,76 51,44,28 230,134,94 255,175,133 101,60,42 85,91,94 97,85,97 109,99,98 190,179,162 166,148,127 147,128,114 148,92,68 106,72,68 241,171,161 189,206,155 155,167,122 101,114,89 85,89,93 65,69,73
94,78,76 95,72,73 70,59,68 51,50,53 58,58,66 255,169,130 255,192,159 121,73,55 81,64,56 80,73,76 57,52,51 43,34,28 49,43,34 54,48,43 51,42,36 205,181,155 139,133,110 106,99,97 87,76,83 73,80,92 104,92,82 119,31,45 43,30,38 57,40,30 69,52,44 78,58,51 74,57,47 73,58,47 201,132,103 223,142,106 104,51,37 206,153,139 97,64,55 20,5,13 7,12,11 64,43,39 62,38,32 53,25,25 59,46,43 54,44,45 55,43,48 54,44,48 62,55,55 40,39,32 58,46,51 65,53,67 62,55,65 255,207,165 110,60,43 99,52,41 75,73,81 38,24,37 47,31,44 75,63,65 56,45,52 40,32,38 80,46,53 37,37,37 50,45,44 124,76,47 113,65,59 120,76,66 89,90,95 51,43,49
115,105,104 68,55,63 58,44,57 60,56,67 64,57,60 210,137,105 193,134,104 73,58,49 64,55,38 64,59,31 59,50,42 45,39,30 49,43,38 37,32,29 64,52,52 199,169,143 115,96,84 76,69,72 72,75,65 73,83,80 71,67,99 143,124,110 61,45,43 93,74,62 88,67,56 80,60,51 80,65,56 98,63,48 255,196,163 98,68,67 107,76,68 77,45,42 110,73,58 173,145,118 69,51,50 70,53,45 65,41,33 49,19,20 63,47,45 50,40,39 48,42,47 50,47,34 59,51,40 49,43,36 52,44,33 48,42,33 103,101,97 185,171,146 120,92,79 54,33,31 76,75,80 40,35,32 56,44,34 40,31,25 57,51,46 43,34,26 66,46,58 74,55,62 57,48,59 210,169,140 210,132,102 142,87,72 100,101,106 75,67,73
117,108,102 98,86,88 24,12,26 63,65,62 151,126,107 230,151,112 97,54,48 45,30,38 75,58,64 58,43,32 42,36,31 50,43,41 40,34,27 47,36,29 82,71,56 158,133,114 85,69,63 43,38,37 50,44,49 55,53,49 70,71,92 255,255,190 107,93,64 121,117,71 71,63,41 57,46,43 55,38,44 62,41,39 95,52,46 116,110,62 67,37,20 91,55,47 118,75,58 197,162,135 96,76,67 65,45,36 66,44,38 67,42,39 61,48,45 88,75,72 40,36,45 54,49,46 59,54,42 42,35,33 44,37,35 49,41,30 201,195,188 110,109,98 94,88,83 45,38,38 67,67,75 52,52,49 57,52,40 33,28,25 44,38,31 48,42,35 79,74,71 81,70,79 30,16,31 69,53,36 219,166,143 110,72,64 67,69,64 78,72,67
114,110,102 53,51,47 82,82,82 140,157,147 95,93,101 81,70,77 66,38,38 71,53,62 66,44,52 69,47,50 101,89,91 51,41,40 44,37,35 52,41,34 217,192,162 149,134,114 93,94,86 40,38,36 50,43,41 51,46,43 55,53,63 76,77,80 118,60,27 88,70,51 90,90,58 60,58,38 49,30,34 54,31,30 69,38,30 99,51,45 106,91,69 106,95,51 140,130,90 104,94,52 72,58,42 60,42,37 67,44,31 65,41,35 63,49,49 63,53,57 41,38,44 43,38,37 41,35,40 47,40,40 32,32,32 53,44,40 190,172,153 97,88,84 96,94,92 53,48,47 48,39,50 43,38,37 37,32,31 34,32,28 30,28,29 41,37,31 47,41,36 54,49,51 44,42,40 196,183,160 160,139,124 73,55,50 68,73,69 90,85,87
89,75,75 115,105,104 185,166,143 130,108,113 90,88,96 61,54,64 58,48,52 67,61,68 53,39,44 70,46,52 85,66,70 79,60,64 88,66,71 93,74,76 157,131,108 113,97,93 98,97,86 46,42,36 49,45,39 57,48,40 122,107,60 48,37,32 85,53,39 124,85,71 56,52,33 58,56,38 40,26,26 57,36,36 59,36,35 110,67,52 60,31,25 68,52,50 66,43,40 76,60,54 52,35,41 52,35,41 65,42,39 59,38,38 79,62,65 73,62,71 66,58,66 63,56,59 64,54,58 72,61,70 73,62,69 47,36,43 177,162,140 91,81,82 51,44,44 52,45,45 46,33,43 34,29,31 44,38,43 74,74,82 58,58,68 38,36,44 40,34,39 65,57,63 195,206,175 161,169,146 97,105,91 87,93,80 82,89,84 84,77,80
100,82,79 112,99,94 203,170,145 113,95,94 59,52,52 71,66,68 59,51,57 62,61,64 37,34,38 34,29,31 59,51,57 35,29,34 39,33,38 34,28,35 35,27,35 112,76,70 90,86,69 58,54,46 48,42,35 58,49,43 101,67,49 242,163,117 112,75,60 121,75,59 50,47,34 45,39,30 41,28,36 54,33,31 51,34,37 58,36,41 112,71,55 70,47,36 77,53,45 74,51,48 69,51,48 53,34,36 55,36,38 69,50,52 59,45,47 61,50,59 68,57,64 61,50,59 64,52,64 70,60,64 67,57,61 67,56,63 174,155,130 78,63,71 46,35,42 51,41,45 42,31,38 64,53,60 65,59,66 51,49,59 106,108,124 95,94,111 121,122,141 125,126,145 198,172,147 93,89,81 123,124,114 61,54,54 68,66,62 73,65,73
71,60,67 70,59,68 185,157,144 90,76,78 54,47,47 63,56,54 55,50,52 58,48,52 57,46,55 71,61,65 61,53,61 56,53,57 40,36,45 28,24,33 32,28,37 71,56,36 122,94,83 48,44,34 41,34,37 76,62,62 255,172,123 120,70,39 93,55,47 124,81,66 47,36,33 30,19,26 41,22,24 44,31,39 55,39,37 52,35,38 96,75,71 112,77,62 67,43,37 66,48,43 66,48,43 52,36,34 46,32,34 57,38,40 65,46,48 62,54,60 59,48,55 58,50,56 59,51,57 67,56,65 78,67,76 81,70,77 193,174,149 157,140,132 33,22,31 32,25,35 31,19,31 44,36,44 56,48,56 58,52,59 62,53,64 64,57,67 69,65,76 82,84,98 205,185,155 53,43,44 39,38,31 65,64,57 65,60,59 147,143,165
74,61,69 71,63,69 164,136,123 72,60,65 55,49,54 58,51,54 54,49,48 61,51,55 61,53,59 63,52,61 66,55,64 65,57,65 68,57,66 69,61,69 57,51,56 121,130,102 52,62,59 102,114,96 49,56,51 56,61,60 219,157,128 75,38,23 97,57,52 93,67,57 38,17,15 29,15,17 26,15,24 35,24,33 41,29,29 50,33,36 46,34,39 61,38,35 97,61,53 60,32,30 72,54,53 56,39,40 50,36,38 54,32,35 54,40,40 72,64,72 75,64,71 65,54,63 59,48,55 60,49,56 67,56,63 58,52,59 64,54,53 246,168,120 98,65,65 27,23,36 22,15,25 59,57,65 73,71,79 43,36,46 45,41,52 38,34,45 39,35,46 39,35,46 206,181,153 109,112,104 44,43,36 65,64,57 64,65,55 130,129,146
58,53,50 108,107,100 195,167,154 118,105,102 53,51,49 56,51,53 54,46,54 64,53,62 47,38,49 52,43,54 61,54,64 55,48,60 46,39,53 35,28,40 40,36,47 111,119,96 66,68,63 109,119,93 59,71,62 96,108,99 71,82,81 165,118,84 84,51,44 117,101,57 96,83,62 50,39,34 44,35,29 43,37,30 60,48,36 62,50,38 68,54,38 78,64,46 83,50,41 97,66,58 73,58,47 62,50,40 46,32,37 51,32,34 56,38,35 37,32,48 33,31,43 34,30,41 47,43,54 54,45,56 54,43,52 57,50,60 139,139,125 166,131,106 88,97,97 51,47,67 62,58,69 72,70,78 69,67,75 39,38,43 52,50,51 48,46,44 45,48,40 53,54,42 211,188,157 107,120,104 41,37,31 55,56,48 64,65,55 55,53,63
49,52,44 96,99,91 92,84,73 178,150,137 99,82,83 53,48,50 58,53,52 72,66,59 62,58,50 103,103,73 112,115,66 138,137,83 170,174,89 153,157,88 144,151,96 112,119,101 50,49,52 51,33,32 60,60,60 67,75,65 59,66,61 50,57,55 97,95,48 92,81,48 114,104,62 109,103,57 46,35,28 44,33,26 53,44,36 61,52,37 66,59,39 71,62,43 60,49,30 90,57,50 75,54,41 77,64,43 64,52,42 51,32,34 53,40,35 108,112,74 141,138,96 75,75,45 132,138,68 154,160,81 139,144,68 89,91,47 140,138,118 130,121,106 109,78,59 87,91,95 73,74,77 67,68,73 64,65,68 75,67,73 139,111,71 134,105,70 142,110,78 159,125,82 203,183,163 83,81,77 76,81,75 40,31,42 41,37,50 46,44,54
53,52,41 137,150,134 135,139,122 158,153,139 255,186,134 100,73,66 48,46,47 126,90,59 122,89,50 148,111,67 148,112,65 166,128,78 173,136,83 176,139,84 176,136,84 169,135,76 153,119,76 61,44,50 66,45,41 153,124,93 38,18,30 44,25,29 148,107,60 138,97,50 129,118,74 128,125,72 148,144,82 50,40,30 57,49,38 64,57,39 71,62,43 76,65,46 64,53,34 59,45,29 84,48,40 69,59,37 46,33,26 45,29,27 59,41,40 105,65,40 150,124,83 137,120,51 145,121,66 153,115,69 149,110,71 144,107,67 116,97,74 75,55,48 67,54,47 84,82,78 76,80,84 68,63,62 46,35,42 62,49,46 139,102,62 160,123,81 160,123,81 155,126,93 119,108,103 210,176,158 82,87,83 86,91,90 77,82,81 85,92,90
131,106,58 95,109,100 113,117,119 110,76,74 126,100,90 200,128,82 194,125,96 168,140,100 164,127,72 159,121,71 143,102,57 136,95,50 148,106,64 135,91,51 151,111,59 150,108,66 123,98,54 73,62,69 107,88,76 90,57,57 32,19,27 51,34,35 135,95,41 174,132,78 124,122,64 137,140,80 147,145,83 147,143,81 96,90,54 65,56,39 71,60,41 76,62,44 73,63,41 73,58,38 59,38,27 79,48,40 47,30,33 40,23,26 43,31,31 66,57,38 154,127,80 159,118,69 164,127,74 151,111,57 186,147,90 173,134,77 123,97,72 61,37,31 168,130,80 172,130,76 152,115,60 156,122,81 32,18,20 48,36,36 173,140,88 171,131,77 164,122,70 139,110,75 92,76,74 255,217,178 90,58,28 80,79,68 70,69,62 91,94,84
126,100,50 132,128,109 168,130,84 154,118,85 53,34,22 146,117,86 54,44,45 77,69,77 184,137,87 173,132,73 183,144,87 163,126,73 175,135,83 166,127,70 186,143,85 171,129,75 49,28,15 49,44,43 46,36,26 32,19,38 35,21,23 61,38,35 159,116,67 171,129,77 132,118,64 137,135,73 151,145,79 145,142,75 152,140,85 125,116,71 76,60,43 78,62,45 71,63,41 76,63,42 58,44,26 69,42,35 49,33,31 44,33,30 47,38,30 53,42,35 59,55,36 131,114,75 171,131,79 179,140,83 184,143,86 160,129,76 81,81,76 71,52,36 164,124,72 149,108,59 155,114,65 123,97,87 41,29,34 63,45,40 151,110,61 149,112,59 176,139,86 133,114,89 71,57,59 158,122,73 155,118,76 167,130,88 149,113,82 116,83,58
174,130,79 166,122,71 169,131,83 154,116,70 137,142,120 113,106,90 52,30,35 57,39,38 146,109,56 162,122,70 158,118,66 154,113,64 169,129,77 179,139,85 186,147,90 160,123,68 152,124,95 54,49,48 75,69,60 50,45,42 57,40,30 150,118,74 161,119,65 140,96,43 162,142,83 137,137,76 143,141,79 140,138,76 147,143,83 130,125,70 92,83,54 75,65,43 69,60,41 77,63,45 78,60,41 58,34,28 56,33,34 39,30,24 51,42,36 56,52,35 59,55,36 64,57,37 80,51,27 164,132,75 167,129,81 101,74,38 68,66,74 105,76,45 190,152,104 151,114,70 165,128,84 31,18,26 49,40,36 108,87,60 84,55,24 72,49,34 74,53,42 112,114,111 61,64,71 128,99,50 78,52,27 80,54,33 146,115,78 149,118,69
152,111,66 150,109,64 169,128,79 164,123,76 109,118,99 52,45,45 48,26,20 65,44,42 84,50,28 166,123,74 162,121,72 171,131,79 165,125,73 175,135,81 151,109,55 166,127,70 159,121,73 55,53,51 94,91,78 80,76,55 184,145,84 164,119,55 183,136,73 191,143,69 201,156,92 137,135,77 140,138,76 140,138,76 137,133,75 119,113,65 99,91,57 91,82,55 68,60,38 69,61,39 82,69,48 59,44,33 76,43,36 82,51,41 47,34,27 47,38,30 50,45,31 54,50,33 61,57,38 57,32,33 69,47,39 67,64,70 181,134,111 89,67,47 93,71,53 89,69,51 69,58,39 21,15,20 38,27,34 61,46,37 63,46,38 55,38,28 68,53,44 97,102,101 60,59,64 73,56,46 73,56,46 69,52,42 61,41,32 70,59,42
176,138,92 154,116,70 144,103,56 134,121,89 81,83,78 143,135,122 36,23,18 32,17,25 81,58,55 166,128,93 166,125,76 142,101,52 165,122,73 146,103,54 178,132,73 190,143,80 203,151,78 62,57,54 55,43,33 148,136,97 111,101,77 77,55,35 103,69,39 91,65,42 82,63,38 136,136,73 149,142,85 143,136,75 138,133,78 118,111,68 99,88,55 94,82,52 73,63,41 73,63,41 77,64,43 82,69,46 68,40,29 90,58,42 229,177,106 235,179,103 68,39,4 49,40,36 57,41,37 44,22,25 59,33,21 174,115,85 144,102,60 143,111,81 70,49,34 74,55,43 82,59,46 108,79,57 74,56,51 64,52,42 69,48,33 80,51,27 137,111,88 99,106,99 64,63,68 165,124,79 170,129,80 181,139,87 122,113,94 63,63,73
165,122,73 152,109,60 133,95,45 119,127,113 62,61,50 83,83,80 33,36,43 70,61,57 70,46,38 120,87,62 175,135,83 175,133,81 194,151,93 186,145,86 200,159,91 205,161,94 189,162,115 72,68,58 114,86,75 200,161,102 209,166,110 202,155,103 168,135,87 129,97,65 81,62,48 137,133,75 143,141,81 133,129,69 135,130,75 114,107,64 104,93,58 107,96,63 78,66,38 92,80,54 79,66,43 75,64,45 99,73,59 101,66,51 94,65,59 92,68,46 97,69,42 117,79,33 97,67,21 46,22,28 121,74,63 100,54,36 136,98,77 95,74,61 86,65,52 78,64,50 150,117,67 173,139,78 171,134,81 161,117,64 147,104,55 145,104,55 175,133,81 106,112,99 77,70,73 154,114,62 167,126,69 162,125,70 96,91,88 113,131,118
165,124,75 173,132,85 172,131,86 121,122,112 101,103,88 146,142,125 116,82,48 95,84,69 152,114,68 154,115,74 82,61,34 76,56,38 77,57,39 74,55,39 90,67,52 96,71,41 86,70,57 96,85,70 100,76,52 90,68,50 88,69,53 89,70,54 74,51,36 142,110,78 233,184,133 137,127,76 138,136,76 131,126,71 134,129,76 116,109,66 99,88,55 99,87,57 78,65,42 86,71,49 75,65,41 73,62,43 48,24,18 236,185,105 224,170,91 222,168,89 218,163,82 203,144,69 203,147,80 153,118,64 100,57,40 89,51,34 133,90,71 198,154,87 203,165,115 96,67,43 112,80,48 189,146,97 178,135,77 179,138,81 174,133,74 162,119,63 190,139,84 133,136,126 106,95,76 188,145,85 175,134,75 186,146,82 177,135,83 73,61,51
170,130,78 180,140,88 166,135,86 101,104,92 171,138,90 142,109,72 142,105,65 162,124,78 165,130,76 147,118,85 125,97,70 96,73,60 74,54,47 80,61,47 81,60,49 92,66,45 77,56,45 132,101,78 180,143,90 199,155,86 211,161,87 194,143,74 175,125,53 194,143,74 171,120,67 109,102,59 120,115,64 126,121,70 128,123,70 114,107,64 103,96,55 96,88,54 78,66,40 83,74,45 71,60,43 69,55,37 217,165,92 198,147,71 215,159,83 223,167,91 217,161,85 231,177,98 216,166,94 201,149,78 155,110,66 126,80,54 132,80,61 185,135,61 189,138,71 199,150,83 186,137,72 171,126,62 182,143,82 195,154,93 185,143,78 192,148,81 152,138,111 111,97,79 109,90,76 144,109,71 79,52,36 64,42,22 93,66,48 126,97,66
167,122,60 196,150,91 186,154,108 122,104,83 192,149,93 147,106,59 156,117,74 130,103,69 112,79,54 87,61,38 77,48,24 81,53,26 128,93,57 162,123,80 160,124,66 135,106,73 72,49,48 140,107,80 152,113,56 166,119,67 171,130,73 160,118,64 172,129,71 174,127,66 157,145,88 157,126,89 185,134,99 169,114,83 150,106,78 122,90,58 109,80,49 102,73,49 101,74,58 83,53,36 75,42,33 71,45,31 209,158,82 220,166,89 220,169,91 223,171,98 211,159,88 200,148,75 188,137,70 196,150,82 200,151,82 202,151,84 183,134,67 190,141,72 184,135,68 181,136,72 171,128,68 185,142,82 167,126,67 187,146,89 179,140,83 163,125,77 133,98,60 132,95,55 138,99,58 149,110,67 159,118,71 162,121,74 169,128,81 165,124,75
136,95,48 141,103,57 163,141,107 167,138,107 120,83,41 167,131,73 156,118,68 140,103,50 147,106,59 169,129,75 147,106,59 170,133,80 168,126,74 152,109,60 157,116,67 163,122,75 161,121,69 162,121,76 158,118,66 164,122,70 169,129,77 184,144,92 173,133,81 177,136,87 124,120,62 135,140,77 151,148,83 147,143,81 136,136,77 125,124,70 102,95,52 74,65,36 73,64,49 55,45,33 61,52,37 75,61,43 88,66,32 181,140,81 185,141,72 178,137,78 187,145,82 181,136,72 178,134,81 178,139,82 182,141,80 179,140,79 203,158,96 171,129,66 165,125,73 164,124,72 170,129,80 168,126,74 158,117,72 148,107,58 154,113,64 160,124,77 163,122,73 163,123,71 168,130,80 163,125,79 155,114,65 156,114,72 163,122,77 158,117,72