63,72,55 68,76,64 50,58,46 36,42,33 54,64,56 44,54,46 53,65,47 49,58,39 131,143,98 59,71,53 57,75,62 47,58,45 73,88,76 81,101,85 61,75,71 58,77,71 85,109,111 87,110,119 85,108,115 83,109,115 97,126,126 84,116,115 95,124,126 89,118,120 93,122,120 77,106,104 80,107,106 96,127,131 96,124,118 82,106,110 81,102,100 81,102,111 79,100,107 81,103,103 99,123,123 94,116,118 81,103,107 80,101,108 80,101,110 76,105,91 86,108,112 84,119,96 82,96,75 83,94,81 75,78,54 142,203,244 55,65,43 48,56,35 105,112,78 47,57,35 67,82,56 60,65,43 69,84,72 55,68,45 54,64,42 55,64,45 60,69,52 57,66,36 46,57,42 81,92,77 45,63,46 61,73,53 58,66,43 66,76,52
78,92,83 102,115,114 61,79,64 75,87,80 74,84,81 57,68,57 57,68,55 53,62,43 73,83,61 54,64,42 78,86,61 76,85,55 66,78,58 59,73,54 48,63,49 80,98,97 85,109,111 80,103,112 79,102,109 101,128,127 80,109,109 81,113,112 82,111,109 85,109,113 86,110,110 76,100,100 80,103,100 82,103,99 73,92,72 72,92,74 55,73,60 74,96,100 77,99,101 86,109,104 83,103,104 63,77,73 77,93,102 80,102,104 81,104,101 97,121,99 84,110,85 67,93,59 59,73,52 75,91,72 68,86,71 59,70,55 61,71,49 64,72,51 69,73,46 94,108,78 52,72,47 56,61,41 92,109,131 69,84,87 88,120,119 79,94,82 80,89,72 57,69,49 67,79,61 65,76,61 54,67,51 59,71,51 58,73,47 67,81,62
43,53,47 62,79,71 82,104,108 47,60,44 43,49,38 48,54,41 43,50,34 38,47,30 52,61,42 61,69,48 45,53,39 49,58,39 61,74,58 56,69,57 54,65,54 62,81,72 83,102,93 56,75,66 79,96,91 79,100,96 87,114,115 88,110,110 91,115,115 79,103,105 76,100,102 78,102,104 69,89,75 75,94,74 75,93,78 69,87,72 58,72,53 84,92,71 71,87,66 81,96,84 65,78,77 71,85,78 73,90,94 53,72,63 96,121,92 75,97,67 66,82,61 57,69,49 54,65,50 46,57,42 75,87,67 46,58,40 80,89,70 64,72,60 50,58,44 42,50,36 110,112,86 54,56,41 60,70,67 46,57,44 47,58,47 61,86,81 81,95,88 77,94,89 81,100,89 83,96,80 59,72,56 62,71,54 52,64,44 46,59,43
41,52,39 45,56,43 40,52,45 41,47,38 75,83,62 47,56,37 42,51,32 52,61,44 63,72,53 85,90,68 60,65,43 46,55,38 56,65,46 56,65,48 47,55,43 60,74,53 88,105,97 63,78,54 60,69,50 69,81,63 70,89,99 76,96,99 82,100,97 75,95,98 90,109,98 66,82,80 71,89,74 59,78,58 74,89,65 77,84,68 59,71,53 73,82,65 68,79,64 70,85,71 61,73,55 54,66,46 68,81,65 66,83,59 65,77,57 67,82,58 58,74,53 55,67,49 50,61,46 60,72,52 55,67,49 71,85,66 53,61,47 41,49,28 39,52,29 38,48,40 51,54,30 43,51,37 43,52,33 53,61,47 55,66,51 69,83,74 48,62,58 70,84,75 36,43,38 50,61,46 54,73,53 66,98,95 56,65,48 55,64,45
76,77,82 66,66,74 49,56,54 62,68,69 54,65,66 39,49,27 42,49,31 40,49,32 48,57,40 41,50,33 64,75,60 43,52,35 65,76,63 48,59,48 74,87,73 60,73,61 68,82,63 43,55,37 61,71,49 75,86,75 75,88,74 75,91,89 58,72,63 51,64,50 58,71,55 47,58,47 49,57,45 53,64,49 59,71,53 55,63,53 40,51,38 64,75,60 59,63,46 46,58,38 49,55,42 54,62,50 62,70,49 74,86,66 68,80,62 53,65,45 64,75,64 52,62,40 75,87,78 68,82,75 65,82,56 67,77,55 33,45,38 44,50,37 49,58,41 66,80,61 52,68,49 56,70,51 68,81,65 38,47,30 66,79,67 63,81,68 42,55,41 50,61,48 57,70,56 50,58,46 61,77,58 70,76,63 60,69,52 48,57,38
71,75,88 86,89,109 77,80,91 67,68,73 49,54,53 41,52,39 35,43,29 35,43,31 41,52,39 51,62,51 47,59,41 57,71,52 48,60,42 55,72,64 64,75,62 53,61,47 40,52,34 50,62,42 63,73,51 45,56,41 48,59,46 56,70,61 58,71,55 55,63,49 57,68,53 48,59,44 62,70,56 45,53,39 60,73,61 55,66,53 55,66,55 60,65,41 71,79,58 48,55,39 42,51,34 52,60,46 49,57,45 66,75,56 88,101,89 59,71,51 85,98,82 80,97,99 57,65,53 55,76,44 44,58,39 58,71,57 40,47,31 43,50,34 36,51,35 47,62,46 63,77,58 46,54,40 52,70,57 50,61,48 52,65,51 47,58,43 53,61,47 74,86,79 78,83,63 66,77,64 46,53,35 53,62,45 61,73,55 57,73,52
74,74,84 76,76,86 63,62,77 75,73,85 73,73,83 72,75,82 48,55,48 33,41,31 46,54,44 32,45,33 52,65,53 66,81,69 65,80,64 47,59,41 56,69,55 55,70,54 46,55,36 45,53,39 45,57,37 48,63,51 53,66,54 53,66,50 75,87,69 48,57,40 77,85,71 55,64,47 53,61,51 49,57,45 46,57,42 54,67,53 54,69,55 58,70,61 57,68,57 53,65,45 46,60,39 41,49,37 49,57,45 42,51,34 70,82,75 77,92,95 83,96,84 47,59,50 40,48,38 35,48,32 52,61,44 40,53,37 45,53,39 43,51,37 63,78,62 42,57,41 39,47,33 61,74,62 51,62,47 36,46,38 42,51,34 52,63,50 63,72,55 37,50,38 46,56,48 59,67,53 58,66,45 34,45,32 31,43,34 31,40,21
76,68,74 60,57,61 66,65,70 67,65,73 64,62,70 80,80,90 69,69,79 78,84,85 40,48,36 53,62,45 33,44,31 38,49,34 45,58,44 68,81,67 36,44,30 42,50,36 41,49,35 43,52,33 47,59,41 54,65,54 46,58,49 56,69,57 41,56,44 55,67,49 56,70,51 59,67,53 46,54,42 39,47,37 40,48,36 60,71,58 51,66,50 46,55,38 61,69,55 50,56,43 49,58,39 53,57,40 47,54,38 56,70,61 45,53,39 51,62,51 41,49,37 73,90,82 59,72,49 38,48,40 58,71,57 58,71,59 53,61,40 36,51,35 43,62,42 40,54,35 38,46,32 46,55,38 45,54,35 47,59,41 30,45,33 30,43,31 64,75,64 90,103,91 53,62,45 45,56,41 49,57,45 39,50,39 56,65,48 33,44,33
73,81,90 60,58,66 74,71,75 70,67,73 55,52,56 55,53,61 65,63,73 76,80,93 69,73,75 43,51,39 38,46,36 42,50,38 41,52,39 50,67,59 49,57,45 40,51,36 52,61,44 46,55,38 36,45,26 41,50,33 45,53,39 48,56,42 52,63,50 47,55,41 38,47,30 45,54,37 46,54,42 45,53,43 40,48,36 39,47,37 47,53,42 67,71,56 46,52,39 39,45,32 59,67,55 38,46,32 50,57,50 54,62,50 47,55,43 42,50,36 40,48,36 59,74,62 39,50,37 44,56,49 78,92,88 61,83,71 90,93,62 39,53,34 44,56,36 38,50,32 38,46,34 36,47,34 42,50,38 48,55,37 37,49,31 50,57,41 43,55,35 34,46,28 44,51,33 49,58,39 43,51,39 47,58,47 53,64,53 60,73,57
58,65,77 60,67,79 63,68,78 57,57,67 77,74,78 70,64,69 60,58,68 69,69,81 71,73,87 80,85,95 34,42,28 53,62,45 47,58,45 47,61,54 50,63,51 43,54,39 48,59,44 45,56,41 33,42,23 50,59,42 57,66,49 57,66,49 56,65,46 48,55,37 43,52,35 63,72,53 69,78,61 32,40,30 40,48,38 45,52,47 52,60,46 38,47,30 36,47,32 41,49,35 69,77,56 45,56,43 57,67,59 59,68,51 38,46,32 56,65,48 54,65,50 48,58,50 37,51,44 68,80,73 48,59,46 78,93,81 41,50,33 41,53,35 40,49,32 38,47,30 39,50,37 32,43,30 40,48,36 43,52,35 39,48,31 39,48,29 35,44,27 47,59,41 67,72,52 49,58,41 66,78,60 50,61,48 33,44,29 55,63,49
68,73,83 57,66,79 59,66,78 57,65,74 75,74,79 60,54,59 61,57,68 64,62,72 69,71,87 81,84,95 39,47,37 45,53,41 50,58,44 37,48,33 61,69,57 57,66,49 69,78,59 43,51,37 36,44,32 57,66,49 49,58,41 52,61,44 59,71,51 66,70,53 50,62,42 52,61,42 56,65,46 45,53,39 49,57,47 53,59,46 37,48,35 61,70,51 61,69,48 43,52,33 48,50,45 47,57,49 42,50,40 48,55,37 39,47,33 41,49,39 33,47,38 35,47,43 42,54,47 50,61,48 61,74,60 54,62,52 43,54,39 40,52,34 27,38,23 37,48,33 32,46,27 34,45,32 43,51,37 53,65,47 37,48,33 35,44,27 42,51,34 36,50,31 57,69,49 50,62,44 52,61,44 40,48,34 42,51,34 54,63,46
125,118,118 105,103,101 81,82,87 69,74,84 60,68,77 63,67,80 67,64,70 67,65,73 61,64,75 84,87,96 62,68,69 33,41,27 49,57,43 47,53,40 47,56,39 50,59,42 62,69,51 35,41,28 47,59,41 42,50,36 39,48,31 42,51,34 46,55,38 47,56,39 41,50,31 48,57,40 71,81,59 64,73,54 53,62,43 38,46,36 40,47,40 43,51,39 34,41,39 36,44,30 45,53,41 57,59,42 39,47,35 33,39,30 32,40,30 42,49,42 38,46,36 44,55,40 47,58,45 54,65,50 39,47,37 62,73,62 41,52,37 43,54,39 34,45,32 43,54,41 38,49,36 48,59,44 51,62,47 54,65,50 64,69,47 45,54,37 30,41,30 41,49,37 44,55,40 37,48,37 50,60,38 36,47,32 47,55,41 50,62,44
105,91,96 112,107,104 96,90,95 93,93,93 105,103,111 71,75,90 62,69,81 84,75,88 76,79,90 71,71,81 71,73,89 35,43,29 35,43,29 47,56,37 41,50,31 43,51,37 47,56,39 49,52,42 40,49,30 46,55,36 34,42,30 50,58,44 39,45,32 70,79,60 47,56,39 42,51,34 49,58,39 53,62,43 48,56,42 39,47,33 49,57,47 36,43,41 76,76,4 151,148,23 128,124,21 170,140,46 42,51,34 47,55,43 36,44,32 37,43,34 55,63,49 35,47,38 34,45,34 37,48,33 32,42,36 39,49,43 36,47,34 39,47,35 44,55,40 39,50,35 48,59,44 44,56,38 53,66,52 34,43,24 37,50,36 57,70,54 60,74,55 77,90,76 62,71,52 50,63,47 42,56,37 50,66,47 45,53,39 48,57,40
85,80,82 89,84,86 90,87,91 72,70,78 61,64,73 66,66,76 79,86,100 71,80,93 98,104,121 69,68,73 71,71,81 44,50,39 58,65,49 63,67,50 62,70,49 69,78,59 46,58,38 43,52,33 74,84,62 50,62,44 41,50,33 43,52,35 46,49,37 42,48,37 36,45,28 50,59,42 47,59,39 48,57,40 39,45,32 67,77,55 57,64,48 99,92,35 190,166,45 171,153,24 140,122,22 88,78,11 60,70,35 40,51,36 37,50,36 39,38,31 43,37,32 48,37,32 41,35,28 49,58,39 54,68,49 35,43,33 31,39,29 37,49,31 39,50,37 26,37,24 47,56,39 54,61,45 41,53,35 39,47,35 34,42,28 43,55,37 44,55,42 33,46,32 80,96,75 48,66,53 64,82,67 46,64,49 67,72,50 45,54,37
67,69,83 58,60,74 61,60,63 54,52,62 68,73,83 63,67,80 60,68,77 61,67,84 73,80,103 66,67,70 83,79,90 43,50,34 57,60,50 58,66,45 186,170,139 212,183,152 210,173,147 222,187,162 144,142,109 55,68,45 47,54,38 55,55,41 48,50,35 58,61,49 43,51,39 45,53,39 54,62,48 78,86,65 64,69,49 78,85,67 56,60,43 169,154,18 135,115,9 151,133,17 153,139,24 93,83,32 67,62,19 125,126,47 117,122,57 55,42,37 154,150,142 193,193,190 113,106,109 42,36,31 58,52,43 53,59,50 44,55,40 48,59,46 33,43,40 53,66,43 40,48,36 47,56,37 48,56,42 40,48,34 37,47,41 39,48,31 51,64,50 38,54,35 54,73,53 56,71,59 63,81,64 52,67,55 43,54,39 48,52,37
50,57,71 44,51,65 38,43,53 72,81,94 73,79,82 76,79,90 41,48,60 66,73,87 64,71,83 72,79,93 72,65,75 54,66,48 86,79,79 78,68,69 75,65,66 66,63,67 87,73,73 209,183,158 205,171,139 156,130,107 166,146,128 74,77,67 66,71,51 57,64,46 68,75,59 56,65,48 49,58,41 56,65,46 58,65,47 41,50,33 100,97,55 166,142,21 158,137,56 140,109,29 189,156,17 131,118,27 177,158,23 199,179,49 62,46,44 228,214,185 215,203,177 176,174,156 95,103,112 90,104,116 112,117,127 41,38,42 55,54,45 48,59,46 56,71,59 28,41,29 45,64,58 48,60,42 38,46,32 72,86,82 58,63,39 45,58,44 45,63,50 50,69,49 51,67,48 49,65,46 45,58,44 56,69,53 83,95,75 70,80,47
63,63,73 57,58,63 62,64,78 70,74,87 83,91,109 73,83,99 71,81,97 61,67,84 71,78,92 67,71,86 64,67,87 75,70,72 83,71,73 70,63,63 78,70,78 67,62,64 66,63,67 79,76,80 62,59,65 73,70,76 123,113,103 101,95,90 70,80,56 56,57,38 40,48,34 49,57,36 60,69,50 51,59,36 56,63,47 57,66,47 97,96,69 180,152,42 161,125,65 231,201,61 183,149,8 117,107,17 171,152,29 226,209,71 237,220,185 221,203,171 208,196,170 156,153,140 97,101,105 87,96,107 89,93,108 119,120,123 78,78,88 88,80,69 57,72,58 56,75,55 48,66,51 54,62,41 50,62,42 43,54,41 45,56,45 41,48,41 30,40,32 34,42,30 40,54,35 48,63,47 94,112,81 104,126,87 97,111,79 66,85,63
77,79,95 67,65,73 71,71,83 72,71,86 83,82,97 63,71,89 68,76,94 64,70,87 82,88,105 75,77,91 90,91,110 89,82,85 73,66,66 70,63,63 85,78,81 75,68,71 83,78,80 68,63,65 72,67,69 83,75,81 60,59,64 67,66,71 97,102,126 80,85,61 34,41,34 66,76,52 81,83,55 64,68,41 86,94,69 45,56,41 85,82,58 196,167,64 113,86,25 199,158,30 175,143,17 166,143,16 143,122,21 188,167,56 254,233,192 227,208,171 202,188,161 144,139,127 103,104,107 92,93,98 86,77,69 89,80,72 107,97,85 67,53,53 95,105,111 40,53,54 42,55,43 44,57,45 35,47,43 42,54,47 55,65,62 60,62,57 47,59,55 44,54,51 43,54,53 127,144,108 94,112,81 55,63,51 55,68,43 47,56,39
75,78,96 64,64,76 73,73,83 78,78,90 88,91,111 87,93,114 87,99,132 79,85,104 84,94,114 90,91,112 71,70,85 84,81,87 82,75,78 80,70,71 68,58,57 73,63,64 68,58,57 68,58,57 71,61,62 72,62,63 91,81,82 68,62,67 86,88,102 80,90,68 57,65,26 41,53,33 53,59,46 47,59,52 61,67,70 66,74,62 86,87,68 138,116,10 225,193,69 173,147,38 171,141,16 243,219,66 92,73,18 125,102,33 243,221,183 230,211,176 200,185,163 132,126,117 111,110,103 97,95,91 57,47,46 57,45,47 73,62,57 79,74,76 87,87,99 80,84,99 94,97,89 82,82,79 166,138,109 172,144,117 140,121,96 142,122,113 90,95,91 111,111,97 82,82,68 51,65,44 62,74,56 60,60,44 52,52,47 42,50,40
93,98,104 79,78,93 71,71,81 77,77,89 82,85,105 92,93,112 76,82,99 72,78,97 96,102,119 97,100,122 62,65,74 73,70,76 91,84,87 80,70,71 82,71,68 78,68,69 80,70,69 64,54,53 86,77,73 85,75,76 66,56,57 78,72,77 77,73,82 60,67,62 43,55,35 37,50,27 43,51,28 75,83,60 65,68,44 59,61,33 53,66,43 98,88,10 183,149,79 148,127,14 145,125,5 192,167,37 90,75,12 164,149,70 240,222,180 228,210,178 187,176,157 105,101,95 107,101,96 96,92,86 40,33,31 98,92,87 92,87,86 96,96,96 143,144,136 165,163,159 77,62,40 174,163,148 199,159,125 200,168,136 190,150,116 218,181,141 194,158,127 187,152,114 181,154,122 148,122,99 141,127,102 148,124,100 143,129,113 163,143,134
105,97,103 85,85,95 64,65,70 75,77,91 60,60,70 62,67,77 48,56,63 54,59,67 70,73,80 62,63,68 45,52,47 49,54,53 85,78,78 80,71,63 65,61,42 88,76,64 71,65,60 70,64,59 70,61,55 63,57,52 63,57,52 80,68,70 98,85,93 103,108,114 63,71,61 63,70,65 59,69,61 62,67,66 62,67,66 114,111,98 121,114,98 128,116,77 156,136,20 158,132,23 189,166,28 111,93,6 107,90,14 250,228,194 240,223,184 224,207,179 150,141,126 98,96,97 99,92,90 57,46,39 127,116,99 106,95,78 102,93,89 190,178,152 158,151,133 172,168,149 82,53,29 191,177,152 219,205,178 187,179,157 150,130,110 227,190,164 214,181,154 173,147,122 178,146,116 160,132,105 164,141,110 185,153,123 191,155,124 187,149,112
131,125,130 75,69,74 47,41,46 66,63,67 66,66,66 55,58,50 59,62,54 60,64,47 52,54,37 54,58,31 73,76,41 45,49,20 59,61,33 56,59,49 74,75,67 68,68,27 85,83,36 91,90,38 99,103,49 79,79,34 95,99,30 92,93,45 65,66,29 51,51,21 130,118,92 164,150,132 165,154,137 166,155,140 132,119,112 97,90,88 90,83,83 109,97,99 129,108,95 174,157,32 133,119,33 93,70,57 181,164,113 245,228,193 228,210,180 192,179,158 141,133,122 92,90,86 97,91,86 126,102,78 103,84,70 120,109,94 100,93,77 224,207,172 203,191,165 131,122,107 79,55,33 182,170,142 225,198,151 182,162,130 133,77,1 98,71,26 74,72,80 103,102,95 79,74,73 91,84,82 172,146,121 143,135,122 153,143,133 229,218,201
98,94,84 58,56,36 58,59,36 60,62,34 77,75,46 71,71,30 69,67,36 72,78,28 59,60,12 82,83,35 74,76,32 56,56,15 79,79,36 56,60,22 49,50,31 68,66,35 82,78,43 66,63,21 57,58,10 65,68,19 88,91,40 89,92,43 96,98,54 60,68,17 85,88,37 113,116,65 106,95,49 166,147,112 138,125,120 114,113,118 106,99,109 141,128,123 182,165,137 244,230,203 108,90,69 240,226,199 228,212,181 229,213,180 196,184,158 152,143,126 94,88,81 85,76,72 54,43,36 104,93,76 98,88,76 99,94,82 171,158,135 221,202,163 157,148,129 86,72,58 72,54,35 182,165,137 231,209,162 120,100,70 147,71,0 85,59,38 76,58,26 64,58,63 59,58,63 84,77,77 77,70,70 119,99,90 81,77,90 171,167,178
134,121,89 64,61,46 62,66,26 60,64,26 65,67,25 89,88,50 75,75,34 72,73,23 80,80,37 61,62,23 66,64,31 73,73,32 72,73,23 79,79,34 96,84,86 105,90,81 117,98,86 121,105,90 79,73,66 95,91,74 84,83,58 89,91,45 233,188,142 246,198,153 223,189,144 195,167,127 219,190,157 161,136,117 190,163,131 210,177,150 204,175,140 121,94,78 254,240,213 211,196,176 250,234,201 231,215,184 215,201,172 205,193,167 175,164,145 142,133,116 89,81,70 88,79,71 65,67,67 69,70,73 79,79,79 83,78,75 202,188,163 207,190,153 132,124,111 64,45,29 200,180,160 205,188,151 255,237,190 49,36,31 125,63,0 104,65,6 94,60,15 84,62,15 60,53,63 56,54,55 72,67,69 55,55,55 57,61,65 125,121,115
46,49,16 47,50,15 59,62,29 74,78,38 61,64,31 106,91,80 102,92,82 96,80,74 100,89,82 98,85,82 91,82,78 93,83,82 92,81,78 109,97,87 112,95,85 109,93,80 125,106,90 130,109,96 125,112,107 75,65,69 114,96,91 116,96,87 112,96,83 107,90,82 109,91,86 135,112,97 120,106,90 108,92,79 98,75,72 184,157,112 171,150,80 167,155,98 222,206,175 235,218,181 235,218,181 219,202,167 196,179,151 170,157,134 133,129,112 124,114,102 97,89,76 126,109,85 82,76,71 87,85,83 86,84,82 84,80,74 155,145,123 148,135,114 67,51,38 70,49,26 214,195,158 211,193,151 211,194,170 45,32,11 138,76,0 95,64,43 122,68,0 96,62,21 98,61,6 91,69,35 55,50,52 68,68,68 72,69,75 99,86,83
51,53,27 56,59,26 54,57,22 57,49,38 107,92,81 119,105,89 104,90,74 55,50,47 45,42,46 97,85,75 113,98,87 108,92,75 119,98,83 118,97,84 126,106,88 112,93,77 124,105,91 140,117,102 160,149,146 78,71,74 87,77,81 117,105,95 119,100,84 116,97,81 121,103,84 184,165,99 168,143,17 154,136,36 180,156,23 179,163,20 148,143,30 152,140,72 207,188,151 204,187,150 219,197,161 204,182,148 197,177,147 156,138,117 135,121,105 120,106,92 190,169,126 221,191,145 122,99,70 110,91,68 116,99,75 101,86,66 107,93,79 104,90,76 84,55,35 180,157,128 233,216,165 242,227,180 61,35,10 57,33,7 90,60,32 91,60,23 110,64,9 102,67,40 114,82,40 77,48,26 87,58,25 183,154,119 205,171,139 201,167,137
157,123,91 170,135,97 88,68,48 112,95,85 123,106,96 114,98,85 125,105,87 116,100,83 52,42,41 72,60,65 126,107,95 130,109,96 125,104,93 112,92,83 125,106,90 123,102,87 139,116,101 163,143,134 123,115,121 115,107,115 130,118,130 128,117,126 192,175,167 154,132,112 112,93,77 209,180,106 121,93,25 110,88,12 185,167,36 180,160,44 133,126,29 99,91,28 181,161,129 189,167,133 179,154,124 157,133,98 154,127,95 143,115,86 146,125,98 46,32,32 118,99,83 233,208,164 138,109,76 129,102,66 129,102,70 129,105,72 116,102,75 49,28,13 68,48,28 251,229,182 227,206,163 58,42,25 58,32,11 178,146,116 194,161,122 113,61,13 85,53,23 92,52,0 111,64,3 96,62,40 101,59,0 87,60,26 251,212,169 189,159,133
174,155,128 150,135,113 99,85,71 124,108,91 117,100,92 115,101,85 122,107,87 134,114,96 105,90,79 59,60,63 76,63,71 125,110,99 88,78,79 58,51,54 92,81,76 150,127,112 148,128,108 119,103,101 119,106,116 186,160,135 177,151,126 196,167,136 157,138,113 209,182,164 238,213,210 170,147,136 148,123,120 172,153,60 100,76,23 195,170,56 91,83,18 82,78,18 153,134,107 141,117,91 133,110,81 92,77,41 53,51,33 42,45,10 56,56,15 43,30,27 40,28,28 61,49,39 196,179,132 131,102,69 133,106,74 115,91,65 55,35,26 57,41,39 229,212,177 230,208,172 67,41,20 47,28,14 43,31,19 150,136,122 152,127,97 175,138,96 194,146,99 126,73,9 96,63,36 114,63,0 118,66,4 95,66,35 31,21,11 13,10,16
186,157,126 138,118,86 106,92,76 137,120,96 128,114,98 122,105,95 120,104,91 108,94,80 85,78,76 66,63,67 70,64,71 70,64,69 78,73,75 75,69,76 62,59,63 153,131,125 143,122,109 122,106,93 143,126,127 194,160,119 166,141,113 130,104,81 125,103,83 100,85,74 225,202,191 183,152,144 138,111,106 110,87,18 151,124,49 124,104,16 209,187,140 108,85,56 126,108,89 91,77,59 72,63,18 47,44,20 66,66,23 55,54,29 61,56,24 48,47,36 55,50,47 53,48,50 43,38,37 143,119,95 51,34,24 74,62,64 74,77,88 244,228,195 163,133,91 157,94,20 136,81,0 97,67,21 47,33,15 67,56,53 102,87,76 129,110,96 181,151,125 170,147,118 115,71,33 102,61,14 90,53,27 106,70,12 37,26,23 19,12,15
161,145,112 94,78,63 166,146,128 141,120,95 150,132,113 117,106,91 103,91,81 87,77,81 72,66,73 94,84,88 95,85,86 92,87,89 89,82,85 76,70,77 77,71,76 64,59,61 109,97,97 105,94,91 66,59,62 70,65,67 72,66,71 73,70,74 82,74,82 62,60,61 111,89,69 144,117,112 86,70,57 80,72,48 170,140,28 88,71,20 91,87,81 80,69,52 126,108,87 118,99,76 93,78,17 105,88,0 116,95,12 153,133,43 74,68,20 64,55,28 190,166,129 209,181,143 87,78,72 80,89,100 77,82,90 85,83,91 167,140,106 129,75,0 140,81,6 123,72,17 115,68,5 104,68,37 94,67,33 71,55,49 71,51,44 66,44,36 39,29,30 82,80,81 90,90,90 86,86,86 90,83,86 42,14,1 24,14,13 82,66,62
216,199,173 105,90,79 175,146,113 171,146,118 96,85,80 97,85,75 76,71,68 76,70,75 105,93,95 122,110,110 116,109,112 105,98,110 97,90,100 66,58,64 61,49,49 67,61,66 60,57,61 96,86,87 70,57,50 115,95,77 129,110,98 74,68,75 85,73,75 162,147,127 248,218,190 215,181,149 196,149,115 229,184,138 216,175,126 145,121,97 106,94,82 94,87,90 75,73,74 73,67,62 87,75,65 101,87,69 100,81,65 76,68,46 82,78,70 76,69,67 75,73,71 73,74,79 69,67,68 82,78,87 48,47,50 54,55,74 184,113,22 125,82,33 145,106,49 103,70,33 122,73,0 68,49,37 18,12,17 63,45,40 69,52,42 73,46,39 110,72,55 47,31,29 76,71,70 76,74,70 72,67,66 74,71,75 70,63,61 57,42,31
46,35,32 49,39,38 198,165,128 174,139,112 125,113,101 122,105,95 114,101,94 104,94,98 161,140,117 79,63,59 74,69,71 105,86,74 174,139,103 214,181,142 65,48,24 119,98,73 164,129,102 169,130,100 185,151,119 170,137,110 180,151,120 167,133,103 178,144,114 182,150,118 255,227,197 202,167,140 186,151,124 242,205,179 209,173,142 225,178,155 186,152,120 220,188,158 209,167,129 235,193,151 251,214,174 236,203,164 243,205,168 227,189,154 215,176,144 220,175,140 216,180,147 172,143,121 101,90,85 66,62,71 50,48,58 41,45,47 48,47,50 76,53,24 77,51,12 86,59,27 88,54,9 86,57,35 15,8,11 46,33,30 71,54,46 74,52,44 127,86,70 88,57,45 176,135,106 193,154,124 218,177,148 188,155,118 201,169,127 191,162,127
65,56,52 60,49,44 82,76,71 97,88,84 138,128,118 154,130,106 183,151,119 189,165,139 128,114,100 91,75,58 87,77,65 124,112,100 192,171,146 173,150,119 180,146,112 182,153,118 213,182,143 192,165,131 190,163,131 205,173,141 203,169,135 198,169,134 211,176,138 200,170,126 215,189,148 213,190,148 198,169,136 229,202,170 200,167,140 200,167,140 213,177,146 209,175,141 195,165,139 165,134,111 161,132,112 251,217,187 217,193,160 207,175,141 188,153,126 174,149,121 210,189,164 178,159,134 159,130,106 115,93,73 181,153,126 193,157,128 205,183,149 169,158,139 127,116,101 147,136,121 131,119,109 81,70,65 26,24,20 33,30,36 45,32,29 59,44,33 90,58,44 61,41,32 75,68,68 88,71,63 211,165,135 242,203,162 218,179,136 195,156,124
208,190,169 149,136,129 179,148,127 162,145,137 189,161,134 208,178,150 201,172,141 200,164,131 227,178,140 216,172,132 197,166,129 255,224,192 248,215,176 226,189,145 226,192,158 175,147,118 239,208,169 211,180,141 177,142,115 197,162,135 190,156,124 194,158,125 192,159,122 185,153,119 174,142,110 203,171,141 201,172,141 194,167,135 190,163,127 234,217,189 186,158,129 201,178,149 200,172,143 203,175,148 174,149,119 188,157,134 208,179,157 186,162,129 159,145,120 144,125,102 186,167,142 161,147,131 126,109,83 144,126,96 147,127,97 146,125,100 119,102,78 205,173,141 182,154,127 216,187,163 191,172,149 187,158,136 166,142,118 141,117,91 170,144,121 79,59,41 77,45,40 39,21,20 64,64,61 83,82,85 133,108,89 198,171,139 189,157,127 196,161,123
204,169,131 188,158,132 235,203,173 172,145,113 166,143,112 184,161,132 204,175,144 189,162,130 204,175,142 216,187,152 214,187,155 215,184,147 215,188,143 231,205,164 231,188,139 227,193,159 195,150,115 219,187,153 202,178,145 195,168,134 202,168,134 192,158,124 218,179,147 200,164,131 205,177,137 218,190,150 209,171,125 166,142,107 187,158,127 178,156,118 193,160,123 177,142,106 187,160,128 169,139,113 191,161,135 196,170,145 182,154,127 190,167,136 181,156,128 176,147,123 172,144,115 178,152,129 157,134,105 189,161,132 187,157,129 203,173,145 225,196,165 187,158,134 193,180,159 146,133,112 141,127,109 136,117,92 109,98,81 125,108,84 141,115,90 165,137,110 154,133,106 147,136,121 162,153,145 142,128,114 186,149,109 190,156,122 223,185,150 234,190,150
164,129,102 198,163,136 197,168,135 182,150,118 194,160,126 160,124,95 156,124,94 168,135,108 186,154,124 202,173,140 223,195,166 220,186,152 212,180,146 214,181,142 255,234,194 226,188,151 188,158,130 191,161,133 255,233,208 215,189,164 208,179,146 178,151,115 192,160,130 193,159,127 167,135,103 159,130,99 219,185,155 205,165,131 213,178,142 191,152,120 183,157,116 183,154,123 194,154,118 195,159,128 206,173,146 169,140,116 172,144,117 176,151,121 158,132,107 181,152,128 193,163,135 184,152,122 185,153,123 187,153,123 172,142,114 171,139,107 201,170,131 180,152,114 186,153,116 190,155,128 191,160,139 139,121,102 184,167,157 148,135,103 159,131,104 181,145,112 201,174,140 189,161,134 180,156,123 205,177,150 185,160,130 174,143,122 118,99,76 157,136,111