65,73,52 61,81,65 58,69,54 41,52,37 54,72,59 45,56,41 50,62,42 47,57,35 137,150,109 64,78,57 57,75,62 52,64,44 77,92,68 82,101,81 54,71,61 53,83,66 75,107,106 79,111,110 75,107,106 79,112,106 95,134,118 79,118,105 92,129,124 86,120,116 91,124,118 73,107,103 66,101,94 98,137,124 90,120,113 72,104,103 70,95,92 71,98,99 65,92,91 70,98,92 93,128,119 85,117,114 69,96,97 69,96,97 68,97,97 69,101,83 73,102,102 84,121,86 81,96,70 75,99,86 72,78,51 142,202,239 57,62,40 49,55,28 106,115,71 50,55,31 68,84,53 59,62,42 70,77,61 57,71,50 50,60,34 59,68,49 66,76,54 53,64,35 44,56,36 90,102,82 53,67,46 63,80,54 62,67,43 66,77,48
78,89,76 93,118,115 60,79,59 74,91,86 67,84,76 55,66,51 51,62,47 49,59,37 77,88,57 56,64,39 88,92,63 78,89,47 63,78,54 55,74,54 49,66,56 69,98,89 74,106,105 68,100,99 71,103,102 106,139,133 71,108,103 78,117,104 72,109,104 78,112,108 75,108,102 64,98,94 69,99,94 77,104,86 77,99,73 78,97,77 59,77,60 63,90,91 67,94,93 80,108,102 77,102,97 56,76,77 64,93,95 67,97,90 74,102,96 101,129,104 84,113,81 72,99,58 54,69,43 70,89,67 60,80,64 63,73,49 59,72,47 59,65,38 73,79,52 106,112,85 58,74,43 57,62,42 93,115,127 60,79,70 90,114,118 88,103,89 83,93,71 61,71,49 72,84,64 59,73,52 46,60,39 61,71,47 61,71,45 64,80,59
38,56,43 70,82,75 74,102,96 45,60,48 43,49,40 46,55,36 39,51,33 36,45,28 46,55,36 63,68,48 41,48,30 50,58,35 63,77,58 50,65,51 57,70,54 51,77,66 83,106,91 57,75,62 75,92,84 72,95,90 80,116,101 77,110,102 91,126,117 65,100,93 62,96,92 67,96,94 64,89,69 75,96,75 77,95,78 75,90,78 62,71,54 83,96,73 70,85,71 76,90,83 62,79,71 72,84,75 65,88,83 48,67,56 91,119,82 74,99,68 68,85,57 61,70,53 54,67,51 50,63,40 69,81,61 50,62,44 74,88,69 55,74,54 53,63,41 41,51,29 115,118,85 54,58,29 54,68,59 43,59,40 46,59,43 66,90,79 78,96,81 75,94,85 81,101,85 78,94,75 63,77,58 58,70,50 54,67,44 51,64,37
48,54,41 36,50,31 38,48,40 43,56,42 74,84,62 48,58,36 44,50,37 53,62,43 64,73,54 76,80,53 63,71,48 48,55,37 55,68,45 55,65,41 43,52,33 54,68,49 91,106,92 58,71,46 50,66,45 71,88,64 74,90,88 87,82,70 82,98,96 67,94,93 86,108,96 62,80,67 59,78,58 61,77,56 80,93,70 80,89,70 62,74,54 69,81,61 66,80,59 67,85,68 63,72,55 52,66,47 66,80,61 70,80,54 66,81,53 65,79,58 59,74,50 58,73,49 45,59,40 62,74,54 58,70,50 73,81,67 50,63,36 51,48,33 41,50,31 33,47,38 56,58,32 45,57,37 43,55,37 51,63,43 56,70,51 67,86,77 47,64,59 75,90,78 36,47,34 46,58,40 57,71,52 76,102,94 55,67,47 51,64,39
42,49,33 48,55,39 43,52,35 54,68,61 48,71,66 46,49,27 42,49,33 41,50,31 49,58,39 39,48,29 72,84,66 43,52,33 57,72,56 47,63,44 72,88,69 154,133,118 71,83,65 49,63,44 54,67,44 67,90,75 117,92,73 95,82,79 54,72,59 52,64,46 59,71,53 47,60,48 45,57,39 57,69,49 64,73,54 52,66,47 43,57,38 61,75,56 62,63,42 52,56,39 52,61,42 51,63,45 63,71,46 74,82,59 70,84,63 52,64,44 61,77,58 53,62,34 74,87,73 70,86,67 67,87,58 61,74,49 33,46,32 46,54,33 45,59,40 60,74,55 55,67,47 57,70,54 66,80,61 33,45,27 61,76,60 63,78,66 39,53,34 42,61,39 54,69,55 50,59,42 65,80,56 75,78,58 60,73,48 52,62,38
41,50,33 43,52,35 53,64,51 49,62,50 49,57,47 43,54,39 35,43,31 38,46,34 45,53,39 54,66,48 45,57,39 51,62,47 49,63,44 59,74,62 59,79,63 88,75,70 93,87,80 58,66,45 60,73,50 43,55,35 205,179,156 70,64,59 63,71,59 57,64,46 55,64,47 51,57,44 63,72,53 47,56,37 59,72,58 52,65,53 55,66,53 63,69,42 74,79,59 45,54,35 46,53,35 52,61,44 48,57,40 63,79,60 81,96,82 89,91,45 136,136,21 133,133,22 66,77,46 56,76,47 38,56,41 61,76,62 36,50,31 38,53,29 38,54,35 47,66,44 58,72,51 42,55,39 52,70,55 48,60,42 49,64,48 46,58,38 53,62,45 64,82,67 76,81,61 64,79,63 49,54,34 49,59,37 63,78,54 55,71,52
63,67,71 71,74,81 40,47,40 44,55,44 47,56,39 49,57,43 48,56,44 33,41,29 50,58,44 36,49,35 54,67,53 72,85,71 70,83,67 44,58,39 57,68,53 57,63,54 127,110,102 53,54,46 46,53,35 55,63,49 126,103,90 58,59,49 72,87,63 49,58,41 78,85,67 54,67,44 53,65,45 54,63,46 46,58,40 54,69,55 51,66,54 56,69,55 54,68,49 56,66,44 42,56,35 41,49,35 52,61,44 46,52,39 144,142,84 210,179,60 177,150,18 143,125,9 97,98,19 124,90,20 56,63,45 36,49,33 48,57,38 41,50,31 64,78,59 41,57,36 38,47,30 64,77,63 50,61,46 38,49,34 43,55,35 55,66,51 60,72,52 38,52,33 46,57,42 53,62,43 62,67,45 34,46,28 33,46,32 34,43,24
55,58,65 62,65,72 74,73,78 66,71,77 43,52,33 35,42,35 40,49,32 35,44,27 42,50,36 53,62,45 35,43,29 43,55,37 43,56,40 71,84,68 39,48,29 43,51,39 82,76,69 94,81,76 49,58,39 72,68,60 142,126,124 61,72,59 44,57,45 57,69,49 62,69,51 58,65,49 47,55,41 41,49,37 38,46,34 54,65,50 50,65,49 48,57,40 61,70,53 49,56,38 53,63,41 52,61,42 167,142,42 74,75,56 194,175,22 195,175,45 159,145,21 139,127,16 120,111,12 144,124,45 57,68,57 58,77,68 57,64,46 37,49,31 45,61,42 44,56,38 38,47,30 48,57,40 40,54,33 46,58,40 33,46,32 32,45,31 67,80,68 87,102,88 56,63,45 47,56,39 46,55,38 41,49,39 54,63,44 31,44,30
54,51,55 58,55,59 74,72,80 82,90,97 66,73,71 35,43,33 41,50,33 38,47,30 36,45,28 41,50,33 38,46,34 43,51,37 41,53,35 50,68,55 51,62,47 41,52,37 45,53,39 120,109,94 32,32,29 26,19,22 33,28,25 51,54,44 52,63,50 44,50,37 38,50,32 47,54,36 48,56,42 44,50,37 41,48,32 42,50,38 45,53,39 63,72,53 47,54,38 42,49,33 59,67,53 38,47,28 100,95,52 171,147,44 154,129,1 174,157,19 120,106,9 113,104,19 122,113,16 81,77,15 63,75,28 58,81,62 89,91,49 39,52,36 47,56,39 40,49,32 36,44,34 40,48,34 43,52,35 48,57,38 37,49,29 50,54,37 39,51,33 37,48,33 40,47,29 47,54,38 46,55,38 50,62,42 54,68,49 69,80,65
72,67,69 67,62,64 66,62,71 64,67,78 74,78,91 46,52,55 45,54,37 40,49,30 45,54,37 43,51,37 35,43,29 50,58,46 53,64,49 44,59,45 47,60,46 47,59,41 47,61,42 56,63,47 75,60,49 111,92,80 110,94,77 89,68,57 58,63,41 48,56,35 41,50,31 65,73,52 74,83,55 33,41,29 39,47,33 47,55,43 53,61,47 43,50,32 34,43,26 41,50,33 83,88,64 43,56,42 52,65,51 155,143,18 154,125,6 172,145,59 128,102,22 170,138,22 143,122,11 92,86,20 79,79,20 64,74,23 43,49,36 40,52,34 45,53,39 38,48,26 43,54,41 34,45,30 40,48,36 45,54,35 39,48,31 40,49,32 31,42,27 46,58,40 60,71,42 53,62,43 67,76,57 45,59,40 37,51,32 54,63,44
64,59,61 70,63,66 67,64,68 61,59,67 72,75,84 83,86,95 35,42,26 46,55,38 59,68,51 48,57,40 40,48,36 48,56,42 49,57,43 40,49,32 58,70,52 59,69,47 68,76,53 41,48,30 119,94,75 91,75,62 67,57,47 79,67,69 56,64,43 69,72,50 56,61,39 58,66,45 53,63,41 44,56,38 53,61,47 47,56,39 36,47,34 59,68,51 60,69,50 42,51,32 43,55,37 47,60,46 43,51,37 184,150,76 209,179,50 161,128,31 176,141,33 188,153,19 125,104,5 99,89,20 82,80,18 73,82,24 62,79,32 34,35,38 28,36,24 39,48,31 32,44,26 37,50,34 42,51,34 55,64,45 39,50,37 38,47,30 39,48,29 39,51,33 61,70,51 46,58,38 52,61,42 42,51,34 40,49,30 53,62,43
66,71,79 69,74,82 70,71,76 73,69,78 74,72,80 90,93,100 44,50,41 33,41,29 55,61,48 48,55,37 47,53,40 36,45,28 47,56,39 49,58,41 52,61,44 50,57,41 60,67,49 37,43,30 139,110,86 166,140,119 158,139,127 142,126,111 80,69,62 46,56,34 43,51,30 47,59,41 72,80,55 68,77,58 55,63,51 36,44,30 40,48,38 44,55,42 36,44,34 38,46,36 48,57,40 54,63,44 74,65,46 195,176,12 173,146,33 133,111,33 201,167,37 187,146,16 126,104,10 106,93,18 98,91,21 82,80,18 72,74,17 67,72,66 42,39,43 73,63,51 50,39,34 43,39,29 51,65,46 57,67,45 65,68,44 45,54,35 30,37,21 42,51,34 41,57,38 37,48,33 50,62,42 35,48,32 48,57,38 50,62,42
101,101,109 68,75,87 60,67,79 83,82,87 67,65,75 80,80,88 72,76,80 34,42,32 78,84,55 88,90,62 41,48,30 33,41,27 39,47,33 48,57,38 39,48,31 43,50,34 47,56,37 50,52,35 136,107,85 165,139,116 165,140,121 158,134,112 167,138,118 240,209,188 155,147,134 43,50,34 48,58,36 53,63,41 49,58,41 43,52,35 47,56,39 36,44,32 52,56,41 45,49,34 53,61,49 34,43,26 79,53,32 130,103,42 148,112,13 131,100,0 177,147,20 164,133,14 141,120,9 125,105,17 101,92,16 98,86,18 73,70,19 64,49,38 94,74,54 118,87,64 190,190,174 145,146,136 52,66,45 42,50,25 40,52,32 55,71,52 61,71,49 75,90,76 65,73,52 52,66,47 44,58,39 50,66,47 43,52,33 52,61,42
71,77,80 59,65,68 73,80,92 74,83,96 89,92,110 68,65,69 74,73,78 33,40,33 59,72,49 62,71,52 66,82,61 43,52,35 54,69,43 69,72,52 69,73,44 71,80,61 47,57,35 44,52,31 153,119,97 161,132,110 168,139,115 162,137,109 239,206,195 135,100,85 160,139,139 53,62,45 47,59,39 49,58,39 38,47,30 70,80,54 57,67,45 82,90,65 85,88,66 61,63,46 40,49,30 56,55,30 116,88,59 105,73,43 224,199,43 213,181,39 126,102,20 143,118,20 188,167,24 132,113,18 109,94,15 94,83,10 91,88,64 83,68,48 110,89,62 93,79,61 203,191,161 180,171,152 97,105,114 39,52,40 38,50,32 37,51,30 45,57,39 36,49,33 82,96,75 46,65,45 62,78,59 46,64,47 68,77,49 45,58,35
56,61,67 64,69,75 53,61,68 67,76,89 66,76,92 69,64,63 70,67,71 34,41,34 63,71,48 69,74,52 209,191,159 203,171,129 195,164,125 217,189,160 183,169,142 53,58,36 45,55,33 39,46,28 145,124,99 157,128,104 171,143,116 161,133,106 241,209,195 197,164,153 105,83,77 52,60,46 54,63,44 77,85,62 64,74,50 74,89,61 60,69,50 49,58,39 54,66,48 33,45,27 35,44,27 179,171,137 107,81,56 105,78,44 169,156,54 202,185,20 165,148,12 152,130,13 173,154,17 130,111,16 113,98,10 89,77,18 70,58,32 104,83,58 85,67,46 98,89,74 212,202,164 186,179,150 108,113,112 90,98,105 41,50,33 36,48,30 48,63,47 41,57,38 59,73,54 49,68,48 64,83,61 52,67,55 42,56,37 50,55,33
80,85,91 71,76,82 52,62,66 59,66,80 80,87,101 74,81,95 71,66,68 35,42,40 86,75,72 77,68,64 80,66,66 71,65,70 84,74,73 212,180,148 193,163,137 160,130,102 170,152,131 73,86,59 143,117,92 151,122,91 154,126,99 173,144,120 146,115,96 158,127,115 105,90,81 55,64,45 49,59,37 57,67,45 55,65,43 39,51,31 61,75,54 61,72,59 47,55,45 38,46,36 48,59,48 161,152,125 94,69,39 103,75,48 100,76,41 212,190,25 213,187,36 174,149,23 146,124,9 127,106,9 105,91,21 157,143,114 69,54,32 75,57,38 80,66,50 83,77,68 201,188,156 201,187,160 140,141,129 92,96,98 50,60,38 44,58,39 42,60,43 54,68,49 52,65,49 49,65,46 43,60,32 54,69,53 82,93,62 73,80,48
68,74,93 74,80,99 61,69,85 67,76,89 74,79,87 57,60,71 66,66,78 87,79,85 85,75,74 70,61,55 75,68,68 63,58,60 66,63,67 69,68,71 62,59,63 72,72,72 123,115,102 106,97,89 149,118,95 177,141,108 200,172,145 71,63,50 218,210,186 201,171,154 49,45,35 48,58,34 59,69,45 54,64,38 55,64,45 59,64,42 74,79,55 117,110,92 58,64,53 38,51,35 43,54,43 65,63,43 211,190,149 96,68,39 91,66,38 182,165,118 172,154,56 135,121,37 107,95,15 113,97,41 216,197,160 70,51,24 74,58,41 77,62,40 63,49,33 86,78,67 198,185,153 202,186,155 171,163,139 105,104,97 84,88,92 40,51,38 30,41,26 37,48,33 43,57,36 51,64,48 94,112,79 109,128,90 99,111,75 66,83,57
81,87,104 82,88,109 80,86,103 74,82,91 78,82,97 63,68,78 83,88,98 84,77,75 75,68,68 76,69,67 88,86,87 75,70,67 89,84,86 65,58,61 79,69,68 75,72,78 60,57,61 120,108,96 169,137,107 249,208,181 153,134,122 63,69,56 93,103,81 83,88,66 33,43,37 66,71,47 82,87,55 65,68,44 87,93,64 43,53,45 78,81,57 173,152,127 93,78,67 60,71,58 66,77,64 57,65,53 216,195,152 115,87,58 104,75,51 108,87,60 220,197,157 209,188,136 188,171,122 122,101,76 76,58,39 58,42,27 61,47,33 69,53,38 72,57,48 96,84,74 205,192,160 203,188,150 182,170,144 139,132,116 98,100,97 55,62,57 47,56,56 42,54,47 40,51,50 120,137,99 91,109,76 53,66,43 57,67,41 47,57,35
94,100,121 89,95,116 80,91,104 83,89,108 93,99,116 85,88,99 69,72,81 90,83,83 70,63,63 78,69,65 80,71,65 74,65,61 71,62,58 74,65,61 70,60,59 73,62,59 103,94,79 147,118,94 204,171,144 255,233,200 143,125,124 69,64,61 67,72,48 85,91,64 59,68,24 51,56,36 56,65,46 48,58,50 59,69,63 72,73,65 91,83,70 163,144,109 142,123,86 170,151,114 178,156,120 133,118,82 234,214,168 92,67,39 94,65,41 104,75,53 75,60,49 67,58,54 46,29,19 81,62,46 98,78,58 67,51,36 73,54,38 77,61,44 40,27,22 44,32,32 138,123,101 219,203,161 197,185,148 208,194,167 143,140,127 98,104,105 98,103,83 111,113,98 77,78,59 63,72,53 71,78,62 58,53,39 42,47,41 44,48,33
81,87,104 93,99,116 81,86,110 96,102,121 86,92,109 76,79,90 60,63,72 86,84,82 97,90,90 85,76,72 82,73,67 86,77,73 82,73,69 65,56,52 86,77,73 137,121,108 126,117,100 151,126,107 219,186,161 255,241,207 161,146,137 77,71,66 83,76,76 36,44,32 46,58,40 38,53,29 46,56,32 67,80,53 60,66,37 58,63,31 51,60,32 79,88,44 73,82,36 77,86,40 76,82,43 100,93,62 227,210,163 83,64,29 98,77,52 91,69,49 83,72,55 233,215,171 164,148,117 94,76,46 64,50,36 80,67,44 66,50,33 71,56,45 60,48,38 44,35,31 80,65,54 218,200,156 221,206,168 218,206,169 166,158,136 157,157,141 166,144,106 183,155,117 180,152,114 147,118,87 150,131,104 152,131,104 153,132,107 168,152,135
79,81,95 62,64,78 75,78,87 76,79,88 79,83,87 50,50,47 44,49,45 53,55,52 97,90,88 73,68,56 71,64,48 85,76,59 74,65,57 66,60,51 67,64,51 159,140,113 194,175,150 194,172,138 218,187,150 255,234,204 151,135,131 86,81,83 101,95,102 39,50,39 53,64,53 62,73,58 67,74,69 69,77,67 81,80,71 121,114,96 141,130,111 179,161,142 185,162,133 205,178,146 234,193,162 222,189,162 233,215,171 181,164,129 231,213,171 163,141,107 148,129,90 250,229,175 229,214,163 227,209,165 76,55,44 78,62,45 69,54,43 63,51,41 58,48,38 63,57,50 78,74,68 221,208,160 218,202,158 241,226,188 216,202,173 195,189,166 108,120,128 176,148,110 186,153,114 181,147,106 204,170,129 194,159,121 201,169,125 204,166,131
76,78,73 64,66,61 58,59,49 60,63,43 44,47,25 49,52,19 68,73,30 60,59,32 58,57,32 56,61,41 74,75,67 68,68,25 86,87,37 89,88,34 107,97,59 202,178,152 188,172,155 172,153,139 222,192,164 220,186,156 154,138,136 88,85,89 100,94,101 172,158,140 150,135,126 116,106,96 101,91,90 114,99,90 117,108,93 133,119,105 110,91,77 104,92,80 106,97,89 85,72,65 86,74,74 96,84,74 236,219,180 185,166,127 237,219,175 240,217,159 247,227,168 241,223,161 241,221,171 214,193,141 199,177,128 200,183,136 186,171,135 169,157,127 139,128,111 84,83,72 74,74,69 80,75,61 234,216,174 226,214,175 230,217,185 206,200,175 94,102,109 134,128,121 155,144,129 208,195,172 217,207,185 208,192,161 182,168,154 197,183,165
62,61,23 86,85,47 74,77,46 81,83,39 70,73,22 86,90,36 81,84,35 64,66,20 84,87,36 45,49,9 60,61,38 71,71,28 88,86,39 66,69,34 140,119,94 236,212,186 122,117,105 107,92,81 217,185,155 235,200,173 140,124,120 70,64,71 92,87,75 164,145,106 146,127,113 127,117,118 96,94,95 135,126,111 184,166,145 162,141,118 150,129,102 123,109,91 103,90,83 85,79,74 72,70,78 87,78,74 223,205,163 199,184,146 157,142,104 240,220,159 255,241,178 240,217,157 241,220,166 230,210,162 216,199,152 210,195,159 199,186,152 187,170,142 156,147,120 169,156,133 112,114,99 77,78,83 233,215,173 235,223,186 211,200,167 174,167,147 93,98,97 98,94,86 116,115,118 186,171,151 191,178,155 193,175,154 168,153,133 196,172,137
65,64,26 66,65,27 69,71,27 72,75,24 63,68,23 49,52,17 67,70,35 67,72,25 73,79,27 81,83,37 61,66,23 73,78,33 65,66,27 94,95,58 151,120,99 196,175,152 74,64,63 162,146,129 224,188,159 233,199,177 129,117,119 70,67,73 209,191,170 161,131,105 190,157,130 193,166,134 207,171,138 145,124,97 70,57,50 98,84,68 122,106,89 99,87,77 120,109,90 76,69,72 76,74,75 81,80,83 221,205,163 182,169,135 133,119,94 237,216,160 249,229,168 228,205,147 244,227,176 231,213,171 211,194,147 205,188,149 185,168,131 186,172,145 161,152,133 131,129,111 101,97,80 78,74,57 212,191,148 209,194,156 195,182,150 171,162,145 88,86,84 60,55,52 65,65,73 178,161,137 195,173,139 167,150,115 212,192,160 189,163,124
58,61,28 67,70,37 56,59,24 73,77,37 60,65,31 73,79,40 53,54,17 55,62,18 80,87,39 75,81,31 87,92,45 97,106,48 90,93,42 117,96,73 144,120,98 127,107,89 202,174,145 212,182,154 224,191,166 179,158,143 106,100,105 81,75,82 179,159,139 184,151,112 191,154,114 202,167,129 208,180,140 74,61,56 91,81,85 64,54,55 63,53,54 72,62,63 61,51,52 78,68,69 68,58,59 62,50,50 225,210,161 171,157,128 97,88,69 72,58,33 232,213,156 238,215,157 233,212,156 227,210,161 204,190,145 202,183,144 175,157,115 172,160,132 166,152,125 130,120,98 86,78,65 66,59,41 183,169,56 179,165,68 155,138,103 130,121,104 91,83,70 87,81,74 101,97,91 164,135,111 183,161,125 233,206,172 174,150,113 189,167,133
58,55,29 65,64,26 61,59,26 97,100,51 128,132,78 97,89,39 174,151,111 73,78,35 84,89,42 75,80,35 63,68,21 74,77,28 82,79,35 111,93,72 152,132,112 174,144,116 223,192,173 223,192,169 163,138,119 92,85,88 105,99,106 88,82,89 167,143,108 191,159,127 175,148,116 169,142,110 205,176,143 78,64,64 56,46,50 59,49,50 42,32,33 47,37,38 43,33,34 43,33,34 63,53,54 51,42,38 221,199,150 153,110,50 183,164,137 166,156,134 195,178,139 222,201,145 225,200,141 195,176,119 200,182,138 198,182,140 167,150,115 133,120,99 128,117,98 101,92,73 76,65,48 88,83,0 188,179,23 183,173,22 159,144,25 118,115,32 93,85,74 207,180,146 193,162,125 190,157,120 198,163,127 201,173,135 205,174,135 205,179,140
147,120,86 142,116,91 150,146,136 82,72,62 103,96,78 185,176,149 172,160,134 174,142,108 177,149,111 196,159,115 195,163,119 201,167,126 203,171,125 97,79,60 134,113,102 110,94,81 216,187,165 178,153,134 119,107,107 106,99,102 89,79,83 94,86,94 220,192,152 233,203,161 191,160,121 198,166,132 155,129,90 183,161,116 60,48,48 65,55,56 43,33,34 46,36,35 53,43,44 44,34,35 55,44,41 151,149,30 121,75,9 109,70,9 103,53,0 179,165,136 167,160,131 191,179,153 206,182,120 210,184,130 179,159,113 161,143,99 154,137,111 111,102,85 108,95,74 101,87,73 66,65,68 179,171,6 195,179,34 189,175,34 159,150,24 122,116,23 71,76,42 47,43,26 43,38,35 109,94,74 201,172,141 131,91,68 81,53,42 37,25,27
191,161,133 186,157,126 163,132,93 194,156,119 163,139,106 213,176,134 180,154,115 195,167,127 212,189,160 214,194,164 202,176,137 203,175,135 203,176,133 81,72,57 123,111,101 130,109,96 163,148,137 96,82,82 99,89,93 99,89,93 99,94,96 192,167,148 86,74,88 91,93,90 89,91,91 96,99,91 88,86,87 73,75,75 54,45,39 42,33,29 46,37,33 47,37,36 51,40,35 110,97,6 191,171,23 155,134,35 138,102,51 119,66,9 86,47,0 63,33,0 104,104,99 66,66,63 93,77,60 145,121,86 130,107,78 123,105,75 108,95,72 56,40,27 39,34,31 43,51,56 195,168,84 207,180,25 181,156,26 194,164,28 171,150,26 110,100,20 102,102,32 42,33,29 72,51,40 64,48,35 95,65,50 45,29,23 26,14,14 30,20,19
173,144,111 203,174,141 223,188,152 234,195,156 227,193,152 236,211,165 178,146,102 239,200,159 186,154,112 241,207,162 208,175,125 167,133,92 195,161,116 169,140,105 88,82,87 181,147,117 102,79,76 80,69,64 55,48,46 51,46,48 64,64,64 169,156,149 60,46,48 81,79,77 80,80,77 83,83,78 80,80,77 79,77,75 79,74,71 72,68,62 82,87,81 91,86,74 176,157,75 150,128,22 141,124,28 86,68,8 123,79,41 100,66,34 111,72,31 140,71,0 71,50,23 100,102,99 134,127,109 213,190,150 76,56,26 54,33,18 55,43,31 66,63,67 81,82,63 188,170,126 217,187,47 197,173,22 186,157,12 158,126,14 179,150,16 95,77,15 91,82,26 24,15,11 74,51,38 65,44,33 49,33,27 26,17,13 30,19,16 32,28,20
162,133,100 179,150,117 187,152,116 199,163,130 170,137,98 196,158,121 202,176,137 167,143,110 186,153,114 148,116,84 164,128,95 194,155,116 230,192,157 210,160,116 66,49,41 94,80,64 129,113,82 221,187,153 234,200,155 214,182,136 208,175,123 182,155,110 185,155,113 210,180,136 195,168,125 207,169,123 213,181,137 213,186,143 190,156,124 220,191,142 215,190,133 222,197,151 218,188,146 198,166,122 236,203,153 80,41,29 24,12,14 22,12,16 27,20,23 30,20,19 43,24,10 49,35,21 140,143,123 156,147,116 212,200,159 220,205,165 222,210,169 206,194,153 75,67,54 67,58,50 174,140,10 174,140,36 205,179,28 103,86,8 166,139,22 92,72,11 85,78,35 57,42,33 72,51,38 78,55,44 33,20,15 33,21,21 98,94,88 98,98,93
184,156,118 191,163,125 193,160,121 182,151,114 158,127,90 175,149,110 187,160,117 183,156,122 173,144,109 197,166,129 205,173,131 199,160,121 187,152,116 191,157,116 129,107,73 145,118,82 183,149,115 216,182,148 193,157,124 199,170,137 249,218,181 223,188,150 185,152,104 243,200,155 233,193,141 213,174,131 215,179,130 240,202,152 219,181,135 212,180,134 200,177,137 203,180,140 196,168,130 202,174,136 209,190,137 47,34,31 19,12,12 26,16,17 29,19,20 26,16,17 30,20,24 29,19,20 33,23,24 54,45,41 180,169,150 190,183,154 75,68,52 21,19,20 25,22,26 25,20,22 46,35,30 131,109,33 183,150,15 106,82,16 121,101,13 44,39,27 66,45,32 65,49,34 82,54,41 60,43,35 42,29,26 77,75,71 71,73,68 85,84,89
179,147,117 181,153,124 219,191,151 215,187,147 198,170,130 231,202,167 206,178,138 190,162,122 227,195,149 221,187,142 214,182,136 221,191,145 206,172,129 161,133,95 176,145,108 161,129,99 151,120,83 154,123,86 177,144,107 172,140,108 229,200,167 199,170,137 187,153,121 191,158,121 245,209,180 224,191,166 207,175,145 226,199,163 206,174,130 243,202,157 244,213,164 244,210,169 222,188,147 239,205,164 215,183,141 57,44,37 24,16,22 29,22,22 26,16,20 24,17,17 26,16,20 24,17,20 33,26,29 50,41,33 176,151,121 144,112,78 162,130,88 158,124,83 181,142,103 157,118,79 176,139,99 180,143,99 134,109,65 188,162,123 153,131,111 97,86,69 61,53,59 58,52,47 38,25,20 32,23,19 84,79,76 90,90,87 95,95,92 101,102,94
186,153,114 201,168,129 233,202,163 193,161,117 182,154,116 191,162,129 214,184,140 189,162,117 212,182,138 220,188,144 192,159,120 181,155,114 188,160,120 198,177,136 188,165,123 200,169,130 189,163,122 197,171,130 219,190,141 219,182,129 210,183,140 196,169,137 157,140,64 145,127,25 114,108,62 146,136,124 205,185,153 125,107,88 194,166,137 173,149,114 153,118,91 248,219,184 237,208,175 201,172,139 188,164,129 179,155,129 26,15,24 24,16,22 22,16,21 22,22,22 23,22,27 25,20,17 72,73,76 70,71,76 82,82,77 93,78,58 179,151,122 176,145,108 187,150,110 194,157,117 184,152,110 188,151,109 181,148,111 147,128,105 138,122,109 147,129,110 190,163,129 192,161,124 160,139,114 159,139,109 154,139,117 149,123,100 167,136,113 129,110,98
215,181,140 211,184,148 207,176,139 208,176,134 213,174,135 220,181,140 211,177,134 201,175,136 253,217,170 244,201,154 200,168,126 178,151,119 235,205,161 202,164,127 176,144,114 191,162,131 165,137,99 184,156,118 205,173,127 189,159,115 157,131,92 198,171,128 170,146,109 151,143,107 93,77,60 153,134,120 151,140,121 193,172,149 187,160,126 194,172,138 177,153,120 187,163,130 205,181,146 188,164,129 167,147,115 138,119,94 165,140,121 145,138,122 122,106,89 126,113,90 152,131,108 140,119,94 130,113,87 162,135,103 206,184,146 192,173,134 208,183,153 190,161,126 166,143,112 136,111,81 225,193,159 201,163,126 219,187,145 206,169,127 205,173,129 241,201,149 186,153,116 195,163,121 207,168,125 212,173,134 200,170,124 232,207,161 221,189,145 213,176,134
178,154,130 194,170,133 161,132,99 193,165,138 201,172,137 207,181,142 208,185,145 225,197,157 245,228,177 255,247,198 224,199,155 215,189,148 190,160,114 236,211,167 186,169,132 192,160,126 206,172,138 229,195,161 216,182,141 182,147,111 175,147,109 202,177,131 226,178,131 178,157,114 177,149,109 171,149,111 190,164,125 173,141,99 174,145,110 167,139,112 181,154,122 200,173,141 177,153,116 186,162,125 174,147,113 179,152,120 179,152,120 172,143,112 162,133,102 173,146,114 168,139,104 179,150,115 211,185,146 195,168,136 196,171,143 195,178,152 150,131,104 163,138,108 139,127,101 166,145,120 190,162,122 215,182,145 193,166,134 126,105,78 125,110,99 193,175,145 165,138,104 198,166,132 223,189,155 192,160,118 173,134,93 215,182,134 255,208,155 255,253,221
190,161,128 173,144,111 193,161,127 210,178,144 198,167,130 209,181,143 198,172,133 203,169,128 205,178,131 236,211,165 189,159,115 192,153,110 197,168,133 204,186,156 226,204,170 174,146,117 204,178,137 223,197,156 204,173,134 191,160,121 194,162,118 168,139,106 196,164,132 201,161,125 217,184,145 200,165,127 184,156,118 170,146,109 189,155,114 188,159,124 196,167,136 168,141,109 171,150,107 169,147,111 167,141,116 170,145,115 187,160,126 187,158,125 195,167,127 184,152,118 175,143,111 168,137,98 187,160,117 187,158,123 185,152,113 188,154,122 194,164,136 166,149,123 196,179,153 174,157,129 179,151,113 188,160,122 182,156,117 177,153,116 194,168,129 171,147,114 165,137,108 180,151,118 177,142,115 138,114,81 130,107,78 139,123,92 255,233,196 255,242,204