0,13,108 0,15,112 0,19,118 0,32,129 14,44,154 16,47,162 29,62,174 27,70,181 32,75,188 40,85,197 42,85,198 52,94,212 59,98,222 55,98,219 52,88,199 47,84,192 35,73,174 40,81,192 35,74,179 25,63,166 18,56,155 23,62,154 24,65,160 42,77,181 37,70,182 18,56,166 10,53,164 9,58,173 7,59,173 6,60,181 5,65,184 9,66,191
47,95,255 37,91,244 46,96,239 54,103,237 64,107,246 69,111,255 67,109,237 61,107,231 56,102,222 46,92,212 45,89,204 48,92,209 58,95,214 59,99,215 62,97,215 58,93,211 54,90,203 52,88,203 54,95,206 57,95,209 61,98,215 68,104,227 78,114,241 92,124,255 96,128,255 84,122,251 68,108,237 59,100,237 55,96,233 50,93,234 36,87,225 33,84,229
42,94,227 45,95,222 49,96,222 56,101,228 64,110,234 71,115,249 70,114,250 68,114,236 60,104,219 44,89,201 40,85,195 42,85,196 48,87,194 50,87,195 48,89,198 56,99,212 58,102,217 53,97,212 51,93,209 56,94,208 61,97,220 75,107,243 81,118,252 89,123,255 93,127,255 89,123,255 82,120,255 82,119,255 88,119,255 87,120,255 83,120,255 77,112,255
50,98,221 38,89,211 38,86,207 47,95,216 64,109,236 72,117,246 72,117,244 69,115,239 65,111,233 53,101,210 49,90,201 56,94,208 57,101,218 52,94,210 50,93,206 55,98,219 53,97,212 44,88,205 31,76,184 28,71,180 21,69,188 19,72,198 28,80,216 43,87,221 49,90,225 47,91,223 59,100,235 81,118,255 84,121,255 84,120,255 84,120,255 78,114,255
49,94,206 46,85,192 48,93,203 57,100,221 65,110,237 75,119,255 78,121,255 75,119,251 70,116,240 59,104,216 60,98,208 61,99,209 62,100,210 58,96,210 55,99,216 56,103,219 53,97,212 47,88,199 40,82,188 61,97,210 62,99,216 60,102,232 67,107,238 75,114,248 79,117,255 79,117,255 82,121,255 86,123,255 86,123,255 85,122,255 80,117,255 82,114,255
53,97,212 61,104,215 63,109,229 65,111,235 70,114,246 71,117,250 75,119,253 74,118,250 70,115,242 69,114,241 70,111,233 64,102,214 56,95,200 50,89,194 54,92,204 51,93,209 45,90,200 46,89,200 48,92,207 71,107,230 84,118,253 86,123,255 86,123,255 87,126,255 88,126,255 84,122,255 80,119,255 83,120,255 82,120,255 80,118,255 71,110,248 69,109,249
67,112,241 76,120,252 76,122,253 70,115,242 65,111,235 70,115,244 69,115,239 69,112,235 70,115,244 67,112,239 67,113,233 61,104,215 60,98,210 51,89,199 48,93,205 49,93,210 50,93,214 64,105,231 65,104,230 68,106,235 74,111,245 77,115,246 81,116,248 82,119,253 86,123,255 82,119,255 76,115,241 74,114,245 66,109,234 56,99,222 57,98,224 72,112,252
79,120,255 83,123,255 79,122,255 74,118,252 70,115,244 70,116,240 67,112,239 64,110,234 65,108,229 64,107,232 59,102,227 57,103,223 54,100,224 50,96,218 52,94,224 51,94,219 55,96,229 60,101,234 64,105,238 66,105,239 70,107,241 71,112,247 76,111,243 75,114,240 77,112,244 72,112,241 73,111,240 67,108,232 66,107,231 71,111,240 69,111,239 77,118,253
68,112,246 79,122,255 81,123,255 77,120,255 69,114,243 68,114,238 70,113,234 67,113,235 65,108,229 58,104,224 48,94,214 52,96,211 50,94,209 49,90,214 56,93,212 40,88,211 46,90,222 55,97,227 58,100,228 61,101,232 63,103,234 67,107,238 56,97,221 48,89,202 52,95,218 60,100,229 67,107,236 68,108,237 68,108,237 72,112,243 73,115,245 76,119,255
69,113,249 77,120,255 80,121,255 78,118,255 80,117,255 73,114,251 71,112,245 65,110,237 65,108,231 57,100,221 49,92,213 56,99,224 76,108,248 91,120,255 88,121,255 97,117,255 47,93,217 43,89,213 45,88,213 54,95,221 55,94,218 55,98,219 56,99,220 62,104,232 70,111,237 70,110,241 68,108,239 68,109,235 72,115,240 73,116,241 75,119,253 81,120,255
74,121,255 76,123,255 78,122,255 84,122,255 81,120,255 78,117,255 78,117,255 75,114,250 72,112,252 68,106,247 81,115,255 83,120,255 87,123,255 84,119,255 85,120,255 133,144,255 74,108,245 34,81,195 37,81,196 44,90,214 45,90,202 51,94,217 66,108,236 70,113,236 74,115,241 74,115,241 70,111,237 69,111,239 67,110,235 70,112,240 72,114,244 81,120,255
78,121,255 79,124,255 79,124,255 79,125,255 81,123,255 83,121,255 83,118,255 89,123,255 86,123,255 90,130,255 88,126,255 82,117,255 85,121,255 81,122,255 95,130,255 115,139,255 90,126,255 60,98,229 48,86,198 47,88,197 49,92,205 51,94,203 69,111,241 74,114,245 74,114,243 77,117,246 73,114,240 74,113,239 70,108,237 60,102,218 63,103,219 83,120,255
83,127,255 85,128,255 85,128,255 81,126,255 82,126,255 81,121,255 81,116,255 84,123,255 79,124,255 100,129,255 86,122,255 81,118,255 77,114,255 77,113,255 83,122,255 90,133,255 95,127,255 107,136,255 79,117,255 69,110,245 70,110,239 63,106,231 63,106,229 71,112,238 73,114,238 75,115,246 72,113,239 78,116,255 82,119,255 75,112,248 82,116,255 84,121,255
77,118,255 78,121,255 81,122,255 82,121,255 80,121,255 77,118,255 81,117,255 78,117,255 76,117,255 78,114,255 76,111,255 81,117,255 74,109,255 72,108,255 71,107,255 84,124,255 81,121,255 89,123,255 72,111,255 71,110,248 66,107,240 70,109,245 72,113,248 77,116,252 76,119,255 80,120,255 82,123,255 89,127,255 87,124,255 85,123,255 83,125,255 83,123,255
60,99,244 52,93,228 51,92,225 53,95,225 58,99,232 61,99,242 69,107,255 71,109,255 64,104,246 58,103,230 59,102,225 69,110,243 70,108,249 64,105,240 65,104,242 75,112,255 66,103,237 74,110,251 62,105,228 59,103,218 59,102,225 65,106,239 79,117,255 81,122,255 80,124,255 82,126,255 83,126,255 83,126,255 82,126,255 81,125,255 84,123,255 81,123,255
41,87,220 27,80,206 17,71,192 21,72,190 29,73,188 29,74,186 31,78,192 42,87,199 52,92,208 49,90,199 51,90,197 61,102,213 59,102,223 53,94,207 54,97,210 63,102,228 58,94,205 62,100,212 62,107,217 56,99,210 45,88,201 43,91,210 55,96,229 69,107,255 73,114,255 70,116,255 69,120,255 77,122,255 85,127,255 79,124,255 82,124,255 80,123,255
63,108,255 58,104,255 42,85,237 30,79,211 19,70,188 16,70,191 15,70,183 28,75,189 44,88,203 46,91,201 47,90,201 50,93,204 47,89,195 43,85,191 51,90,195 63,102,207 62,103,214 65,110,222 64,111,225 56,101,213 46,87,200 37,80,193 33,78,190 34,81,195 45,93,216 52,93,230 59,98,245 63,109,255 73,118,255 78,123,255 78,122,255 76,121,255
83,123,255 79,121,255 79,118,255 69,111,255 30,79,209 16,67,187 16,70,189 25,74,187 44,85,194 47,88,197 51,92,201 53,94,207 53,91,201 37,78,187 43,84,193 60,100,200 67,109,225 70,114,231 67,111,228 58,102,219 47,94,210 43,87,204 27,76,191 26,75,188 26,74,193 27,75,186 33,74,185 40,88,209 56,98,242 70,108,255 66,108,255 69,111,255

0,8,56 0,9,61 0,13,68 0,22,81 7,28,92 15,36,111 19,45,123 32,59,139 41,69,160 49,78,177 51,87,198 58,99,212 58,100,218 63,105,223 67,105,215 71,104,218 65,103,217 60,99,221 61,100,222 56,99,210 49,89,191 51,90,195 54,92,193 61,99,200 54,91,199 53,92,197 61,102,211 62,106,221 69,113,228 69,112,235 69,115,239 71,115,247
33,73,173 39,79,179 46,85,181 54,92,193 59,96,202 66,101,203 68,102,209 69,106,214 68,106,216 66,103,211 59,100,211 60,100,216 61,102,226 70,112,228 70,111,224 71,109,221 64,106,224 59,100,222 64,103,237 53,96,221 49,89,191 49,89,191 54,92,193 53,93,193 49,89,191 53,92,197 65,106,219 66,109,230 69,112,235 69,115,239 75,119,251 75,119,255
41,82,191 46,88,194 55,94,201 63,101,211 66,101,219 68,106,220 72,109,217 75,112,218 73,111,214 70,108,211 65,103,202 66,104,205 65,105,205 71,110,215 75,113,216 71,110,217 64,104,206 58,95,203 58,95,201 57,91,198 51,91,193 58,93,195 61,100,205 62,99,205 58,97,204 62,100,212 66,109,222 69,113,230 70,116,238 74,117,242 75,120,247 72,117,246
49,87,197 51,89,199 54,95,206 63,101,215 64,100,211 65,99,206 68,100,208 72,110,211 73,111,214 72,110,211 70,108,209 69,109,209 69,109,211 71,111,213 76,113,219 72,108,219 66,102,213 63,99,210 64,100,211 63,101,211 61,102,213 63,104,215 71,109,223 70,114,229 72,114,232 71,113,229 70,115,227 67,109,227 66,110,227 70,113,234 70,115,242 70,112,242
39,80,191 45,88,199 54,92,206 56,98,214 55,96,207 64,96,206 65,102,208 67,106,211 76,113,219 76,113,219 75,112,218 75,112,218 73,111,214 75,112,220 76,113,221 73,110,218 68,109,218 64,103,210 63,102,209 63,102,209 61,103,219 65,110,222 67,109,225 72,114,232 74,116,234 73,115,233 72,116,233 67,111,226 69,112,233 71,114,235 70,113,234 71,113,241
59,103,255 64,104,255 64,105,255 64,107,255 67,109,255 64,105,242 66,107,229 66,108,226 75,112,218 75,112,220 73,110,218 72,111,216 71,110,217 73,110,218 76,113,219 72,111,218 71,109,221 64,102,212 61,98,206 59,96,204 60,103,216 62,106,221 65,108,221 68,111,224 70,113,226 72,116,231 74,117,238 72,115,236 70,116,238 71,117,241 70,116,240 74,119,246
43,93,238 47,91,234 43,95,228 43,95,224 47,94,220 48,93,205 59,100,209 65,101,212 73,110,216 72,109,215 67,106,213 69,108,215 71,109,221 75,112,220 76,113,221 72,111,218 64,103,210 60,93,194 47,85,184 52,88,183 61,99,202 63,104,213 62,107,219 66,110,227 65,112,226 67,114,228 74,115,228 69,113,230 64,109,221 69,115,237 70,114,231 70,111,235
43,91,200 53,97,214 52,100,221 41,86,196 37,83,188 32,77,178 48,88,186 63,96,210 65,104,211 68,106,216 69,110,221 70,108,222 72,112,228 74,112,226 72,113,226 73,113,231 74,110,251 62,99,205 54,92,195 63,104,230 63,106,227 65,111,233 62,109,225 66,111,223 64,109,221 63,104,215 64,102,212 65,101,212 63,99,210 63,99,210 54,92,195 54,91,197
59,99,241 61,103,249 63,105,251 60,99,244 60,97,245 56,97,232 56,98,226 69,111,255 68,107,243 67,109,237 72,113,237 72,112,241 71,113,229 69,114,226 74,114,232 82,117,247 77,115,246 78,119,252 78,119,254 77,116,255 84,119,255 79,118,255 62,108,230 63,108,218 65,104,211 64,98,205 63,97,206 60,94,201 60,93,205 55,94,199 53,92,197 49,88,193
75,118,255 78,118,255 77,118,255 75,115,255 68,112,255 74,114,255 74,114,255 72,111,255 72,110,253 73,111,254 72,111,247 71,111,240 71,113,231 72,113,235 71,112,238 83,117,252 74,115,252 70,111,246 79,118,255 65,108,247 71,112,247 70,111,255 58,102,219 60,98,208 51,90,184 54,92,193 51,89,190 46,86,184 52,90,193 54,92,195 54,92,202 53,91,201
76,119,255 77,119,255 76,118,255 74,115,255 66,113,255 68,112,255 68,110,255 66,109,255 70,109,255 70,109,255 67,108,245 71,111,242 71,112,234 71,114,237 69,111,241 65,107,237 71,109,252 67,107,247 66,110,253 53,99,223 56,100,217 56,101,228 56,94,206 57,94,202 56,94,204 50,90,192 47,85,186 48,88,190 50,89,196 51,94,207 49,92,205 42,90,209
71,117,255 64,111,255 65,108,255 60,105,255 62,110,255 67,111,255 64,107,255 58,95,243 55,97,241 62,105,246 62,105,230 69,111,239 69,111,239 69,112,237 69,110,223 65,108,221 64,106,224 63,105,235 62,105,230 58,101,224 62,101,227 70,109,235 80,118,249 89,126,255 98,131,255 91,128,255 75,115,244 70,111,246 65,104,238 60,101,238 54,97,238 52,96,239
45,98,255 44,99,255 47,98,255 50,99,249 61,107,255 66,109,255 55,98,237 43,89,211 40,87,201 47,93,215 55,99,216 63,106,219 61,103,219 63,108,220 64,107,218 63,106,217 62,103,214 59,102,213 58,102,219 58,102,219 64,105,229 75,112,246 84,121,255 91,128,255 96,129,255 88,126,255 86,124,255 87,122,255 85,121,255 86,122,255 84,119,255 78,113,255
39,89,216 35,83,204 26,79,203 22,75,199 36,89,215 62,108,255 64,106,254 43,90,206 45,90,202 47,88,199 51,92,203 58,99,208 60,101,212 63,101,213 63,101,213 63,101,213 60,98,210 57,95,205 54,90,203 48,86,198 41,88,202 31,84,208 37,89,222 50,94,228 53,94,231 51,95,231 63,101,242 77,114,255 83,117,255 84,120,255 85,122,255 78,113,255
36,82,206 29,74,184 21,67,187 14,68,185 23,68,178 37,88,208 36,90,209 43,86,195 44,86,192 43,82,187 46,86,188 51,89,192 57,93,204 61,99,213 59,100,211 57,100,211 59,102,215 59,100,213 48,92,207 65,106,219 59,101,217 66,106,237 67,108,241 74,112,253 79,116,255 80,117,255 85,121,255 90,128,255 90,128,255 85,122,255 80,116,255 77,112,255
33,79,201 29,72,183 28,73,183 27,72,182 29,74,186 32,73,184 30,72,176 27,67,165 35,75,177 36,80,184 42,82,180 46,86,186 51,91,193 57,94,202 59,96,204 59,95,210 53,96,209 59,100,213 56,97,221 72,111,233 86,120,255 87,124,255 88,125,255 92,129,255 95,132,255 91,126,255 86,124,255 88,121,255 86,123,255 84,119,255 69,104,252 57,94,240
26,77,218 28,75,201 31,78,192 35,79,194 34,78,193 35,79,194 36,78,184 35,73,172 35,74,166 39,79,179 48,85,193 48,90,194 51,94,205 56,97,210 56,96,212 53,96,217 55,98,221 64,105,231 67,107,238 72,110,241 76,113,249 84,118,255 85,118,255 84,123,255 94,131,255 88,125,255 83,117,255 74,110,255 58,100,246 40,85,223 39,85,218 67,102,255
36,85,215 37,86,216 40,90,217 48,97,229 53,97,229 53,99,234 50,96,220 48,91,212 49,91,207 48,95,211 56,97,223 58,100,228 57,102,229 57,102,231 56,101,230 59,101,231 59,99,230 63,102,236 65,106,241 66,105,241 74,111,249 75,112,255 74,110,251 77,113,255 79,116,255 76,112,255 74,109,255 60,98,241 61,97,238 61,98,246 70,102,251 75,106,255

0,8,66 2,15,74 9,23,85 15,30,89 20,32,96 38,50,114 46,59,126 61,74,145 76,92,162 87,101,179 90,104,186 105,117,193 121,130,202 110,121,192 127,130,209 143,144,215 155,154,225 151,152,225 147,147,225 135,135,215 142,142,222 135,134,221 133,131,221 138,140,226 96,117,212 87,112,206 86,111,205 95,117,207 108,120,225 101,114,212 106,113,218 107,114,219
97,117,229 95,117,228 91,117,222 87,114,212 86,112,199 86,112,199 87,111,201 90,112,198 91,110,197 91,109,194 91,104,200 86,104,200 77,101,189 85,107,195 137,140,230 145,147,229 141,143,225 138,140,224 130,132,218 146,145,230 140,142,226 120,125,221 123,124,226 95,115,217 90,118,224 86,114,216 90,112,214 103,123,223 102,116,223 101,110,219 100,114,225 103,116,230
104,120,226 102,118,224 96,118,220 93,114,219 91,112,217 91,113,215 91,113,211 93,112,201 93,112,201 96,113,203 101,118,210 100,116,211 98,112,205 122,129,220 130,133,221 131,134,222 131,134,224 123,128,224 119,126,221 129,133,218 109,123,216 132,132,228 100,117,220 84,115,216 86,119,224 92,120,226 95,116,221 100,117,220 95,112,215 105,114,223 101,112,222 97,108,216
99,116,217 92,113,208 84,106,206 82,111,208 80,109,208 79,108,203 82,105,200 87,106,193 92,109,197 100,117,205 108,121,206 106,119,204 104,119,203 114,123,206 115,124,207 115,123,209 108,120,212 106,118,210 103,120,210 107,124,212 99,116,208 102,119,211 85,114,213 82,114,222 87,118,223 86,118,226 90,116,219 86,114,216 90,110,210 100,113,209 97,110,208 78,95,187
88,109,214 86,108,208 84,111,211 81,112,215 80,112,210 80,104,194 76,101,184 80,101,178 78,97,173 81,98,172 91,102,171 93,102,172 94,103,171 94,107,176 93,110,182 90,107,181 91,106,181 94,108,186 95,109,198 93,111,194 88,107,194 85,110,202 83,112,209 84,115,216 84,115,216 85,116,217 86,114,216 85,114,213 88,107,194 88,106,191 79,98,185 78,96,179
80,108,214 82,113,216 83,111,213 78,110,208 78,108,198 78,105,187 77,101,177 76,93,165 79,92,163 79,89,152 78,86,145 76,84,143 76,85,139 77,85,146 74,91,154 81,94,153 86,99,158 88,100,164 85,101,169 87,106,182 82,105,186 80,109,204 83,112,211 80,112,206 84,112,203 82,112,204 84,115,216 85,112,208 87,106,193 86,106,190 81,102,179 81,101,174
81,114,228 80,112,220 78,107,202 75,106,193 72,103,190 70,99,183 68,95,175 70,91,159 75,87,149 75,83,140 68,80,133 63,78,133 62,78,130 66,80,132 71,84,139 73,86,153 82,96,160 84,97,164 82,100,167 77,101,175 77,107,199 76,109,212 81,114,226 78,110,204 82,111,208 83,112,209 82,113,214 79,109,201 81,110,198 87,110,203 86,106,190 90,106,183
81,123,241 76,113,221 72,102,192 70,98,189 64,98,184 66,96,186 69,95,173 73,85,149 59,75,143 52,73,139 41,67,131 26,62,134 35,63,136 43,69,131 61,79,135 73,85,149 74,96,168 77,97,168 72,100,175 73,100,182 75,112,218 77,114,222 77,114,220 69,103,189 72,97,178 71,105,191 75,108,199 73,103,184 81,107,192 83,109,198 84,107,190 84,102,185
77,117,233 62,93,194 66,95,192 65,99,195 65,99,197 57,92,183 43,80,157 28,67,145 20,61,141 15,56,136 13,56,139 21,61,148 25,64,158 25,63,148 49,70,134 65,82,145 66,88,160 69,94,175 76,102,191 81,108,206 81,113,221 81,111,219 82,110,214 80,106,195 79,102,183 81,107,192 78,104,191 81,105,191 83,107,195 83,107,195 88,107,196 84,103,190
65,105,221 58,91,192 64,99,201 69,102,207 67,99,197 53,90,180 46,85,177 35,77,163 29,68,160 27,66,160 29,68,162 48,87,194 51,87,200 49,90,203 57,87,177 62,91,179 71,96,190 73,98,190 81,103,205 86,110,209 81,108,206 73,102,197 76,105,202 69,101,195 69,98,193 71,96,188 72,97,191 75,99,189 77,99,187 81,103,191 79,103,193 77,100,193
68,104,219 62,94,202 66,98,208 65,98,201 59,92,195 56,91,193 54,92,193 47,89,193 48,84,195 44,82,185 41,81,183 34,75,184 40,77,185 41,78,195 39,77,180 46,84,185 44,81,187 44,85,196 35,75,173 33,73,162 32,73,166 34,76,180 34,78,182 31,75,179 32,75,184 30,75,185 28,75,191 28,77,190 29,76,190 34,77,190 35,77,193 35,80,188
60,99,204 61,99,209 63,99,212 65,101,212 64,102,216 57,104,218 58,99,212 49,93,208 44,87,196 33,86,212 36,87,223 43,93,245 47,95,255 63,116,255 60,101,254 43,87,223 50,92,249 55,97,254 63,110,255 50,93,243 26,73,187 29,74,184 24,67,168 22,67,168 29,70,179 25,72,186 22,76,195 24,78,199 21,75,199 25,76,196 25,76,194 31,79,200
51,92,203 48,88,204 49,92,201 51,94,207 57,99,215 60,103,216 57,93,204 46,86,186 33,73,173 19,63,157 22,65,162 26,77,195 36,83,225 50,94,239 55,93,245 48,92,239 37,88,226 38,89,227 53,95,252 41,88,230 40,86,206 45,87,203 54,91,210 48,95,211 46,90,207 32,75,186 35,80,192 34,79,191 36,79,190 35,80,192 34,77,188 35,83,202
40,85,197 42,85,198 41,86,196 45,89,204 51,92,203 49,89,191 39,84,185 33,77,171 30,73,170 28,69,160 31,72,163 35,80,181 41,82,191 39,82,193 38,87,200 39,87,210 39,85,207 42,88,208 43,86,209 39,88,201 40,86,206 51,94,217 62,100,231 82,116,253 86,119,255 68,102,237 44,88,203 41,84,195 46,87,198 50,88,200 45,83,195 42,86,201
43,86,199 40,88,199 43,86,199 43,90,206 47,93,213 46,93,207 44,91,207 45,90,202 48,92,209 47,94,210 58,101,222 63,105,233 61,111,236 59,102,225 58,100,218 55,98,221 49,92,213 46,89,210 43,89,213 40,88,207 38,87,202 44,87,208 50,94,211 62,100,229 63,100,219 46,84,196 46,85,192 45,88,197 55,99,214 52,97,207 54,95,204 43,90,204
39,90,210 43,90,216 46,91,220 49,95,228 49,93,227 43,90,216 44,90,214 46,87,196 48,86,196 56,97,210 62,106,223 67,113,237 64,108,223 60,103,216 58,96,210 53,96,207 45,87,193 36,77,172 37,81,175 32,71,163 22,63,156 24,65,158 33,74,169 46,85,181 36,77,172 29,68,164 34,72,171 37,80,179 54,96,202 51,93,197 53,95,201 49,92,205
65,115,255 66,116,255 64,112,255 63,112,255 62,113,255 60,104,255 50,93,247 37,86,220 35,79,185 46,87,198 61,102,215 60,102,218 63,101,213 61,99,211 63,101,215 57,93,204 47,87,189 27,66,158 35,76,167 27,68,152 21,63,151 26,65,157 33,72,166 33,74,169 35,76,169 46,87,182 49,87,188 48,88,188 49,89,189 43,83,181 49,91,197 49,87,197
35,84,214 37,86,216 33,83,210 35,86,208 31,80,195 31,79,188 34,77,186 41,85,189 48,87,192 44,86,192 47,89,205 51,93,197 67,108,230 71,112,236 65,110,222 63,103,219 53,92,226 32,72,159 35,74,168 32,71,163 25,65,152 30,69,165 26,66,153 31,73,161 43,82,178 60,94,201 63,105,221 63,104,217 51,90,195 58,92,199 51,90,195 47,86,191

0,13,84 0,13,90 1,20,109 10,28,111 21,41,114 47,64,136 50,65,151 54,78,175 78,98,198 84,105,198 115,124,194 94,111,210 73,94,199 56,89,205 61,97,210 64,101,207 69,101,211 68,100,210 70,104,211 71,105,214 66,103,211 64,100,211 57,93,204 53,86,198 56,86,196 57,86,201 59,88,203 57,88,203 62,97,215 63,97,221 66,100,224 90,117,226
73,106,239 77,106,243 77,106,243 81,109,244 90,118,240 94,120,236 91,116,237 76,110,234 83,114,231 85,116,231 113,130,231 115,134,225 112,128,223 92,119,219 62,98,211 68,104,219 73,107,216 74,106,216 67,100,214 70,106,219 77,111,220 68,104,219 54,89,209 49,85,200 52,85,199 56,89,203 51,89,201 52,88,203 52,88,201 61,96,214 66,96,216 138,153,237
94,128,252 89,122,255 74,108,247 80,110,244 91,119,241 89,117,239 82,109,239 79,108,236 97,122,232 101,127,230 130,145,218 134,146,222 113,128,228 111,126,239 82,109,218 94,120,225 96,119,225 94,117,223 91,117,222 83,118,236 71,105,214 67,97,205 73,105,215 71,106,226 54,89,209 50,85,203 46,81,199 40,74,200 42,77,197 54,87,203 54,89,207 123,136,250
100,129,255 79,113,252 78,112,247 78,110,246 84,110,245 75,102,240 76,104,239 81,110,238 107,126,231 93,115,226 91,118,227 116,130,223 129,140,221 81,112,229 92,113,229 103,125,227 103,122,229 98,119,226 102,123,228 96,123,234 67,98,211 68,91,195 65,91,194 68,98,206 70,96,212 59,85,190 48,82,206 44,79,199 60,89,202 143,155,249 117,146,245 118,145,255
87,120,251 85,119,247 79,113,248 79,112,245 80,108,243 76,104,239 80,109,237 86,116,238 80,110,232 81,111,231 94,116,227 113,127,234 73,102,219 74,103,231 79,109,229 95,117,228 101,122,227 101,122,227 109,126,218 134,141,225 95,118,222 68,95,204 62,89,185 65,89,190 65,89,190 61,86,180 63,89,205 65,95,217 110,135,255 97,124,250 104,133,250 128,143,255
78,112,238 77,113,236 79,114,246 78,110,246 80,108,243 80,108,243 82,111,239 80,109,235 81,112,229 90,119,234 98,118,230 101,122,231 86,112,230 75,102,228 71,98,226 79,110,227 98,119,226 104,124,226 122,129,224 116,130,221 121,130,221 108,122,233 54,83,178 57,84,182 57,84,182 60,84,181 106,132,239 101,130,247 99,128,245 83,114,229 89,120,237 118,137,254
90,115,225 81,107,212 75,105,225 71,102,245 75,107,243 85,115,235 77,108,233 73,102,228 90,114,231 88,117,232 95,117,230 97,118,227 93,118,230 74,105,222 76,107,222 81,110,225 85,111,225 97,118,227 95,121,226 101,123,223 121,127,225 115,128,224 87,109,211 104,123,228 104,125,230 117,132,234 142,147,239 99,121,232 80,109,222 73,108,226 74,110,235 69,103,238
84,113,226 81,114,226 84,111,207 86,110,209 79,111,232 99,124,236 104,123,240 93,118,230 99,121,234 99,121,234 98,118,232 95,115,227 87,113,229 82,111,224 86,112,226 90,115,225 98,115,214 99,117,211 121,132,215 135,147,223 134,145,228 129,140,219 140,137,232 139,142,230 105,120,220 110,123,221 96,119,212 93,111,205 71,108,225 69,105,230 68,103,233 68,103,235
83,119,234 79,115,230 75,104,201 72,97,189 88,111,206 93,114,219 92,117,211 92,113,206 81,100,189 83,105,195 87,109,207 97,118,225 87,112,224 84,114,224 88,111,219 113,125,215 154,153,238 164,158,249 157,153,243 156,154,244 143,146,236 138,141,231 131,133,219 146,146,240 102,117,221 89,110,205 82,108,195 93,112,203 92,109,212 95,111,219 94,105,215 85,104,213
89,118,233 85,114,227 80,107,203 78,107,191 83,107,197 90,112,202 99,116,208 107,124,216 113,126,213 120,128,214 131,139,214 135,142,222 128,137,218 129,136,216 149,152,231 162,165,244 161,157,236 156,154,244 144,141,236 141,138,237 139,139,237 135,135,233 156,155,242 100,119,224 90,112,214 84,111,207 79,102,197 115,127,228 104,116,217 101,113,216 104,116,221 105,115,221
96,116,228 85,110,220 89,111,213 85,109,208 86,112,215 87,111,212 87,110,203 89,111,201 91,108,198 91,106,208 82,107,199 76,101,193 82,106,196 140,142,237 153,156,244 144,145,236 141,147,234 134,135,226 149,145,235 166,161,245 132,136,235 118,130,235 105,124,233 93,118,228 87,113,218 88,110,210 100,117,220 101,116,220 101,112,224 104,115,227 103,116,230 101,109,225
105,124,231 99,122,230 97,118,227 96,116,228 98,117,222 95,117,219 93,115,205 93,112,201 94,111,201 98,114,211 95,113,209 92,109,201 116,123,216 132,134,229 137,138,229 139,136,233 132,132,228 124,128,227 137,139,234 119,128,221 118,122,221 118,125,232 88,117,230 88,118,228 91,118,229 97,117,229 101,115,222 97,114,217 103,112,223 104,113,226 105,115,230 94,105,217
100,116,224 90,112,223 82,113,218 80,106,211 80,105,199 86,107,202 91,110,199 94,111,203 107,120,216 117,124,215 113,122,215 110,123,210 117,125,213 119,128,211 122,129,213 117,122,216 114,121,214 114,123,216 122,129,220 103,119,214 109,125,220 89,117,221 84,114,222 85,115,223 91,118,227 90,116,221 88,114,219 90,110,210 96,109,207 100,112,213 80,97,187 78,97,186
92,114,225 87,113,220 81,108,206 77,100,183 77,97,181 78,98,180 81,100,176 82,99,173 88,104,181 97,109,185 96,111,186 95,110,185 97,111,189 97,113,190 96,110,188 94,110,189 94,112,195 103,117,206 98,117,206 93,112,203 86,115,214 85,113,215 86,114,220 85,113,215 89,120,221 91,118,227 88,111,217 88,107,196 91,105,196 81,99,184 73,93,175 78,97,177
83,106,201 80,103,198 78,95,183 76,93,167 85,96,163 82,93,160 82,94,158 84,95,162 83,92,160 83,89,158 81,89,148 78,85,149 83,91,152 84,96,160 83,96,163 87,97,160 87,104,176 88,107,183 86,109,192 84,111,207 82,114,222 85,117,227 83,112,211 85,114,213 86,114,216 88,119,224 87,111,208 85,111,200 86,106,190 82,101,179 84,101,175 87,103,182
75,91,161 72,90,159 69,87,156 67,85,154 60,81,147 65,82,145 69,84,141 76,84,141 77,85,142 75,83,140 74,81,136 70,82,135 71,83,136 73,85,147 76,94,163 80,100,171 81,101,172 81,105,179 79,109,199 83,114,219 81,119,231 82,116,223 79,108,194 80,110,200 84,115,216 83,114,215 81,109,200 86,109,202 91,113,203 88,107,194 90,106,187 91,107,186
43,74,146 52,79,150 56,76,147 52,75,142 54,72,139 72,86,136 72,84,137 64,79,134 62,77,136 55,75,132 41,64,131 42,63,129 54,74,129 68,83,142 75,88,159 77,96,172 79,104,185 83,107,195 79,113,222 79,116,224 80,113,225 78,113,215 67,97,178 73,102,186 78,110,206 77,106,201 76,104,195 86,110,200 88,111,206 87,107,191 87,105,188 87,106,186
20,63,162 16,61,146 20,61,143 20,60,147 25,61,135 31,62,136 24,59,136 19,60,144 22,60,145 20,63,146 20,61,154 46,84,194 47,86,193 54,81,140 66,84,149 66,86,157 69,95,169 72,99,179 77,108,209 76,113,219 76,109,210 78,109,210 78,104,193 75,102,184 76,102,191 80,106,195 79,104,196 82,108,195 83,107,195 85,104,193 84,104,188 82,100,183

5,15,80 15,20,85 16,25,93 24,34,108 42,46,116 52,53,124 73,79,148 97,101,171 67,98,211 68,98,232 89,106,198 39,57,126 37,50,119 36,53,127 37,54,128 34,50,120 34,47,116 34,45,112 34,40,109 34,40,111 32,41,113 31,37,108 32,37,104 32,39,105 117,142,255 167,199,255 38,49,118 32,41,111 34,52,137 39,56,146 53,74,167 64,88,189
106,135,250 113,134,250 110,131,249 101,123,251 109,129,243 115,131,241 119,130,227 137,146,229 58,96,237 71,103,254 104,128,255 40,62,164 42,61,150 42,63,156 41,63,151 41,61,145 41,56,140 36,52,131 35,49,127 33,47,125 33,47,127 37,52,138 35,46,127 33,48,132 64,88,255 134,168,255 39,61,149 47,64,167 43,64,171 47,70,176 54,80,187 62,90,196
104,128,255 121,138,255 108,129,247 81,108,246 93,123,243 109,130,239 117,131,240 149,151,233 90,120,242 69,104,254 93,120,255 87,112,252 47,70,176 51,77,182 50,74,175 50,74,175 41,62,157 40,59,150 38,57,146 38,55,143 38,57,148 38,56,150 40,57,158 43,65,178 106,139,255 68,99,214 50,73,179 47,78,191 52,81,194 54,83,198 53,84,199 51,82,197
97,120,255 103,127,254 122,135,251 83,109,242 98,123,244 104,126,239 107,125,239 140,148,234 104,123,232 56,95,231 63,101,242 82,109,249 55,86,191 55,87,195 59,90,203 52,83,184 50,73,179 46,68,168 47,69,169 41,63,163 44,66,168 44,65,170 123,148,255 80,107,255 172,204,255 60,90,198 50,77,188 56,83,194 54,87,203 52,83,200 53,84,199 52,88,201
92,120,255 100,124,251 103,128,249 107,131,248 97,122,245 98,120,248 103,123,237 105,125,239 127,136,231 55,93,207 67,101,238 104,126,254 62,97,215 67,102,232 62,97,227 61,99,230 62,89,198 54,85,188 51,79,185 47,78,181 51,77,184 96,126,248 113,137,254 200,232,255 63,91,197 55,86,199 52,81,196 50,81,194 44,75,190 46,77,194 49,78,193 62,98,223
79,108,249 88,118,252 92,116,247 109,130,248 119,132,248 104,128,247 108,128,242 101,122,238 124,130,230 119,131,236 64,99,219 70,103,236 62,100,229 60,98,229 59,100,224 62,97,227 64,99,217 62,92,202 60,89,202 51,82,195 82,111,252 146,173,255 80,107,216 51,82,195 40,69,182 59,90,205 68,104,227 63,98,218 50,83,197 54,85,200 64,100,223 71,106,236
71,103,241 76,108,244 91,115,244 118,134,244 134,137,243 101,127,245 99,123,242 110,129,238 114,131,232 116,131,235 87,118,233 53,90,228 62,97,227 58,93,225 61,100,226 62,105,226 60,102,220 61,101,217 59,101,219 58,91,207 51,91,207 54,90,203 52,85,201 53,82,195 54,85,198 57,88,203 57,90,206 64,99,217 64,97,213 68,102,226 68,103,223 123,145,243
71,104,246 72,103,248 80,109,250 92,121,247 112,130,242 91,119,241 80,111,240 112,128,238 104,124,236 131,144,229 101,127,245 63,94,219 58,96,227 60,101,223 64,106,222 64,108,223 68,107,229 66,108,226 65,106,228 64,105,227 64,100,225 56,93,210 52,88,203 57,90,204 61,92,207 63,96,212 61,96,214 58,94,209 66,100,224 64,100,223 102,133,246 113,138,255
71,103,250 75,105,253 81,110,249 89,120,247 99,123,252 88,117,245 80,111,240 83,119,244 85,117,238 111,130,237 118,130,231 116,127,235 90,118,224 58,102,217 62,101,223 68,108,224 66,108,226 65,104,230 65,107,225 76,113,230 72,107,227 51,87,210 49,84,204 51,83,204 54,90,205 46,82,197 40,75,195 49,81,200 52,87,205 61,94,210 145,157,247 101,130,255
91,124,255 72,104,251 80,113,244 93,123,245 90,117,245 81,109,242 79,107,240 90,121,236 105,127,229 133,143,229 137,147,223 106,125,230 111,130,237 79,105,221 100,123,231 100,120,234 97,119,230 94,119,231 75,114,240 71,108,225 69,98,213 78,110,220 77,111,239 55,89,215 52,83,208 49,83,207 43,77,201 43,78,198 51,86,206 55,90,210 128,149,254 95,127,248
82,115,255 83,116,255 79,112,254 86,114,249 76,103,245 79,106,244 80,108,241 111,130,235 83,114,231 86,117,230 112,128,225 138,149,230 87,115,237 89,115,233 111,127,233 105,123,237 97,121,236 104,124,238 88,120,239 71,104,220 68,95,206 66,93,202 70,97,208 67,96,211 58,84,187 48,82,206 47,81,205 126,146,246 131,146,250 123,150,248 111,140,255 110,135,255
87,119,255 84,118,255 84,113,254 82,109,251 78,105,245 80,108,243 90,117,247 81,112,241 82,113,238 90,119,236 116,127,235 71,98,224 76,105,233 81,110,236 95,120,232 101,121,235 104,125,234 113,130,231 132,141,234 95,120,232 68,97,212 66,89,193 65,88,192 66,90,189 62,86,185 62,89,198 70,98,220 108,133,255 95,124,241 109,137,255 129,143,252 115,137,255
84,116,252 84,117,255 79,111,251 81,108,250 83,108,246 86,114,247 87,113,246 88,117,245 92,120,242 99,123,240 103,125,238 84,112,232 72,103,232 67,98,227 83,111,231 99,122,230 103,124,231 127,133,233 115,130,232 119,133,222 100,126,242 57,83,186 57,84,184 57,84,180 60,84,183 103,131,253 99,127,249 97,125,247 82,114,233 99,129,251 99,127,249 74,108,245
78,106,210 80,105,217 78,108,255 80,109,250 89,116,246 75,105,239 74,102,237 90,118,240 90,118,240 94,122,242 98,124,240 92,117,238 76,107,224 81,111,231 82,111,228 85,114,229 99,121,234 101,123,234 104,127,233 121,133,234 124,136,241 82,112,232 110,128,242 97,117,229 138,143,246 131,141,245 95,119,234 80,112,231 74,110,237 71,106,236 70,104,243 70,104,243
84,113,226 85,109,208 98,119,214 85,116,243 103,129,245 102,131,248 92,121,247 103,129,245 102,125,247 99,125,243 94,122,242 87,116,233 81,111,231 85,118,234 91,115,230 96,118,220 100,120,218 129,132,220 137,147,221 130,143,230 135,144,237 145,147,244 138,140,235 118,130,224 112,127,231 111,122,221 98,115,216 71,106,226 70,108,239 69,103,238 71,105,240 67,106,242
84,110,224 79,102,208 76,98,196 70,93,186 97,118,227 100,121,226 96,117,222 81,98,197 80,102,200 93,114,221 96,122,240 86,116,236 87,115,235 91,115,232 141,144,234 159,155,247 170,161,253 160,156,248 161,159,251 145,147,240 140,142,235 131,133,230 147,144,241 111,122,232 90,113,208 84,108,196 93,111,205 113,122,233 105,119,230 104,114,229 93,107,216 88,102,213
87,114,225 85,111,218 85,112,212 87,112,206 98,117,208 107,122,222 119,130,227 120,132,226 133,143,231 141,149,237 151,159,245 135,144,235 144,152,240 160,163,242 168,168,248 166,163,246 162,158,250 150,147,244 141,141,237 140,136,238 140,137,236 134,134,230 106,120,229 94,117,223 86,109,202 78,103,197 132,140,238 110,119,230 103,113,215 107,118,230 109,120,230 104,120,230
90,116,230 88,119,232 89,117,223 90,113,221 88,112,213 92,113,208 95,113,207 98,114,211 93,109,217 83,106,210 81,106,200 87,110,205 144,146,243 160,157,252 147,150,238 146,146,240 141,138,235 142,140,232 184,175,255 140,140,238 121,128,231 116,130,241 97,119,232 93,116,222 92,110,206 88,109,204 106,120,227 100,114,234 111,121,236 108,120,239 105,119,237 101,113,218

0,10,65 7,18,78 0,20,88 8,32,118 19,40,119 13,32,81 18,37,97 21,45,105 26,50,110 30,49,109 25,45,98 20,39,90 15,27,76 9,18,68 7,17,64 10,19,69 11,19,67 10,18,66 8,16,62 7,17,64 46,69,175 53,79,141 23,41,79 14,24,69 13,23,70 14,24,71 11,23,72 10,22,73 11,23,72 12,21,71 12,21,73 16,25,75
106,131,254 105,130,251 99,128,241 93,126,242 72,105,249 54,79,148 51,82,156 46,75,145 39,61,120 33,53,108 28,51,105 21,40,91 11,25,75 9,18,68 9,18,68 11,18,69 10,18,66 11,19,67 11,19,65 10,19,69 9,21,74 26,42,110 197,220,255 61,80,111 10,22,71 12,22,69 16,21,70 13,22,74 20,27,80 22,28,88 24,28,84 26,30,82
105,134,249 104,133,248 125,141,247 108,130,241 96,122,238 107,128,244 78,106,197 47,82,159 51,84,159 43,66,133 35,57,116 30,45,104 13,26,81 14,20,80 17,23,81 12,19,74 13,19,77 11,17,77 13,20,75 17,24,79 20,27,78 13,20,75 26,47,152 195,240,255 38,58,102 15,22,75 21,28,81 24,28,84 25,31,91 30,37,101 31,39,98 36,45,115
102,129,255 99,126,252 111,132,248 125,136,246 100,126,244 98,127,244 124,139,243 55,86,173 50,78,155 44,62,129 44,56,118 38,46,105 28,35,90 25,32,87 31,34,93 24,27,86 21,24,83 23,26,87 26,30,86 20,27,80 24,28,82 26,30,82 24,32,91 62,101,255 219,244,255 27,31,87 29,32,93 29,34,99 29,38,106 32,52,125 42,63,142 41,64,147
106,132,250 103,128,251 107,131,246 120,136,246 124,133,242 119,133,240 128,140,241 91,125,249 95,121,254 100,117,209 37,53,121 37,47,110 38,42,112 37,44,110 38,44,113 35,42,108 37,39,105 33,36,99 35,36,99 28,33,98 29,31,97 29,32,93 24,30,92 57,86,254 94,135,255 39,47,108 35,38,101 31,47,124 35,54,141 49,71,159 53,75,175 54,76,176
119,133,251 105,130,253 104,130,248 111,130,247 116,129,243 130,141,240 138,151,236 53,95,243 74,108,255 124,141,255 43,64,157 38,54,133 41,60,151 41,58,146 38,56,139 38,53,128 33,49,119 34,44,118 34,46,122 32,43,122 35,46,129 30,41,120 36,46,122 49,69,209 184,210,255 42,60,143 40,62,150 40,63,158 47,71,172 59,82,188 58,86,190 63,88,198
128,142,251 97,121,248 83,111,246 96,124,244 113,132,239 127,138,237 148,152,237 74,103,231 77,115,255 119,145,255 65,93,226 40,63,169 46,69,173 44,66,164 47,69,167 40,61,156 37,56,147 34,53,140 33,48,134 36,53,141 36,52,149 38,55,154 41,58,157 81,112,255 97,128,255 43,67,168 49,72,180 49,71,182 53,80,191 56,81,193 61,88,199 67,98,223
106,131,254 123,136,252 76,101,251 99,124,245 110,133,241 119,130,238 145,151,240 83,113,235 56,93,239 65,99,252 85,113,255 55,81,197 53,80,189 54,83,196 47,75,181 48,70,172 45,67,167 41,63,163 40,62,164 38,62,163 40,62,162 41,60,165 44,71,199 96,128,255 70,100,208 44,66,168 49,71,182 50,72,183 49,76,187 53,79,193 58,91,207 66,101,221
106,130,255 109,132,255 111,131,255 97,124,250 98,124,242 99,125,241 111,129,243 121,129,229 50,92,220 56,94,235 120,137,255 52,84,194 64,95,222 61,95,230 63,96,229 54,87,201 49,80,185 48,74,181 48,73,183 45,71,178 46,73,184 241,248,255 118,146,255 141,167,254 64,93,208 59,91,210 55,84,197 49,75,189 52,81,196 61,91,211 66,100,226 82,112,234
103,129,255 101,125,255 110,131,247 110,129,248 104,128,247 108,129,245 105,124,241 134,140,240 109,129,241 55,94,216 84,113,254 64,99,231 63,97,234 61,98,232 60,97,231 61,100,224 54,85,198 55,86,201 51,81,191 57,89,229 101,128,255 209,237,255 62,93,208 49,75,189 55,84,197 58,89,204 59,90,205 58,89,204 64,96,217 64,99,219 64,96,217 128,142,251
78,109,252 98,124,255 126,136,251 135,140,247 104,129,252 102,125,247 105,129,246 130,136,234 112,128,236 76,112,227 49,87,218 61,96,228 62,97,227 59,99,228 59,99,228 62,98,221 60,100,216 58,98,216 52,88,201 50,88,202 72,108,233 52,85,199 57,86,201 62,91,204 64,95,210 59,92,206 61,97,212 69,105,228 64,96,215 75,104,221 161,169,246 101,129,251
72,104,255 90,117,255 98,121,255 124,137,253 94,121,247 84,115,242 128,135,240 124,143,248 129,137,235 92,120,240 47,86,220 60,95,227 60,101,225 61,103,219 64,107,228 60,101,225 62,102,220 61,102,224 65,101,226 61,97,222 50,87,204 51,87,202 54,87,203 59,92,208 50,83,197 43,75,196 54,85,202 57,90,206 57,87,207 117,144,255 130,145,255 96,123,251
70,105,253 84,115,255 89,116,254 102,129,255 88,116,249 79,113,248 85,121,246 87,118,245 118,138,238 110,131,238 116,131,231 72,110,222 58,99,221 59,100,222 60,102,218 66,107,231 64,97,230 64,100,225 68,107,229 68,104,227 49,86,205 48,85,204 49,84,204 54,87,203 49,84,202 44,79,197 45,77,196 52,85,201 138,152,243 108,134,250 99,127,249 81,117,242
79,109,255 86,120,255 97,126,255 94,120,255 87,112,250 81,110,247 90,120,242 101,126,238 134,148,230 139,149,237 95,124,241 125,138,236 46,87,209 75,107,226 93,118,228 92,118,225 87,114,225 62,104,232 72,108,223 66,97,214 78,104,218 80,112,233 46,81,201 47,82,202 49,83,209 49,83,207 50,85,203 51,86,204 83,108,218 110,140,250 90,124,248 102,135,251
85,117,255 81,113,255 83,107,254 79,104,254 78,105,245 82,109,247 124,140,235 109,130,235 100,122,235 149,159,233 137,151,233 89,116,244 96,122,238 119,135,232 101,121,233 94,120,238 95,120,232 87,120,236 73,108,226 69,95,209 71,93,204 71,97,213 66,98,217 58,85,196 48,82,208 44,78,202 133,149,246 113,135,248 109,138,251 105,134,249 104,129,250 67,104,242
86,118,255 86,117,255 88,112,255 79,104,254 85,110,248 89,115,248 88,118,252 81,111,243 96,122,240 121,132,244 69,96,236 82,108,241 89,117,239 97,124,235 107,125,237 103,123,235 114,126,229 116,133,236 77,112,230 66,91,201 66,89,193 64,88,187 67,90,194 61,85,186 62,88,195 57,88,215 101,132,255 101,127,245 110,136,252 140,150,254 113,138,255 72,109,243
86,116,255 83,113,255 88,113,255 86,112,255 92,118,253 90,119,249 88,118,250 94,121,249 101,125,244 103,124,242 78,106,239 69,104,236 77,107,241 84,117,233 100,125,235 105,126,235 116,126,228 124,136,230 122,129,224 90,118,238 60,84,183 59,84,178 61,85,184 61,85,186 105,130,253 107,132,255 93,123,245 86,116,238 131,142,252 132,148,255 77,109,245 79,120,246
84,109,249 79,108,255 78,105,255 87,116,253 81,104,254 72,103,248 90,119,247 92,121,247 97,122,243 99,125,243 94,119,242 72,103,232 77,108,235 79,108,234 87,118,233 101,123,236 100,122,233 104,127,235 128,132,231 115,130,232 90,120,242 111,134,255 64,88,189 125,131,241 99,127,247 87,118,233 76,113,232 74,110,235 74,109,239 70,104,241 67,105,246 72,111,249

0,9,64 0,16,86 11,22,91 4,20,70 8,23,66 8,24,62 28,54,120 30,58,135 29,55,119 22,42,95 16,32,84 14,27,71 11,19,65 7,16,59 10,18,66 10,18,64 10,19,62 10,19,62 10,18,64 10,18,64 10,18,64 11,19,65 11,19,65 11,19,65 12,20,66 11,21,66 13,22,65 12,21,64 11,20,59 14,22,68 14,23,66 14,23,64
75,112,250 75,110,255 66,104,245 80,103,237 48,71,134 47,75,141 44,73,141 47,76,146 41,67,133 27,48,96 25,41,89 15,28,72 9,19,66 9,19,66 10,18,66 10,18,64 8,16,62 8,16,62 10,18,66 9,19,64 11,19,65 12,20,66 13,21,67 13,21,67 12,22,69 11,21,66 12,22,67 12,21,64 13,22,65 13,22,65 12,21,62 13,22,65
71,110,246 68,105,255 84,118,255 121,142,255 51,78,149 50,77,146 41,62,126 42,65,128 37,60,114 26,42,92 19,35,83 13,23,70 9,19,66 12,17,66 10,17,68 10,18,66 8,16,64 10,18,64 7,17,64 15,27,80 19,35,83 15,28,74 12,22,69 12,22,69 9,22,68 12,22,69 10,24,74 9,21,74 11,21,66 11,21,68 13,20,71 17,24,77
97,125,247 97,125,245 82,120,251 71,102,255 56,84,159 49,85,157 48,74,140 37,61,119 28,51,103 27,47,100 18,32,82 10,22,71 9,18,68 7,16,66 12,19,70 7,16,66 9,19,66 10,18,66 10,17,68 9,22,77 17,49,159 225,255,255 46,62,98 10,22,71 11,21,68 11,21,68 9,21,72 14,23,77 17,23,81 17,23,83 18,25,78 22,29,82
108,134,248 126,137,245 107,134,245 96,125,242 107,131,246 54,85,170 52,88,162 45,74,144 37,58,122 32,51,113 24,33,85 11,23,76 11,19,80 12,19,74 18,25,78 12,19,74 10,17,68 10,19,71 12,21,75 19,23,77 13,22,74 28,47,125 211,231,255 36,52,100 11,21,68 14,23,73 21,28,81 21,27,85 24,30,92 27,33,95 31,39,98 33,49,115
105,130,251 115,137,250 116,136,250 97,126,243 107,131,250 123,140,243 50,82,162 44,65,133 40,57,118 35,50,109 39,46,101 22,29,84 20,27,82 25,27,83 21,25,81 19,23,79 17,20,81 22,26,82 20,24,80 24,26,78 20,27,80 24,28,80 68,104,255 249,255,255 24,31,84 26,29,88 29,32,93 31,37,99 35,49,113 37,59,131 36,57,132 42,69,151
99,126,254 111,132,250 123,137,244 125,135,241 105,129,248 112,132,244 82,115,246 93,117,246 58,74,151 35,48,115 35,41,103 33,38,103 34,37,98 33,36,99 32,38,100 33,36,99 30,33,94 30,31,92 23,26,89 27,30,89 27,30,89 18,24,84 38,63,213 145,179,255 39,50,106 31,34,97 34,45,116 34,53,133 43,67,153 45,69,159 47,70,163 64,88,189
104,128,255 113,134,252 122,136,243 116,131,246 136,146,234 136,151,235 56,92,247 76,114,255 131,146,255 40,61,166 36,48,122 39,55,136 38,56,139 39,53,131 35,47,121 35,46,117 32,43,114 35,47,123 32,42,118 32,43,122 30,41,112 32,42,116 40,56,180 148,182,255 48,68,141 38,57,135 42,64,154 47,71,168 48,77,174 54,80,183 69,92,200 71,104,220
96,124,255 92,120,255 105,131,249 117,135,247 134,142,240 138,145,236 61,96,242 71,111,255 144,163,255 69,92,228 39,61,161 40,63,158 38,62,152 40,63,158 41,58,148 37,54,144 32,50,133 34,49,133 31,49,132 35,51,146 37,53,150 39,55,150 56,84,255 84,118,255 38,60,162 40,61,166 46,69,175 49,75,180 50,73,181 66,97,212 69,108,232 64,97,213
117,135,255 79,104,255 104,127,249 115,135,247 123,139,236 148,149,238 79,106,246 59,94,242 65,99,252 85,111,255 50,76,190 47,73,180 48,75,184 50,73,181 45,67,169 42,63,158 40,62,162 46,66,166 39,59,159 38,60,160 38,58,158 40,61,168 84,117,255 208,239,255 51,76,186 45,67,178 46,68,179 50,74,189 52,83,198 64,94,214 64,95,212 62,93,210
116,132,255 111,135,254 105,130,253 100,125,246 102,126,245 123,135,238 109,130,239 44,88,224 51,90,235 126,143,255 53,81,187 55,84,197 61,94,227 61,90,216 50,77,186 48,74,181 45,71,176 46,69,175 45,67,178 45,67,178 98,122,249 84,111,255 189,212,255 59,89,197 55,84,197 54,81,192 51,82,195 55,86,201 58,93,211 57,90,206 113,139,255 113,136,255
110,135,255 109,133,252 106,129,253 101,125,244 108,129,249 109,128,245 124,134,236 104,129,250 42,81,217 95,121,255 61,95,230 60,94,231 61,98,234 61,98,236 58,89,206 55,82,191 54,81,190 49,74,184 45,76,191 107,140,255 111,131,255 209,237,255 60,90,200 56,83,192 55,82,193 61,90,203 58,96,210 53,84,197 51,82,197 53,83,203 137,148,255 98,126,246
103,126,255 129,142,255 130,139,252 102,130,250 99,125,243 107,131,248 140,142,239 120,133,247 71,108,225 43,84,217 63,98,230 62,94,230 60,97,231 57,97,228 61,95,219 60,91,208 58,89,204 50,83,199 48,81,193 72,107,237 57,86,199 53,84,197 57,86,199 52,84,194 55,82,193 56,85,200 55,91,204 53,84,199 71,95,210 158,165,245 106,129,253 96,124,244
93,120,255 103,126,255 130,140,255 96,119,253 96,121,244 127,134,239 109,129,241 105,122,241 87,116,242 48,89,226 61,96,228 60,99,223 60,101,225 61,102,226 61,100,226 57,94,211 58,94,217 59,94,214 57,92,212 47,85,199 49,82,198 49,85,200 54,85,202 46,76,196 42,78,193 46,79,195 52,85,201 104,135,248 115,136,254 140,152,255 94,124,246 77,107,241
90,117,255 95,120,255 103,127,255 89,117,252 81,115,252 87,120,251 91,118,244 135,149,238 119,135,245 125,142,243 53,93,222 58,99,225 59,100,224 60,103,224 61,99,228 64,97,230 62,98,221 64,98,222 62,96,220 47,84,201 44,79,199 48,84,199 48,84,199 50,85,203 51,84,200 51,87,202 53,86,202 126,141,243 104,129,250 94,124,246 77,111,239 94,124,244
89,120,255 99,121,255 95,121,255 88,115,255 82,111,252 93,122,250 98,124,242 135,150,236 133,141,241 109,131,244 126,140,229 45,88,211 66,100,224 97,122,232 89,116,225 72,106,230 65,106,232 72,108,231 65,96,213 71,97,215 51,83,204 44,76,197 46,80,204 48,83,201 47,83,198 51,86,204 54,89,207 145,159,237 102,133,250 80,113,229 84,119,249 79,117,248
84,115,255 83,109,255 79,104,254 79,105,252 80,107,245 117,139,241 125,143,237 117,138,231 145,152,234 118,128,230 80,107,235 96,122,238 119,135,230 102,121,238 91,118,229 89,118,231 93,123,255 75,109,233 70,96,210 66,93,202 65,97,216 75,106,233 54,85,200 46,80,206 44,79,199 113,136,242 88,120,239 108,139,254 99,129,249 105,133,253 71,110,248 74,112,255
90,122,255 85,110,255 78,104,255 87,113,255 89,116,254 98,125,251 83,117,245 99,125,243 120,134,241 72,105,236 81,108,238 94,122,242 102,127,239 112,125,241 102,122,236 125,137,231 89,123,247 79,115,242 67,92,204 67,90,196 65,89,188 67,90,194 62,85,189 59,84,194 68,96,216 106,132,248 113,141,247 114,135,253 148,155,250 95,127,246 73,114,247 73,114,251

0,11,57 3,14,52 3,19,46 4,16,38 12,29,72 14,40,102 18,44,106 18,38,91 18,34,82 20,35,80 13,23,68 6,15,58 5,14,57 7,16,59 8,17,60 8,17,60 8,17,60 8,17,60 8,17,60 10,19,62 10,19,62 11,19,65 10,21,63 11,21,66 10,20,65 12,21,64 12,21,64 11,15,44 12,18,60 12,23,65 14,23,66 14,23,66
67,103,244 63,91,193 41,61,116 41,62,112 48,74,140 54,82,157 45,76,148 37,56,116 23,43,85 21,36,79 13,23,68 10,19,62 8,17,60 10,18,64 10,18,64 10,18,64 10,18,64 10,19,62 10,19,62 10,19,62 10,19,62 9,19,64 11,19,65 11,21,66 10,20,65 12,21,64 12,21,64 8,18,54 13,22,65 13,21,67 13,22,65 17,26,67
68,103,253 70,106,255 89,121,255 48,71,138 48,69,133 44,67,134 55,76,142 31,54,108 28,42,92 21,36,81 12,22,69 8,16,64 7,15,63 9,19,66 10,18,66 8,16,64 10,18,64 10,18,64 11,19,65 13,21,67 11,19,65 10,20,67 10,20,65 12,20,68 12,20,66 10,20,65 10,21,63 12,21,64 12,23,65 12,21,64 13,22,65 14,22,68
63,103,255 75,109,255 100,122,255 69,94,188 48,73,142 42,64,125 31,54,110 27,48,94 22,39,84 14,29,74 11,21,68 8,16,64 8,16,64 10,18,66 10,17,68 8,16,64 10,18,64 12,20,66 11,20,72 19,31,80 16,26,73 8,22,63 12,22,69 10,22,71 12,22,69 13,23,70 12,22,69 11,23,72 12,22,67 12,20,68 15,22,75 17,24,77
103,132,245 77,114,248 68,102,255 77,100,195 49,78,148 44,71,142 32,52,107 26,45,94 27,41,91 11,25,73 11,20,70 7,17,64 8,16,62 12,16,68 10,18,66 10,18,66 7,17,62 11,19,67 10,19,71 26,45,105 179,204,255 60,77,120 11,24,70 11,21,68 9,19,66 11,20,70 14,21,76 15,21,81 18,24,82 17,23,81 19,27,75 20,23,82
108,137,254 110,139,252 99,127,247 111,135,252 49,82,157 43,72,140 41,62,128 34,56,115 26,44,98 18,27,77 9,21,74 9,18,72 10,19,71 10,18,66 11,18,71 10,17,68 9,19,66 10,19,69 19,23,77 14,21,74 19,36,97 144,174,255 58,74,122 12,22,69 14,21,72 21,25,81 21,28,83 22,28,86 25,31,93 33,36,95 43,55,119 44,64,135
133,143,249 122,138,248 95,124,252 107,131,250 129,149,255 41,64,129 41,56,115 39,50,106 31,40,94 29,33,87 26,28,84 21,24,83 21,25,81 26,28,84 19,23,79 21,22,81 23,24,83 21,25,79 25,27,81 15,22,75 22,26,78 60,94,255 227,243,255 30,42,91 23,27,83 25,31,89 30,38,99 35,47,111 37,54,126 38,55,127 42,62,144 43,68,149
116,137,255 133,143,249 121,136,249 108,133,254 107,133,251 83,111,244 97,117,217 54,68,132 36,46,109 33,38,103 34,40,102 29,35,97 30,33,96 37,38,99 27,30,93 30,33,96 31,30,90 23,26,85 29,30,89 24,27,86 20,23,82 30,40,114 94,123,255 46,64,129 36,39,102 37,47,112 39,58,138 39,64,145 39,63,149 50,73,166 60,84,185 62,89,189
117,135,255 126,139,255 116,135,254 140,149,242 132,144,238 53,91,247 76,112,255 116,139,255 52,76,193 34,47,118 35,54,132 38,54,133 37,53,130 35,47,123 35,44,116 34,45,116 32,42,118 30,42,116 34,44,118 31,41,115 30,42,118 34,46,122 147,178,255 69,93,171 36,53,127 39,62,145 43,66,161 44,71,167 55,83,185 66,93,204 64,91,202 55,75,189
97,123,255 111,135,254 123,138,251 141,146,242 139,147,245 57,94,242 74,111,255 129,144,255 91,115,255 40,60,158 42,63,158 40,62,150 42,63,158 39,56,146 37,54,144 34,49,135 33,48,134 33,46,131 36,50,141 37,53,150 36,53,145 41,64,188 66,104,255 49,72,180 38,60,160 43,66,170 47,70,176 53,80,189 64,95,210 62,93,208 57,86,201 50,72,185
79,104,255 104,132,254 125,141,249 132,144,245 154,154,248 77,108,253 61,95,248 66,101,255 89,115,255 54,80,196 46,69,177 47,70,178 45,67,169 45,67,169 42,61,152 41,62,155 47,64,163 40,59,150 38,59,152 36,56,156 39,59,161 86,113,255 197,223,255 48,74,179 47,70,174 51,73,184 50,77,186 54,84,194 53,83,193 56,82,196 51,78,189 89,118,233
113,137,254 103,130,255 106,130,249 104,129,250 131,138,245 104,123,240 42,84,228 53,92,241 126,139,255 51,77,191 43,75,185 54,89,219 53,84,209 46,73,182 47,70,176 45,66,171 43,64,169 44,67,175 40,61,168 47,73,180 61,87,247 153,183,255 70,95,205 51,78,189 52,82,192 54,83,196 50,76,190 52,81,194 48,78,188 113,137,252 146,151,243 136,145,255
115,136,255 108,130,255 107,127,250 106,130,249 114,134,248 119,130,240 102,133,255 40,83,208 90,116,255 62,96,235 56,92,233 62,96,235 59,95,238 54,87,203 48,78,186 49,76,185 44,70,177 46,68,179 51,80,193 106,135,255 175,205,255 69,97,203 52,82,192 50,77,188 51,78,189 51,80,193 48,77,190 47,76,193 93,116,224 118,134,240 85,118,234 70,102,242
136,142,255 130,143,255 106,134,255 104,129,250 114,134,248 145,147,242 118,136,248 75,109,233 43,84,217 65,98,240 63,95,231 61,95,234 59,96,232 59,93,221 54,85,198 53,86,202 48,82,191 45,78,192 58,92,220 54,85,198 47,83,194 53,83,193 42,73,188 42,73,188 45,74,191 47,78,191 48,77,192 90,107,206 125,146,255 110,135,255 77,109,245 71,105,244
111,129,253 127,139,255 97,125,255 111,129,253 121,136,251 115,135,247 89,115,248 85,116,243 50,90,230 64,95,238 61,99,228 61,99,230 60,99,233 60,98,229 52,87,205 52,87,205 54,91,208 51,88,205 43,79,194 42,78,193 49,80,195 48,81,195 52,83,198 49,80,195 51,82,197 49,85,196 108,138,248 115,134,255 107,130,252 89,118,244 87,121,249 106,135,250
101,123,255 105,129,255 88,117,255 83,117,255 87,120,251 89,123,249 128,144,241 123,137,246 109,131,244 51,93,221 57,97,228 59,99,230 60,100,229 57,97,228 62,96,231 58,92,216 58,93,213 64,96,217 48,81,197 41,76,194 42,78,193 43,79,194 50,83,197 49,82,198 54,87,203 93,116,220 118,140,242 102,131,248 82,118,243 76,110,236 94,123,249 89,120,245
97,122,255 99,125,255 89,113,255 86,117,255 94,125,254 98,130,249 137,151,233 129,136,241 119,130,238 130,142,236 46,89,214 65,103,234 100,122,235 88,119,232 67,104,240 66,103,239 78,112,238 66,97,212 67,97,217 43,78,198 42,77,197 44,79,199 44,79,197 46,81,199 51,87,200 57,88,205 135,152,244 94,124,246 79,116,233 74,113,247 74,113,251 70,106,247
85,110,255 81,105,255 79,104,254 83,110,250 126,138,243 128,145,246 120,140,238 145,154,235 109,131,244 79,109,231 97,123,239 121,136,236 98,122,241 93,119,235 87,117,237 93,126,255 80,114,242 68,97,210 69,92,198 66,98,217 73,107,231 59,89,197 43,77,201 74,105,220 114,141,252 87,118,235 113,143,253 95,124,250 89,122,255 72,110,251 71,111,253 69,112,251

0,11,39 5,13,41 0,12,40 14,29,74 12,28,80 13,34,82 12,32,74 11,28,71 17,31,72 14,23,66 5,13,59 8,17,60 7,16,59 7,16,59 8,17,60 7,16,59 8,17,60 8,17,60 8,17,60 8,17,60 9,19,64 10,20,65 11,21,66 10,20,65 11,20,63 13,23,68 10,17,54 13,11,35 12,21,64 13,22,65 12,21,64 13,22,63
41,64,120 44,64,119 42,64,123 46,68,129 47,73,137 42,64,123 30,49,98 18,34,74 23,34,74 10,20,65 8,16,62 8,17,58 8,17,60 10,18,64 10,19,62 8,17,60 8,17,60 8,17,60 10,19,62 7,16,59 8,17,60 11,19,65 10,20,65 11,19,65 12,21,64 11,22,64 10,19,58 9,16,51 13,22,65 14,23,66 13,22,61 13,22,61
65,95,245 91,118,255 45,66,130 43,65,124 41,62,126 36,59,115 27,43,91 25,38,84 21,29,75 11,19,67 5,14,57 8,17,60 8,16,64 12,20,66 10,18,64 8,16,62 8,16,62 10,18,64 10,18,64 10,18,64 10,18,64 11,19,65 10,18,64 11,19,65 10,18,64 12,20,66 11,20,59 12,21,64 12,21,64 13,22,63 13,22,63 13,22,63
71,105,255 98,128,255 83,107,204 43,65,126 37,57,114 29,50,100 24,37,81 21,36,79 19,29,76 11,19,67 7,15,63 10,18,64 9,19,66 10,18,66 10,18,66 8,16,62 7,15,61 7,17,62 11,19,67 10,19,69 11,20,70 9,22,68 11,21,68 8,20,71 11,21,68 13,23,70 13,21,69 13,21,67 12,21,64 12,20,66 13,21,69 19,23,75
55,95,253 68,103,255 103,125,238 46,72,138 42,63,129 27,51,100 28,44,94 22,37,82 14,23,73 7,20,66 8,16,64 10,18,66 8,16,64 10,18,66 8,16,64 12,17,64 8,16,64 7,16,66 36,65,191 217,247,255 44,62,102 11,20,70 9,22,68 12,19,70 12,22,67 11,20,74 13,21,82 10,18,75 11,19,76 12,19,72 15,22,77 16,20,76
96,126,246 96,125,253 116,139,255 42,73,147 39,61,122 34,56,117 30,50,107 28,40,91 13,22,72 10,19,71 8,16,64 12,19,70 7,16,68 8,16,64 10,17,68 10,19,69 10,18,66 9,18,70 11,18,71 22,34,87 171,197,255 72,90,128 9,19,66 11,21,66 14,21,72 19,26,81 18,25,80 22,28,90 24,31,86 34,41,96 38,50,112 32,40,99
114,135,253 98,125,253 108,136,255 131,150,255 36,55,117 28,46,100 34,48,100 25,37,88 21,28,81 16,20,76 11,19,80 17,20,79 24,24,81 17,20,79 14,20,78 11,18,73 19,23,77 21,23,77 15,22,75 15,22,77 26,59,219 128,158,255 38,51,95 15,22,77 26,30,86 26,32,92 31,38,102 34,46,110 35,46,113 36,56,129 37,59,129 37,56,132
134,144,250 113,136,255 107,132,253 106,135,250 69,92,198 39,52,109 37,48,104 33,37,93 29,35,93 33,34,97 26,29,88 28,31,90 35,36,97 26,29,88 23,26,85 28,29,90 26,30,86 25,27,81 23,27,83 19,23,79 28,31,94 85,118,255 85,108,191 30,33,92 35,43,102 34,50,120 37,56,132 39,58,138 42,64,152 52,75,168 46,72,159 46,68,158
130,144,255 125,139,255 141,150,245 134,146,238 59,97,251 64,100,255 109,132,255 55,72,171 34,44,118 35,44,114 35,48,119 37,47,121 33,46,117 34,40,109 33,39,110 33,34,105 32,38,109 29,38,110 30,32,100 31,37,99 32,39,105 126,150,255 234,252,255 37,47,110 38,53,126 37,56,143 46,69,162 54,78,179 59,85,188 52,75,179 44,65,172 45,66,173
113,133,255 124,142,255 140,146,246 129,140,239 51,92,243 61,101,255 90,116,255 121,144,255 40,59,150 40,59,148 39,56,146 39,56,148 38,53,137 40,51,134 34,45,124 33,44,127 32,43,122 34,44,130 34,46,140 32,46,126 37,52,138 61,89,255 133,165,255 39,61,149 43,65,167 44,68,169 52,78,185 59,87,191 59,85,192 52,77,189 44,65,174 44,64,176
107,132,253 115,136,254 133,143,245 155,157,241 84,115,255 64,99,255 64,104,255 92,118,255 87,110,234 43,64,173 43,65,167 41,63,165 42,62,164 38,57,148 41,55,146 38,52,143 38,53,139 37,54,146 37,55,149 38,53,153 41,65,192 105,135,255 57,86,199 45,68,172 46,69,177 49,71,182 51,73,184 50,77,188 55,82,193 48,73,185 81,112,229 85,114,227
108,135,255 99,126,254 105,134,251 153,156,246 95,125,247 49,88,237 59,95,250 67,103,255 72,103,232 43,66,174 44,75,192 42,71,184 45,65,177 44,67,175 40,61,166 48,68,168 36,55,160 40,60,162 40,61,168 82,103,210 77,111,255 215,240,255 48,73,185 45,67,178 46,75,190 47,74,185 47,69,182 49,76,187 103,128,251 141,147,245 105,131,247 113,131,243
100,123,255 105,127,255 106,134,254 110,131,251 116,134,246 76,105,255 45,85,227 85,115,255 69,102,235 57,89,227 64,94,242 61,96,246 51,80,195 47,74,185 44,71,180 51,73,184 39,62,168 43,66,174 87,106,235 204,225,255 221,245,255 53,81,187 46,67,183 46,68,181 44,74,184 47,71,186 47,72,184 52,71,188 149,160,243 94,120,238 74,103,240 66,98,236
127,138,255 114,137,255 106,132,250 110,131,251 137,140,246 126,140,251 65,104,230 43,87,219 69,101,248 61,95,234 56,94,235 57,95,236 62,96,231 51,80,195 48,77,190 49,79,189 41,70,183 54,83,211 93,119,224 73,95,206 54,81,192 48,74,188 42,73,188 45,74,189 46,75,190 45,76,189 134,148,230 127,143,253 104,130,248 73,106,237 65,99,238 56,93,229
127,139,255 101,127,255 126,136,251 106,130,249 126,138,243 96,120,251 90,125,255 46,90,226 63,95,244 62,98,239 57,96,230 58,97,231 58,95,233 52,86,212 52,83,198 49,90,201 47,83,198 44,75,192 41,74,190 43,76,192 45,76,189 47,78,191 49,78,191 50,81,196 48,81,195 110,136,250 135,143,243 101,126,249 91,119,241 73,106,239 76,110,236 89,119,251
107,129,255 89,118,255 84,116,252 87,119,255 95,124,252 137,151,244 118,133,246 89,114,235 53,94,231 59,98,234 58,97,231 58,99,232 59,95,236 58,92,229 52,87,207 55,92,209 48,84,199 44,77,193 42,75,191 42,75,191 42,78,193 45,78,192 45,78,194 51,82,197 124,146,244 101,134,248 102,132,252 85,119,245 71,105,242 107,128,246 99,130,247 99,129,251
103,128,255 89,115,255 89,121,255 93,122,255 94,124,246 130,149,238 112,131,252 131,144,242 108,131,239 44,85,209 53,94,220 78,113,233 84,117,250 64,98,237 65,99,236 80,111,238 72,107,227 65,91,209 40,75,195 41,76,196 44,76,195 43,78,196 46,81,199 49,84,202 118,141,224 113,139,244 92,124,245 79,119,235 76,111,241 70,109,245 67,104,240 63,101,242
96,120,255 88,113,255 94,119,255 113,137,252 141,150,243 131,148,238 142,149,240 104,128,247 80,109,237 101,126,247 125,138,236 99,122,244 97,123,237 95,126,243 80,116,255 90,129,255 69,98,215 71,93,204 75,103,223 75,108,241 54,84,204 43,77,201 45,77,196 53,84,201 51,85,209 115,142,251 92,124,245 79,110,239 65,104,240 61,100,238 60,100,240 59,100,237