23,20,24 23,20,24 24,21,25 37,32,34 58,43,32 55,38,41 44,37,37 33,26,29 24,23,28 40,36,49 19,18,21 15,20,19 19,18,21 18,16,17 22,16,21 105,75,31 102,63,22 77,31,0 45,35,39 44,34,35 44,39,41 44,34,35 52,40,42 52,42,43 50,37,34 59,42,43 59,44,35 59,43,37 57,44,37 60,47,40 49,33,27 32,30,38
20,17,21 22,21,24 24,21,25 40,43,54 36,30,37 39,34,33 52,41,38 43,33,34 40,33,31 35,30,32 27,25,26 30,24,29 34,28,33 37,31,38 45,34,43 157,116,55 67,35,19 61,30,18 74,45,25 76,38,21 44,34,35 47,37,38 46,34,36 53,42,39 40,30,31 45,31,31 40,28,28 40,30,29 36,31,33 28,25,29 30,27,31 29,27,35
54,64,84 49,56,79 63,70,93 58,67,92 39,41,57 43,33,34 23,20,24 26,20,25 40,33,33 37,32,34 30,27,31 40,33,36 32,30,31 94,49,28 53,30,17 75,42,33 90,42,24 60,29,19 59,33,19 66,34,18 78,42,22 23,17,22 19,18,21 20,19,22 20,19,22 20,19,22 19,18,21 20,19,22 20,19,22 20,21,24 20,21,24 20,21,24
57,63,84 61,73,97 52,65,91 58,71,97 58,65,88 44,34,35 42,37,53 37,40,47 34,33,38 51,52,73 27,22,24 20,17,21 21,18,22 72,32,23 100,88,22 103,93,26 95,50,29 92,47,24 45,24,11 40,21,5 78,40,19 60,34,24 20,21,24 17,23,24 20,21,24 20,21,24 20,21,24 20,21,24 18,19,22 18,19,22 20,19,22 22,21,24
22,21,24 20,19,22 20,19,22 56,69,97 44,51,74 48,48,60 41,34,34 48,51,69 42,42,54 46,40,61 33,26,29 26,24,25 20,19,22 118,60,36 96,90,24 63,56,15 77,62,13 81,60,8 84,42,29 44,23,12 51,23,14 69,37,21 23,20,24 27,31,33 23,20,24 24,21,25 24,21,25 24,21,25 24,21,25 24,21,25 24,21,25 24,21,25
22,21,24 20,19,22 18,19,22 20,25,35 52,63,90 41,41,53 46,36,37 40,35,51 34,32,33 41,34,37 36,29,29 27,25,26 23,22,25 23,22,25 114,106,52 101,72,7 86,70,26 113,79,20 73,52,11 93,45,29 40,20,11 68,32,22 25,19,26 34,35,38 24,21,25 24,21,25 24,21,25 24,21,25 24,21,25 24,21,25 24,21,25 24,21,25
19,23,25 21,22,25 21,22,25 23,22,25 55,58,76 49,52,74 43,46,55 39,29,30 28,26,27 40,33,36 37,30,30 27,25,26 23,20,24 21,22,25 100,92,40 96,77,13 82,73,26 104,77,14 128,85,11 39,24,4 30,15,4 46,28,23 21,22,25 33,38,48 21,22,25 21,22,25 21,22,25 21,22,25 21,22,25 21,22,25 21,22,25 21,22,25
22,23,28 22,23,26 21,22,25 21,22,25 21,22,25 59,66,91 37,37,47 35,28,28 30,28,29 40,33,36 35,28,31 26,24,25 24,21,25 22,23,26 33,35,0 41,26,15 88,72,14 105,77,9 111,77,5 62,41,0 26,27,6 21,22,25 21,22,25 33,36,54 21,22,25 21,22,25 21,22,25 21,22,25 21,22,25 21,22,25 21,22,25 21,22,25
24,24,32 23,24,29 22,23,26 22,23,26 21,22,25 21,22,27 42,44,58 33,32,35 24,21,27 48,44,55 36,29,32 26,24,25 21,22,25 22,23,26 21,22,25 96,92,55 73,58,11 74,60,6 119,82,9 115,78,7 69,37,23 20,21,24 22,23,26 34,38,53 21,22,25 21,22,25 21,22,25 22,23,26 22,23,26 22,23,26 22,23,26 22,23,26
25,25,33 24,25,30 24,25,28 22,23,26 21,22,25 21,22,25 47,53,72 40,37,43 46,52,69 36,28,34 29,29,29 27,25,26 21,22,25 21,22,25 21,22,25 25,25,22 116,108,29 90,79,17 77,69,17 67,63,15 67,50,11 36,33,7 22,22,32 31,36,46 22,23,26 22,23,26 22,23,26 22,23,26 22,22,30 24,23,26 22,23,26 20,21,24
26,31,39 25,25,33 24,25,28 22,23,26 21,22,25 21,22,25 54,62,82 39,36,42 43,42,57 38,30,36 33,31,32 27,24,28 21,22,25 21,22,25 18,22,24 90,87,22 95,93,23 82,74,22 82,74,20 83,55,17 48,34,5 10,35,8 12,34,6 26,29,36 22,23,26 22,23,26 22,23,26 22,23,26 22,23,26 22,23,26 22,23,26 22,23,26
27,32,40 27,27,35 25,26,29 23,24,29 22,23,26 24,23,26 59,64,88 57,65,93 41,43,57 35,29,36 33,26,29 28,25,29 21,22,25 21,22,25 109,106,39 101,94,24 87,84,19 85,76,18 85,63,16 12,32,5 5,36,10 11,37,12 9,36,8 41,52,10 21,22,25 22,23,26 22,23,28 23,24,27 22,23,26 22,23,26 22,23,26 22,23,26
26,34,39 27,32,40 27,27,35 24,24,32 22,23,26 22,23,28 53,61,81 56,63,86 48,49,68 41,35,40 26,24,25 26,23,27 21,22,25 29,28,31 87,80,21 100,99,22 86,79,20 86,61,13 30,36,7 34,43,15 9,35,12 11,40,12 11,38,10 17,39,11 22,23,26 24,23,26 22,23,26 25,25,33 22,23,26 22,23,26 23,24,27 23,24,27
31,35,48 25,29,42 26,29,36 25,25,33 23,24,27 24,23,26 53,66,94 49,47,67 59,63,78 39,33,40 28,25,29 26,23,27 20,24,26 121,88,20 94,74,24 84,69,20 74,57,10 59,49,11 33,35,7 54,49,17 20,36,15 5,36,12 10,36,11 9,38,10 22,23,28 23,24,27 23,24,27 25,25,33 23,24,27 23,24,27 22,23,26 34,29,31
33,37,52 29,33,46 27,32,40 25,25,33 23,24,27 23,24,27 54,61,86 55,64,89 57,58,77 34,31,37 31,28,32 24,21,25 23,24,29 33,50,12 49,66,30 29,54,23 62,45,17 18,38,11 67,59,23 56,54,21 12,23,8 4,37,12 9,35,10 8,37,7 46,54,31 23,23,31 22,22,30 24,25,30 23,24,27 23,24,27 22,23,26 39,33,40
32,36,49 31,35,50 25,30,38 23,26,33 31,32,37 26,30,34 52,61,84 54,59,83 53,54,73 35,31,40 31,28,32 22,23,26 21,22,27 20,53,15 26,50,10 52,55,24 42,48,21 51,49,20 11,38,6 18,38,9 35,31,14 10,36,11 5,36,10 11,38,10 16,41,12 23,24,29 23,24,29 23,24,29 23,24,27 23,24,27 20,24,26 27,25,26
31,35,48 28,32,45 26,31,37 27,32,38 16,20,22 29,30,33 51,58,81 57,65,83 55,56,77 53,61,79 20,20,20 22,22,22 21,19,20 20,23,13 65,72,26 19,36,10 17,31,10 38,40,12 44,47,16 15,35,10 9,24,10 27,31,16 8,41,14 9,35,10 11,38,8 23,25,25 23,24,27 24,25,28 22,23,26 23,24,27 22,23,26 36,35,40
31,35,48 28,32,45 22,30,35 19,24,20 26,29,36 64,66,82 56,65,90 56,59,77 36,30,35 32,30,31 30,25,27 36,30,35 51,47,56 49,43,48 45,72,33 40,52,18 22,37,13 54,45,18 30,32,6 15,40,9 8,26,13 34,30,13 6,56,25 6,37,11 13,35,9 23,26,18 23,24,27 24,25,28 22,23,26 22,24,24 24,22,30 22,25,32

23,20,24 23,20,24 23,20,24 37,32,34 58,43,32 55,38,41 44,37,37 33,26,29 24,23,28 39,37,47 17,18,21 15,20,19 19,18,21 18,16,17 20,17,23 123,82,14 76,51,34 55,38,39 43,30,40 41,35,40 44,39,41 44,34,35 54,40,42 52,42,43 50,37,34 57,43,43 60,43,35 57,44,37 57,44,37 60,47,40 49,33,27 32,30,40
20,17,21 22,21,24 24,21,25 44,42,54 36,30,37 37,32,31 52,41,38 43,33,34 40,33,31 35,30,32 27,25,26 30,24,29 35,27,33 38,30,38 45,34,41 129,90,31 70,40,25 55,29,15 70,40,25 80,41,27 44,34,35 47,37,38 46,34,36 53,42,39 40,30,29 45,31,31 40,28,28 40,30,31 36,31,33 28,25,29 30,27,31 29,27,35
54,64,84 49,56,79 63,70,93 58,67,92 41,39,59 43,33,34 23,20,24 26,20,25 40,33,33 37,32,34 30,27,31 39,34,36 32,30,31 97,50,29 50,27,14 88,55,44 91,46,25 61,30,18 53,27,15 66,34,18 84,41,22 23,17,22 19,18,21 20,19,22 20,19,22 20,19,22 19,18,21 20,19,22 20,19,22 20,21,24 20,21,24 20,21,24
57,63,82 61,73,97 50,66,91 59,70,97 58,65,88 44,34,35 42,37,53 37,40,47 34,33,38 51,52,73 27,22,24 20,17,21 22,17,19 50,24,14 101,92,18 97,89,24 89,51,30 83,41,19 40,21,9 76,58,37 80,43,28 39,21,20 20,21,24 17,23,24 20,21,24 20,21,24 20,21,24 20,21,24 18,19,22 18,19,22 20,19,22 22,21,24
22,21,24 20,19,22 20,19,22 56,69,97 44,51,74 48,47,62 43,33,34 48,51,69 42,42,54 46,40,61 33,26,29 26,24,25 21,18,22 117,65,46 102,94,29 61,51,11 77,62,15 83,58,10 81,40,24 42,20,12 59,31,18 75,36,24 22,21,24 27,31,33 23,20,24 24,21,25 24,21,25 24,21,25 24,21,25 24,21,25 24,21,25 24,21,25
22,21,24 20,19,22 18,19,22 20,25,35 52,63,90 41,41,53 46,36,37 40,35,51 34,32,33 41,34,37 36,29,29 27,25,26 22,21,24 34,23,20 105,95,42 91,65,11 86,68,24 115,81,20 65,44,3 95,48,27 44,25,13 66,34,20 24,21,25 34,35,38 24,21,25 24,21,25 24,21,25 24,21,25 24,21,25 24,21,25 24,21,25 24,21,25
19,23,25 21,22,25 21,22,25 23,22,25 54,57,75 50,53,75 43,46,55 39,29,30 30,25,27 40,33,36 37,30,30 27,25,26 23,20,24 22,23,26 86,78,13 96,77,11 85,71,26 109,81,13 125,84,12 38,28,6 31,19,7 38,27,24 21,22,25 33,38,48 21,22,25 21,22,25 21,22,25 21,22,25 21,22,25 21,22,25 21,22,25 21,22,25
22,23,28 22,23,26 21,22,25 21,22,25 21,22,25 59,66,91 37,37,47 37,27,28 30,28,29 40,33,36 35,28,31 26,24,25 24,21,25 20,21,24 104,106,35 85,59,34 88,69,14 110,75,8 111,77,7 53,38,2 47,38,19 21,22,25 21,22,25 33,36,54 21,22,25 21,22,25 21,22,25 21,22,25 21,22,25 21,22,25 21,22,25 21,22,25
24,24,32 23,24,29 22,23,26 22,24,24 21,22,25 21,22,27 42,44,58 33,32,35 24,22,23 48,44,55 36,29,32 26,24,25 21,22,25 22,23,26 21,22,25 89,84,31 78,61,14 78,62,6 117,84,7 113,79,7 70,38,22 21,22,25 22,23,26 34,38,53 21,22,25 21,22,25 21,22,25 22,23,26 22,23,26 22,23,26 22,23,26 22,23,26
25,25,33 24,25,30 24,25,28 22,23,26 21,22,25 21,22,25 49,52,72 40,37,41 46,52,69 36,28,34 29,29,29 27,25,26 21,22,25 21,22,25 21,22,25 29,29,26 118,110,31 90,76,18 77,69,15 70,64,16 68,49,10 37,29,5 19,22,29 31,36,46 22,23,26 22,23,26 22,23,26 22,23,26 22,23,28 24,23,26 22,23,26 20,21,24
26,31,39 25,25,33 24,25,28 22,23,26 21,22,25 21,22,25 56,64,84 39,36,42 43,43,55 40,29,36 33,31,32 27,24,28 21,22,25 21,22,25 21,22,25 88,89,21 95,93,23 83,75,21 84,76,22 83,57,16 54,37,0 10,35,8 15,35,6 23,26,33 22,23,26 22,23,26 22,23,26 22,23,26 22,23,26 22,23,26 22,23,26 22,23,26
27,32,40 27,27,35 25,26,29 23,24,29 22,23,26 24,23,26 58,65,88 57,65,93 41,43,57 35,29,36 32,27,29 27,24,28 21,22,25 21,22,25 109,111,40 101,94,24 88,85,20 84,77,18 85,63,16 11,36,9 11,39,14 8,34,9 9,36,8 26,27,8 21,22,25 22,23,26 22,23,26 23,24,27 22,23,26 22,23,26 22,23,26 22,23,26
26,34,39 27,32,40 27,27,35 24,24,32 22,23,26 22,23,28 53,61,81 56,63,86 48,49,68 40,37,41 26,24,25 26,23,27 21,22,25 26,25,30 87,83,21 100,98,24 86,79,20 86,61,15 23,31,6 38,42,15 7,38,14 11,39,14 10,37,9 27,46,10 21,22,25 24,23,26 22,23,26 25,25,33 22,23,26 22,23,26 23,24,27 23,24,27
31,35,48 25,29,42 28,28,36 25,25,33 23,24,27 24,23,26 53,66,94 49,47,67 59,63,78 39,33,40 28,25,29 26,23,27 22,23,26 126,89,20 82,65,16 107,95,38 85,65,15 64,48,15 59,48,15 58,44,15 12,36,12 11,39,14 10,36,11 6,38,7 23,22,25 23,24,27 23,24,27 25,25,33 23,24,27 22,23,26 22,23,26 34,29,31
33,37,52 29,33,46 27,32,40 25,25,33 23,24,27 23,24,27 54,61,86 55,64,89 55,56,75 34,31,37 31,28,32 24,21,25 22,23,28 26,52,18 28,60,27 36,53,25 66,48,18 17,39,11 25,41,10 61,55,19 13,22,5 4,37,10 14,38,14 6,38,9 31,30,33 23,23,31 22,22,30 24,25,30 23,24,27 23,24,27 22,23,26 39,33,40
32,36,49 31,35,50 25,30,38 23,26,33 31,32,37 28,29,34 52,61,84 54,59,83 53,54,73 35,31,40 31,28,32 22,23,26 19,23,27 20,58,20 28,50,13 39,46,14 46,38,14 56,47,16 9,41,10 18,38,9 34,30,13 8,36,11 8,36,13 11,37,12 27,45,12 25,24,27 23,24,29 23,24,29 23,24,27 23,24,27 20,24,26 27,25,26
31,35,50 28,33,43 26,31,37 27,32,38 16,20,22 29,30,33 51,59,79 58,64,83 55,56,77 53,61,79 20,20,20 22,22,22 21,19,20 33,41,20 61,74,33 30,36,7 23,31,6 36,41,17 37,37,5 18,38,11 11,22,9 29,43,24 12,40,15 6,34,9 13,35,5 23,24,29 23,24,27 24,25,28 22,23,26 23,24,27 22,23,26 36,35,40
29,33,46 28,32,45 22,30,35 19,24,20 26,29,36 64,66,82 54,66,90 56,59,77 34,31,35 32,30,31 30,25,27 35,33,34 51,47,56 48,45,51 22,58,16 30,39,9 26,39,16 52,44,20 38,32,7 17,39,11 8,26,13 34,30,13 6,56,23 7,35,12 11,36,9 22,22,22 23,24,27 24,25,28 22,23,26 22,24,24 24,22,30 22,25,32

23,20,24 23,20,24 23,20,24 37,32,34 58,43,32 55,38,41 44,37,37 33,26,29 24,23,28 40,36,47 17,18,21 15,20,19 19,18,21 18,16,17 19,16,20 112,77,21 117,74,25 142,89,46 46,34,39 45,35,39 44,39,41 44,34,35 52,40,42 52,42,43 50,37,34 59,42,43 60,43,35 57,44,37 57,44,37 60,47,40 49,33,27 32,30,40
20,17,21 22,21,24 24,21,25 44,42,54 36,30,37 37,32,31 52,41,38 43,33,34 40,33,31 35,30,32 27,25,26 30,24,29 35,27,33 38,30,38 42,34,42 162,113,46 75,44,21 69,37,23 64,32,16 87,49,32 44,34,35 47,37,38 48,34,36 53,42,39 40,30,29 45,31,31 40,28,28 40,30,31 36,31,33 28,25,29 30,27,31 29,27,35
54,64,84 49,56,79 63,70,93 58,67,92 41,40,57 43,33,34 23,20,24 26,20,25 40,33,33 37,32,34 30,27,31 39,34,36 32,30,31 87,52,37 57,31,17 45,26,14 63,30,19 90,45,22 67,35,21 53,30,17 89,46,31 23,17,22 19,18,21 20,19,22 20,19,22 20,19,22 19,18,21 20,19,22 20,19,22 20,21,24 20,21,24 20,21,24
57,63,82 61,72,99 52,65,91 58,71,97 58,65,88 44,34,35 42,37,53 37,40,47 34,33,38 51,52,73 27,22,24 20,17,21 21,18,22 113,50,30 51,40,7 95,83,24 86,79,22 88,48,25 96,49,28 42,21,6 66,43,1 67,39,28 20,21,24 17,23,24 20,21,24 20,21,24 20,21,24 20,21,24 18,19,22 18,19,22 20,19,22 22,21,24
22,21,24 20,19,22 20,19,22 56,69,97 44,51,74 48,47,62 43,33,34 48,51,69 42,42,54 46,40,61 33,26,29 26,24,25 18,19,22 126,66,43 79,69,27 94,86,23 58,48,10 81,65,11 86,52,11 74,36,19 34,17,7 72,37,22 22,21,24 27,31,33 23,20,24 24,21,25 24,21,25 24,21,25 24,21,25 24,21,25 24,21,25 24,21,25
22,21,24 20,19,22 18,19,22 20,25,35 52,64,88 41,41,53 46,36,37 40,35,51 34,32,33 41,34,37 36,29,29 27,25,26 25,22,26 98,77,21 50,43,23 95,82,32 93,69,18 92,72,26 119,81,17 65,41,6 48,25,12 57,29,16 23,20,24 34,35,38 24,21,25 24,21,25 24,21,25 24,21,25 24,21,25 24,21,25 24,21,25 24,21,25
19,23,25 21,22,25 21,22,25 23,22,25 54,57,75 50,53,75 43,46,55 39,29,30 28,26,27 40,33,36 37,30,30 27,25,26 23,20,24 22,23,26 113,109,51 115,110,30 109,79,10 85,65,19 119,82,13 107,73,1 83,42,26 41,27,27 21,22,25 33,38,48 21,22,25 21,22,25 21,22,25 21,22,25 21,22,25 21,22,25 21,22,25 21,22,25
22,23,28 22,23,26 21,22,25 21,22,25 21,22,25 59,66,91 37,37,47 37,27,28 30,28,29 40,33,36 35,28,31 26,24,25 24,21,25 21,22,25 29,25,19 102,93,48 86,53,16 100,73,8 111,77,7 109,78,14 24,23,26 21,22,25 21,22,25 33,37,52 21,22,25 21,22,25 21,22,25 21,22,25 21,22,25 21,22,25 21,22,25 21,22,25
24,24,32 23,24,29 22,23,26 22,23,26 21,22,25 21,22,27 42,44,58 33,32,35 24,22,23 48,44,55 36,29,32 26,24,25 21,22,25 22,23,26 21,22,25 23,22,25 64,49,13 77,57,11 117,78,7 103,73,4 19,23,25 21,22,25 22,23,26 34,38,53 21,22,25 21,22,25 21,22,25 22,23,26 22,23,26 22,23,26 22,23,26 22,23,26
25,25,33 24,25,30 24,25,28 22,23,26 21,22,25 21,22,25 49,52,72 40,37,41 46,52,69 36,28,34 29,29,29 26,24,25 21,22,25 21,22,25 21,22,25 22,21,26 114,106,27 89,78,16 77,69,17 71,66,15 73,50,10 41,32,3 22,24,21 29,37,46 22,23,26 22,23,26 22,23,26 22,23,26 22,22,30 24,23,26 22,23,26 20,21,24
26,31,39 25,25,33 24,25,28 22,23,26 21,22,25 21,22,25 56,64,84 39,36,42 43,43,55 40,29,36 33,31,32 27,24,28 21,22,25 21,22,25 23,22,25 88,89,21 96,93,28 84,76,22 80,78,20 79,58,17 36,34,1 12,37,10 11,36,5 23,26,33 22,23,26 22,23,26 22,23,26 22,23,26 22,23,26 22,23,26 22,23,26 22,23,26
27,32,40 27,27,35 25,26,29 23,24,29 22,23,26 24,23,26 58,65,88 57,65,93 41,43,57 35,29,36 30,25,27 28,25,29 21,22,25 21,22,25 103,100,35 102,95,23 89,86,21 84,77,20 84,59,15 24,34,8 11,39,16 10,34,10 9,36,8 35,46,4 21,22,25 22,23,26 22,23,26 23,24,27 22,23,26 22,23,26 22,23,26 22,23,26
26,34,39 27,32,40 27,27,35 24,24,32 22,23,26 22,23,28 54,60,81 56,63,86 50,48,68 40,37,41 26,24,25 26,23,27 21,22,25 23,24,29 87,83,21 104,99,26 87,78,20 84,59,11 18,41,6 49,37,7 7,38,12 9,40,14 11,38,10 19,41,11 21,22,25 24,23,26 22,23,26 25,25,33 22,23,26 22,23,26 23,24,27 23,24,27
31,35,48 25,29,42 28,28,36 25,25,33 23,24,27 24,23,26 53,66,94 49,47,67 59,63,78 39,33,40 28,25,29 27,24,28 22,23,26 124,89,22 92,75,24 90,77,25 73,53,5 52,47,17 52,43,12 66,52,23 19,38,16 9,40,14 11,37,12 9,38,8 22,23,26 23,24,27 23,24,27 25,25,33 23,24,27 22,23,26 22,23,26 34,29,31
33,37,52 29,33,46 27,32,40 25,25,33 23,24,27 23,24,27 54,61,86 55,64,89 55,56,75 34,31,37 31,28,32 24,21,25 22,23,28 29,51,14 42,68,32 31,56,25 59,45,18 16,38,10 73,61,24 54,53,17 10,24,5 9,37,12 11,37,12 8,37,9 45,47,32 23,23,31 22,22,30 24,25,30 23,24,27 23,24,27 22,23,26 39,33,40
32,36,49 31,35,50 25,30,38 23,26,33 31,32,37 28,29,34 52,61,84 54,59,83 52,55,73 35,31,40 31,28,32 22,23,26 21,22,27 19,54,15 23,51,14 43,48,16 41,44,20 48,45,19 6,38,7 15,40,9 32,25,9 11,37,12 7,38,14 11,35,11 14,36,6 23,24,27 23,24,29 23,24,29 23,24,27 23,24,27 20,24,26 26,26,26
31,35,50 28,33,43 26,31,37 27,32,38 16,20,22 29,30,33 49,59,79 58,64,83 55,56,77 53,61,79 20,20,20 22,22,22 21,19,20 25,32,16 60,66,27 19,36,10 22,32,6 25,35,13 60,54,20 14,34,7 7,22,8 24,38,19 8,44,16 7,35,10 11,36,7 25,25,25 23,24,27 23,24,27 22,23,26 23,24,27 22,23,26 36,35,40
29,33,46 28,32,45 22,30,35 19,24,20 26,29,36 64,66,82 54,66,90 56,59,77 34,31,35 32,30,31 30,25,27 35,33,34 51,47,56 50,44,49 62,86,46 42,45,14 41,44,20 50,37,14 21,31,5 13,35,9 7,25,12 25,22,7 5,55,22 7,35,10 13,35,9 23,23,23 23,24,27 24,25,28 22,23,26 22,24,24 24,22,30 22,25,32

23,20,24 23,20,24 23,20,24 37,32,34 58,43,32 55,38,41 44,37,37 33,26,29 24,23,28 40,36,47 17,18,21 15,20,19 19,18,21 18,16,17 20,17,21 38,28,29 74,56,37 122,72,26 117,73,22 44,33,40 44,39,41 44,34,35 52,40,42 52,42,41 50,37,34 59,42,43 59,44,35 57,44,37 57,44,37 60,47,40 49,33,27 32,30,40
20,17,21 22,21,24 24,21,25 44,42,54 36,30,37 37,32,31 52,41,38 43,33,34 40,33,31 35,30,32 27,25,26 30,24,29 35,27,33 38,30,38 44,33,42 73,46,30 108,65,16 89,43,2 79,45,25 85,44,28 56,40,36 47,37,38 48,34,36 53,42,37 41,29,31 45,31,31 39,29,28 40,30,31 36,31,33 28,25,29 30,27,31 29,27,35
54,64,84 49,56,79 63,70,93 58,67,92 41,40,57 43,33,34 23,20,24 26,20,25 40,33,33 37,32,34 30,27,31 39,34,36 32,32,32 27,25,26 116,60,36 63,32,20 76,41,28 56,30,16 75,37,27 78,37,21 73,38,25 40,27,22 19,18,21 20,19,22 20,19,22 20,19,22 19,18,21 20,19,22 20,19,22 20,21,24 20,21,24 20,21,24
57,63,82 61,73,97 52,65,91 58,71,97 58,65,88 44,34,35 42,37,53 39,39,47 34,33,38 50,53,73 27,22,24 20,17,21 21,18,22 35,28,28 117,54,32 59,44,22 79,64,13 82,69,21 72,57,17 90,44,26 63,31,17 80,44,26 18,19,22 17,23,24 20,21,24 20,21,24 20,21,24 20,21,24 18,19,22 18,19,22 20,19,22 22,21,24
22,21,24 20,19,22 20,19,22 56,69,97 44,51,74 48,47,62 43,33,34 48,51,69 42,42,54 46,40,61 33,26,29 26,24,25 20,19,22 108,61,40 85,42,23 76,70,22 80,67,19 91,72,8 77,61,3 92,62,6 82,39,22 79,52,20 30,22,28 27,31,33 23,20,24 24,21,25 24,21,25 24,21,25 24,21,25 24,21,25 24,21,25 24,21,25
22,21,24 20,19,22 18,19,22 20,25,35 52,64,88 41,41,53 46,36,37 40,35,51 34,32,33 43,33,37 36,29,29 27,25,26 22,21,24 81,61,13 95,49,33 71,61,19 66,54,17 113,83,16 90,65,17 113,80,14 56,30,16 48,22,12 26,20,25 34,35,38 24,21,25 24,21,25 24,21,25 24,21,25 24,21,25 24,21,25 24,21,25 24,21,25
19,23,25 21,22,25 21,22,25 23,22,25 54,57,75 50,53,75 42,47,55 39,29,30 28,26,27 40,33,36 37,30,30 27,25,26 23,20,24 47,38,34 85,48,33 110,104,56 83,68,17 93,70,10 96,69,8 111,77,14 41,18,7 37,25,27 21,22,25 33,38,48 21,22,25 21,22,25 21,22,25 21,22,25 21,22,25 21,22,25 21,22,25 21,22,25
22,23,28 22,23,26 21,22,25 21,22,25 21,22,25 59,66,91 37,37,47 37,27,28 30,28,29 40,33,36 35,28,31 26,24,25 24,21,25 21,22,25 43,25,22 107,101,53 75,66,19 50,31,17 101,73,17 114,77,6 19,23,25 21,22,25 21,22,25 33,36,54 21,22,25 21,22,25 21,22,25 21,22,25 21,22,25 21,22,25 21,22,25 21,22,25
24,24,32 23,24,29 22,23,26 22,24,24 21,22,25 21,22,27 42,44,58 33,32,35 24,22,23 48,44,55 36,29,32 26,24,25 21,22,25 22,23,26 21,22,25 21,22,25 74,73,21 78,64,21 87,62,5 95,66,1 22,24,21 21,22,25 22,23,26 34,38,53 21,22,25 21,22,25 21,22,25 22,23,26 22,23,26 22,23,26 22,23,26 22,23,26
25,25,33 24,24,32 24,25,28 22,23,26 21,22,25 21,22,25 49,52,72 40,37,41 46,52,69 36,28,34 30,30,30 26,24,25 21,22,25 21,22,25 21,22,25 22,22,22 107,98,22 85,77,14 74,64,13 70,65,14 76,55,14 37,32,2 34,31,16 29,37,46 22,23,26 22,23,26 22,23,26 22,23,26 22,22,30 24,23,26 22,23,26 20,21,24
26,31,39 25,25,33 24,25,28 22,23,26 21,22,25 21,22,25 56,64,84 39,36,42 43,42,57 40,29,36 33,31,32 27,24,28 21,22,25 21,22,25 24,21,27 90,88,18 95,92,27 80,75,20 78,76,16 81,56,12 58,51,22 8,34,9 9,34,7 25,28,35 22,23,26 22,23,26 22,23,26 22,23,26 22,23,26 22,23,26 22,23,26 22,23,26
27,32,40 27,27,35 25,26,31 23,24,29 22,23,26 24,23,26 58,65,88 57,65,93 43,42,59 35,29,34 30,25,27 27,24,28 21,22,25 21,22,25 108,108,34 101,94,22 89,82,23 83,76,17 83,58,10 28,38,12 9,37,14 10,36,11 10,37,9 44,61,14 21,22,25 22,23,26 22,23,26 23,24,27 22,23,26 22,23,26 22,23,26 22,23,26
26,34,39 27,32,40 27,27,35 24,24,32 22,23,26 22,23,28 53,61,81 56,63,86 50,48,68 40,37,41 26,24,25 26,23,27 21,22,25 27,25,33 87,83,21 104,99,26 89,82,21 83,58,12 37,37,7 46,49,18 8,34,9 6,37,11 9,37,12 9,38,10 22,23,26 24,23,26 22,23,26 25,25,33 22,23,26 22,23,26 23,24,27 23,24,27
31,35,48 25,29,42 28,28,36 25,26,31 23,24,27 22,23,26 54,65,94 49,47,67 59,63,78 39,33,40 28,25,29 26,23,27 22,23,26 120,91,28 97,78,25 92,72,22 76,56,10 37,32,0 16,38,8 25,41,10 19,20,8 4,35,9 9,37,12 11,38,10 24,25,28 23,24,27 23,24,27 25,25,33 23,24,27 22,23,26 22,23,26 34,29,31
33,37,52 29,33,46 27,32,40 25,25,33 23,24,27 23,24,27 54,61,86 55,64,89 55,56,75 34,31,37 31,28,32 24,21,25 22,23,28 70,71,34 61,56,15 11,48,17 14,38,14 14,39,12 75,45,3 57,44,10 10,23,7 4,35,11 5,37,8 11,38,10 23,42,4 23,23,31 22,22,30 24,25,30 23,24,27 23,24,27 22,23,26 39,33,40
32,36,49 31,35,50 25,30,38 23,26,33 31,32,37 28,29,34 52,61,84 54,59,83 52,55,73 35,31,40 31,28,32 22,23,26 21,22,27 19,48,16 17,59,24 54,59,27 34,44,18 29,42,17 16,38,10 11,39,4 23,24,5 21,35,14 7,35,10 7,35,10 11,36,7 23,24,29 23,24,29 23,24,29 23,24,27 23,24,27 20,24,26 27,25,26
31,35,50 29,33,46 26,31,37 26,31,37 16,20,22 29,30,33 51,59,79 58,64,83 55,56,77 53,61,79 20,20,20 22,22,22 21,19,20 23,26,16 50,56,17 19,41,15 47,43,22 15,32,4 45,38,0 17,40,5 11,24,8 11,20,3 6,44,15 6,37,11 10,34,10 29,29,26 23,24,27 24,25,28 22,23,26 23,24,27 22,23,26 36,35,40
29,33,46 28,32,45 22,30,35 19,24,20 26,29,36 64,66,82 54,66,90 56,59,77 34,31,35 32,30,31 30,25,27 35,32,36 51,47,56 46,43,49 63,74,32 42,54,20 50,53,29 64,48,17 13,33,8 12,34,8 8,23,11 23,24,5 16,62,28 7,35,12 13,35,9 27,34,0 23,24,27 24,25,28 22,23,26 22,24,24 24,22,30 22,25,32

23,20,24 23,20,24 23,20,24 37,32,34 58,43,32 55,38,41 44,37,37 33,26,29 24,23,28 40,36,49 17,18,21 15,20,19 19,18,21 18,16,17 20,17,23 37,30,33 95,72,14 53,40,37 129,67,9 44,34,33 44,39,41 44,34,35 54,40,42 52,42,43 50,37,34 59,42,43 60,43,35 59,43,37 57,44,37 60,47,40 49,33,27 32,30,40
20,17,21 22,21,24 24,21,25 44,42,54 36,30,37 37,32,31 52,41,38 43,33,34 40,33,31 35,30,32 27,25,26 30,24,29 35,27,33 38,30,38 45,32,40 89,58,37 116,70,11 83,46,6 72,38,16 81,40,22 58,41,33 47,37,38 48,34,36 53,42,39 39,29,28 40,28,28 40,28,28 41,29,29 36,31,33 28,25,29 30,27,31 29,27,35
54,64,84 49,56,81 63,70,93 58,67,92 41,40,57 43,33,34 23,20,24 26,20,25 40,33,36 37,32,34 30,27,31 39,34,36 32,32,32 29,24,26 131,75,51 75,38,25 73,39,21 54,31,16 60,32,19 93,46,23 71,36,23 50,33,25 19,18,21 20,19,22 20,19,22 20,19,22 20,17,21 20,19,22 20,19,22 20,21,24 20,21,24 20,21,24
57,63,84 61,73,97 52,65,91 58,71,97 58,65,88 44,34,33 42,38,51 39,39,47 34,33,38 50,53,75 27,22,24 20,17,21 21,18,22 18,19,22 122,57,36 47,26,13 86,66,18 85,68,17 76,62,17 88,47,27 69,37,21 77,40,25 20,21,24 17,23,24 20,21,24 20,21,24 20,21,24 20,21,24 18,19,22 18,19,22 20,19,22 22,21,24
22,21,24 20,19,22 20,19,22 56,69,97 44,51,74 48,47,62 43,33,34 49,50,69 42,42,54 48,43,61 33,26,29 26,24,25 21,18,22 80,44,24 107,55,36 79,69,20 79,64,17 95,73,6 80,61,6 92,65,2 86,40,24 80,54,13 31,19,21 27,31,33 23,20,24 24,21,25 24,21,25 24,21,25 24,21,25 24,21,25 24,21,25 24,21,25
22,21,24 20,19,22 18,19,22 20,25,35 52,64,88 41,41,53 45,35,36 40,36,49 34,32,33 44,34,38 36,29,29 27,25,26 22,21,26 72,48,15 70,40,23 102,94,29 62,49,17 98,77,21 89,64,16 108,77,15 45,24,9 47,23,15 29,23,28 34,35,38 24,21,25 24,21,25 24,21,25 24,21,25 24,21,25 24,21,25 24,21,25 24,21,25
19,23,25 21,22,25 21,22,25 23,22,25 54,57,75 50,53,75 42,47,55 39,29,30 28,26,27 40,33,36 36,29,29 27,25,26 23,20,24 28,25,29 96,59,44 110,108,48 87,65,16 95,73,8 121,84,11 107,76,16 45,24,13 41,25,23 21,22,25 33,38,48 21,22,25 21,22,25 21,22,25 21,22,25 21,22,25 21,22,25 21,22,25 21,22,25
22,23,28 22,23,26 21,22,25 21,22,25 21,22,25 59,66,91 37,37,47 35,28,28 30,28,29 40,33,36 35,28,31 26,24,25 24,21,25 22,23,26 36,19,20 66,45,30 89,86,21 84,55,31 104,73,9 112,77,10 23,24,29 21,22,25 21,22,25 33,36,54 21,22,25 21,22,25 21,22,25 21,22,25 21,22,25 21,22,25 21,22,25 21,22,25
24,24,32 23,24,29 22,23,26 22,23,26 21,22,25 21,22,27 42,44,58 33,32,35 24,22,23 48,44,55 36,29,32 26,24,25 21,22,25 22,23,26 21,22,25 21,22,25 77,79,22 72,62,22 83,59,4 96,66,0 24,22,30 21,22,25 22,23,26 34,38,53 21,22,25 21,22,25 21,22,25 22,23,26 22,23,26 22,23,26 22,23,26 22,23,26
25,25,33 24,24,32 24,25,28 22,23,26 21,22,25 21,22,25 49,52,72 40,37,41 46,52,69 36,28,34 29,29,29 26,24,25 21,22,25 21,22,25 21,22,25 23,23,23 104,94,25 87,78,18 74,64,13 68,62,14 80,57,17 16,31,5 42,41,16 29,37,44 22,23,26 22,23,26 22,23,26 22,23,26 22,22,30 24,23,26 22,23,26 20,21,24
26,31,39 25,25,33 24,25,28 22,23,26 21,22,25 21,22,25 56,64,84 39,36,42 43,42,57 40,29,36 35,30,32 28,26,27 21,22,25 21,22,25 22,23,28 87,86,21 94,91,26 78,74,16 82,74,20 76,58,14 16,43,15 10,36,11 11,35,11 26,29,36 22,23,26 22,23,26 22,23,26 22,23,26 22,23,26 22,23,26 22,23,26 22,23,26
27,32,40 27,27,35 25,25,33 23,24,29 22,23,26 24,23,26 58,65,88 57,65,93 43,42,59 35,29,34 32,27,29 27,24,28 21,22,25 21,22,25 105,105,33 99,92,24 84,81,16 83,74,16 84,59,13 22,37,13 10,34,12 10,36,11 10,37,9 24,42,11 21,22,25 22,23,26 22,23,26 23,24,27 22,23,26 22,23,26 22,23,26 22,23,26
26,34,41 27,32,40 27,27,35 24,24,32 22,23,26 22,23,28 54,60,81 56,63,86 50,48,68 40,37,41 26,24,25 26,23,27 21,22,25 30,27,33 84,80,18 102,97,26 87,81,17 84,59,11 14,36,10 17,37,12 8,34,11 8,36,13 9,35,10 9,38,10 21,22,25 24,23,26 22,23,26 25,25,33 22,23,26 22,23,26 23,24,27 22,23,26
31,35,48 25,29,42 28,28,36 25,25,33 23,24,27 22,23,26 54,65,94 49,47,67 59,63,78 39,33,40 28,25,29 27,24,28 22,23,26 105,82,22 95,76,23 92,71,19 82,60,15 33,33,0 32,41,11 11,38,8 24,16,5 5,36,10 9,35,12 11,38,10 48,53,31 23,24,27 23,24,27 25,25,33 23,24,27 22,23,26 22,23,26 34,29,31
33,37,52 29,33,46 27,32,40 25,25,33 23,24,27 23,24,27 54,61,86 55,64,89 55,56,75 35,32,38 31,28,32 24,21,25 22,23,26 73,72,34 62,63,15 22,48,14 9,35,10 11,36,9 46,34,0 61,44,9 13,29,10 12,33,12 7,35,12 11,37,12 13,40,8 23,23,31 22,22,30 24,25,30 23,24,27 23,24,27 22,23,26 39,33,40
32,36,49 31,35,48 25,30,38 23,26,33 31,32,37 28,29,34 52,61,84 54,59,83 52,55,73 35,31,40 31,28,32 22,23,26 21,22,27 22,50,13 14,51,16 41,47,18 29,42,19 22,39,15 17,34,6 11,38,6 33,35,9 30,30,16 7,35,10 10,36,11 11,38,10 25,26,31 23,24,29 23,24,29 23,24,27 23,24,27 22,23,26 27,25,26
31,35,50 28,32,45 26,31,37 26,31,37 16,20,22 29,30,33 51,59,79 58,64,83 55,56,77 53,61,79 20,20,20 22,22,22 21,19,20 30,30,27 61,66,34 25,38,13 56,47,20 19,34,8 30,33,0 24,38,8 21,38,10 7,21,2 10,36,11 7,38,12 13,35,9 33,50,10 23,24,27 24,25,28 22,23,26 23,24,27 22,23,26 36,35,40
29,33,46 28,32,45 22,30,35 19,24,20 26,29,36 64,66,82 54,66,90 56,59,79 34,31,35 32,30,31 30,25,27 35,32,36 50,48,56 50,44,51 49,58,12 24,45,13 25,40,16 67,47,15 13,34,11 14,38,14 10,28,13 24,25,6 26,55,25 8,50,17 12,33,10 12,37,8 23,24,27 24,25,28 22,23,26 22,24,24 24,22,30 22,25,32

23,20,24 23,20,24 23,20,24 37,32,34 58,43,32 54,37,38 46,36,37 33,26,29 24,23,28 40,36,47 17,18,21 17,19,19 19,18,21 18,16,17 19,16,22 37,32,31 116,90,40 59,42,32 144,74,14 45,35,36 44,39,41 44,34,35 54,40,42 52,42,43 50,37,34 59,42,43 59,44,35 59,43,37 57,45,35 60,47,40 49,33,29 32,30,40
20,17,21 22,21,24 24,21,25 45,43,55 36,30,37 39,34,33 52,40,40 44,34,35 40,33,31 35,30,32 26,24,25 30,24,29 35,27,33 38,30,36 45,32,40 88,57,36 117,69,13 84,46,9 76,38,19 81,40,22 58,42,36 47,37,38 46,34,36 53,42,39 40,30,31 40,28,28 39,29,28 41,29,29 36,31,33 28,25,29 31,28,32 29,27,35
54,64,84 46,58,82 63,70,93 58,67,92 41,40,57 43,33,34 23,20,24 26,20,25 40,33,36 37,32,34 30,28,29 39,34,36 31,31,31 29,24,26 125,72,49 75,38,25 75,38,23 59,34,17 65,34,22 92,45,22 70,40,25 49,31,26 19,18,21 20,19,22 20,19,22 20,19,22 21,18,22 20,19,22 20,19,22 20,21,24 20,21,24 20,21,24
57,63,84 62,74,98 52,65,91 58,71,97 58,65,88 44,35,31 42,38,51 39,39,47 34,33,38 50,53,75 27,22,24 20,17,21 21,18,22 22,21,24 119,56,36 46,25,14 86,66,18 85,68,17 76,62,17 94,49,28 70,38,22 78,41,26 20,21,24 17,23,24 20,21,24 20,21,24 20,21,24 20,21,24 18,19,22 18,19,22 20,19,22 22,21,24
22,21,24 20,19,22 20,19,22 56,69,97 44,51,74 48,47,62 43,33,34 49,50,69 42,42,54 48,43,61 33,26,29 26,24,25 21,18,22 87,49,30 103,54,34 79,69,20 79,64,17 95,73,6 81,62,7 92,65,4 87,41,25 82,56,15 30,18,23 27,31,33 23,20,24 24,21,25 24,21,25 24,21,25 24,21,25 24,21,25 24,21,25 24,21,25
22,21,24 20,19,22 18,19,22 20,25,35 52,64,88 41,41,53 46,36,37 40,36,49 33,30,34 44,34,38 36,29,29 27,25,26 22,21,26 74,50,15 79,44,29 99,91,28 59,46,12 102,79,21 90,63,16 110,76,15 49,23,9 47,23,15 29,23,28 34,35,38 24,21,25 24,21,25 24,21,25 24,21,25 24,21,25 24,21,25 24,21,25 24,21,25
19,23,25 21,22,25 21,22,25 23,22,25 54,57,75 50,53,75 42,47,55 39,29,30 30,25,27 40,33,36 36,29,29 27,25,26 23,20,24 39,37,38 102,60,49 113,109,51 82,60,11 94,72,5 123,85,9 103,72,12 44,23,12 42,26,24 21,22,25 33,38,48 21,22,25 21,22,25 21,22,25 21,22,25 21,22,25 21,22,25 21,22,25 21,22,25
22,23,28 22,23,26 21,22,25 21,22,25 21,22,25 59,66,91 37,37,47 37,27,28 31,29,30 40,33,36 35,28,31 26,24,25 24,21,25 21,22,25 39,20,22 64,49,29 88,86,28 73,49,27 110,74,16 112,78,8 24,25,30 21,22,25 21,22,25 33,36,54 21,22,25 21,22,25 21,22,25 21,22,25 21,22,25 21,22,25 21,22,25 21,22,25
24,24,32 23,24,29 22,23,26 22,23,26 21,22,25 21,22,27 42,44,58 33,32,35 24,22,23 48,44,55 36,29,32 26,24,25 21,22,25 22,23,26 21,22,25 21,22,25 73,76,14 59,51,15 75,51,0 99,68,4 26,20,27 21,22,25 22,23,26 34,38,53 21,22,25 21,22,25 21,22,25 22,23,26 22,23,26 22,23,26 22,23,26 22,23,26
25,25,33 24,25,30 24,25,28 22,23,26 21,22,25 21,22,25 49,52,72 40,37,41 46,52,69 36,28,34 29,29,29 27,25,26 21,22,25 21,22,25 21,22,25 24,23,26 105,95,26 87,78,18 74,64,13 68,62,14 76,58,16 19,34,8 36,31,17 31,36,44 22,23,26 22,23,26 22,23,26 22,23,26 22,22,30 24,23,26 22,23,26 20,21,24
26,31,39 25,25,33 24,25,28 22,23,26 21,22,25 21,22,25 56,64,84 39,36,42 43,42,57 40,30,34 35,30,32 28,26,27 21,22,25 21,22,25 22,23,28 89,85,23 92,89,24 78,74,16 82,75,18 76,58,14 19,41,13 10,36,11 11,36,9 25,28,35 22,23,26 22,23,26 22,23,26 22,23,26 22,23,26 22,23,26 22,23,26 22,23,26
27,32,40 27,27,35 25,26,31 23,24,29 22,23,26 24,23,26 58,65,88 57,65,93 43,42,59 35,29,34 32,27,29 28,25,29 21,22,25 21,22,25 105,105,31 100,93,25 85,82,17 83,74,16 83,58,12 19,36,12 7,35,12 10,36,11 10,37,9 27,46,10 21,22,25 22,23,26 22,23,26 23,24,27 22,23,26 22,23,26 22,23,26 22,23,26
26,34,41 27,32,40 27,27,35 24,24,32 22,23,26 22,23,28 55,61,82 56,63,86 48,49,68 40,37,41 25,23,24 26,23,27 21,22,25 29,28,33 85,81,19 102,97,24 87,81,17 83,58,10 14,36,10 19,34,8 9,33,11 8,36,11 9,36,8 10,37,5 21,22,25 24,23,26 22,23,26 25,25,33 22,23,26 22,23,26 23,24,27 22,23,26
32,36,49 25,29,42 28,28,36 25,25,35 23,24,27 22,23,26 54,65,94 49,47,67 59,63,78 39,33,40 28,25,29 26,23,27 22,23,26 111,84,23 93,74,19 94,73,21 82,60,15 39,35,0 24,35,6 13,40,10 26,21,9 5,36,12 9,35,10 10,37,7 23,26,14 23,24,27 23,24,27 25,25,33 23,24,27 22,23,26 22,23,26 34,29,31
33,37,52 29,33,46 27,32,40 25,25,33 23,24,27 23,24,27 52,61,86 54,63,88 55,56,75 35,32,38 31,28,32 24,21,25 22,23,26 78,76,43 73,66,23 19,48,16 11,35,11 11,36,9 50,35,0 58,48,10 12,28,9 8,34,11 5,36,10 11,37,12 14,40,6 23,23,31 22,22,30 25,26,31 23,24,27 23,24,27 22,23,26 39,33,40
32,36,49 31,35,48 25,30,38 23,26,33 31,32,37 28,29,34 52,61,84 54,59,83 53,54,73 35,31,40 31,28,32 22,23,26 21,22,25 22,50,15 16,55,19 48,52,25 31,41,19 22,39,15 12,37,6 8,37,5 31,33,5 31,33,18 7,35,10 9,35,10 11,38,10 24,22,30 23,24,29 23,24,29 23,24,27 23,24,27 20,24,26 27,25,26
31,35,50 28,32,45 26,31,37 26,31,37 16,20,22 29,30,33 51,59,79 58,64,83 53,56,76 53,61,79 20,20,20 22,22,22 21,19,20 29,29,26 56,63,31 23,38,12 55,47,23 18,31,8 32,32,0 23,37,7 22,37,11 6,18,0 10,36,11 7,38,12 14,34,9 48,64,22 23,24,27 24,25,28 22,23,26 23,24,27 22,23,26 34,33,38
29,33,46 28,32,45 22,30,35 19,24,23 26,29,36 64,66,82 54,66,90 56,59,77 34,31,35 32,30,31 30,25,27 34,31,35 50,48,56 48,45,51 52,61,13 27,45,14 26,41,17 65,45,13 13,34,11 14,38,14 8,27,7 24,25,6 18,55,20 8,47,15 11,32,9 17,42,11 23,24,27 24,25,28 22,23,26 22,24,24 24,22,30 23,26,33

32,30,40 33,31,41 34,33,36 32,31,34 30,28,29 34,27,30 33,28,30 33,26,29 33,28,30 37,29,35 31,29,30 40,30,34 100,56,30 129,71,36 85,40,19 130,73,33 81,45,27 29,29,24 119,93,81 37,33,46 31,29,30 31,28,32 34,26,34 47,49,63 40,39,44 30,27,31 30,27,31 30,27,31 26,25,28 31,30,33 27,26,29 26,25,28
33,31,39 31,29,37 34,33,38 34,31,37 32,26,31 33,25,31 30,28,29 34,27,30 35,28,31 37,29,35 36,29,32 34,29,31 102,58,32 124,73,36 154,86,43 109,62,30 106,62,32 32,26,31 194,121,62 97,58,30 40,30,31 32,27,29 87,65,59 44,51,65 31,28,32 31,28,32 30,27,31 27,26,29 32,31,34 29,28,31 27,26,29 26,25,28
31,29,37 33,31,39 33,32,35 34,31,35 30,27,31 33,25,31 33,26,29 33,26,29 31,29,30 37,29,35 35,30,32 33,28,27 102,55,32 114,64,31 137,82,39 100,63,37 103,57,31 30,27,31 42,27,16 162,104,67 29,15,15 36,29,29 45,49,62 29,30,35 30,27,31 33,30,34 30,27,31 31,28,32 31,30,33 29,28,31 29,28,31 27,26,29
30,28,36 32,30,38 33,31,39 31,29,37 29,28,31 30,27,31 30,27,31 29,28,31 33,26,29 32,29,33 32,26,31 33,28,30 86,48,31 45,29,23 31,23,29 23,19,28 23,20,26 23,20,26 59,38,27 143,83,29 113,72,43 35,30,32 36,36,48 30,27,31 29,28,31 30,29,32 28,25,29 29,28,31 27,26,29 29,28,33 29,28,31 27,26,29
27,27,35 31,29,37 30,28,36 30,28,36 29,28,31 29,28,31 29,28,31 30,28,29 33,25,31 31,30,33 29,28,31 33,25,31 37,29,35 24,23,26 24,23,28 27,27,35 27,27,39 25,23,33 144,92,60 119,77,53 41,44,53 37,37,49 30,27,31 30,27,31 30,29,32 29,28,31 29,28,31 29,28,31 27,26,29 26,25,28 26,25,28 26,23,29
29,27,35 30,28,36 29,28,33 34,32,42 26,25,28 29,28,31 29,28,31 29,28,31 30,27,31 29,28,31 32,26,31 30,27,31 25,19,24 24,20,29 23,19,28 26,24,32 25,23,33 25,24,29 174,120,86 124,78,50 45,51,72 60,68,86 27,26,29 29,28,31 30,29,32 30,29,32 27,26,29 26,25,28 26,23,27 25,24,27 25,21,30 25,21,30
27,26,29 25,26,31 30,28,36 29,27,35 26,25,28 26,25,28 26,25,28 29,28,31 29,28,31 29,28,31 29,28,31 30,29,34 23,20,24 23,22,25 23,20,26 26,23,29 25,24,29 188,126,70 202,144,109 86,59,54 53,66,85 55,67,89 40,34,41 26,23,29 28,25,31 27,24,28 25,24,27 25,24,29 27,24,28 26,22,31 25,21,30 24,23,26
26,25,28 26,25,30 29,28,33 29,27,35 23,23,31 25,24,27 27,24,28 26,25,28 27,26,31 26,25,28 26,25,28 26,26,26 24,21,27 23,22,25 22,21,24 26,22,31 30,22,28 205,125,66 67,80,110 68,75,100 55,65,85 54,64,82 59,69,89 30,30,38 34,38,53 28,31,40 32,32,40 31,31,41 26,22,33 26,22,31 24,23,26 24,23,26
25,25,33 25,25,33 28,25,29 45,29,23 55,39,26 63,40,27 62,41,30 30,28,29 25,24,27 25,24,27 25,24,27 25,25,25 24,20,29 23,19,28 23,22,25 25,24,27 26,23,27 121,73,46 48,51,71 58,71,99 60,81,118 50,54,69 42,42,54 26,24,32 30,30,42 28,28,38 31,31,39 28,28,36 51,34,24 50,33,23 38,27,24 30,24,29
82,85,107 84,87,109 68,66,76 52,35,25 64,41,26 51,32,20 50,34,21 25,22,28 31,24,24 102,75,39 84,58,33 25,28,37 22,21,24 22,21,26 25,21,30 26,25,30 26,22,31 103,65,44 42,46,61 46,48,64 55,61,80 41,46,54 25,22,28 23,22,25 23,24,27 23,24,27 26,25,28 25,24,27 45,28,18 50,33,25 56,39,29 20,22,22
65,75,95 69,80,107 74,77,99 50,34,21 53,33,24 52,31,20 49,32,22 94,69,39 113,82,43 124,90,49 125,91,46 34,32,30 27,26,31 24,20,29 25,21,30 27,27,37 30,27,31 165,92,49 50,58,78 46,52,71 54,59,67 38,36,48 66,51,42 50,40,41 24,23,26 23,22,25 23,22,25 23,22,25 53,37,24 48,31,21 51,34,24 22,21,24
60,74,95 56,63,86 31,21,25 41,28,25 53,36,28 50,35,26 72,53,30 83,54,32 61,41,23 57,42,33 63,48,37 42,33,27 26,25,28 24,20,29 23,19,28 20,19,24 22,21,26 36,29,27 52,66,89 147,106,86 46,55,66 36,39,48 37,37,47 34,33,38 23,23,31 24,23,26 25,21,30 23,22,25 46,29,19 45,30,21 23,22,27 22,21,24
31,32,37 24,21,25 30,23,26 49,36,33 74,49,32 81,52,30 106,67,37 128,79,43 136,90,51 107,72,45 97,57,32 103,62,33 29,24,26 25,24,27 25,22,28 28,28,38 27,25,33 25,24,27 195,114,35 136,90,64 54,58,71 36,39,46 39,39,49 37,37,49 25,24,27 24,23,26 24,23,26 22,21,24 20,21,26 23,22,27 22,23,26 23,24,29
23,23,23 26,23,27 29,22,25 56,38,33 111,67,37 119,72,38 96,60,38 76,52,30 101,57,31 144,89,44 165,103,45 138,93,70 38,37,40 24,22,30 25,24,27 31,29,37 29,28,33 142,94,49 185,110,42 77,68,79 55,62,76 43,41,51 43,43,55 38,38,46 29,27,35 24,23,28 23,22,25 20,21,24 20,21,24 22,21,24 20,21,24 23,22,25
27,24,28 26,23,27 26,23,27 37,27,28 113,72,43 112,69,36 136,86,40 132,82,38 141,86,41 137,87,43 24,23,28 22,23,26 32,31,36 23,19,28 23,20,26 23,21,29 23,23,23 129,80,31 194,117,41 69,70,93 55,65,83 37,40,49 36,41,49 27,25,33 38,42,55 29,34,44 27,30,39 28,32,36 32,32,44 39,37,47 36,34,42 29,28,31
26,23,27 26,23,27 26,23,27 33,28,30 117,71,45 120,76,38 100,56,30 128,79,43 112,71,40 125,89,67 51,57,76 30,30,40 51,49,59 48,55,69 55,61,78 50,56,73 47,53,72 169,105,41 184,116,57 63,62,79 55,65,85 40,45,53 39,44,54 36,36,46 37,37,45 38,38,48 38,38,46 38,38,48 77,60,52 60,48,53 55,48,51 36,36,36
26,23,27 26,23,27 26,23,27 30,25,27 95,55,30 106,73,62 110,79,67 106,78,67 106,78,65 116,88,75 120,94,80 111,88,77 48,55,69 47,55,71 59,62,80 55,58,76 33,36,45 148,89,41 34,34,42 47,57,77 54,64,84 43,47,60 40,47,59 44,44,56 64,50,52 50,54,67 40,48,68 60,50,51 59,49,50 51,48,54 70,66,79 53,50,67
26,23,27 26,23,27 26,23,27 33,23,27 87,72,63 87,71,67 92,74,69 101,79,71 104,82,74 94,72,64 107,84,69 104,81,68 94,72,64 102,81,77 90,74,70 89,69,62 73,70,76 95,57,36 25,23,33 41,45,58 52,62,82 40,44,59 44,50,67 39,39,47 67,55,60 59,52,55 39,39,47 57,56,61 74,70,90 58,56,76 49,52,70 47,50,68

33,31,41 33,31,41 34,33,36 32,31,34 30,28,29 34,27,30 33,26,29 33,26,29 34,26,32 37,30,33 31,29,30 40,30,34 99,54,31 133,70,37 90,38,17 136,74,34 85,45,22 33,26,26 116,71,50 38,35,39 34,29,31 32,29,33 36,28,34 43,45,59 37,36,41 30,27,31 30,27,31 30,27,31 27,26,29 30,29,32 29,28,31 26,25,28
33,31,39 32,30,38 35,31,40 34,31,37 32,26,31 33,25,31 33,26,29 33,28,30 35,28,31 37,29,37 35,28,31 34,29,31 100,56,30 128,72,36 155,87,44 113,62,27 109,61,34 32,26,31 209,140,100 71,39,23 40,27,24 30,28,29 82,65,68 52,55,73 31,28,32 31,28,32 30,27,31 27,26,29 32,31,34 29,28,31 27,26,29 26,25,28
31,29,37 33,31,39 32,30,38 33,32,35 30,27,31 33,25,31 33,26,29 33,26,29 29,29,29 37,29,35 34,27,30 34,27,27 103,56,33 114,64,33 137,82,39 104,64,41 103,57,27 30,24,29 51,28,15 166,98,53 29,17,17 36,29,29 39,47,56 32,31,36 30,27,31 33,30,34 29,28,31 30,27,31 32,31,34 29,28,31 29,28,31 27,26,29
30,28,36 32,30,38 33,31,39 31,29,37 29,28,31 30,27,31 29,28,31 30,27,31 33,25,31 33,27,32 30,28,29 33,28,30 88,47,29 45,30,21 31,23,29 23,19,28 23,19,28 23,19,28 100,64,44 117,67,34 130,79,40 40,37,43 34,33,38 30,27,31 30,29,32 30,29,32 30,27,31 29,28,31 26,25,28 29,28,31 27,26,29 27,26,29
28,28,36 32,30,38 29,27,35 30,29,34 29,28,31 29,28,31 29,28,31 30,27,31 30,27,31 30,29,32 29,28,31 33,25,31 37,29,35 24,23,26 24,22,30 27,27,35 27,27,37 25,23,33 144,81,46 114,77,53 35,40,50 42,44,58 29,28,31 30,27,31 30,29,32 29,28,31 29,28,31 29,28,31 27,26,29 26,25,28 26,25,28 26,23,29
29,27,35 30,28,36 29,27,35 34,32,42 26,25,28 27,26,29 29,28,31 29,28,31 29,28,31 30,29,32 30,27,31 30,27,31 23,20,24 24,20,29 24,20,29 26,24,32 25,23,33 25,24,29 213,143,94 121,77,51 61,66,90 63,72,97 26,25,28 27,26,29 30,29,34 29,28,31 27,26,29 26,25,28 26,23,29 25,24,27 25,21,30 25,21,30
27,26,29 25,26,31 30,28,36 30,28,36 26,25,28 26,25,28 26,25,28 27,26,29 29,28,31 29,29,29 29,28,31 30,29,34 23,20,24 23,22,25 23,20,26 26,23,29 28,22,27 196,127,73 140,116,125 74,96,126 55,65,85 54,66,88 36,28,36 28,22,29 28,25,29 26,25,28 25,24,27 25,24,27 27,24,30 26,22,31 25,21,30 24,23,26
25,25,33 26,25,28 29,28,33 27,25,33 26,25,28 26,25,28 26,25,28 26,25,28 27,26,29 26,25,30 26,25,28 26,25,28 24,21,27 23,22,25 22,21,24 26,22,31 26,22,31 200,112,56 55,64,89 55,54,71 54,66,90 54,64,82 58,68,86 30,30,38 34,38,53 27,30,39 32,32,40 30,33,42 26,22,33 25,22,28 24,23,26 24,23,26
27,25,33 25,25,33 31,24,27 45,29,25 56,40,27 60,41,27 61,40,29 30,28,29 25,24,27 25,24,27 25,24,29 25,24,27 24,20,29 23,19,28 22,21,24 25,24,27 22,24,24 133,77,43 44,46,60 59,71,95 60,75,109 50,54,69 35,35,47 26,24,32 30,30,42 28,28,38 32,30,38 28,29,34 51,35,22 50,33,23 40,29,26 30,24,29
81,84,106 84,87,109 73,71,81 51,34,24 64,41,26 51,32,20 50,34,21 27,21,26 30,23,21 100,73,37 81,56,37 26,29,36 22,21,24 22,21,26 25,21,30 26,24,32 23,25,25 125,73,41 42,44,58 44,44,56 54,62,80 37,45,52 18,19,24 23,22,25 23,24,27 24,23,26 26,25,28 25,24,27 45,28,18 50,33,25 56,39,29 17,24,22
66,76,96 69,80,107 74,77,99 49,35,21 50,33,23 51,32,20 49,32,22 97,67,39 113,82,43 123,89,48 125,91,46 35,33,31 27,25,33 24,20,29 25,21,30 27,27,37 28,25,29 142,86,60 46,43,60 50,56,75 53,60,72 39,39,51 73,55,52 56,44,34 24,23,26 23,22,25 23,22,25 23,22,25 53,37,24 49,32,22 52,35,25 22,21,24
61,73,95 57,62,86 31,20,29 41,28,23 53,36,28 50,33,25 72,53,30 83,54,32 61,41,21 58,43,32 63,48,37 42,33,25 25,24,27 24,20,29 23,19,28 20,19,24 20,19,22 24,21,27 52,64,88 124,92,76 49,58,71 37,39,53 36,36,44 32,32,40 23,23,31 24,23,26 25,22,28 23,22,25 46,29,19 45,30,21 22,21,24 22,21,24
32,32,40 24,21,25 29,24,26 47,36,33 73,48,31 81,52,30 106,67,35 126,77,41 132,88,48 109,72,46 95,58,34 103,62,31 29,24,26 25,24,27 25,22,28 28,28,38 27,25,33 25,24,27 192,114,34 137,98,84 52,59,73 36,39,46 36,41,47 36,36,44 23,24,27 24,23,26 24,23,26 20,21,24 21,22,27 21,22,27 22,23,26 23,24,29
23,23,23 26,23,27 29,22,25 55,40,31 111,67,39 121,74,40 99,63,41 76,52,30 101,57,31 144,89,44 165,103,47 125,87,68 38,37,40 24,22,30 25,24,27 31,30,35 29,28,33 142,94,47 181,110,39 85,73,87 58,64,85 39,42,51 43,43,53 42,43,48 29,27,35 24,23,28 23,22,25 20,21,24 20,21,24 22,21,24 20,21,24 23,22,25
27,24,28 26,23,27 26,23,27 38,26,28 113,72,43 113,70,37 135,85,39 132,84,39 139,86,41 141,88,43 22,23,28 21,22,25 32,31,36 22,20,28 23,20,26 23,21,29 23,22,25 129,80,31 194,114,44 70,73,93 52,62,80 39,42,51 36,41,51 32,30,38 38,42,55 31,36,46 28,31,38 32,33,36 32,32,42 39,37,47 36,34,42 31,28,32
26,23,27 26,23,27 26,23,27 37,27,31 117,71,45 120,76,38 100,56,30 128,79,43 112,73,41 125,89,67 51,57,78 30,30,38 50,48,58 47,54,68 55,61,78 51,57,76 49,53,68 163,102,37 183,113,53 64,63,80 53,66,85 40,45,53 38,43,51 44,44,56 35,35,43 41,39,47 38,38,46 43,42,47 78,61,51 60,48,53 55,48,51 37,37,37
26,23,27 26,23,27 26,23,27 30,25,27 95,55,30 108,75,64 110,79,67 106,78,67 109,76,65 117,89,76 120,95,78 112,89,76 47,54,68 47,55,71 59,62,82 55,58,76 32,37,43 135,85,41 36,35,40 53,59,78 55,65,85 45,49,64 40,47,59 37,39,53 66,55,50 49,52,61 47,52,62 62,50,52 61,49,49 51,48,54 72,68,81 54,49,67
26,23,27 26,23,27 26,23,27 35,25,24 87,72,63 89,73,67 92,75,67 101,80,69 105,83,75 95,73,65 106,85,70 104,81,68 91,75,62 102,82,75 90,74,70 93,70,67 81,71,72 72,47,30 22,22,30 40,44,59 55,65,85 39,45,62 44,50,67 37,37,49 67,55,57 61,54,57 39,40,45 63,55,63 76,72,92 59,57,77 49,52,70 47,51,66

33,31,41 34,30,41 34,33,38 32,31,34 30,28,29 33,28,30 33,26,29 33,26,29 34,26,32 37,30,33 31,29,30 36,29,32 94,54,29 128,67,33 90,38,19 136,74,34 89,49,26 32,27,29 147,88,40 35,28,31 33,28,30 31,28,32 51,30,19 45,44,59 35,32,38 28,25,29 30,27,31 30,27,31 26,25,28 30,29,32 29,28,31 27,26,29
33,31,39 32,31,36 34,31,35 34,31,37 32,26,31 33,25,31 33,26,29 30,28,29 36,29,32 36,30,35 36,28,34 32,30,31 100,56,30 123,69,35 154,86,43 113,62,27 109,63,35 30,27,31 143,107,87 49,35,35 39,28,25 29,29,29 63,63,75 58,64,85 34,28,33 30,29,32 30,27,31 27,26,29 32,31,34 29,28,31 27,26,29 26,25,28
31,29,37 33,31,39 33,32,35 33,32,35 30,27,31 30,27,31 33,26,29 33,26,29 32,27,29 37,29,35 35,28,31 33,28,30 98,53,32 114,63,35 137,82,41 104,64,41 104,58,30 30,25,27 108,62,34 170,105,64 24,15,11 41,29,31 37,44,58 32,29,33 30,27,31 33,30,34 29,28,31 31,28,32 33,32,35 29,28,31 29,28,31 27,26,29
30,28,36 32,30,38 33,31,39 33,30,36 27,28,31 30,27,31 30,27,31 32,26,31 32,26,31 33,27,32 30,27,31 32,27,29 87,46,28 46,29,21 31,23,29 23,19,28 23,19,28 23,19,28 110,63,40 93,55,36 130,74,38 47,40,50 38,35,41 30,27,31 30,29,32 30,29,32 30,27,31 29,28,31 26,25,28 29,28,31 27,26,29 27,27,27
28,28,36 32,30,40 29,27,35 31,29,37 27,26,29 29,28,31 29,28,31 29,28,31 30,27,31 31,28,32 29,28,31 32,26,31 37,29,35 24,23,26 24,22,30 27,27,35 25,28,37 27,23,34 255,225,192 105,74,55 39,43,58 49,53,68 29,28,31 30,27,31 29,28,31 27,26,29 29,28,31 29,28,31 27,26,29 26,25,28 26,25,28 26,23,27
29,27,35 29,27,35 30,29,34 33,31,41 27,26,29 27,26,29 29,28,31 29,28,31 30,27,31 30,29,32 30,27,31 30,27,31 23,20,24 24,20,29 24,20,29 26,24,32 25,23,33 25,24,29 227,153,99 129,84,61 62,71,94 62,74,98 27,26,29 29,28,31 30,29,34 30,29,32 27,26,29 26,25,28 26,23,29 25,24,27 25,21,30 25,21,30
26,25,28 25,26,31 30,28,36 29,27,35 26,25,28 26,25,28 26,25,28 29,28,31 27,26,29 29,28,31 29,28,31 30,29,34 23,20,24 23,22,25 23,20,26 26,23,29 26,23,29 216,135,74 145,117,134 57,75,103 54,63,86 57,70,89 38,27,34 28,22,29 28,25,29 26,25,28 25,24,27 25,24,29 27,24,28 26,22,31 25,21,30 24,23,26
25,26,29 27,26,29 27,26,29 29,27,35 26,25,28 26,25,28 25,24,29 25,24,27 26,25,30 26,25,28 26,25,28 26,25,28 24,21,27 23,22,25 22,21,24 26,22,31 25,23,24 215,114,58 55,58,78 62,60,80 65,81,110 54,64,82 52,56,71 30,30,40 34,38,53 27,30,39 32,32,40 30,33,42 26,22,33 26,23,29 25,22,26 24,23,26
25,25,33 25,25,33 32,22,26 43,30,25 53,37,24 58,42,27 61,39,31 28,26,27 25,24,27 25,24,29 25,25,25 25,24,27 24,20,29 23,19,28 22,21,24 25,24,27 25,23,31 147,82,43 40,44,57 54,63,86 61,73,106 52,56,71 25,25,35 26,24,32 30,30,42 28,28,40 31,31,39 28,29,34 51,34,24 50,33,23 40,29,26 30,24,29
80,83,105 84,87,109 73,71,81 51,34,24 64,41,26 50,31,19 51,35,22 25,22,28 31,24,27 100,73,37 56,40,34 25,28,37 22,21,24 22,21,26 24,22,30 26,24,32 24,23,26 136,79,48 45,44,59 45,45,57 53,59,80 39,41,55 22,21,26 23,22,25 23,24,27 24,23,26 26,25,28 25,24,27 45,28,18 50,33,25 56,39,29 17,23,24
64,77,96 69,80,107 74,77,99 50,34,21 52,32,23 53,32,21 49,32,22 97,67,39 111,80,41 122,87,49 125,92,44 32,31,36 27,26,31 24,21,27 25,21,30 27,27,37 30,25,27 45,29,23 42,38,49 51,61,81 51,60,73 44,42,54 67,54,47 60,44,29 24,23,26 23,22,25 23,22,25 23,22,25 55,39,22 49,32,22 52,35,25 22,21,24
61,73,95 56,59,81 31,20,29 42,26,22 53,36,28 50,33,25 72,53,30 83,54,34 59,39,19 57,42,31 63,48,37 36,30,23 25,24,27 24,20,29 23,19,28 20,19,24 23,22,27 22,21,26 85,78,88 102,90,95 49,58,71 38,38,50 35,38,47 32,32,40 23,23,31 24,23,26 25,22,28 23,22,25 46,29,19 47,32,23 22,21,24 20,21,24
31,31,41 25,22,26 29,24,26 47,36,33 73,48,31 80,51,29 104,68,37 126,76,43 132,88,46 108,71,45 94,57,33 103,62,31 29,24,26 25,24,27 25,22,28 28,28,36 27,25,33 25,24,27 192,114,34 117,96,96 57,64,78 36,39,48 41,44,53 35,35,45 23,24,27 24,23,26 24,23,26 20,21,24 20,20,28 22,23,28 22,23,26 23,24,29
23,23,23 25,24,27 29,21,27 55,40,31 109,65,35 119,72,38 99,63,41 76,52,30 100,55,34 143,89,41 165,103,47 111,80,68 35,36,39 24,22,30 25,24,27 29,29,37 29,28,33 136,87,49 178,107,36 82,68,81 58,66,86 41,41,51 42,45,56 42,40,41 29,27,35 24,23,28 23,22,25 20,21,24 20,21,24 22,21,24 20,21,24 23,22,25
26,23,27 26,23,27 26,23,27 37,25,27 109,68,39 111,68,35 135,85,39 131,83,38 140,83,39 138,85,42 23,22,25 21,22,25 32,31,36 23,19,28 23,20,26 23,21,29 23,22,25 130,81,32 193,113,43 72,73,96 52,62,82 40,43,52 40,45,55 33,31,39 36,40,53 31,36,46 27,30,37 31,32,37 32,32,44 37,37,47 36,34,42 30,29,32
26,23,27 26,23,27 26,23,27 37,27,31 116,70,44 120,76,38 100,56,30 125,79,42 114,70,40 122,86,68 54,57,77 30,30,42 42,45,56 47,54,68 55,61,78 50,56,75 47,54,68 169,105,41 184,114,54 64,63,80 55,68,87 42,47,57 39,44,52 45,45,57 32,32,40 41,39,49 38,38,46 57,46,53 78,61,51 61,49,51 55,48,51 37,37,37
26,23,27 26,23,27 26,23,27 30,25,27 94,54,29 106,73,62 109,78,66 105,77,68 108,77,67 115,89,75 119,93,79 79,67,79 46,53,67 50,56,73 59,62,82 55,58,76 33,36,43 144,87,43 37,34,40 53,56,74 55,65,85 46,50,65 41,49,58 37,39,53 69,56,51 50,53,64 60,57,63 62,50,52 61,49,51 51,48,54 74,67,81 54,49,67
26,23,27 26,23,27 26,23,27 33,23,27 87,72,63 87,71,67 92,75,67 100,79,68 104,84,75 94,72,64 106,85,70 104,81,68 90,74,61 102,82,73 89,73,69 90,69,65 72,66,73 79,52,34 22,22,30 40,44,59 57,67,87 43,49,66 43,49,66 37,37,49 70,56,58 63,53,57 39,39,47 62,56,63 76,72,92 59,57,77 49,52,70 47,51,66