49,52,44 79,81,76 86,87,79 66,67,48 104,110,99 96,97,89 67,65,66 49,46,50 28,25,29 143,144,125 128,130,115 116,115,106 83,83,78 49,47,48 38,36,37 33,30,34 35,32,36 41,38,42 42,40,41 93,90,66 212,203,158 194,185,140 170,158,128 160,148,120 154,142,116 155,143,117 150,138,112 147,135,109 150,138,110 151,139,109 98,85,62 96,75,52
49,54,32 73,75,75 89,87,69 94,94,78 50,52,35 47,48,36 62,60,58 45,43,41 35,32,36 107,103,84 85,86,76 141,141,127 86,86,81 38,36,37 34,31,35 33,30,34 37,34,38 41,38,42 46,44,45 142,133,104 207,196,150 159,146,114 142,130,102 132,120,94 128,115,94 129,115,97 129,115,97 128,114,96 147,135,109 171,161,123 137,123,94 107,84,55
59,64,44 91,93,88 45,47,30 105,111,100 65,66,58 48,48,43 51,51,48 44,44,41 36,35,38 137,111,90 184,118,63 116,67,27 73,60,57 31,28,34 27,26,29 28,25,29 33,30,34 41,38,42 46,44,42 211,201,161 212,201,155 165,154,119 143,131,105 126,113,92 118,111,91 119,110,91 120,110,88 114,110,89 116,104,78 168,158,118 149,133,102 99,78,51
84,91,84 54,55,43 45,48,28 71,73,58 69,68,61 72,70,68 58,57,50 46,43,47 102,60,47 150,99,64 69,34,19 60,30,15 65,39,25 70,44,34 27,26,29 31,28,32 34,31,35 40,37,41 46,41,43 223,212,166 192,181,135 158,147,112 156,147,116 140,128,102 127,114,93 118,111,91 116,109,89 109,102,82 88,82,59 142,134,100 127,115,89 102,81,58
39,41,36 59,62,50 59,61,46 55,57,40 47,49,34 41,43,26 48,46,44 65,63,61 83,50,39 58,33,16 88,58,43 119,78,60 69,53,38 57,41,37 31,30,33 32,31,34 34,31,35 38,35,39 48,43,45 206,195,151 143,132,99 130,117,96 160,148,118 158,146,116 141,128,105 127,113,95 115,108,88 94,87,71 70,67,52 126,114,86 88,78,54 82,70,44
113,120,115 67,66,55 108,104,87 67,68,45 51,53,38 48,52,35 34,31,35 40,37,41 41,29,29 66,38,25 115,70,47 137,91,63 99,74,57 36,35,38 39,36,40 35,32,36 34,31,35 39,36,40 48,43,45 157,146,113 121,110,91 140,127,106 151,139,111 162,150,120 153,141,115 133,121,95 116,109,89 95,87,74 62,56,47 73,68,54 94,77,53 84,70,43
102,112,106 48,50,35 119,120,108 71,76,52 71,77,48 27,29,24 44,42,38 58,61,39 100,107,73 229,152,99 196,130,82 137,91,61 95,65,39 24,43,34 34,36,36 33,33,33 28,25,29 37,34,38 44,42,43 105,101,84 119,111,89 150,138,112 148,136,110 146,134,108 150,138,112 136,124,98 122,109,88 100,93,77 63,59,51 66,59,43 96,75,50 110,82,53
109,116,111 134,128,103 122,123,111 117,125,61 109,121,58 119,129,64 74,80,39 73,71,42 50,76,53 91,62,29 121,75,47 115,69,53 137,82,53 57,46,31 42,65,48 32,30,31 28,25,29 35,32,36 57,37,30 80,75,63 92,90,72 133,121,95 134,122,96 129,116,93 139,127,101 132,120,94 125,112,91 110,103,85 75,73,55 58,49,34 90,71,48 104,80,54
106,113,108 140,127,104 92,93,74 46,51,31 66,69,38 91,98,52 92,106,49 62,90,67 29,57,34 30,33,25 138,90,61 126,79,56 113,76,52 59,45,27 95,82,50 89,77,22 73,63,41 39,28,9 76,44,39 78,70,59 92,89,74 118,109,90 129,117,91 133,121,95 136,124,98 128,116,90 125,113,87 122,109,88 87,83,66 57,49,38 72,58,42 73,61,49
95,102,95 79,81,64 43,48,28 76,78,63 48,53,33 46,51,31 98,141,85 88,140,86 161,168,91 176,115,81 115,76,48 48,46,28 30,41,26 72,74,46 77,67,18 137,122,30 112,90,23 92,85,28 60,46,19 70,68,50 92,89,74 104,102,82 126,113,92 136,124,98 134,121,100 126,113,92 126,113,92 122,109,88 99,92,76 69,57,45 58,48,38 57,45,33
41,44,32 44,49,27 42,52,30 76,80,65 41,49,28 44,47,27 42,63,40 25,46,25 45,41,22 100,65,52 54,55,36 33,42,25 32,36,19 47,50,28 45,46,36 100,84,12 114,104,37 83,76,15 102,92,12 82,73,54 91,91,75 101,102,83 120,107,86 125,112,89 125,112,91 125,112,91 126,113,92 123,110,89 107,100,82 61,56,44 62,57,43 82,83,64
43,46,22 40,43,19 39,42,18 48,51,27 44,52,31 44,47,23 38,41,19 36,41,21 36,44,23 43,49,22 110,124,63 30,42,24 80,71,44 93,80,30 64,59,16 71,66,27 139,133,15 75,67,17 69,63,17 81,81,65 97,95,77 97,93,76 102,95,75 107,101,78 108,100,78 108,102,79 122,109,88 122,109,88 116,109,93 81,78,63 76,74,56 87,80,60
37,42,22 37,42,22 40,43,23 44,45,24 45,46,23 41,44,20 38,41,17 39,42,18 38,41,17 44,53,25 23,43,27 68,47,24 76,63,31 63,56,13 85,77,25 75,67,15 77,65,24 80,72,22 80,76,30 90,87,72 104,102,82 97,88,73 95,88,68 97,90,70 97,90,70 99,92,72 101,95,72 121,108,87 118,109,90 71,68,53 69,69,53 142,130,102
60,63,28 66,69,36 58,63,31 52,56,27 71,77,38 58,66,13 80,89,29 46,53,19 57,63,22 60,78,22 52,100,54 34,60,35 31,57,34 30,56,33 31,54,35 54,52,32 68,61,18 64,57,16 79,82,62 90,91,72 98,99,78 97,90,70 97,90,70 101,87,69 104,91,70 104,91,70 109,96,75 118,104,86 106,102,85 63,63,49 67,67,51 116,103,82
39,43,16 54,59,25 68,76,23 86,97,39 110,120,46 79,88,30 68,77,21 76,88,23 112,123,53 81,90,34 59,117,64 35,64,36 69,81,47 82,74,22 92,80,21 64,57,14 73,64,17 83,77,31 88,86,66 88,88,72 95,96,77 98,94,73 95,88,68 99,88,69 108,95,74 113,101,75 111,99,73 110,100,78 82,82,66 66,66,50 76,73,60 110,99,80
38,42,15 51,56,22 60,65,29 46,51,15 54,59,23 59,65,24 76,83,35 69,78,32 73,80,34 73,79,27 77,143,73 38,75,42 109,102,59 70,61,16 69,62,19 65,63,14 67,66,12 84,83,27 82,83,62 86,87,68 90,91,72 91,92,69 93,91,71 94,87,67 105,92,69 109,96,73 104,91,70 97,90,70 66,66,50 63,63,47 72,73,54 98,88,66
60,62,34 74,79,34 78,85,37 97,109,32 73,84,26 85,94,38 97,105,52 105,116,46 101,111,37 113,123,49 106,143,53 47,90,50 38,65,37 32,58,35 32,58,35 32,58,33 88,94,42 64,66,22 78,74,55 83,81,61 87,88,69 89,90,71 88,89,70 89,82,66 95,87,65 105,92,71 104,96,74 94,87,67 60,61,42 74,71,56 74,75,56 79,80,61
40,42,27 48,50,24 35,40,20 43,47,20 45,48,26 40,43,23 47,48,29 47,48,27 43,48,28 51,49,29 57,156,73 34,68,36 28,54,31 31,57,34 29,53,29 30,56,33 37,61,39 54,55,32 56,56,26 74,75,52 78,80,63 86,87,68 87,88,69 84,85,66 93,89,72 99,95,76 97,93,76 74,72,54 67,67,51 74,75,56 76,74,52 57,47,37

49,52,42 80,83,75 86,87,79 62,63,44 105,111,100 96,97,89 67,65,66 49,46,50 28,25,29 143,144,125 128,130,115 116,115,106 83,83,78 49,47,48 38,36,37 33,30,34 35,32,36 41,38,42 42,40,41 41,39,40 37,35,36 74,66,53 70,59,44 59,49,39 93,80,57 86,67,51 56,44,32 63,51,41 112,97,77 64,50,34 80,66,50 51,36,25
49,54,30 73,75,72 91,89,69 94,94,78 50,52,35 47,48,36 62,60,58 45,43,41 35,32,36 107,102,90 83,84,76 141,141,127 86,86,81 38,36,37 34,31,35 33,30,34 37,34,38 41,38,42 46,44,45 41,39,37 37,35,36 39,30,24 60,47,40 54,43,36 66,52,38 63,48,37 67,55,45 105,86,59 76,66,54 103,86,62 101,83,64 94,77,53
58,63,43 92,94,89 45,47,30 105,111,102 65,66,58 50,50,47 52,50,48 44,44,44 39,33,40 55,48,48 70,64,57 100,101,89 62,60,58 31,28,34 27,26,29 28,26,27 34,31,35 40,37,41 46,44,45 46,44,45 37,35,36 96,89,73 108,99,82 61,49,37 65,55,43 60,51,34 65,55,45 61,51,41 89,75,59 73,60,39 61,50,35 124,94,66
86,93,86 53,54,42 46,49,29 67,69,54 69,68,59 74,72,70 58,57,50 46,43,47 34,31,35 38,35,39 77,75,73 89,90,80 47,45,46 31,28,32 27,26,29 173,129,60 124,113,26 112,81,44 52,42,41 45,45,42 75,72,59 181,170,135 108,100,78 94,81,60 71,56,45 72,58,42 60,49,42 64,53,46 59,49,39 59,49,37 41,30,27 79,61,40
37,39,34 55,58,46 58,60,45 55,57,40 48,50,35 43,45,28 48,46,44 65,63,61 37,34,38 39,36,40 60,58,56 55,53,51 40,39,42 30,30,27 253,193,143 105,71,51 141,123,32 62,52,14 77,60,23 73,73,59 76,76,60 169,160,129 175,162,128 170,159,124 69,54,45 105,84,59 58,44,30 69,59,49 72,58,42 59,50,35 48,35,30 76,63,40
113,120,115 67,67,51 107,103,86 68,69,46 51,52,40 51,53,36 34,31,35 40,37,41 34,31,35 35,32,36 52,50,48 67,67,64 66,64,62 182,157,61 134,100,30 187,176,45 219,195,42 83,76,15 73,68,40 79,74,62 79,74,62 134,125,98 159,145,116 148,136,108 80,70,60 79,65,49 78,68,46 80,64,47 64,49,38 81,61,41 60,44,27 71,58,37
102,112,109 48,50,35 117,118,106 74,77,53 77,82,58 25,27,22 41,39,37 54,57,35 101,106,72 43,46,36 60,62,57 74,69,66 113,79,59 90,59,40 130,110,22 160,147,27 115,103,25 78,70,20 79,79,63 83,78,64 79,76,61 83,80,67 137,127,103 105,101,82 133,118,96 84,68,51 105,84,57 75,61,45 78,65,42 78,64,50 64,49,38 79,65,49
109,116,111 134,128,103 122,123,113 117,124,65 109,120,60 118,128,63 74,80,39 66,68,42 65,68,35 91,105,48 64,66,61 62,60,56 138,89,67 131,83,54 196,161,76 117,97,36 94,86,21 81,75,41 82,83,64 78,75,60 81,78,63 79,76,61 92,89,74 81,78,63 104,96,72 114,93,68 105,77,50 87,63,37 91,72,47 44,33,26 58,47,40 59,46,39
106,113,108 140,127,106 92,93,74 46,51,31 66,69,38 91,98,52 95,105,52 89,102,48 95,107,44 103,112,52 88,96,43 65,69,40 169,206,116 125,77,48 129,84,51 121,115,24 215,202,152 150,139,106 79,80,61 77,78,59 79,74,60 77,77,61 77,77,61 82,77,63 81,82,63 83,81,63 107,82,52 105,76,52 88,70,49 64,52,40 33,26,24 45,36,32
95,102,97 78,79,67 43,48,28 76,78,63 48,53,33 46,51,31 38,41,19 41,44,22 42,50,27 46,49,27 51,55,28 116,201,113 50,77,49 63,89,55 173,117,79 255,244,197 235,226,170 142,130,104 79,79,63 80,80,64 79,76,61 79,79,63 80,81,62 77,74,59 82,83,64 60,53,37 120,95,67 90,72,51 76,61,50 71,60,53 35,30,29 30,23,21
39,42,30 44,50,23 42,52,30 76,80,65 41,49,28 39,47,24 41,44,24 41,49,28 35,43,20 45,48,24 42,47,25 51,54,32 27,46,40 24,37,25 172,118,82 255,255,201 251,240,196 156,144,114 79,79,63 75,75,59 76,73,58 80,80,64 76,72,55 59,59,45 85,78,62 76,62,48 95,75,55 61,49,39 49,40,34 28,24,18 102,95,79 164,152,122
43,46,22 41,44,20 37,42,20 48,51,27 42,50,29 44,47,23 38,41,21 36,41,21 35,43,22 43,46,24 50,53,29 50,53,45 36,41,19 26,39,23 44,45,22 60,57,42 131,130,105 129,116,93 79,80,59 75,70,56 75,75,59 80,81,62 59,58,47 27,25,23 61,55,46 52,42,32 63,50,43 41,37,29 97,90,72 104,97,77 119,106,83 156,143,111
36,41,21 37,42,22 39,42,22 45,46,25 48,46,24 41,44,20 38,41,17 40,43,19 38,41,17 39,42,20 51,46,43 67,62,59 42,46,29 33,36,16 42,46,29 75,72,57 67,64,49 81,78,63 92,90,70 76,76,60 76,77,58 75,72,59 49,48,37 44,40,32 55,43,33 50,41,37 82,80,62 122,109,86 134,120,93 162,151,118 141,129,101 184,172,133
59,64,28 65,70,36 59,64,32 52,56,27 71,77,38 58,66,13 80,89,29 46,53,17 58,64,23 62,79,28 93,101,50 71,72,60 41,48,30 22,36,27 43,50,32 91,88,75 67,65,47 69,66,51 81,79,61 76,76,60 79,80,61 69,69,53 75,82,34 97,105,52 76,72,62 56,55,48 49,48,39 77,78,59 82,83,64 138,129,100 150,136,107 143,131,103
38,41,17 54,59,25 65,73,20 87,98,40 110,120,46 79,88,32 66,76,23 76,88,25 112,123,53 82,91,33 69,76,30 255,224,76 69,60,29 29,44,28 38,50,30 54,54,40 85,82,67 68,69,50 75,76,57 79,80,61 68,65,50 54,57,26 43,46,22 36,42,15 73,73,59 69,66,51 65,65,51 76,73,58 82,80,62 80,81,62 125,113,87 112,99,78
38,42,15 51,56,22 59,64,28 46,51,15 55,61,22 59,65,24 76,84,33 69,78,34 73,80,36 68,75,20 72,85,33 22,39,29 104,73,34 32,41,22 50,53,31 56,87,61 105,115,41 89,93,37 76,78,36 125,138,54 123,136,54 93,103,40 73,82,22 84,95,35 75,73,55 67,64,49 79,76,61 86,84,66 89,85,68 89,86,71 106,96,74 118,105,82
60,63,32 73,78,33 79,85,35 97,109,32 73,84,26 85,94,38 97,105,52 105,116,46 101,111,37 113,123,45 92,168,77 46,78,47 44,76,54 36,53,29 32,58,35 45,78,51 131,146,62 122,132,56 122,134,48 154,166,76 131,144,62 132,145,61 141,145,58 119,132,39 117,124,67 68,68,52 73,73,57 77,78,59 83,79,62 83,81,63 86,82,65 97,94,70
40,42,25 48,50,22 35,40,20 43,46,22 45,48,26 41,44,24 47,48,29 46,49,29 43,48,26 53,51,31 40,65,18 54,100,55 41,75,43 34,60,37 35,63,40 40,68,43 39,71,49 53,57,30 54,56,28 74,78,38 102,113,43 139,149,71 144,159,63 138,153,59 107,107,73 79,74,60 76,76,60 76,79,59 77,78,59 83,79,62 85,78,62 79,75,58

50,53,45 81,83,78 87,88,80 62,60,42 106,112,99 96,97,89 67,65,66 49,46,50 28,25,29 143,144,125 128,130,115 116,115,106 83,83,78 49,47,48 38,36,37 33,30,34 35,32,36 41,38,42 42,40,41 41,39,40 37,35,36 39,33,38 31,21,22 54,43,36 94,82,54 58,47,40 89,70,47 93,74,49 62,50,38 75,57,36 94,77,53 70,58,46
49,54,32 72,74,71 91,89,69 99,96,83 51,54,34 46,47,35 62,60,58 45,43,41 35,32,38 109,100,92 83,84,76 141,141,127 87,87,82 38,36,37 34,31,35 33,30,34 37,34,38 41,38,42 46,44,45 41,39,37 37,35,36 54,48,41 76,61,52 71,61,51 57,45,33 62,46,33 77,63,47 76,60,45 88,73,53 71,60,43 91,75,58 95,77,58
56,61,41 91,93,88 44,46,29 106,111,105 64,65,57 48,48,48 52,50,48 45,43,44 39,33,40 55,48,51 70,64,57 100,101,89 62,60,58 31,28,34 27,26,29 28,26,27 37,30,33 40,37,41 46,44,45 46,44,45 37,32,34 36,29,27 69,57,47 68,56,46 61,49,39 73,61,49 44,33,30 53,41,31 100,80,60 79,65,49 83,65,44 99,73,48
86,93,86 53,54,42 45,48,28 67,69,54 68,67,58 72,70,68 56,55,48 46,43,47 34,31,35 38,35,39 77,75,73 89,90,80 47,45,46 31,28,32 28,25,29 150,94,60 128,117,16 122,99,41 63,47,45 45,45,42 50,44,39 142,136,111 150,137,114 62,50,40 75,60,51 64,54,44 52,42,41 76,61,50 44,35,29 91,71,51 76,57,41 112,84,55
42,45,37 56,59,47 58,60,45 54,57,37 50,52,37 43,45,28 48,46,44 65,63,61 37,34,38 39,36,40 60,58,56 55,53,51 40,39,42 29,29,26 170,118,68 99,65,45 144,127,33 70,61,16 69,53,22 56,54,52 75,75,59 135,127,103 155,144,111 98,85,64 81,70,53 107,86,63 54,43,36 39,29,28 41,30,25 106,82,56 43,32,29 74,59,39
113,120,115 74,74,58 106,102,85 70,71,48 51,53,38 51,53,36 34,31,35 40,37,41 34,31,35 35,32,36 52,50,48 68,66,64 67,65,63 165,150,71 169,142,40 185,170,34 200,181,28 100,84,12 68,61,18 75,77,60 80,75,61 101,97,78 171,160,125 158,147,114 63,51,41 105,81,57 77,63,49 54,41,34 50,37,30 109,86,55 112,83,52 81,66,46
102,112,109 48,50,33 111,113,98 78,83,51 80,85,61 30,32,27 42,40,38 55,57,40 100,105,71 44,47,35 60,62,57 69,67,63 52,50,51 36,31,33 216,195,27 204,192,35 106,89,22 72,63,16 76,76,62 80,75,61 79,75,58 79,76,61 147,135,105 127,117,93 58,50,39 90,72,51 69,57,45 67,56,41 75,65,43 97,78,53 63,50,43 97,79,58
109,116,111 134,128,103 118,119,107 109,115,63 109,121,58 118,128,63 74,80,39 66,68,42 65,68,35 92,106,49 65,68,60 77,122,68 70,121,72 81,92,50 161,156,14 108,89,21 101,90,26 68,62,14 83,81,63 77,72,58 83,78,64 78,75,60 89,90,69 83,86,64 104,94,70 95,69,44 107,79,52 90,70,50 82,68,52 71,57,39 55,45,33 62,52,40
104,114,108 138,128,106 91,92,73 46,51,31 66,69,38 91,98,52 95,105,52 89,102,48 95,107,44 102,111,51 90,96,44 106,194,101 130,190,88 245,203,120 127,75,45 114,115,38 189,175,132 198,188,150 82,83,64 77,77,61 79,74,60 81,78,63 79,76,61 81,78,63 76,76,60 95,77,58 121,92,59 108,83,55 72,58,40 70,59,44 38,29,25 45,35,34
95,102,97 78,79,67 43,48,28 75,75,61 48,53,33 43,51,30 38,41,19 43,46,24 41,49,26 47,50,30 51,55,26 65,68,37 34,61,41 112,101,82 163,114,78 118,75,42 253,244,188 112,102,78 104,100,81 81,81,65 79,79,63 81,81,65 80,81,62 77,77,61 83,83,67 62,51,36 121,96,66 106,82,56 69,54,43 78,62,56 50,44,37 31,24,22
39,42,30 44,50,23 42,52,30 76,80,65 41,49,28 38,48,24 41,44,24 43,48,24 34,42,19 44,47,23 41,46,24 46,50,23 27,42,26 28,36,22 119,77,35 84,73,54 255,252,194 166,153,119 101,97,78 79,80,61 76,73,58 80,80,64 79,77,59 69,66,51 83,79,62 70,55,46 115,95,65 70,56,42 52,42,41 41,35,30 99,92,76 186,174,135
44,47,23 41,44,20 38,43,21 48,51,27 42,50,29 44,47,23 36,41,21 36,41,21 35,43,22 43,46,24 50,53,29 51,52,42 90,91,52 55,58,34 47,59,41 66,65,54 67,64,49 103,96,78 101,97,78 78,75,60 82,79,64 81,78,63 59,61,46 26,24,20 66,56,44 50,40,28 68,56,44 28,22,17 97,90,72 107,98,79 144,130,103 135,121,94
36,41,21 37,42,22 39,42,22 44,45,24 48,46,24 41,44,20 38,41,17 40,43,19 37,40,16 39,42,20 49,48,41 63,61,57 41,49,26 46,40,17 25,38,26 74,72,54 67,64,49 80,75,61 81,82,61 73,73,57 79,80,61 73,69,52 52,51,42 42,38,28 55,43,33 52,43,39 78,75,60 135,123,97 142,128,101 149,137,111 140,128,102 168,157,122
59,64,28 65,70,36 59,64,32 52,56,27 71,77,38 58,67,11 80,89,29 46,53,17 58,64,23 62,79,30 93,101,50 73,75,60 53,57,28 21,38,30 57,50,32 109,104,90 69,65,48 70,65,51 81,82,63 80,80,64 77,78,59 72,70,52 78,85,39 96,105,49 59,58,51 57,53,47 66,66,52 81,82,61 87,88,69 137,128,99 167,156,121 147,135,105
38,41,19 54,59,25 65,73,20 87,98,40 110,120,46 79,88,32 66,76,23 76,88,25 112,123,53 82,91,33 67,74,28 249,220,101 82,75,34 31,44,28 44,51,33 51,53,36 101,94,76 70,71,52 75,76,57 82,83,64 75,72,57 52,54,26 43,46,22 36,42,15 73,73,57 67,64,49 65,65,51 70,70,54 77,78,59 81,82,63 121,108,85 114,101,78
38,42,15 51,56,22 59,65,26 46,51,15 57,63,24 59,65,24 76,84,33 69,78,34 73,80,36 68,75,20 73,88,33 18,43,27 108,75,25 35,38,26 48,51,31 40,68,45 105,114,43 86,89,38 70,68,46 122,133,63 123,136,54 93,103,40 73,82,24 84,95,35 74,71,56 61,61,45 78,75,60 85,83,65 87,83,66 89,87,69 95,91,70 118,105,82
60,63,30 73,78,33 79,85,33 97,109,32 73,84,26 85,94,38 97,105,52 105,116,46 101,111,37 113,124,43 94,160,70 49,86,51 31,56,36 32,53,30 34,60,37 39,70,46 132,146,59 122,132,54 122,134,48 154,168,77 131,144,62 132,145,63 141,145,58 120,133,40 104,108,70 69,66,51 75,75,59 77,78,59 81,79,61 81,82,63 86,84,66 96,89,69
38,42,25 47,51,22 35,40,20 43,47,20 44,47,25 41,44,24 47,48,29 46,49,29 43,48,26 51,49,29 40,52,18 48,93,51 40,69,41 29,55,32 31,57,34 37,73,47 34,67,42 53,57,28 53,57,28 73,78,35 102,113,41 138,150,71 144,159,63 138,153,59 103,102,77 77,72,58 79,79,63 78,81,61 79,80,61 83,79,62 81,74,58 73,66,50

58,61,51 81,84,76 87,88,80 62,60,42 106,112,101 96,97,89 67,65,66 49,46,50 28,25,29 143,144,125 128,130,115 116,115,106 84,82,78 49,47,48 38,36,37 33,30,34 35,32,36 41,38,42 42,40,41 41,39,40 37,35,36 40,34,39 29,24,23 54,43,36 95,81,56 58,49,45 91,76,56 98,79,54 68,57,42 89,71,52 96,79,55 74,64,52
51,56,32 72,75,67 90,88,68 98,98,82 52,55,33 46,47,35 62,60,58 45,43,41 35,32,36 109,100,92 83,84,76 141,141,127 87,85,81 38,36,37 34,31,35 33,30,34 37,34,38 41,38,42 46,44,45 42,40,38 37,35,36 49,40,34 78,64,50 71,61,49 58,48,36 64,53,38 72,58,44 70,59,44 93,78,56 73,62,45 93,80,59 97,80,56
56,61,41 89,91,86 45,47,30 105,110,104 64,65,57 47,47,47 52,50,48 44,44,44 39,33,40 55,48,48 70,64,57 100,101,89 62,60,58 31,28,34 27,26,29 28,25,29 34,31,35 40,37,41 46,44,45 46,44,45 37,32,34 38,31,29 75,63,51 64,52,40 59,47,37 71,56,45 46,35,32 61,46,35 90,70,52 91,75,58 72,57,37 100,75,47
86,93,86 53,54,42 44,47,27 65,67,52 66,65,56 69,67,65 55,54,45 46,43,47 34,31,35 38,35,39 77,75,73 89,90,80 47,45,46 31,28,32 28,26,27 53,43,42 88,44,18 85,49,43 38,38,38 45,45,42 45,38,36 153,146,119 142,130,104 63,51,39 80,65,54 69,56,49 44,32,32 62,50,38 47,36,31 88,70,51 62,45,37 108,78,52
45,45,42 55,56,44 57,59,42 53,56,36 52,54,39 43,47,30 48,46,44 62,60,58 37,34,38 39,36,40 60,58,56 55,53,51 40,39,42 30,27,33 142,91,56 113,81,49 127,106,23 91,83,29 82,51,43 46,44,45 75,75,59 149,140,111 157,146,113 130,118,92 81,70,55 116,92,68 55,44,39 40,30,29 44,35,27 105,86,59 52,41,38 71,56,36
112,119,117 77,78,59 102,98,79 72,73,50 51,53,36 51,53,36 33,30,34 40,37,41 33,30,34 35,32,36 52,50,48 68,66,64 67,65,63 217,207,138 216,197,46 106,70,50 191,174,49 61,51,13 64,56,20 73,74,62 80,75,61 117,110,90 172,161,126 158,147,114 63,51,41 107,81,56 62,50,38 54,41,34 64,51,46 108,83,53 113,84,53 97,79,58
100,110,107 51,53,36 108,110,95 78,82,53 80,85,61 30,31,34 41,39,37 55,58,38 100,105,69 50,53,43 62,64,59 69,67,63 51,49,50 62,48,34 134,118,17 175,156,43 186,170,37 81,71,18 74,72,54 81,78,63 77,72,58 79,76,61 151,139,109 119,109,85 66,58,47 84,70,45 71,56,45 59,47,35 83,73,49 93,74,51 74,62,50 102,81,56
109,116,111 134,128,103 113,116,104 102,107,62 110,122,59 118,128,63 74,80,39 66,69,38 65,68,35 92,103,47 64,67,59 58,56,52 42,40,41 132,125,86 242,220,55 121,115,24 91,82,22 65,61,15 81,78,63 84,81,66 80,75,61 80,75,61 94,95,74 82,83,64 97,90,70 107,83,57 124,96,69 99,77,57 77,63,45 65,51,33 66,54,42 57,48,33
103,113,107 138,128,106 91,92,71 46,51,29 63,65,37 91,98,52 95,106,50 89,102,50 97,107,42 100,109,49 89,97,44 60,63,39 67,69,52 32,30,38 166,164,21 129,120,33 125,110,72 114,102,72 82,82,66 79,79,63 81,78,63 81,78,63 79,76,61 79,79,63 77,74,59 64,53,34 124,95,62 113,88,60 74,59,37 79,65,51 50,41,35 43,34,28
95,102,97 78,79,67 43,48,28 75,75,61 45,50,30 44,49,29 38,41,19 37,45,22 44,49,27 43,48,28 51,55,26 59,64,28 129,123,19 131,95,35 141,85,59 160,147,99 235,221,165 127,118,91 84,82,64 81,82,63 76,76,60 76,77,58 77,78,59 76,76,60 86,87,68 48,38,28 116,91,61 102,78,52 87,72,61 88,71,61 49,43,38 30,28,24
39,42,30 44,50,23 42,52,30 76,79,67 41,49,26 39,47,24 41,44,24 41,49,26 35,43,20 44,47,23 41,46,24 71,88,52 27,52,32 51,52,31 155,104,67 255,248,201 233,223,170 157,146,113 87,90,70 77,78,59 79,76,63 77,78,59 81,82,63 69,69,55 83,79,62 65,50,41 129,105,72 70,54,37 51,41,40 42,35,33 69,63,54 160,148,118
43,46,22 41,44,20 39,42,20 48,51,27 44,49,29 44,47,23 36,41,21 36,41,21 34,44,22 45,48,26 50,53,31 70,111,63 30,44,37 30,43,29 157,103,69 223,213,160 192,180,150 160,148,118 80,81,62 78,75,60 79,79,63 79,80,61 76,73,60 28,26,22 73,68,54 47,37,25 75,64,49 42,32,31 86,81,67 94,92,72 127,114,91 130,118,90
34,42,21 37,42,22 39,42,22 44,45,24 46,47,24 41,44,20 38,41,17 40,43,19 38,41,17 40,43,21 49,47,48 42,69,37 26,46,32 44,48,31 62,53,22 170,157,125 115,106,89 100,98,78 95,91,74 78,75,62 75,75,59 76,77,58 63,62,51 43,41,21 48,42,35 56,43,36 50,44,37 132,119,96 142,128,101 147,135,105 133,121,95 151,139,109
63,67,29 67,70,35 58,63,31 52,56,29 68,73,37 58,67,9 78,87,27 46,53,19 59,65,24 62,79,32 88,97,49 27,47,33 39,47,26 39,43,16 33,40,24 177,167,125 137,123,94 75,72,57 82,79,64 82,83,64 76,77,58 77,75,57 53,53,39 96,105,47 37,33,27 48,44,38 68,68,54 79,80,59 87,88,69 137,128,99 181,171,133 149,135,106
38,41,17 54,59,25 65,73,20 87,98,38 110,120,44 78,87,31 66,76,25 76,88,25 109,120,50 80,91,35 80,139,69 21,48,32 85,90,58 25,38,26 38,43,23 72,68,51 138,124,97 73,69,50 75,73,55 73,74,55 79,80,61 67,64,49 43,46,22 36,41,19 73,73,57 64,66,49 65,64,53 68,68,52 77,78,59 80,81,62 123,111,85 120,107,84
38,42,15 51,56,22 58,64,23 46,51,15 59,65,26 59,65,24 76,84,33 69,78,34 73,80,34 68,75,18 95,176,94 42,81,45 54,62,50 46,43,28 46,47,28 50,77,49 95,92,66 65,66,47 66,67,48 77,78,59 69,76,28 94,102,40 73,82,24 84,95,35 74,71,56 63,63,49 79,74,60 86,84,66 87,83,66 86,87,68 91,87,66 116,103,80
60,63,28 72,77,32 79,85,33 97,110,28 73,84,26 85,94,38 97,105,52 105,116,46 101,111,37 113,121,41 126,138,63 165,184,105 178,142,84 32,58,33 33,57,35 38,64,41 132,146,59 122,132,56 122,134,48 154,168,77 131,144,62 132,145,63 141,145,58 119,134,40 113,118,71 70,67,52 77,74,59 79,80,61 83,81,63 80,81,62 85,82,67 96,94,74
38,42,27 47,51,24 35,40,20 43,47,20 44,47,25 41,44,24 46,49,29 46,49,29 44,49,27 51,49,27 48,54,25 200,168,111 135,96,64 25,51,28 29,55,32 42,78,52 33,67,37 54,55,34 53,57,28 74,79,36 102,113,41 136,150,71 147,162,66 138,152,61 108,110,82 77,73,56 76,76,60 77,78,59 80,81,62 83,81,63 86,79,63 88,81,65

60,61,51 79,85,76 87,88,80 62,60,42 106,112,101 96,97,89 66,66,66 49,46,50 28,25,29 143,144,125 128,130,115 116,115,106 84,82,78 49,47,48 38,36,37 33,30,34 35,32,36 41,38,42 42,40,41 41,39,40 37,35,36 69,59,49 75,63,51 55,44,39 94,81,60 72,57,37 83,68,46 52,39,34 75,64,45 112,93,68 70,59,42 59,46,39
53,56,32 69,75,66 90,88,68 101,101,87 52,55,33 46,47,35 61,61,58 45,43,41 35,32,36 109,100,92 83,84,76 141,141,127 87,85,81 38,36,37 34,31,35 33,30,34 37,34,38 41,38,42 46,44,45 42,40,38 35,33,34 37,27,26 57,46,39 55,45,35 79,66,45 52,39,34 70,58,46 110,87,58 41,29,19 108,93,71 88,73,51 95,76,51
56,61,41 87,89,84 45,47,30 105,110,104 66,67,59 47,47,47 52,50,51 44,44,44 37,34,40 55,48,48 70,64,57 100,101,89 62,60,58 31,28,34 27,26,29 28,25,29 34,31,35 40,37,41 46,44,45 46,44,45 34,32,33 101,94,76 105,96,77 62,50,38 74,63,46 59,47,35 51,40,33 79,65,51 64,54,42 104,88,57 66,55,40 125,96,61
88,95,88 51,52,40 43,46,26 65,67,52 68,67,58 72,70,68 55,54,45 46,43,47 34,31,35 38,35,39 77,75,73 89,90,80 47,45,46 31,28,32 28,25,29 33,32,37 93,65,56 38,35,39 42,39,43 45,45,42 74,74,58 178,167,134 107,98,79 61,47,33 77,61,46 84,73,54 48,38,28 55,44,37 67,59,48 59,48,33 67,56,41 109,81,52
43,45,42 50,53,41 57,59,42 53,56,36 52,54,39 42,46,29 48,46,44 62,60,58 37,34,38 39,36,40 60,58,56 55,53,51 40,39,42 32,29,33 64,28,18 140,120,34 130,112,21 105,85,35 51,41,42 75,75,61 86,81,67 171,161,123 174,164,126 177,166,131 73,62,47 112,88,62 105,92,69 55,42,37 70,59,44 55,45,33 68,50,31 75,62,39
112,119,117 77,78,59 102,98,79 72,73,50 51,53,36 50,52,35 32,31,34 39,38,41 33,30,34 35,32,36 52,50,48 68,66,64 66,64,62 238,221,74 189,162,45 111,73,56 175,163,36 74,69,28 74,66,53 86,83,68 85,82,67 141,132,103 158,147,114 151,139,109 55,45,33 83,67,50 71,57,41 48,38,26 90,75,55 66,50,35 82,63,40 42,33,27
100,110,104 53,56,36 108,110,95 75,79,50 79,84,60 30,31,34 42,40,38 55,58,38 96,101,69 50,53,43 62,64,59 69,67,63 52,50,51 83,51,21 147,138,23 170,152,34 183,157,35 91,86,17 86,83,68 87,87,71 82,77,63 81,78,63 138,129,102 111,104,84 111,102,83 77,58,35 94,74,54 74,58,43 100,85,63 42,30,20 53,41,31 59,48,33
109,116,111 134,128,103 113,116,104 106,111,64 110,122,59 118,128,63 74,80,39 66,69,38 65,68,35 92,103,47 64,67,59 58,56,52 42,40,41 215,179,32 214,191,51 113,103,21 104,92,26 100,93,54 89,86,71 86,83,68 84,76,63 79,74,60 87,90,68 79,76,61 109,99,75 99,74,46 128,98,72 114,89,61 95,74,49 62,50,38 49,40,32 52,42,32
105,112,107 140,127,106 91,92,71 46,51,29 63,65,37 91,98,52 95,106,50 89,102,50 97,107,44 100,109,49 88,96,43 61,62,39 67,72,52 58,53,41 123,113,31 139,132,19 147,135,96 136,129,102 85,88,68 80,81,62 78,73,59 80,80,64 77,77,61 79,74,60 81,82,63 112,91,64 127,99,72 119,91,62 73,59,43 55,44,37 47,38,30 42,35,33
95,102,97 78,79,67 43,48,28 75,75,61 45,50,30 46,49,29 38,41,19 37,45,22 43,48,24 43,48,28 51,55,26 60,65,29 64,62,31 180,115,76 122,91,40 249,236,186 224,211,163 121,111,87 86,87,68 79,79,63 81,78,63 80,81,62 80,81,60 76,71,57 86,84,66 122,97,69 95,71,45 78,65,44 59,48,43 61,48,45 30,25,22 76,70,61
39,42,30 44,50,23 42,52,30 76,79,67 41,49,26 39,47,26 41,44,24 42,50,27 37,42,20 44,47,23 39,44,22 48,54,27 51,53,36 122,90,33 153,102,67 229,223,159 97,87,63 91,92,71 84,85,66 76,77,58 77,74,59 79,80,61 74,71,56 61,57,40 82,78,61 85,70,48 64,53,38 61,50,35 46,41,38 53,49,43 107,96,77 185,173,134
43,46,22 41,44,20 39,42,18 48,51,27 42,50,29 44,47,23 36,41,21 36,41,21 33,43,21 45,48,26 48,53,29 79,126,74 26,46,32 53,58,34 152,119,82 209,198,152 111,101,79 117,109,87 79,80,61 76,73,58 75,77,60 81,82,63 58,54,44 28,26,27 50,42,31 50,40,30 52,43,37 73,68,56 103,96,76 106,99,79 126,114,88 162,150,111
34,42,21 37,42,22 39,42,22 44,45,22 45,46,23 41,44,20 39,42,18 39,42,18 38,41,17 40,43,21 51,45,50 58,83,52 22,39,34 28,34,23 197,185,146 158,147,112 82,80,62 94,95,74 82,83,64 79,80,61 81,79,61 74,74,58 47,46,37 44,35,27 55,43,33 45,36,32 79,80,61 122,109,86 137,125,99 168,158,118 143,131,103 179,168,124
62,68,29 66,71,35 60,65,33 52,56,29 71,76,40 62,71,15 83,92,32 46,53,19 58,64,23 60,77,30 93,100,52 35,59,37 40,60,42 27,31,4 94,90,71 168,158,120 75,72,57 73,74,55 79,80,61 75,75,59 79,80,61 70,67,52 80,88,37 97,106,48 61,60,49 54,50,42 60,60,44 83,84,65 86,87,68 149,138,105 150,138,110 146,134,104
38,41,19 54,59,23 65,73,20 87,98,38 110,120,44 80,89,33 65,75,24 78,90,27 109,120,50 80,90,37 61,73,26 27,44,36 92,104,70 23,34,21 44,44,30 145,132,100 91,84,66 63,63,47 79,80,61 80,81,62 76,73,58 55,54,29 43,46,22 35,40,18 70,70,54 67,67,53 66,66,52 75,72,57 77,78,59 86,84,64 123,111,85 114,101,80
38,42,15 51,56,24 55,61,20 44,49,13 59,65,26 59,65,24 76,84,33 71,78,34 73,80,34 68,75,18 67,114,50 28,42,35 67,69,43 38,40,23 48,53,29 47,56,28 76,74,56 66,66,50 72,72,56 74,75,56 122,134,59 94,102,40 73,82,24 84,95,35 75,72,57 65,65,49 79,76,61 87,83,66 91,84,66 89,87,69 111,101,79 122,110,84
60,63,28 72,77,32 79,85,35 97,111,24 73,84,26 85,94,38 97,105,52 105,116,46 101,111,37 113,121,41 42,73,47 26,46,32 35,61,36 34,60,35 31,57,34 32,58,33 128,141,59 28,44,23 124,133,48 155,167,77 131,144,60 132,145,61 141,145,58 119,134,40 82,78,59 65,65,49 77,74,59 81,79,61 82,80,62 82,83,64 87,88,69 99,93,70
40,42,27 47,51,24 35,40,20 43,47,20 44,47,25 41,44,24 46,49,29 46,49,29 44,49,27 49,50,27 22,47,31 29,55,32 43,69,44 31,55,33 32,58,35 47,80,55 32,60,35 109,91,72 58,58,28 74,79,36 108,119,47 136,150,71 147,162,66 138,152,61 92,88,67 79,74,60 79,80,61 77,78,59 82,80,62 86,82,65 84,76,63 85,77,64

56,59,49 80,83,75 87,88,76 64,62,42 100,106,95 86,87,79 59,58,61 46,43,47 28,25,29 150,151,132 129,131,116 106,105,96 84,82,78 47,45,46 38,36,37 33,30,34 37,34,38 40,37,41 45,43,44 40,38,39 37,34,38 42,33,27 81,70,55 55,44,37 100,79,54 106,86,66 77,66,49 54,43,38 95,78,54 93,75,54 78,61,51 63,48,37
51,56,34 68,74,65 91,89,71 98,98,84 51,54,34 47,49,34 57,57,52 45,43,41 35,32,36 98,94,86 83,84,76 134,134,120 87,85,83 36,35,38 33,30,34 33,30,34 37,34,38 41,38,42 46,44,45 41,39,37 37,34,38 37,30,28 116,107,90 66,51,42 114,90,64 87,69,50 46,37,33 99,78,53 69,57,47 108,91,67 92,74,55 93,76,52
55,59,42 92,94,89 48,50,33 108,113,107 68,69,61 48,48,48 51,49,50 45,43,44 37,34,40 55,48,51 66,64,62 102,101,92 61,61,58 28,25,31 27,27,27 28,26,27 35,33,34 41,38,42 46,44,45 47,45,46 57,53,47 99,92,76 120,110,88 56,44,34 105,88,62 82,68,52 49,37,27 90,74,59 54,45,37 113,94,57 88,68,50 112,83,50
89,96,89 50,51,39 43,46,26 68,70,55 70,69,60 69,67,65 56,55,48 46,43,47 34,31,35 38,35,39 75,73,71 87,87,82 46,44,45 30,29,34 27,27,27 156,94,65 149,133,21 123,94,45 65,47,42 70,69,60 129,121,99 130,121,94 136,121,99 84,71,50 76,62,46 96,77,54 69,58,43 45,34,29 47,38,30 57,48,33 79,64,42 121,89,55
42,44,41 51,55,40 57,59,44 53,56,36 53,55,40 41,45,28 47,45,43 61,59,57 37,34,38 37,34,38 59,57,55 55,53,51 40,38,39 31,30,33 255,216,165 75,41,21 131,110,27 111,90,20 82,74,50 91,88,73 139,130,101 137,125,97 178,168,128 142,130,102 88,73,51 115,89,64 70,55,46 93,79,61 44,35,27 50,39,24 87,70,46 77,61,44
112,119,117 74,75,56 111,107,88 65,66,43 64,66,49 48,51,31 34,33,36 37,34,38 35,32,36 35,32,36 51,49,50 75,73,71 59,57,55 143,136,109 174,155,42 124,100,8 121,92,20 135,122,22 88,88,72 88,88,72 97,93,72 192,180,143 177,167,129 154,143,110 58,44,30 112,84,57 101,82,59 108,87,62 67,56,39 64,50,36 69,53,38 37,28,22
104,114,108 51,54,34 116,117,105 76,79,48 74,79,55 27,29,26 51,50,41 66,67,46 72,78,51 74,78,51 62,62,59 67,65,61 48,46,47 34,33,36 75,44,25 119,110,25 155,132,31 84,72,46 89,90,71 88,85,70 79,74,60 154,145,116 143,131,103 145,136,105 72,56,41 124,96,67 81,66,46 102,85,59 78,63,52 59,47,35 79,64,44 56,44,32
107,114,109 134,128,103 116,117,105 106,112,62 122,134,69 118,129,59 85,94,50 68,71,38 65,70,34 87,100,46 65,66,56 56,54,52 41,38,42 35,32,36 140,122,22 175,157,39 104,92,26 81,78,63 89,90,71 79,76,61 82,77,63 89,86,71 122,114,92 117,109,85 107,97,75 129,102,70 96,77,52 76,60,43 44,35,27 52,43,35 49,40,34 39,30,22
104,114,108 137,127,105 90,91,72 44,49,27 58,62,33 81,87,46 89,99,48 87,99,50 94,105,45 105,114,56 87,97,44 62,63,40 62,82,53 51,77,41 107,72,36 79,79,7 105,92,44 84,85,66 86,87,68 79,76,61 77,78,59 81,82,63 88,88,72 83,85,68 98,85,62 122,97,67 116,91,63 75,61,47 51,42,34 30,25,22 43,33,32 30,25,24
93,100,95 76,78,63 42,47,27 76,76,62 44,49,29 45,50,30 37,42,20 39,44,22 42,50,27 42,47,27 48,52,25 57,63,34 27,52,32 25,48,31 88,64,29 116,70,42 134,122,94 124,117,90 81,81,65 79,76,61 79,80,61 81,82,63 71,66,52 83,81,63 139,112,76 89,68,41 76,62,48 66,54,44 73,60,55 32,30,31 29,24,21 39,35,29
38,42,27 44,50,23 42,52,30 79,80,68 42,50,27 37,45,24 43,46,26 42,50,27 37,42,20 44,49,27 43,46,22 69,116,64 27,52,32 20,34,30 94,71,29 246,237,181 177,165,128 117,109,87 85,83,63 81,82,63 77,77,61 74,71,56 56,53,40 84,77,61 129,102,68 61,50,33 53,41,29 56,47,41 40,34,29 103,95,82 137,125,97 123,113,89
41,46,22 40,43,19 39,42,18 46,51,27 42,50,29 44,47,23 37,42,22 37,42,22 31,44,21 47,48,27 39,88,35 28,54,31 49,64,36 34,44,22 87,66,25 181,171,131 153,144,115 107,99,77 81,81,65 77,78,59 74,74,58 62,62,48 38,36,32 51,42,34 69,57,45 51,40,35 56,52,42 103,96,78 108,100,78 153,142,109 171,161,121 150,139,106
34,42,21 37,42,22 38,41,21 47,45,23 45,46,23 41,44,20 40,43,19 40,43,19 38,41,17 41,46,24 37,69,40 23,50,32 78,90,45 47,51,22 50,48,28 170,159,126 81,82,63 109,100,81 76,77,58 80,81,62 75,75,59 53,52,41 48,44,27 57,44,37 37,31,26 96,94,76 121,109,83 168,157,122 144,132,102 179,167,128 200,189,143 168,156,119
60,66,27 65,70,36 58,63,31 52,56,29 73,78,42 61,70,12 82,91,33 48,55,21 61,68,24 126,202,122 39,85,49 72,76,61 77,113,60 27,30,22 51,53,36 125,113,83 73,68,54 73,74,55 76,77,58 80,81,62 75,71,54 59,62,40 83,91,40 66,65,54 49,48,41 68,68,52 84,85,64 131,123,99 155,141,112 151,139,109 171,161,123 178,166,127
39,42,18 53,58,24 65,73,20 91,102,42 115,125,49 79,88,32 65,75,22 77,89,26 114,125,55 82,89,34 95,159,83 166,113,60 101,110,66 27,33,20 45,49,32 109,103,78 72,70,52 73,74,55 77,78,59 74,71,56 63,62,35 54,56,28 43,47,20 74,74,58 65,65,51 65,65,51 74,75,56 80,81,62 128,116,90 129,117,91 137,125,99 151,139,109
39,43,16 53,58,26 55,61,22 45,50,16 57,62,26 59,65,24 75,82,36 67,74,30 74,81,33 64,68,12 255,244,139 135,89,59 83,66,38 25,31,20 24,39,27 23,46,29 81,81,49 69,69,53 72,75,44 111,119,37 117,129,54 97,105,43 74,83,23 73,73,59 65,65,49 82,77,63 84,79,65 84,82,64 110,100,78 128,116,90 128,116,90 125,113,87
59,62,29 68,73,30 83,90,35 90,102,25 78,89,31 78,86,33 94,102,49 91,102,32 97,106,35 110,117,42 124,134,56 109,115,65 35,60,40 30,56,33 28,54,31 34,60,35 79,97,41 123,133,55 129,138,53 146,154,72 127,142,60 116,130,43 134,143,54 81,85,45 66,66,50 79,76,61 81,79,61 86,84,66 91,87,66 117,107,83 121,108,85 115,103,77
42,46,29 42,43,22 46,49,27 41,44,20 49,50,27 47,50,30 46,47,26 48,49,30 44,47,27 48,49,26 43,47,20 46,106,54 39,71,40 32,55,36 30,54,32 42,78,50 34,67,42 55,57,29 73,72,36 99,103,47 122,132,56 139,153,64 139,152,59 147,160,78 72,69,54 68,68,52 78,76,58 77,78,59 85,81,64 87,88,67 100,93,73 112,96,79

49,52,42 59,62,54 87,89,74 69,70,51 103,109,100 62,62,59 51,50,53 38,35,39 31,28,32 132,129,114 101,102,92 99,98,89 80,78,76 40,38,39 32,29,33 35,32,36 38,35,39 40,37,41 44,42,43 40,37,41 34,31,35 30,28,29 23,22,25 27,24,28 205,199,35 238,226,57 121,94,76 121,97,73 94,69,41 131,106,78 104,84,52 60,49,34
53,58,38 71,77,68 93,89,68 77,80,68 46,48,33 45,47,30 56,54,52 45,43,44 34,33,38 59,57,55 75,74,67 130,132,117 70,68,69 34,33,36 33,30,34 30,27,31 37,34,38 39,36,40 45,43,44 42,40,41 42,37,39 24,25,28 23,22,25 27,24,28 230,220,30 120,93,59 125,97,70 89,71,50 107,87,57 113,90,59 104,81,52 119,90,55
56,59,47 90,95,89 43,45,28 115,121,112 82,83,75 51,51,48 49,47,43 41,38,42 35,32,38 48,46,47 73,71,69 84,83,76 49,47,48 27,26,31 26,25,28 30,28,29 37,34,38 41,38,42 46,44,45 47,45,46 48,42,47 34,33,36 25,24,27 29,24,26 121,91,63 140,113,81 59,45,31 85,69,52 111,91,61 92,70,50 106,86,56 110,85,57
90,97,90 48,49,37 53,56,36 72,74,59 73,72,63 46,46,41 52,50,48 52,50,48 37,34,38 38,36,37 66,64,62 63,61,57 36,35,38 30,27,31 32,31,34 32,29,33 37,31,36 42,37,39 46,43,47 44,42,43 44,41,45 83,72,53 57,51,42 104,88,57 110,82,55 102,82,52 76,62,44 88,67,42 94,77,51 107,87,57 98,78,58 109,85,59
55,57,52 48,52,37 50,52,37 54,56,39 50,52,35 38,42,25 32,30,31 54,49,51 33,30,34 38,35,39 48,46,47 63,61,59 40,37,41 33,32,35 33,32,35 34,32,33 35,32,36 38,35,39 39,36,40 42,40,38 42,40,41 74,62,52 67,55,43 113,90,59 87,72,52 67,50,40 97,80,56 83,69,53 126,98,69 118,98,66 120,97,68 82,70,42
112,119,117 72,73,54 121,114,96 77,80,47 54,57,35 39,41,26 35,33,34 31,31,31 36,36,36 38,38,38 49,44,43 98,97,90 47,45,46 33,32,35 35,32,36 35,30,29 134,76,52 84,58,46 40,35,32 40,37,41 79,71,60 140,130,106 68,56,44 110,85,57 64,52,40 81,72,53 76,65,48 100,86,59 115,94,67 77,64,43 57,45,35 93,71,35
104,114,108 52,55,35 124,125,115 77,76,51 94,101,67 25,28,16 70,72,46 89,93,53 62,65,43 50,57,23 76,76,71 51,51,48 38,35,39 35,32,36 41,43,28 127,76,48 141,123,50 137,94,61 80,50,35 74,73,62 94,85,68 112,103,88 61,49,39 119,95,69 81,63,44 79,70,55 68,54,40 111,91,59 61,50,35 90,70,50 61,49,39 51,40,33
109,116,111 138,132,107 103,105,88 90,94,56 122,136,61 116,128,51 92,103,43 93,100,54 83,90,44 98,109,49 85,89,60 51,49,47 41,38,42 30,27,31 190,147,62 76,47,27 119,88,51 115,77,42 77,76,67 116,108,86 115,108,88 147,135,109 87,73,57 83,68,48 81,62,46 61,49,37 80,64,47 100,86,61 73,59,43 125,96,65 102,73,49 111,84,52
101,111,105 133,129,110 91,92,73 40,43,23 47,50,28 54,55,34 76,82,43 84,88,50 82,89,41 94,103,47 87,97,44 96,100,62 62,65,57 54,53,42 115,102,9 139,118,37 110,75,50 105,92,29 88,88,72 117,110,90 132,119,96 169,157,120 104,93,76 89,71,52 88,70,49 61,49,37 77,66,51 93,76,52 63,51,39 103,76,44 98,68,40 91,62,38
93,100,95 67,69,52 36,41,21 83,83,69 35,39,22 43,51,28 36,41,19 46,49,27 39,44,24 37,45,22 44,49,25 45,49,20 58,56,36 50,94,47 224,158,110 99,77,30 148,135,35 82,82,66 86,87,68 80,75,61 187,177,139 178,167,132 139,128,95 110,86,60 105,84,59 90,76,60 67,55,45 104,81,52 99,75,49 73,58,38 72,57,37 70,56,40
42,47,25 43,49,22 44,52,31 67,69,54 45,50,28 36,43,25 40,43,21 37,45,24 36,44,21 43,46,24 43,51,26 76,150,80 39,65,42 35,71,43 152,97,68 133,118,41 105,99,24 85,83,65 81,81,65 79,77,59 146,134,106 148,136,106 136,125,92 102,83,60 126,98,71 83,67,50 93,75,54 98,79,56 60,44,27 39,30,22 69,55,37 55,44,37
36,41,21 47,50,30 40,48,23 48,53,31 45,50,30 44,47,23 37,41,24 36,41,21 40,48,27 43,46,26 50,53,29 23,45,35 30,58,35 13,32,21 89,61,23 69,67,9 144,134,110 86,87,68 79,79,63 80,75,61 84,81,66 127,114,91 124,109,87 88,70,49 105,81,57 81,63,44 75,60,49 60,51,36 66,55,38 64,53,36 33,24,18 75,61,43
39,44,24 41,44,24 38,40,23 47,45,23 44,45,22 41,44,20 41,44,20 43,46,22 39,43,16 43,46,24 45,43,41 65,60,57 58,102,65 22,30,18 124,79,44 140,93,61 133,124,95 86,87,68 78,73,59 77,77,61 81,82,63 70,68,50 95,88,68 136,109,75 109,84,56 63,52,37 50,39,32 53,44,38 61,51,39 44,36,25 55,44,37 74,63,46
58,62,24 61,64,33 52,57,25 51,55,28 66,72,31 61,70,14 83,92,34 49,56,22 67,74,30 83,98,45 79,78,51 68,67,56 82,103,41 50,66,45 82,64,22 248,238,187 129,115,88 114,104,82 80,80,64 76,73,58 78,75,60 49,45,35 85,81,62 128,95,56 104,80,54 64,53,38 39,30,26 26,21,20 42,32,31 36,29,27 27,22,21 31,25,20
44,47,23 61,66,32 64,72,19 100,112,49 115,125,47 74,83,25 66,76,23 79,91,28 93,103,38 80,91,35 62,71,25 68,70,28 73,80,48 46,52,23 39,46,28 98,90,66 164,150,121 90,86,67 81,82,63 76,77,58 70,67,52 45,43,39 80,71,54 85,65,35 66,55,40 74,57,47 54,43,38 27,25,23 61,55,50 70,64,57 106,102,83 108,101,83
39,43,16 53,58,26 45,50,16 45,50,16 55,61,22 61,68,24 55,62,18 62,68,29 75,80,37 86,91,44 72,83,27 86,102,40 45,60,32 33,42,25 43,47,30 102,93,66 101,97,76 108,100,78 76,76,60 77,78,59 66,66,52 54,55,32 70,59,42 66,55,40 48,37,30 49,43,36 79,76,63 113,102,85 119,106,85 119,109,87 122,109,88 132,120,94
53,55,27 55,58,23 80,87,32 88,98,33 87,96,40 74,81,37 87,96,40 103,114,44 96,107,37 120,128,46 117,130,46 59,87,39 68,56,26 33,45,27 49,54,30 122,110,82 71,66,52 76,77,58 81,82,63 69,70,51 72,76,38 131,146,52 49,41,30 69,65,55 111,103,81 116,108,84 180,168,131 175,163,124 139,127,101 137,125,99 127,115,89 143,131,105
46,47,24 45,46,25 47,49,23 47,50,26 51,53,27 52,54,28 55,57,31 53,54,33 45,46,23 46,49,25 48,46,26 31,57,34 39,40,17 40,38,18 51,56,34 42,70,47 69,66,51 68,71,51 75,76,57 118,123,51 115,125,47 142,156,69 73,74,55 54,53,44 91,87,68 173,160,126 150,138,108 186,175,131 149,137,107 129,116,93 128,116,90 132,120,94

49,52,42 48,51,43 92,92,76 76,76,60 44,50,41 60,60,57 53,53,53 39,37,38 34,33,36 88,83,80 93,94,86 117,119,104 70,68,66 35,33,34 38,35,39 31,28,32 39,36,40 40,37,41 44,42,43 40,37,41 40,34,39 25,24,27 25,24,27 28,25,29 31,29,30 50,45,44 86,77,19 196,184,31 177,170,61 166,159,48 137,136,39 113,112,35
52,57,37 48,54,45 94,90,69 95,98,90 47,49,34 53,56,34 61,58,62 37,35,36 37,34,40 51,49,47 76,74,70 94,86,73 51,49,50 33,31,32 29,28,31 30,27,31 37,34,38 40,37,41 45,43,44 42,40,41 46,40,45 28,25,29 25,24,27 24,21,27 81,77,71 59,54,42 228,217,30 218,206,53 185,178,65 153,149,46 106,102,26 81,78,25
51,54,42 67,69,64 44,44,28 105,112,94 69,68,59 59,59,56 52,50,51 42,39,43 34,31,35 51,49,45 223,150,107 75,41,23 71,37,17 33,26,26 26,25,28 31,28,32 39,36,40 41,38,42 45,43,44 40,38,39 44,38,43 28,25,29 30,28,29 21,25,27 88,84,76 67,56,53 221,208,33 202,191,56 185,181,51 169,168,34 148,149,31 112,105,62
88,95,90 65,67,50 76,79,59 61,63,48 59,58,51 41,42,32 52,50,48 53,51,49 37,34,38 53,51,49 155,80,49 103,71,55 149,109,86 59,33,19 34,33,36 31,28,32 37,34,38 41,38,42 44,42,43 45,43,44 44,38,43 33,30,34 41,39,37 30,27,31 61,59,55 230,222,29 216,201,38 204,198,61 182,184,31 111,98,46 92,74,53 54,41,34
77,79,74 55,59,44 46,48,33 60,63,43 37,39,24 38,40,23 40,34,39 34,31,35 37,34,38 34,32,30 100,55,32 105,74,55 146,98,73 57,34,21 36,36,36 32,29,33 35,32,36 41,38,42 41,38,42 45,43,44 42,37,39 33,30,34 49,47,45 40,38,34 72,70,66 248,233,29 219,209,40 169,161,55 113,87,62 107,86,61 135,113,79 104,83,60
109,116,111 73,74,55 118,111,93 58,61,28 54,57,37 36,37,27 51,52,44 62,64,59 67,67,51 69,72,48 92,56,38 103,67,45 116,80,60 34,32,30 38,35,39 31,30,33 38,30,36 40,35,37 39,36,40 40,38,39 38,35,39 44,37,40 62,36,26 75,56,44 60,36,28 216,201,13 102,85,48 108,82,57 115,91,67 76,60,47 131,103,74 119,96,65
104,114,108 53,56,36 126,127,117 86,86,52 67,76,32 41,48,12 73,77,39 70,69,42 76,81,45 65,73,32 255,200,132 124,76,47 140,95,60 43,66,47 34,31,35 29,28,31 32,30,31 34,31,35 39,34,36 43,38,40 51,35,31 57,36,32 46,19,12 72,41,31 70,37,30 129,102,70 104,80,56 89,71,50 71,57,39 115,94,67 91,72,49 120,95,65
110,115,111 140,132,108 104,95,80 58,61,30 83,94,36 95,106,50 110,119,59 96,107,49 105,114,58 109,120,50 151,97,63 159,103,67 168,113,70 83,71,34 24,25,28 26,25,28 28,25,29 36,28,34 57,31,21 63,35,26 53,30,19 45,25,18 58,35,34 56,28,17 120,90,62 114,89,61 110,80,52 130,103,71 75,54,39 99,78,51 119,96,67 93,72,45
103,110,105 116,115,104 51,55,38 46,48,31 51,54,34 35,43,22 54,57,33 62,61,36 69,116,64 27,53,30 54,55,36 156,106,64 122,91,42 72,67,37 29,32,24 25,27,24 32,35,27 63,39,31 54,32,24 44,23,19 40,20,13 55,38,30 95,76,49 96,78,57 112,89,60 138,111,79 92,71,48 87,68,43 61,42,28 104,83,56 88,63,44 106,83,52
90,95,89 45,47,30 36,41,21 84,84,70 39,43,26 41,46,24 36,46,24 48,51,31 38,65,35 25,47,35 35,42,24 59,53,30 43,56,31 31,43,23 41,61,43 46,49,25 48,46,26 39,42,22 33,24,20 44,29,20 44,28,22 45,36,32 94,81,58 69,55,41 98,77,52 111,85,60 96,76,58 82,64,45 71,55,40 99,78,53 108,87,62 92,75,47
42,47,25 42,48,21 41,46,26 64,68,53 36,41,19 41,49,24 39,47,24 39,44,24 40,48,23 24,47,30 45,46,27 58,51,31 36,43,27 43,53,31 21,48,30 47,50,26 44,40,23 38,43,23 44,41,26 38,30,19 40,32,19 156,146,122 202,190,149 70,54,39 100,79,52 89,72,46 75,61,45 89,72,46 69,55,39 126,99,67 99,82,56 114,91,62
42,47,27 47,50,30 45,48,26 43,48,28 45,48,26 48,51,29 31,35,18 42,47,27 35,45,21 25,47,35 44,47,27 34,43,24 33,45,25 58,63,39 19,38,32 27,26,29 36,39,19 31,35,18 38,41,19 50,48,26 168,156,126 116,105,90 166,153,119 86,70,57 80,61,45 97,76,51 65,55,45 77,62,42 94,79,57 110,89,62 96,78,57 76,62,46
41,44,24 45,46,27 43,45,28 53,54,31 39,40,17 41,44,20 44,47,23 44,47,23 45,48,26 24,47,32 57,67,45 72,68,33 39,48,29 61,65,38 45,58,46 31,61,42 37,38,30 52,55,31 52,53,30 190,180,140 172,162,124 142,129,106 148,136,106 114,104,82 72,56,41 81,66,46 64,52,42 66,50,35 83,74,57 52,40,30 87,72,52 60,48,36
52,56,18 63,66,31 50,55,21 54,58,29 62,69,25 72,81,25 80,89,31 50,57,21 65,72,26 29,54,34 60,88,63 39,47,33 62,53,22 101,71,25 40,68,45 118,76,54 46,54,29 66,69,45 55,56,33 115,107,85 146,134,106 176,165,130 167,156,121 136,124,96 75,61,47 88,70,49 61,48,41 89,78,63 47,36,29 40,29,22 96,75,48 51,41,31
41,44,22 53,58,26 74,81,33 86,98,35 110,120,42 80,89,29 65,75,24 85,97,32 89,99,36 26,49,32 37,61,39 31,57,34 31,56,36 31,55,33 31,62,36 32,46,16 148,96,66 81,94,42 77,74,61 103,101,83 115,108,90 155,143,117 153,141,111 172,160,132 68,53,44 115,89,64 60,48,38 57,46,39 53,41,29 57,45,35 118,91,59 100,72,43
39,42,18 45,50,16 48,53,19 47,52,18 56,59,24 56,65,21 58,65,21 62,67,31 86,82,45 23,50,34 39,68,40 29,55,32 30,56,33 32,58,35 41,77,51 64,92,55 116,111,40 121,121,47 76,76,60 101,97,80 149,137,109 170,159,124 137,124,101 115,107,85 79,65,47 124,99,69 72,58,40 100,79,52 78,62,45 78,64,48 73,58,36 90,61,37
45,47,19 52,55,22 79,85,35 81,93,30 83,91,38 75,82,38 79,87,34 100,111,41 105,115,50 49,66,40 49,86,55 30,56,33 30,56,33 32,58,35 36,72,46 37,71,41 122,136,49 144,157,73 77,73,63 100,96,77 172,160,130 218,208,159 190,177,143 148,136,108 77,63,47 93,72,49 69,57,45 60,49,34 93,67,44 99,78,55 77,63,47 59,45,31
47,50,26 52,54,28 48,49,26 48,51,27 52,54,26 63,63,33 56,56,24 60,62,34 241,173,103 160,101,71 53,125,58 25,51,28 30,56,33 32,58,35 32,63,37 43,76,51 98,105,32 119,127,47 75,72,57 104,97,79 197,185,148 183,172,128 192,180,139 187,175,138 109,96,73 55,45,33 46,35,30 50,42,31 41,28,25 71,60,45 55,45,35 56,45,30

57,60,48 60,62,57 85,83,65 74,76,61 51,54,46 52,52,52 54,52,50 39,37,38 38,36,37 75,73,71 93,94,84 86,87,75 54,52,53 35,32,36 34,31,35 31,28,32 39,36,40 41,38,42 49,47,48 42,39,43 44,41,45 25,24,27 30,29,32 31,28,32 159,126,58 90,73,22 43,36,36 69,55,30 75,73,26 82,82,23 79,78,22 82,82,23
52,57,35 70,75,74 99,92,72 115,120,116 63,62,51 51,54,32 52,50,51 43,37,42 37,34,38 53,51,49 73,71,67 86,84,80 40,38,39 27,26,29 27,26,29 31,28,32 37,34,38 44,41,45 47,45,46 40,38,39 41,35,40 28,25,29 32,29,33 23,22,25 108,102,95 55,52,39 83,70,20 75,67,17 105,97,32 100,96,36 79,78,22 79,78,24
69,72,62 51,49,45 37,38,26 48,57,38 46,46,41 72,72,69 51,49,50 46,43,47 35,32,36 55,53,51 64,59,58 70,68,66 38,35,39 26,25,28 30,29,32 32,29,33 37,34,38 38,35,39 39,36,40 40,37,41 46,40,45 30,27,31 42,40,38 26,24,25 79,78,71 58,56,54 211,203,22 110,98,28 189,180,63 154,147,50 112,107,36 82,80,22
72,75,67 79,80,61 88,91,71 59,61,46 56,54,50 51,52,40 46,44,42 41,36,38 41,35,30 108,63,17 116,90,78 51,49,50 38,35,39 31,28,34 32,29,33 30,29,32 39,36,40 41,38,42 44,41,45 46,44,45 40,38,39 34,31,35 54,52,50 40,38,36 47,45,43 53,51,49 223,213,21 208,199,45 181,167,54 169,163,59 141,140,43 121,118,35
101,103,98 76,76,62 53,55,38 66,69,49 38,40,23 38,40,23 35,32,38 29,28,31 107,65,43 61,29,15 67,36,17 93,76,66 43,38,40 37,32,34 38,35,39 31,28,32 37,34,38 39,36,40 39,36,40 45,43,44 38,35,39 39,36,40 60,55,52 79,75,67 73,74,64 96,88,36 223,208,31 200,191,44 184,173,59 172,166,60 160,157,43 145,144,38
109,119,116 63,64,43 120,112,99 66,69,36 65,67,50 44,45,33 76,78,50 88,95,63 83,45,28 100,64,46 90,69,67 55,50,49 40,35,37 35,32,36 37,34,38 30,29,32 35,29,34 39,33,38 38,35,39 48,43,45 39,37,38 49,42,42 52,33,21 75,47,36 63,46,36 223,214,28 218,201,34 197,187,47 196,191,66 178,176,46 163,157,39 153,146,35
104,114,108 54,57,37 123,125,122 86,87,48 78,87,39 62,71,23 90,97,49 76,80,40 65,35,18 99,63,43 137,89,64 50,50,50 37,34,38 31,30,35 32,29,33 29,28,31 30,27,31 35,29,34 44,34,38 53,39,39 56,39,29 61,42,30 49,25,19 57,33,27 51,24,19 242,225,31 216,200,28 209,200,57 184,186,44 172,170,42 155,149,47 86,72,45
111,116,112 140,132,108 89,85,68 46,47,28 58,65,31 86,93,49 94,102,51 97,110,56 108,117,57 225,146,82 146,94,62 122,79,34 40,45,39 33,32,35 26,25,28 27,26,29 28,25,29 43,31,33 63,35,26 73,42,34 93,55,47 46,28,23 64,37,32 43,23,16 48,26,20 233,219,22 219,210,34 197,201,36 181,176,55 80,61,45 99,78,53 73,59,45
102,109,104 104,103,92 39,44,24 46,48,31 48,51,31 39,47,26 36,41,19 52,53,30 77,70,29 162,106,70 167,106,72 176,118,83 33,61,38 68,71,38 45,50,28 37,41,24 33,40,22 54,32,24 54,31,28 59,36,35 37,21,17 62,37,34 53,31,23 37,26,23 49,27,21 189,186,34 207,209,54 103,82,55 116,92,68 97,77,59 87,68,45 30,21,15
75,81,70 44,46,29 42,47,27 83,86,74 36,44,23 42,47,27 36,44,23 68,111,69 25,48,33 113,82,29 125,87,39 46,52,23 45,57,39 50,48,26 50,53,29 50,53,31 60,49,32 42,37,25 43,31,21 39,27,17 45,27,22 53,30,17 49,31,26 50,33,23 55,31,25 121,97,73 130,102,73 125,98,66 110,86,60 107,86,63 78,63,43 46,35,30
44,47,23 50,53,31 45,50,30 47,49,32 43,48,26 47,50,28 42,50,29 25,50,34 35,43,33 37,50,27 32,51,29 32,46,25 65,73,52 39,46,39 52,50,48 46,49,29 45,48,28 35,45,23 53,41,29 37,31,26 39,35,25 49,43,36 43,39,29 33,27,20 117,97,67 117,91,66 102,78,54 120,92,63 99,78,53 113,92,65 59,47,37 92,73,57
48,53,33 45,49,32 44,47,27 35,43,22 47,50,26 47,48,27 30,63,25 25,44,33 33,41,20 93,102,54 30,36,23 31,44,30 70,45,26 24,54,35 41,39,40 25,26,29 32,34,17 28,35,19 46,51,27 39,41,13 52,56,29 41,44,20 36,30,25 86,67,42 88,71,47 116,88,59 88,70,49 93,72,47 79,65,47 98,78,58 55,40,31 87,73,48
36,41,21 44,47,27 47,50,30 49,50,29 46,44,22 45,48,26 34,62,37 41,50,31 52,56,27 49,50,31 37,45,22 54,57,37 81,78,63 24,43,32 44,44,41 32,32,27 38,39,31 55,60,36 55,58,27 59,62,27 63,68,25 53,55,27 239,231,179 124,108,75 68,53,44 74,62,50 87,72,50 58,43,32 57,42,33 48,37,32 51,40,33 66,56,44
58,61,30 61,64,29 57,62,26 61,66,30 61,68,22 76,89,35 29,56,36 49,56,20 65,70,25 61,129,58 46,49,25 31,44,30 104,94,52 76,73,60 30,35,31 54,57,35 47,50,30 48,52,25 55,59,30 54,56,28 126,118,84 199,187,150 231,218,166 221,211,162 62,50,38 51,42,36 88,73,53 59,44,33 69,57,45 57,42,31 71,56,45 52,42,32
39,42,20 50,55,23 68,75,27 85,94,34 115,125,47 98,141,74 61,73,28 97,107,44 81,92,32 35,60,40 27,52,34 95,66,31 36,64,41 39,50,39 145,104,73 46,46,14 85,95,44 85,93,42 64,71,27 66,64,35 215,204,158 219,209,160 219,209,160 212,203,158 96,82,64 51,40,33 66,51,42 49,36,29 65,50,39 54,44,32 60,50,38 77,63,47
44,47,27 53,58,24 47,52,20 52,57,23 52,55,20 142,96,70 54,60,19 68,73,37 78,85,41 30,56,31 31,57,34 29,57,34 32,58,35 36,62,39 94,89,38 113,120,47 104,114,38 115,129,40 117,126,55 237,227,176 150,136,107 140,128,102 140,128,102 159,145,116 145,131,102 60,50,40 68,57,42 44,33,28 46,35,28 46,35,32 55,44,39 80,66,48
48,50,22 60,65,31 75,81,31 75,84,26 218,165,110 85,93,40 70,81,25 95,105,38 110,118,52 34,60,37 31,57,34 34,60,37 31,57,34 31,57,34 144,158,71 115,127,48 136,148,62 119,132,48 123,120,65 139,128,95 165,151,122 116,107,88 113,106,86 129,116,93 143,131,103 52,40,28 70,56,40 80,70,48 52,40,30 82,67,56 61,50,43 55,44,37
47,50,26 55,57,31 45,47,21 103,97,74 60,59,32 66,59,30 56,57,20 62,65,34 48,53,29 38,86,38 30,56,33 32,60,37 32,60,37 29,55,32 86,96,45 87,95,31 113,120,47 130,129,50 136,124,94 170,159,126 128,115,94 126,112,94 118,107,88 114,103,84 116,107,88 51,40,33 99,84,62 70,55,44 53,43,33 60,50,40 80,68,56 42,36,29