71,89,56 30,42,22 52,101,64 38,71,44 45,59,40 56,67,38 46,64,51 73,86,70 64,81,71 78,105,106 83,107,109 89,119,114 90,119,117 83,113,108 73,100,99 94,120,112 79,104,101 79,99,100 89,114,111 81,108,107 79,103,105 82,106,108 86,99,74 71,91,62 59,69,47 109,114,82 76,86,62 69,79,76 61,76,52 71,80,61 64,73,56 58,73,57
69,80,40 32,44,24 95,100,106 41,77,49 31,61,42 46,55,36 51,58,40 68,78,56 50,61,46 83,106,87 70,89,83 99,123,115 90,114,114 75,99,99 75,91,89 81,99,84 62,75,52 72,83,72 68,85,80 67,87,88 103,127,87 71,86,62 60,72,54 74,86,68 81,90,71 60,67,49 100,107,75 60,77,69 50,63,51 83,100,95 81,101,85 59,71,53
177,146,68 117,94,23 46,55,38 23,45,33 22,39,29 49,58,39 55,67,47 56,70,51 56,72,53 157,134,119 56,65,46 72,87,75 55,73,60 54,65,52 45,56,41 67,80,55 54,63,46 56,65,48 50,59,40 66,76,54 78,92,71 72,84,66 72,86,67 171,158,36 120,104,19 69,78,22 146,126,49 64,80,61 78,86,74 56,64,52 72,85,71 68,79,66
36,64,41 26,53,35 101,72,52 160,144,45 32,55,36 76,83,65 101,96,82 57,75,58 63,76,60 69,66,53 51,55,40 48,63,51 178,152,138 60,69,52 55,66,51 53,65,45 65,78,64 59,70,55 50,58,44 54,63,46 63,79,79 117,110,90 96,94,32 165,141,34 184,152,52 144,126,28 48,57,40 54,65,50 52,63,48 66,77,62 52,63,50 68,75,57
36,61,43 30,55,39 34,63,51 69,68,73 72,73,76 95,75,57 38,46,34 51,62,49 55,67,49 45,57,39 73,57,42 52,50,46 59,62,50 46,55,38 45,53,39 45,53,41 50,61,50 47,56,39 56,64,50 56,64,50 50,57,41 48,56,42 229,199,32 191,165,28 158,138,32 153,126,11 58,68,35 47,55,43 47,56,39 58,73,59 54,62,41 50,58,44
34,59,41 29,54,38 18,42,31 60,59,62 70,70,82 47,54,36 36,44,32 39,51,33 54,65,52 52,64,46 138,117,94 119,105,105 54,64,42 55,65,43 54,63,44 63,72,55 45,53,39 69,79,57 46,54,40 47,55,41 41,50,33 80,61,47 239,213,22 205,187,14 132,116,17 122,109,16 80,78,18 45,42,48 73,61,49 49,58,41 55,64,45 61,71,49
29,54,36 27,52,36 22,44,32 61,71,77 77,77,85 71,74,85 37,44,28 34,43,26 45,54,37 94,87,69 122,99,96 97,87,91 36,46,24 56,61,39 52,61,42 50,60,38 57,67,45 55,63,49 54,61,45 43,51,39 242,227,180 104,77,45 225,205,30 216,191,24 148,128,20 111,93,4 75,69,44 64,49,38 222,205,177 107,113,114 69,78,59 53,67,48
27,54,38 23,48,32 23,45,33 34,65,55 72,81,94 80,78,86 40,52,34 185,172,140 211,179,149 151,128,99 94,77,83 60,59,52 48,50,35 46,52,39 53,62,45 65,72,54 56,65,48 59,68,49 43,52,33 49,57,45 234,217,168 103,74,52 200,180,130 211,188,7 160,139,17 83,73,4 40,31,23 92,75,51 221,206,170 146,144,126 73,85,65 69,84,68
24,49,33 24,49,33 25,44,35 21,50,38 72,80,87 72,71,86 83,76,74 79,72,72 66,64,65 66,64,62 245,211,181 72,67,64 78,83,59 54,63,46 68,77,58 54,62,39 80,85,63 60,68,58 47,58,47 44,55,44 218,202,158 106,76,50 81,58,29 155,137,93 159,137,103 94,75,50 92,75,51 64,48,35 234,216,174 197,183,156 88,98,95 81,99,66
25,48,33 24,49,33 25,44,35 18,42,31 87,93,110 68,73,81 84,77,75 72,62,61 68,59,55 73,63,53 228,195,168 132,121,118 73,76,56 69,82,41 53,65,47 55,62,60 88,79,60 166,146,114 154,132,94 246,229,182 200,185,149 113,87,62 95,77,56 135,121,96 154,136,104 74,56,35 79,63,46 53,40,35 249,232,185 229,214,176 132,138,139 73,86,63
26,49,34 23,45,33 25,42,34 24,43,34 70,77,75 50,58,48 88,84,76 71,63,39 70,65,51 167,150,126 209,180,149 183,162,147 84,82,83 61,72,59 64,74,66 79,78,69 119,117,99 141,130,111 189,160,127 209,192,155 144,131,108 251,227,176 247,223,170 244,223,167 225,205,157 75,61,47 67,55,45 53,42,39 221,203,159 218,207,174 182,180,160 178,147,110
24,46,34 22,44,32 22,44,34 23,42,33 63,75,37 84,88,34 88,91,42 54,59,27 88,87,33 183,159,135 197,169,142 153,132,117 88,85,91 127,102,72 139,130,115 103,100,106 185,168,144 152,135,111 246,230,186 172,160,132 87,86,79 206,193,161 255,242,182 235,211,158 223,206,159 200,185,147 163,149,122 118,114,97 163,148,87 167,151,120 104,109,105 89,87,83
24,49,33 22,44,32 21,43,33 24,43,34 51,64,37 76,81,38 83,85,41 91,92,42 94,83,48 157,128,108 173,153,133 103,92,99 81,75,82 159,132,98 176,148,108 205,174,135 113,101,91 123,103,83 189,172,137 107,99,86 79,69,68 69,57,57 239,215,160 235,219,163 219,202,155 197,181,139 168,153,117 81,70,51 168,153,17 140,136,20 137,129,105 82,77,74
23,45,33 18,42,29 22,44,34 23,42,33 103,93,69 128,114,85 146,122,85 189,158,119 196,165,128 212,183,161 141,125,121 99,93,98 169,145,123 245,214,177 189,158,119 147,119,79 103,84,68 179,170,27 100,86,61 89,82,66 116,95,80 139,119,87 187,177,153 211,186,127 207,185,138 162,143,108 109,85,50 62,54,18 191,173,42 175,150,32 91,78,17 36,28,6
21,43,33 23,42,33 21,45,34 27,51,40 208,177,140 195,163,121 205,172,133 230,199,150 188,149,108 181,147,106 146,126,106 147,128,105 87,66,62 83,81,82 112,101,84 160,141,125 160,145,37 83,74,45 76,67,36 186,158,120 205,173,129 107,60,0 75,47,18 186,172,127 207,186,143 178,162,131 199,187,150 84,68,14 125,108,30 103,82,10 94,73,30 16,9,12
25,44,35 24,46,36 24,48,37 37,57,43 177,149,111 202,174,136 195,167,129 210,178,134 197,164,125 174,141,102 146,117,86 204,172,142 245,218,186 201,164,122 219,181,131 232,191,142 231,193,143 203,177,138 190,163,127 222,202,154 197,171,130 212,171,124 117,72,0 53,34,22 32,20,22 30,20,21 31,29,30 40,34,39 66,50,19 83,68,30 53,44,40 36,25,20
25,48,33 30,55,39 27,56,42 113,106,86 203,172,135 179,147,113 218,188,144 184,153,114 202,180,131 189,157,125 199,169,127 209,177,133 211,186,140 193,170,128 199,167,135 207,174,135 190,161,130 166,139,105 222,199,157 196,165,128 208,183,153 165,136,105 174,147,113 155,136,113 30,23,26 31,23,29 60,60,60 193,164,129 186,151,115 82,73,67 81,76,75 92,81,64
33,60,42 25,49,36 30,62,44 198,169,138 202,174,136 210,186,149 212,190,143 231,187,145 194,156,110 202,179,139 197,168,133 212,174,139 204,179,133 205,169,120 179,156,116 190,162,124 182,155,123 185,158,126 179,152,116 183,158,128 171,144,112 164,137,105 176,152,119 96,94,90 108,101,99 56,60,64 54,53,56 69,71,68 65,65,65 102,102,99 190,158,114 219,188,149

49,58,41 68,80,62 176,101,54 102,64,29 81,109,63 55,70,35 42,96,59 30,65,44 64,81,71 78,105,106 83,107,109 89,119,114 90,119,117 83,113,108 73,100,99 92,121,112 79,104,101 79,99,100 89,114,111 81,108,107 79,103,105 82,106,108 86,99,74 71,92,58 59,69,47 105,115,82 76,86,62 69,79,76 61,76,52 71,80,61 64,73,56 59,72,56
46,55,36 50,62,44 180,100,64 55,77,47 94,112,67 51,49,27 42,93,57 28,58,37 50,61,46 83,106,89 70,89,83 99,123,115 90,114,114 73,97,97 75,91,89 83,98,82 62,75,52 72,83,72 70,84,77 67,87,88 98,122,80 71,86,62 60,72,54 74,86,68 81,90,71 62,66,49 103,108,76 59,78,72 50,63,51 85,99,92 81,101,83 60,72,54
76,79,88 39,46,41 184,100,67 75,93,48 56,72,39 38,48,26 46,100,61 28,58,37 56,72,53 184,152,138 57,66,49 73,86,72 56,71,57 54,65,52 44,55,40 65,78,53 52,61,44 56,65,48 53,62,43 64,77,54 78,92,71 72,84,66 78,87,57 74,85,70 197,171,62 132,119,19 60,76,32 73,81,67 78,89,74 56,64,50 72,85,71 71,82,69
74,74,82 62,65,72 149,79,53 62,99,48 83,100,64 37,45,24 46,92,58 34,72,43 61,76,60 102,85,75 47,56,39 48,63,51 166,140,119 60,69,52 57,65,51 53,65,45 65,78,64 59,70,55 50,58,44 54,63,46 63,79,79 81,94,80 57,63,50 189,163,24 215,185,73 159,130,40 102,97,26 54,65,50 52,63,48 66,78,60 52,63,50 68,75,57
74,82,87 68,81,80 175,152,67 43,93,60 32,59,43 33,63,44 35,43,29 23,43,27 49,67,52 48,56,42 111,92,78 74,69,68 52,60,46 43,52,33 45,53,39 45,53,39 48,59,48 47,56,39 56,64,50 56,64,50 48,57,40 48,57,40 45,64,53 243,211,38 216,187,82 125,103,29 107,94,21 50,56,45 47,56,39 58,73,61 54,61,43 48,59,44
73,74,77 41,99,57 46,100,63 40,81,51 30,57,39 26,48,38 129,107,58 61,69,57 66,71,51 56,63,47 184,160,152 118,106,108 54,64,40 55,65,43 54,63,44 63,72,55 45,54,37 69,78,59 46,54,40 47,55,41 38,51,35 40,51,38 44,54,51 219,197,9 202,175,16 103,93,15 101,90,17 76,80,22 47,53,44 46,53,37 55,64,45 61,71,49
102,101,92 40,90,57 40,91,55 40,73,46 28,55,39 23,45,33 55,70,54 62,59,46 104,69,54 64,60,41 111,91,82 95,88,91 36,46,24 56,61,39 50,59,40 49,59,37 57,67,45 55,63,49 54,61,45 45,53,41 44,50,41 89,70,45 230,219,73 194,174,0 163,143,13 112,94,7 88,78,11 70,63,61 88,67,44 180,180,164 69,78,61 53,67,48
55,71,69 40,91,55 41,82,52 39,72,47 25,50,34 24,46,36 19,45,34 191,172,145 211,179,149 142,133,102 176,160,158 68,64,58 48,50,35 46,52,39 53,62,45 65,72,54 56,65,48 59,68,49 43,52,33 48,56,44 55,58,48 106,81,51 124,102,68 223,206,12 199,170,9 135,114,1 84,79,65 102,81,56 86,70,53 209,196,164 90,96,99 69,84,68
52,94,73 41,91,60 40,81,51 39,70,46 22,46,33 23,48,32 21,40,31 73,75,70 63,61,62 66,64,62 244,205,175 84,79,76 78,83,59 54,63,46 68,77,58 54,62,39 80,85,63 60,68,58 50,61,50 42,50,40 70,66,47 116,88,61 102,77,49 234,215,162 177,158,119 197,180,145 61,49,37 72,54,35 91,77,59 212,200,163 99,97,98 83,99,68
66,134,93 41,91,58 40,78,49 37,64,44 21,45,37 23,45,35 25,49,38 36,68,48 68,59,55 70,61,53 222,189,162 133,122,117 71,76,56 69,82,41 53,65,47 55,62,60 88,79,60 166,146,114 154,132,94 172,149,118 153,129,96 89,69,39 96,65,42 80,66,48 181,166,130 76,58,39 73,57,42 73,58,47 86,71,49 223,209,166 132,128,118 71,84,61
81,156,112 42,87,56 41,74,47 35,63,40 22,44,34 21,45,34 18,49,34 20,44,31 73,63,51 167,150,126 208,179,148 183,162,147 87,85,86 61,72,59 64,74,66 76,79,69 118,116,98 140,129,110 189,160,129 222,193,158 236,201,174 185,169,136 244,222,175 226,206,160 230,208,159 74,56,37 61,46,35 50,40,30 63,49,31 244,228,186 177,174,150 119,107,95
75,162,101 42,87,56 38,72,42 31,56,38 22,46,33 24,43,34 22,44,34 20,52,32 81,83,41 183,159,135 201,173,146 148,127,116 88,85,91 127,102,72 139,130,115 103,100,104 185,168,144 154,137,113 96,83,76 71,71,71 173,158,122 175,162,128 255,238,175 237,214,156 223,206,159 200,188,147 166,152,125 100,97,84 75,71,52 212,200,170 164,164,150 92,94,89
72,143,92 38,83,52 40,71,45 28,51,34 23,48,32 25,44,35 22,44,34 24,49,33 81,73,37 157,128,108 174,156,135 102,91,98 81,75,82 160,129,92 176,148,108 205,174,135 122,107,98 123,103,83 113,92,69 120,98,78 222,209,161 214,200,173 244,220,165 241,222,165 219,201,157 197,180,141 166,152,125 82,73,65 183,176,17 164,147,98 89,85,77 86,75,72
62,129,79 39,82,52 32,63,39 25,52,34 24,47,30 21,45,34 21,45,34 21,45,34 34,74,53 212,189,160 139,123,119 98,92,97 169,145,123 245,214,177 189,158,119 147,119,79 110,91,75 95,74,51 113,93,75 123,101,63 133,77,14 95,66,33 144,134,110 228,201,140 213,192,140 163,144,109 119,99,79 210,178,50 174,158,27 131,125,23 61,52,44 51,46,34
53,117,70 41,82,52 34,61,41 25,50,34 26,45,34 22,44,34 23,45,35 20,44,33 14,43,29 178,146,114 146,126,106 150,130,110 85,67,62 90,88,89 112,101,84 161,143,122 197,165,131 214,185,134 184,164,74 139,117,23 127,71,4 117,72,8 175,155,125 195,183,146 111,86,58 116,99,71 55,45,33 206,176,60 192,167,21 154,133,9 21,15,10 50,34,30
51,109,69 40,83,53 34,61,41 23,47,34 22,44,32 24,43,34 25,44,35 21,45,34 22,44,34 175,140,102 146,117,86 206,174,144 245,218,186 201,164,122 219,181,131 232,191,142 231,193,143 203,177,138 191,163,125 222,202,154 69,48,37 42,28,28 34,22,22 49,40,36 124,110,85 84,70,52 32,30,28 125,95,1 145,125,37 133,104,12 40,36,30 62,47,38
47,103,64 43,82,50 30,62,40 22,47,31 24,46,36 22,44,34 25,44,35 23,42,31 21,43,33 189,160,125 199,169,127 212,180,134 211,186,140 195,169,128 199,167,135 207,176,137 190,161,130 166,139,105 222,199,157 196,164,132 193,168,149 32,26,31 40,32,38 71,71,68 89,75,57 168,140,111 179,146,107 148,123,93 64,59,56 86,78,65 78,73,75 63,58,55
44,102,64 36,77,47 30,57,41 25,44,35 25,44,35 25,42,34 24,43,34 24,46,36 23,42,33 203,184,149 197,168,133 212,174,139 205,178,131 205,169,120 179,156,116 190,162,124 182,155,121 186,157,126 180,153,117 185,158,124 171,144,112 163,133,107 136,117,90 199,185,167 89,90,95 62,66,70 49,53,57 101,87,62 163,139,106 228,214,185 191,157,114 221,188,149

49,58,41 68,80,62 45,61,42 42,55,39 45,57,39 49,60,29 50,68,53 78,86,72 208,111,62 151,70,38 77,45,29 87,120,114 90,119,117 83,113,108 73,100,99 92,121,112 79,104,99 79,99,100 90,115,112 81,108,107 77,104,105 82,106,108 86,99,74 75,90,66 59,69,47 105,115,82 76,86,62 69,79,76 61,76,52 71,80,61 64,73,56 59,72,56
46,55,36 50,62,44 84,101,96 76,89,88 40,51,36 47,56,37 50,60,38 119,83,50 48,92,57 164,73,36 71,39,23 95,109,100 90,114,114 73,97,97 75,91,89 83,98,84 64,73,54 73,84,73 68,85,80 67,87,88 96,124,76 71,86,62 60,72,54 74,86,68 81,90,71 60,67,49 103,108,76 59,78,72 50,63,51 85,99,92 81,101,83 60,72,54
76,80,84 39,46,39 43,54,39 50,62,53 47,56,37 49,56,40 104,71,44 131,79,58 255,228,160 96,109,55 85,74,57 70,88,75 56,71,59 54,65,52 44,55,40 65,78,53 52,61,44 56,65,48 53,62,43 64,77,54 78,92,71 72,84,66 75,87,67 82,95,70 172,156,4 114,111,15 59,73,52 125,100,25 78,89,74 56,64,50 68,86,71 68,79,66
74,74,82 62,65,72 69,69,77 47,47,42 34,40,27 45,59,40 187,91,51 232,161,119 114,112,52 42,79,46 45,83,54 51,66,54 176,144,128 55,64,47 55,66,51 52,66,45 66,79,63 62,73,60 50,58,44 54,63,46 64,80,78 81,94,82 88,74,20 145,128,23 93,72,2 85,68,17 78,69,22 53,66,50 52,63,48 66,77,62 52,63,50 68,75,57
76,81,87 68,65,69 56,53,57 60,59,74 69,76,74 63,116,82 137,80,49 102,113,57 72,91,53 29,45,26 32,65,38 67,57,56 59,67,53 43,52,33 45,53,39 45,53,41 48,59,46 47,56,37 56,64,50 56,64,50 48,57,40 48,57,40 70,71,23 170,148,14 95,80,3 156,130,10 81,82,16 49,58,41 47,56,39 60,72,63 54,61,43 48,59,44
68,77,77 62,70,79 74,72,80 57,59,59 72,72,82 116,87,65 72,79,43 55,91,47 39,60,37 37,45,22 41,89,57 110,96,96 56,64,41 55,65,43 54,63,44 63,72,55 45,53,39 69,79,57 46,54,40 47,55,41 38,51,37 42,50,38 87,84,58 199,170,69 131,115,32 102,89,16 90,85,16 63,74,34 48,54,43 50,57,41 55,64,45 61,71,49
94,89,86 94,95,85 100,101,106 61,70,83 78,76,86 162,82,50 75,106,54 161,127,37 54,64,38 47,54,36 42,91,56 110,97,105 36,45,26 56,61,39 50,59,40 49,59,37 57,67,45 55,63,49 54,61,45 45,53,41 45,53,43 113,85,56 220,210,29 239,214,29 182,158,37 113,93,16 84,77,20 44,39,38 110,94,81 151,151,137 69,78,59 53,67,48
68,71,80 60,65,64 71,74,81 59,64,74 66,74,90 53,119,74 42,96,59 40,68,43 22,53,38 153,141,113 34,70,42 81,70,65 48,50,35 46,52,41 53,62,45 65,72,54 56,65,48 59,68,49 43,52,33 48,56,46 144,135,106 110,82,53 190,168,132 221,198,15 131,104,0 92,80,0 54,55,47 93,72,47 162,148,121 194,182,154 86,93,91 69,85,66
67,67,75 70,70,80 85,93,109 74,82,98 66,152,98 40,90,57 43,93,60 35,66,42 22,46,35 44,74,55 57,59,44 90,84,79 78,83,61 54,63,46 68,77,58 54,62,39 80,85,63 60,68,58 51,62,51 42,50,40 172,157,121 112,83,59 89,64,36 208,189,136 169,147,109 210,193,156 85,70,59 77,62,42 157,143,114 204,191,157 96,96,93 83,99,68
79,82,91 76,74,82 83,88,98 92,104,128 55,118,76 40,83,53 44,77,50 25,50,32 25,44,35 26,49,34 56,64,54 109,84,65 76,84,61 69,82,41 53,65,47 55,62,60 88,79,60 166,146,114 152,130,92 172,149,118 160,136,101 107,83,59 102,73,49 80,69,50 115,103,73 94,78,63 62,48,34 58,43,32 161,146,108 209,194,154 103,105,102 71,84,61
101,98,102 64,67,76 60,63,70 64,69,77 58,119,80 42,93,57 34,62,39 24,47,30 23,42,33 22,45,30 115,107,83 183,162,147 88,86,87 61,72,59 64,74,68 76,79,69 119,115,98 142,128,110 189,160,129 226,192,158 238,209,178 178,163,127 156,132,97 241,220,179 229,209,159 79,63,50 65,51,37 55,44,37 110,98,61 242,225,186 171,167,146 184,160,125
108,102,93 62,65,34 78,84,45 85,84,48 68,71,20 41,89,57 33,56,39 23,47,34 23,42,33 24,46,36 26,52,39 146,125,114 88,85,91 127,102,72 139,130,115 103,100,106 185,168,144 146,129,105 92,83,77 69,69,77 246,230,188 178,162,129 255,245,180 232,205,144 204,186,144 197,182,146 163,149,122 94,88,79 73,65,41 215,201,172 145,148,138 87,89,84
54,58,18 65,72,28 65,72,26 71,72,33 89,91,49 41,90,55 28,51,34 22,47,31 21,45,34 23,49,36 23,53,36 100,92,98 81,75,82 160,129,92 176,148,108 205,174,135 122,106,102 123,103,83 113,92,69 122,97,78 225,212,164 214,200,173 246,223,165 237,221,167 135,125,101 162,150,124 174,157,131 80,75,63 181,172,18 150,134,101 85,81,71 86,74,74
150,119,82 152,125,89 182,155,119 99,94,93 110,99,80 38,94,55 25,49,36 21,45,34 24,43,34 22,49,33 21,45,32 98,92,97 169,145,123 245,214,177 189,158,119 147,119,79 112,91,76 97,73,51 113,92,77 127,103,77 128,76,16 98,69,36 147,133,104 221,197,142 114,105,86 106,99,83 107,88,74 208,178,49 174,161,29 129,121,19 33,27,22 53,41,29
172,148,115 163,139,106 186,154,122 223,188,152 214,178,145 39,95,58 22,49,33 24,43,34 20,44,31 22,46,38 18,42,34 152,132,112 85,67,62 89,87,88 112,101,84 161,143,124 196,165,128 209,185,134 187,169,80 142,122,16 124,73,8 113,72,15 77,57,27 204,187,138 145,121,86 123,96,64 74,55,0 204,180,27 181,151,22 145,124,13 19,12,10 67,48,34
220,191,158 177,148,115 207,174,137 206,175,136 165,143,109 36,77,49 22,48,37 21,40,34 21,47,34 19,41,31 20,46,35 209,173,142 245,218,186 201,164,122 219,181,131 232,191,142 231,193,145 203,177,138 191,163,125 222,202,154 39,27,27 46,32,32 33,23,24 33,28,27 125,117,104 80,69,54 39,34,31 155,131,8 128,107,24 99,82,6 49,42,40 65,50,39
183,154,121 165,138,106 184,151,114 198,165,126 74,161,102 34,64,43 22,44,34 20,46,35 18,42,31 21,43,33 30,62,42 208,176,132 211,186,142 195,169,128 199,167,133 207,176,137 190,161,130 166,139,105 222,199,157 196,164,132 54,39,30 31,23,29 38,31,34 48,45,51 86,75,68 75,68,66 67,65,63 76,66,54 114,95,79 85,75,63 77,72,74 63,59,53
201,169,135 235,201,167 165,140,112 86,159,98 43,94,54 22,44,34 24,43,34 25,42,32 24,47,30 22,44,34 27,57,40 210,175,139 205,178,131 205,169,122 178,157,116 190,162,124 182,155,121 185,158,126 173,149,116 177,154,123 164,141,112 148,124,100 76,74,72 83,84,87 118,107,102 145,129,112 114,101,78 151,129,95 163,139,106 228,214,185 191,157,114 221,188,149

49,57,43 68,79,64 45,61,42 43,54,39 46,58,40 49,60,29 50,68,51 80,89,70 67,84,74 83,110,109 83,107,109 89,119,114 90,119,117 83,113,108 73,100,99 92,121,112 79,104,99 79,99,100 90,115,112 81,108,107 77,104,105 82,106,108 86,99,74 75,90,66 59,69,47 105,115,82 74,84,60 69,79,76 61,76,52 71,80,61 64,73,56 59,72,56
46,55,36 50,61,46 84,101,96 78,89,88 40,51,36 47,56,37 61,70,51 66,68,51 49,64,48 87,107,93 70,92,85 97,123,112 90,114,114 75,99,99 74,90,88 83,98,84 64,73,54 73,84,73 68,85,80 67,87,88 99,127,79 71,86,62 60,72,54 74,86,68 79,91,71 60,67,49 101,108,76 59,78,72 50,63,51 85,99,92 81,101,83 60,72,54
76,79,86 39,46,41 43,54,39 51,61,55 47,56,39 48,57,38 53,62,43 60,74,55 63,73,51 88,85,70 55,64,47 71,86,74 58,71,57 54,65,52 44,55,40 65,78,53 50,62,44 54,66,48 53,62,43 64,77,54 78,92,71 72,84,66 75,87,69 83,97,67 161,140,18 77,84,27 60,72,54 72,79,61 75,90,74 56,64,50 68,86,71 68,80,62
74,74,82 62,65,72 69,70,75 46,44,42 34,40,27 36,50,31 54,67,53 59,77,62 59,74,60 48,59,44 147,126,103 54,66,57 104,90,76 58,60,43 55,66,51 52,66,45 66,79,65 62,73,58 52,60,46 53,62,45 66,79,78 82,95,83 66,71,49 197,173,40 112,90,12 72,82,19 77,65,35 54,69,53 52,63,48 66,77,62 52,63,50 68,75,57
76,81,87 68,65,69 56,53,57 60,59,74 69,76,74 49,53,38 39,47,33 53,61,47 55,64,47 49,58,39 178,157,142 99,61,40 118,90,77 43,52,33 45,53,39 45,53,41 48,59,48 47,56,39 56,64,50 56,64,50 48,57,40 46,57,42 195,174,50 187,161,41 160,127,20 140,119,18 69,72,41 49,58,41 47,56,39 60,72,63 54,61,43 48,59,44
68,77,77 62,70,79 74,72,80 57,59,59 70,73,82 45,54,37 36,42,29 40,52,34 50,65,53 50,59,42 197,167,150 232,128,79 140,69,43 50,34,17 54,63,44 63,72,55 45,53,39 69,79,57 46,54,40 45,56,41 39,50,37 42,50,40 223,190,12 214,184,59 146,125,24 111,94,14 78,83,20 60,64,68 52,53,45 52,61,44 55,64,45 61,71,49
94,89,86 94,95,85 99,100,105 59,68,79 79,77,87 70,73,82 31,46,32 33,42,25 41,50,33 126,84,60 106,68,47 114,73,42 101,52,32 62,51,34 50,59,40 49,59,37 57,67,45 55,63,49 54,61,45 45,53,41 43,51,41 114,84,56 215,200,21 190,167,29 113,100,11 105,93,11 84,77,18 40,33,33 67,65,66 132,138,129 69,78,61 53,67,48
68,71,82 60,65,61 70,73,80 59,64,74 67,73,90 80,78,86 43,52,35 172,159,127 203,173,145 216,110,73 189,149,45 84,96,47 48,90,53 47,55,43 53,62,45 65,72,54 56,65,48 59,68,49 43,52,33 48,56,46 250,238,199 108,80,51 166,140,101 213,190,22 141,121,17 109,88,5 64,58,53 105,81,55 201,185,152 173,165,143 75,86,75 69,85,66
67,67,75 67,67,77 85,93,109 74,82,98 72,80,89 64,73,84 82,72,71 79,72,75 176,92,59 84,110,60 79,95,53 45,55,29 33,71,42 45,61,42 68,78,56 54,62,39 80,85,63 60,68,58 51,62,51 42,49,42 238,220,176 109,80,56 111,81,53 193,173,114 234,210,87 154,141,109 85,71,57 87,73,55 204,192,155 198,185,153 90,90,90 83,99,68
79,82,91 76,74,82 88,93,103 94,102,130 81,91,107 68,71,80 82,78,72 70,66,58 190,146,46 110,119,59 76,76,42 49,45,26 45,91,57 63,80,56 53,65,47 55,62,60 88,79,60 166,146,114 152,130,92 172,149,118 157,135,97 87,63,37 98,70,43 52,40,30 65,57,44 76,60,45 68,53,42 58,43,32 220,205,165 203,188,150 99,101,101 71,84,61
101,98,102 64,67,76 60,63,70 64,69,75 75,79,83 49,57,45 91,87,79 40,94,55 46,97,61 37,68,44 23,49,36 191,166,149 39,81,48 57,70,54 64,74,68 76,79,69 119,115,98 142,128,110 189,160,129 226,192,158 240,211,178 151,135,102 92,70,50 239,222,185 235,217,173 78,63,52 76,65,50 57,46,39 208,197,151 237,222,184 167,163,144 184,160,125
110,101,95 62,65,34 81,82,43 84,84,52 70,71,21 84,87,36 81,91,40 42,87,56 44,89,58 38,63,43 22,44,37 73,100,80 24,31,24 78,88,64 139,130,115 103,100,106 185,168,144 146,129,105 92,83,77 69,70,75 233,215,173 178,162,131 255,245,185 220,193,130 225,207,163 197,181,137 161,147,118 92,86,77 72,65,38 216,202,173 147,150,138 86,87,79
54,58,18 65,72,28 63,72,26 71,72,33 87,92,49 75,82,38 82,89,41 42,93,53 39,71,42 23,46,29 24,41,31 25,49,36 77,78,81 154,138,107 176,148,108 205,174,135 121,105,101 123,103,83 113,92,69 120,98,78 236,221,174 218,204,177 251,228,170 239,219,169 223,207,163 182,167,129 172,155,131 79,74,62 181,173,12 159,143,112 83,79,71 86,74,74
152,119,82 153,124,89 182,155,121 97,92,91 109,98,79 155,137,107 155,128,94 191,158,119 38,82,49 32,57,39 24,43,34 21,45,32 75,92,68 193,165,136 189,158,119 147,119,79 104,85,71 97,73,51 113,92,77 126,101,84 130,79,14 104,72,40 148,136,110 113,93,63 200,180,134 173,155,123 130,113,87 209,174,51 172,159,29 129,121,19 38,32,25 55,46,31
171,149,115 163,141,107 186,154,122 223,188,152 213,179,145 191,160,121 202,170,128 237,203,158 55,110,66 34,59,41 23,47,34 23,50,34 44,64,50 89,87,88 112,101,84 161,143,124 198,165,128 209,184,138 185,166,82 142,122,16 122,71,18 114,71,13 52,38,24 70,73,65 136,110,71 121,97,64 137,117,11 204,178,39 191,162,28 157,136,14 21,14,12 66,47,33
220,191,158 177,148,115 207,174,137 206,175,136 171,145,106 201,173,135 196,165,128 213,179,136 83,155,101 32,57,37 21,45,34 23,49,38 247,215,181 201,164,122 219,181,131 232,191,142 231,193,145 203,177,138 191,163,125 222,202,154 40,26,26 49,32,33 32,22,21 31,25,20 83,77,68 106,92,78 54,48,41 160,137,8 130,105,28 114,90,8 47,41,36 59,44,33
183,154,121 165,138,106 184,151,114 198,165,128 209,174,138 176,148,110 221,189,147 179,149,107 62,142,85 21,45,32 34,67,42 15,41,28 212,187,141 197,169,129 199,168,131 207,176,137 193,166,132 167,138,103 222,201,160 194,165,132 45,35,36 33,26,29 38,31,34 47,46,51 55,56,59 138,117,104 182,144,109 195,158,118 129,107,89 89,78,71 78,73,75 62,58,52
201,169,135 235,201,167 165,140,112 197,169,131 202,169,130 211,185,146 215,186,135 208,183,139 54,115,76 34,66,44 35,61,48 24,48,40 193,173,141 149,141,128 81,83,80 83,85,80 85,85,85 86,85,90 83,85,85 83,85,85 79,75,69 66,67,72 105,91,75 215,187,158 202,179,150 145,126,110 114,100,84 151,129,95 163,139,106 230,213,185 193,156,114 221,188,149

49,57,43 68,79,64 47,61,42 43,54,39 46,58,40 53,64,33 53,71,54 82,91,72 67,85,70 85,109,111 85,107,109 90,120,115 91,118,119 83,113,106 73,100,99 95,124,115 79,104,99 79,99,100 87,112,109 81,108,107 77,104,105 82,106,108 86,99,74 70,90,63 59,69,47 103,113,80 76,86,62 69,79,76 61,76,48 74,83,64 64,73,56 61,74,58
46,55,36 48,59,46 83,102,96 78,89,88 39,50,35 47,56,37 61,70,51 65,72,54 52,63,48 87,106,95 69,88,82 98,124,113 90,115,112 75,99,99 74,90,88 83,98,84 64,73,54 69,79,71 67,84,79 67,87,88 96,124,78 71,86,62 60,72,54 74,86,68 81,90,71 60,67,49 103,107,78 59,78,72 50,63,51 85,99,92 81,101,83 60,72,54
76,79,86 40,45,39 43,55,37 51,61,55 48,57,40 48,57,40 51,63,43 60,74,55 63,71,57 86,92,79 207,170,146 72,87,71 56,71,57 54,65,52 44,55,40 66,79,56 50,59,42 56,65,48 54,63,44 66,76,54 78,92,73 72,84,66 75,86,71 83,95,61 123,120,24 57,69,49 58,72,53 73,77,60 77,90,74 56,64,50 68,86,71 69,81,63
74,74,84 63,66,73 69,70,75 45,45,40 34,40,27 36,50,31 54,67,53 59,77,60 59,74,60 48,56,42 133,111,93 56,68,59 80,95,83 64,67,55 58,69,54 53,65,47 63,76,60 61,73,55 53,62,45 53,62,45 66,79,80 102,107,87 56,64,54 222,192,78 158,138,18 67,76,18 161,136,38 58,69,54 52,63,48 66,77,64 52,63,50 72,79,61
76,81,87 68,65,69 56,53,57 60,59,74 69,76,74 46,50,33 40,48,34 50,58,44 55,63,49 48,57,40 42,48,37 46,47,39 127,115,105 63,64,45 45,53,39 46,54,42 48,59,48 46,55,38 56,64,50 56,64,50 48,57,40 49,57,43 152,142,21 121,96,0 110,91,25 92,81,19 50,56,45 49,58,41 47,56,39 60,72,63 54,62,41 50,58,46
68,77,77 60,68,77 74,72,80 57,59,59 70,73,82 45,54,37 36,42,29 41,53,35 50,65,53 52,61,44 41,52,37 115,94,83 58,49,41 56,66,44 54,63,44 63,72,55 45,53,39 69,79,57 44,56,38 47,55,41 39,50,37 42,49,42 225,196,51 152,130,24 202,165,41 105,89,15 76,81,20 41,41,49 80,68,58 52,61,44 55,64,45 61,71,49
94,89,86 96,97,89 96,100,104 59,68,79 77,77,87 71,74,83 33,46,32 33,42,25 41,50,33 43,51,39 63,52,33 134,111,96 99,93,98 56,61,39 50,60,38 49,58,39 57,66,47 56,62,49 54,61,45 45,53,41 46,54,44 114,85,54 225,199,19 249,226,86 140,123,18 112,97,18 85,78,19 47,36,31 85,80,79 120,125,119 69,78,61 53,67,48
68,71,82 60,65,64 69,72,83 57,65,74 67,73,90 79,77,85 41,53,35 178,164,135 198,170,130 156,135,110 93,79,52 156,116,107 112,104,110 47,55,41 54,60,47 65,72,54 56,65,48 59,68,49 43,52,33 48,56,46 246,232,189 108,80,51 145,124,41 163,141,5 134,118,19 104,84,5 75,69,60 95,74,51 201,184,147 161,152,133 74,85,70 69,85,66
67,67,75 66,66,78 85,93,109 74,82,98 69,77,86 65,73,82 81,71,70 79,72,75 71,64,67 70,64,69 145,115,89 135,107,94 72,77,57 154,76,46 102,68,38 54,62,39 80,85,63 60,68,58 51,62,51 42,49,42 228,208,160 107,78,54 112,83,52 231,213,69 106,90,16 71,61,49 70,56,40 64,50,34 206,191,153 185,168,140 91,93,93 83,99,68
79,82,91 76,76,84 88,92,105 94,102,130 87,95,111 69,72,81 83,77,72 67,62,61 71,64,67 73,63,62 206,173,136 144,80,52 98,56,34 192,115,78 128,65,43 55,62,60 88,79,60 166,146,114 152,130,92 172,149,118 161,140,99 98,72,47 94,66,39 75,61,45 194,178,161 63,48,28 63,49,33 71,56,47 230,214,170 201,186,148 94,95,98 71,84,61
101,98,102 64,67,76 60,63,70 64,69,75 74,75,80 49,57,45 89,85,79 72,64,42 70,65,51 158,140,119 152,188,115 104,123,71 80,98,53 80,96,54 82,51,39 76,79,69 119,115,98 142,128,110 189,160,129 226,192,158 213,184,151 99,83,52 75,55,37 219,202,165 146,129,92 83,68,57 67,56,41 55,44,37 237,226,180 234,219,179 161,157,140 184,155,124
110,101,95 62,64,36 81,82,43 84,84,52 69,73,19 84,87,36 86,87,39 54,59,23 71,150,96 57,103,69 117,117,56 52,67,39 49,57,32 47,86,52 138,127,112 103,100,106 182,165,141 149,132,108 92,83,77 69,70,75 226,210,168 172,156,125 255,237,177 202,177,118 221,203,159 191,172,133 158,144,115 87,86,75 111,104,73 215,201,172 147,150,138 85,85,82
54,58,20 65,72,26 63,72,26 71,72,33 89,91,49 75,82,38 84,89,42 93,95,51 44,97,63 44,82,53 36,59,44 27,57,36 70,68,69 47,91,56 175,147,107 205,174,135 114,98,94 123,103,83 113,92,69 117,95,75 236,220,176 223,209,182 254,231,171 219,203,149 217,203,158 180,165,127 169,155,130 79,74,62 183,174,29 160,143,115 84,83,74 86,74,74
150,119,82 153,126,90 180,151,120 99,92,92 118,107,88 168,148,118 158,131,97 199,155,115 57,107,74 37,68,42 29,52,33 24,48,35 168,147,122 42,46,31 190,159,120 147,119,79 95,76,62 97,73,51 117,94,79 126,101,84 135,79,12 100,66,32 155,143,106 222,199,139 219,202,153 173,156,121 132,115,91 209,172,48 170,154,25 127,120,21 38,32,25 64,55,40
176,154,120 163,139,106 186,154,122 222,187,151 214,180,146 191,161,119 202,170,126 236,204,158 179,157,119 26,57,33 25,50,32 25,42,32 31,66,45 56,59,51 107,99,86 161,143,124 193,160,123 215,185,141 185,166,84 142,122,16 124,74,2 113,71,19 68,51,27 204,180,129 173,150,108 125,97,68 185,165,45 204,177,43 191,162,30 164,142,23 22,15,13 65,46,32
224,195,162 177,148,117 207,174,137 206,175,136 172,146,107 202,174,136 196,165,128 212,180,134 198,164,134 67,90,55 42,73,49 23,48,32 21,43,33 203,160,115 105,85,53 229,193,142 231,193,145 203,177,138 191,163,125 220,203,154 41,27,27 49,32,33 31,21,22 35,28,28 144,134,110 127,115,89 58,49,43 160,137,10 125,103,25 111,87,7 43,37,32 64,49,38
180,151,118 165,138,106 182,150,116 198,165,128 209,174,138 178,147,108 221,189,147 181,149,107 206,184,137 47,111,62 28,58,41 24,43,32 18,47,35 184,179,149 116,81,56 193,166,130 189,162,130 172,142,116 225,197,157 165,141,115 31,29,27 33,25,31 40,33,33 53,50,56 91,83,72 167,141,116 183,143,107 193,159,116 117,90,74 88,77,70 76,71,73 61,56,53
203,169,135 235,201,167 165,140,110 197,168,133 198,170,130 211,185,146 215,186,135 230,195,141 156,165,117 32,57,39 21,47,34 27,53,40 35,57,45 93,87,80 81,83,80 84,82,80 87,86,89 83,87,91 80,82,82 80,80,80 137,123,105 155,126,95 180,154,115 216,188,150 198,179,152 145,126,110 114,101,80 151,129,95 163,139,106 228,214,185 191,157,114 220,185,147

53,61,49 68,80,60 45,61,42 41,52,37 47,59,41 53,63,37 53,71,56 80,89,72 67,85,70 85,109,111 85,107,109 90,120,115 91,118,119 83,113,106 73,100,99 91,120,111 79,104,99 79,99,100 87,112,109 81,108,107 79,103,105 82,106,108 86,99,74 66,86,61 59,69,47 105,115,82 76,86,62 69,79,76 61,76,48 71,80,61 64,73,56 57,70,54
46,55,38 48,59,46 84,100,98 78,89,88 39,50,35 47,56,37 59,68,49 65,72,54 52,63,48 87,106,95 68,87,78 98,124,113 90,115,112 75,99,99 74,90,90 83,98,84 64,73,54 63,76,64 69,83,79 67,87,88 98,124,72 71,86,62 60,72,54 74,86,66 81,90,71 60,67,49 103,108,76 59,78,72 50,63,51 85,99,92 81,101,83 60,72,54
76,80,84 39,46,39 43,55,37 50,62,55 49,58,41 48,57,40 51,63,43 59,72,56 64,75,60 85,91,78 56,63,47 73,88,76 56,71,57 51,66,52 44,55,40 66,79,56 50,59,42 56,65,48 54,63,44 66,76,54 78,92,73 72,84,66 75,86,71 83,95,59 93,97,39 56,70,49 56,72,53 73,77,62 77,90,74 54,65,50 68,86,71 69,81,63
74,74,84 63,66,73 67,70,77 45,45,40 34,40,27 36,50,31 52,67,53 59,77,60 59,74,60 48,56,44 48,57,40 93,77,73 77,92,80 56,65,46 55,66,51 53,65,47 63,76,62 61,72,59 53,62,45 53,62,45 66,79,80 110,106,71 71,74,54 211,181,65 146,130,16 71,79,28 147,127,81 57,70,54 52,63,48 66,77,62 52,63,50 72,79,61
76,81,87 68,65,69 58,55,59 58,60,74 70,75,74 45,49,32 39,47,33 50,58,44 55,63,49 49,58,41 43,51,37 93,69,61 47,52,48 205,183,165 130,122,111 45,53,41 48,59,48 46,55,38 54,65,50 56,64,50 48,57,40 49,57,43 162,146,34 111,89,13 90,77,14 84,78,14 45,52,45 49,58,41 47,56,39 60,72,63 54,62,41 50,58,46
68,77,77 60,68,77 75,72,78 57,59,59 70,73,82 45,54,37 39,45,32 41,53,35 52,67,55 52,61,44 43,51,37 129,111,92 107,92,83 56,65,46 54,63,44 63,71,57 45,53,39 69,79,57 44,56,38 47,55,41 39,50,37 42,49,44 200,174,37 130,115,9 207,175,51 95,83,17 69,78,22 35,32,38 70,63,63 52,61,44 55,64,45 61,71,49
94,89,86 96,97,87 98,99,102 60,67,79 77,77,87 72,75,86 32,45,31 34,41,25 41,50,33 43,51,39 42,51,34 191,164,146 84,68,66 56,61,39 50,60,38 49,58,39 57,67,45 55,63,49 54,61,43 45,53,41 45,53,43 118,86,54 221,193,25 210,180,53 130,103,17 109,94,17 67,60,29 43,33,34 200,188,160 93,97,101 70,77,61 53,67,48
68,71,82 60,65,61 69,72,83 59,64,74 68,74,91 79,78,83 43,52,35 178,164,135 198,170,130 156,135,110 64,68,41 152,131,108 204,184,175 47,55,41 54,60,47 65,72,54 56,66,44 59,68,49 43,52,33 48,56,46 238,222,178 108,79,48 217,202,41 159,140,15 132,119,19 96,79,3 41,36,33 70,50,32 204,191,157 152,145,127 71,86,60 69,85,66
67,67,75 66,66,78 85,94,107 74,82,98 69,77,86 65,73,82 81,71,70 78,73,75 70,65,67 70,64,69 142,112,86 201,169,153 98,84,84 51,63,45 65,78,55 54,62,39 80,85,63 60,68,58 51,62,51 42,49,42 227,207,159 108,79,55 107,82,54 215,198,60 96,86,8 73,67,62 52,38,24 82,68,52 214,197,158 190,176,151 93,100,93 83,99,68
79,82,91 74,74,82 88,92,105 94,102,130 87,95,111 69,72,81 83,77,72 67,62,61 71,64,67 68,58,59 195,170,142 169,142,124 86,80,55 180,88,51 143,71,50 55,61,62 88,81,63 166,146,114 152,130,92 172,149,118 184,163,122 109,83,58 82,57,29 68,54,40 135,121,105 78,62,45 65,51,37 51,36,27 223,208,157 246,231,191 164,164,148 71,84,61
101,98,102 64,67,76 60,63,70 64,69,75 74,75,80 49,57,45 89,85,79 72,64,42 70,65,51 157,137,119 208,179,144 204,155,65 255,209,148 64,85,51 153,78,51 69,43,33 120,116,99 143,127,110 189,160,129 227,193,159 201,172,139 93,77,46 76,56,38 194,177,142 168,151,112 78,64,50 69,52,42 51,41,31 93,79,50 193,177,146 165,165,151 97,95,103
110,101,95 60,63,30 81,82,43 84,84,52 69,72,21 84,87,36 86,87,39 55,57,29 90,94,40 148,177,133 70,112,61 71,88,48 74,87,44 42,96,59 100,64,44 105,99,106 182,165,141 147,129,108 92,81,76 72,72,80 226,210,166 167,151,120 254,234,173 203,178,119 217,199,155 200,182,140 162,148,119 85,79,70 186,181,12 172,162,24 123,116,55 84,82,78
54,58,20 65,72,26 63,72,24 71,72,33 89,91,49 75,82,36 84,89,46 93,95,42 42,100,62 42,90,58 35,65,44 47,61,31 44,52,27 53,97,62 124,107,72 205,174,135 110,97,92 123,103,83 113,91,71 103,80,65 238,222,178 227,210,184 254,231,171 220,201,148 215,204,158 182,167,129 161,146,124 192,172,54 191,170,18 172,150,33 105,99,22 86,74,76
150,119,80 153,126,92 180,150,122 99,92,92 120,101,76 168,148,118 158,131,97 202,158,118 42,103,64 42,81,49 32,57,37 25,51,38 164,144,124 70,96,60 190,158,124 147,119,79 90,71,59 96,74,54 117,94,79 126,100,86 131,75,8 98,65,28 152,137,101 223,200,140 221,199,152 173,156,121 119,99,67 187,156,25 163,128,33 135,110,21 102,94,29 67,60,44
176,154,120 163,139,106 184,155,122 222,187,151 215,181,147 191,161,119 202,170,126 236,204,158 183,160,131 37,71,41 38,64,41 24,46,34 62,90,67 38,46,36 96,93,78 154,136,117 192,159,122 215,185,139 185,165,86 142,122,18 124,73,4 98,62,13 65,48,24 196,174,129 166,146,98 126,98,71 82,74,52 72,61,56 147,130,106 122,93,40 23,13,14 25,15,14
224,195,162 177,148,117 207,174,137 206,175,136 172,146,107 202,174,136 196,165,128 213,179,136 198,164,130 34,70,42 30,55,37 25,45,31 25,59,43 206,167,124 35,44,25 234,191,142 231,193,145 204,177,141 191,163,125 220,203,154 40,28,28 47,33,33 31,21,22 39,29,28 156,145,112 146,129,101 64,59,47 38,38,38 36,36,36 41,34,34 46,35,32 73,54,42
180,151,118 165,138,106 180,151,116 198,165,128 209,174,138 178,146,112 221,189,147 181,149,107 204,187,138 118,123,87 33,70,46 25,60,39 33,64,49 78,59,22 32,43,30 68,59,70 187,162,132 170,137,110 192,165,131 97,88,84 31,29,27 33,25,31 40,33,33 53,50,56 91,83,72 167,142,114 183,143,107 194,162,118 181,148,109 191,158,119 93,84,78 72,66,61
203,169,135 235,201,167 165,140,110 197,168,133 200,169,130 214,188,149 215,186,135 230,195,141 180,166,123 31,61,40 20,49,35 17,42,26 27,53,40 80,88,74 79,84,78 86,86,86 85,85,82 85,86,89 80,81,86 89,83,76 165,138,102 159,130,99 181,153,115 218,187,150 198,179,152 145,126,110 114,101,80 151,129,95 163,139,104 228,214,185 193,156,114 220,185,147

53,61,49 68,80,62 45,61,42 41,52,37 47,59,39 53,63,37 53,71,56 80,89,72 67,85,70 85,109,111 85,107,109 90,120,115 91,118,119 83,113,106 73,100,99 91,120,108 79,104,99 79,99,100 87,112,109 81,108,107 79,103,105 82,106,108 86,99,74 68,88,63 59,69,47 105,115,82 77,87,63 69,79,76 61,76,48 71,80,61 64,73,56 57,70,54
46,55,38 48,59,46 84,101,96 78,89,88 39,51,33 46,55,36 59,68,49 65,72,54 52,63,48 87,106,95 70,89,80 98,124,113 90,115,112 75,99,99 74,90,90 83,98,82 64,73,54 64,74,66 67,84,79 67,87,88 96,121,74 71,86,62 60,72,54 74,86,66 81,90,71 60,67,49 101,106,74 59,78,72 50,63,51 85,99,92 81,101,83 60,72,54
76,80,84 39,46,39 43,54,39 50,62,55 49,58,41 48,57,40 53,65,45 59,72,56 61,72,57 85,91,78 56,63,47 73,86,70 56,71,57 51,66,52 44,55,42 66,79,56 50,59,42 56,65,48 54,63,44 66,76,54 78,92,73 72,84,66 75,86,71 81,97,64 155,136,23 79,84,23 56,72,53 73,78,58 75,90,74 56,65,48 68,86,71 69,81,63
74,74,84 63,66,73 69,69,77 45,45,40 34,40,27 36,49,33 52,67,53 57,75,58 59,74,60 48,56,42 48,57,40 112,94,93 77,92,80 56,65,46 57,65,51 53,65,45 63,76,60 61,73,55 53,62,45 53,62,45 66,79,80 77,95,82 127,113,45 202,180,44 166,142,7 90,83,15 108,81,38 57,70,54 52,63,48 66,77,62 52,63,50 72,79,61
76,81,87 68,65,69 58,55,59 58,60,74 70,75,74 45,49,32 39,47,33 50,58,44 55,63,49 49,58,41 40,48,34 107,84,69 46,54,44 161,145,132 168,154,140 46,54,42 48,58,50 46,55,38 56,64,50 56,64,50 48,57,40 48,56,42 153,135,33 175,149,27 126,100,48 98,81,5 45,53,41 49,58,41 47,55,41 60,72,63 54,62,41 50,58,46
67,78,77 60,68,77 75,71,80 53,55,55 70,73,82 45,54,37 39,45,32 41,53,35 52,67,55 52,61,44 41,52,37 129,114,94 99,87,75 57,66,49 55,63,42 63,72,55 45,53,39 69,79,57 44,55,40 47,55,41 40,51,38 40,50,44 215,180,28 165,133,17 204,167,41 109,89,10 69,73,17 31,28,32 69,66,70 52,61,44 55,64,47 61,70,51
94,89,86 94,95,85 98,99,102 60,67,79 77,77,85 72,75,86 32,45,31 34,41,25 41,50,33 44,50,39 42,51,34 191,164,148 77,63,63 56,61,39 50,60,38 49,58,39 57,67,45 55,63,49 54,61,45 45,53,41 43,51,39 115,87,58 218,205,30 189,154,69 171,151,33 107,95,13 76,69,67 41,36,35 202,180,44 151,131,15 154,143,110 51,67,48
68,71,82 60,65,61 69,72,83 59,64,74 70,73,91 79,78,83 41,53,35 178,164,135 198,170,130 156,135,110 64,67,43 145,124,99 198,177,166 47,55,41 53,61,47 65,72,54 56,66,44 59,68,49 42,51,34 48,56,46 168,163,124 110,81,50 183,164,127 231,211,24 131,115,14 93,77,3 37,30,28 189,164,38 162,131,22 183,164,39 150,136,41 86,84,80
67,67,75 66,66,78 85,94,107 74,82,98 69,77,86 65,73,82 81,71,70 79,72,75 62,60,61 70,64,69 139,114,86 201,169,155 100,81,85 166,90,50 141,72,41 56,61,39 80,85,63 60,68,58 51,62,51 42,49,42 202,190,151 111,83,56 85,59,34 171,149,115 166,148,116 104,86,54 54,42,30 78,59,43 154,124,12 133,106,22 111,92,53 107,93,77
79,82,93 76,74,82 88,92,105 92,103,130 87,95,111 69,72,81 83,77,72 67,62,61 66,59,62 68,58,62 196,171,141 167,113,95 140,81,53 229,126,84 158,83,54 79,47,44 87,80,60 166,146,114 152,130,92 172,149,118 165,138,104 95,71,45 101,70,49 76,65,48 119,106,74 75,57,38 66,50,35 68,54,40 52,40,28 175,153,117 133,106,70 120,107,84
101,98,102 63,66,75 60,63,72 64,69,75 74,75,80 49,57,45 89,85,79 72,64,42 69,66,51 157,137,119 191,96,60 94,132,67 77,96,44 88,102,52 125,83,61 73,74,62 120,116,99 143,127,110 189,160,129 227,193,159 237,210,176 167,151,118 124,101,72 220,199,158 230,208,159 69,50,36 67,56,39 89,77,67 80,69,50 182,149,122 165,141,108 188,159,128
110,101,95 59,62,31 81,82,43 83,83,51 70,71,21 84,87,36 86,87,39 55,58,27 86,90,36 139,165,131 88,112,63 80,92,56 39,47,24 55,80,60 47,68,45 103,100,106 182,165,141 153,135,114 86,77,71 72,72,80 240,224,180 177,161,130 255,245,181 225,203,140 209,193,149 199,187,148 171,159,133 125,122,109 87,87,82 58,57,60 85,74,69 86,85,88
54,58,18 65,72,26 65,72,24 74,76,34 89,90,51 75,82,36 84,89,44 96,91,50 40,96,59 43,93,60 36,63,43 33,53,28 34,39,19 152,131,104 56,66,40 205,174,137 110,97,92 123,103,83 113,92,69 102,79,66 230,215,168 218,204,177 252,229,169 242,222,172 224,209,162 200,184,142 161,149,123 96,95,86 32,19,12 131,76,6 97,68,46 86,74,74
152,118,84 154,125,92 180,150,122 108,97,94 127,103,79 170,150,120 158,131,97 199,156,121 49,103,66 43,84,54 34,60,37 28,50,38 166,144,124 231,197,165 62,67,45 147,119,79 88,69,57 96,75,52 117,94,79 126,102,80 131,75,8 95,63,21 142,130,102 229,204,145 225,201,150 157,137,105 117,106,89 96,86,74 62,29,2 137,77,0 97,67,39 60,49,32
175,153,119 164,140,107 184,155,122 222,187,151 215,181,147 191,161,119 202,170,126 236,204,158 168,156,115 34,72,45 37,63,40 22,45,30 76,71,59 82,82,79 31,61,40 154,136,117 194,161,124 215,185,139 185,165,90 142,122,18 124,74,2 97,61,14 59,49,39 204,191,157 120,98,60 127,104,73 68,73,72 77,71,62 73,49,27 122,80,28 45,32,27 77,54,43
224,195,162 177,148,117 207,174,137 206,175,136 173,147,108 202,174,136 196,165,128 213,179,136 198,164,134 35,71,43 31,56,36 25,48,31 28,64,47 206,167,124 42,70,45 230,192,142 231,193,145 203,176,140 191,163,125 222,202,154 38,26,28 45,34,31 31,21,20 38,32,27 171,158,126 139,129,107 39,37,35 36,36,36 32,31,34 41,34,34 48,36,36 76,55,44
180,151,118 165,138,106 182,151,114 195,162,125 209,174,138 178,146,112 219,188,151 181,149,107 206,184,137 104,116,78 28,55,35 41,89,59 24,56,38 154,139,33 44,76,43 99,93,84 190,163,131 170,137,110 214,187,153 90,85,87 32,27,26 33,25,31 40,33,33 52,51,56 88,84,74 171,146,118 183,143,107 197,165,121 184,151,112 191,158,119 199,167,125 74,69,66
203,169,135 235,201,167 165,140,110 197,168,133 196,167,132 214,188,149 213,187,135 230,195,141 178,160,118 30,60,41 23,52,40 21,44,29 25,52,36 68,91,72 89,78,75 88,83,85 86,84,80 84,85,88 81,85,89 89,83,76 163,139,102 159,130,99 181,153,115 218,187,150 198,179,152 145,127,108 114,101,80 151,129,95 163,139,106 228,214,185 193,156,114 220,185,147

50,62,44 68,80,62 48,57,40 41,52,37 47,59,41 53,63,37 53,71,56 80,89,72 67,85,70 83,110,109 83,107,109 90,120,115 91,118,119 81,111,106 73,100,99 91,120,108 79,104,99 79,99,100 87,112,109 81,108,107 79,103,105 82,106,108 86,99,74 68,88,63 61,71,49 103,113,80 77,87,63 69,78,78 61,76,50 71,80,61 64,73,56 57,70,54
46,56,34 53,56,46 80,103,98 78,89,88 39,51,33 46,55,36 59,68,49 65,72,54 52,63,48 85,108,93 68,90,80 96,125,113 90,115,112 75,99,103 74,90,88 83,98,82 66,76,54 72,82,74 67,83,81 67,87,88 101,126,81 71,86,62 60,72,54 74,86,66 81,90,71 60,67,49 101,106,74 60,77,72 50,63,51 85,99,92 81,101,83 60,72,54
76,80,84 34,41,34 43,54,39 48,62,55 49,58,41 49,56,40 53,65,45 59,72,56 58,73,57 84,92,80 170,136,118 78,86,74 55,70,54 53,66,52 43,54,41 68,81,56 50,59,42 56,65,48 53,62,43 66,76,52 78,92,73 72,84,66 94,90,30 73,90,54 185,156,37 135,123,16 56,71,55 73,78,58 75,90,74 56,65,48 70,85,71 69,80,65
74,74,82 63,66,75 67,71,75 45,45,40 34,40,29 36,49,33 48,63,49 59,74,58 61,76,62 48,56,42 147,124,109 49,61,52 75,90,78 175,154,139 55,66,51 55,64,45 61,74,60 61,72,57 53,62,45 53,62,45 64,77,76 77,94,89 52,65,53 139,116,19 161,134,30 100,87,12 68,70,26 159,128,39 168,153,17 66,77,62 52,63,50 72,79,63
76,81,87 72,69,73 58,55,59 58,60,74 70,74,76 45,49,32 39,47,33 50,58,44 55,63,49 49,58,41 45,48,36 30,29,22 86,79,82 41,50,31 45,53,43 46,54,42 48,58,50 46,55,38 57,66,49 56,64,52 49,56,40 48,56,42 113,98,0 171,146,20 116,77,34 127,104,7 182,147,54 176,147,44 187,168,33 59,67,28 54,62,41 50,58,46
66,77,76 60,68,75 75,71,80 53,55,55 69,74,82 45,54,37 39,45,32 41,53,35 52,67,53 50,59,40 40,52,34 124,104,95 69,62,60 58,65,49 57,65,44 63,72,55 45,53,39 69,79,57 44,56,38 47,55,41 40,51,40 40,50,42 237,218,26 245,213,97 189,156,19 117,92,3 68,59,14 49,39,15 60,49,3 80,75,34 55,63,49 61,70,51
94,89,88 94,95,85 100,101,104 60,67,79 77,77,87 72,75,86 31,44,28 34,41,25 41,50,33 43,51,39 65,56,37 134,114,94 185,94,52 172,80,45 117,64,37 49,58,39 57,67,45 55,63,49 54,61,45 45,53,41 42,50,38 100,74,49 212,199,35 176,154,9 126,110,11 118,100,13 49,42,45 24,22,20 166,152,107 145,130,108 105,104,93 53,67,48
70,70,82 62,64,61 69,71,85 59,64,74 68,75,89 79,78,81 41,53,35 178,164,135 200,169,130 156,135,110 73,70,46 227,188,176 164,91,48 181,85,47 111,63,47 65,72,54 56,66,42 59,68,49 40,52,34 48,56,46 72,70,48 106,77,46 88,67,44 160,140,0 124,107,0 71,65,17 55,45,35 65,48,38 192,177,139 192,174,130 166,157,130 91,91,91
66,66,76 66,66,78 85,94,107 74,82,98 71,76,86 65,72,84 81,71,70 79,72,75 62,60,61 70,64,69 186,113,83 166,97,59 255,201,123 85,116,72 85,81,60 54,62,39 80,85,63 60,68,58 53,61,51 42,49,42 66,59,39 104,76,49 108,82,57 231,209,162 181,159,112 81,61,41 56,41,30 55,41,27 213,195,151 189,171,127 154,135,108 97,95,75
79,82,93 76,74,82 88,92,105 92,103,130 87,95,111 68,73,81 83,77,72 67,62,59 66,59,57 71,64,64 102,99,57 85,105,48 60,88,53 46,97,59 45,60,46 60,65,64 87,80,60 166,146,114 152,130,92 175,147,118 166,137,106 95,75,45 96,67,43 90,76,60 204,190,145 76,62,46 79,63,48 64,53,46 44,34,33 82,78,70 90,81,64 71,86,62
101,98,102 63,66,75 62,65,74 64,69,75 74,75,80 49,57,45 89,85,79 72,64,42 70,65,51 159,139,121 78,106,42 68,103,64 46,47,24 39,99,63 62,72,64 73,74,64 120,116,99 143,127,110 189,160,129 227,193,159 238,211,177 175,160,124 249,228,172 233,213,165 211,195,141 118,99,76 85,76,59 92,84,71 84,83,72 180,153,119 167,140,104 187,160,128
110,101,95 59,62,31 81,82,43 81,85,47 77,79,22 79,83,29 84,87,38 55,57,29 61,109,59 92,105,62 189,154,59 75,80,37 86,86,86 44,102,62 134,128,121 103,100,106 182,165,139 151,133,112 86,77,69 72,72,80 247,231,189 180,164,131 255,245,180 236,213,155 224,208,164 200,188,151 172,158,133 119,116,101 88,87,80 58,57,62 82,73,67 87,84,88
54,58,20 66,73,25 63,73,22 70,75,32 89,90,51 79,84,41 84,89,46 95,91,54 42,95,61 41,91,58 39,70,46 24,55,42 80,77,83 43,101,61 183,150,113 205,174,137 112,99,94 123,102,87 113,92,69 87,70,62 225,210,163 221,207,180 152,131,90 230,211,158 218,202,158 197,179,137 163,151,125 103,99,91 29,18,13 119,74,12 91,70,47 86,74,74
150,118,86 153,126,90 183,151,119 126,116,106 122,99,68 176,152,119 160,133,99 199,157,119 43,99,60 39,81,48 35,60,42 23,48,32 164,145,120 44,93,56 198,164,130 147,119,79 96,77,65 96,75,52 117,94,79 126,102,80 126,73,5 100,69,30 84,86,81 133,106,72 208,183,135 165,147,117 112,103,86 89,86,73 62,29,2 137,77,0 98,69,38 64,53,36
175,153,117 164,140,105 186,154,120 222,187,151 215,181,147 191,161,119 202,170,126 236,204,158 186,153,114 32,66,36 37,65,42 24,49,33 63,60,47 77,109,89 110,103,87 157,139,120 194,161,124 215,185,139 186,166,91 142,122,18 122,73,8 105,74,21 59,49,39 58,75,79 131,113,83 94,80,66 77,79,76 75,71,61 61,42,19 136,78,16 27,16,11 78,52,42
224,195,162 177,148,117 208,173,137 206,175,136 174,146,108 202,174,136 196,165,128 213,179,136 198,164,134 40,72,41 31,56,36 30,53,34 23,45,33 201,169,127 218,180,132 230,192,144 231,193,145 200,178,140 191,163,125 225,205,157 38,26,28 45,34,31 30,23,21 35,25,24 138,124,95 118,109,92 40,38,36 34,34,34 31,30,33 38,31,31 45,33,33 88,67,56
182,150,118 166,137,106 178,147,110 195,162,125 207,172,136 178,146,112 219,188,151 181,149,107 206,184,137 62,76,44 30,63,38 44,82,53 19,48,34 160,148,37 69,67,68 84,79,76 187,162,132 171,139,109 216,192,155 87,83,92 30,23,21 34,27,30 40,33,33 52,51,56 65,60,62 171,146,118 183,143,109 197,165,121 184,151,112 191,158,119 199,167,125 73,66,64
201,169,135 235,201,167 164,139,109 197,168,133 196,167,132 212,186,147 213,187,137 230,195,141 185,166,127 32,59,39 33,64,49 25,43,30 32,55,38 59,82,67 79,81,81 84,79,76 82,81,84 86,85,90 82,87,83 83,85,82 87,77,67 154,125,94 181,153,115 218,187,150 198,179,152 145,127,108 110,102,80 155,133,99 163,139,106 228,214,185 193,156,114 220,185,147

50,61,46 68,80,62 48,57,40 41,52,37 47,59,41 53,63,37 53,71,56 80,89,72 67,85,68 82,109,108 83,107,109 90,120,115 91,118,119 81,111,106 75,99,99 91,120,111 83,108,103 79,99,100 87,112,109 81,108,107 79,103,105 82,106,108 86,99,74 73,92,72 61,71,49 104,116,82 77,87,63 69,78,78 61,76,50 71,80,63 67,76,59 57,70,54
45,54,35 56,59,49 80,103,98 78,89,88 39,51,33 46,55,36 61,70,51 63,71,50 52,64,46 85,108,93 68,90,80 96,125,113 90,115,112 75,99,101 76,89,88 83,98,84 64,74,52 72,85,73 69,82,81 67,87,88 101,126,81 71,86,62 60,72,54 74,86,66 81,90,71 62,66,49 101,106,74 60,77,72 50,63,51 85,99,90 81,101,83 59,70,55
76,80,84 34,41,34 43,54,39 48,62,55 50,57,41 50,57,41 53,65,45 59,72,56 60,73,57 184,157,139 58,69,54 76,87,74 112,93,77 54,65,52 41,52,39 68,81,56 54,63,44 57,64,46 53,62,43 66,76,54 78,92,73 72,84,66 116,104,34 75,92,68 167,154,22 133,121,23 59,74,58 73,78,58 75,90,74 56,65,48 70,85,71 69,80,65
74,74,82 63,66,75 67,71,75 45,45,40 34,40,29 36,49,33 48,63,49 59,74,58 61,76,62 66,68,53 47,56,39 49,61,52 165,144,129 56,63,47 55,66,51 55,64,45 61,72,61 63,71,57 55,62,46 54,61,45 62,75,74 75,94,88 53,64,51 143,129,34 185,158,24 131,114,7 68,75,20 71,76,52 52,64,46 66,77,62 52,63,50 72,79,61
75,80,86 72,69,73 58,55,59 58,60,74 70,74,76 45,49,32 39,47,33 53,61,47 55,63,49 48,57,40 71,60,57 41,29,31 52,63,48 48,54,41 46,54,44 46,54,42 50,58,48 47,54,36 57,66,49 56,64,52 49,56,40 49,57,43 93,80,7 150,118,6 105,77,9 104,87,18 76,63,15 194,165,46 186,170,25 67,77,74 54,62,41 50,58,44
66,77,76 60,68,75 74,72,80 53,55,55 69,74,82 45,54,37 39,45,32 41,53,35 52,67,53 50,59,40 121,102,86 125,107,88 185,95,53 155,78,41 97,55,33 63,72,55 45,53,39 69,79,57 44,56,38 47,55,41 40,51,40 45,52,45 237,218,15 198,163,40 100,81,17 136,107,4 72,70,12 154,127,14 181,158,29 73,75,18 55,64,47 61,70,51
95,88,88 94,95,85 100,101,104 60,67,79 77,77,87 71,74,83 31,44,28 34,41,25 43,52,35 43,51,39 164,131,106 231,195,185 217,107,56 143,68,37 63,61,43 49,59,37 57,67,45 55,63,49 58,65,49 45,53,41 43,51,41 105,77,50 228,211,15 130,92,57 107,84,26 126,103,14 65,55,56 33,28,27 90,74,0 95,85,73 77,82,78 54,66,46
70,70,82 62,64,61 71,74,85 59,64,74 68,75,89 79,78,81 41,53,35 178,164,135 204,174,132 156,135,110 91,77,52 140,74,44 251,190,143 118,78,53 58,65,47 65,72,54 56,66,42 59,68,49 40,52,34 48,56,46 86,81,53 109,80,49 92,70,50 219,191,25 141,121,15 84,69,6 39,29,28 61,48,41 165,148,111 154,135,110 100,96,88 70,83,67
66,66,76 66,66,78 85,94,107 74,82,98 69,77,86 65,72,84 81,71,70 78,73,75 62,60,61 67,67,67 177,85,53 255,227,160 73,108,58 42,98,59 72,75,51 54,62,39 80,85,63 60,68,58 51,62,51 42,49,42 87,77,53 111,83,56 115,89,64 230,209,155 154,137,100 96,78,46 64,52,40 65,51,35 204,187,148 192,171,130 162,148,123 91,89,69
79,82,93 76,74,82 88,92,105 92,103,130 88,94,113 67,72,80 85,76,72 67,62,59 68,58,57 71,64,64 124,136,71 58,105,62 52,62,36 38,92,53 49,64,50 60,65,64 87,80,60 166,146,114 152,130,92 175,147,118 164,137,103 104,84,54 96,67,43 78,65,44 136,125,92 74,55,39 66,50,35 57,45,33 53,43,31 206,186,140 134,112,92 72,87,63
101,98,102 63,66,75 61,64,73 64,69,75 74,75,80 49,57,45 88,84,78 72,64,42 70,65,51 163,142,119 71,111,61 58,87,45 32,38,25 41,104,62 60,69,69 71,74,64 120,116,99 143,127,110 189,160,129 227,193,159 240,213,177 175,158,123 238,215,173 230,209,166 229,207,158 76,56,47 76,66,54 94,85,77 78,73,61 180,153,119 167,140,104 188,159,128
110,101,95 59,62,31 84,85,46 81,85,47 77,79,22 79,83,29 83,86,37 55,57,29 81,163,108 64,93,40 85,95,42 98,78,19 86,85,90 39,97,59 133,129,119 103,100,106 185,168,142 151,133,112 86,77,69 74,72,80 237,220,181 181,163,131 255,246,180 238,215,155 224,208,164 206,194,157 174,162,136 125,122,109 87,87,82 60,57,63 82,73,67 84,81,85
54,58,20 66,73,25 63,73,22 70,75,32 89,90,51 79,84,41 82,87,44 95,91,54 41,94,60 40,90,57 39,67,44 19,50,37 80,77,83 41,99,59 183,150,111 205,174,137 112,99,94 123,102,87 113,92,69 116,97,81 230,215,166 221,207,180 97,78,53 175,163,124 224,206,162 200,184,142 162,149,126 105,101,93 32,19,12 111,70,13 88,68,48 86,74,74
152,118,86 151,127,90 186,154,122 130,122,111 122,102,70 176,152,119 160,133,97 199,157,119 46,102,61 38,77,45 35,62,42 21,46,30 163,146,120 50,96,58 198,164,130 147,118,83 99,80,68 94,75,52 117,94,79 126,102,78 126,73,7 103,73,31 94,97,87 122,95,63 218,193,145 157,141,108 116,107,90 91,86,74 62,30,0 136,76,0 98,69,36 62,53,34
175,153,115 162,138,103 186,154,120 222,187,151 215,181,147 191,161,119 202,170,126 236,204,158 188,150,104 31,63,34 35,63,38 22,49,33 64,66,51 83,90,83 111,104,88 163,145,126 197,164,127 219,189,143 187,165,91 142,122,18 122,73,8 102,71,22 60,49,42 60,74,84 112,94,62 110,91,68 75,75,75 79,75,65 61,42,17 138,78,8 28,19,15 74,53,42
224,195,162 177,148,115 208,173,135 206,175,136 174,146,108 202,174,136 196,165,128 213,179,136 198,164,134 44,76,43 29,54,34 28,55,35 22,44,32 208,171,129 217,179,129 229,193,144 231,193,145 200,178,140 191,163,125 225,205,159 38,26,26 44,33,30 30,23,21 32,22,21 159,146,114 130,121,102 41,36,35 34,34,34 31,30,33 38,31,31 50,38,38 87,66,55
182,150,118 166,137,106 178,146,112 197,164,127 207,172,136 178,146,112 219,188,151 181,149,107 207,185,138 37,67,30 49,90,60 29,67,40 23,47,34 165,134,70 65,65,62 82,80,78 187,164,133 170,138,108 221,198,158 86,83,89 40,33,31 33,26,29 37,30,33 46,45,50 58,58,66 171,147,114 183,143,107 197,165,121 184,151,112 190,157,118 199,167,125 73,66,64
201,169,135 235,201,167 164,139,109 197,168,133 196,167,132 212,186,147 213,187,137 230,195,141 161,170,124 30,60,39 20,46,33 24,43,34 30,55,37 56,78,66 81,81,81 82,80,78 83,83,83 86,87,92 83,85,82 81,81,76 92,80,68 154,125,94 181,153,115 216,187,152 198,179,152 145,127,108 110,102,80 155,133,97 163,139,106 223,209,180 193,156,114 218,183,145