47,37,25 50,44,49 46,36,35 30,25,24 40,38,34 23,13,17 21,11,15 76,63,56 86,70,57 86,70,57 85,68,58 76,60,56 69,55,55 56,46,50 49,46,50 50,49,54 74,42,0 54,36,15 52,37,28 166,100,0 39,38,41 33,25,12 57,31,8 40,37,41 41,35,40 25,24,27 25,28,39 57,70,89 70,88,116 73,95,127 53,71,107 69,85,121
31,33,33 54,47,50 47,36,31 27,22,24 50,37,30 55,42,35 56,35,24 83,67,54 94,73,58 91,71,51 95,74,61 86,70,57 73,60,57 66,52,54 55,49,54 49,43,48 30,14,0 97,60,5 40,40,40 141,112,49 35,33,34 75,43,0 32,15,0 39,38,43 39,38,43 25,24,27 28,30,44 56,68,90 82,87,95 73,94,129 57,73,100 80,88,104
43,36,36 60,46,51 63,49,49 26,24,25 50,41,33 53,53,53 24,29,53 61,51,52 108,83,66 108,88,70 102,80,60 95,72,57 83,63,54 71,57,59 76,52,26 255,255,169 146,96,13 255,249,85 20,15,17 145,80,0 20,17,23 255,255,98 89,58,5 171,155,101 56,48,35 25,22,26 33,37,50 56,69,86 84,87,96 82,91,102 54,76,108 79,91,115
51,45,50 60,50,54 69,55,55 35,26,22 42,38,32 48,42,37 79,58,47 53,51,52 112,87,68 117,88,66 99,77,59 92,69,54 87,53,33 64,41,26 45,33,33 47,44,48 76,45,8 14,9,8 14,9,11 17,7,8 18,8,9 17,10,10 102,62,0 33,31,32 31,32,35 27,26,29 36,42,59 62,72,88 83,91,96 69,93,124 55,74,105 85,94,117
50,38,38 55,48,51 62,48,48 25,23,24 29,24,23 81,70,53 81,63,44 66,61,29 113,87,64 126,95,74 111,82,60 103,80,67 103,62,42 82,44,25 120,61,0 142,89,7 44,36,25 24,11,8 70,41,10 89,61,52 75,47,9 31,15,13 31,11,0 97,61,1 101,76,46 29,28,31 38,46,62 62,80,106 88,93,103 85,90,86 51,75,106 88,96,114
42,36,41 44,37,40 56,43,40 28,23,22 59,44,33 63,51,39 90,78,50 80,71,42 100,74,51 98,73,54 92,74,55 79,63,50 99,58,38 77,43,25 142,94,22 109,60,0 48,35,14 77,52,35 46,44,45 37,40,49 89,84,81 96,70,31 100,55,0 99,70,19 77,47,3 27,26,31 42,50,68 62,81,112 76,97,132 85,88,95 54,73,104 87,87,87
39,33,38 41,35,40 47,36,33 72,51,26 61,47,31 67,46,35 56,57,18 74,59,37 63,47,32 65,49,43 73,56,46 64,51,44 80,48,32 62,39,26 76,51,0 155,97,0 80,62,43 80,65,56 63,66,77 22,22,48 47,56,69 74,69,66 125,89,38 80,50,6 126,84,19 29,29,29 41,51,69 63,82,113 76,98,130 69,85,121 52,74,106 59,58,63
29,28,31 38,35,39 44,34,33 26,25,30 58,44,26 44,50,11 42,46,6 89,70,45 40,28,28 46,34,34 70,57,54 57,45,50 52,35,27 46,34,24 54,30,24 28,14,0 197,177,129 56,51,53 39,48,61 35,45,79 86,98,120 138,146,155 175,132,74 68,57,40 81,64,36 27,26,31 44,52,70 60,82,114 81,97,133 65,83,111 62,67,75 74,63,46
30,27,33 32,29,33 52,34,29 81,53,24 47,37,25 39,7,4 51,12,9 82,68,52 47,42,44 45,38,41 52,44,50 51,40,47 37,25,27 42,36,29 152,140,101 20,15,3 163,133,48 58,53,55 35,53,107 40,60,113 36,53,98 197,204,216 148,121,87 76,67,48 135,116,79 47,35,23 42,52,70 58,86,118 76,98,128 61,80,113 58,72,95 82,80,78
25,23,31 28,26,27 59,38,25 150,109,52 21,11,10 30,9,9 52,13,10 44,12,9 53,32,28 35,21,21 52,35,27 48,43,45 31,21,22 53,37,24 55,36,11 53,39,41 102,76,55 69,67,65 34,54,98 138,89,53 179,138,89 180,189,200 150,128,63 73,58,49 112,75,20 58,34,0 38,51,66 72,58,42 55,64,64 56,78,110 66,76,94 85,74,69
25,23,31 25,24,27 50,33,23 134,93,46 38,25,18 27,9,8 19,11,17 18,8,9 35,22,17 38,18,11 36,34,42 43,25,20 35,21,23 53,32,21 44,30,12 87,68,52 95,76,62 74,74,74 36,54,90 153,102,78 255,212,146 120,130,146 120,89,52 71,57,39 126,94,37 54,33,6 43,50,64 40,38,39 28,28,38 57,76,109 57,76,107 85,78,62
24,22,30 25,23,31 30,18,23 34,33,36 77,55,35 58,32,18 82,46,28 58,32,18 82,44,23 45,24,13 34,33,38 39,27,15 40,27,20 50,35,24 21,16,15 45,29,16 110,72,51 61,61,61 46,76,57 255,236,144 27,59,28 144,154,170 120,89,40 108,91,67 82,68,52 57,40,43 34,29,45 71,59,47 39,43,45 54,76,108 70,89,120 82,70,60
17,18,21 20,21,24 23,11,16 38,25,22 58,42,27 60,35,18 48,32,19 52,30,22 40,21,7 38,20,15 34,33,38 50,31,17 42,27,16 38,28,16 54,42,32 33,26,26 211,194,170 70,62,68 57,64,48 54,106,52 98,110,72 126,124,122 157,139,120 54,45,30 44,38,33 53,38,48 43,32,41 75,64,49 59,72,91 53,76,110 84,90,109 87,75,63
17,16,19 22,21,24 16,13,19 22,21,24 38,22,20 71,39,23 36,23,20 73,48,29 41,20,7 31,15,11 33,32,35 51,30,15 48,27,14 48,27,14 34,23,18 32,30,38 112,101,84 103,100,104 138,138,146 63,66,77 86,94,103 56,61,71 111,86,58 67,70,81 97,67,21 53,24,20 33,19,19 27,28,33 28,31,38 29,27,37 43,33,23 51,41,29
20,17,21 21,22,25 27,22,24 18,19,24 26,14,14 67,42,23 34,16,15 44,25,39 42,28,33 43,25,24 24,21,27 50,31,15 44,30,16 48,32,19 143,99,19 46,28,25 109,100,85 66,63,69 84,89,97 83,86,95 102,110,117 69,74,84 62,35,1 47,42,44 77,40,0 45,22,19 26,14,14 44,26,25 26,24,32 27,38,49 25,58,81 64,24,41
25,22,28 29,24,23 25,22,28 54,41,34 21,15,20 49,35,35 26,23,29 58,36,41 61,41,34 58,39,46 42,26,41 25,19,24 40,30,34 40,30,31 45,32,25 152,115,34 30,18,18 94,87,69 60,63,70 53,56,63 58,59,64 142,112,66 26,19,22 164,122,39 29,27,35 28,25,29 30,27,33 29,30,35 28,28,36 65,47,42 81,60,49 41,39,40
55,36,24 78,52,38 44,33,28 39,29,30 36,29,29 70,45,28 50,33,23 55,36,40 58,41,33 59,40,44 37,30,40 29,27,35 42,32,36 40,33,36 37,31,36 131,81,0 41,24,30 89,66,26 86,68,47 94,84,74 164,123,51 70,38,8 43,24,12 95,55,1 29,28,33 29,28,33 30,29,34 41,41,49 44,47,54 32,28,37 49,42,42 36,35,40
95,56,15 92,55,15 88,53,17 82,46,15 83,50,23 78,48,22 79,50,30 70,47,34 68,47,32 68,46,38 47,34,27 56,41,32 52,36,32 49,36,33 81,37,25 108,59,39 49,40,36 34,20,20 46,42,53 62,51,32 33,24,35 34,16,25 70,46,11 38,28,27 26,12,12 38,36,44 41,41,49 32,31,34 30,31,36 54,47,50 55,50,49 73,80,92

42,37,36 51,44,47 35,26,20 33,28,27 22,12,16 23,18,20 19,9,8 78,62,56 86,69,59 85,68,58 83,66,56 75,61,61 69,55,57 56,46,47 48,47,50 47,44,48 41,22,8 68,40,11 84,61,46 147,111,49 41,38,42 76,56,6 52,28,2 39,38,41 30,27,31 24,23,26 35,48,67 68,81,100 86,97,110 74,96,128 62,84,114 80,97,130
34,33,38 54,44,48 30,25,27 36,31,30 50,39,36 58,44,26 67,36,26 85,69,54 96,75,60 91,71,53 93,74,58 85,68,58 70,57,52 59,47,49 54,48,53 55,52,58 76,57,45 86,44,0 50,41,35 130,99,48 49,30,0 72,41,4 82,57,9 38,37,42 25,26,31 25,22,26 38,51,70 71,83,107 88,98,118 70,93,127 57,81,110 86,94,110
50,43,43 57,43,43 56,43,38 37,32,34 70,63,47 28,36,56 30,26,48 93,70,57 107,86,63 106,86,68 101,81,61 91,70,55 83,67,63 67,53,58 164,121,36 58,44,15 118,91,57 255,255,69 15,8,11 111,71,7 16,10,15 245,212,73 89,59,1 239,219,144 30,27,31 26,25,28 40,54,77 75,85,103 88,98,116 76,89,108 55,82,112 85,93,109
52,45,48 61,47,49 48,37,34 32,30,28 36,23,16 61,66,72 84,58,46 90,68,60 116,92,70 113,89,67 98,76,58 91,70,55 73,44,24 58,39,25 38,29,25 83,76,74 61,37,0 14,7,7 11,10,13 13,6,4 16,11,8 21,16,15 149,104,15 31,29,37 29,28,31 26,25,28 42,54,78 74,87,102 84,97,123 65,87,119 54,77,111 77,94,125
49,39,40 61,49,54 58,42,27 33,28,27 62,48,34 75,75,59 83,48,33 79,67,41 117,91,70 145,107,88 120,91,69 91,70,55 67,41,20 68,40,27 255,184,70 137,87,4 25,15,16 36,12,0 97,68,37 120,88,54 107,71,11 22,11,18 86,65,38 92,57,3 44,27,17 27,26,29 45,54,77 65,87,119 90,99,112 75,80,79 54,78,109 77,96,117
46,40,45 49,39,43 57,42,20 27,22,24 57,43,27 70,54,39 84,70,45 55,55,14 157,125,95 167,134,97 108,80,53 78,58,49 63,38,19 71,38,27 77,50,3 136,91,18 11,11,8 71,52,40 45,44,49 27,30,39 59,50,31 82,64,43 134,86,12 109,78,29 85,58,13 25,24,27 43,56,75 58,84,117 78,99,134 71,75,77 54,78,109 75,75,72
37,34,38 43,35,41 34,30,24 51,35,22 56,45,26 82,60,42 64,50,23 72,58,29 134,108,67 101,76,48 82,63,40 66,50,44 57,34,23 61,37,29 56,28,17 151,92,15 45,34,31 77,67,68 62,65,76 23,23,49 71,80,91 166,152,127 202,164,29 76,46,2 106,66,12 30,27,31 40,53,72 58,86,120 79,103,134 60,77,108 52,75,109 56,51,50
30,29,34 39,33,38 68,50,31 42,35,33 49,44,12 53,51,29 61,49,19 85,71,46 75,66,49 57,44,41 57,46,39 58,46,48 40,27,20 76,46,31 152,127,83 16,9,9 132,113,74 77,72,74 54,63,74 35,46,77 98,110,132 93,96,105 96,68,41 73,53,33 156,122,50 33,31,29 42,52,68 59,85,118 78,100,132 55,77,109 84,80,72 64,52,40
30,27,31 34,31,35 51,30,17 66,48,29 33,13,6 56,20,14 37,10,5 76,67,50 49,41,47 28,21,21 50,42,48 49,38,45 38,21,24 223,177,77 65,36,12 54,31,18 94,58,36 86,87,90 34,57,111 40,60,113 36,53,98 121,121,131 211,201,159 79,66,45 89,71,52 30,29,34 41,51,69 56,87,120 79,102,136 53,75,107 94,88,81 88,77,58
27,25,35 30,27,31 25,15,16 93,59,25 29,11,8 49,12,9 54,14,7 57,14,10 57,39,36 35,22,19 55,39,35 41,37,48 34,22,24 250,191,61 66,35,0 205,179,127 103,70,45 124,122,130 34,58,103 140,84,48 101,73,60 121,121,131 235,219,177 85,71,55 176,162,133 40,34,29 46,50,63 43,33,32 69,75,78 50,74,105 103,92,87 67,56,51
26,24,32 27,26,31 19,16,22 148,111,58 27,14,11 31,8,7 13,8,10 18,7,14 42,24,19 49,26,11 40,34,41 38,28,29 34,22,24 255,194,61 56,35,8 255,242,204 88,68,59 72,75,82 34,57,93 139,83,49 255,206,136 108,118,134 255,253,174 107,89,68 137,115,79 42,32,36 42,44,58 65,60,57 34,45,58 51,75,106 58,72,93 71,65,56
24,22,30 26,25,28 29,22,25 142,108,63 41,25,21 56,29,22 80,42,25 50,31,17 68,38,21 40,20,11 34,32,40 47,32,21 41,25,19 255,190,87 18,16,14 151,119,48 103,65,46 91,90,95 33,74,44 255,228,129 56,124,67 137,145,161 213,182,129 113,95,65 73,62,47 39,31,48 23,17,22 65,54,47 42,53,64 50,74,105 73,78,88 82,71,64
20,19,22 22,21,24 36,22,22 103,76,40 32,21,16 53,32,21 48,32,19 52,31,18 43,25,6 55,30,13 34,32,42 46,30,17 41,24,14 91,53,16 56,42,13 132,103,54 107,71,53 78,72,79 38,53,37 65,117,61 73,72,36 116,123,137 114,95,60 58,50,37 46,35,20 60,41,48 26,21,23 76,62,48 63,75,99 50,74,105 93,87,80 83,73,63
17,16,19 30,23,23 22,20,28 32,27,26 30,20,21 64,37,21 36,23,16 54,31,18 52,28,6 60,30,13 45,29,27 51,30,15 47,28,12 48,29,13 92,81,62 26,22,33 144,130,114 82,79,83 88,86,96 57,62,72 50,54,67 49,54,62 141,103,55 45,41,52 154,115,54 46,25,25 18,12,17 29,30,35 27,30,41 33,35,51 71,49,29 55,40,29
20,17,21 57,42,33 22,21,24 22,21,24 21,13,19 63,36,18 59,36,37 42,27,37 45,28,34 61,31,16 23,22,27 49,28,15 48,29,17 52,33,19 104,93,78 28,24,35 99,91,80 62,61,66 100,103,112 123,128,138 110,113,122 72,75,86 114,87,42 57,47,35 118,85,35 43,24,26 21,11,12 43,26,29 27,27,35 27,40,55 35,63,88 82,37,45
22,24,24 53,36,26 22,22,32 72,45,27 26,25,30 63,38,19 80,42,34 60,38,43 62,38,44 38,23,33 45,29,46 30,21,32 40,30,31 42,31,38 219,163,89 221,163,65 104,85,46 111,102,83 63,68,74 58,61,68 64,67,76 156,128,58 28,21,24 82,56,6 27,25,33 28,25,31 27,27,35 31,30,33 25,25,33 65,47,28 48,36,36 43,43,43
47,31,27 59,40,24 36,29,32 36,24,24 30,22,28 64,41,26 65,35,34 57,38,40 61,39,44 34,28,35 39,32,42 30,28,38 40,33,36 40,33,36 37,30,33 73,57,26 16,10,17 76,55,14 79,68,35 167,163,153 113,90,48 56,27,3 49,30,7 104,64,10 29,28,33 30,27,31 28,28,36 37,40,47 43,46,53 37,29,35 47,41,48 34,33,36
93,54,15 103,63,27 86,53,16 78,46,16 77,47,21 86,52,30 80,51,29 70,49,34 68,47,36 60,41,27 48,35,30 54,39,28 50,37,34 46,35,28 48,32,28 63,40,25 39,23,36 28,20,26 52,38,24 97,70,27 27,23,32 47,30,33 86,61,17 25,28,35 30,20,21 35,38,45 43,43,51 33,32,35 28,28,36 59,45,47 47,44,48 75,84,95

46,23,10 26,13,6 24,10,12 20,15,14 26,24,22 32,30,31 23,23,31 25,25,35 24,29,37 29,33,46 62,46,44 32,36,51 36,37,40 52,52,52 38,26,28 38,24,26 47,31,27 41,29,29 43,30,27 39,25,25 35,40,46 28,29,34 25,21,15 54,28,5 89,50,7 87,58,5 111,71,17 110,74,14 113,75,11 66,49,12 112,73,12 86,39,7
54,27,9 33,18,7 27,14,11 23,21,19 29,19,18 37,35,33 24,29,37 27,31,44 54,43,38 58,47,40 65,56,52 32,39,53 56,49,47 56,50,43 41,27,27 42,28,30 49,33,29 46,33,30 47,34,31 43,29,31 42,47,53 38,38,46 39,34,33 45,27,8 81,42,12 80,44,11 114,74,20 135,80,10 89,53,0 114,75,14 110,74,14 86,36,5
61,30,9 37,21,8 34,19,8 28,23,22 36,27,23 26,25,28 25,30,40 28,33,43 30,33,44 71,54,46 35,39,52 33,42,53 75,75,75 60,62,59 47,30,31 43,29,31 54,38,34 47,34,31 52,37,28 49,33,31 30,33,42 32,27,26 41,29,19 56,35,10 83,50,23 86,54,20 105,75,17 128,82,16 92,57,1 129,83,15 104,72,15 86,39,5
74,33,13 42,21,8 39,20,8 33,28,27 38,32,27 22,23,28 23,23,31 23,23,31 42,34,42 41,41,51 38,46,62 38,44,61 81,69,69 67,67,64 45,34,31 45,32,29 55,39,35 52,39,36 57,42,33 52,36,32 38,38,38 40,36,28 48,37,22 66,42,7 103,53,11 69,30,0 72,45,13 105,74,21 71,41,0 126,81,17 109,73,15 88,38,5
80,35,12 49,24,7 42,21,10 42,33,27 41,36,35 24,24,32 24,24,32 25,25,35 25,30,38 37,45,61 33,46,63 38,48,66 71,71,68 72,71,64 54,41,36 48,32,30 59,41,38 61,44,45 59,42,34 51,35,29 47,41,36 48,38,26 59,44,24 72,45,11 95,59,28 61,36,6 122,65,7 69,57,20 121,81,17 99,63,3 109,70,11 83,36,2
81,37,11 49,27,9 47,24,13 45,36,32 39,37,35 23,23,33 25,25,33 28,27,42 26,31,39 39,47,63 40,50,68 35,48,67 26,19,17 48,34,34 128,101,94 63,46,38 62,44,41 62,46,42 62,45,37 55,39,35 55,53,54 55,43,43 56,54,50 62,53,38 100,51,11 63,44,19 125,68,10 111,73,9 60,45,0 121,80,12 105,71,12 81,35,5
83,39,11 52,27,10 51,25,15 47,36,31 40,40,37 24,24,34 27,26,41 27,29,43 27,32,40 38,46,64 40,48,66 29,19,20 66,32,10 125,94,84 84,61,48 153,115,107 63,45,42 61,47,47 59,42,34 58,42,36 57,52,51 69,69,64 75,63,51 55,52,39 98,48,15 84,52,22 68,32,0 52,33,8 115,77,11 116,78,14 66,44,10 76,32,6
88,42,12 50,27,12 49,26,13 49,40,34 44,44,44 24,25,30 24,29,39 33,27,48 29,32,41 33,37,52 49,47,45 16,13,19 54,24,9 104,81,66 122,91,81 106,67,55 68,52,50 58,44,57 60,43,35 58,43,34 75,75,75 72,70,66 73,63,53 47,32,21 35,29,24 82,53,20 114,61,6 75,37,0 110,74,14 112,73,16 108,68,16 73,28,5
88,41,9 51,29,11 49,26,15 54,39,30 67,54,47 28,21,19 25,20,22 22,21,24 22,21,24 17,16,19 33,29,23 37,30,30 26,14,14 72,45,29 111,80,70 84,72,84 128,80,35 136,86,55 63,47,41 56,43,40 77,75,73 63,58,57 56,49,47 36,30,25 36,24,12 83,47,18 71,42,11 65,41,8 105,68,15 94,65,12 107,66,19 61,25,3
88,40,11 51,28,13 47,26,15 88,46,6 45,30,21 32,22,21 25,24,27 25,24,29 25,23,31 25,21,30 41,30,27 23,21,22 20,12,20 64,45,31 77,60,52 89,71,52 123,92,73 132,89,70 128,83,62 78,65,60 74,61,56 57,50,50 57,44,39 50,35,24 35,23,13 64,42,22 41,30,0 75,50,6 93,62,13 81,54,11 62,30,0 56,27,5
36,28,34 36,20,18 51,28,17 75,35,10 36,23,18 31,24,24 26,25,28 26,22,31 27,23,32 32,29,35 24,22,23 15,13,21 16,13,19 63,41,23 68,49,37 64,48,35 101,75,61 109,54,13 67,37,22 72,70,94 106,58,15 97,66,47 92,64,51 72,56,50 30,21,13 25,25,9 33,22,7 75,49,10 72,49,7 74,48,9 65,38,6 51,27,5
52,46,67 71,78,103 35,27,35 56,35,12 59,39,21 83,56,22 27,26,29 27,23,32 27,23,32 28,24,33 28,25,29 23,11,13 70,45,26 98,67,48 94,69,52 72,39,14 23,20,24 28,21,24 53,49,60 153,111,89 48,44,55 90,87,102 83,85,112 83,84,107 104,87,90 25,22,9 32,21,6 81,40,11 37,23,5 35,24,5 48,23,4 42,22,4
35,28,38 57,54,71 38,34,47 127,77,31 86,55,18 94,61,24 27,26,29 27,23,32 47,45,55 23,23,31 204,114,38 132,81,44 106,72,52 99,72,54 130,91,77 144,89,48 139,82,38 162,96,44 60,77,108 110,88,80 121,62,16 45,33,21 77,78,99 76,79,99 70,64,71 27,17,7 32,20,8 71,37,5 37,21,4 37,23,7 39,21,2 36,20,3
33,27,32 39,32,44 84,81,110 58,39,43 109,68,23 80,48,14 27,26,29 25,21,32 25,25,37 67,49,44 101,75,61 98,72,58 102,64,43 81,65,52 124,73,47 93,67,53 116,75,55 76,55,40 65,46,30 85,62,47 160,120,97 40,34,29 70,69,86 76,72,92 57,50,60 29,16,9 39,23,6 32,20,8 32,20,8 40,21,7 31,16,7 27,15,5
82,43,13 36,26,25 38,25,22 73,81,111 60,49,58 56,41,21 27,26,31 24,23,28 24,23,28 151,98,53 102,74,63 49,32,22 71,44,26 112,78,60 131,93,72 79,58,45 124,83,67 26,14,19 29,22,25 30,19,26 48,49,72 28,21,33 38,34,45 59,59,71 48,41,53 16,15,8 23,14,8 29,17,7 29,17,7 16,15,6 27,14,11 25,11,11
164,109,68 67,38,14 92,67,48 41,29,34 42,35,47 28,24,33 26,22,31 23,20,24 20,17,21 145,83,27 108,77,58 144,81,28 83,64,52 53,42,39 34,27,30 27,25,33 37,30,42 14,11,15 23,20,24 23,21,31 25,23,31 83,94,125 38,36,48 60,59,76 36,36,36 18,8,7 19,13,8 18,13,12 22,13,9 21,12,8 22,9,17 12,10,11
152,99,33 38,25,20 149,105,79 127,69,16 38,26,26 30,24,31 26,23,29 18,17,20 19,16,20 92,51,20 75,47,34 101,84,74 30,23,23 54,54,54 70,60,64 45,42,48 138,153,185 138,154,194 36,39,46 24,25,30 45,32,27 107,71,42 35,27,33 28,25,29 27,21,26 26,20,27 26,20,25 25,23,24 30,27,31 41,35,40 29,23,28 30,20,21
34,20,22 42,35,47 84,45,13 153,91,33 98,89,104 26,22,31 24,23,26 18,17,20 18,15,19 71,41,15 90,75,66 30,20,19 84,43,0 176,127,89 45,34,31 166,154,166 157,163,184 40,36,47 30,28,40 53,52,67 50,48,56 136,123,131 136,121,110 126,100,88 77,63,47 57,39,38 33,24,20 32,22,21 45,32,27 167,131,109 112,90,70 42,29,24

46,23,10 26,13,6 24,10,10 22,17,16 27,25,23 34,32,33 23,23,31 26,28,42 25,30,38 29,36,50 62,49,46 31,38,52 35,40,39 54,54,54 41,29,31 41,27,29 49,32,33 44,32,32 46,33,30 41,27,29 38,43,51 33,32,37 28,19,15 54,28,5 89,50,7 87,58,5 111,71,17 110,74,14 113,75,11 66,49,12 112,73,12 86,39,7
54,27,9 33,18,7 26,13,10 23,21,19 30,20,19 39,37,35 27,26,41 29,34,42 59,48,43 60,51,45 65,58,56 36,43,57 54,52,48 56,53,40 42,29,26 43,29,31 52,36,34 47,34,31 50,35,26 45,32,29 45,50,58 39,42,49 35,37,34 43,28,6 81,42,12 80,44,11 115,76,19 135,80,10 89,53,0 114,75,14 110,74,16 85,35,4
63,29,9 37,21,8 34,19,8 29,24,23 33,27,22 27,26,29 28,33,39 32,37,47 33,37,52 73,56,46 38,42,57 38,44,63 80,79,82 65,67,64 49,33,31 48,32,30 57,41,37 50,36,36 56,41,32 50,34,30 30,34,38 34,29,26 40,30,20 57,36,11 80,50,22 86,54,20 105,75,17 128,82,16 92,60,3 129,83,15 104,72,15 86,39,5
73,32,12 44,21,10 37,21,8 34,29,26 40,34,29 20,24,28 24,24,32 23,26,35 41,38,44 44,44,52 38,48,66 40,50,70 81,71,70 72,72,69 48,34,34 48,32,28 60,42,39 55,42,39 59,44,35 54,39,30 41,41,41 40,36,28 50,36,20 66,42,7 102,54,11 69,31,0 72,45,13 105,74,21 71,41,0 126,81,17 109,73,15 88,38,5
80,35,12 49,24,7 42,20,12 40,34,29 39,37,35 24,24,32 25,28,39 26,31,41 28,33,43 38,48,64 35,48,67 38,51,68 75,75,72 75,71,63 53,40,35 50,34,28 62,44,41 59,46,41 62,45,37 58,43,34 50,44,39 47,45,25 60,45,23 73,46,10 95,59,30 61,36,6 122,65,7 69,57,20 121,81,17 98,64,3 109,70,11 83,36,4
81,37,11 49,27,9 47,24,11 45,36,32 39,37,35 24,24,34 25,28,39 28,32,45 28,33,41 33,46,61 40,53,72 32,30,38 27,19,25 116,94,88 169,124,101 56,38,37 65,47,44 62,49,42 64,47,37 58,43,34 63,58,60 59,48,43 60,58,54 63,55,44 100,51,11 63,44,19 125,68,10 111,72,11 60,45,0 121,80,12 105,71,12 81,35,5
81,40,13 50,27,12 49,26,13 51,40,35 39,41,38 24,24,34 27,26,41 28,33,41 28,33,43 33,37,52 48,51,62 28,21,24 80,41,11 96,69,53 131,104,88 73,54,40 63,44,46 72,55,45 66,52,65 65,41,33 56,54,52 74,74,69 74,64,54 56,52,42 98,47,19 84,52,22 65,33,0 52,33,8 115,77,11 116,78,14 66,44,10 76,32,6
86,42,12 48,27,12 50,27,14 51,42,36 45,45,42 21,26,32 30,30,42 29,33,48 28,33,43 33,37,52 46,34,22 16,12,21 52,24,11 110,79,69 157,114,99 95,57,47 61,51,69 106,92,76 86,75,98 63,46,38 76,78,75 74,72,68 73,64,58 45,33,23 35,29,24 82,53,20 114,61,6 75,37,0 114,73,14 112,73,14 108,68,16 73,28,5
87,41,11 49,28,13 49,26,15 54,41,34 69,56,49 28,21,19 25,20,22 22,21,24 22,21,24 17,16,19 28,18,17 34,27,30 21,13,21 71,43,30 131,94,79 97,81,66 112,96,90 177,131,74 118,86,81 78,44,42 80,80,80 67,62,61 57,51,46 36,30,25 38,26,14 83,47,18 70,43,11 67,40,8 105,68,15 94,65,12 105,67,19 61,25,3
88,40,11 51,28,13 48,27,16 92,50,8 46,29,21 30,23,21 25,24,27 26,22,31 26,22,31 26,22,31 29,22,20 33,25,31 18,16,28 65,50,41 102,81,70 108,82,68 157,106,82 75,61,66 121,75,61 192,136,112 74,64,54 61,56,55 56,43,36 54,39,28 35,23,13 64,42,22 41,30,0 75,50,6 93,62,13 81,54,11 62,30,0 56,27,5
36,28,34 36,20,18 54,30,22 75,35,10 36,23,16 31,24,24 27,26,29 27,25,33 29,27,35 34,31,37 27,23,17 18,14,23 16,14,26 59,40,26 75,56,42 85,70,61 113,98,78 39,29,33 91,74,80 108,85,70 109,55,21 96,66,49 93,65,54 75,59,53 31,22,14 25,25,9 33,22,7 75,49,10 72,49,7 74,48,9 65,38,6 51,25,4
51,48,63 70,79,104 36,28,36 56,34,16 60,40,20 81,59,25 27,28,31 27,25,33 29,27,35 29,27,35 22,14,20 20,12,18 61,42,26 110,81,59 121,90,69 175,110,55 25,20,19 31,24,27 52,49,66 64,62,86 198,136,107 93,90,107 85,92,117 85,86,107 102,88,90 25,22,9 32,21,6 81,40,9 37,23,5 37,24,3 48,23,4 42,22,4
36,29,39 60,57,74 39,35,46 127,77,31 86,55,18 95,60,22 29,28,33 29,27,35 46,46,54 23,23,33 211,116,35 140,84,48 105,79,58 113,81,67 159,110,88 163,108,79 122,68,30 151,92,35 97,74,85 106,72,40 117,86,74 201,143,108 80,83,105 78,84,103 68,65,71 27,17,7 32,20,8 70,36,4 37,21,4 37,23,7 40,20,2 36,20,3
34,28,35 39,32,44 85,82,111 58,39,43 109,68,23 77,48,13 25,26,29 25,23,33 27,27,39 69,53,49 108,80,67 109,81,68 109,73,51 95,73,67 134,89,66 106,79,61 150,101,79 127,93,71 72,52,34 68,48,28 66,45,32 75,54,50 71,72,91 77,76,93 56,52,61 28,15,8 39,23,6 32,20,8 32,20,8 40,21,7 31,16,7 26,13,6
82,43,13 37,27,26 38,25,22 75,83,113 61,48,58 58,40,21 26,25,30 24,23,28 25,24,29 141,93,50 113,81,67 49,34,23 60,44,29 139,89,56 161,121,98 90,65,48 148,102,84 24,14,18 26,20,27 24,20,29 51,52,75 27,23,34 38,34,45 64,63,78 49,42,54 16,15,8 24,15,9 29,17,7 29,17,7 16,15,6 27,14,11 25,11,11
162,109,68 67,38,16 90,69,46 41,29,34 42,35,47 28,24,33 27,23,32 20,19,22 20,17,21 144,85,26 119,88,69 194,120,48 94,75,63 106,90,75 42,35,38 27,23,32 39,32,44 13,10,16 23,21,22 23,21,31 27,23,32 89,99,135 39,37,49 61,63,79 38,38,38 18,8,7 19,13,8 19,12,12 22,13,9 21,12,8 24,9,17 12,10,11
151,101,29 36,25,20 154,106,79 127,69,16 38,27,24 30,24,31 27,23,32 19,19,19 20,17,21 92,53,23 89,55,33 108,92,79 31,24,27 52,53,56 72,67,69 46,44,52 146,161,193 145,162,205 39,45,48 24,24,32 43,30,25 103,67,38 37,29,35 28,25,29 27,21,26 26,20,27 24,21,25 25,23,24 27,24,30 41,35,40 29,23,28 30,20,21
33,21,23 44,36,44 84,43,14 153,91,35 101,92,107 27,23,32 24,23,26 21,18,24 18,17,20 71,41,13 102,85,75 30,23,21 82,44,0 175,129,92 44,34,33 173,166,176 161,172,199 42,35,45 30,28,38 55,54,69 57,50,60 135,127,133 137,124,119 128,101,94 82,63,51 54,41,34 33,23,22 30,23,23 45,32,27 170,136,116 119,99,81 40,29,22

46,23,10 26,13,6 24,10,10 20,18,16 25,23,21 31,29,27 22,22,30 25,25,33 22,27,37 29,32,41 57,46,43 29,36,50 33,37,39 51,48,52 39,25,27 39,25,27 45,28,29 42,28,28 43,30,25 39,25,27 34,37,44 30,29,34 26,20,15 54,28,5 89,50,7 87,58,7 111,71,17 110,74,14 112,74,10 66,49,12 112,73,12 86,39,7
54,27,9 33,18,7 26,13,10 21,19,17 27,20,20 37,35,33 23,26,35 27,30,41 54,42,42 55,44,41 62,50,50 32,39,51 51,46,43 54,49,37 40,26,28 41,27,29 48,31,32 43,31,36 45,30,21 42,28,30 42,45,52 38,38,46 35,37,34 45,27,6 81,42,10 82,43,11 117,80,27 135,79,12 89,53,0 114,75,14 111,75,17 86,36,5
63,29,9 37,21,8 34,19,8 25,23,21 32,22,21 23,24,29 25,28,37 28,33,43 31,35,50 67,50,40 31,40,53 29,43,55 72,71,74 59,57,55 43,29,29 45,31,36 51,35,31 46,32,32 51,35,29 45,31,31 28,31,38 32,27,24 39,28,21 56,35,10 80,51,20 83,56,20 113,71,17 128,82,14 94,59,3 129,83,15 104,73,13 84,37,5
77,31,13 43,20,7 37,20,10 34,27,25 36,29,27 20,24,28 23,23,31 22,25,32 36,29,39 41,41,51 36,42,59 35,45,61 75,64,57 64,64,61 47,33,35 45,28,31 54,38,34 50,37,34 56,41,32 49,33,29 39,39,39 37,33,25 49,35,19 64,39,9 102,54,9 67,31,0 72,44,15 101,75,21 71,41,0 126,81,17 111,72,15 86,39,5
80,35,12 48,23,6 42,21,10 38,29,25 39,34,33 22,23,28 23,23,33 23,26,35 26,29,40 36,44,60 34,44,62 34,47,64 65,67,62 69,65,55 59,44,35 48,32,28 57,41,37 57,44,41 56,40,34 52,36,34 45,39,34 44,39,25 56,44,18 70,46,9 95,59,28 61,36,6 122,65,5 69,57,20 121,81,17 98,63,7 109,70,11 83,36,4
81,37,11 49,27,9 45,24,11 43,34,30 39,37,35 23,23,33 21,24,33 26,31,41 25,30,38 36,43,55 38,48,66 35,38,49 26,24,25 113,78,65 131,94,79 51,34,26 60,42,39 57,44,39 59,44,35 54,38,32 55,53,54 54,43,38 55,53,49 61,51,41 102,53,13 59,47,21 125,68,10 111,72,11 62,45,0 121,80,12 105,71,12 81,35,5
84,40,12 50,28,10 48,25,12 49,36,31 40,38,36 23,23,33 25,25,35 26,29,38 26,31,39 32,36,49 35,35,47 24,16,22 46,23,10 120,94,80 96,77,63 160,148,138 62,44,41 63,47,41 60,43,33 56,38,33 54,47,47 67,65,61 71,61,49 53,53,39 98,47,19 84,52,20 65,33,0 52,33,8 115,77,11 116,78,14 66,43,12 76,32,4
88,43,10 53,28,11 49,26,13 50,39,32 40,40,40 22,25,36 23,26,37 28,26,46 26,30,43 31,35,48 55,40,31 19,13,18 37,23,9 96,58,41 119,84,71 81,52,46 60,42,39 65,48,40 71,56,47 48,36,41 71,79,95 67,66,59 69,59,49 45,33,21 34,30,24 84,52,20 114,61,6 73,38,0 112,73,12 111,72,13 108,68,16 74,29,6
87,41,11 49,29,11 48,25,14 52,40,30 69,56,49 28,21,19 25,20,22 20,18,19 20,19,22 16,15,18 37,28,24 23,16,19 26,19,22 70,48,30 127,91,73 107,91,76 63,49,35 81,58,55 76,57,59 50,41,54 72,72,72 61,55,50 53,51,47 36,30,23 38,26,14 83,47,16 70,43,11 67,40,8 105,68,15 92,66,12 106,68,20 59,25,3
88,40,11 51,28,13 46,25,14 91,49,7 44,29,20 30,23,21 26,24,25 24,23,28 25,22,28 22,23,28 29,23,18 27,22,24 18,14,23 53,41,31 91,75,60 110,80,65 76,55,42 67,57,56 95,67,58 97,66,56 142,105,79 55,50,52 54,38,32 48,34,20 34,22,12 64,43,20 41,30,0 75,50,6 93,62,13 81,53,13 61,29,0 56,27,5
33,30,34 34,18,12 53,29,21 74,34,9 34,24,14 31,24,24 27,24,28 25,23,31 26,22,31 28,25,31 27,22,21 14,10,19 11,10,15 60,40,22 71,52,38 75,56,44 128,87,60 41,34,37 58,65,90 66,53,61 141,107,89 95,65,48 93,62,50 72,57,48 32,21,14 25,25,9 31,22,7 75,49,10 72,49,7 74,48,9 66,37,6 51,25,4
49,44,62 64,76,100 34,26,34 56,34,16 58,39,14 82,57,27 26,25,28 25,24,27 27,23,32 26,22,31 25,19,24 25,14,11 70,45,26 96,70,49 95,69,55 150,78,32 20,15,12 29,22,25 46,47,66 71,68,95 114,89,72 86,83,98 79,86,109 81,82,103 107,85,90 25,22,9 32,21,6 81,40,9 37,23,5 37,24,3 48,23,4 42,22,4
34,27,37 55,51,71 35,30,46 127,78,29 87,55,21 95,60,22 26,25,28 27,23,32 46,44,54 22,22,32 204,112,32 122,71,36 105,69,47 91,65,44 98,68,53 138,88,55 133,83,41 126,76,45 108,73,48 79,61,58 62,40,32 164,109,80 72,73,92 67,73,90 68,65,71 29,17,7 32,20,8 70,36,4 37,21,4 36,22,6 40,20,2 36,21,1
33,25,33 36,29,41 81,77,109 55,41,43 105,67,21 77,48,15 27,26,31 24,23,28 24,24,34 66,50,44 83,60,47 86,63,48 104,63,43 73,57,42 112,68,42 79,53,43 105,69,49 113,84,64 104,79,62 85,60,43 96,59,33 101,82,70 67,68,87 69,70,89 52,48,59 28,16,6 38,22,5 32,20,8 32,20,8 37,21,6 31,16,5 27,14,7
82,43,13 33,24,20 38,25,22 71,79,109 61,48,56 57,39,20 26,23,29 23,22,27 23,22,27 148,100,55 96,68,55 49,37,27 55,40,29 115,67,38 108,79,59 67,48,34 116,78,59 22,12,16 22,17,19 29,22,25 43,48,72 25,18,30 35,31,42 56,55,72 47,40,52 14,13,6 24,15,9 29,17,7 31,19,9 16,15,6 28,15,12 24,11,6
162,109,66 67,37,20 92,68,46 39,27,32 40,33,45 28,24,33 25,24,29 20,19,22 19,16,20 145,84,19 87,60,44 179,99,31 74,57,47 65,49,43 34,29,31 26,24,32 37,33,44 12,9,15 23,20,24 23,21,31 24,22,30 79,90,121 37,35,47 55,57,73 36,36,36 19,9,8 19,13,8 18,13,10 22,13,9 21,12,8 22,9,17 12,10,11
152,100,29 30,24,17 152,105,73 124,71,16 38,26,26 30,24,29 23,22,27 18,17,20 19,18,21 95,53,11 73,43,28 84,69,58 31,24,27 54,54,51 69,62,62 44,43,48 135,150,182 128,145,188 33,39,42 24,24,32 41,28,23 104,68,39 35,27,33 28,25,29 26,20,25 23,17,22 24,21,25 23,21,22 26,24,25 41,35,40 29,24,26 32,22,23
32,20,20 41,34,44 84,43,12 153,91,35 99,87,101 26,22,31 24,23,26 18,15,19 17,16,19 70,41,17 78,61,53 28,21,21 81,39,0 172,127,92 44,34,33 163,153,154 147,156,179 41,33,41 26,24,32 50,49,64 50,47,62 130,122,128 133,117,104 119,94,77 75,56,40 50,38,28 33,24,20 33,24,18 43,30,23 170,135,108 115,97,78 41,28,21

46,23,10 26,13,6 24,11,8 20,18,16 25,23,21 32,30,28 22,22,32 26,29,40 25,30,38 30,32,46 62,48,48 31,37,54 35,39,41 55,53,54 41,27,29 40,26,28 49,33,29 47,31,29 48,32,28 41,27,27 39,39,47 32,31,36 26,20,15 54,28,5 89,50,7 87,58,7 111,71,17 110,74,12 112,74,10 68,49,14 112,73,12 86,39,7
54,27,9 33,18,7 28,15,10 25,23,21 29,22,20 38,36,34 25,28,39 29,32,43 53,43,44 61,50,45 66,54,54 33,40,52 57,52,49 57,54,41 43,29,31 45,31,36 54,38,32 47,34,31 48,32,26 45,31,33 44,47,54 42,42,50 35,37,34 43,28,6 81,42,10 82,43,11 117,80,27 135,79,12 89,53,0 114,76,12 111,75,17 86,36,5
62,31,10 37,21,8 34,19,8 26,24,22 36,26,25 25,30,29 23,31,38 31,35,48 33,37,50 73,56,46 38,41,59 32,45,60 78,78,78 66,64,62 48,34,36 46,32,32 58,42,38 49,36,33 54,38,32 49,33,29 30,33,42 33,31,29 41,31,21 56,35,10 80,51,20 83,56,22 114,70,17 128,82,14 93,56,1 129,83,15 104,73,11 84,37,5
75,32,13 42,21,10 38,21,11 32,27,24 41,34,32 25,28,35 25,25,35 22,25,34 35,27,33 42,45,56 40,48,66 38,48,66 82,71,66 72,70,68 48,34,34 49,33,29 60,42,39 54,41,38 59,44,33 52,36,34 40,38,39 39,38,27 48,37,20 65,40,10 102,54,9 67,31,0 72,44,15 101,75,21 71,41,0 125,81,14 111,72,15 86,39,5
80,35,12 49,23,9 42,21,10 40,34,29 40,38,36 24,29,35 25,25,35 23,31,38 27,32,42 39,45,64 35,45,63 40,53,70 69,74,68 76,72,66 57,44,37 50,34,30 62,44,41 59,46,41 60,43,35 56,40,34 50,43,41 50,42,29 61,43,22 71,47,10 95,59,26 61,36,6 122,65,5 69,56,22 121,81,17 98,63,7 109,70,11 82,35,3
81,37,11 49,26,11 45,24,11 44,35,31 41,39,37 24,24,32 24,29,37 26,31,41 27,31,44 34,41,55 40,53,72 38,52,73 31,21,20 115,74,54 138,110,99 137,110,103 62,44,41 63,47,43 65,45,38 57,41,35 59,59,59 57,46,41 59,57,53 62,52,40 102,53,13 60,46,21 125,68,10 111,72,11 62,45,0 121,80,12 105,71,12 81,35,5
84,40,14 50,28,10 48,25,12 48,37,32 43,43,40 25,25,35 27,27,39 27,35,42 26,31,41 36,43,57 43,53,73 38,29,23 47,36,31 117,75,53 155,120,105 174,127,104 65,42,41 66,48,45 63,46,38 61,45,41 61,54,54 70,72,67 74,64,54 56,52,42 98,47,19 84,52,20 67,34,0 52,33,8 115,77,11 116,78,14 66,43,12 76,32,4
89,41,12 53,27,13 49,26,13 52,41,34 46,46,43 22,25,36 25,29,42 28,30,46 28,32,47 38,41,59 40,49,72 30,25,22 25,13,13 128,74,38 149,108,92 90,64,54 69,46,43 67,49,44 62,45,37 62,47,38 74,76,76 73,74,66 74,65,59 45,33,21 34,30,24 84,52,18 112,59,4 73,38,0 112,73,12 111,72,13 108,68,16 73,28,5
87,41,11 49,28,13 49,26,15 52,40,30 69,56,49 28,21,19 25,20,22 20,18,19 23,22,25 17,16,19 26,17,11 49,44,32 25,19,26 113,68,35 156,119,104 119,102,92 120,91,69 65,44,40 62,44,39 91,60,11 79,80,83 62,57,54 57,50,48 39,30,26 38,26,14 83,47,16 70,43,11 62,41,14 105,68,13 92,66,12 106,68,20 59,25,3
87,41,11 49,28,13 48,27,16 91,49,7 44,29,18 30,23,23 25,25,25 27,24,30 26,22,31 26,22,31 46,37,29 19,17,27 26,19,31 76,53,38 116,95,84 150,115,100 155,121,103 71,61,60 79,76,91 74,61,80 57,51,58 60,58,54 59,46,39 50,35,24 34,22,12 64,43,20 41,30,0 76,49,6 93,62,11 80,54,13 61,29,0 56,27,5
33,30,36 35,19,13 53,29,21 74,34,9 36,25,18 33,26,26 27,26,29 28,24,33 27,25,33 29,28,33 24,17,20 13,9,18 21,11,12 63,43,25 73,54,40 78,66,56 148,104,74 37,29,35 64,73,98 117,86,78 125,84,68 97,68,48 95,64,54 75,60,51 32,21,16 25,25,9 31,22,7 75,49,10 72,49,7 74,48,9 66,37,6 50,26,4
48,44,64 69,77,105 35,27,35 56,34,16 58,38,18 82,57,27 27,26,29 27,23,32 27,25,33 26,25,30 25,24,27 58,36,28 82,51,30 118,82,62 117,88,66 66,33,26 22,15,18 31,21,22 49,50,69 67,79,103 138,100,81 93,86,98 85,92,115 84,87,107 107,88,92 25,22,9 32,21,6 83,40,7 37,23,5 37,24,3 49,22,4 42,22,4
34,27,37 57,54,71 38,34,47 127,78,29 87,55,21 95,60,22 27,26,29 29,27,35 47,45,55 22,22,32 191,106,33 135,81,47 122,80,58 111,78,53 123,89,71 139,90,68 145,92,51 156,95,59 31,21,20 46,40,47 91,60,39 55,37,32 79,80,101 77,80,100 68,65,71 29,17,7 32,20,8 70,36,4 37,21,4 36,22,6 40,20,2 36,21,1
33,25,33 40,33,45 82,81,112 55,41,43 105,67,21 80,51,18 27,25,33 24,22,30 27,27,37 76,54,46 108,83,66 107,80,64 106,69,43 89,62,44 141,78,45 100,69,57 136,88,61 170,124,94 169,123,105 156,107,69 84,53,34 58,37,26 73,71,91 75,76,95 56,52,63 28,15,8 38,22,5 32,20,8 33,21,9 37,21,6 31,16,5 27,14,9
82,43,13 36,27,23 38,25,22 73,81,111 61,49,54 57,39,20 27,23,32 24,23,28 24,23,28 157,103,55 124,97,81 47,37,25 65,39,29 125,85,62 138,102,82 91,65,51 146,97,77 43,30,25 105,84,69 129,103,89 77,46,36 135,110,91 35,31,44 62,61,78 48,41,53 14,13,6 24,15,7 29,17,7 31,19,9 16,15,6 27,14,11 24,11,4
165,108,68 65,39,18 92,68,46 39,27,32 41,34,48 28,24,33 27,23,32 23,20,24 19,18,21 147,86,23 114,82,66 152,84,23 89,69,60 64,50,50 39,34,36 30,28,36 41,37,48 12,9,15 23,20,24 24,22,32 20,18,28 88,98,134 39,37,49 62,64,80 36,36,36 17,10,8 19,13,8 18,13,12 22,13,9 19,13,8 22,9,17 12,10,11
152,99,33 33,27,20 154,107,75 120,72,14 38,26,26 28,25,29 25,23,31 19,18,21 18,17,22 98,56,18 78,53,34 110,94,81 31,24,27 54,54,51 76,69,72 44,43,48 144,159,191 138,160,201 36,42,45 24,24,32 43,30,25 103,67,36 37,26,33 28,25,29 27,21,26 26,20,27 24,21,25 24,22,23 26,23,27 41,35,40 29,24,26 32,22,23
32,20,20 44,32,44 84,43,14 153,91,35 103,91,107 27,23,32 24,23,26 19,18,21 18,17,22 71,40,17 99,82,74 28,21,21 81,39,1 175,130,95 45,33,33 170,161,172 157,170,196 42,35,45 30,28,38 56,55,70 51,46,62 133,125,133 138,121,111 126,100,86 80,61,49 53,40,37 33,23,22 31,24,22 42,29,24 173,138,113 115,97,78 42,29,24

46,23,10 26,13,6 22,10,10 22,17,19 27,22,19 33,31,29 23,23,33 26,29,40 25,30,38 30,32,46 61,49,49 31,38,52 36,40,42 57,57,57 41,27,29 40,26,28 49,33,31 47,31,29 48,32,26 42,28,28 41,41,49 31,32,35 26,20,15 54,28,5 89,51,5 85,59,7 108,68,14 110,74,12 112,74,10 68,49,12 112,73,12 86,39,7
54,28,7 34,19,8 26,13,8 25,23,21 29,23,18 38,36,37 25,28,39 30,33,44 57,46,43 64,51,46 67,57,56 33,40,54 60,55,54 57,52,40 41,29,29 43,29,31 54,38,32 47,33,33 49,33,27 45,31,31 44,47,54 40,43,50 36,38,35 42,29,6 82,41,10 80,44,13 119,79,27 135,79,12 89,53,0 114,77,8 111,75,17 84,37,5
63,32,11 37,21,8 35,19,6 25,25,22 38,26,26 22,28,29 25,30,38 31,35,50 35,37,51 71,55,42 37,44,58 35,45,63 79,79,79 65,65,62 48,34,36 46,32,32 58,42,38 50,36,36 55,40,31 47,34,29 32,35,42 33,31,29 40,30,20 56,35,10 80,52,23 83,56,24 114,70,17 128,82,14 93,56,1 129,83,15 104,73,13 86,39,7
74,31,12 44,21,10 38,21,13 34,29,26 39,34,31 26,31,37 27,27,37 22,27,37 35,27,33 44,44,56 38,46,64 38,48,68 84,71,64 70,72,69 49,35,35 49,33,29 58,40,37 57,44,41 59,44,33 55,39,33 39,39,39 39,38,29 49,38,21 67,43,10 102,54,9 69,30,0 70,45,15 101,75,23 71,41,0 125,81,14 111,72,15 86,39,5
80,35,14 49,23,9 42,21,10 40,34,27 39,39,36 29,32,41 23,26,35 26,31,39 27,35,44 31,37,54 34,47,66 41,51,71 70,75,69 73,73,70 55,44,41 52,34,31 60,42,39 63,47,43 63,41,35 57,40,32 51,45,40 49,44,30 61,44,20 72,48,11 95,59,26 61,36,8 122,65,5 69,56,22 121,81,17 98,64,5 109,70,11 83,36,4
81,36,13 50,27,12 45,24,11 45,36,32 40,40,37 30,30,40 24,29,39 26,34,43 29,34,44 31,35,50 40,53,70 35,52,72 51,50,43 34,21,29 83,65,64 43,31,33 57,45,33 64,48,42 64,47,37 59,42,34 61,59,60 57,46,41 59,57,53 65,55,45 103,54,16 60,46,21 125,68,10 111,72,11 62,45,0 121,80,12 103,72,12 81,35,7
84,39,16 50,28,10 49,26,13 50,39,34 43,43,40 26,28,42 29,27,39 28,33,41 27,32,42 32,36,51 44,53,76 45,54,67 44,33,26 229,132,52 151,124,106 188,141,120 141,100,80 70,52,49 66,44,38 59,43,37 58,53,50 73,73,68 75,65,55 54,53,42 97,49,20 82,53,20 67,33,0 52,33,8 113,78,11 116,78,14 66,43,12 76,32,4
89,41,12 52,26,12 50,27,14 52,41,34 46,46,43 21,24,33 29,28,43 28,29,48 31,35,50 41,48,62 39,52,78 43,32,25 21,14,24 156,85,30 121,87,83 133,94,80 165,133,119 68,56,46 65,43,37 62,46,40 76,78,75 72,75,67 74,66,55 46,34,24 34,30,22 84,52,20 114,61,6 73,38,0 112,73,12 111,72,13 108,68,16 73,28,5
88,40,13 51,28,13 49,26,15 53,40,33 71,55,53 29,22,20 23,20,24 20,18,19 22,21,24 17,16,19 30,21,13 25,19,26 27,15,15 159,91,30 158,123,108 75,47,38 208,131,94 68,47,43 60,42,39 64,43,41 77,81,83 63,57,52 58,51,49 39,30,26 38,26,14 83,47,16 71,42,11 62,41,14 105,68,13 94,65,12 106,68,20 59,25,3
87,41,11 51,28,13 47,25,17 91,50,5 45,30,21 32,22,23 25,24,27 27,24,30 26,22,31 26,22,31 30,20,19 19,15,24 34,18,16 108,64,36 104,78,66 83,51,35 149,117,103 58,48,38 73,81,99 84,67,70 72,61,54 58,56,57 60,47,40 51,36,25 33,23,13 64,43,20 41,30,0 75,50,6 93,62,11 80,54,13 61,29,0 56,27,5
36,27,38 36,18,15 53,29,21 72,35,9 35,26,20 33,26,26 27,26,29 27,25,33 29,27,35 30,28,36 30,22,28 14,11,17 52,35,25 63,44,21 87,59,50 102,81,68 57,37,30 37,30,33 61,72,99 66,74,94 103,82,69 95,82,77 95,72,59 73,61,51 32,21,16 25,25,9 31,22,7 76,48,10 73,50,8 74,48,9 66,37,6 50,26,4
49,47,67 69,77,105 35,27,35 60,36,14 59,39,19 84,56,27 27,26,29 28,24,33 29,27,35 26,25,30 30,26,35 76,50,38 125,74,35 115,81,59 113,82,63 45,33,35 23,19,28 27,20,18 50,52,68 70,78,110 117,90,74 137,69,8 85,91,119 84,87,109 106,89,92 25,22,9 32,21,6 83,40,7 37,23,5 37,24,3 48,23,6 42,22,4
34,27,37 58,55,72 38,34,45 127,77,31 87,55,21 95,60,22 29,28,31 29,27,35 45,45,53 25,23,35 186,103,34 134,85,49 130,84,54 116,80,58 118,86,70 107,82,65 148,98,56 87,51,22 24,16,22 44,34,38 182,101,38 154,113,93 81,84,102 78,79,100 68,65,71 29,17,7 32,20,8 70,36,4 37,21,4 36,22,6 39,19,1 36,20,3
35,27,35 41,34,46 84,83,114 56,42,47 107,69,23 80,51,18 27,26,31 24,22,30 27,27,39 76,54,46 111,81,64 109,79,64 106,69,43 95,61,31 139,81,46 100,69,57 143,90,63 177,124,97 185,140,107 24,20,29 200,116,36 47,35,35 74,75,94 76,77,96 56,52,63 28,15,8 38,22,5 32,20,8 33,21,9 37,21,6 31,16,5 26,13,6
82,43,15 37,26,19 38,24,24 73,81,111 61,49,51 53,38,18 27,23,32 24,23,28 24,23,28 158,104,56 133,103,88 49,38,23 61,40,27 130,90,65 142,106,84 94,67,49 147,93,75 63,46,38 140,111,91 134,103,84 89,58,39 26,22,31 35,31,44 62,61,78 48,41,53 14,12,8 27,14,7 29,17,7 31,19,9 16,15,6 27,14,11 25,12,9
167,106,70 67,37,20 92,68,44 39,27,32 41,37,50 28,24,33 27,23,32 20,19,22 19,18,21 151,87,25 115,85,68 155,82,23 87,67,58 62,45,46 41,35,40 28,28,38 38,34,47 12,9,15 84,61,48 112,86,72 120,94,80 87,102,136 39,37,49 62,64,80 36,35,38 16,11,8 19,13,8 19,14,13 22,13,9 19,13,8 22,9,17 11,11,11
156,100,33 33,27,20 156,106,75 120,72,16 38,26,26 28,25,31 26,24,34 18,17,20 18,17,22 98,57,12 80,52,41 114,95,81 31,24,24 57,56,59 75,69,74 42,42,50 145,163,199 137,161,206 38,44,47 26,24,32 40,29,26 104,68,37 37,27,31 28,25,29 28,22,27 24,21,25 24,21,25 23,22,25 25,24,29 42,34,42 27,24,28 32,22,26
33,22,19 46,34,46 84,43,14 153,91,35 101,92,107 27,23,34 24,23,26 19,16,20 19,18,23 69,40,18 100,83,73 28,21,21 77,38,0 173,130,97 44,34,33 169,162,172 157,170,196 42,35,45 28,28,40 54,56,72 50,47,64 138,132,139 137,122,113 120,97,86 77,62,51 53,42,39 31,24,24 31,24,22 42,29,24 172,138,116 115,96,80 40,29,26

46,23,10 26,13,6 22,10,10 21,16,18 26,21,23 33,31,29 23,23,31 29,26,41 25,30,38 30,32,48 61,47,47 30,37,49 35,39,41 54,52,53 40,26,28 38,24,26 48,32,28 46,33,30 43,30,23 39,25,27 38,38,46 28,29,34 26,20,15 54,28,5 89,51,5 85,59,7 108,68,14 110,74,12 112,74,10 68,49,12 112,73,12 86,39,7
54,28,7 34,19,8 26,13,8 24,22,20 28,21,19 37,35,33 23,26,37 25,30,40 54,42,42 58,47,44 66,55,52 34,40,57 54,49,48 57,48,40 43,29,31 40,28,30 50,34,30 48,34,36 46,33,26 43,29,29 43,46,53 37,40,47 36,38,35 42,29,8 82,41,10 80,44,11 119,79,27 135,79,14 89,53,0 114,77,8 111,75,17 86,39,7
63,32,11 37,21,8 33,19,5 26,24,22 36,24,26 24,25,30 23,31,38 29,33,46 33,37,50 69,53,40 36,39,57 36,43,57 75,75,75 58,63,59 49,32,38 45,32,29 55,39,35 48,34,34 51,36,27 46,33,30 30,33,42 34,29,26 39,29,19 55,34,7 80,52,23 83,56,24 114,70,17 128,82,12 93,56,1 129,83,15 104,73,13 84,37,5
75,32,13 44,21,10 38,21,13 33,28,30 37,30,28 23,26,33 25,25,35 25,25,35 35,27,35 42,42,54 36,44,60 36,47,60 82,69,64 65,65,62 50,33,36 48,32,30 57,39,36 50,37,34 56,41,32 50,37,34 38,36,37 39,35,27 48,37,22 66,42,7 102,54,9 69,30,0 70,45,15 101,75,23 71,41,0 125,81,14 111,72,15 86,39,5
80,35,14 49,23,9 42,21,10 38,32,27 38,36,32 27,32,40 25,25,35 26,29,40 26,31,39 28,32,45 33,43,61 36,49,66 69,69,69 72,72,69 48,36,36 49,33,31 60,42,39 57,44,39 58,41,33 54,38,34 49,42,40 48,43,29 59,44,22 70,46,11 95,59,28 61,36,6 122,65,7 69,56,22 121,81,15 98,63,7 109,70,11 82,35,3
81,36,13 49,26,11 45,24,11 44,35,31 39,37,35 27,27,39 23,26,35 27,31,44 27,32,42 31,35,48 40,50,70 33,48,66 74,73,66 37,28,22 39,29,30 28,21,24 53,41,29 64,46,43 60,43,33 57,41,35 57,57,57 54,43,38 56,54,52 62,52,40 102,53,15 58,46,20 125,68,10 111,73,9 62,45,0 121,80,10 103,72,12 81,35,7
84,39,16 50,28,10 48,25,12 47,36,31 41,39,37 24,24,36 27,25,35 26,29,38 27,32,42 31,35,48 36,49,68 38,51,70 46,36,26 197,114,47 86,65,52 163,125,108 171,126,105 63,50,43 60,43,35 57,41,35 55,50,47 69,67,63 73,63,53 53,53,39 99,48,20 82,53,22 67,33,0 52,33,8 113,78,11 116,78,14 69,41,12 76,32,4
91,40,12 52,26,12 50,27,14 50,39,34 43,43,40 24,25,30 27,27,39 28,31,40 28,31,49 40,47,61 34,46,70 46,44,42 14,10,19 180,93,25 113,91,83 105,74,62 85,53,39 64,54,44 62,40,32 59,44,35 73,73,68 69,67,63 72,62,52 45,33,21 34,30,22 84,52,20 114,61,6 73,38,0 112,73,12 111,72,13 108,68,16 73,28,5
90,39,13 51,28,13 49,26,15 53,41,31 71,55,53 29,22,20 23,21,22 20,18,19 22,21,24 18,17,20 51,42,27 18,15,19 25,15,14 180,100,32 141,105,95 84,56,45 170,111,83 60,42,39 58,40,37 56,43,36 74,76,76 66,55,52 55,50,49 38,29,25 38,26,14 83,47,16 71,42,11 64,40,14 105,68,13 94,65,12 106,68,20 58,24,2
87,41,11 51,28,13 48,27,16 91,50,5 42,30,20 29,22,22 25,22,26 26,23,29 26,22,31 24,23,26 30,20,21 19,15,24 46,23,8 105,62,29 90,67,52 114,88,74 165,131,113 50,39,32 67,74,99 81,67,69 71,62,47 52,51,54 55,42,35 49,34,23 35,23,13 64,43,20 41,30,0 75,50,6 93,62,11 80,55,11 61,29,0 56,27,5
36,27,38 36,18,13 53,29,21 72,35,9 36,25,18 31,24,24 26,25,28 26,24,32 27,23,32 26,24,32 25,22,28 12,9,15 55,38,28 73,49,27 85,59,45 97,70,63 59,39,32 38,31,31 62,71,96 65,73,101 93,66,50 85,68,71 88,95,120 74,54,45 31,22,16 25,25,9 31,22,7 76,48,10 75,50,6 74,48,9 66,37,6 51,27,5
51,45,66 68,76,104 35,27,35 60,36,14 59,39,19 84,56,27 27,26,29 26,24,32 27,23,32 25,24,29 27,23,32 76,54,36 140,81,33 100,74,51 89,69,51 56,41,30 25,19,26 27,22,19 44,43,60 68,76,104 46,39,51 145,115,87 152,115,102 82,84,109 104,87,90 25,22,9 32,21,6 83,40,7 37,23,5 38,23,3 48,23,6 42,22,4
34,27,37 57,53,73 38,34,45 126,79,29 87,55,21 94,61,22 27,26,29 27,23,32 46,44,54 25,23,33 188,103,32 125,78,46 126,79,47 108,71,47 100,74,62 93,72,61 154,97,57 136,93,60 29,22,20 40,24,22 148,81,15 178,92,28 113,87,73 72,72,98 68,65,71 29,17,7 32,20,8 70,36,4 37,21,4 36,22,6 39,21,2 36,20,3
34,26,34 40,33,45 82,81,112 58,41,44 106,68,22 80,51,18 27,26,31 25,24,29 24,24,34 74,52,44 96,74,56 92,69,54 103,63,38 78,54,32 115,71,43 92,66,54 129,83,53 154,101,78 170,112,75 36,35,40 42,28,28 133,83,50 72,70,90 70,71,92 53,49,60 28,15,8 38,22,5 32,20,8 33,21,9 37,21,6 31,16,5 27,14,9
82,43,15 37,26,19 36,25,22 73,81,111 61,49,51 55,37,18 26,25,30 23,22,27 23,22,27 155,101,51 111,84,68 49,38,21 60,41,27 120,79,50 116,90,69 86,56,41 122,72,55 37,26,21 124,100,78 135,108,90 183,108,38 133,89,63 34,32,42 58,57,74 44,37,49 14,12,8 27,14,9 29,17,7 31,19,9 16,15,6 27,14,11 25,12,9
168,106,68 68,37,18 92,68,42 39,27,32 39,35,48 28,24,33 26,22,31 20,17,21 18,17,20 151,87,23 104,71,60 159,86,27 80,60,51 58,47,44 41,33,39 27,27,35 39,35,48 12,9,15 59,39,32 117,94,81 92,67,50 80,87,110 39,37,49 57,59,75 36,36,36 16,11,8 19,13,8 18,13,12 22,13,9 19,13,8 22,9,17 11,11,11
160,97,28 31,25,18 156,104,72 122,71,16 38,26,26 30,23,33 24,22,30 19,18,21 18,17,20 102,59,14 69,47,27 101,82,68 31,24,24 57,52,51 73,66,69 44,43,48 140,157,188 132,154,195 40,39,42 26,24,32 39,27,27 95,60,33 36,29,32 28,25,29 27,21,26 24,21,25 24,21,25 24,22,23 26,23,27 42,34,40 27,25,26 32,22,23
31,20,17 46,34,46 84,43,14 153,91,33 101,89,105 27,23,32 24,23,26 18,15,19 18,17,22 71,40,19 88,71,63 28,21,21 77,38,0 171,128,93 44,34,33 167,156,163 151,163,187 40,33,43 25,25,35 53,52,67 48,43,61 134,126,132 134,118,103 117,91,79 76,60,45 53,40,35 33,23,22 31,25,20 42,29,24 170,137,112 115,97,78 40,29,22

46,23,10 26,13,6 22,10,10 21,16,18 26,21,23 32,30,28 22,23,28 22,26,30 22,27,33 29,31,45 57,46,43 29,36,50 33,37,39 49,47,48 36,24,26 38,24,26 45,29,27 43,32,29 45,30,21 38,24,26 35,38,45 28,29,34 24,18,13 54,28,5 89,51,5 85,59,7 108,68,14 110,74,12 113,75,11 66,49,12 112,73,12 84,37,5
54,27,9 34,19,8 26,13,8 21,19,17 30,21,17 34,32,30 24,24,34 29,28,43 52,40,40 57,46,41 62,51,48 32,39,53 51,46,43 54,46,35 39,27,29 38,26,28 46,32,34 46,32,32 45,32,27 42,28,28 40,43,50 36,39,46 35,37,34 42,28,10 81,42,10 78,42,9 120,80,28 133,80,14 89,53,0 114,77,8 111,75,17 83,38,5
63,32,13 36,20,7 33,18,7 26,24,22 33,24,20 23,24,29 24,29,37 28,33,43 31,35,48 65,49,36 30,41,52 37,39,55 72,72,72 55,60,56 43,29,34 43,29,31 51,35,33 46,32,32 53,36,26 43,29,29 28,31,40 33,29,23 40,30,20 57,33,9 81,51,23 80,58,24 114,71,15 130,81,14 93,56,1 129,83,15 106,75,15 86,36,5
75,32,13 44,21,10 38,21,13 32,27,24 38,31,29 23,26,35 25,25,35 23,23,31 32,26,33 39,39,51 34,41,55 37,45,61 76,65,60 62,62,59 49,32,33 47,30,33 52,36,32 50,37,32 56,41,32 51,34,35 39,34,36 38,32,25 47,36,17 66,42,7 100,52,5 69,30,0 69,46,15 101,75,23 71,41,0 125,81,14 111,71,17 86,39,5
80,35,12 49,24,7 41,20,9 37,31,26 35,33,29 29,29,41 23,23,33 24,24,34 24,29,37 25,32,44 31,41,59 34,47,62 63,61,59 64,66,66 49,35,35 47,31,27 58,40,37 56,43,40 54,39,30 52,36,34 49,39,38 44,39,27 57,44,23 68,44,7 97,58,28 61,36,8 122,65,7 71,55,24 122,81,13 98,63,7 109,70,11 82,35,3
83,37,9 49,27,9 44,23,10 44,35,31 37,37,34 27,27,39 24,24,32 28,28,40 27,32,38 28,33,43 39,47,65 33,48,66 69,69,64 39,29,19 42,29,26 30,23,26 49,34,23 61,45,41 59,42,32 54,38,36 53,53,53 52,41,36 55,53,51 60,52,39 102,53,13 58,45,22 125,68,10 113,72,11 62,45,0 123,79,10 103,72,12 81,35,5
84,39,18 50,28,10 47,24,9 46,35,28 39,37,35 24,24,34 24,24,34 26,29,40 25,30,38 28,33,43 37,47,67 37,47,67 55,44,29 173,103,43 104,82,74 124,93,81 130,99,87 63,47,43 60,43,35 56,41,32 53,48,45 66,67,59 74,61,56 52,51,40 98,47,19 84,52,20 67,33,0 52,33,8 117,77,11 118,80,16 69,42,10 76,32,6
89,41,12 52,26,12 50,27,14 47,36,29 41,39,37 25,24,29 25,28,37 28,28,40 28,32,47 39,46,60 37,44,67 49,51,67 21,15,22 220,121,41 75,66,62 77,49,36 133,116,108 62,49,42 58,38,31 55,42,35 69,69,66 67,66,59 69,59,49 43,31,19 31,33,18 86,52,20 114,61,6 73,38,0 107,76,12 111,72,13 108,68,14 73,28,5
88,41,9 50,28,10 48,25,12 50,38,26 69,56,53 29,23,18 23,18,20 20,18,19 20,19,22 17,16,19 36,28,17 20,18,19 22,15,18 169,96,35 108,78,61 95,64,45 133,89,61 56,43,36 57,39,36 57,41,37 69,74,70 63,57,52 54,47,47 35,31,23 38,26,14 83,47,16 73,41,11 64,40,14 105,68,13 96,65,12 106,68,20 58,24,2
86,40,10 50,27,12 47,26,15 91,50,5 42,30,18 30,23,21 25,22,26 24,23,28 24,23,28 24,23,26 38,32,27 16,15,20 30,19,12 120,71,31 83,66,58 91,75,60 142,101,83 46,38,27 66,73,96 80,63,64 73,57,51 79,59,50 68,56,70 79,95,124 32,22,12 66,42,20 39,31,0 75,50,6 93,62,11 81,54,11 61,29,0 56,27,5
35,28,40 35,19,13 53,29,21 71,31,6 36,25,18 31,24,24 29,23,28 26,25,30 26,22,31 25,24,29 24,21,25 12,9,15 23,12,7 71,47,23 79,62,52 97,82,73 88,69,57 35,28,28 49,52,70 61,68,91 103,59,21 95,65,48 111,90,88 114,82,68 31,22,14 25,25,9 31,22,7 76,48,10 75,50,6 74,48,9 66,37,6 46,27,4
49,43,64 66,74,102 35,27,35 60,36,12 58,38,20 85,55,27 26,25,28 26,23,29 29,22,32 25,24,29 26,24,32 67,49,44 131,75,28 84,59,40 60,44,27 82,62,55 24,21,27 30,23,23 32,28,41 39,37,49 42,38,51 90,88,96 102,54,25 92,65,60 105,86,93 25,22,9 32,21,6 84,41,8 37,23,5 38,22,5 48,23,6 42,22,4
33,26,36 54,50,70 38,34,45 125,77,30 87,55,21 94,61,22 26,25,28 27,23,32 46,44,54 24,22,32 211,119,37 128,74,36 99,63,43 95,64,45 110,80,63 90,67,56 102,58,16 134,87,53 34,27,30 50,36,41 149,80,15 52,36,30 98,77,66 71,72,91 67,63,74 29,17,7 32,20,8 70,36,4 36,23,2 36,22,6 40,20,2 36,20,3
33,25,33 39,32,44 79,78,109 56,42,44 106,68,22 78,49,16 26,25,30 25,24,29 23,23,33 63,49,49 84,63,48 89,66,53 94,58,38 71,55,42 88,62,48 86,60,46 116,75,55 132,91,71 119,90,70 147,94,67 38,28,18 126,82,54 140,89,54 67,68,89 53,49,60 26,15,8 38,22,5 32,20,8 33,21,9 37,21,6 30,15,4 26,13,6
82,42,17 33,24,16 36,25,22 74,80,110 61,49,51 55,37,18 25,24,29 22,21,24 22,21,26 136,86,44 90,67,54 47,32,21 52,34,31 178,102,42 97,72,55 124,88,70 108,69,55 36,29,29 82,59,44 102,82,64 88,69,55 97,78,66 38,34,45 56,55,70 44,37,49 14,12,8 25,14,9 29,17,5 31,19,9 16,15,8 27,14,11 25,11,11
165,108,66 68,36,20 93,67,44 39,27,32 43,36,50 27,23,32 25,24,27 19,16,20 19,16,20 156,93,26 93,63,48 186,113,52 73,53,44 85,69,56 77,62,53 42,37,39 31,27,36 12,9,13 23,16,16 18,21,32 25,19,26 80,87,122 37,33,44 59,58,75 36,36,36 16,11,8 19,13,8 18,13,10 22,13,9 19,13,8 22,9,17 11,11,11
161,97,28 33,24,18 155,104,69 124,71,16 38,27,24 29,22,32 24,23,28 19,16,20 20,17,21 103,58,12 74,44,27 81,64,56 38,28,29 57,55,63 85,77,83 44,40,49 131,149,175 126,149,185 38,38,38 26,24,32 37,25,25 87,53,31 36,29,29 27,24,28 27,21,26 26,20,25 24,22,23 24,22,23 26,23,27 42,34,40 29,23,28 31,21,22
34,21,14 45,33,47 84,43,14 153,91,33 99,87,101 25,22,28 23,20,24 18,15,19 18,15,21 73,44,22 73,58,49 29,22,22 71,37,0 170,126,88 45,33,33 160,150,154 146,155,178 41,32,43 27,27,35 49,49,61 46,41,57 130,128,129 129,113,100 119,93,79 76,58,37 52,36,32 36,25,22 34,23,20 43,27,23 170,135,108 113,93,75 42,29,24