21,18,22 20,17,21 20,17,21 21,18,24 21,18,22 21,18,22 26,24,32 28,28,36 33,31,39 36,34,42 34,37,48 52,51,66 18,21,32 26,31,39 21,24,31 16,20,24 18,19,22 32,31,34 28,28,36 25,24,27 17,18,21 33,36,47 23,23,31 23,22,25 19,18,21 23,22,25 24,24,34 27,23,34 56,35,22 92,57,30 39,27,17 27,23,32
20,17,21 19,18,21 24,22,30 23,21,29 27,25,35 30,28,36 29,27,35 29,28,33 24,25,30 24,22,30 25,23,31 30,28,38 25,25,33 28,28,38 28,28,36 30,30,38 29,29,37 29,29,37 27,27,35 31,31,39 23,22,25 29,28,33 20,19,24 36,36,48 31,31,41 36,36,44 29,29,37 30,28,38 28,22,27 110,65,32 25,24,29 25,23,31
25,22,26 15,16,19 19,18,21 18,15,19 21,22,25 19,18,21 18,19,22 20,19,22 19,18,21 23,24,29 23,26,35 38,38,46 16,17,20 25,25,35 16,17,22 29,27,35 27,27,35 29,27,37 30,28,38 25,25,35 28,28,36 29,27,35 25,24,29 35,35,45 29,27,35 21,18,22 20,20,20 19,18,21 20,21,26 111,68,35 18,17,20 18,15,19
18,15,19 18,15,19 19,18,21 18,15,19 22,21,24 20,19,22 18,19,22 18,19,22 18,19,22 23,23,31 25,25,35 20,21,24 19,18,21 24,24,32 18,19,22 18,19,22 18,19,22 18,19,22 24,23,26 36,36,46 28,29,34 32,30,38 27,26,31 24,21,25 20,19,22 22,21,26 25,24,29 20,19,22 20,21,26 109,63,33 17,19,19 18,15,19
18,15,19 20,17,21 18,17,20 17,16,19 21,22,25 22,21,24 18,19,22 18,19,22 18,19,22 27,25,33 30,28,38 25,24,29 17,18,21 27,28,33 17,18,21 18,19,22 18,19,22 18,19,22 18,19,22 18,19,22 44,42,50 27,24,30 31,31,39 24,23,26 17,18,21 21,22,25 24,25,28 18,19,22 20,21,24 98,59,31 18,19,22 19,18,21
139,81,44 150,90,49 135,75,36 105,61,35 52,30,24 120,71,35 16,17,20 18,19,22 18,19,22 17,18,23 17,18,21 20,20,28 18,19,22 18,19,22 18,19,22 18,19,22 18,19,22 18,19,22 18,19,22 18,19,22 18,19,22 25,24,27 27,25,33 24,23,26 18,19,22 21,22,25 23,24,27 18,19,22 20,21,26 89,52,28 18,19,22 17,18,21
62,33,11 58,31,13 57,30,14 57,33,11 56,25,13 58,35,20 85,59,38 18,19,22 18,19,22 18,19,22 20,21,26 18,19,22 18,19,22 17,18,21 18,19,22 18,19,22 18,19,22 18,19,22 18,19,22 18,19,22 18,19,22 23,22,27 26,24,34 23,22,25 18,19,22 20,21,24 23,23,31 18,19,22 22,21,24 75,46,22 18,19,22 20,21,24
25,19,24 28,20,26 27,20,23 39,21,16 24,14,15 44,23,19 41,24,16 18,19,24 17,18,21 20,21,24 18,18,26 18,19,24 18,19,22 77,52,24 82,53,31 18,19,22 18,19,22 18,19,22 18,19,22 18,19,22 18,19,22 36,36,44 24,23,26 24,23,26 22,21,24 30,28,29 49,51,65 39,38,53 21,22,27 66,39,23 18,19,22 18,19,22
135,86,48 135,82,39 119,68,33 102,56,26 51,30,17 57,32,15 26,18,24 43,48,58 41,51,67 35,36,57 47,52,62 18,19,22 18,19,22 20,19,22 63,32,13 96,56,22 95,61,29 65,49,34 74,52,34 74,52,34 32,32,42 41,41,53 23,22,25 37,37,49 48,47,62 43,47,62 50,53,71 44,51,65 43,28,19 57,35,17 17,18,21 18,19,22
103,63,38 100,59,28 113,68,35 99,55,29 62,33,13 64,39,22 65,40,21 34,22,22 27,25,33 37,40,49 25,24,29 19,22,29 18,19,22 18,19,22 117,68,30 113,69,41 46,35,32 44,50,67 41,35,42 37,35,43 49,43,50 57,45,47 56,45,54 55,47,53 49,45,54 50,43,53 48,44,53 57,50,60 65,49,47 42,30,20 41,38,44 44,44,54
72,46,23 91,60,41 94,54,29 98,53,32 65,43,25 54,31,18 63,41,23 35,25,26 24,22,23 27,26,29 23,22,25 45,54,65 18,19,22 213,149,105 161,101,49 147,88,31 111,81,55 30,28,36 25,23,24 27,22,24 40,27,22 101,66,39 108,72,43 136,87,47 142,94,47 165,109,62 176,117,69 166,110,63 170,111,63 159,104,61 153,104,66 144,97,63
67,42,23 80,51,31 91,51,28 77,43,23 54,33,18 48,27,14 51,33,30 25,20,19 21,18,22 46,58,80 45,59,80 44,54,74 41,54,69 141,87,53 166,113,68 118,78,42 32,33,38 32,35,44 27,27,27 25,25,25 49,34,23 82,56,33 104,68,39 146,96,50 167,113,65 149,99,55 170,112,61 166,112,62 151,102,53 146,98,53 147,97,53 136,91,58
63,44,21 64,39,22 65,40,21 55,35,17 45,26,14 44,23,12 41,26,17 37,20,10 31,21,22 29,29,37 41,48,60 21,22,27 41,48,62 60,66,85 49,49,61 63,64,83 43,46,57 84,62,42 21,23,23 19,19,19 36,23,16 79,53,30 102,66,37 132,85,53 137,93,53 143,95,52 156,103,58 167,115,67 147,97,51 148,100,53 145,96,56 133,88,53
35,21,7 38,21,11 37,20,10 42,25,15 36,21,10 35,19,15 29,19,18 19,19,19 39,43,58 37,40,51 32,36,51 49,59,77 57,68,95 66,79,98 84,76,84 54,58,71 43,51,60 38,37,42 32,32,44 20,19,22 43,31,21 73,47,24 126,86,61 63,38,19 92,61,38 93,64,40 146,100,61 153,103,61 142,94,51 163,110,65 161,114,62 128,85,50
20,13,13 26,19,22 20,20,20 19,19,19 16,16,16 18,16,17 18,16,17 20,20,20 22,20,28 17,16,19 19,19,19 20,20,20 36,34,42 39,37,45 101,62,34 47,44,50 26,29,38 31,30,33 29,28,31 25,24,27 39,26,19 49,32,22 102,67,40 120,80,44 133,86,52 156,104,56 143,95,50 152,99,54 168,110,57 144,98,57 145,102,67 147,104,71
17,15,16 17,17,17 20,19,22 19,19,19 17,15,16 16,16,16 19,18,21 22,22,22 23,24,27 29,29,37 31,29,39 43,50,64 48,51,69 42,45,63 50,45,47 34,37,46 41,41,51 39,39,49 38,36,44 29,29,37 30,20,21 80,54,33 120,76,46 135,91,53 121,78,43 132,87,52 123,79,49 126,83,50 145,96,56 137,91,54 133,87,50 124,81,48
16,16,16 20,18,19 20,20,20 20,20,20 15,15,15 18,16,17 20,20,20 22,21,26 23,24,29 71,77,94 66,73,85 37,34,38 39,33,40 39,37,45 47,39,28 28,25,31 46,48,64 37,36,41 31,32,37 27,24,30 26,25,28 36,23,20 76,54,34 104,65,37 133,89,49 136,90,53 131,86,53 131,88,53 150,102,59 143,97,56 127,84,51 118,78,44
17,15,16 18,18,18 22,21,24 19,19,19 17,17,17 16,16,16 18,17,20 20,20,20 68,64,77 94,82,94 86,75,84 107,93,98 102,88,93 93,72,68 65,44,29 69,45,23 129,86,53 48,50,64 62,68,85 57,65,83 73,81,101 40,38,48 38,31,34 27,24,28 50,38,28 104,70,48 114,71,38 116,73,40 116,77,45 122,81,50 108,72,43 121,80,49

24,21,27 23,20,24 21,18,24 20,19,22 23,20,24 20,17,23 22,21,26 24,23,28 27,26,29 27,24,28 27,26,31 36,34,42 42,45,56 31,35,48 26,24,32 17,18,21 17,18,23 30,29,32 27,27,35 23,22,25 17,18,21 33,36,47 23,23,31 23,22,25 20,19,22 20,19,24 36,38,52 27,25,33 54,36,17 92,57,32 39,26,19 27,25,33
19,16,20 22,21,24 24,21,25 20,19,24 26,24,32 27,25,33 26,24,32 29,28,33 29,27,35 27,25,35 29,27,35 32,32,42 29,29,39 28,28,38 31,31,39 32,32,40 28,28,36 29,29,37 30,30,38 32,30,38 27,26,31 24,23,28 25,24,29 35,37,51 35,35,43 35,35,43 33,31,39 26,24,32 29,21,29 115,70,37 24,24,32 24,23,28
24,21,25 17,16,19 19,18,21 18,15,19 21,22,25 18,19,22 18,19,22 20,19,22 21,18,22 23,23,31 25,28,37 30,30,38 19,18,21 25,25,35 18,19,24 37,37,45 27,27,35 29,27,37 28,28,40 27,27,37 32,30,40 29,27,35 25,23,31 30,28,36 25,24,29 23,20,24 20,19,22 19,18,21 20,21,24 112,69,36 17,18,21 18,15,19
18,15,19 17,16,19 18,17,20 17,16,19 22,21,24 20,19,22 18,19,22 18,19,22 18,19,22 23,23,31 27,25,33 22,23,26 18,19,22 24,24,34 18,19,22 18,19,22 18,19,22 18,19,22 24,23,26 27,27,39 27,27,35 36,34,42 27,26,31 24,21,25 18,19,22 23,22,25 24,23,26 18,19,22 18,19,22 109,64,31 17,18,21 18,15,19
49,26,15 58,30,17 23,16,16 19,18,23 23,22,25 22,21,24 18,19,22 18,19,22 18,19,22 26,24,32 29,27,37 24,23,28 18,19,22 24,25,30 18,19,22 18,19,22 18,19,22 18,19,22 18,19,22 18,19,22 37,35,45 27,24,30 31,31,39 24,23,26 18,19,22 20,21,24 24,25,30 18,19,22 20,21,26 98,56,32 18,19,22 17,18,21
80,34,16 107,60,26 153,87,53 105,58,24 110,60,27 111,61,28 25,20,22 18,19,22 18,19,22 18,19,22 16,17,20 17,18,21 18,19,22 18,19,22 18,19,22 18,19,22 18,19,22 18,19,22 18,19,22 18,19,22 18,19,22 25,24,27 25,25,33 24,23,26 18,19,22 21,22,25 23,24,27 18,19,22 20,21,26 89,52,28 18,19,22 17,18,21
60,29,17 58,27,15 60,30,15 52,24,11 53,28,11 52,24,11 42,26,11 18,19,22 18,19,22 18,19,22 18,19,22 18,19,22 18,19,22 18,19,22 18,19,22 18,19,22 18,19,22 18,19,22 18,19,22 18,19,22 18,19,22 26,25,30 26,24,32 23,22,25 18,19,22 20,21,24 23,23,31 18,19,22 22,21,24 75,46,22 18,19,22 21,22,25
102,63,35 100,65,38 108,62,36 95,55,32 20,17,21 59,34,17 23,18,17 27,26,29 20,19,22 20,19,24 18,19,24 18,19,22 18,19,22 18,19,22 18,20,20 27,21,16 30,25,22 18,19,22 18,19,22 18,19,22 18,19,22 30,33,40 25,24,29 24,23,26 30,28,26 37,34,38 33,31,41 32,28,39 22,21,24 65,40,21 18,19,22 18,19,22
109,68,41 121,69,37 114,64,33 106,60,34 71,45,24 66,40,19 53,33,24 27,28,33 42,51,64 39,40,59 34,41,53 18,19,22 18,19,22 17,18,21 20,18,14 117,65,33 143,84,38 60,39,24 20,19,22 36,34,42 40,38,48 39,39,51 24,21,27 41,39,49 42,42,52 50,54,69 50,53,71 45,49,64 47,32,21 62,36,22 17,18,21 18,19,22
84,48,30 109,67,43 77,43,21 99,54,31 62,37,20 66,39,23 76,47,27 40,27,22 26,22,31 29,34,42 27,26,29 15,20,30 196,131,69 239,158,97 164,102,44 180,111,46 125,76,38 44,51,63 72,47,28 36,35,40 66,54,44 86,65,52 79,68,75 76,64,69 72,60,62 83,70,80 84,77,87 83,78,94 87,85,105 75,72,87 67,66,83 69,66,81
66,40,19 89,55,33 88,51,27 91,50,32 68,41,25 55,36,22 50,34,21 38,28,27 23,20,24 26,25,28 21,22,27 29,39,47 123,70,29 179,114,73 141,83,28 148,95,38 97,65,35 33,29,40 30,27,31 29,23,30 41,28,23 94,60,38 120,79,48 136,90,53 155,102,57 158,103,58 174,115,67 170,114,67 166,110,63 154,99,56 156,104,54 149,101,58
72,47,30 79,50,30 74,43,24 67,40,22 42,27,16 41,26,15 40,29,24 33,22,19 19,18,21 46,58,80 48,60,82 38,48,66 48,49,52 43,45,61 44,42,50 45,45,45 36,34,44 35,44,57 26,26,26 25,25,25 49,34,23 77,53,29 101,65,36 156,106,60 164,110,62 150,102,57 177,119,66 169,115,65 156,107,58 156,106,60 143,93,49 129,86,53
40,21,7 52,25,18 42,21,10 39,22,12 41,21,12 40,20,11 37,22,11 34,18,12 28,23,22 28,25,29 44,51,63 23,23,23 36,41,51 32,35,42 92,69,56 67,71,86 36,37,42 43,43,51 20,21,24 22,21,24 30,23,21 80,54,31 109,70,42 130,86,56 134,88,51 147,99,52 156,106,60 162,108,60 149,99,53 166,111,66 146,95,56 131,86,53
38,23,12 33,18,9 40,24,18 37,26,23 18,16,17 18,16,17 20,18,19 21,19,20 31,35,50 29,35,52 57,67,85 68,80,104 61,72,99 57,67,87 42,45,54 60,65,75 44,51,65 32,36,40 27,26,31 20,19,22 42,29,22 71,46,27 121,78,45 143,96,64 83,55,28 57,38,24 107,70,44 117,76,45 131,91,57 133,91,53 144,98,57 136,93,60
16,16,16 22,17,19 22,21,24 18,18,18 18,16,17 19,14,16 18,18,18 19,19,19 22,22,19 18,18,18 30,29,32 39,38,41 40,38,46 40,39,44 41,41,49 42,47,55 41,48,60 31,29,37 30,29,32 27,26,29 36,23,18 68,46,28 121,82,54 121,78,45 143,97,58 158,105,60 144,94,52 140,92,49 150,100,54 140,94,53 157,109,62 140,91,51
18,18,18 18,16,17 20,19,22 19,19,19 19,17,18 17,15,16 20,20,20 23,21,19 22,23,28 42,46,61 38,42,57 44,50,67 42,44,58 39,44,54 39,36,42 45,45,55 41,39,49 34,37,46 31,29,37 29,29,37 28,21,21 67,44,29 117,77,43 143,97,58 128,85,52 124,84,50 119,79,45 112,71,42 132,87,54 135,90,55 140,94,55 124,81,48
18,16,17 18,18,18 20,19,22 20,19,22 19,17,18 18,16,17 19,18,21 22,21,24 31,31,39 64,67,85 50,53,64 50,43,46 48,42,49 46,43,49 56,40,38 38,35,41 47,51,64 38,36,46 32,36,40 31,29,37 20,21,24 27,20,23 79,53,28 92,61,38 134,87,53 146,98,55 130,85,52 131,91,57 150,100,56 142,94,51 124,81,48 129,86,53
17,17,17 18,15,19 19,18,21 20,20,17 19,17,18 20,20,20 17,17,17 22,22,22 23,18,17 101,79,82 110,89,87 110,92,91 102,84,83 72,48,40 51,33,14 56,33,18 47,44,59 61,63,79 76,77,98 83,89,110 78,87,112 78,85,108 48,35,30 30,24,29 24,23,26 54,38,34 106,72,42 106,72,40 113,74,44 105,71,41 90,59,38 103,66,40

20,18,26 20,18,26 22,20,28 20,18,26 20,18,26 20,18,26 20,18,26 20,18,26 20,19,24 21,26,34 22,22,32 19,22,31 22,22,32 22,22,32 47,46,51 32,35,46 32,37,45 36,35,38 37,32,31 65,49,34 25,23,35 25,28,37 24,22,32 29,27,35 36,36,46 46,54,74 30,28,38 25,23,33 21,21,31 24,22,30 152,105,53 130,88,50
20,18,26 20,18,26 20,18,26 20,18,26 20,18,26 20,18,26 20,18,26 20,18,26 18,18,28 22,27,35 30,28,36 22,22,32 20,23,32 33,31,39 54,40,40 46,50,63 58,51,63 21,26,34 77,62,40 112,78,48 76,55,32 35,29,34 25,21,30 18,23,31 21,21,29 22,22,32 21,21,31 28,28,38 18,23,31 85,52,25 130,86,48 142,100,62
20,18,26 20,18,26 20,18,26 22,20,28 20,18,26 20,18,26 20,18,26 20,18,26 18,18,28 40,43,61 26,29,38 40,47,59 24,21,36 25,28,37 29,28,33 47,34,42 72,68,79 85,74,83 109,66,47 115,88,72 101,63,42 94,73,60 149,98,59 65,48,40 31,30,33 20,23,30 37,44,58 34,34,46 29,34,42 169,119,77 73,36,21 21,26,34
20,18,26 22,20,28 20,18,26 22,20,28 20,18,26 20,18,26 20,18,26 20,18,26 18,18,26 25,29,44 27,32,40 21,26,34 23,23,33 26,31,41 24,29,37 38,30,36 92,78,91 96,81,89 116,88,79 137,89,60 138,92,62 169,112,83 145,90,59 211,130,80 66,49,50 30,38,45 36,40,53 30,33,44 31,36,44 37,35,47 97,71,59 46,47,68
20,18,26 20,18,26 22,20,28 22,20,30 20,18,26 20,18,26 20,18,26 20,18,26 18,18,26 46,59,74 51,72,107 35,38,47 23,23,33 66,75,98 78,79,102 93,86,100 77,62,70 121,86,71 109,62,30 102,61,41 141,94,62 172,115,75 164,97,49 211,114,65 45,43,63 29,37,44 34,34,46 26,31,39 32,32,44 39,42,53 35,39,52 31,31,43
18,18,26 20,20,28 22,20,28 22,20,28 20,18,26 20,18,26 20,18,26 20,18,26 18,18,26 66,77,104 53,76,110 55,74,107 20,25,33 61,73,95 69,78,103 76,77,98 84,75,86 101,86,75 126,80,50 141,89,57 99,63,32 80,61,47 191,123,62 34,36,50 29,34,44 28,31,40 31,35,48 29,34,42 40,37,52 34,32,44 43,53,71 36,43,57
22,20,28 22,20,28 20,18,26 22,20,28 20,18,26 22,20,28 20,18,26 20,18,26 18,18,26 63,64,87 58,76,104 31,29,41 20,23,32 38,35,41 43,36,39 49,39,40 67,70,90 69,57,59 96,81,89 140,83,52 140,84,46 81,60,47 118,69,20 59,30,10 22,25,34 18,28,34 27,32,40 25,30,40 40,37,52 22,25,34 27,27,39 24,29,37
20,18,26 20,18,26 20,18,26 22,20,28 22,20,28 22,20,28 20,18,26 20,18,26 18,18,26 44,42,62 30,28,40 27,27,37 24,22,32 48,36,36 32,30,38 41,33,39 46,36,40 55,43,43 60,47,44 115,78,52 128,83,60 49,35,37 114,62,14 173,110,77 39,43,58 18,26,33 45,34,41 21,24,33 22,27,35 21,26,34 29,34,44 65,58,61
18,18,26 20,18,26 22,20,28 22,20,28 20,18,26 20,18,26 20,18,26 20,18,26 20,20,28 27,30,39 33,37,50 28,28,38 24,22,32 33,31,41 31,31,39 32,30,38 39,33,38 42,34,40 46,36,35 59,48,45 94,80,85 24,23,26 128,76,14 139,85,47 142,90,60 38,38,50 24,24,36 24,31,43 39,28,25 24,24,32 38,29,25 104,65,37
20,18,26 20,18,26 20,18,26 20,18,26 20,18,26 20,18,26 20,18,26 19,17,25 18,18,26 22,20,30 56,75,108 31,38,50 30,28,38 32,30,40 30,28,38 31,29,39 31,31,43 30,30,40 40,37,41 54,47,59 93,71,65 32,31,36 71,42,9 58,41,31 84,53,34 102,61,45 107,70,46 101,64,40 93,68,49 32,28,39 102,62,39 101,70,51
20,18,26 18,18,26 20,18,26 20,18,26 22,20,28 20,18,26 20,18,26 18,18,26 20,20,28 18,18,26 55,74,107 54,67,95 29,34,42 47,55,73 52,55,73 29,31,45 56,73,106 49,67,93 27,27,35 44,37,35 50,39,46 30,28,36 49,32,24 80,54,40 83,54,34 78,53,36 57,45,47 95,64,43 96,70,49 88,61,43 75,62,59 39,39,51
20,18,26 20,18,26 20,18,26 20,18,26 20,18,26 22,20,28 20,18,26 20,18,26 20,18,26 18,18,26 55,77,109 53,76,110 52,74,106 55,76,111 60,78,114 50,62,86 52,66,87 26,29,40 30,28,38 23,26,35 23,26,35 33,29,38 41,35,40 60,48,38 66,46,39 64,44,35 51,49,61 32,29,44 32,34,48 18,18,30 20,20,30 43,44,67
20,18,26 20,18,26 20,18,26 20,18,26 22,20,30 22,20,30 22,20,28 20,18,26 20,18,26 22,20,28 43,46,55 49,62,88 44,60,85 43,52,75 40,38,50 35,35,43 32,30,40 29,27,37 29,27,37 22,27,35 27,27,35 26,29,38 32,27,29 47,37,38 43,49,77 29,36,50 18,18,28 20,18,28 20,18,28 20,18,28 20,18,28 18,18,28
20,18,26 20,18,26 20,18,26 20,18,26 22,20,30 22,20,30 22,20,30 22,20,30 20,18,28 20,20,28 43,43,53 43,43,53 42,42,50 38,38,48 37,37,45 29,29,39 30,28,38 29,27,37 27,27,37 22,27,35 30,35,59 40,47,61 20,20,32 18,18,30 24,24,36 18,18,28 37,36,53 20,18,28 20,18,28 20,18,28 20,18,28 20,18,28
18,18,26 20,18,26 20,18,26 20,18,26 22,20,28 22,20,30 22,20,30 22,20,30 22,20,30 20,20,28 41,46,54 32,37,45 37,37,47 39,39,47 36,36,46 30,30,40 55,61,80 21,21,33 20,20,30 20,20,28 21,21,31 20,20,28 20,20,28 18,18,28 20,18,28 20,18,28 18,18,26 18,18,28 20,18,28 20,18,28 20,18,28 20,18,28
18,18,26 20,18,26 20,18,26 20,18,26 20,18,26 22,20,28 22,20,30 22,20,30 22,20,30 20,20,28 43,41,61 65,70,94 36,36,46 36,34,56 35,39,52 20,20,28 22,20,28 22,22,30 20,20,28 22,20,30 22,20,30 22,20,30 22,20,40 21,21,29 20,20,28 20,20,28 20,20,28 20,18,28 21,21,29 18,18,26 20,18,28 20,18,28
18,18,26 20,18,26 20,18,26 20,18,26 20,18,26 20,18,26 22,20,30 22,20,30 22,20,30 22,20,30 36,35,52 30,33,44 22,22,30 18,18,28 17,16,31 23,23,35 20,20,28 22,20,30 22,20,30 22,20,30 22,20,30 22,20,30 18,18,26 20,20,28 20,20,28 18,18,26 20,20,30 21,21,31 41,41,51 20,20,28 20,20,28 20,20,28
22,20,28 20,18,26 20,18,26 20,18,26 20,18,26 20,18,26 20,18,26 22,20,30 22,20,30 22,20,30 21,21,29 21,19,39 38,38,50 27,27,35 20,20,28 22,20,30 22,20,30 22,20,30 22,20,30 22,20,30 22,20,30 22,20,30 20,20,30 31,34,52 20,20,28 21,21,31 22,22,32 24,23,38 33,36,45 21,21,31 20,20,30 20,20,28

20,18,26 20,18,26 20,20,28 20,18,26 20,18,26 20,18,26 20,18,26 20,18,26 20,19,24 23,26,37 22,22,32 18,23,31 22,22,32 24,22,32 39,43,47 33,41,50 28,33,43 37,34,38 37,30,33 61,48,43 27,29,43 24,29,37 24,22,32 23,23,31 36,39,50 48,49,72 26,24,34 25,23,33 23,23,33 24,22,32 150,103,53 125,85,49
20,18,26 20,18,26 18,18,26 20,18,26 20,18,26 20,18,26 20,18,26 20,18,26 18,18,28 25,28,39 25,23,33 22,22,32 20,23,32 34,30,39 55,41,43 49,53,66 56,52,63 25,30,36 77,61,44 105,75,47 92,67,50 32,31,34 27,27,35 18,23,31 22,22,30 19,22,31 21,21,31 28,28,38 19,22,31 139,100,59 138,93,49 119,80,39
20,18,26 20,18,26 20,18,26 20,18,26 20,18,26 20,18,26 20,18,26 20,18,26 18,18,28 36,36,46 39,42,53 45,52,66 27,25,35 22,25,34 33,30,36 52,38,43 74,70,81 92,80,85 104,66,45 110,78,64 100,62,41 104,72,56 66,31,16 58,40,37 31,30,35 22,22,30 39,46,60 35,35,47 29,34,44 147,91,53 57,36,34 21,26,34
20,18,26 20,18,26 20,18,26 22,20,28 22,20,28 20,18,26 20,18,26 20,18,26 18,18,26 24,29,39 25,30,38 22,27,35 25,23,33 26,31,39 25,28,37 38,30,38 93,81,93 104,86,97 108,72,54 139,91,64 133,87,59 145,90,61 144,87,58 215,138,87 55,43,45 30,38,45 34,37,46 25,28,39 30,33,42 35,38,49 96,68,57 46,45,62
20,18,26 20,18,26 20,18,26 22,20,28 22,20,28 20,18,26 20,18,26 20,18,26 18,18,26 30,39,62 56,75,108 37,37,45 26,24,34 69,78,103 79,77,99 96,84,96 118,104,117 125,94,84 117,69,42 113,71,47 136,90,64 44,28,22 168,105,54 207,122,67 56,45,54 32,35,44 34,34,46 26,31,39 34,32,42 42,44,58 32,35,46 37,37,49
20,18,26 22,20,28 23,21,29 22,20,30 22,20,28 20,18,26 20,18,26 20,18,26 18,18,26 61,76,108 53,74,109 56,75,108 20,25,35 60,72,94 64,76,100 71,72,95 85,75,76 102,86,82 118,72,44 144,90,56 153,92,56 98,75,46 218,121,15 36,37,56 32,37,47 28,33,41 31,35,48 29,34,42 39,36,51 33,31,43 45,53,71 36,42,59
18,18,26 20,18,26 20,18,26 22,20,28 20,18,26 20,18,26 20,18,26 20,18,26 18,18,26 66,71,95 56,74,100 30,29,44 19,24,32 41,35,42 43,36,39 53,43,44 70,73,95 70,57,54 98,82,95 142,84,51 138,82,48 34,28,35 158,98,59 25,25,35 23,26,35 19,27,34 28,33,41 25,30,40 40,37,52 26,31,39 28,31,42 24,29,39
20,18,26 20,18,26 20,18,26 22,20,30 22,20,28 22,20,28 20,18,26 20,18,26 18,18,26 50,59,82 31,29,41 25,25,35 19,24,32 57,44,39 32,30,38 43,32,39 45,35,39 60,46,46 62,46,40 120,79,52 129,83,55 48,48,60 143,86,28 158,102,68 40,45,55 20,25,33 32,28,37 22,25,34 22,25,34 21,26,34 21,26,36 44,47,54
20,18,26 20,18,26 22,20,28 20,20,28 20,18,26 20,18,26 20,18,26 20,18,26 18,18,26 40,41,60 28,33,43 27,27,37 20,23,32 28,28,38 33,31,39 32,30,38 39,33,40 44,36,42 47,35,37 63,50,47 118,96,90 29,30,35 79,45,13 134,85,47 144,92,62 35,38,58 25,25,35 22,30,39 27,24,30 23,23,31 30,28,29 113,67,41
20,18,26 20,18,26 20,18,26 20,18,26 20,18,26 20,18,26 20,18,26 20,18,26 22,20,28 23,24,16 57,76,109 29,34,42 31,29,39 32,30,40 31,29,39 31,29,39 33,31,39 32,30,38 42,36,41 57,47,51 77,61,55 30,30,40 47,34,27 70,47,36 75,46,26 95,57,40 106,66,43 106,65,45 90,61,41 46,36,37 113,77,57 112,76,56
20,18,26 20,18,26 20,18,26 20,18,26 20,18,26 20,18,26 20,18,26 20,18,26 20,20,15 25,24,17 32,32,27 44,52,70 27,32,40 39,45,62 43,47,62 34,36,52 57,76,109 51,69,95 26,28,42 35,28,31 20,28,35 28,31,40 30,30,40 81,53,42 89,58,37 82,54,41 39,27,27 99,76,65 94,63,44 92,61,42 80,63,55 41,45,60
34,36,31 20,20,28 20,18,28 20,18,26 20,18,26 20,18,26 21,17,26 16,19,26 11,21,15 15,17,17 28,27,20 55,72,117 52,74,106 60,83,117 56,77,112 43,52,75 51,67,92 28,28,38 30,28,38 23,26,35 22,27,35 50,38,40 35,24,31 60,47,42 69,49,40 66,47,35 69,62,72 72,66,73 33,35,49 20,20,30 20,20,30 53,56,78
19,17,13 13,15,12 15,22,20 29,31,31 18,18,26 20,18,26 18,25,23 10,20,12 12,17,16 10,20,14 33,27,20 55,72,103 50,66,93 48,60,84 39,41,57 35,35,43 32,30,40 29,27,37 29,27,37 21,26,34 24,29,37 27,27,37 42,31,38 44,34,38 64,65,86 33,35,51 20,18,28 20,18,28 20,18,28 20,18,28 20,18,28 22,20,30
26,21,20 12,17,11 8,16,6 8,18,10 11,18,13 17,27,24 11,19,9 11,16,12 10,20,14 16,21,15 46,44,54 48,48,58 41,41,49 39,39,47 37,37,47 31,31,41 29,27,37 29,27,37 25,28,37 22,27,35 25,28,46 39,45,66 25,25,37 20,20,32 21,21,33 24,24,36 32,34,48 20,18,28 20,18,28 20,18,28 20,18,28 20,18,28
15,15,12 11,18,11 8,16,6 10,18,8 9,19,13 5,17,13 8,18,12 10,17,15 17,24,22 20,20,28 20,25,33 36,39,48 38,38,48 38,38,46 35,35,45 30,30,40 55,58,76 19,22,33 18,18,26 18,18,28 21,21,31 20,20,28 21,21,31 17,17,27 20,18,28 20,18,28 17,17,27 18,18,28 20,18,28 20,18,28 20,18,28 20,18,28
15,15,10 9,19,13 8,16,6 11,18,13 11,18,13 8,15,8 8,18,15 13,19,20 20,20,28 22,20,30 48,50,64 23,29,46 36,36,44 34,36,52 34,37,55 21,21,29 20,20,30 17,17,25 20,20,28 22,20,30 22,20,30 22,20,30 27,29,45 24,24,34 20,20,28 20,20,28 21,21,29 17,17,27 18,18,26 18,18,26 20,18,28 20,18,28
16,16,13 11,18,16 11,18,13 13,15,12 13,13,8 13,15,12 9,19,13 22,20,30 22,20,30 22,20,30 39,40,59 36,38,54 22,22,32 20,20,30 23,22,37 21,23,39 20,20,28 22,20,30 22,20,30 22,20,30 22,20,30 22,20,30 18,18,28 20,20,30 20,20,28 20,20,28 21,21,29 20,20,30 20,20,30 21,21,29 20,20,28 18,18,26
23,25,20 15,19,21 20,18,26 20,18,26 20,18,26 20,18,26 22,20,28 22,20,30 22,20,30 22,20,30 35,34,49 18,17,32 42,44,60 29,29,39 20,20,28 22,20,30 22,20,30 22,20,30 22,20,30 22,20,30 22,20,30 22,20,30 20,20,30 30,31,50 20,20,28 20,21,26 25,25,35 28,28,40 44,47,58 24,24,34 21,21,31 20,20,28

45,30,21 52,32,25 35,24,31 18,18,26 20,18,26 20,18,26 20,18,26 20,18,26 61,74,104 22,25,34 23,23,33 20,23,32 27,25,35 24,22,32 21,26,36 39,48,61 23,26,33 33,31,39 32,31,36 58,51,49 41,47,64 30,30,38 25,26,31 24,24,34 41,47,64 47,57,77 23,21,31 23,23,33 27,27,37 22,23,28 141,96,52 105,75,47
21,11,15 25,15,19 32,20,25 18,18,26 20,18,26 20,18,26 20,18,26 20,18,26 54,70,99 25,28,37 22,22,32 22,22,32 22,22,32 29,27,35 54,37,38 30,40,48 28,31,42 38,35,41 77,64,61 98,70,43 67,46,35 25,29,33 39,36,40 26,24,32 22,22,32 21,21,31 21,21,31 23,23,33 21,21,31 159,112,60 167,112,58 133,90,57
19,9,10 21,11,12 22,15,18 28,21,24 18,18,26 20,18,26 20,18,26 20,18,26 43,49,70 35,35,45 29,28,43 22,25,36 24,24,34 33,38,48 39,33,38 55,42,39 76,72,83 79,57,51 85,50,35 113,72,54 95,66,46 96,60,38 31,38,52 33,35,49 31,30,35 24,22,30 24,24,36 31,29,37 33,37,50 121,80,51 22,25,32 21,26,34
25,13,18 19,9,13 21,11,15 29,19,20 18,19,24 20,18,26 20,18,26 20,18,26 19,22,33 24,28,41 22,27,35 27,30,39 29,21,29 25,29,42 34,30,39 42,31,38 98,89,104 83,65,74 113,68,47 113,70,51 137,85,55 125,78,55 139,92,60 71,35,13 31,31,39 29,34,42 30,28,38 27,27,39 28,28,38 53,49,58 92,59,50 48,36,38
17,10,10 23,13,17 21,11,15 24,12,17 25,15,19 23,20,24 18,18,26 20,18,26 18,18,28 32,32,44 22,31,54 38,36,44 26,24,32 70,77,102 83,79,92 55,46,57 102,86,101 97,79,90 131,98,89 120,69,41 100,80,50 158,97,36 167,99,54 231,135,79 35,27,33 29,34,42 27,27,39 29,34,42 44,38,45 37,44,58 50,50,62 38,46,64
17,10,10 19,9,10 19,9,10 19,9,10 30,18,18 20,18,26 20,18,26 20,18,26 18,18,26 58,79,114 56,74,110 46,58,80 23,23,35 61,73,97 69,79,99 78,81,103 81,65,50 127,103,97 123,78,55 138,84,50 162,100,71 56,34,26 224,131,40 35,37,51 34,39,49 33,38,48 28,31,40 30,30,40 35,35,47 45,45,57 42,52,68 38,44,61
19,9,10 25,11,13 25,13,18 19,9,10 37,21,19 18,19,24 20,18,26 20,18,26 18,18,28 25,29,42 50,69,100 46,50,65 20,25,33 44,39,41 50,40,41 64,57,69 72,73,96 72,58,44 115,93,96 133,85,56 140,84,48 84,49,34 178,113,76 28,32,47 28,28,36 30,33,42 24,24,34 34,30,39 40,37,52 24,29,39 43,49,66 35,39,52
12,9,13 22,12,13 26,12,14 20,8,10 34,20,25 18,18,26 21,17,26 20,18,26 26,26,26 43,45,30 30,28,40 29,27,37 20,25,33 26,24,34 41,35,42 44,37,40 63,52,61 64,51,48 74,58,45 121,74,42 138,88,55 39,45,64 160,97,30 42,36,43 21,26,36 20,25,33 20,25,31 35,35,43 21,26,34 21,26,34 22,27,35 26,28,42
13,10,14 16,8,14 20,8,13 21,11,12 24,16,22 18,18,26 20,18,26 18,18,26 20,19,10 27,23,15 31,29,37 25,25,35 21,24,33 20,23,32 34,32,40 35,31,40 45,37,43 46,36,40 56,42,42 90,74,59 102,71,52 27,25,33 89,49,15 157,102,71 83,59,51 35,39,52 46,43,47 24,29,37 21,26,34 21,26,34 36,26,25 136,88,61
14,9,8 14,9,11 19,9,13 23,15,21 18,18,26 20,18,26 20,18,26 18,18,30 8,22,15 10,17,12 52,73,110 30,30,40 30,28,38 31,29,39 32,30,40 32,30,38 32,30,38 37,33,42 45,35,39 27,30,37 94,81,89 37,38,43 66,49,41 53,33,26 92,58,40 93,57,37 110,68,46 108,67,49 107,69,50 99,65,45 46,32,34 92,58,36
15,9,14 18,13,15 20,17,23 18,19,24 20,18,26 20,18,26 20,18,26 18,25,18 10,17,15 11,18,13 53,74,109 42,51,74 28,28,38 29,32,41 31,29,41 47,53,70 59,74,108 52,68,93 35,39,52 22,27,37 55,44,41 64,46,41 55,36,24 85,57,44 103,65,46 85,53,39 69,46,35 37,28,39 104,70,50 104,70,50 84,56,43 77,71,78
25,24,15 29,25,15 28,28,14 31,31,15 27,26,19 16,18,13 16,19,26 15,25,19 11,18,13 10,17,12 53,72,103 54,77,111 54,73,106 56,77,112 56,72,99 29,31,45 52,69,100 30,28,38 30,28,38 23,26,35 22,27,35 57,43,43 59,42,32 49,39,43 76,55,42 72,51,36 72,50,44 69,49,40 53,61,81 28,28,38 20,20,30 19,22,33
19,18,11 26,22,14 28,22,17 26,22,16 20,15,12 26,25,18 9,15,6 17,24,19 17,24,19 10,17,12 49,71,101 55,74,105 49,70,105 55,72,103 52,68,97 33,36,47 32,30,40 29,27,37 30,28,38 21,26,34 24,29,37 25,28,37 48,34,39 44,32,34 45,34,41 24,23,38 20,18,28 20,18,28 18,18,28 18,18,28 20,20,30 20,18,28
12,10,11 21,20,11 25,21,15 26,20,15 24,17,17 25,20,22 9,19,16 9,19,13 14,21,16 15,23,13 43,43,53 46,46,56 42,42,50 41,41,49 37,37,47 32,32,40 30,28,38 29,27,37 27,27,37 24,29,37 23,26,33 36,43,66 38,41,59 22,22,34 20,20,32 22,21,36 18,18,30 20,18,28 20,18,28 20,18,28 20,18,28 20,18,28
13,10,14 20,13,11 21,17,9 24,18,11 23,17,12 23,23,20 12,19,14 9,19,13 10,20,14 18,22,26 17,24,36 38,38,48 39,39,47 37,37,45 34,34,44 33,31,41 25,28,37 52,55,77 29,31,45 22,22,32 22,22,30 23,23,33 20,20,32 23,21,31 20,18,28 20,18,28 30,30,42 20,18,28 20,18,28 20,18,28 20,18,28 20,18,28
13,10,14 13,10,14 20,16,10 21,15,10 26,19,17 12,17,13 12,19,14 15,16,19 18,21,30 18,18,26 20,23,30 39,42,51 34,37,46 34,37,46 51,57,78 24,24,34 23,19,30 18,18,26 21,21,29 22,20,28 22,20,30 22,20,30 17,17,29 35,34,49 20,20,28 20,20,28 18,18,26 20,20,28 18,18,26 18,18,26 20,18,28 20,18,28
13,10,14 13,10,14 21,14,12 22,16,11 26,19,19 20,22,22 20,18,26 20,18,26 22,20,30 20,20,28 25,25,37 55,60,84 28,28,40 21,24,33 20,18,28 54,56,72 20,20,28 22,20,30 22,20,30 22,20,30 22,20,30 20,20,28 41,47,66 20,20,28 20,20,28 18,19,24 20,20,28 18,18,28 22,22,32 20,20,28 20,20,30 18,18,26
13,10,14 13,10,14 22,12,16 24,17,17 19,24,20 18,18,26 20,18,26 20,18,26 20,18,26 22,20,30 23,26,37 18,22,26 53,56,74 20,20,32 20,20,28 20,20,30 22,20,30 22,20,30 22,20,30 22,20,30 22,20,30 22,20,30 20,21,26 20,20,32 20,20,28 21,21,29 22,22,32 28,28,38 41,46,56 24,24,36 20,20,28 22,20,32

22,20,28 20,18,26 20,18,26 18,19,24 22,21,26 50,26,20 30,18,18 16,16,16 16,15,20 21,21,31 26,24,34 27,27,37 23,23,33 24,22,32 25,30,40 40,50,66 27,30,37 32,30,38 27,27,35 50,43,43 53,44,40 51,60,83 30,31,34 32,32,42 20,24,37 26,24,34 21,21,31 22,22,34 27,25,35 22,22,32 113,84,53 27,32,42
20,20,28 20,20,28 18,18,26 68,44,36 51,29,23 59,33,23 48,28,19 48,28,21 29,16,24 20,19,22 21,24,33 24,24,32 23,23,31 25,23,35 44,42,50 42,51,74 29,32,39 38,35,39 66,51,42 88,67,44 22,27,37 27,27,37 19,23,27 24,24,32 22,25,34 24,24,34 21,21,31 33,31,41 21,21,31 160,108,58 156,107,58 103,69,37
20,20,30 64,40,32 53,33,26 52,30,22 46,28,23 33,19,21 23,11,13 22,10,10 19,9,10 36,24,26 30,30,38 24,24,34 29,27,35 41,43,57 46,33,41 48,45,60 65,61,74 36,29,29 100,72,45 101,72,48 76,50,40 19,22,31 44,50,67 33,37,50 34,30,39 19,22,31 26,24,34 19,22,31 35,39,54 156,108,63 25,25,33 32,30,38
60,33,28 42,24,19 47,34,27 26,14,16 34,17,18 26,14,19 16,9,9 21,11,12 31,17,19 24,12,17 50,32,29 29,29,41 50,42,50 24,29,39 37,31,38 48,36,38 79,71,90 92,74,83 108,71,47 126,93,82 114,77,51 115,79,59 163,103,60 35,28,31 24,24,32 28,31,40 36,38,52 36,36,48 29,32,41 154,96,63 144,103,83 32,31,34
31,19,21 21,11,10 19,12,15 12,9,13 31,20,27 13,10,14 13,10,14 23,11,13 25,13,18 15,8,8 29,15,17 28,31,42 40,37,43 25,29,42 25,28,37 34,31,37 111,95,108 116,97,104 117,85,82 158,100,65 159,118,87 181,97,37 91,55,37 170,99,57 36,34,46 31,36,46 27,27,39 31,36,44 56,28,17 48,44,57 68,64,75 37,45,61
15,10,12 13,10,14 13,10,14 13,10,14 13,10,14 13,10,14 13,10,14 19,9,13 25,11,13 16,9,12 27,13,18 35,32,38 37,30,40 62,71,96 74,79,103 88,86,106 93,68,49 88,57,38 121,78,59 145,97,68 152,95,64 197,126,53 208,134,80 76,49,42 28,31,42 25,28,39 34,38,53 27,27,37 52,35,27 28,31,42 44,52,70 38,42,57
12,9,13 13,10,14 13,10,14 13,10,14 13,10,14 13,10,14 13,10,14 11,11,11 23,13,17 21,11,15 22,15,18 52,47,63 27,23,34 47,43,52 65,65,77 70,73,95 82,73,88 91,75,69 136,86,55 140,88,56 41,43,57 76,50,38 181,116,77 28,31,38 45,32,29 36,40,53 33,36,47 25,28,39 43,41,53 41,41,53 35,37,51 27,30,41
15,9,14 13,10,14 13,10,14 13,10,14 13,10,14 13,10,14 13,10,14 13,10,14 15,10,12 21,11,15 20,8,13 27,15,17 25,25,35 31,31,41 42,35,38 49,42,42 75,81,102 70,54,50 87,66,53 129,77,45 43,50,64 103,62,31 170,111,65 21,26,34 20,25,33 20,25,33 21,26,34 25,30,38 36,39,50 22,27,35 21,26,34 22,27,35
20,19,24 13,11,12 13,10,14 13,10,14 13,10,14 13,10,14 13,10,14 13,10,14 21,11,15 15,8,11 32,20,25 30,28,38 29,27,35 19,24,32 36,35,40 37,34,38 42,35,38 51,41,45 61,48,43 30,29,34 49,53,68 35,35,47 164,112,80 125,79,49 30,38,54 22,26,39 23,26,35 21,26,34 21,26,34 21,26,34 33,35,49 128,91,78
18,18,28 15,17,17 13,10,14 13,11,12 13,10,14 13,10,14 13,10,14 13,10,14 15,7,13 15,8,11 42,46,61 32,30,40 31,29,39 32,30,40 29,29,39 33,31,41 39,33,40 39,33,38 46,36,37 63,47,41 104,82,74 50,42,61 123,74,54 117,79,58 39,26,21 77,51,37 46,37,33 30,30,38 63,42,29 73,51,43 106,68,47 86,58,45
39,41,26 33,20,17 13,10,14 13,15,12 11,13,10 13,10,14 13,10,14 12,10,11 14,8,13 19,23,27 48,67,98 31,29,41 30,28,38 30,28,38 30,28,38 41,48,62 47,53,70 46,48,64 46,46,58 26,31,39 23,26,33 33,20,13 66,46,37 80,54,42 112,67,44 111,65,39 91,57,39 76,53,38 31,27,36 129,87,63 101,67,49 94,66,53
35,19,13 38,25,22 12,9,13 29,17,19 18,13,10 28,24,16 18,19,24 8,20,13 12,17,13 12,17,13 57,76,109 51,64,92 46,66,92 56,75,108 36,40,53 35,37,51 55,74,107 40,50,68 30,28,38 22,27,35 22,27,35 61,46,37 68,46,38 67,48,36 54,43,40 90,67,54 92,66,52 87,60,42 90,64,50 51,52,75 30,30,42 19,23,27
33,19,24 14,8,13 15,9,14 13,10,14 12,10,11 28,22,15 35,26,18 26,27,17 17,19,19 13,13,13 58,76,112 53,74,109 54,77,111 56,74,110 54,72,108 51,67,92 29,29,39 27,25,35 31,29,39 21,26,34 24,29,37 26,24,32 58,42,36 54,41,38 54,38,36 30,26,48 18,18,28 20,20,30 17,16,31 31,30,45 32,29,44 23,23,35
25,15,19 17,9,15 24,14,18 13,10,14 13,10,14 22,18,12 27,23,15 25,24,17 26,22,16 17,25,15 42,42,52 43,43,51 41,39,47 39,39,49 34,34,44 32,32,40 28,28,38 29,27,37 27,27,37 24,29,37 24,29,37 27,27,37 47,54,79 25,27,43 20,20,32 39,42,60 20,18,28 20,18,28 20,18,28 20,18,28 20,18,28 20,18,28
14,8,13 14,8,13 17,10,13 13,10,14 13,10,14 19,12,10 28,19,15 21,15,10 25,23,19 14,21,16 43,43,51 42,42,52 39,39,47 38,38,48 37,37,45 31,31,41 27,27,37 25,25,35 22,26,41 25,28,46 23,23,35 28,28,38 21,21,31 22,21,36 23,21,33 18,18,30 18,18,28 20,18,28 20,18,28 20,18,28 20,18,28 20,18,28
15,10,12 26,16,17 13,10,14 13,10,14 13,10,14 13,10,14 20,16,10 21,14,14 17,15,13 15,22,17 19,24,34 38,36,46 37,37,47 36,36,46 35,35,45 26,31,41 20,20,30 20,20,28 20,20,28 18,18,26 20,20,30 22,20,28 20,20,28 22,20,28 24,24,34 22,22,30 20,20,30 20,20,28 20,18,28 20,18,28 20,18,28 20,18,28
13,11,12 15,7,13 13,10,14 13,10,14 13,10,14 13,10,14 12,9,13 23,19,13 17,17,14 19,23,25 21,21,33 35,34,49 46,48,64 37,37,47 25,25,35 20,20,30 20,20,28 20,20,28 20,20,30 22,20,30 22,20,30 20,20,28 20,20,30 20,20,28 20,20,28 20,20,28 22,20,28 20,20,28 18,18,26 20,20,28 20,18,28 18,18,30
22,10,15 14,8,13 13,10,14 13,10,14 13,10,14 13,10,14 21,15,10 20,20,15 20,18,26 22,20,28 22,22,32 20,20,28 20,20,30 33,34,57 20,18,26 20,20,30 22,20,30 22,20,30 22,20,30 22,20,30 22,20,30 22,20,30 40,44,59 20,20,28 20,20,28 20,20,28 25,25,37 46,49,60 23,23,33 21,21,29 22,20,30 22,20,30

20,18,26 20,18,26 20,18,26 21,17,26 20,19,24 22,20,28 20,17,21 64,74,94 39,44,54 18,23,31 22,25,34 24,24,36 22,22,32 23,23,33 23,33,41 32,41,54 26,29,36 21,26,34 22,27,37 32,31,36 24,24,32 21,20,35 33,31,39 30,28,36 22,22,32 23,26,35 24,22,32 23,23,33 24,24,34 23,23,35 30,30,42 27,31,44
20,18,26 18,18,26 21,18,24 76,49,42 63,36,29 53,32,21 57,33,25 26,20,27 15,14,19 23,23,33 21,24,33 27,27,39 23,21,31 25,21,34 23,33,41 30,37,51 30,28,38 42,45,54 41,36,38 61,48,43 42,50,68 27,27,37 35,32,38 24,24,34 42,52,72 43,55,77 23,21,31 24,24,36 16,24,31 142,103,62 138,94,52 98,68,42
22,21,26 65,38,31 64,40,32 50,29,25 38,22,18 41,23,18 26,16,15 31,17,19 32,20,22 38,32,27 23,23,33 29,27,37 30,26,35 51,40,47 52,38,38 53,55,71 48,41,51 44,38,43 89,74,65 106,74,44 87,61,47 31,30,35 23,23,33 25,25,33 19,22,31 19,22,31 24,24,34 19,22,31 35,30,32 137,95,55 140,95,51 122,87,51
59,37,31 49,31,26 32,18,18 35,21,23 37,21,19 18,7,14 21,11,15 29,17,22 22,10,12 35,25,26 29,29,41 20,23,34 29,29,37 22,25,36 40,34,39 62,48,50 79,72,86 91,63,50 97,62,47 114,72,50 90,60,43 100,62,41 36,29,39 22,25,34 27,25,33 25,25,37 36,41,51 39,38,53 33,36,47 157,81,39 23,26,33 21,26,34
31,17,19 22,12,16 12,9,13 50,34,30 13,10,16 13,10,14 15,8,11 22,10,12 15,10,12 23,13,14 27,27,37 19,22,31 30,28,40 25,29,42 36,30,37 35,27,35 79,71,88 92,75,81 126,82,56 145,85,35 96,45,0 135,84,60 148,89,61 188,132,98 28,33,41 31,35,48 25,28,39 25,25,35 67,38,5 108,76,62 87,70,73 37,39,53
13,10,14 13,10,14 13,10,14 13,10,14 13,10,14 13,10,14 14,8,13 23,11,13 15,10,12 23,13,14 58,55,72 25,23,31 69,79,99 69,75,96 85,78,92 81,70,79 107,95,109 96,71,68 128,82,56 44,38,45 37,25,25 166,108,71 197,127,80 223,136,77 24,29,39 41,45,60 33,35,51 35,35,45 38,30,36 36,40,55 31,35,48 36,40,55
13,10,14 13,10,14 13,10,14 13,10,14 13,10,14 13,10,14 13,10,14 23,11,13 21,11,15 27,15,20 33,21,33 34,37,57 48,49,68 66,75,98 66,75,100 72,73,92 83,62,47 138,109,103 140,84,50 145,91,57 52,48,57 186,110,31 181,113,77 35,40,50 25,30,40 38,41,59 33,38,48 27,32,40 43,41,53 38,38,48 42,50,68 34,41,53
13,10,14 13,10,14 13,10,14 13,10,14 13,10,14 13,10,14 13,10,14 15,10,12 22,12,16 21,11,15 41,34,44 32,30,40 34,28,35 43,36,39 49,39,38 64,57,67 74,75,96 76,60,47 141,105,87 138,84,48 41,43,57 113,65,22 151,105,68 27,22,21 30,22,28 22,27,37 25,30,40 100,63,48 40,38,50 21,26,34 33,35,51 21,26,36
19,18,21 14,9,11 13,10,14 13,10,14 13,10,14 13,10,14 13,10,14 12,9,13 13,11,12 21,11,12 27,15,20 27,25,33 20,25,33 30,26,35 39,33,40 43,38,40 52,42,41 64,51,46 75,56,42 114,69,46 37,39,53 78,62,49 169,126,109 44,38,45 28,33,43 20,25,33 18,26,35 29,27,35 21,26,34 21,26,34 25,30,40 44,40,49
19,8,15 13,10,14 13,13,13 13,11,12 13,10,14 13,10,14 13,10,14 13,10,14 17,9,15 49,45,58 27,27,37 26,24,34 30,28,38 33,31,41 33,31,39 34,32,40 39,33,38 44,37,40 52,38,40 64,51,46 71,54,57 46,24,6 128,77,49 135,83,53 133,86,63 29,31,45 57,45,45 74,58,45 57,37,28 22,27,37 117,71,43 96,60,38
36,23,20 19,12,15 15,10,12 14,16,13 12,10,11 13,10,14 13,10,14 12,9,13 22,12,16 56,73,104 52,69,100 30,28,38 32,30,40 32,30,40 32,30,40 29,27,37 32,30,38 37,33,42 40,37,41 23,30,42 86,58,47 99,71,60 54,40,40 77,47,32 79,53,32 113,68,45 113,68,45 103,66,42 92,61,40 37,25,25 95,64,43 91,60,39
12,9,15 13,10,14 14,9,11 13,11,12 27,23,17 20,22,19 18,19,24 11,16,12 13,11,12 51,70,103 53,72,105 29,33,48 33,35,51 50,59,82 31,29,39 60,73,101 54,73,106 48,61,87 28,28,40 38,43,51 54,61,75 70,62,70 77,59,54 85,58,42 86,56,39 72,50,44 78,52,42 37,25,27 101,66,51 96,64,48 43,47,62 24,24,36
15,10,12 23,11,13 13,10,16 13,10,14 28,18,17 34,30,13 29,31,16 9,19,13 12,11,14 36,45,58 54,75,110 53,74,109 55,76,111 54,75,110 47,55,73 47,61,84 40,48,66 29,27,37 33,31,41 22,27,35 58,41,42 50,36,36 43,31,31 63,46,38 67,48,36 63,47,41 60,46,48 43,48,72 20,20,32 18,18,28 23,25,41 27,29,45
12,9,13 28,18,22 13,10,14 13,10,14 21,17,11 26,25,16 27,23,17 24,22,18 16,21,17 14,16,13 54,66,88 55,66,93 53,65,87 50,56,73 36,36,44 32,32,40 30,28,38 30,28,38 25,28,37 27,27,37 35,32,38 41,35,40 35,29,34 55,54,71 30,32,48 18,18,28 20,18,28 20,18,28 22,20,30 20,18,28 20,18,28 20,18,28
27,13,18 13,10,14 13,10,14 13,10,14 15,7,13 23,19,11 23,17,12 26,22,16 17,19,16 17,24,17 44,44,56 41,41,51 38,38,46 39,39,49 35,35,43 31,31,41 29,27,37 30,28,38 24,29,37 24,29,35 61,69,89 24,28,43 21,21,33 18,21,32 38,37,52 34,35,54 20,18,28 20,18,28 20,18,28 20,18,28 20,18,28 20,18,28
22,10,12 13,10,14 13,10,14 13,10,14 13,10,14 22,12,13 20,13,16 16,14,10 8,18,12 18,25,18 18,23,31 37,37,47 39,39,49 38,38,48 34,34,44 35,39,54 20,20,30 17,17,27 21,21,31 21,21,29 20,20,30 22,20,30 18,18,28 18,18,28 20,18,30 18,18,28 21,21,31 18,18,26 20,18,28 20,18,28 20,18,28 20,18,28
20,13,16 13,10,14 13,10,14 13,10,14 13,10,14 13,10,14 23,19,11 13,15,15 15,22,15 20,23,30 17,25,34 40,38,48 37,37,47 39,42,60 20,20,32 20,20,30 18,18,26 21,21,31 22,20,30 22,20,30 22,20,30 18,18,26 22,22,34 18,18,26 20,20,28 20,20,28 20,20,30 18,18,26 20,20,28 20,18,26 20,18,28 20,18,26
29,19,23 13,10,14 13,10,14 13,10,14 13,10,14 19,14,13 15,15,10 14,19,18 18,18,26 30,32,46 38,42,55 31,31,43 21,21,29 21,24,35 29,28,45 18,18,26 22,20,30 22,20,30 22,20,30 22,20,30 22,20,30 20,20,28 18,18,26 18,18,26 18,18,26 21,21,31 20,20,30 23,26,35 21,21,29 22,20,30 22,20,32 22,20,30

20,20,28 18,18,26 20,18,26 20,18,26 20,18,26 17,17,27 53,59,76 21,26,36 28,30,44 21,21,29 24,22,32 21,21,29 22,22,32 22,25,36 24,29,37 20,28,37 24,29,37 24,29,37 22,27,35 25,28,37 21,26,34 32,30,38 31,29,37 22,22,32 26,28,44 37,34,38 36,34,42 19,22,31 20,20,30 19,22,33 28,32,45 27,31,44
25,22,28 63,40,37 66,38,29 62,39,28 25,15,19 19,14,16 29,23,28 22,27,37 22,25,34 22,22,32 21,21,31 22,22,32 24,22,32 25,23,33 33,44,57 41,51,69 34,32,40 27,30,39 37,34,40 57,46,43 39,36,42 31,35,48 30,30,38 24,24,34 27,23,36 23,23,33 25,23,33 24,24,36 19,22,31 33,31,39 100,78,60 25,32,44
59,32,25 52,30,24 35,19,17 22,15,18 23,13,17 27,20,20 41,34,32 22,27,35 25,25,35 25,23,31 22,25,36 24,22,32 22,22,32 74,54,45 39,42,53 40,50,66 32,30,38 45,38,38 80,61,38 95,66,42 27,27,35 53,43,44 27,25,33 21,21,31 23,23,35 24,24,34 23,23,33 21,21,31 35,29,34 165,110,54 145,100,56 94,65,41
55,38,30 15,9,14 14,9,11 13,10,14 13,10,14 19,9,10 23,11,13 33,20,15 38,29,40 33,31,39 36,34,42 32,31,36 29,27,37 43,45,59 52,35,38 60,57,72 74,62,76 32,26,33 103,81,61 33,22,17 29,24,26 21,26,36 33,37,52 29,32,43 30,29,34 18,23,31 20,23,32 56,53,57 80,50,33 255,182,131 21,26,36 30,26,35
29,19,20 18,8,12 15,9,14 13,10,14 13,10,14 21,11,15 22,10,12 25,13,15 18,8,9 62,37,38 25,30,38 20,23,32 31,36,46 22,27,35 40,32,40 46,36,37 85,73,87 97,78,82 83,60,45 37,37,45 127,82,61 122,77,54 180,117,84 40,33,36 35,38,49 26,29,40 35,37,51 28,28,38 34,27,27 150,98,68 112,81,69 76,64,69
32,18,20 21,11,12 13,10,14 13,10,14 15,10,12 16,9,12 19,9,10 27,15,17 27,26,31 25,13,13 31,31,41 19,24,32 26,28,42 27,29,43 27,25,33 38,30,38 119,101,110 121,99,104 132,94,75 39,36,42 162,105,63 80,45,32 161,109,79 226,149,89 28,31,40 41,45,60 33,35,51 33,36,45 40,39,44 57,44,52 52,55,75 41,47,64
24,12,14 13,10,14 13,10,14 13,10,14 13,10,14 12,9,13 23,11,13 27,15,17 58,66,84 32,20,22 55,74,107 20,23,32 58,75,97 69,78,103 86,88,115 82,77,93 97,78,64 117,79,60 121,76,53 56,32,24 106,67,39 195,120,73 204,126,78 34,38,53 34,37,46 26,29,40 28,31,42 22,27,35 29,27,39 35,40,50 41,47,64 35,39,52
13,10,14 13,10,14 13,10,14 13,10,14 13,10,14 13,10,14 22,10,15 21,11,15 52,68,108 47,40,50 55,74,107 20,24,39 44,36,44 49,41,47 61,58,73 71,74,96 69,56,49 97,83,96 133,81,49 59,38,34 57,47,46 137,79,13 174,119,88 30,33,44 83,61,53 41,44,55 35,38,47 26,31,39 41,39,51 35,39,52 36,38,54 35,35,47
13,10,14 13,10,14 13,10,14 13,10,14 13,10,14 14,8,13 22,12,13 16,9,9 54,67,97 57,76,107 30,28,40 20,23,32 26,24,34 34,32,42 40,35,37 51,44,44 69,62,72 69,54,43 97,66,43 48,36,26 35,40,50 70,36,18 182,115,72 20,25,33 20,25,33 20,25,33 21,26,34 25,28,35 21,26,34 21,26,34 22,27,35 22,27,37
13,10,14 13,10,14 13,10,14 15,9,14 12,9,13 19,12,15 23,11,16 34,28,23 53,72,105 41,53,75 30,28,38 21,24,33 31,29,37 30,30,40 36,34,42 39,33,38 44,37,37 54,42,44 61,48,41 69,54,45 45,38,41 95,65,39 112,75,60 126,82,56 44,51,65 24,28,41 26,24,36 21,26,36 22,25,34 21,26,34 39,29,33 125,88,73
13,10,14 13,10,14 13,10,14 15,9,14 15,10,12 25,11,16 31,22,16 32,28,18 31,36,44 57,76,109 33,38,48 30,28,38 32,30,40 32,30,40 28,28,38 31,29,37 37,34,38 43,35,41 51,44,47 25,28,39 56,42,44 106,70,48 108,67,47 41,29,19 87,60,44 94,63,51 62,46,42 40,32,38 72,51,36 85,59,49 90,60,43 76,53,42
13,10,14 13,10,14 11,8,12 19,12,10 18,8,9 22,15,13 26,25,18 24,22,18 32,28,18 58,76,112 57,76,107 31,29,39 30,28,38 29,29,39 29,29,41 52,70,96 44,54,74 52,64,88 32,29,35 24,29,39 58,51,63 79,65,78 92,78,83 99,61,42 113,68,45 90,59,38 83,60,49 32,27,29 110,79,60 103,65,44 84,61,48 51,52,73
13,10,14 13,10,14 12,10,11 29,25,17 35,35,21 18,21,28 20,18,26 16,19,11 10,12,12 55,70,88 58,81,115 48,62,85 54,73,106 51,73,105 32,30,40 52,65,91 46,64,92 27,27,37 36,34,44 32,35,46 61,45,39 64,46,43 68,49,37 65,45,38 72,54,49 90,70,63 79,51,38 73,52,39 45,51,68 29,29,39 17,22,28 19,22,33
13,10,14 13,10,14 13,10,14 27,23,17 36,28,15 36,33,20 33,33,28 8,22,13 13,12,15 33,41,46 54,73,106 54,73,106 52,74,106 53,74,109 55,68,94 28,31,42 30,28,38 29,27,37 29,27,37 33,31,41 37,30,40 51,39,39 53,39,39 48,36,38 16,18,32 20,18,28 18,18,28 24,24,34 23,23,35 30,30,40 22,20,30 22,20,30
13,10,14 13,10,14 13,10,14 20,16,10 28,22,17 27,23,17 27,22,19 16,21,15 13,15,10 18,23,19 45,45,55 37,37,47 39,39,47 38,38,48 35,35,43 33,31,39 29,27,37 29,27,37 25,28,37 30,28,38 27,25,33 64,70,89 41,43,59 21,21,31 22,24,38 20,18,28 20,18,28 20,18,28 20,18,28 20,18,28 20,18,28 20,18,28
13,10,14 13,10,14 13,10,14 13,10,14 19,14,13 16,9,12 23,18,15 23,21,19 13,13,10 13,18,17 44,42,54 42,42,50 39,39,49 38,38,48 31,31,41 30,30,40 27,27,37 44,50,67 28,27,42 22,20,32 24,24,36 18,18,30 21,21,31 23,21,31 20,18,28 30,32,46 20,18,28 20,18,28 20,18,28 20,18,28 20,18,28 20,18,28
13,10,14 13,10,14 13,10,14 13,10,14 13,11,12 17,10,10 23,21,17 12,17,13 12,22,16 10,16,17 50,54,67 40,38,48 37,37,49 36,36,46 30,32,46 22,20,28 20,20,28 18,18,26 20,20,30 22,20,30 20,20,30 20,20,28 20,20,28 30,30,42 20,20,28 18,18,26 20,20,28 20,18,28 22,20,30 18,18,28 20,18,30 20,18,28
13,10,14 13,10,14 13,10,14 13,10,14 22,17,19 14,8,13 23,18,17 11,16,12 9,19,13 18,24,15 17,24,36 46,44,64 23,23,33 23,21,29 20,20,30 20,20,28 22,20,30 22,20,30 22,20,30 22,20,30 20,20,28 46,49,71 20,20,28 20,20,28 18,18,26 21,21,29 20,18,28 21,21,29 20,20,28 22,20,30 22,20,30 22,20,30

25,11,13 22,10,15 24,14,15 40,24,18 20,18,26 20,18,28 22,23,42 20,25,33 33,31,43 33,32,37 22,22,30 23,23,33 31,29,37 25,28,37 22,27,35 22,27,35 23,23,33 20,25,33 22,27,35 30,28,38 43,43,53 23,23,31 32,29,35 25,25,35 30,26,37 27,23,32 22,22,32 22,22,30 22,20,30 22,22,34 29,31,45 26,33,45
28,14,16 15,9,14 15,10,12 29,15,17 26,20,27 20,20,28 21,25,38 22,27,37 27,32,40 26,24,34 24,24,34 22,22,32 20,23,32 49,46,52 29,39,47 26,35,46 30,30,40 24,29,37 24,29,37 38,34,43 25,25,33 29,29,37 33,29,38 24,24,34 27,33,50 22,22,30 16,19,28 23,23,31 23,21,31 28,31,40 28,30,44 25,32,44
26,14,16 21,11,12 19,9,13 29,15,17 31,19,24 18,18,26 23,26,35 22,27,35 22,25,34 24,22,32 21,21,31 23,23,33 24,22,32 53,38,46 35,45,61 28,37,50 34,30,39 44,43,48 50,37,34 29,27,39 25,25,37 23,21,31 21,21,31 31,35,50 45,55,75 24,22,32 22,22,32 21,21,31 26,24,34 152,99,54 128,89,50 75,54,39
25,11,13 25,13,18 21,11,12 28,14,19 20,18,26 18,18,26 27,32,38 29,33,46 24,29,37 29,29,39 23,23,33 24,22,32 31,29,37 37,28,39 59,50,61 55,55,67 40,34,41 58,47,42 102,76,51 106,74,44 33,29,38 26,22,31 20,23,32 22,22,32 21,21,31 21,21,31 21,21,31 24,24,32 110,72,35 135,91,49 120,78,40 101,72,41
19,9,13 23,13,14 23,16,14 31,19,19 27,27,27 18,18,26 64,71,94 31,36,46 35,37,53 25,30,40 22,26,39 21,24,35 28,28,40 26,29,38 39,29,33 86,77,88 73,59,72 104,66,49 42,35,45 131,80,15 123,78,32 72,44,33 59,33,21 31,31,31 22,22,32 37,44,56 32,36,49 30,33,42 118,89,58 221,153,113 21,26,34 21,26,34
22,10,15 14,9,11 24,17,15 34,28,21 16,19,28 18,18,26 66,74,94 40,48,66 22,27,35 28,33,41 21,26,34 21,24,33 32,30,40 25,30,40 45,37,43 48,36,41 102,86,99 107,88,95 44,44,54 48,28,19 151,95,61 145,96,74 126,73,46 165,100,61 29,32,39 40,44,57 32,30,42 35,35,45 35,28,42 114,78,58 52,51,68 46,49,60
27,13,15 25,11,13 28,22,15 35,29,24 18,18,26 20,18,26 56,64,84 27,27,37 26,35,46 56,69,97 61,70,93 17,25,34 66,78,100 74,80,101 82,77,93 103,86,78 120,91,85 113,70,51 107,73,55 30,30,38 130,75,19 156,89,46 173,95,47 145,100,77 26,29,38 42,46,61 33,36,47 25,33,42 22,25,36 32,39,51 32,32,44 29,29,41
23,11,13 23,11,13 29,26,13 34,28,21 18,18,28 20,18,26 39,45,62 57,80,114 55,76,113 60,84,115 56,77,112 20,25,33 66,73,96 71,80,103 78,83,107 81,79,99 85,69,52 112,70,46 153,95,62 37,39,55 43,37,44 127,67,26 141,106,91 32,37,45 26,31,39 38,42,57 33,38,46 26,29,38 44,42,54 33,35,49 38,44,61 34,39,49
23,13,17 25,21,15 29,25,15 33,33,19 18,18,26 20,18,26 21,21,31 60,81,118 47,66,97 56,75,108 30,33,44 22,25,34 36,34,42 42,36,41 47,37,38 66,64,84 76,69,81 87,74,71 137,82,53 124,80,42 46,33,41 153,93,52 54,44,48 24,24,34 23,26,33 24,29,37 25,30,38 37,34,40 35,35,45 24,29,37 26,29,40 21,26,34
19,12,10 20,19,12 28,27,18 20,18,26 20,18,26 20,18,26 20,18,26 51,73,105 54,73,106 29,31,45 27,27,37 22,22,32 25,23,31 30,28,38 41,33,39 43,32,39 47,37,36 60,47,44 88,63,46 81,60,47 128,79,41 74,55,41 175,127,102 43,47,60 29,34,44 20,25,35 20,25,33 22,27,35 22,27,35 31,36,44 37,44,58 62,49,59
27,15,15 24,18,13 29,31,16 33,32,21 43,44,34 18,18,26 18,18,26 51,70,103 51,75,106 48,57,80 29,29,39 26,24,34 34,32,42 33,31,41 33,31,39 35,31,40 41,35,40 44,37,40 64,48,42 47,37,38 72,66,71 112,77,62 132,77,48 127,76,39 70,60,64 21,26,34 37,37,47 77,54,43 70,55,44 22,27,35 102,59,40 87,60,44
13,10,14 13,10,14 16,11,13 16,16,13 12,17,13 27,29,24 33,34,24 53,70,103 54,73,106 58,74,110 39,47,67 30,28,38 38,38,38 30,28,36 31,29,39 32,32,44 32,30,38 41,37,46 30,30,38 73,80,103 86,77,92 39,35,48 58,41,33 79,49,34 92,58,38 114,68,40 102,64,45 92,61,40 47,35,37 109,78,68 104,73,54 85,59,45
13,10,14 12,9,13 16,11,13 12,12,9 11,18,16 10,17,10 11,18,13 64,71,94 54,73,106 56,74,110 48,65,96 30,30,40 38,40,25 18,20,15 23,21,17 52,65,84 51,69,95 27,31,44 51,43,49 64,70,91 60,53,65 87,75,89 80,54,44 85,53,37 75,52,37 36,26,30 95,69,48 55,36,38 88,60,47 46,45,60 21,21,33 22,25,36
13,10,14 16,13,17 13,10,14 13,10,14 13,15,12 14,16,16 8,15,8 18,20,20 57,73,109 55,76,111 54,75,110 16,28,19 18,16,14 12,9,13 16,14,12 23,25,25 28,28,38 30,28,38 27,27,37 41,33,41 48,36,41 48,35,43 59,46,43 63,46,36 61,48,58 24,23,38 43,46,64 23,21,33 18,17,32 19,21,35 29,28,43 21,21,31
13,10,14 12,9,13 13,10,14 13,10,14 13,10,14 15,15,12 10,17,12 12,19,14 28,34,35 42,44,60 28,40,36 8,20,11 11,18,13 13,11,12 14,9,11 32,29,33 30,28,38 29,27,37 25,25,35 31,31,41 33,31,39 40,31,42 50,52,68 39,42,62 21,21,31 20,18,28 20,18,28 20,18,28 20,18,28 20,18,28 20,18,28 20,18,28
13,10,14 13,10,14 13,10,14 13,10,14 13,10,14 12,9,13 11,13,10 13,15,12 10,17,12 8,18,12 11,16,12 10,17,12 18,25,23 12,10,8 34,32,40 29,29,39 29,27,37 27,27,37 26,30,45 52,62,82 20,22,36 24,24,36 21,20,35 31,28,43 29,28,43 18,18,28 20,18,28 20,18,28 20,18,28 20,18,28 20,18,28 20,18,28
12,9,13 13,10,14 13,10,14 13,10,14 13,10,14 13,10,14 13,10,14 15,15,15 13,15,12 11,18,13 11,18,13 11,18,13 35,35,43 35,35,45 32,34,48 21,20,35 17,17,29 20,20,28 21,21,31 17,17,25 18,18,26 18,18,26 20,20,28 20,18,28 18,18,28 24,24,34 20,20,28 18,18,28 20,18,28 20,18,28 20,18,28 23,21,31
13,10,14 13,10,14 13,10,14 13,10,14 13,10,14 13,10,14 13,10,14 13,10,14 12,9,13 13,15,12 13,18,17 18,24,27 40,41,62 20,20,32 20,20,28 18,18,26 18,18,28 22,20,30 22,20,30 22,20,30 20,20,28 23,23,35 18,18,26 20,20,28 20,20,28 18,18,28 20,20,28 18,18,26 22,20,30 22,20,30 20,20,28 23,21,31