10,10,10 10,10,10 10,10,10 10,10,10 10,10,10 10,10,10 10,10,10 5,5,5 15,15,15 10,10,10 6,6,6 10,10,10 10,10,10 6,6,6 8,8,8 8,8,8 10,10,10 9,9,9 11,11,11 8,8,8 15,15,15 19,19,19 16,16,16 12,12,12 11,11,11 18,18,18 11,11,11 11,11,11 9,9,9 10,10,10 11,11,11 10,10,10 10,10,10 12,12,12 0,0,0 10,10,10 10,10,10 10,10,10 10,10,10 11,11,11 15,15,15 9,9,9 0,0,0 8,8,8 9,9,9 12,12,12 5,5,5 10,10,10 10,10,10 8,8,8 13,13,13 6,6,6 10,10,10 10,10,10 10,10,10 10,10,10 221,221,221 11,11,11 10,10,10 10,10,10 10,10,10 10,10,10 10,10,10 10,10,10
10,10,10 10,10,10 10,10,10 10,10,10 10,10,10 10,10,10 8,8,8 125,125,125 93,93,93 93,93,93 10,10,10 13,13,13 173,173,173 255,255,255 9,9,9 151,151,151 0,0,0 29,29,29 45,45,45 72,72,72 46,46,46 186,186,186 246,246,246 202,202,202 115,115,115 102,102,102 137,137,137 85,85,85 25,25,25 161,161,161 207,207,207 11,11,11 10,10,10 10,10,10 10,10,10 10,10,10 10,10,10 10,10,10 0,0,0 110,110,110 37,37,37 255,255,255 136,136,136 250,250,250 0,0,0 255,255,255 255,255,255 20,20,20 253,253,253 53,53,53 201,201,201 223,223,223 102,102,102 10,10,10 10,10,10 10,10,10 10,10,10 10,10,10 10,10,10 10,10,10 10,10,10 10,10,10 10,10,10 10,10,10
10,10,10 10,10,10 10,10,10 10,10,10 10,10,10 10,10,10 10,10,10 9,9,9 11,11,11 0,0,0 8,8,8 15,15,15 6,6,6 12,12,12 9,9,9 12,12,12 16,16,16 8,8,8 0,0,0 0,0,0 10,10,10 12,12,12 4,4,4 13,13,13 6,6,6 10,10,10 6,6,6 0,0,0 11,11,11 12,12,12 9,9,9 10,10,10 10,10,10 10,10,10 10,10,10 10,10,10 10,10,10 10,10,10 9,9,9 11,11,11 4,4,4 9,9,9 10,10,10 0,0,0 9,9,9 12,12,12 0,0,0 11,11,11 9,9,9 13,13,13 0,0,0 8,8,8 9,9,9 11,11,11 9,9,9 10,10,10 10,10,10 10,10,10 10,10,10 10,10,10 10,10,10 10,10,10 10,10,10 10,10,10
10,10,10 10,10,10 10,10,10 10,10,10 10,10,10 10,10,10 10,10,10 10,10,10 10,10,10 182,182,182 30,30,30 171,171,171 249,249,249 37,37,37 48,48,48 248,248,248 17,17,17 243,243,243 13,13,13 255,255,255 0,0,0 101,101,101 124,124,124 25,25,25 208,208,208 0,0,0 0,0,0 74,74,74 9,9,9 10,10,10 10,10,10 10,10,10 10,10,10 10,10,10 10,10,10 10,10,10 2,2,2 255,255,255 0,0,0 0,0,0 114,114,114 9,9,9 0,0,0 144,144,144 0,0,0 158,158,158 0,0,0 54,54,54 114,114,114 128,128,128 0,0,0 17,17,17 67,67,67 47,47,47 20,20,20 10,10,10 10,10,10 10,10,10 10,10,10 10,10,10 10,10,10 10,10,10 10,10,10 10,10,10
10,10,10 10,10,10 10,10,10 10,10,10 10,10,10 10,10,10 10,10,10 10,10,10 248,248,248 6,6,6 6,6,6 19,19,19 19,19,19 8,8,8 13,13,13 0,0,0 255,255,255 12,12,12 15,15,15 6,6,6 5,5,5 11,11,11 24,24,24 11,11,11 234,234,234 11,11,11 15,15,15 13,13,13 159,159,159 13,13,13 10,10,10 10,10,10 10,10,10 10,10,10 193,193,193 0,0,0 8,8,8 79,79,79 15,15,15 5,5,5 6,6,6 17,17,17 255,255,255 4,4,4 11,11,11 9,9,9 11,11,11 75,75,75 32,32,32 16,16,16 16,16,16 15,15,15 23,23,23 11,11,11 0,0,0 15,15,15 2,2,2 10,10,10 10,10,10 10,10,10 10,10,10 10,10,10 10,10,10 10,10,10
10,10,10 10,10,10 10,10,10 10,10,10 10,10,10 10,10,10 10,10,10 10,10,10 202,202,202 201,201,201 164,164,164 34,34,34 173,173,173 5,5,5 5,5,5 3,3,3 220,220,220 197,197,197 217,217,217 72,72,72 204,204,204 188,188,188 48,48,48 18,18,18 18,18,18 160,160,160 135,135,135 182,182,182 138,138,138 13,13,13 10,10,10 10,10,10 10,10,10 10,10,10 193,193,193 196,196,196 137,137,137 62,62,62 80,80,80 0,0,0 2,2,2 55,55,55 175,175,175 115,115,115 150,150,150 87,87,87 103,103,103 3,3,3 122,122,122 114,114,114 132,132,132 6,6,6 58,58,58 103,103,103 166,166,166 8,8,8 201,201,201 11,11,11 10,10,10 10,10,10 10,10,10 10,10,10 10,10,10 10,10,10
10,10,10 10,10,10 10,10,10 10,10,10 10,10,10 10,10,10 10,10,10 10,10,10 10,10,10 10,10,10 0,0,0 131,131,131 183,183,183 253,253,253 0,0,0 163,163,163 192,192,192 19,19,19 146,146,146 208,208,208 72,72,72 111,111,111 107,107,107 183,183,183 218,218,218 228,228,228 16,16,16 10,10,10 10,10,10 10,10,10 10,10,10 10,10,10 10,10,10 10,10,10 11,11,11 0,0,0 178,178,178 232,232,232 0,0,0 142,142,142 13,13,13 11,11,11 255,255,255 245,245,245 32,32,32 138,138,138 215,215,215 132,132,132 255,255,255 0,0,0 211,211,211 178,178,178 8,8,8 107,107,107 8,8,8 98,98,98 11,11,11 10,10,10 10,10,10 10,10,10 10,10,10 10,10,10 10,10,10 10,10,10
10,10,10 10,10,10 10,10,10 10,10,10 10,10,10 10,10,10 10,10,10 10,10,10 10,10,10 10,10,10 11,11,11 12,12,12 18,18,18 9,9,9 10,10,10 24,24,24 0,0,0 12,12,12 16,16,16 0,0,0 0,0,0 11,11,11 16,16,16 10,10,10 8,8,8 5,5,5 39,39,39 10,10,10 10,10,10 10,10,10 10,10,10 10,10,10 10,10,10 10,10,10 10,10,10 9,9,9 16,16,16 20,20,20 5,5,5 8,8,8 11,11,11 11,11,11 25,25,25 12,12,12 13,13,13 9,9,9 11,11,11 10,10,10 11,11,11 17,17,17 8,8,8 17,17,17 12,12,12 12,12,12 13,13,13 171,171,171 10,10,10 10,10,10 10,10,10 10,10,10 10,10,10 10,10,10 10,10,10 10,10,10
10,10,10 10,10,10 10,10,10 10,10,10 10,10,10 10,10,10 10,10,10 10,10,10 10,10,10 10,10,10 10,10,10 10,10,10 10,10,10 11,11,11 10,10,10 25,25,25 6,6,6 22,22,22 231,231,231 166,166,166 188,188,188 227,227,227 82,82,82 10,10,10 10,10,10 10,10,10 10,10,10 10,10,10 10,10,10 10,10,10 10,10,10 10,10,10 10,10,10 10,10,10 10,10,10 10,10,10 133,133,133 52,52,52 15,15,15 16,16,16 244,244,244 228,228,228 5,5,5 1,1,1 0,0,0 45,45,45 172,172,172 33,33,33 180,180,180 0,0,0 144,144,144 154,154,154 161,161,161 0,0,0 17,17,17 11,11,11 10,10,10 10,10,10 10,10,10 10,10,10 10,10,10 10,10,10 10,10,10 10,10,10
10,10,10 10,10,10 10,10,10 10,10,10 10,10,10 10,10,10 10,10,10 6,6,6 0,0,0 2,2,2 101,101,101 10,10,10 9,9,9 117,117,117 17,17,17 5,5,5 10,10,10 93,93,93 10,10,10 15,15,15 11,11,11 85,85,85 89,89,89 81,81,81 15,15,15 55,55,55 64,64,64 13,13,13 11,11,11 5,5,5 19,19,19 10,10,10 10,10,10 10,10,10 10,10,10 10,10,10 10,10,10 10,10,10 10,10,10 10,10,10 10,10,10 11,11,11 11,11,11 10,10,10 10,10,10 11,11,11 10,10,10 10,10,10 10,10,10 10,10,10 10,10,10 10,10,10 10,10,10 10,10,10 11,11,11 10,10,10 10,10,10 10,10,10 10,10,10 10,10,10 10,10,10 10,10,10 10,10,10 10,10,10
10,10,10 10,10,10 10,10,10 10,10,10 10,10,10 10,10,10 88,88,88 245,245,245 0,0,0 0,0,0 255,255,255 164,164,164 152,152,152 196,196,196 255,255,255 89,89,89 112,112,112 117,117,117 0,0,0 223,223,223 19,19,19 72,72,72 253,253,253 255,255,255 27,27,27 237,237,237 245,245,245 215,215,215 32,32,32 0,0,0 17,17,17 10,10,10 10,10,10 10,10,10 10,10,10 10,10,10 10,10,10 10,10,10 10,10,10 10,10,10 10,10,10 10,10,10 10,10,10 10,10,10 10,10,10 10,10,10 10,10,10 10,10,10 10,10,10 10,10,10 10,10,10 10,10,10 10,10,10 10,10,10 10,10,10 10,10,10 10,10,10 10,10,10 10,10,10 10,10,10 10,10,10 10,10,10 10,10,10 10,10,10
10,10,10 10,10,10 10,10,10 10,10,10 10,10,10 10,10,10 10,10,10 10,10,10 10,10,10 10,10,10 10,10,10 10,10,10 10,10,10 10,10,10 10,10,10 10,10,10 10,10,10 10,10,10 10,10,10 10,10,10 10,10,10 10,10,10 10,10,10 10,10,10 10,10,10 10,10,10 10,10,10 10,10,10 10,10,10 10,10,10 10,10,10 10,10,10 10,10,10 10,10,10 10,10,10 10,10,10 10,10,10 10,10,10 10,10,10 10,10,10 10,10,10 10,10,10 10,10,10 10,10,10 10,10,10 10,10,10 10,10,10 10,10,10 10,10,10 10,10,10 10,10,10 10,10,10 10,10,10 10,10,10 10,10,10 10,10,10 10,10,10 10,10,10 10,10,10 10,10,10 10,10,10 10,10,10 10,10,10 10,10,10
10,10,10 10,10,10 10,10,10 10,10,10 10,10,10 10,10,10 10,10,10 10,10,10 10,10,10 10,10,10 10,10,10 10,10,10 10,10,10 10,10,10 10,10,10 10,10,10 10,10,10 10,10,10 10,10,10 10,10,10 10,10,10 10,10,10 10,10,10 10,10,10 10,10,10 10,10,10 10,10,10 10,10,10 10,10,10 10,10,10 10,10,10 10,10,10 10,10,10 10,10,10 10,10,10 10,10,10 10,10,10 10,10,10 10,10,10 10,10,10 10,10,10 10,10,10 10,10,10 10,10,10 10,10,10 10,10,10 10,10,10 10,10,10 10,10,10 10,10,10 10,10,10 10,10,10 10,10,10 10,10,10 10,10,10 10,10,10 10,10,10 10,10,10 10,10,10 10,10,10 10,10,10 10,10,10 10,10,10 10,10,10
10,10,10 10,10,10 10,10,10 10,10,10 10,10,10 10,10,10 10,10,10 10,10,10 8,8,8 23,23,23 0,0,0 10,10,10 12,12,12 52,52,52 12,12,12 19,19,19 255,255,255 11,11,11 16,16,16 0,0,0 255,255,255 11,11,11 250,250,250 16,16,16 6,6,6 10,10,10 12,12,12 17,17,17 20,20,20 9,9,9 12,12,12 255,255,255 5,5,5 0,0,0 25,25,25 0,0,0 246,246,246 170,170,170 5,5,5 13,13,13 17,17,17 255,255,255 20,20,20 11,11,11 160,160,160 15,15,15 0,0,0 2,2,2 10,10,10 153,153,153 4,4,4 11,11,11 5,5,5 5,5,5 27,27,27 16,16,16 10,10,10 10,10,10 10,10,10 10,10,10 10,10,10 10,10,10 10,10,10 10,10,10
10,10,10 10,10,10 10,10,10 10,10,10 10,10,10 10,10,10 10,10,10 93,93,93 201,201,201 97,97,97 0,0,0 82,82,82 125,125,125 121,121,121 111,111,111 150,150,150 255,255,255 15,15,15 47,47,47 8,8,8 255,255,255 11,11,11 251,251,251 253,253,253 255,255,255 26,26,26 90,90,90 200,200,200 174,174,174 107,107,107 13,13,13 182,182,182 232,232,232 107,107,107 248,248,248 255,255,255 255,255,255 176,176,176 104,104,104 255,255,255 250,250,250 255,255,255 242,242,242 208,208,208 170,170,170 224,224,224 152,152,152 174,174,174 18,18,18 124,124,124 199,199,199 211,211,211 214,214,214 19,19,19 59,59,59 85,85,85 10,10,10 10,10,10 10,10,10 10,10,10 10,10,10 10,10,10 10,10,10 10,10,10
10,10,10 10,10,10 10,10,10 10,10,10 10,10,10 10,10,10 10,10,10 10,10,10 10,10,10 10,10,10 10,10,10 10,10,10 10,10,10 10,10,10 10,10,10 10,10,10 10,10,10 10,10,10 10,10,10 10,10,10 10,10,10 10,10,10 10,10,10 10,10,10 10,10,10 10,10,10 10,10,10 10,10,10 10,10,10 10,10,10 10,10,10 10,10,10 10,10,10 10,10,10 10,10,10 10,10,10 10,10,10 10,10,10 10,10,10 10,10,10 10,10,10 10,10,10 10,10,10 10,10,10 10,10,10 10,10,10 10,10,10 10,10,10 10,10,10 10,10,10 10,10,10 10,10,10 10,10,10 10,10,10 10,10,10 10,10,10 10,10,10 10,10,10 10,10,10 10,10,10 10,10,10 10,10,10 10,10,10 10,10,10
10,10,10 10,10,10 10,10,10 10,10,10 10,10,10 10,10,10 10,10,10 10,10,10 10,10,10 10,10,10 10,10,10 10,10,10 10,10,10 10,10,10 10,10,10 10,10,10 10,10,10 10,10,10 10,10,10 10,10,10 10,10,10 10,10,10 10,10,10 10,10,10 10,10,10 10,10,10 10,10,10 10,10,10 10,10,10 10,10,10 10,10,10 10,10,10 10,10,10 10,10,10 10,10,10 10,10,10 10,10,10 10,10,10 10,10,10 10,10,10 10,10,10 10,10,10 10,10,10 10,10,10 10,10,10 10,10,10 10,10,10 10,10,10 10,10,10 10,10,10 10,10,10 10,10,10 10,10,10 10,10,10 10,10,10 10,10,10 10,10,10 10,10,10 10,10,10 10,10,10 10,10,10 10,10,10 10,10,10 10,10,10
10,10,10 10,10,10 10,10,10 10,10,10 10,10,10 10,10,10 10,10,10 10,10,10 10,10,10 10,10,10 10,10,10 10,10,10 10,10,10 10,10,10 10,10,10 10,10,10 10,10,10 10,10,10 10,10,10 10,10,10 10,10,10 10,10,10 10,10,10 10,10,10 10,10,10 10,10,10 10,10,10 10,10,10 10,10,10 10,10,10 10,10,10 10,10,10 10,10,10 10,10,10 10,10,10 10,10,10 10,10,10 10,10,10 10,10,10 10,10,10 10,10,10 10,10,10 9,9,9 10,10,10 9,9,9 10,10,10 10,10,10 8,8,8 10,10,10 10,10,10 10,10,10 9,9,9 10,10,10 10,10,10 10,10,10 10,10,10 10,10,10 10,10,10 10,10,10 10,10,10 10,10,10 10,10,10 10,10,10 10,10,10
10,10,10 10,10,10 10,10,10 10,10,10 10,10,10 10,10,10 10,10,10 10,10,10 10,10,10 10,10,10 10,10,10 10,10,10 11,11,11 9,9,9 10,10,10 10,10,10 11,11,11 10,10,10 10,10,10 10,10,10 10,10,10 10,10,10 10,10,10 11,11,11 10,10,10 9,9,9 10,10,10 10,10,10 9,9,9 10,10,10 10,10,10 10,10,10 10,10,10 10,10,10 10,10,10 10,10,10 10,10,10 10,10,10 10,10,10 10,10,10 10,10,10 10,10,10 220,220,220 253,253,253 0,0,0 255,255,255 255,255,255 248,248,248 253,253,253 251,251,251 252,252,252 16,16,16 10,10,10 10,10,10 10,10,10 10,10,10 10,10,10 10,10,10 10,10,10 10,10,10 10,10,10 10,10,10 10,10,10 10,10,10
10,10,10 10,10,10 10,10,10 10,10,10 10,10,10 10,10,10 10,10,10 10,10,10 10,10,10 10,10,10 10,10,10 10,10,10 217,217,217 143,143,143 171,171,171 62,62,62 33,33,33 72,72,72 12,12,12 178,178,178 239,239,239 159,159,159 75,75,75 0,0,0 139,139,139 23,23,23 217,217,217 76,76,76 12,12,12 10,10,10 10,10,10 10,10,10 10,10,10 10,10,10 10,10,10 10,10,10 10,10,10 10,10,10 10,10,10 10,10,10 10,10,10 10,10,10 220,220,220 0,0,0 9,9,9 12,12,12 18,18,18 5,5,5 0,0,0 255,255,255 255,255,255 16,16,16 10,10,10 10,10,10 10,10,10 10,10,10 10,10,10 10,10,10 10,10,10 10,10,10 10,10,10 10,10,10 10,10,10 10,10,10
10,10,10 10,10,10 10,10,10 10,10,10 10,10,10 10,10,10 10,10,10 10,10,10 10,10,10 10,10,10 10,10,10 10,10,10 11,11,11 12,12,12 8,8,8 15,15,15 5,5,5 0,0,0 12,12,12 10,10,10 11,11,11 10,10,10 10,10,10 12,12,12 12,12,12 11,11,11 8,8,8 9,9,9 10,10,10 10,10,10 10,10,10 10,10,10 10,10,10 10,10,10 10,10,10 10,10,10 10,10,10 10,10,10 10,10,10 10,10,10 10,10,10 10,10,10 220,220,220 44,44,44 57,57,57 166,166,166 255,255,255 17,17,17 17,17,17 145,145,145 253,253,253 16,16,16 10,10,10 10,10,10 10,10,10 10,10,10 10,10,10 10,10,10 10,10,10 10,10,10 10,10,10 10,10,10 10,10,10 10,10,10
10,10,10 10,10,10 10,10,10 10,10,10 10,10,10 10,10,10 10,10,10 10,10,10 10,10,10 10,10,10 10,10,10 10,10,10 10,10,10 10,10,10 10,10,10 10,10,10 10,10,10 10,10,10 10,10,10 10,10,10 10,10,10 10,10,10 10,10,10 10,10,10 10,10,10 10,10,10 10,10,10 10,10,10 10,10,10 10,10,10 10,10,10 10,10,10 10,10,10 10,10,10 10,10,10 10,10,10 10,10,10 10,10,10 10,10,10 10,10,10 10,10,10 10,10,10 27,27,27 22,22,22 16,16,16 17,17,17 23,23,23 17,17,17 22,22,22 17,17,17 23,23,23 12,12,12 10,10,10 10,10,10 10,10,10 10,10,10 10,10,10 10,10,10 10,10,10 10,10,10 10,10,10 10,10,10 10,10,10 10,10,10
10,10,10 10,10,10 10,10,10 10,10,10 10,10,10 10,10,10 10,10,10 10,10,10 10,10,10 10,10,10 10,10,10 10,10,10 10,10,10 10,10,10 10,10,10 10,10,10 10,10,10 10,10,10 10,10,10 10,10,10 10,10,10 10,10,10 10,10,10 10,10,10 10,10,10 10,10,10 10,10,10 10,10,10 10,10,10 10,10,10 10,10,10 10,10,10 10,10,10 10,10,10 10,10,10 10,10,10 10,10,10 10,10,10 10,10,10 10,10,10 10,10,10 10,10,10 10,10,10 10,10,10 10,10,10 10,10,10 10,10,10 10,10,10 10,10,10 10,10,10 10,10,10 10,10,10 10,10,10 10,10,10 10,10,10 10,10,10 10,10,10 10,10,10 10,10,10 10,10,10 10,10,10 10,10,10 10,10,10 10,10,10
10,10,10 10,10,10 10,10,10 10,10,10 10,10,10 10,10,10 10,10,10 10,10,10 10,10,10 10,10,10 10,10,10 10,10,10 10,10,10 10,10,10 10,10,10 10,10,10 10,10,10 10,10,10 10,10,10 10,10,10 10,10,10 10,10,10 10,10,10 10,10,10 10,10,10 10,10,10 11,11,11 137,137,137 132,132,132 114,114,114 128,128,128 121,121,121 131,131,131 131,131,131 15,15,15 10,10,10 10,10,10 10,10,10 10,10,10 10,10,10 10,10,10 10,10,10 10,10,10 10,10,10 10,10,10 10,10,10 10,10,10 10,10,10 10,10,10 10,10,10 10,10,10 10,10,10 10,10,10 10,10,10 10,10,10 10,10,10 10,10,10 10,10,10 10,10,10 10,10,10 10,10,10 10,10,10 10,10,10 10,10,10
10,10,10 10,10,10 10,10,10 10,10,10 10,10,10 10,10,10 10,10,10 11,11,11 9,9,9 10,10,10 10,10,10 10,10,10 10,10,10 11,11,11 11,11,11 10,10,10 10,10,10 11,11,11 10,10,10 10,10,10 10,10,10 10,10,10 10,10,10 10,10,10 10,10,10 10,10,10 11,11,11 190,190,190 187,187,187 190,190,190 174,174,174 187,187,187 181,181,181 237,237,237 10,10,10 10,10,10 10,10,10 10,10,10 10,10,10 10,10,10 10,10,10 10,10,10 10,10,10 10,10,10 10,10,10 10,10,10 10,10,10 10,10,10 10,10,10 10,10,10 10,10,10 10,10,10 10,10,10 10,10,10 10,10,10 10,10,10 10,10,10 10,10,10 10,10,10 10,10,10 10,10,10 10,10,10 10,10,10 10,10,10
10,10,10 10,10,10 10,10,10 10,10,10 10,10,10 10,10,10 10,10,10 239,239,239 255,255,255 255,255,255 255,255,255 255,255,255 255,255,255 255,255,255 255,255,255 255,255,255 255,255,255 6,6,6 10,10,10 10,10,10 10,10,10 10,10,10 10,10,10 10,10,10 10,10,10 10,10,10 11,11,11 10,10,10 11,11,11 243,243,243 255,255,255 11,11,11 18,18,18 239,239,239 11,11,11 10,10,10 10,10,10 10,10,10 10,10,10 10,10,10 10,10,10 10,10,10 10,10,10 10,10,10 10,10,10 10,10,10 10,10,10 10,10,10 10,10,10 10,10,10 10,10,10 10,10,10 10,10,10 10,10,10 10,10,10 10,10,10 10,10,10 10,10,10 10,10,10 10,10,10 10,10,10 10,10,10 10,10,10 10,10,10
10,10,10 10,10,10 10,10,10 10,10,10 10,10,10 10,10,10 10,10,10 242,242,242 253,253,253 217,217,217 2,2,2 255,255,255 20,20,20 2,2,2 6,6,6 255,255,255 161,161,161 6,6,6 10,10,10 10,10,10 10,10,10 10,10,10 10,10,10 10,10,10 10,10,10 10,10,10 11,11,11 10,10,10 255,255,255 249,249,249 253,253,253 24,24,24 255,255,255 243,243,243 13,13,13 10,10,10 10,10,10 10,10,10 10,10,10 10,10,10 10,10,10 10,10,10 10,10,10 10,10,10 251,251,251 3,3,3 10,10,10 119,119,119 93,93,93 255,255,255 255,255,255 244,244,244 246,246,246 147,147,147 246,246,246 255,255,255 255,255,255 9,9,9 10,10,10 10,10,10 10,10,10 10,10,10 10,10,10 10,10,10
10,10,10 10,10,10 10,10,10 10,10,10 10,10,10 10,10,10 10,10,10 231,231,231 255,255,255 255,255,255 253,253,253 255,255,255 255,255,255 255,255,255 255,255,255 255,255,255 255,255,255 5,5,5 10,10,10 10,10,10 10,10,10 10,10,10 10,10,10 10,10,10 10,10,10 10,10,10 11,11,11 255,255,255 255,255,255 255,255,255 255,255,255 255,255,255 248,248,248 251,251,251 13,13,13 10,10,10 10,10,10 10,10,10 10,10,10 10,10,10 10,10,10 10,10,10 10,10,10 10,10,10 238,238,238 250,250,250 252,252,252 126,126,126 25,25,25 158,158,158 255,255,255 255,255,255 231,231,231 245,245,245 252,252,252 252,252,252 255,255,255 8,8,8 10,10,10 10,10,10 10,10,10 10,10,10 10,10,10 10,10,10
10,10,10 10,10,10 10,10,10 10,10,10 10,10,10 10,10,10 10,10,10 243,243,243 255,255,255 255,255,255 245,245,245 255,255,255 255,255,255 255,255,255 255,255,255 255,255,255 255,255,255 5,5,5 10,10,10 10,10,10 10,10,10 10,10,10 10,10,10 10,10,10 10,10,10 10,10,10 11,11,11 232,232,232 251,251,251 255,255,255 255,255,255 255,255,255 231,231,231 251,251,251 13,13,13 10,10,10 10,10,10 10,10,10 10,10,10 10,10,10 10,10,10 10,10,10 10,10,10 10,10,10 0,0,0 243,243,243 0,0,0 104,104,104 27,27,27 6,6,6 255,255,255 111,111,111 78,78,78 245,245,245 98,98,98 255,255,255 151,151,151 6,6,6 10,10,10 10,10,10 10,10,10 10,10,10 10,10,10 10,10,10
10,10,10 10,10,10 10,10,10 10,10,10 10,10,10 10,10,10 10,10,10 181,181,181 203,203,203 195,195,195 195,195,195 189,189,189 196,196,196 193,193,193 190,190,190 193,193,193 199,199,199 20,20,20 10,10,10 10,10,10 10,10,10 10,10,10 10,10,10 10,10,10 10,10,10 10,10,10 10,10,10 37,37,37 36,36,36 34,34,34 20,20,20 34,34,34 31,31,31 31,31,31 11,11,11 10,10,10 10,10,10 10,10,10 10,10,10 10,10,10 10,10,10 10,10,10 10,10,10 11,11,11 86,86,86 83,83,83 94,94,94 86,86,86 90,90,90 91,91,91 87,87,87 80,80,80 74,74,74 81,81,81 86,86,86 82,82,82 101,101,101 9,9,9 10,10,10 10,10,10 10,10,10 10,10,10 10,10,10 10,10,10
10,10,10 10,10,10 10,10,10 10,10,10 10,10,10 10,10,10 10,10,10 10,10,10 10,10,10 10,10,10 10,10,10 10,10,10 10,10,10 10,10,10 10,10,10 10,10,10 10,10,10 10,10,10 10,10,10 10,10,10 10,10,10 10,10,10 10,10,10 10,10,10 10,10,10 10,10,10 10,10,10 10,10,10 10,10,10 10,10,10 10,10,10 10,10,10 10,10,10 10,10,10 10,10,10 10,10,10 10,10,10 10,10,10 10,10,10 10,10,10 10,10,10 10,10,10 10,10,10 10,10,10 10,10,10 10,10,10 10,10,10 10,10,10 10,10,10 10,10,10 10,10,10 10,10,10 10,10,10 10,10,10 10,10,10 10,10,10 10,10,10 10,10,10 10,10,10 10,10,10 10,10,10 10,10,10 10,10,10 10,10,10
10,10,10 10,10,10 10,10,10 10,10,10 10,10,10 10,10,10 10,10,10 10,10,10 10,10,10 10,10,10 10,10,10 10,10,10 10,10,10 10,10,10 10,10,10 10,10,10 10,10,10 10,10,10 10,10,10 10,10,10 10,10,10 10,10,10 10,10,10 10,10,10 10,10,10 10,10,10 10,10,10 10,10,10 10,10,10 10,10,10 10,10,10 10,10,10 10,10,10 10,10,10 10,10,10 10,10,10 10,10,10 10,10,10 10,10,10 10,10,10 10,10,10 10,10,10 10,10,10 10,10,10 10,10,10 10,10,10 10,10,10 10,10,10 10,10,10 10,10,10 10,10,10 10,10,10 10,10,10 10,10,10 10,10,10 10,10,10 10,10,10 10,10,10 10,10,10 10,10,10 10,10,10 10,10,10 10,10,10 10,10,10
10,10,10 10,10,10 10,10,10 10,10,10 10,10,10 10,10,10 10,10,10 10,10,10 10,10,10 10,10,10 10,10,10 10,10,10 10,10,10 10,10,10 10,10,10 10,10,10 11,11,11 6,6,6 10,10,10 11,11,11 11,11,11 15,15,15 9,9,9 9,9,9 12,12,12 10,10,10 10,10,10 10,10,10 10,10,10 10,10,10 10,10,10 10,10,10 10,10,10 10,10,10 10,10,10 10,10,10 10,10,10 10,10,10 10,10,10 10,10,10 10,10,10 10,10,10 10,10,10 10,10,10 10,10,10 10,10,10 10,10,10 10,10,10 10,10,10 10,10,10 10,10,10 10,10,10 10,10,10 10,10,10 10,10,10 10,10,10 10,10,10 10,10,10 10,10,10 10,10,10 10,10,10 10,10,10 10,10,10 10,10,10
10,10,10 10,10,10 10,10,10 10,10,10 10,10,10 10,10,10 10,10,10 10,10,10 10,10,10 10,10,10 10,10,10 10,10,10 10,10,10 11,11,11 11,11,11 10,10,10 76,76,76 5,5,5 3,3,3 55,55,55 95,95,95 19,19,19 102,102,102 47,47,47 12,12,12 11,11,11 11,11,11 10,10,10 10,10,10 10,10,10 10,10,10 10,10,10 10,10,10 10,10,10 10,10,10 10,10,10 10,10,10 10,10,10 10,10,10 10,10,10 10,10,10 10,10,10 10,10,10 10,10,10 10,10,10 11,11,11 10,10,10 10,10,10 10,10,10 10,10,10 10,10,10 10,10,10 10,10,10 10,10,10 10,10,10 10,10,10 10,10,10 10,10,10 10,10,10 10,10,10 10,10,10 10,10,10 10,10,10 10,10,10
10,10,10 10,10,10 10,10,10 10,10,10 10,10,10 10,10,10 10,10,10 10,10,10 10,10,10 10,10,10 10,10,10 10,10,10 10,10,10 251,251,251 250,250,250 253,253,253 255,255,255 44,44,44 12,12,12 0,0,0 2,2,2 10,10,10 18,18,18 255,255,255 252,252,252 250,250,250 248,248,248 8,8,8 10,10,10 10,10,10 10,10,10 10,10,10 10,10,10 10,10,10 10,10,10 10,10,10 10,10,10 10,10,10 10,10,10 10,10,10 10,10,10 10,10,10 192,192,192 217,217,217 225,225,225 118,118,118 147,147,147 187,187,187 135,135,135 125,125,125 15,15,15 10,10,10 10,10,10 10,10,10 10,10,10 10,10,10 10,10,10 10,10,10 10,10,10 10,10,10 10,10,10 10,10,10 10,10,10 10,10,10
10,10,10 10,10,10 10,10,10 10,10,10 10,10,10 10,10,10 10,10,10 10,10,10 10,10,10 10,10,10 10,10,10 10,10,10 10,10,10 255,255,255 71,71,71 255,255,255 46,46,46 242,242,242 208,208,208 74,74,74 227,227,227 52,52,52 255,255,255 115,115,115 255,255,255 13,13,13 255,255,255 8,8,8 10,10,10 10,10,10 10,10,10 10,10,10 10,10,10 10,10,10 10,10,10 10,10,10 10,10,10 10,10,10 10,10,10 10,10,10 10,10,10 10,10,10 253,253,253 255,255,255 255,255,255 255,255,255 255,255,255 255,255,255 249,249,249 255,255,255 27,27,27 10,10,10 10,10,10 10,10,10 10,10,10 10,10,10 10,10,10 10,10,10 10,10,10 10,10,10 10,10,10 10,10,10 10,10,10 10,10,10