10,10,10 10,10,10 10,10,10 10,10,10 10,10,10 10,10,10 10,10,10 10,10,10 10,10,10 10,10,10 10,10,10 10,10,10 10,10,10 10,10,10 10,10,10 10,10,10 10,10,10 10,10,10 10,10,10 10,10,10 10,10,10 218,218,218 22,22,22 17,17,17 10,10,10 19,19,19 2,2,2 15,15,15 10,10,10 13,13,13 17,17,17 10,10,10 11,11,11 11,11,11 223,223,223 5,5,5 20,20,20 12,12,12 12,12,12 6,6,6 27,27,27 216,216,216 0,0,0 0,0,0 11,11,11 10,10,10 10,10,10 10,10,10 10,10,10 10,10,10 10,10,10 10,10,10 10,10,10 10,10,10 10,10,10 10,10,10 10,10,10 10,10,10 10,10,10 10,10,10 10,10,10 10,10,10 10,10,10 10,10,10
10,10,10 10,10,10 10,10,10 10,10,10 10,10,10 10,10,10 10,10,10 10,10,10 10,10,10 10,10,10 10,10,10 10,10,10 10,10,10 10,10,10 10,10,10 10,10,10 10,10,10 10,10,10 10,10,10 10,10,10 11,11,11 238,238,238 249,249,249 16,16,16 0,0,0 0,0,0 0,0,0 100,100,100 0,0,0 0,0,0 2,2,2 11,11,11 11,11,11 10,10,10 0,0,0 0,0,0 5,5,5 12,12,12 34,34,34 13,13,13 112,112,112 0,0,0 0,0,0 0,0,0 18,18,18 10,10,10 10,10,10 10,10,10 10,10,10 10,10,10 10,10,10 10,10,10 10,10,10 10,10,10 10,10,10 10,10,10 10,10,10 10,10,10 10,10,10 10,10,10 10,10,10 10,10,10 10,10,10 10,10,10
10,10,10 10,10,10 10,10,10 10,10,10 10,10,10 10,10,10 10,10,10 10,10,10 10,10,10 10,10,10 10,10,10 10,10,10 10,10,10 10,10,10 10,10,10 10,10,10 10,10,10 10,10,10 10,10,10 10,10,10 11,11,11 26,26,26 6,6,6 10,10,10 10,10,10 4,4,4 16,16,16 4,4,4 12,12,12 1,1,1 8,8,8 11,11,11 11,11,11 11,11,11 5,5,5 10,10,10 12,12,12 9,9,9 11,11,11 8,8,8 39,39,39 4,4,4 45,45,45 4,4,4 10,10,10 10,10,10 10,10,10 10,10,10 10,10,10 10,10,10 10,10,10 10,10,10 10,10,10 10,10,10 10,10,10 10,10,10 10,10,10 10,10,10 10,10,10 10,10,10 10,10,10 10,10,10 10,10,10 10,10,10
10,10,10 10,10,10 10,10,10 10,10,10 10,10,10 10,10,10 10,10,10 10,10,10 10,10,10 10,10,10 10,10,10 10,10,10 10,10,10 10,10,10 10,10,10 10,10,10 10,10,10 10,10,10 10,10,10 10,10,10 102,102,102 241,241,241 15,15,15 5,5,5 87,87,87 47,47,47 15,15,15 18,18,18 132,132,132 0,0,0 4,4,4 13,13,13 11,11,11 11,11,11 6,6,6 48,48,48 17,17,17 2,2,2 12,12,12 11,11,11 0,0,0 230,230,230 45,45,45 0,0,0 10,10,10 10,10,10 10,10,10 10,10,10 10,10,10 10,10,10 10,10,10 10,10,10 10,10,10 10,10,10 10,10,10 10,10,10 10,10,10 10,10,10 10,10,10 10,10,10 10,10,10 10,10,10 10,10,10 10,10,10
10,10,10 10,10,10 10,10,10 10,10,10 10,10,10 10,10,10 10,10,10 10,10,10 10,10,10 10,10,10 10,10,10 10,10,10 10,10,10 10,10,10 10,10,10 10,10,10 10,10,10 10,10,10 10,10,10 10,10,10 10,10,10 0,0,0 5,5,5 10,10,10 9,9,9 0,0,0 8,8,8 10,10,10 10,10,10 9,9,9 6,6,6 11,11,11 11,11,11 11,11,11 12,12,12 9,9,9 10,10,10 11,11,11 18,18,18 0,0,0 10,10,10 12,12,12 4,4,4 11,11,11 10,10,10 10,10,10 10,10,10 10,10,10 10,10,10 10,10,10 10,10,10 10,10,10 10,10,10 10,10,10 10,10,10 10,10,10 10,10,10 10,10,10 10,10,10 10,10,10 10,10,10 10,10,10 10,10,10 10,10,10
10,10,10 10,10,10 10,10,10 10,10,10 10,10,10 10,10,10 10,10,10 10,10,10 10,10,10 10,10,10 10,10,10 10,10,10 10,10,10 10,10,10 10,10,10 10,10,10 10,10,10 10,10,10 10,10,10 10,10,10 0,0,0 8,8,8 182,182,182 15,15,15 10,10,10 208,208,208 246,246,246 221,221,221 68,68,68 19,19,19 6,6,6 9,9,9 11,11,11 11,11,11 2,2,2 40,40,40 242,242,242 121,121,121 10,10,10 20,20,20 237,237,237 12,12,12 0,0,0 159,159,159 144,144,144 9,9,9 10,10,10 10,10,10 10,10,10 10,10,10 10,10,10 10,10,10 10,10,10 10,10,10 10,10,10 10,10,10 10,10,10 10,10,10 10,10,10 10,10,10 10,10,10 10,10,10 10,10,10 10,10,10
10,10,10 10,10,10 10,10,10 10,10,10 10,10,10 10,10,10 10,10,10 10,10,10 10,10,10 10,10,10 10,10,10 10,10,10 10,10,10 10,10,10 10,10,10 10,10,10 10,10,10 10,10,10 10,10,10 10,10,10 10,10,10 10,10,10 11,11,11 4,4,4 16,16,16 11,11,11 11,11,11 11,11,11 11,11,11 12,12,12 13,13,13 11,11,11 11,11,11 11,11,11 10,10,10 12,12,12 13,13,13 10,10,10 10,10,10 10,10,10 10,10,10 18,18,18 13,13,13 11,11,11 11,11,11 10,10,10 10,10,10 10,10,10 10,10,10 10,10,10 10,10,10 10,10,10 10,10,10 10,10,10 10,10,10 10,10,10 10,10,10 10,10,10 10,10,10 10,10,10 10,10,10 10,10,10 10,10,10 10,10,10
10,10,10 10,10,10 10,10,10 10,10,10 10,10,10 10,10,10 10,10,10 10,10,10 10,10,10 10,10,10 10,10,10 10,10,10 10,10,10 10,10,10 10,10,10 10,10,10 10,10,10 10,10,10 10,10,10 10,10,10 10,10,10 9,9,9 4,4,4 126,126,126 199,199,199 250,250,250 255,255,255 12,12,12 2,2,2 48,48,48 0,0,0 12,12,12 11,11,11 11,11,11 93,93,93 16,16,16 0,0,0 245,245,245 24,24,24 0,0,0 11,11,11 1,1,1 255,255,255 0,0,0 37,37,37 150,150,150 0,0,0 133,133,133 228,228,228 182,182,182 10,10,10 10,10,10 10,10,10 10,10,10 10,10,10 10,10,10 10,10,10 10,10,10 10,10,10 10,10,10 10,10,10 10,10,10 10,10,10 10,10,10
10,10,10 10,10,10 10,10,10 10,10,10 10,10,10 10,10,10 10,10,10 10,10,10 10,10,10 10,10,10 10,10,10 10,10,10 10,10,10 10,10,10 10,10,10 10,10,10 10,10,10 10,10,10 10,10,10 10,10,10 10,10,10 10,10,10 4,4,4 9,9,9 8,8,8 11,11,11 9,9,9 11,11,11 11,11,11 10,10,10 9,9,9 10,10,10 10,10,10 10,10,10 6,6,6 8,8,8 10,10,10 10,10,10 12,12,12 9,9,9 12,12,12 5,5,5 54,54,54 26,26,26 10,10,10 15,15,15 10,10,10 11,11,11 11,11,11 10,10,10 10,10,10 10,10,10 10,10,10 10,10,10 10,10,10 10,10,10 10,10,10 10,10,10 10,10,10 10,10,10 10,10,10 10,10,10 10,10,10 10,10,10
10,10,10 10,10,10 10,10,10 10,10,10 10,10,10 10,10,10 10,10,10 10,10,10 10,10,10 10,10,10 10,10,10 10,10,10 10,10,10 10,10,10 10,10,10 10,10,10 10,10,10 10,10,10 10,10,10 10,10,10 10,10,10 10,10,10 10,10,10 10,10,10 10,10,10 10,10,10 10,10,10 10,10,10 10,10,10 10,10,10 10,10,10 10,10,10 10,10,10 10,10,10 10,10,10 10,10,10 10,10,10 10,10,10 10,10,10 10,10,10 10,10,10 10,10,10 10,10,10 10,10,10 10,10,10 10,10,10 10,10,10 10,10,10 10,10,10 10,10,10 10,10,10 10,10,10 10,10,10 10,10,10 10,10,10 10,10,10 10,10,10 10,10,10 10,10,10 10,10,10 10,10,10 10,10,10 10,10,10 10,10,10
10,10,10 10,10,10 10,10,10 10,10,10 10,10,10 10,10,10 10,10,10 10,10,10 10,10,10 10,10,10 10,10,10 10,10,10 10,10,10 10,10,10 10,10,10 10,10,10 10,10,10 10,10,10 10,10,10 10,10,10 10,10,10 10,10,10 10,10,10 10,10,10 10,10,10 10,10,10 10,10,10 10,10,10 10,10,10 10,10,10 10,10,10 10,10,10 10,10,10 10,10,10 10,10,10 10,10,10 10,10,10 10,10,10 10,10,10 10,10,10 10,10,10 10,10,10 10,10,10 10,10,10 10,10,10 10,10,10 10,10,10 10,10,10 10,10,10 10,10,10 10,10,10 10,10,10 10,10,10 10,10,10 10,10,10 10,10,10 10,10,10 10,10,10 10,10,10 10,10,10 10,10,10 10,10,10 10,10,10 10,10,10
10,10,10 10,10,10 10,10,10 10,10,10 10,10,10 10,10,10 10,10,10 10,10,10 10,10,10 10,10,10 10,10,10 10,10,10 10,10,10 10,10,10 10,10,10 10,10,10 10,10,10 10,10,10 10,10,10 10,10,10 10,10,10 10,10,10 10,10,10 10,10,10 10,10,10 10,10,10 10,10,10 10,10,10 10,10,10 10,10,10 189,181,170 48,38,28 84,73,56 209,187,120 67,60,70 10,9,12 10,10,10 10,10,10 10,10,10 10,10,10 10,10,10 10,10,10 10,10,10 10,10,10 10,10,10 10,10,10 10,10,10 10,10,10 10,10,10 10,10,10 10,10,10 10,10,10 10,10,10 10,10,10 10,10,10 10,10,10 10,10,10 10,10,10 10,10,10 10,10,10 10,10,10 10,10,10 10,10,10 10,10,10
10,10,10 10,10,10 10,10,10 10,10,10 10,10,10 10,10,10 10,10,10 10,10,10 10,10,10 10,10,10 10,10,10 10,10,10 10,10,10 10,10,10 10,10,10 10,10,10 10,10,10 10,10,10 10,10,10 10,10,10 10,10,10 10,10,10 10,10,10 10,10,10 10,10,10 10,10,10 10,10,10 10,10,10 10,10,10 10,10,10 92,118,155 90,99,101 103,119,146 255,247,115 19,15,9 10,9,12 10,10,10 10,10,10 10,10,10 10,10,10 10,10,10 10,10,10 10,10,10 10,10,10 10,10,10 10,10,10 10,10,10 10,10,10 10,10,10 10,10,10 10,10,10 10,10,10 10,10,10 10,10,10 10,10,10 10,10,10 10,10,10 10,10,10 10,10,10 10,10,10 10,10,10 10,10,10 10,10,10 10,10,10
10,10,10 10,10,10 10,10,10 10,10,10 10,10,10 10,10,10 10,10,10 10,10,10 10,10,10 10,10,10 10,10,10 10,10,10 10,10,10 10,10,10 10,10,10 10,10,10 10,10,10 10,10,10 10,10,10 10,10,10 10,10,10 10,10,10 10,10,10 10,10,10 10,10,10 10,10,10 10,10,10 10,10,10 10,10,10 10,9,12 76,86,83 160,154,147 13,13,39 255,245,128 45,30,19 10,10,10 10,10,10 10,10,10 10,10,10 10,10,10 10,10,10 10,10,10 10,10,10 10,10,10 10,10,10 10,10,10 10,10,10 10,10,10 10,10,10 10,10,10 10,10,10 10,10,10 10,10,10 10,10,10 10,10,10 10,10,10 10,10,10 10,10,10 10,10,10 10,10,10 10,10,10 10,10,10 10,10,10 10,10,10
10,10,10 10,10,10 10,10,10 10,10,10 10,10,10 10,10,10 10,10,10 10,10,10 10,10,10 10,10,10 10,10,10 10,10,10 10,10,10 10,10,10 10,10,10 10,10,10 10,10,10 10,10,10 10,10,10 10,10,10 10,10,10 10,10,10 10,10,10 10,10,10 10,10,10 10,10,10 10,10,10 10,10,10 10,10,10 10,10,5 68,83,117 204,179,131 255,251,190 16,1,0 11,20,20 10,10,10 10,10,10 10,10,10 10,10,10 10,10,10 10,10,10 10,10,10 10,10,10 10,10,10 10,10,10 10,10,10 10,10,10 10,10,10 10,10,10 10,10,10 10,10,10 10,10,10 10,10,10 10,10,10 10,10,10 10,10,10 10,10,10 10,10,10 10,10,10 10,10,10 10,10,10 10,10,10 10,10,10 10,10,10
10,10,10 10,10,10 10,10,10 10,10,10 10,10,10 10,10,10 10,10,10 10,10,10 10,10,10 10,10,10 10,10,10 10,10,10 10,10,10 10,10,10 10,10,10 10,10,10 10,10,10 10,10,10 10,10,10 10,10,10 10,10,10 10,10,10 10,10,10 10,10,10 10,10,10 10,10,10 10,10,10 10,10,10 10,10,10 10,9,12 24,57,92 83,106,129 22,22,30 10,10,5 52,69,91 10,10,10 10,10,10 10,10,10 10,10,10 10,10,10 10,10,10 10,10,10 10,10,10 10,10,10 10,10,10 10,10,10 10,10,10 10,10,10 10,10,10 10,10,10 10,10,10 10,10,10 10,10,10 10,10,10 10,10,10 10,10,10 10,10,10 10,10,10 10,10,10 10,10,10 10,10,10 10,10,10 10,10,10 10,10,10
10,10,10 10,10,10 10,10,10 10,10,10 10,10,10 10,10,10 10,10,10 10,10,10 10,10,10 10,10,10 10,10,10 10,10,10 10,10,10 10,10,10 10,10,10 10,10,10 10,10,10 10,10,10 10,10,10 10,10,10 10,10,10 10,10,10 10,10,10 10,10,10 10,10,10 10,10,10 10,10,10 10,10,10 10,10,10 10,10,10 12,12,12 10,11,14 10,10,10 10,10,10 11,11,8 10,10,10 10,10,10 10,10,10 10,10,10 10,10,10 10,10,10 10,10,10 10,10,10 10,10,10 10,10,10 10,10,10 10,10,10 10,10,10 10,10,10 10,10,10 10,10,10 10,10,10 10,10,10 10,10,10 10,10,10 10,10,10 10,10,10 10,10,10 10,10,10 10,10,10 10,10,10 10,10,10 10,10,10 10,10,10
10,10,10 10,10,10 10,10,10 10,10,10 10,10,10 10,10,10 10,10,10 10,10,10 10,10,10 10,10,10 10,10,10 10,10,10 10,10,10 10,10,10 10,10,10 10,10,10 173,173,173 27,27,27 232,232,232 75,75,75 10,10,10 193,193,193 1,1,1 13,13,13 255,255,255 39,39,39 66,66,66 17,17,17 57,57,57 132,132,132 11,11,11 55,57,57 62,63,68 142,143,135 13,14,17 186,186,186 22,22,22 126,126,126 18,18,18 8,8,8 237,237,237 8,8,8 25,25,25 104,104,104 53,53,53 2,2,2 124,124,124 255,255,255 255,255,255 10,10,10 10,10,10 10,10,10 10,10,10 10,10,10 10,10,10 10,10,10 10,10,10 10,10,10 10,10,10 10,10,10 10,10,10 10,10,10 10,10,10 10,10,10
10,10,10 10,10,10 10,10,10 10,10,10 10,10,10 10,10,10 10,10,10 10,10,10 10,10,10 10,10,10 10,10,10 10,10,10 10,10,10 10,10,10 10,10,10 10,10,10 190,190,190 23,23,23 216,216,216 33,33,33 12,12,12 29,29,29 0,0,0 15,15,15 255,255,255 255,255,255 125,125,125 87,87,87 79,79,79 46,46,46 11,11,11 0,0,0 44,45,48 137,137,134 2,2,2 196,196,196 43,43,43 255,255,255 22,22,22 12,12,12 195,195,195 81,81,81 13,13,13 88,88,88 0,0,0 10,10,10 118,118,118 227,227,227 235,235,235 10,10,10 10,10,10 10,10,10 10,10,10 10,10,10 10,10,10 10,10,10 10,10,10 10,10,10 10,10,10 10,10,10 10,10,10 10,10,10 10,10,10 10,10,10
10,10,10 10,10,10 10,10,10 10,10,10 10,10,10 10,10,10 10,10,10 10,10,10 10,10,10 10,10,10 10,10,10 10,10,10 10,10,10 10,10,10 10,10,10 10,10,10 10,10,10 10,10,10 10,10,10 10,10,10 10,10,10 10,10,10 10,10,10 10,10,10 10,10,10 10,10,10 10,10,10 10,10,10 10,10,10 11,11,11 10,10,10 10,10,10 11,11,11 10,10,10 11,11,11 10,10,10 10,10,10 11,11,11 11,11,11 10,10,10 10,10,10 10,10,10 10,10,10 10,10,10 10,10,10 12,12,12 13,13,13 12,12,12 10,10,10 10,10,10 10,10,10 10,10,10 10,10,10 10,10,10 10,10,10 10,10,10 10,10,10 10,10,10 10,10,10 10,10,10 10,10,10 10,10,10 10,10,10 10,10,10
10,10,10 10,10,10 10,10,10 10,10,10 10,10,10 10,10,10 10,10,10 12,12,12 16,16,16 10,10,10 10,10,10 10,10,10 10,10,10 11,11,11 10,10,10 9,9,9 9,9,9 10,10,10 9,9,9 11,11,11 10,10,10 10,10,10 10,10,10 10,10,10 10,10,10 10,10,10 10,10,10 10,10,10 10,10,10 10,10,10 6,6,6 10,10,10 12,12,12 23,23,23 8,8,8 9,9,9 9,9,9 4,4,4 10,10,10 10,10,10 10,10,10 10,10,10 10,10,10 10,10,10 10,10,10 10,10,10 10,10,10 13,13,13 5,5,5 12,12,12 62,62,62 57,57,57 34,34,34 10,10,10 12,12,12 9,9,9 29,29,29 9,9,9 10,10,10 10,10,10 10,10,10 10,10,10 10,10,10 10,10,10
10,10,10 10,10,10 10,10,10 10,10,10 10,10,10 10,10,10 10,10,10 11,11,11 0,0,0 0,0,0 111,111,111 115,115,115 110,110,110 18,18,18 8,8,8 1,1,1 23,23,23 0,0,0 0,0,0 15,15,15 10,10,10 10,10,10 10,10,10 10,10,10 10,10,10 10,10,10 10,10,10 10,10,10 10,10,10 110,112,112 91,91,91 122,122,122 0,0,0 0,0,0 146,146,146 248,248,248 0,0,0 51,51,51 11,11,11 10,10,10 10,10,10 10,10,10 10,10,10 10,10,10 10,10,10 10,10,10 232,232,232 255,255,255 40,40,40 8,8,8 11,11,11 9,9,9 0,0,0 82,82,82 249,249,249 116,116,116 214,214,214 203,203,203 4,4,4 10,10,10 10,10,10 10,10,10 10,10,10 10,10,10
10,10,10 10,10,10 10,10,10 10,10,10 10,10,10 10,10,10 10,10,10 10,10,10 6,6,6 16,16,16 0,0,0 12,12,12 52,52,52 90,90,90 6,6,6 11,11,11 8,8,8 10,10,10 10,10,10 10,10,10 10,10,10 10,10,10 10,10,10 10,10,10 10,10,10 10,10,10 10,10,10 10,10,10 11,11,11 17,17,17 8,8,8 0,0,0 0,0,0 13,13,13 18,18,18 17,17,17 8,8,8 6,6,6 13,13,13 10,10,10 10,10,10 10,10,10 10,10,10 10,10,10 10,10,10 12,12,12 16,16,16 5,5,5 3,3,3 6,6,6 18,18,18 13,13,13 10,10,10 10,10,10 23,23,23 10,10,10 12,12,12 10,10,10 10,10,10 10,10,10 10,10,10 10,10,10 10,10,10 10,10,10
10,10,10 10,10,10 10,10,10 10,10,10 10,10,10 10,10,10 10,10,10 11,11,11 114,114,114 133,133,133 0,0,0 3,3,3 0,0,0 242,242,242 255,255,255 227,227,227 227,227,227 0,0,0 10,10,10 10,10,10 10,10,10 10,10,10 10,10,10 10,10,10 10,10,10 10,10,10 10,10,10 10,10,10 10,10,10 23,23,23 93,93,93 229,229,229 255,255,255 142,142,142 166,166,166 145,145,145 201,201,201 255,255,255 18,18,18 10,10,10 10,10,10 10,10,10 10,10,10 10,10,10 10,10,10 13,13,13 53,53,53 0,0,0 185,185,185 243,243,243 255,255,255 87,87,87 65,65,65 166,166,166 218,218,218 13,13,13 10,10,10 10,10,10 10,10,10 10,10,10 10,10,10 10,10,10 10,10,10 10,10,10
10,10,10 10,10,10 10,10,10 10,10,10 10,10,10 10,10,10 10,10,10 12,12,12 203,203,203 18,18,18 30,30,30 18,18,18 13,13,13 11,11,11 12,12,12 19,19,19 13,13,13 11,11,11 13,13,13 12,12,12 15,15,15 12,12,12 10,10,10 10,10,10 10,10,10 10,10,10 10,10,10 10,10,10 11,11,11 216,216,216 11,11,11 161,161,161 11,10,13 9,9,9 210,210,210 13,13,13 13,13,13 5,5,5 8,8,8 85,85,85 10,10,10 10,10,10 10,10,10 10,10,10 10,10,10 13,13,13 19,19,19 10,10,10 78,78,78 11,11,11 18,18,18 17,17,17 10,10,10 5,5,5 10,10,10 10,10,10 10,10,10 10,10,10 10,10,10 10,10,10 10,10,10 10,10,10 10,10,10 10,10,10
10,10,10 10,10,10 10,10,10 10,10,10 10,10,10 10,10,10 10,10,10 22,22,22 58,58,58 255,255,255 200,200,200 0,0,0 10,10,10 255,255,255 218,218,218 6,6,6 88,88,88 0,0,0 119,119,119 174,174,174 0,0,0 13,13,13 10,10,10 10,10,10 10,10,10 10,10,10 10,10,10 10,10,10 13,13,13 4,4,4 195,195,195 253,253,253 197,197,197 0,0,0 6,6,6 18,18,18 2,2,2 0,0,0 82,82,82 62,62,62 10,10,10 10,10,10 10,10,10 10,10,10 10,10,10 13,13,13 180,180,180 9,9,9 43,43,43 98,98,98 250,250,250 255,255,255 0,0,0 11,11,11 10,10,10 10,10,10 10,10,10 10,10,10 10,10,10 10,10,10 10,10,10 10,10,10 10,10,10 10,10,10
10,10,10 10,10,10 10,10,10 10,10,10 10,10,10 10,10,10 10,10,10 15,15,15 189,189,189 13,13,13 0,0,0 9,9,9 0,0,0 6,6,6 8,8,8 8,8,8 8,8,8 10,10,10 10,10,10 6,6,6 10,10,10 10,10,10 10,10,10 10,10,10 10,10,10 10,10,10 10,10,10 10,10,10 10,10,10 190,190,190 0,0,0 4,4,4 2,2,2 0,0,0 6,6,6 0,0,0 11,11,11 6,6,6 15,15,15 8,8,8 10,10,10 10,10,10 10,10,10 10,10,10 10,10,10 11,11,11 8,8,8 255,255,255 10,10,10 11,11,11 210,210,210 26,26,26 12,12,12 16,16,16 9,9,9 10,10,10 10,10,10 10,10,10 10,10,10 10,10,10 10,10,10 10,10,10 10,10,10 10,10,10
10,10,10 10,10,10 10,10,10 10,10,10 10,10,10 10,10,10 10,10,10 12,12,12 1,1,1 69,69,69 147,147,147 5,5,5 0,0,0 13,13,13 123,123,123 10,10,10 10,10,10 10,10,10 10,10,10 10,10,10 10,10,10 10,10,10 10,10,10 10,10,10 10,10,10 10,10,10 10,10,10 10,10,10 9,9,9 4,4,4 19,19,19 44,44,44 11,11,11 20,20,20 213,213,213 10,10,10 73,73,73 69,69,69 8,8,8 76,76,76 10,10,10 10,10,10 10,10,10 10,10,10 10,10,10 12,12,12 52,52,52 119,119,119 52,52,52 6,6,6 11,11,11 26,26,26 82,82,82 91,91,91 17,17,17 10,10,10 10,10,10 10,10,10 10,10,10 10,10,10 10,10,10 10,10,10 10,10,10 10,10,10
10,10,10 10,10,10 10,10,10 10,10,10 10,10,10 10,10,10 10,10,10 13,13,13 130,130,130 0,0,0 117,117,117 16,16,16 181,181,181 0,0,0 30,30,30 17,17,17 11,11,11 10,10,10 10,10,10 10,10,10 10,10,10 10,10,10 10,10,10 10,10,10 10,10,10 10,10,10 10,10,10 10,10,10 10,10,10 0,0,0 0,0,0 15,15,15 12,12,12 33,33,33 6,6,6 0,0,0 9,9,9 12,12,12 2,2,2 9,9,9 255,255,255 214,214,214 10,10,10 10,10,10 10,10,10 10,10,10 59,59,59 11,11,11 0,0,0 18,18,18 239,239,239 10,10,10 4,4,4 13,13,13 4,4,4 10,10,10 10,10,10 10,10,10 10,10,10 10,10,10 10,10,10 10,10,10 10,10,10 10,10,10
10,10,10 10,10,10 10,10,10 10,10,10 10,10,10 10,10,10 10,10,10 10,10,10 31,31,31 20,20,20 25,25,25 9,9,9 11,11,11 0,0,0 16,16,16 0,0,0 12,12,12 10,10,10 10,10,10 10,10,10 10,10,10 10,10,10 10,10,10 10,10,10 10,10,10 10,10,10 10,10,10 10,10,10 10,10,10 46,46,46 12,12,12 9,9,9 9,9,9 19,19,19 18,18,18 26,26,26 33,33,33 30,30,30 153,153,153 16,16,16 19,19,19 33,33,33 10,10,10 10,10,10 10,10,10 9,9,9 13,13,13 12,12,12 11,11,11 8,8,8 11,11,11 0,0,0 12,12,12 8,8,8 0,0,0 10,10,10 10,10,10 10,10,10 10,10,10 10,10,10 10,10,10 10,10,10 10,10,10 10,10,10
10,10,10 10,10,10 10,10,10 10,10,10 10,10,10 10,10,10 10,10,10 11,11,11 0,0,0 108,108,108 38,38,38 17,17,17 253,253,253 0,0,0 87,87,87 3,3,3 22,22,22 6,6,6 13,13,13 31,31,31 10,10,10 10,10,10 10,10,10 10,10,10 10,10,10 10,10,10 10,10,10 10,10,10 10,10,10 4,4,4 16,16,16 0,0,0 232,232,232 0,0,0 0,0,0 11,11,11 10,10,10 10,10,10 10,10,10 10,10,10 10,10,10 10,10,10 10,10,10 10,10,10 10,10,10 10,10,10 90,90,90 41,41,41 88,88,88 10,10,10 0,0,0 18,18,18 17,17,17 73,73,73 10,10,10 10,10,10 10,10,10 10,10,10 10,10,10 10,10,10 10,10,10 10,10,10 10,10,10 10,10,10
10,10,10 10,10,10 10,10,10 10,10,10 10,10,10 10,10,10 10,10,10 10,10,10 8,8,8 0,0,0 10,10,10 18,18,18 0,0,0 0,0,0 0,0,0 2,2,2 12,12,12 13,13,13 8,8,8 8,8,8 10,10,10 10,10,10 10,10,10 10,10,10 10,10,10 10,10,10 10,10,10 10,10,10 10,10,10 0,0,0 173,173,173 13,13,13 0,0,0 0,0,0 2,2,2 11,11,11 11,11,11 10,10,10 10,10,10 10,10,10 10,10,10 10,10,10 10,10,10 10,10,10 10,10,10 20,20,20 0,0,0 9,9,9 6,6,6 10,10,10 8,8,8 3,3,3 5,5,5 0,0,0 11,11,11 10,10,10 10,10,10 10,10,10 10,10,10 10,10,10 10,10,10 10,10,10 10,10,10 10,10,10
10,10,10 10,10,10 10,10,10 10,10,10 10,10,10 10,10,10 10,10,10 10,10,10 101,101,101 185,185,185 104,104,104 183,183,183 61,61,61 10,10,10 20,20,20 5,5,5 39,39,39 6,6,6 10,10,10 10,10,10 10,10,10 10,10,10 10,10,10 10,10,10 10,10,10 10,10,10 10,10,10 10,10,10 10,10,10 196,196,196 125,125,125 24,24,24 0,0,0 3,3,3 0,0,0 135,135,135 13,13,13 124,124,124 156,156,156 91,91,91 20,20,20 10,10,10 10,10,10 10,10,10 10,10,10 10,10,10 232,232,232 40,40,40 217,217,217 255,255,255 147,147,147 195,195,195 170,170,170 165,165,165 195,195,195 1,1,1 10,10,10 10,10,10 10,10,10 10,10,10 10,10,10 10,10,10 10,10,10 10,10,10
10,10,10 10,10,10 10,10,10 10,10,10 10,10,10 10,10,10 10,10,10 11,11,11 12,12,12 17,17,17 10,10,10 3,3,3 13,13,13 10,10,10 11,11,11 12,12,12 9,9,9 10,10,10 10,10,10 10,10,10 10,10,10 10,10,10 10,10,10 10,10,10 10,10,10 10,10,10 10,10,10 10,10,10 10,10,10 6,6,6 10,10,10 19,19,19 6,6,6 15,15,15 9,9,9 12,12,12 15,15,15 9,9,9 11,11,11 9,9,9 12,12,12 10,10,10 10,10,10 10,10,10 10,10,10 10,10,10 9,9,9 17,17,17 8,8,8 5,5,5 13,13,13 10,10,10 6,6,6 6,6,6 13,13,13 8,8,8 10,10,10 10,10,10 10,10,10 10,10,10 10,10,10 10,10,10 10,10,10 10,10,10
10,10,10 10,10,10 10,10,10 10,10,10 10,10,10 10,10,10 10,10,10 9,9,9 3,3,3 2,2,2 145,145,145 138,138,138 255,255,255 80,80,80 10,10,10 12,12,12 10,10,10 10,10,10 10,10,10 10,10,10 10,10,10 10,10,10 10,10,10 10,10,10 10,10,10 10,10,10 10,10,10 10,10,10 10,10,10 96,96,96 216,216,216 202,202,202 65,65,65 255,255,255 76,76,76 225,225,225 10,10,10 10,10,10 10,10,10 10,10,10 10,10,10 10,10,10 10,10,10 10,10,10 10,10,10 10,10,10 210,210,210 0,0,0 255,255,255 228,228,228 18,18,18 0,0,0 66,66,66 59,59,59 159,159,159 0,0,0 10,10,10 10,10,10 10,10,10 10,10,10 10,10,10 10,10,10 10,10,10 10,10,10
10,10,10 10,10,10 10,10,10 10,10,10 10,10,10 10,10,10 10,10,10 13,13,13 11,11,11 9,9,9 12,12,12 11,11,11 15,15,15 9,9,9 6,6,6 10,10,10 10,10,10 10,10,10 10,10,10 10,10,10 10,10,10 10,10,10 10,10,10 10,10,10 9,9,9 10,10,10 10,10,10 10,10,10 11,11,11 13,13,13 10,10,10 10,10,10 9,9,9 22,22,22 3,3,3 6,6,6 10,10,10 10,10,10 10,10,10 10,10,10 10,10,10 10,10,10 10,10,10 10,10,10 10,10,10 10,10,10 13,13,13 15,15,15 23,23,23 22,22,22 10,10,10 5,5,5 19,19,19 18,18,18 9,9,9 12,12,12 10,10,10 10,10,10 10,10,10 10,10,10 10,10,10 10,10,10 10,10,10 10,10,10