10,9,12 10,9,14 10,8,16 10,9,14 10,9,12 10,9,14 10,9,14 10,8,16 10,9,14 10,8,18 10,8,16 10,8,16 10,9,12 10,10,10 10,10,10 10,9,12 10,9,12 10,10,10 10,10,10 10,10,10 10,10,10 10,10,10 11,9,10 10,10,7 10,10,10 10,10,10 10,10,10 10,10,10 10,10,10 10,10,10 10,10,10 10,10,10 10,10,10 10,10,10 10,10,10 10,10,10 10,10,10 10,10,10 10,10,10 10,10,10 10,10,10 10,10,10 10,10,10 10,10,10 10,10,10 10,10,10 10,10,10 10,10,10 10,10,10 10,10,10 10,10,10 10,10,10 10,10,10 10,10,10 10,10,10 10,9,12 10,10,10 10,10,10 10,10,10 10,10,10 10,10,10 10,10,10 10,10,10 10,10,10
11,9,21 11,9,17 11,9,17 11,9,19 11,9,21 11,8,23 11,9,21 11,8,23 11,9,21 11,9,21 11,9,19 11,9,17 10,8,16 10,9,12 10,9,14 10,9,12 10,9,12 10,10,10 10,10,10 10,10,10 10,10,10 10,10,10 10,10,10 10,10,7 10,10,10 10,10,10 10,10,10 10,10,10 10,10,10 10,10,10 10,10,10 10,10,10 10,10,10 10,10,10 10,10,10 10,10,10 10,10,10 10,10,10 10,10,10 10,10,10 10,10,10 10,10,10 10,10,10 10,10,10 10,10,10 10,10,10 10,10,10 10,10,10 10,10,10 10,10,10 10,10,10 10,10,10 10,10,10 10,10,10 10,10,10 10,10,10 10,10,10 10,10,10 10,10,10 10,10,10 10,9,12 10,10,10 10,10,10 10,10,10
11,9,19 11,9,19 11,9,19 11,9,19 11,9,21 11,8,23 11,8,25 11,8,25 11,8,25 11,8,23 11,8,25 11,9,19 10,9,14 10,8,16 10,9,12 10,9,12 10,10,10 10,10,10 10,10,10 10,10,10 10,9,12 10,10,10 10,10,10 10,10,10 10,10,10 10,10,10 10,10,10 11,9,10 10,10,10 10,10,10 10,10,10 10,10,10 10,10,10 10,10,10 10,10,10 10,10,10 10,10,10 10,10,10 10,10,10 10,10,10 10,10,10 10,10,10 10,10,10 10,10,10 10,10,10 10,10,10 10,10,10 10,10,10 10,10,10 10,10,10 10,10,10 10,10,10 10,10,10 10,10,10 10,10,10 10,9,12 10,10,10 10,10,10 10,10,10 10,9,12 10,10,10 10,10,10 10,10,10 10,10,10
11,9,19 11,9,19 11,9,19 11,8,23 11,9,21 11,8,23 11,8,25 11,8,25 11,8,25 11,8,25 11,8,23 11,8,23 11,9,19 11,9,17 10,9,14 10,10,10 10,10,10 10,10,10 10,9,12 10,10,10 10,10,10 10,10,10 10,10,10 8,10,10 10,10,10 10,10,10 10,10,10 10,10,10 10,10,10 10,10,10 10,10,10 10,10,10 10,10,10 10,10,10 10,10,10 10,10,10 10,10,10 10,10,10 10,10,10 10,10,10 10,10,10 10,10,10 10,10,10 10,10,10 10,10,10 10,10,10 10,10,10 10,10,10 10,10,10 10,10,10 10,10,10 10,10,10 10,10,10 10,10,10 10,10,10 8,10,10 10,10,10 10,9,12 10,10,10 10,9,12 10,10,10 10,10,10 10,10,10 10,10,10
11,9,19 11,9,21 11,8,23 11,8,23 11,8,23 11,8,25 11,8,23 13,9,29 13,10,27 13,9,29 13,9,29 11,8,23 11,9,19 11,9,17 10,9,12 10,10,10 10,10,10 10,10,10 11,9,10 10,10,10 10,10,10 10,10,10 10,10,10 10,10,10 10,10,10 10,10,10 10,10,10 10,9,12 10,10,10 10,10,10 10,10,10 10,10,10 10,10,10 10,10,10 10,10,10 10,10,10 10,10,10 10,10,10 10,10,10 10,10,10 10,10,10 10,10,10 10,10,10 10,10,10 10,9,12 10,10,10 10,10,10 10,10,10 10,10,10 10,10,10 10,10,10 10,10,10 10,10,10 10,10,10 10,10,10 10,10,10 10,10,10 10,9,12 10,9,12 10,10,10 10,10,10 10,10,10 10,10,10 10,10,10
11,8,23 11,8,23 11,8,25 11,8,23 11,8,23 11,8,25 11,8,23 12,9,26 11,9,33 13,9,33 11,7,27 11,8,23 11,8,25 10,10,10 10,10,10 10,10,10 10,10,10 10,10,10 10,10,10 10,10,10 10,10,10 10,10,10 10,10,10 10,10,10 10,10,10 10,10,10 10,10,10 10,10,10 10,10,10 10,10,10 10,10,10 10,10,10 10,10,10 10,10,10 10,10,10 10,10,10 10,10,10 10,10,10 10,10,10 10,10,10 10,10,10 10,10,10 10,10,10 10,10,10 10,10,10 10,10,10 10,10,10 10,10,10 10,10,10 10,10,10 10,10,10 10,10,10 10,10,10 10,10,10 10,10,10 10,10,10 10,10,10 10,10,10 10,10,10 10,10,10 10,10,10 10,10,10 10,10,10 10,10,10
11,8,23 11,8,23 11,8,23 11,8,25 11,8,23 11,8,23 11,8,23 12,9,26 10,8,30 13,9,33 11,8,25 11,8,23 10,9,12 10,10,10 10,10,10 10,10,10 10,10,10 10,10,10 10,10,10 10,10,10 10,10,10 10,10,10 10,10,10 10,10,10 10,10,10 10,10,10 10,10,10 10,10,10 10,10,10 10,10,10 10,10,10 10,10,10 10,10,10 10,10,10 10,10,10 10,10,10 10,10,10 10,10,10 10,10,10 10,10,10 10,10,10 10,10,10 10,10,10 10,10,10 10,10,10 10,10,10 10,10,10 10,10,10 10,10,10 10,10,10 10,10,10 10,10,10 10,10,10 10,10,10 10,10,10 10,10,10 10,10,10 10,10,10 10,10,10 10,10,10 10,10,10 10,10,10 10,10,10 10,10,10
13,9,29 13,9,29 11,8,25 11,8,25 11,8,25 11,8,23 11,8,23 11,8,25 8,9,28 13,9,33 11,9,31 10,9,12 10,10,10 10,10,10 10,10,10 10,10,10 10,10,10 10,10,10 10,10,10 10,10,10 10,10,10 10,10,10 10,10,10 10,10,10 10,10,10 10,10,10 10,10,10 10,10,10 10,10,10 10,10,10 10,10,10 10,10,10 10,10,10 10,10,10 10,10,10 10,10,10 10,10,10 10,10,10 10,10,10 10,10,10 10,10,10 10,10,10 10,10,10 10,10,10 10,10,10 10,10,10 10,10,10 10,10,10 10,10,10 10,10,10 10,10,10 10,10,10 10,10,10 10,10,10 10,10,10 10,10,10 10,10,10 10,10,5 10,10,10 10,10,10 10,10,10 10,10,10 10,10,10 10,10,10
13,9,29 13,9,29 12,9,26 11,8,25 11,8,23 11,8,23 11,8,23 11,8,25 12,15,35 8,9,30 13,9,31 13,9,29 10,9,12 10,9,12 10,10,10 10,10,10 10,10,10 10,10,10 10,10,10 10,10,10 10,10,10 10,10,10 10,10,10 10,10,10 10,10,10 10,10,10 10,10,10 10,10,10 10,10,10 10,9,12 10,10,10 10,10,10 10,10,10 10,10,10 10,10,10 10,10,10 10,10,10 10,10,10 10,10,10 10,10,10 10,10,10 10,10,10 10,10,10 10,10,10 10,10,10 10,10,10 10,10,10 10,10,10 10,10,10 10,10,10 10,10,10 10,10,10 10,10,10 10,10,10 10,10,10 10,10,10 10,10,10 10,10,10 10,10,10 10,10,10 10,9,12 10,9,12 10,9,12 10,10,10
11,8,25 11,8,25 11,8,25 12,9,26 11,8,23 11,8,23 11,8,25 11,8,25 16,14,34 11,9,31 13,9,33 13,9,31 13,9,29 10,8,20 10,10,7 10,10,10 10,10,10 10,10,10 10,10,10 10,10,10 10,10,10 10,10,10 10,10,10 10,10,10 10,10,10 10,10,10 10,10,10 10,10,7 10,10,10 10,10,10 10,10,10 10,10,10 10,10,10 10,10,10 10,10,7 10,10,10 10,10,10 10,10,10 10,10,10 10,10,10 10,10,10 10,10,10 10,10,10 10,10,10 10,10,10 10,10,10 10,10,10 10,10,10 10,10,10 10,10,10 10,10,10 10,9,12 10,10,10 10,10,10 10,10,10 10,10,7 10,10,10 10,10,10 10,10,10 10,10,10 10,9,12 10,9,12 10,9,12 10,9,12
11,8,25 11,8,25 11,8,23 12,9,26 11,8,23 11,8,25 13,9,29 13,9,29 20,19,36 13,11,31 10,8,28 9,7,31 11,9,33 13,9,31 13,9,29 10,10,10 10,10,10 10,10,10 10,10,10 10,10,10 10,10,10 10,10,10 10,10,10 10,10,10 10,10,10 10,10,10 10,10,10 10,10,10 10,9,12 10,10,10 10,10,10 10,10,10 10,10,10 10,10,10 10,10,10 10,10,10 10,10,10 10,10,10 10,10,10 10,10,10 10,10,10 10,10,10 10,10,10 10,10,10 10,10,10 10,10,10 10,10,10 10,10,10 10,10,10 10,10,10 10,10,10 10,10,10 10,10,10 10,10,10 10,10,10 10,10,10 10,9,12 10,9,12 10,8,16 10,10,10 10,8,16 11,10,15 10,9,14 10,9,14
11,8,25 11,8,25 11,8,23 11,8,25 11,8,23 11,8,23 18,14,38 22,19,34 20,19,36 15,13,33 11,9,33 8,6,28 9,7,31 13,9,33 8,11,33 8,8,18 10,9,14 10,10,10 10,10,10 10,10,10 10,10,10 10,10,10 10,10,10 10,10,10 10,10,10 10,10,10 10,10,10 10,10,10 10,10,10 10,10,10 10,10,10 10,10,10 10,10,10 10,10,10 10,10,10 10,10,10 10,10,10 10,10,10 10,10,10 10,10,10 10,10,10 10,10,10 10,10,10 10,10,10 10,10,10 10,10,10 10,10,10 10,10,10 10,10,10 10,10,10 10,10,10 10,10,10 10,10,10 10,10,7 10,9,12 10,9,12 10,8,16 11,9,17 11,9,17 10,9,12 11,9,17 11,9,17 11,9,17 11,9,17
11,8,25 11,8,25 11,8,25 11,8,25 12,7,25 11,8,25 13,9,29 13,9,31 20,19,36 14,12,32 9,10,31 13,9,31 13,9,33 13,9,33 13,9,31 10,8,30 10,8,32 12,8,32 11,9,7 10,10,10 10,10,10 10,10,10 10,10,10 10,10,10 10,10,10 10,10,10 10,10,10 10,10,10 10,10,10 10,10,10 10,10,10 10,10,10 10,10,10 10,10,10 10,10,10 10,10,10 10,10,10 10,10,10 10,10,10 10,10,10 10,10,10 10,10,10 10,10,10 10,10,10 10,10,10 10,10,10 10,10,10 10,10,10 10,10,10 10,10,10 10,10,10 10,10,10 10,10,10 11,9,17 11,9,19 11,9,17 11,9,21 11,9,21 11,9,19 11,9,17 11,9,17 11,9,19 11,9,19 11,9,19
13,9,29 13,9,29 13,9,29 13,9,29 13,9,29 11,7,27 13,9,29 13,9,29 9,8,25 12,13,32 9,7,31 13,9,33 13,9,33 13,9,31 13,10,27 20,19,34 15,13,33 11,9,29 8,9,14 10,10,10 10,10,10 10,10,10 10,10,10 10,10,10 10,10,10 10,10,10 10,10,10 10,10,10 10,10,10 10,10,10 10,10,10 10,10,10 10,10,10 10,10,10 10,10,10 10,10,10 10,10,10 10,10,10 10,10,10 10,10,10 10,10,10 10,10,10 10,10,10 10,10,10 10,10,10 10,10,10 10,10,10 10,10,10 10,10,10 10,10,10 10,10,10 10,10,10 10,10,7 10,8,20 11,8,23 11,8,23 13,9,31 12,9,26 11,9,19 11,9,19 11,9,19 11,9,17 11,9,17 11,9,17
13,9,29 13,9,29 13,9,29 13,9,29 13,9,29 13,9,29 13,9,29 11,7,27 10,9,26 13,11,31 9,7,31 13,9,33 13,9,31 13,9,31 13,10,27 23,20,35 14,12,32 10,8,32 11,9,31 10,10,10 10,9,12 10,10,10 10,10,10 10,10,10 10,10,10 10,10,10 10,10,10 10,10,10 10,10,10 10,9,12 10,9,12 10,10,10 10,10,10 10,10,10 10,9,12 10,10,10 10,10,10 10,10,10 10,10,10 10,9,12 10,10,10 10,10,10 10,10,10 10,10,10 10,10,10 10,9,12 10,10,10 10,10,10 10,10,10 10,10,10 10,10,10 10,10,10 10,10,7 10,10,10 11,8,25 12,9,26 13,9,31 12,9,26 11,9,19 11,8,23 11,9,19 11,9,17 11,9,19 11,9,17
13,9,29 13,9,29 13,9,29 13,9,29 13,9,29 13,9,29 13,9,29 11,9,29 17,15,35 9,10,33 9,7,31 13,9,33 13,9,33 13,9,31 18,17,34 22,19,36 20,17,34 11,9,33 10,8,16 10,10,10 10,10,10 10,10,10 10,10,10 10,10,10 10,10,10 10,10,10 10,10,10 10,10,10 10,10,10 10,10,10 10,10,10 10,10,10 10,10,10 10,10,10 10,10,10 10,10,10 10,10,10 10,10,10 10,10,10 10,10,10 10,10,10 10,10,10 10,10,10 10,10,10 10,10,10 10,9,12 10,10,10 10,10,10 10,10,10 10,10,10 10,9,12 10,10,10 11,9,17 11,8,23 13,9,31 13,9,31 16,12,36 13,9,33 11,8,25 11,8,23 11,9,21 11,9,21 11,8,23 11,8,23
13,9,31 13,9,31 13,9,29 13,9,29 13,9,29 13,9,29 13,9,33 9,7,29 13,11,31 12,8,28 11,7,29 13,9,33 13,9,33 11,9,31 14,13,30 10,9,26 20,17,34 11,11,8 10,10,10 10,9,12 10,10,10 10,10,10 10,10,10 10,10,7 10,10,10 10,10,10 10,10,10 10,10,10 10,10,7 10,10,10 10,10,10 10,10,10 10,10,10 10,10,10 10,10,10 10,10,10 10,10,10 10,10,10 10,10,10 10,10,10 10,10,10 10,10,10 10,10,10 10,10,10 10,10,10 10,10,10 10,10,10 10,10,10 10,10,10 10,9,14 13,9,31 11,7,29 11,8,25 10,8,32 14,12,36 11,9,33 6,11,35 16,14,38 9,10,33 12,9,24 12,7,23 11,8,23 11,9,21 11,8,23
13,9,29 13,9,29 13,9,29 13,10,27 13,9,29 13,9,29 10,8,32 11,9,31 11,9,31 13,9,29 15,11,31 13,10,27 10,8,32 9,8,25 19,16,33 20,17,34 9,7,19 11,9,21 15,11,33 11,8,25 10,10,10 10,10,10 10,10,10 10,10,10 10,10,10 10,10,10 10,10,10 10,10,10 10,9,12 10,10,10 10,10,10 10,10,10 10,10,10 10,10,10 10,10,10 10,10,10 10,10,10 10,10,10 10,10,10 10,10,10 10,9,12 10,9,12 10,9,12 10,10,10 10,10,10 10,10,10 10,10,10 10,10,10 8,9,14 14,12,32 13,9,31 11,9,33 13,9,29 14,12,32 22,19,36 9,7,31 8,8,34 12,8,28 12,8,28 11,8,25 11,8,23 11,8,23 11,8,23 11,8,25
11,8,25 11,8,25 13,9,31 13,9,33 13,9,29 13,9,29 12,8,28 13,9,29 13,9,29 13,9,29 13,9,29 13,9,29 13,11,31 19,16,33 22,18,38 12,8,28 11,7,27 18,14,34 14,12,32 13,11,31 10,9,14 10,9,12 10,10,10 10,10,10 10,10,7 10,9,12 10,9,12 10,9,12 10,8,16 10,8,16 10,9,12 10,9,12 10,10,10 10,9,14 10,10,10 10,10,10 10,9,12 10,9,12 10,9,12 10,9,12 10,9,12 10,10,7 10,10,10 10,10,10 10,10,10 10,10,10 10,10,10 10,10,10 12,9,24 12,8,32 16,12,32 17,13,33 10,8,28 20,17,34 24,21,36 13,11,31 11,8,25 11,7,27 13,9,29 13,9,29 11,8,25 11,8,23 12,8,28 11,8,23
11,8,25 11,8,25 13,9,29 13,9,29 13,9,29 13,9,29 13,9,29 13,9,29 13,9,29 13,9,29 13,9,29 11,8,25 13,11,31 17,15,35 13,9,29 13,9,29 13,9,29 13,9,29 8,6,26 11,9,33 10,9,12 10,9,12 10,9,12 10,10,10 10,9,12 10,9,12 10,9,12 10,8,16 10,8,16 11,9,17 10,8,16 10,9,12 10,9,12 10,8,16 10,9,14 10,10,10 10,9,12 10,9,14 10,8,16 10,8,16 10,8,16 10,9,14 10,9,12 10,10,10 10,10,10 10,10,10 10,10,10 10,10,10 10,8,20 13,9,31 19,15,35 24,21,38 11,9,29 20,17,34 25,22,37 16,15,32 13,9,29 13,9,29 13,9,29 11,8,25 12,8,28 11,8,25 13,9,29 11,9,19
11,8,25 11,9,19 11,8,25 11,8,25 11,7,27 12,8,30 13,9,29 13,9,29 13,9,29 13,9,29 12,9,26 11,8,25 12,8,28 11,10,27 13,9,31 13,9,29 13,9,29 12,8,28 13,9,31 11,7,27 12,8,28 11,8,23 11,9,17 11,9,19 11,9,17 11,9,17 11,9,19 11,9,19 11,9,17 11,9,17 11,9,17 11,9,17 11,9,17 11,9,17 11,10,15 11,9,17 11,9,17 11,9,17 11,9,17 11,9,19 11,9,19 11,9,19 11,9,17 10,9,14 10,10,10 10,10,10 10,9,12 10,9,12 10,9,14 15,12,29 18,14,36 14,12,32 9,7,29 14,13,30 14,13,30 20,17,34 13,9,31 13,9,31 13,9,29 11,8,25 11,8,25 11,8,23 11,8,23 11,9,19
11,8,23 11,8,23 11,8,23 11,8,23 11,9,21 11,8,23 13,10,27 13,9,33 12,8,28 13,9,29 13,9,29 13,10,27 13,9,29 13,9,29 13,10,27 13,9,29 13,9,29 10,7,24 11,8,23 11,8,23 11,7,27 11,8,23 11,9,19 11,8,23 11,8,25 11,8,23 11,8,23 11,9,19 11,9,21 11,8,23 11,9,19 11,9,19 11,9,17 12,10,18 11,10,15 11,9,19 11,9,19 11,9,19 11,9,19 11,9,19 11,9,21 11,9,19 11,9,19 11,9,19 11,9,19 11,9,19 11,9,19 11,9,19 11,8,23 13,9,29 18,14,38 13,9,29 9,7,29 11,9,31 13,11,31 22,19,36 16,12,36 12,8,28 12,8,28 11,8,25 11,9,21 11,8,23 11,9,19 11,9,19
11,8,23 11,8,23 11,8,23 11,8,23 11,9,21 11,8,23 11,8,23 11,8,25 23,21,33 23,21,31 10,8,20 11,8,23 23,21,31 22,20,32 12,8,28 11,8,25 11,8,25 11,8,25 11,8,25 11,8,23 11,9,21 11,8,23 11,8,23 11,8,25 11,8,25 12,9,26 11,8,23 11,9,19 11,9,21 11,8,23 11,8,23 11,9,19 11,9,19 22,20,32 23,21,31 11,10,15 11,9,19 22,20,30 12,10,18 11,9,21 15,13,23 11,10,15 10,8,20 11,8,23 11,8,23 11,8,23 11,8,23 11,7,27 9,6,33 13,9,33 7,8,31 13,8,35 11,9,31 13,8,35 10,9,26 12,9,26 11,8,25 10,7,22 11,8,23 11,9,21 11,9,21 11,8,23 11,9,19 11,9,19
11,8,25 11,8,25 11,8,25 11,8,23 11,8,23 11,8,23 11,8,23 11,8,23 23,21,31 23,21,31 12,9,26 13,9,29 18,16,28 23,21,31 9,7,17 23,21,31 11,9,17 23,21,33 12,9,24 11,10,15 22,20,30 10,9,12 17,15,23 11,8,23 22,20,30 8,8,18 11,9,21 11,9,19 22,20,30 13,11,21 11,9,19 20,18,30 22,20,32 12,11,16 23,21,31 10,8,16 18,16,26 22,20,30 23,21,31 11,9,19 22,20,30 22,20,28 10,10,10 11,9,17 23,21,31 10,8,18 23,21,29 12,11,16 21,21,33 21,21,31 17,14,29 23,21,31 12,10,22 23,21,33 10,10,10 23,21,31 10,8,18 11,9,17 11,9,17 11,8,23 11,8,23 11,9,21 11,9,19 11,9,19
11,8,23 11,8,23 11,8,23 11,9,21 11,8,23 11,8,23 11,9,21 11,9,21 23,21,31 23,21,29 10,7,22 11,8,25 19,17,29 23,21,31 10,10,10 23,21,31 16,14,22 23,21,29 10,9,14 11,9,21 23,21,31 22,20,28 15,13,21 18,16,26 17,15,25 23,21,31 11,9,21 11,8,23 11,9,17 22,20,30 11,9,19 10,9,12 23,21,33 11,9,21 22,20,30 22,20,28 22,20,28 10,10,10 23,21,31 16,15,20 23,21,31 23,21,33 10,8,16 11,9,19 22,20,28 20,20,30 23,21,31 15,13,21 24,22,34 10,8,16 17,13,33 23,21,31 23,20,35 11,9,19 11,8,23 16,14,24 24,22,32 24,22,34 10,8,20 11,9,21 11,8,23 11,9,19 11,9,19 11,9,17
11,8,25 11,8,25 11,8,25 11,8,25 11,8,25 11,8,25 11,8,23 11,9,21 23,21,31 23,21,31 11,8,23 11,8,23 23,21,31 19,18,21 11,10,15 23,21,31 12,10,18 23,21,33 10,8,20 11,9,19 23,21,31 10,9,14 10,8,18 15,14,17 9,7,15 23,21,31 11,9,19 10,8,20 10,9,14 22,20,30 17,15,23 10,8,18 22,20,30 10,10,7 17,15,23 23,21,31 10,9,12 11,9,17 22,20,30 22,20,30 10,8,20 23,21,31 11,9,19 11,9,19 22,20,28 15,14,17 23,21,31 11,9,19 23,21,31 15,13,25 16,13,30 23,21,31 12,9,26 23,21,31 11,8,23 11,8,23 11,8,23 25,23,35 9,8,13 11,8,23 11,9,21 11,9,19 11,9,19 11,9,19
11,8,25 11,8,25 11,8,25 11,8,25 11,8,25 11,9,21 11,8,23 11,9,19 11,10,13 11,10,13 11,11,11 11,10,15 11,9,19 11,8,23 10,8,18 10,9,12 11,11,11 11,9,17 10,9,12 10,9,12 10,9,12 10,8,16 9,7,15 9,8,11 11,9,17 10,9,12 9,9,9 9,9,9 10,9,14 11,9,19 10,8,16 11,9,17 11,10,13 10,9,12 11,9,17 11,10,13 11,9,21 11,8,23 11,8,25 11,10,13 11,8,25 11,8,25 11,9,17 10,9,12 10,8,20 11,9,19 11,10,15 11,9,17 11,8,23 11,9,19 11,9,17 11,9,17 10,8,20 11,8,25 9,7,15 9,7,17 10,8,16 10,8,18 11,9,19 11,9,21 11,8,23 11,8,23 11,8,23 11,8,23
11,8,23 11,8,23 11,9,19 11,9,21 11,8,23 11,9,19 11,8,23 11,8,23 11,8,23 11,8,23 11,8,23 11,8,23 11,8,23 12,9,24 12,10,22 12,10,22 11,9,21 12,10,22 11,9,19 11,9,19 12,10,20 12,10,22 12,10,22 12,10,22 11,9,21 11,8,23 11,8,23 10,7,22 11,8,23 11,9,21 23,21,33 11,9,19 8,6,16 10,8,18 9,7,17 11,9,19 11,9,19 12,10,20 11,9,21 12,9,26 13,9,29 13,9,29 13,9,33 11,9,31 13,9,31 13,10,27 12,9,24 10,8,20 10,8,20 10,8,20 10,7,24 10,7,22 13,10,25 12,9,26 11,8,25 12,9,26 11,8,25 11,8,25 11,8,23 11,9,21 11,8,23 11,8,23 11,8,23 11,8,23
11,9,19 11,9,21 11,9,19 11,9,19 11,9,17 11,9,19 11,9,21 12,10,22 11,9,17 11,9,19 11,9,19 11,9,17 11,9,17 11,9,17 10,9,14 10,8,16 11,9,17 10,9,14 10,9,14 10,8,16 10,9,14 10,9,14 10,8,16 10,8,16 10,8,16 10,8,18 10,9,14 10,8,16 11,9,19 10,8,18 23,21,33 9,7,15 13,12,15 18,16,26 22,20,30 10,9,12 17,15,27 12,10,18 11,9,19 10,8,20 11,9,21 11,9,21 11,9,21 12,10,22 11,9,21 11,8,23 11,9,19 11,9,21 11,9,19 11,9,21 11,9,21 11,9,21 11,8,23 11,9,21 11,8,23 11,8,23 10,7,24 13,10,27 12,10,22 11,8,23 11,8,23 11,8,23 11,8,23 11,8,23
11,9,21 11,8,23 11,8,23 11,8,23 11,8,23 11,8,23 11,9,21 11,9,19 11,9,19 11,9,19 11,9,21 11,8,23 11,8,23 11,9,19 11,9,17 11,9,17 11,9,19 11,9,19 11,9,17 11,9,17 11,9,19 11,9,17 11,9,17 11,9,19 11,9,17 11,9,19 11,9,19 11,9,19 11,9,21 11,9,19 11,8,25 11,8,25 13,9,29 11,7,27 12,8,28 11,7,27 13,10,27 13,9,29 13,9,29 13,9,29 12,9,26 11,8,25 11,8,23 11,8,25 11,8,23 11,8,23 11,8,23 11,8,23 11,9,19 11,9,21 11,9,21 11,8,23 11,8,23 11,8,25 11,8,25 11,8,25 13,9,29 12,8,28 11,9,21 11,8,23 11,8,23 11,8,23 11,8,25 11,8,25
11,9,19 11,9,17 11,9,21 11,9,19 11,9,19 11,9,19 11,9,19 11,9,19 11,9,21 11,9,19 11,9,19 11,9,21 11,9,19 11,9,17 11,9,19 11,9,19 11,9,19 11,9,17 11,9,19 11,9,19 11,9,17 11,9,19 11,9,19 11,9,19 11,9,19 11,9,19 11,9,19 11,9,19 11,9,19 11,9,19 11,9,19 11,9,19 12,10,20 12,10,22 12,9,26 12,9,26 13,9,29 13,9,29 13,9,29 13,9,31 10,8,30 13,10,27 11,8,25 11,8,25 11,8,25 11,8,25 11,8,25 11,9,21 11,9,19 11,9,21 11,9,19 11,9,19 11,8,23 11,8,25 11,8,25 11,8,25 12,8,28 11,8,25 11,8,23 11,9,21 11,8,25 11,8,25 11,8,25 11,8,25
11,9,19 11,9,19 11,9,19 11,9,17 11,9,19 11,9,17 11,9,19 11,9,19 11,9,19 11,9,19 11,9,19 11,9,19 11,9,19 11,9,19 11,9,19 11,9,19 11,9,17 11,9,19 11,9,19 11,9,17 11,9,19 11,9,19 11,9,17 11,9,19 11,9,19 11,9,19 11,9,19 11,9,19 11,9,19 11,9,19 11,9,19 11,9,19 11,9,19 11,9,19 11,9,19 11,9,19 12,8,28 11,8,25 13,9,33 13,9,33 10,13,35 13,9,33 13,9,29 11,8,25 11,8,23 11,8,25 11,8,25 11,8,25 11,8,23 11,8,23 11,9,19 11,8,23 11,9,17 11,9,21 11,8,23 11,8,23 11,8,23 11,9,21 11,8,23 11,8,23 11,8,23 11,8,23 11,8,23 11,8,23
12,10,20 12,10,20 11,9,19 11,9,17 11,9,17 11,9,17 11,9,17 11,9,19 11,9,17 11,9,19 11,9,17 11,9,19 11,9,19 11,9,19 11,9,19 11,9,19 11,9,19 11,9,19 11,9,19 11,9,17 11,9,19 11,9,19 11,9,19 11,9,21 11,9,21 11,8,23 11,9,17 11,9,19 11,9,19 11,9,19 11,9,17 11,9,21 11,9,19 11,9,19 11,9,19 11,9,19 11,9,17 11,9,17 11,9,21 11,9,21 11,8,23 12,8,30 14,8,29 11,8,23 11,8,23 11,8,23 11,9,21 11,8,23 11,8,23 11,8,23 11,9,21 11,9,21 11,9,19 11,9,17 11,9,19 11,9,17 11,8,23 11,9,21 11,8,23 11,8,23 11,8,23 11,9,19 11,9,21 11,9,21
11,9,17 11,9,19 11,9,17 11,9,19 11,9,17 11,9,17 11,9,17 11,9,17 11,9,19 11,9,17 11,9,19 11,9,17 11,9,19 11,9,17 11,9,17 11,9,17 11,9,19 11,9,19 11,9,19 11,9,19 11,9,19 11,9,19 11,9,19 11,9,19 11,9,19 11,9,19 11,9,19 11,9,19 11,9,17 11,9,17 11,9,17 11,9,21 11,9,19 11,9,19 11,9,21 11,9,19 11,9,19 11,9,19 11,9,19 11,9,17 11,9,19 11,9,21 12,9,24 11,8,23 11,8,23 11,8,23 11,9,19 11,9,19 11,9,19 11,9,19 11,9,17 11,10,15 11,9,17 11,9,17 11,9,17 11,9,17 11,9,19 11,9,19 11,9,19 11,9,21 11,9,19 11,9,19 11,9,19 11,9,19
10,9,12 10,9,12 11,10,15 11,9,17 11,9,17 11,9,17 11,9,19 11,9,17 11,9,17 11,9,17 11,9,21 11,9,17 11,9,17 11,9,17 11,9,19 11,9,17 11,9,19 11,9,19 11,9,19 11,9,19 11,9,17 11,9,17 11,9,19 11,9,19 11,9,19 11,9,19 11,9,17 11,9,17 11,9,17 11,9,17 11,9,17 11,10,15 11,9,17 11,9,17 10,8,16 11,10,15 11,9,17 11,9,19 11,9,17 11,9,17 11,9,19 11,9,19 11,9,19 11,9,19 11,9,19 11,9,19 11,9,17 10,9,14 11,9,17 11,9,19 10,8,16 10,9,14 11,9,17 11,9,17 11,9,17 11,9,17 11,9,17 11,9,17 11,9,19 11,9,19 11,9,21 11,9,19 11,9,19 11,9,17
11,8,12 11,8,12 10,9,12 10,8,16 10,8,16 11,8,12 10,9,12 11,8,14 10,8,16 11,8,12 11,8,12 10,8,16 10,9,14 10,8,16 11,9,17 11,9,19 11,9,17 11,9,19 11,9,19 11,9,19 11,9,17 11,9,19 11,9,17 12,8,19 11,9,19 11,9,17 12,8,19 11,9,19 11,9,17 11,9,17 11,9,17 10,9,12 10,9,12 10,9,12 10,10,10 10,9,12 10,8,16 10,8,16 10,8,16 10,8,16 10,9,12 11,9,10 10,9,12 11,9,17 11,9,19 10,9,12 10,9,14 10,9,12 11,8,14 11,8,12 10,9,14 10,9,12 10,9,14 10,8,18 11,9,17 11,9,17 11,9,19 11,9,17 12,8,17 11,9,19 11,9,19 11,9,19 11,9,17 11,9,19