65,47,46 75,53,58 47,38,34 61,50,57 56,52,63 71,54,55 64,52,54 100,98,108 50,41,37 52,44,52 96,99,108 37,28,22 56,40,36 53,42,39 65,46,60 76,57,71 107,113,143 68,45,44 135,81,61 235,147,109 117,76,76 43,34,30 57,47,48 100,95,97 58,43,32 64,49,38 38,29,25 54,47,47 28,21,19 39,30,26 121,115,120 83,117,156
71,53,52 87,65,68 39,30,26 43,33,34 51,40,47 59,46,43 53,44,40 146,141,143 43,34,30 47,36,33 44,35,27 32,33,36 49,36,31 51,42,36 67,47,59 127,88,85 141,136,154 69,46,43 115,72,64 248,139,92 65,43,48 51,41,42 61,51,50 125,125,125 51,35,31 57,41,39 43,31,31 35,33,31 40,36,30 50,41,37 126,129,140 96,128,166
66,48,47 93,75,72 47,37,36 44,34,33 38,28,27 38,28,27 42,33,29 129,128,131 44,35,29 53,40,35 60,47,42 66,55,50 63,50,45 53,42,39 67,48,55 155,91,74 108,135,119 69,50,52 76,51,50 216,131,103 67,45,48 38,28,29 40,30,29 125,124,127 49,36,33 52,41,36 35,29,24 46,37,31 44,35,29 52,46,39 114,121,133 59,83,114
75,53,56 77,54,55 45,35,34 46,37,33 56,47,43 47,38,34 52,43,39 113,106,120 67,50,26 60,47,42 47,34,27 92,80,70 76,64,54 40,33,31 67,55,71 74,57,79 72,89,63 103,97,102 49,31,30 113,74,73 74,49,48 51,42,38 44,35,31 86,84,92 50,42,31 130,112,93 37,27,26 44,35,29 45,36,32 93,78,69 90,95,101 63,83,99
69,57,59 127,104,89 47,38,34 56,47,41 52,43,39 29,22,22 38,31,34 99,92,95 101,88,96 54,41,36 52,41,34 46,35,30 45,34,31 44,34,33 43,34,28 47,51,53 80,80,92 170,165,167 113,110,116 76,54,62 165,155,154 47,37,38 46,35,32 101,100,115 137,108,77 160,131,98 62,41,28 84,65,42 135,113,93 255,204,154 128,105,90 74,72,70
44,36,42 45,33,33 51,46,48 54,43,50 64,52,57 43,31,33 82,79,85 126,125,130 77,77,87 52,42,41 90,85,84 207,201,206 167,162,159 136,131,133 48,37,34 89,94,62 50,48,56 79,79,91 60,60,68 54,57,64 135,123,125 63,56,56 52,43,39 128,128,125 132,130,131 122,115,115 108,105,109 191,117,83 99,103,118 75,52,41 131,129,139 137,118,102
39,34,33 121,113,89 52,51,44 46,42,36 82,69,66 137,133,85 62,59,65 117,120,127 101,97,106 131,105,91 139,106,79 216,160,113 192,127,90 145,98,66 46,49,56 105,101,112 77,77,87 109,108,123 113,115,129 65,66,85 112,111,114 85,84,101 138,136,148 36,24,24 148,117,96 58,82,69 96,67,61 193,116,79 55,53,75 137,90,81 104,87,93 139,128,121
38,31,31 43,38,35 51,52,55 45,52,47 72,72,42 29,24,26 70,64,59 92,91,106 98,95,110 65,63,43 148,117,96 118,80,59 180,123,94 221,161,120 83,71,71 93,83,87 145,135,139 76,72,81 255,201,152 69,67,77 79,78,81 60,34,40 50,40,44 48,51,43 66,49,50 248,169,123 121,70,44 253,163,114 82,72,71 114,70,60 211,124,83 161,125,117
184,169,129 116,110,85 52,52,52 49,54,53 48,50,50 37,32,34 34,34,31 67,63,72 91,90,95 46,46,32 59,58,47 159,113,85 105,71,51 182,136,99 204,197,200 125,113,118 86,83,100 175,125,94 98,70,61 106,100,91 72,68,77 45,42,46 34,29,28 41,38,42 100,94,99 57,72,60 160,118,96 192,151,124 57,48,59 40,36,47 69,54,45 152,104,75
135,136,68 153,152,98 176,159,124 179,153,128 57,57,54 60,60,60 34,28,33 42,44,39 49,51,48 35,39,24 42,45,33 51,48,52 133,99,77 117,87,70 55,49,56 101,96,98 156,150,155 75,81,68 75,70,67 96,87,81 82,80,88 103,92,87 140,120,100 78,66,54 99,87,50 55,71,50 232,166,134 188,137,111 54,46,54 51,39,51 81,55,43 149,111,90
93,72,49 119,81,60 122,73,51 175,158,121 159,142,114 142,130,93 154,150,102 130,133,69 111,108,66 153,143,105 118,116,117 62,59,76 57,56,61 76,82,101 184,179,181 189,182,182 68,62,69 173,158,136 47,42,39 96,87,83 133,121,126 128,113,104 97,86,83 176,164,125 255,235,146 41,56,42 62,57,59 68,60,66 75,59,57 88,76,78 141,112,92 127,118,110
182,158,132 85,63,43 129,83,65 194,170,148 200,177,148 187,163,137 183,158,128 186,157,133 183,158,130 205,173,143 193,165,136 184,158,137 89,93,106 182,165,155 164,160,169 87,83,92 219,206,199 177,151,126 54,43,36 79,73,68 73,63,67 75,70,69 62,51,48 187,168,143 89,83,74 44,55,44 185,152,125 190,162,133 106,83,72 187,157,129 133,99,81 195,174,133
198,175,146 130,99,78 77,55,37 180,155,125 191,168,137 193,164,140 186,161,133 140,135,92 150,141,96 135,127,75 125,127,74 95,104,58 198,169,138 195,168,136 93,91,99 196,166,138 122,120,132 98,82,80 189,161,134 53,52,55 104,95,91 102,91,84 142,116,93 95,76,64 44,54,48 58,84,71 194,166,137 189,162,130 64,52,54 107,104,51 109,83,73 109,115,63
98,97,112 175,168,171 118,81,66 115,75,50 127,87,51 116,114,52 119,129,64 91,96,35 121,120,68 170,155,133 190,166,140 205,175,149 195,166,142 194,164,136 60,59,74 100,94,101 51,47,58 57,57,67 63,62,79 44,42,43 60,55,52 122,111,106 146,117,95 143,117,92 155,126,102 89,74,63 80,67,60 87,72,63 102,59,12 144,132,106 83,50,25 110,114,58
129,129,137 57,55,63 142,141,146 225,220,219 135,104,85 125,82,63 154,116,95 172,138,116 175,130,109 141,124,89 61,58,75 62,65,85 67,61,66 70,71,90 68,62,67 64,64,74 131,127,138 64,61,76 70,60,59 182,166,149 70,64,69 94,89,86 137,113,91 146,118,91 163,126,102 145,114,93 139,108,87 126,107,84 116,97,74 180,154,131 170,145,117 145,122,93
147,147,155 51,49,57 71,70,75 183,181,189 182,172,173 163,117,91 188,163,135 255,241,177 255,223,159 255,217,163 227,177,131 168,123,102 135,104,81 152,123,101 81,51,23 183,159,135 126,67,39 170,145,126 53,51,59 78,71,71 71,65,70 78,71,71 95,83,88 173,137,104 166,136,108 184,149,122 179,150,117 144,119,91 163,134,103 147,142,91 120,117,77 129,116,82
144,142,150 72,71,76 56,56,68 99,101,115 51,58,81 144,136,114 67,64,68 215,182,155 140,102,83 158,122,102 103,72,51 199,131,72 142,123,107 116,97,83 107,37,6 167,92,63 162,90,51 158,78,37 171,99,49 132,106,85 196,162,140 154,135,121 189,170,147 77,69,75 76,63,60 199,166,129 62,55,53 163,131,101 114,110,62 105,102,51 99,102,40 73,69,34
90,88,98 87,87,99 52,43,54 55,50,52 67,66,71 91,91,101 122,106,102 132,102,87 123,96,80 119,85,65 168,125,110 153,112,96 96,82,87 56,45,54 51,30,26 45,30,19 203,113,69 169,86,48 117,59,24 146,96,65 146,100,72 130,112,109 135,109,97 60,54,59 187,166,141 199,168,147 165,147,115 92,89,49 92,72,82 52,40,30 173,170,119 134,134,75

65,47,46 75,53,58 47,38,34 61,50,57 56,52,63 69,55,55 64,52,54 100,98,108 50,41,37 52,44,52 96,99,108 37,28,22 56,40,36 55,42,39 65,46,60 85,68,69 107,113,143 68,45,44 135,81,61 235,147,109 117,76,76 43,34,30 57,47,48 100,95,97 58,43,32 64,49,38 38,29,25 54,47,47 28,21,19 39,30,26 121,115,120 83,117,156
71,53,52 87,65,68 39,30,26 43,33,34 51,40,47 57,46,43 53,44,40 146,141,143 43,34,30 47,36,33 44,35,27 32,33,36 49,36,31 51,40,35 67,47,59 104,71,64 141,136,154 69,46,43 115,72,64 248,139,92 65,43,48 51,41,42 61,51,52 125,125,125 51,35,31 57,41,39 43,31,31 35,33,31 40,36,30 50,41,37 126,129,140 96,128,166
66,48,47 93,75,72 47,37,36 44,34,33 38,28,27 38,28,27 42,33,29 129,128,131 44,35,29 53,40,35 60,47,42 66,55,50 63,50,45 52,41,38 67,48,55 137,76,60 108,135,119 69,50,52 76,51,50 216,131,103 67,46,46 38,28,29 40,30,31 125,124,127 49,36,33 52,41,36 35,29,24 46,37,31 44,35,29 52,46,39 114,122,131 59,82,116
75,53,56 77,54,55 45,35,34 46,37,33 56,47,43 47,38,34 52,43,39 113,106,120 67,50,26 60,47,42 47,34,27 92,80,70 76,64,54 40,33,31 67,55,71 77,60,80 72,89,63 103,97,102 49,31,30 113,74,73 74,49,48 51,42,38 46,37,33 86,84,92 91,81,82 124,105,93 37,27,26 44,35,29 46,37,33 57,46,41 90,95,101 63,83,99
69,57,59 131,108,93 47,38,34 56,47,41 52,43,39 29,22,22 42,34,40 99,92,95 88,75,83 54,41,36 53,42,35 45,36,30 45,34,31 44,34,33 100,100,112 93,98,97 86,86,98 169,164,166 113,110,116 67,61,68 192,181,176 47,37,38 61,55,62 169,147,69 98,86,91 166,137,104 61,39,31 84,63,36 133,113,93 109,73,53 78,53,34 74,72,70
44,36,42 45,33,33 51,46,48 54,43,50 64,52,57 43,31,33 86,83,89 128,127,132 80,80,90 49,42,40 90,85,87 207,201,206 168,163,160 138,132,137 56,56,64 121,93,84 50,48,56 79,79,91 60,60,68 58,51,54 72,64,72 158,155,159 52,42,43 120,122,119 130,130,130 120,113,113 112,106,111 253,189,74 102,106,119 79,57,51 189,173,167 141,120,105
40,33,33 120,114,89 52,51,44 46,42,36 82,69,66 137,133,85 56,53,59 119,122,129 96,92,101 132,105,89 139,106,79 216,159,115 190,128,90 147,97,66 198,193,195 150,144,149 76,79,88 205,133,98 91,94,105 86,89,100 231,224,222 126,128,142 159,149,148 72,61,54 163,128,103 105,84,59 115,81,47 209,138,112 62,47,57 85,71,76 255,174,134 133,121,121
38,31,31 44,37,35 51,52,57 45,52,47 72,72,42 29,24,26 72,66,61 93,93,105 98,96,104 65,63,43 152,116,96 118,80,59 180,123,92 214,157,115 148,140,146 75,67,73 77,64,59 129,91,81 92,86,93 54,53,56 63,60,66 45,43,44 84,80,72 90,84,79 94,84,74 255,201,156 216,137,96 92,48,36 92,69,58 77,60,61 201,117,84 255,178,142
184,169,129 116,110,85 52,52,52 49,54,53 48,50,50 37,32,34 34,34,31 67,63,72 88,87,92 46,46,32 59,58,47 159,113,83 105,71,51 187,133,99 69,63,70 87,80,83 62,58,50 48,49,39 93,83,82 50,44,49 84,79,81 105,98,101 83,77,72 138,118,98 76,78,61 115,119,102 97,100,80 189,150,122 188,153,140 41,38,42 35,30,29 140,98,74
134,135,69 149,146,93 176,159,124 179,153,128 57,57,54 54,52,60 34,28,33 42,44,39 49,51,48 35,39,24 42,45,33 51,48,52 133,99,77 66,43,40 64,64,74 63,63,73 198,139,109 165,111,73 87,80,78 91,82,76 72,65,63 76,69,67 74,64,63 40,35,34 94,97,77 56,64,41 230,167,134 188,137,111 54,44,48 56,45,54 59,39,32 149,112,88
123,78,55 112,81,62 185,167,137 174,159,121 159,142,114 142,130,93 157,154,99 130,133,69 111,108,68 153,143,105 118,116,117 62,59,76 53,53,61 40,29,26 116,115,132 72,68,77 63,55,63 180,161,149 54,51,55 124,113,108 124,114,102 255,237,219 76,62,67 112,89,74 75,65,53 49,63,44 63,58,60 68,61,64 63,50,47 91,81,82 136,106,89 127,118,110
100,76,54 106,75,56 187,158,134 197,168,144 200,177,148 187,163,137 185,157,128 186,157,133 183,158,130 205,173,143 193,165,136 184,158,137 166,146,126 195,176,141 176,164,154 64,51,46 184,159,131 178,149,125 153,137,104 39,37,38 121,112,108 165,138,122 156,134,114 104,93,86 34,33,26 44,59,45 184,151,124 189,161,132 99,79,70 199,167,137 129,95,77 195,174,133
88,65,50 72,45,29 211,181,155 182,155,123 191,168,137 193,164,140 186,161,133 140,135,92 148,138,96 135,127,75 125,127,74 99,111,64 202,173,140 196,167,134 72,68,79 63,59,70 74,67,77 175,155,146 189,159,133 99,102,67 50,45,47 114,106,112 57,50,53 100,87,82 45,53,43 76,87,76 194,166,137 189,162,130 62,48,48 104,106,53 103,79,71 109,115,63
132,131,134 96,88,105 121,86,73 115,76,48 126,89,49 116,114,52 119,129,64 91,96,35 121,120,68 177,160,134 61,63,79 71,68,85 60,62,78 63,62,77 67,63,72 71,69,81 157,142,133 60,56,65 163,161,173 67,64,70 111,111,70 65,68,48 74,64,68 152,123,99 134,113,90 64,69,63 144,120,98 94,70,46 102,59,12 144,132,104 83,50,23 110,114,60
159,159,167 81,79,87 137,136,141 199,194,191 165,121,93 125,82,65 155,119,97 172,138,116 175,130,109 141,124,85 182,163,128 187,162,134 180,167,164 184,174,150 150,129,114 142,126,120 143,136,139 72,65,77 62,60,72 66,64,72 79,74,76 136,119,109 123,104,92 166,136,108 156,131,101 136,112,88 127,106,83 116,96,78 105,84,69 183,157,134 171,146,118 145,122,93
55,55,63 53,51,59 79,78,83 166,164,172 152,147,149 163,117,91 169,143,118 255,240,173 255,223,159 255,217,163 227,177,131 168,123,102 135,104,81 152,123,101 81,52,21 185,157,130 126,64,35 182,145,121 179,155,131 193,167,142 185,161,135 178,159,134 107,95,97 156,126,98 162,131,108 172,137,112 175,138,112 139,113,88 150,122,95 113,101,75 120,117,77 129,116,82
167,166,171 68,67,70 62,60,68 74,75,94 36,54,82 108,98,86 55,54,57 220,186,156 140,102,83 158,122,102 103,72,51 199,131,72 142,123,107 116,97,83 107,37,6 169,91,63 162,90,51 158,78,39 171,99,49 134,108,87 192,158,138 200,176,150 169,151,121 167,135,105 98,76,68 186,152,118 218,182,149 162,134,107 145,122,93 119,107,77 99,102,40 73,69,34
88,84,93 81,81,93 45,37,45 55,50,52 98,96,104 144,145,150 107,88,90 130,103,87 123,96,80 119,85,65 168,125,110 153,112,96 96,82,87 56,45,54 51,30,26 45,30,19 203,113,69 169,86,48 117,59,24 146,96,65 146,100,72 133,111,103 143,127,125 168,139,115 191,165,142 191,170,143 154,139,117 98,93,54 151,130,115 50,38,28 173,170,119 134,134,75

42,47,43 54,63,46 101,177,255 94,177,255 97,175,255 99,175,255 99,175,255 99,175,255 99,175,255 99,175,255 99,175,255 99,175,255 99,175,255 97,176,255 99,171,255 58,68,60 39,45,64 43,50,64 43,51,58 87,101,82 100,176,255 99,175,255 99,176,255 99,175,255 99,175,255 100,169,255 50,53,33 40,41,31 41,42,32 45,47,32 79,82,51 36,40,42
42,46,50 108,141,174 47,54,49 52,59,54 102,178,255 101,177,255 101,177,255 101,177,255 101,177,255 101,177,255 101,177,255 101,177,255 101,177,255 100,170,255 36,58,99 55,61,34 37,43,60 43,51,58 48,57,59 53,64,53 99,180,255 90,153,252 115,124,78 103,179,255 102,164,255 35,57,89 38,41,29 45,47,32 30,31,21 30,31,23 93,95,78 47,54,36
69,71,68 35,39,43 34,39,45 34,40,41 116,144,138 105,181,255 106,182,255 105,181,255 107,180,255 106,182,255 106,182,255 106,182,255 105,181,255 39,47,65 33,39,58 38,45,57 31,37,56 44,43,58 39,48,50 45,56,45 57,87,98 52,56,39 48,55,39 41,42,30 60,66,53 50,57,41 84,117,177 111,142,214 147,153,101 41,44,34 41,44,36 45,48,38
39,43,45 42,44,39 43,49,36 69,72,48 125,125,82 129,137,84 59,85,118 43,52,65 42,51,62 63,76,77 66,78,74 54,63,63 101,143,218 84,93,74 34,39,49 33,43,51 45,55,52 40,49,60 35,41,42 53,63,55 53,58,36 38,41,31 46,50,35 37,38,28 41,44,36 34,35,23 57,58,50 41,42,34 51,51,35 41,44,34 36,39,29 32,35,27
29,34,42 41,46,40 36,39,27 35,43,33 49,54,32 122,124,67 106,141,171 74,85,72 72,85,62 34,40,59 83,97,136 39,46,69 38,61,88 105,115,82 33,36,58 34,39,47 40,50,44 47,44,59 43,51,41 124,142,139 90,108,125 38,39,31 39,42,32 38,39,29 38,39,31 73,77,39 43,49,38 38,32,27 45,46,34 58,62,45 66,49,41 45,49,32
27,29,24 29,29,39 34,40,31 35,38,30 34,35,38 50,56,43 150,156,88 53,55,50 41,46,52 62,71,73 38,48,68 62,83,118 48,53,59 56,60,64 120,168,255 34,38,51 40,50,47 43,50,48 38,46,34 41,52,41 111,171,255 37,39,39 76,105,164 34,35,25 35,41,28 38,45,38 60,63,43 44,46,31 44,45,33 34,35,25 35,21,23 72,50,44
30,33,25 34,36,33 48,56,42 38,41,31 41,44,34 41,45,30 34,37,29 36,41,49 31,36,42 39,48,50 38,43,49 25,57,110 40,47,61 31,45,66 31,40,53 46,42,53 54,62,48 39,44,52 35,42,40 65,71,58 120,182,255 49,77,109 101,144,212 78,89,60 24,27,19 31,34,24 48,49,39 46,47,35 50,51,39 47,48,38 47,31,25 37,36,29
41,44,34 38,45,43 37,39,24 37,40,30 38,39,29 31,31,26 79,58,56 70,45,42 57,46,53 38,44,47 46,53,46 41,49,56 56,93,158 55,66,55 59,83,114 35,40,50 38,45,43 52,60,50 31,42,43 62,86,115 120,187,255 121,188,255 138,187,255 43,50,43 41,44,32 27,30,22 36,27,19 31,30,23 46,47,39 50,37,45 35,38,30 32,33,25
37,36,29 48,35,32 46,37,29 34,35,27 30,30,27 28,26,27 38,41,33 33,40,54 31,36,46 69,52,58 31,39,44 47,53,54 48,64,102 35,54,75 52,52,47 44,46,43 35,35,43 34,34,42 39,51,42 63,81,121 119,144,126 128,188,255 130,189,255 42,49,44 43,44,32 39,40,30 37,38,28 38,39,29 50,40,39 27,28,31 34,35,27 37,38,28
44,28,24 42,28,28 34,29,26 49,35,35 33,33,30 37,37,45 42,44,41 34,39,49 35,44,57 28,40,46 34,37,57 46,56,64 49,54,50 126,172,252 36,40,44 48,49,54 53,62,43 40,45,41 35,37,34 46,50,33 48,52,35 84,86,58 114,121,73 98,100,54 32,35,25 30,33,23 29,31,26 35,37,37 102,127,182 34,35,27 40,41,29 27,30,20
50,54,39 38,36,46 43,32,27 34,35,38 34,34,34 41,37,31 38,41,33 33,37,50 64,99,151 48,48,48 62,91,150 64,119,198 32,39,51 39,40,43 32,37,45 48,50,47 44,46,31 41,42,32 42,36,41 44,45,33 46,48,33 41,42,30 36,39,29 29,30,22 34,35,27 35,34,27 35,37,37 26,29,36 34,35,40 50,40,41 139,189,255 54,50,40
46,56,34 39,27,27 38,37,40 33,31,32 31,32,35 34,36,33 43,46,36 39,51,73 34,38,51 107,148,203 48,49,54 51,49,47 47,41,48 87,126,191 81,110,157 50,38,43 41,42,30 39,42,32 36,38,35 38,40,37 41,42,32 35,31,21 91,94,70 68,72,45 39,45,34 26,34,24 39,41,38 27,47,75 73,55,54 48,58,55 133,195,255 131,197,255
24,43,53 135,202,255 26,33,47 36,31,33 27,29,29 31,33,30 44,55,54 74,113,168 136,200,255 84,122,180 29,43,55 95,133,191 137,203,255 143,200,255 76,98,141 59,61,46 46,42,32 41,42,32 35,38,28 38,39,29 35,38,30 50,54,39 38,41,31 47,47,33 55,57,40 44,39,38 38,31,34 101,117,155 53,56,65 138,199,255 137,199,255 58,81,119
60,96,141 36,38,33 23,28,24 108,157,232 31,33,30 54,59,69 35,42,40 140,199,255 138,200,255 141,200,255 49,57,47 50,58,37 52,56,39 46,50,33 141,190,255 63,45,40 40,40,35 48,49,39 41,42,30 43,45,42 41,35,30 46,53,37 41,42,32 46,50,33 58,42,40 42,47,43 133,195,255 138,200,255 138,200,255 138,200,255 138,200,255 141,199,255
65,61,70 49,54,32 31,32,24 141,199,255 34,34,34 32,40,56 35,46,59 140,202,255 140,202,255 96,139,211 51,58,40 102,126,171 43,48,47 78,117,182 54,49,37 63,46,36 35,36,41 40,41,31 34,35,25 44,40,30 41,43,28 43,46,34 43,47,30 49,33,29 61,40,38 143,201,255 140,202,255 140,202,255 140,202,255 140,202,255 140,202,255 140,202,255
141,204,255 139,202,255 142,201,255 141,204,255 141,205,255 140,196,255 143,202,255 141,203,255 140,203,255 141,203,255 134,168,225 77,111,168 54,78,109 33,39,30 82,60,54 74,54,45 46,48,33 38,41,29 44,45,35 41,42,32 47,49,34 147,184,251 135,180,247 41,42,34 74,52,46 51,61,65 141,204,255 140,203,255 141,204,255 140,203,255 141,204,255 140,203,255
147,206,255 147,206,255 147,206,255 147,206,255 147,206,255 149,205,255 148,206,255 147,206,255 39,41,55 37,39,53 147,203,255 147,206,255 147,206,255 59,88,131 86,62,54 65,43,35 34,35,25 49,45,35 36,36,31 38,39,27 116,163,236 75,89,112 48,49,54 53,79,112 54,38,32 50,37,30 147,206,255 147,206,255 147,206,255 147,206,255 147,206,255 147,206,255
153,211,255 153,211,255 153,211,255 153,211,255 162,204,255 54,61,75 39,43,45 30,33,44 43,43,43 35,37,51 76,81,59 154,211,255 153,211,255 155,209,255 83,59,51 65,43,37 30,33,25 32,35,27 36,38,35 35,38,30 118,153,201 151,211,255 153,210,255 129,170,234 41,35,30 48,32,26 52,74,115 153,211,255 153,210,255 153,211,255 153,211,255 153,211,255

47,52,48 60,69,50 102,176,255 94,177,255 97,175,255 99,175,255 99,175,255 99,175,255 99,175,255 99,175,255 99,175,255 99,175,255 99,175,255 97,176,255 98,174,255 61,71,63 38,44,63 48,56,63 47,55,60 86,107,105 100,175,255 99,175,255 99,176,255 99,175,255 99,175,255 123,156,161 76,78,61 45,46,34 37,38,30 50,51,39 92,92,60 36,38,38
42,46,48 114,131,126 45,57,50 47,57,54 102,178,255 102,178,255 101,177,255 101,177,255 101,177,255 101,177,255 101,177,255 101,177,255 101,177,255 97,163,255 41,65,125 77,82,58 39,45,62 45,53,60 46,56,50 55,66,55 99,180,255 111,171,255 64,79,63 101,178,255 102,178,255 45,53,43 39,40,28 46,47,35 34,35,25 29,30,22 50,52,35 59,58,47
67,68,71 35,39,41 36,39,48 37,41,43 110,163,241 105,181,255 105,181,255 105,181,255 108,181,255 106,182,255 106,182,255 106,182,255 105,181,255 43,50,64 37,43,60 35,44,67 34,41,55 42,45,56 42,48,49 46,57,46 44,55,42 57,61,44 45,48,36 42,45,35 48,55,39 89,95,82 88,119,193 91,141,222 130,137,80 40,46,37 48,51,41 40,46,35
42,44,44 48,51,43 48,55,39 114,120,81 140,143,81 93,106,81 58,81,115 43,52,65 42,52,60 73,86,85 76,94,93 53,65,61 105,138,200 78,90,72 34,38,51 38,48,56 45,54,54 43,51,60 36,37,40 116,128,94 48,53,33 35,42,26 46,50,35 38,39,29 39,42,30 28,31,21 39,38,29 58,64,51 49,43,34 45,48,38 36,39,29 37,40,30
29,34,44 33,40,35 43,46,36 37,43,32 50,53,31 137,140,78 114,165,255 76,86,64 82,94,74 40,43,61 98,115,160 36,44,64 49,83,138 114,122,81 31,37,56 33,38,46 43,53,47 48,45,62 44,54,46 124,143,151 57,58,50 33,34,26 42,45,33 39,40,30 41,35,30 91,94,72 42,44,39 35,29,24 46,49,37 79,64,53 57,45,35 36,40,23
31,33,28 29,30,35 38,41,33 35,38,30 32,33,36 48,54,43 134,138,82 47,53,54 40,45,51 72,82,88 37,44,58 82,104,145 46,54,59 62,67,73 114,146,213 34,39,47 43,53,50 45,51,52 43,51,41 40,51,40 124,165,249 43,46,38 79,107,171 34,35,27 68,74,61 40,45,39 50,52,35 39,42,30 45,46,36 43,34,28 36,22,22 79,57,49
28,31,23 34,35,38 48,55,37 38,41,31 38,41,29 45,48,36 38,42,27 38,43,51 33,38,44 41,47,48 37,45,54 29,47,85 42,46,59 40,55,73 32,39,53 48,47,52 50,61,46 37,45,52 40,45,51 64,69,63 124,189,255 56,62,63 123,183,255 87,92,70 28,31,23 42,45,33 41,42,32 39,40,30 39,40,30 39,40,30 57,41,35 20,15,14
38,39,27 40,40,35 47,47,33 31,34,24 33,34,24 33,34,26 71,59,61 76,50,38 89,83,88 36,40,44 43,53,47 41,49,58 100,146,236 54,65,52 61,78,121 33,38,48 46,53,51 57,64,57 34,52,78 95,121,165 121,187,255 121,188,255 144,177,200 52,60,50 30,33,23 30,33,25 47,38,30 28,27,20 35,33,29 57,43,48 32,35,27 27,27,22
37,33,27 50,34,30 50,44,37 30,30,25 32,32,29 33,31,29 149,136,104 123,100,60 216,172,60 96,106,112 31,36,44 51,62,61 37,52,68 38,46,51 47,47,42 41,46,42 35,35,43 36,37,40 38,56,43 41,47,66 127,175,253 128,188,255 138,186,255 41,48,46 40,41,31 50,51,39 31,32,24 33,34,24 46,36,37 29,29,26 30,31,23 32,33,23
44,29,20 45,31,31 39,27,27 43,33,37 38,36,34 72,62,61 185,164,137 227,173,87 128,117,98 39,38,53 21,29,59 45,56,57 49,55,46 130,189,255 35,38,49 44,46,43 49,56,38 45,47,47 44,46,31 46,50,35 46,51,31 77,83,54 114,121,73 75,74,36 32,33,25 31,34,26 33,33,30 35,37,37 56,80,129 34,35,23 51,51,35 30,31,21
46,53,37 38,43,69 44,28,26 48,46,42 85,80,77 71,65,56 68,62,67 117,90,47 43,69,104 45,46,49 75,105,168 81,136,213 36,43,55 45,47,44 32,37,45 41,43,43 43,47,30 40,41,31 44,39,41 44,46,31 45,47,32 38,39,27 36,39,31 30,31,19 34,35,27 50,39,36 34,35,38 29,32,39 37,34,38 60,46,46 134,171,238 37,37,32
53,63,41 36,26,27 79,76,63 91,82,74 68,62,55 102,93,74 64,67,47 49,53,66 30,36,53 66,94,128 42,46,48 48,48,45 46,42,53 63,96,156 68,93,135 47,40,43 38,39,29 34,37,29 31,33,30 35,37,34 43,44,32 62,63,44 66,68,53 59,62,42 57,60,50 25,32,25 43,45,40 46,48,64 73,54,56 88,106,134 134,196,255 138,188,255
69,80,91 137,196,255 78,79,82 104,95,78 100,93,77 57,53,47 52,59,52 118,166,236 137,199,255 45,72,113 36,59,95 108,147,202 135,197,255 135,188,255 91,115,160 53,54,42 43,39,29 50,51,39 35,38,28 38,39,31 35,38,30 57,62,42 38,41,31 51,50,39 51,52,40 47,39,45 41,33,41 35,46,77 40,49,49 142,200,255 137,199,255 38,46,51
137,186,255 29,32,24 62,67,75 95,122,163 92,84,73 50,55,63 38,46,51 138,200,255 138,200,255 145,200,255 54,60,49 58,61,39 52,57,37 42,45,33 146,180,246 57,47,37 32,34,29 36,39,29 44,45,33 49,54,53 40,36,28 50,51,39 43,44,32 48,43,31 45,35,34 43,48,47 135,202,255 138,200,255 138,200,255 138,200,255 138,200,255 140,195,255
42,40,38 47,50,30 75,72,59 141,200,255 32,31,34 68,76,104 51,77,121 140,202,255 140,202,255 48,73,115 48,52,37 134,176,253 41,51,48 38,64,99 67,55,43 56,39,31 36,38,35 39,40,30 33,34,24 44,38,29 46,45,34 42,46,31 40,46,33 54,39,30 41,34,37 140,202,255 140,202,255 139,201,255 140,202,255 140,202,255 140,202,255 140,202,255
141,204,255 139,195,255 141,203,255 141,204,255 144,203,255 125,174,255 142,202,255 141,203,255 140,203,255 140,202,255 135,170,222 51,76,118 47,57,75 45,46,34 79,55,47 60,43,33 50,52,35 44,43,34 36,37,29 41,42,30 44,47,37 115,149,204 51,74,101 44,38,31 62,40,32 92,121,148 141,204,255 140,203,255 141,204,255 140,203,255 141,204,255 140,203,255
147,206,255 147,206,255 147,206,255 147,206,255 147,206,255 149,205,255 147,207,255 147,206,255 46,49,69 33,45,67 149,205,255 147,206,255 148,207,255 51,61,79 85,61,53 51,33,28 31,29,25 41,44,34 35,33,29 39,40,28 158,213,255 43,48,56 53,60,72 65,88,115 52,37,28 59,48,55 149,204,255 147,206,255 147,206,255 147,206,255 147,206,255 147,206,255
153,211,255 153,211,255 153,211,255 153,211,255 149,184,236 33,40,54 41,45,49 27,35,44 38,39,42 35,37,51 84,86,58 156,211,255 155,210,255 156,211,255 83,60,49 48,32,28 27,32,28 36,37,27 34,39,33 32,35,27 109,149,209 150,210,255 152,209,255 62,85,123 39,28,25 50,34,28 155,203,255 153,210,255 153,210,255 153,211,255 153,210,255 153,211,255

49,56,54 67,79,61 103,177,255 99,175,255 97,175,255 99,175,255 99,175,255 99,175,255 99,175,255 99,175,255 99,175,255 99,175,255 99,175,255 99,175,255 99,176,255 58,68,65 37,43,64 64,73,73 66,75,75 98,126,160 100,176,255 99,175,255 99,175,255 99,175,255 99,175,255 95,107,69 59,61,46 39,40,28 43,44,34 59,60,48 52,55,24 33,36,45
44,45,48 104,117,94 43,57,48 45,57,50 102,178,255 101,177,255 101,177,255 101,177,255 101,177,255 101,177,255 101,177,255 101,177,255 101,177,255 90,157,255 51,89,149 88,98,76 39,45,62 47,55,62 43,53,45 55,64,47 100,182,255 64,110,161 58,81,119 101,178,255 102,179,255 46,46,30 43,39,31 46,48,33 37,40,30 26,27,17 41,45,28 57,60,40
39,40,43 35,39,43 36,40,42 38,39,44 110,179,255 107,183,255 105,181,255 105,181,255 106,182,255 105,181,255 106,182,255 106,182,255 107,180,255 39,46,60 38,47,60 29,46,77 39,46,60 41,46,56 43,50,45 40,50,42 46,51,47 56,61,41 46,47,35 43,50,48 44,51,35 90,98,88 57,70,114 57,94,159 131,139,75 40,46,35 45,48,38 41,42,32
38,40,40 49,52,42 55,60,40 149,157,104 141,146,83 61,74,60 51,74,101 43,52,65 42,52,58 87,101,94 74,97,120 52,63,62 104,130,174 78,86,72 34,38,53 40,50,54 44,52,57 45,54,56 36,38,38 97,114,88 36,39,29 40,47,31 47,49,34 39,40,28 44,45,33 30,31,21 38,32,25 54,61,45 47,36,29 39,45,32 34,37,29 39,40,32
28,33,43 35,42,37 45,48,38 38,41,29 61,62,39 139,141,84 117,184,255 89,100,69 83,95,77 38,50,58 112,128,168 39,45,64 76,119,187 112,119,85 30,38,56 37,40,47 46,56,53 46,45,62 44,55,42 119,149,162 48,48,43 31,32,24 43,44,36 34,35,25 46,48,43 53,54,42 38,37,30 43,37,32 52,51,40 85,62,49 59,48,41 40,47,31
32,34,31 33,33,33 35,38,28 35,38,30 36,38,33 40,45,39 127,129,83 43,51,56 36,41,47 64,72,77 115,101,87 96,106,153 46,56,64 64,73,84 75,99,144 38,44,47 43,50,48 43,49,52 52,60,48 41,51,43 86,112,149 53,58,57 123,143,187 32,35,27 50,56,47 42,48,37 47,49,32 51,54,44 43,46,36 43,30,27 43,27,23 78,52,42
23,26,18 34,35,40 43,52,33 42,48,37 43,47,32 38,41,31 52,56,39 39,44,50 51,56,52 122,113,94 194,169,150 144,132,106 40,46,63 51,60,83 31,38,52 60,61,64 50,58,46 39,47,52 39,46,60 51,60,60 121,187,255 69,69,53 119,189,255 72,77,57 24,27,19 45,49,34 33,34,24 48,49,39 39,40,30 32,31,24 47,38,30 46,35,32
39,40,30 33,34,24 49,45,37 33,34,24 31,32,22 34,33,26 68,61,71 81,69,59 142,133,106 93,91,73 56,51,53 44,42,43 122,178,255 56,64,50 80,98,136 34,38,51 43,50,48 74,80,67 51,72,109 84,110,156 121,188,255 123,188,255 135,153,120 46,53,46 23,26,18 28,31,23 36,30,25 34,35,27 41,36,35 61,44,45 32,35,27 32,30,26
38,29,25 51,33,30 54,48,41 27,27,22 31,31,28 58,54,44 111,103,90 140,132,110 128,119,100 114,104,80 45,46,51 55,67,75 37,46,57 34,42,47 43,45,40 39,44,40 36,37,42 39,38,43 41,50,52 43,50,48 125,193,255 127,187,255 148,185,234 38,45,43 37,38,28 46,47,35 26,27,19 31,32,22 34,35,38 33,33,28 31,32,24 31,34,24
44,29,20 42,28,28 46,34,34 44,39,38 80,75,63 82,73,58 134,122,96 98,93,92 66,66,78 47,52,48 27,47,89 45,59,52 47,54,49 112,170,255 34,37,55 43,48,42 47,56,39 43,42,45 96,99,66 41,47,34 49,53,36 52,57,35 103,111,58 113,112,74 34,35,25 34,37,27 31,33,33 36,38,38 40,70,120 41,42,32 52,54,39 32,33,23
53,57,40 37,36,51 49,40,36 77,69,56 96,89,71 79,71,58 89,80,65 53,54,57 39,61,91 36,38,38 95,133,193 96,151,230 38,43,51 52,54,49 31,39,48 35,36,41 48,52,35 43,44,34 42,38,47 50,52,37 48,49,37 37,38,30 37,38,30 34,35,27 36,37,29 53,35,34 30,31,34 28,28,36 46,41,40 71,53,50 37,45,73 39,46,60
47,55,34 74,66,55 70,62,49 88,79,64 66,61,49 110,95,73 55,59,42 39,47,63 29,36,50 50,61,72 41,45,49 48,46,44 43,44,65 37,63,109 46,60,83 45,38,41 37,38,28 29,32,24 32,33,36 38,40,35 43,44,34 58,60,32 52,56,39 51,53,36 33,29,19 30,30,30 36,41,35 47,45,46 78,51,44 80,105,145 135,197,255 87,121,189
69,95,159 152,208,255 98,104,107 107,92,70 101,88,67 39,38,31 41,49,37 144,200,255 139,198,255 32,58,95 98,122,180 126,169,237 139,195,255 111,159,229 60,81,131 45,46,36 37,37,23 50,53,41 34,35,27 38,38,33 34,35,27 57,61,44 44,45,37 49,48,37 37,39,22 51,40,49 37,35,45 33,37,52 42,54,47 139,198,255 137,199,255 44,46,41
150,193,255 54,50,42 90,125,188 61,69,87 87,80,60 32,32,40 57,77,105 138,200,255 138,200,255 147,198,255 45,53,43 58,61,41 50,52,35 41,42,32 123,134,176 51,46,34 31,33,28 32,35,25 41,42,30 35,41,42 38,37,28 41,48,32 45,46,34 54,38,34 39,37,38 44,54,51 138,200,255 139,201,255 138,200,255 137,201,255 138,200,255 130,176,255
56,50,41 71,74,50 47,43,33 142,195,255 29,28,31 57,64,89 129,169,240 140,202,255 140,202,255 43,55,61 38,41,29 135,183,255 44,49,43 55,68,94 85,61,53 46,35,28 36,38,33 45,46,34 39,40,30 48,43,31 47,46,35 38,41,29 41,47,36 54,39,28 31,36,46 140,202,255 140,202,255 140,202,255 140,202,255 140,202,255 140,202,255 139,203,255
144,207,255 75,116,182 139,201,255 141,200,255 131,184,255 85,125,194 140,203,255 141,203,255 140,203,255 141,203,255 86,116,166 29,48,79 54,70,95 52,52,38 91,67,59 51,35,29 51,53,38 41,40,33 34,35,25 40,41,31 44,53,53 137,179,238 47,54,52 70,52,49 72,48,40 151,201,255 140,203,255 140,203,255 141,204,255 140,203,255 141,204,255 140,203,255
147,206,255 147,206,255 147,206,255 147,206,255 147,206,255 147,207,255 148,207,255 147,206,255 44,50,69 46,65,98 147,203,255 147,206,255 151,207,255 43,53,73 80,58,50 40,31,25 43,32,25 39,40,30 40,34,29 40,41,29 153,207,255 46,47,39 58,61,72 27,52,76 50,33,25 82,93,124 147,206,255 147,206,255 147,206,255 147,206,255 147,206,255 147,206,255
153,211,255 153,211,255 153,211,255 153,210,255 123,150,191 29,33,46 40,45,53 39,43,56 36,37,40 57,63,82 110,113,82 153,210,255 153,211,255 159,212,255 93,66,61 42,35,33 31,33,30 38,37,30 37,39,34 38,41,31 134,179,248 151,211,255 154,211,255 46,54,72 45,32,29 45,29,25 154,212,255 153,210,255 153,210,255 153,211,255 153,211,255 151,212,255

42,49,42 86,107,116 100,174,255 99,175,255 99,175,255 99,175,255 99,175,255 99,175,255 99,175,255 99,175,255 99,175,255 99,175,255 99,175,255 97,177,255 101,175,255 55,62,60 37,43,62 74,84,76 79,88,88 110,148,218 99,175,255 99,175,255 99,175,255 99,175,255 99,175,255 63,64,43 44,46,31 38,39,27 47,48,38 75,78,54 90,93,62 36,41,47
40,45,44 102,121,131 49,61,57 49,65,74 102,177,255 101,177,255 101,177,255 101,177,255 101,177,255 101,177,255 101,177,255 101,177,255 101,177,255 89,156,255 81,121,192 69,77,54 38,45,59 47,55,60 43,53,45 67,71,54 100,181,255 82,120,178 64,116,214 102,179,255 99,179,255 42,48,35 44,38,29 40,41,29 36,39,29 32,33,23 39,43,28 53,59,46
34,39,38 49,52,59 35,40,46 41,42,45 110,178,255 106,182,255 105,181,255 105,181,255 105,181,255 106,182,255 106,182,255 105,181,255 107,180,255 36,44,60 37,46,57 27,45,81 38,45,59 40,45,55 45,52,45 38,48,40 44,45,33 55,59,42 43,44,32 46,49,41 47,53,40 46,51,45 68,74,95 47,66,97 125,125,84 47,53,40 45,48,38 40,41,31
40,40,37 55,58,48 94,99,63 140,147,88 134,140,88 60,70,64 42,62,86 43,52,63 52,62,68 98,112,103 64,101,166 57,64,62 88,108,122 79,81,78 34,38,53 45,54,54 50,58,63 46,55,57 37,39,34 96,114,131 36,40,42 40,49,30 48,49,37 47,41,32 48,50,35 32,32,27 51,40,35 42,51,32 50,39,32 41,47,38 36,37,29 45,46,34
28,33,43 46,52,43 38,41,31 48,49,37 83,85,59 141,143,88 110,186,255 123,129,90 73,84,73 47,59,67 107,125,149 75,60,49 70,63,63 91,97,88 29,37,55 42,46,50 48,55,53 43,45,61 45,56,45 117,152,186 37,38,30 41,44,36 38,39,31 36,37,27 75,90,97 44,45,35 26,22,14 55,56,46 48,50,35 70,53,45 39,38,27 36,44,23
34,36,36 48,43,42 39,42,34 35,37,32 45,48,36 42,44,39 100,101,53 42,52,56 37,46,48 83,87,89 104,106,91 166,155,152 95,84,69 73,88,104 36,47,76 42,46,48 43,50,48 39,44,50 54,62,50 44,54,48 67,71,56 59,59,67 67,75,82 30,33,25 39,43,45 60,64,47 51,53,36 42,45,33 42,45,33 45,32,29 55,40,31 73,47,37
23,25,20 32,32,40 43,49,36 42,48,37 44,48,33 37,40,32 79,87,64 49,50,53 76,75,64 168,150,120 243,231,192 139,120,97 96,96,93 44,59,93 31,38,52 76,80,65 52,59,52 41,46,52 34,52,76 46,60,70 121,187,255 94,94,64 125,185,255 56,60,43 22,24,19 43,44,32 40,41,31 43,45,30 43,44,34 23,25,20 41,44,36 54,41,34
37,38,30 31,31,26 44,38,29 32,31,24 34,35,25 29,31,26 70,61,76 123,108,88 103,95,73 122,109,88 98,89,70 55,59,63 127,186,255 53,65,47 77,91,112 39,44,52 43,50,48 79,85,72 60,83,121 65,94,139 120,188,255 125,187,255 126,133,87 45,52,47 30,33,25 29,30,22 32,28,22 36,39,31 52,42,46 49,40,36 32,35,27 33,37,39
44,33,30 51,35,33 41,37,29 30,32,27 51,50,41 81,70,63 80,74,67 139,127,99 84,80,63 129,116,84 33,38,46 45,59,69 45,51,52 53,60,74 45,47,42 36,43,38 36,37,42 47,45,53 44,43,48 43,47,49 125,192,255 128,188,255 125,152,166 43,50,48 41,42,32 47,48,36 25,26,18 29,32,24 37,40,47 34,35,27 44,45,35 27,28,18
47,31,27 39,25,25 50,41,37 107,96,77 64,60,52 102,94,70 74,67,51 73,80,92 34,49,65 39,43,47 48,72,117 47,55,64 42,46,48 55,98,170 36,43,78 54,60,49 48,54,41 38,37,42 127,129,87 41,44,34 50,52,35 43,50,34 105,110,63 125,128,79 34,35,25 39,35,27 25,27,27 39,41,41 51,81,133 41,42,30 34,35,23 33,34,24
51,53,38 68,55,50 74,64,54 77,70,54 103,89,62 95,84,67 66,59,43 40,48,57 40,61,82 39,37,45 89,126,193 106,162,252 33,38,46 53,56,48 37,37,45 42,43,46 47,54,36 42,46,31 35,35,45 38,41,29 39,40,30 37,37,32 36,37,29 33,34,24 38,39,31 38,28,27 30,31,34 30,30,38 52,50,48 72,50,42 47,47,44 66,86,130
91,84,68 57,51,42 109,95,68 69,63,56 71,63,50 96,89,60 40,46,33 33,41,59 34,36,50 51,51,59 36,42,45 49,42,42 45,59,100 32,43,74 36,46,64 41,36,35 36,36,31 32,35,27 32,34,34 44,46,41 38,38,24 96,100,60 52,56,41 30,35,13 45,34,27 39,38,41 31,37,40 48,44,36 71,51,44 105,133,185 137,199,255 63,94,141
150,182,231 137,185,255 152,145,106 118,111,111 81,78,82 36,40,42 46,53,46 137,199,255 138,200,255 41,59,85 129,168,223 135,175,244 133,179,255 109,151,201 73,94,142 43,49,36 43,44,32 45,46,34 40,41,31 37,37,32 33,34,26 56,60,45 46,47,35 44,47,35 55,57,40 51,43,49 37,35,55 39,40,43 46,56,50 138,200,255 139,198,255 40,39,30
145,166,203 39,35,25 143,202,255 51,54,63 28,33,27 38,38,35 100,133,175 138,200,255 138,200,255 129,178,255 40,48,38 51,56,36 45,49,34 43,46,38 81,69,81 47,41,34 34,36,31 31,34,26 43,45,30 39,39,34 34,37,27 46,50,35 44,44,30 47,35,25 33,32,37 41,49,54 138,200,255 139,201,255 138,200,255 137,201,255 138,200,255 40,63,99
63,59,42 64,56,43 32,55,91 84,121,188 27,29,29 34,39,49 149,197,255 140,202,255 140,202,255 41,51,45 38,41,29 107,151,225 48,53,49 128,153,204 84,60,52 46,44,40 37,39,34 39,40,30 41,42,32 51,43,30 47,47,33 39,42,34 40,49,60 59,42,34 29,48,69 140,202,255 140,202,255 140,202,255 140,202,255 140,202,255 140,202,255 140,202,255
141,204,255 88,122,177 140,202,255 126,180,255 95,137,198 69,109,167 141,203,255 141,203,255 140,203,255 140,204,255 72,99,140 29,42,59 61,83,124 49,49,35 88,64,56 56,51,39 45,47,32 37,36,27 45,46,38 39,40,30 34,57,80 143,191,255 41,42,32 78,53,50 72,53,41 142,202,255 140,203,255 140,203,255 141,203,255 140,203,255 141,204,255 140,203,255
148,207,255 148,207,255 147,206,255 147,206,255 147,206,255 147,207,255 148,207,255 148,207,255 32,38,55 79,110,153 149,205,255 147,206,255 151,204,255 75,94,125 79,57,51 33,32,25 49,36,29 33,34,26 47,41,34 40,41,31 150,202,255 52,54,39 37,42,41 43,59,88 52,37,26 152,199,255 147,206,255 147,206,255 147,206,255 147,206,255 147,206,255 147,206,255
153,211,255 153,211,255 153,211,255 151,212,255 97,120,156 34,37,46 59,64,74 48,54,71 36,37,40 55,64,89 130,134,94 153,210,255 151,212,255 146,195,255 90,63,56 37,35,31 37,39,36 34,36,31 33,34,26 46,49,41 152,205,255 153,210,255 154,209,255 35,38,49 43,32,29 49,37,27 156,208,255 153,210,255 153,210,255 153,211,255 153,211,255 153,210,255

40,48,38 115,155,203 93,175,255 102,174,255 99,175,255 99,175,255 99,175,255 99,175,255 99,175,255 99,175,255 99,175,255 99,175,255 99,175,255 97,177,255 103,164,255 59,69,66 37,43,62 72,84,75 71,86,93 118,172,255 99,175,255 99,175,255 99,175,255 98,174,255 99,175,255 77,82,60 43,45,30 41,42,32 52,53,41 105,108,77 84,85,62 39,45,46
43,42,45 102,129,157 50,62,55 80,110,123 101,177,255 101,177,255 101,177,255 101,177,255 101,177,255 101,177,255 101,177,255 101,177,255 101,177,255 92,157,255 75,111,167 53,61,47 37,45,54 43,54,55 44,54,46 79,86,70 103,179,255 93,134,157 106,180,255 101,178,255 102,178,255 44,48,33 40,36,26 38,39,29 30,30,25 33,34,22 34,41,25 42,50,40
35,37,37 60,63,74 39,43,47 44,44,44 106,183,255 105,181,255 105,181,255 105,181,255 105,181,255 106,182,255 106,182,255 105,181,255 109,180,255 36,42,61 38,47,60 25,42,75 37,44,56 39,44,52 46,53,46 44,55,44 42,42,26 43,52,35 47,48,36 48,63,70 49,56,40 43,49,38 45,49,64 46,60,72 53,58,36 50,53,41 41,47,36 45,45,31
40,40,37 45,47,47 111,118,72 117,122,77 121,124,75 61,68,66 42,56,77 43,51,60 54,64,70 97,109,105 76,125,211 64,74,66 78,91,77 46,55,55 31,38,52 44,54,51 52,61,63 47,56,58 37,39,34 80,97,99 31,47,58 43,51,37 40,41,33 43,39,31 53,53,37 38,38,33 47,41,36 49,53,38 41,37,27 34,40,29 37,38,30 52,51,40
32,37,45 44,50,39 35,38,30 47,49,34 101,105,67 134,133,79 112,185,255 124,130,91 57,63,64 61,72,71 96,104,111 213,213,210 255,255,127 151,131,81 29,37,57 42,46,48 48,52,54 41,42,61 48,60,42 115,155,201 34,35,25 41,44,36 36,37,27 40,41,31 81,87,106 35,38,28 40,31,25 52,51,42 47,49,32 59,46,39 35,34,25 37,44,28
31,32,37 37,35,33 38,41,33 34,36,31 65,71,42 37,39,34 146,153,96 40,49,51 56,61,57 107,107,104 168,155,132 71,64,64 124,122,132 102,121,131 34,39,63 41,48,46 43,50,48 35,40,48 50,61,48 45,56,57 72,75,55 34,34,31 51,51,46 32,33,25 44,50,41 58,63,43 58,60,43 44,48,33 48,49,39 50,37,30 65,45,36 73,47,35
23,25,20 31,31,39 45,46,36 41,44,32 47,54,38 37,38,30 82,90,65 86,78,65 97,90,70 196,179,128 209,203,178 95,90,76 142,148,149 46,61,93 32,36,51 75,84,54 48,54,55 38,44,47 44,67,119 73,91,115 122,185,255 77,77,36 127,182,255 50,53,41 21,23,18 40,41,29 43,44,32 39,38,27 45,47,32 24,22,20 26,24,22 61,46,35
31,30,33 34,33,26 43,37,30 28,27,20 38,39,27 40,39,30 78,65,75 160,134,95 77,74,59 92,85,65 67,66,57 51,60,62 129,185,255 50,61,48 56,71,78 45,51,54 43,49,50 63,70,54 72,91,124 79,109,147 121,188,255 122,189,255 115,115,70 38,45,43 26,27,19 27,28,20 33,29,23 39,42,32 47,39,45 44,40,34 38,39,31 35,44,55
50,37,34 48,35,32 36,32,24 48,44,36 60,50,38 93,78,56 118,106,80 147,132,94 91,80,63 75,63,51 35,38,47 43,56,71 40,47,45 59,62,80 48,54,45 40,47,45 37,38,43 49,53,66 41,44,51 49,52,42 125,189,255 129,192,255 111,122,111 50,57,52 43,44,34 44,45,33 31,32,24 30,30,25 34,41,53 33,34,26 38,39,27 27,28,20
45,28,29 43,27,21 100,86,61 75,66,51 105,92,69 85,76,49 68,63,49 41,53,86 33,41,57 42,46,50 42,66,113 44,54,58 39,40,45 31,54,92 56,84,136 57,61,44 48,54,43 39,37,45 101,101,71 48,51,43 44,46,31 47,52,48 57,63,22 82,83,44 41,42,32 38,32,25 27,29,29 35,37,37 52,66,89 38,39,27 32,31,20 27,28,20
69,60,45 77,65,53 97,83,67 72,63,48 141,126,77 52,47,33 61,58,45 42,55,81 40,51,64 36,36,44 78,128,198 127,185,255 35,35,45 48,50,45 43,43,43 45,48,40 47,53,40 39,40,30 35,39,54 42,45,33 37,38,28 38,40,35 34,37,29 33,34,22 34,35,27 37,32,29 31,32,37 30,30,40 46,46,41 57,44,41 44,47,35 77,100,138
60,57,42 85,74,57 89,75,57 87,76,59 55,56,44 41,43,38 45,47,47 30,39,52 35,38,56 43,47,51 38,39,44 51,44,44 104,132,194 33,36,56 32,49,71 41,41,38 37,38,28 31,34,26 36,38,35 44,50,41 40,40,26 125,128,77 86,89,54 49,54,34 53,41,31 32,31,34 30,40,60 59,51,40 69,46,43 132,175,245 136,199,255 68,98,148
113,165,250 127,170,238 60,52,39 108,91,54 58,54,37 47,49,63 43,52,52 137,199,255 138,199,255 41,55,76 88,123,175 122,160,222 109,158,233 110,141,184 117,128,166 37,43,30 41,42,32 45,46,36 37,38,28 37,37,32 26,27,19 44,48,33 49,49,35 43,44,34 50,51,39 52,44,50 43,44,65 41,43,38 45,56,69 139,198,255 137,199,255 39,40,28
47,52,51 27,26,19 143,194,255 35,29,36 32,30,28 45,45,40 68,112,177 138,200,255 138,200,255 109,148,215 46,52,39 50,54,37 41,48,32 48,54,55 92,63,57 49,40,34 32,34,29 37,38,30 45,47,32 39,39,34 33,39,26 52,54,39 51,53,38 59,53,48 30,31,34 45,56,55 138,200,255 139,202,255 138,200,255 137,201,255 137,201,255 34,43,43
33,33,17 29,34,33 131,181,255 27,43,81 30,29,32 37,41,45 147,200,255 140,202,255 140,202,255 46,54,40 40,41,31 42,69,108 40,47,59 149,198,255 77,53,45 42,44,39 39,42,32 37,38,28 43,44,32 52,42,32 50,52,37 37,40,30 66,66,103 61,41,32 74,97,133 139,201,255 140,202,255 139,201,255 140,202,255 140,202,255 140,202,255 144,196,255
140,202,255 143,183,254 140,202,255 123,177,255 52,83,128 76,116,176 141,203,255 141,203,255 140,203,255 142,201,255 63,85,115 56,69,88 80,98,136 47,49,34 84,62,54 51,51,35 47,49,34 38,37,28 47,48,36 39,40,28 53,77,122 151,200,255 45,46,34 79,55,49 61,45,39 140,202,255 141,204,255 140,203,255 141,203,255 140,203,255 141,204,255 140,203,255
147,206,255 147,206,255 147,206,255 148,207,255 147,206,255 147,207,255 148,207,255 150,206,255 32,39,53 124,160,214 149,205,255 146,206,255 135,181,245 98,121,159 82,58,52 34,33,24 54,39,30 31,32,24 37,38,28 39,40,32 133,180,253 47,46,35 36,42,43 51,48,65 52,36,30 149,206,255 147,206,255 147,206,255 147,206,255 147,206,255 147,206,255 147,206,255
152,210,255 153,210,255 153,211,255 151,211,255 76,98,128 33,37,41 58,66,75 53,60,72 40,33,47 42,55,81 138,147,117 154,211,255 151,211,255 118,153,216 74,49,46 37,37,34 44,45,37 34,35,27 33,34,24 58,71,70 154,211,255 153,210,255 153,210,255 34,33,36 50,34,32 49,35,35 153,210,255 153,210,255 153,210,255 153,211,255 153,211,255 153,210,255

48,56,46 116,172,255 96,174,255 100,175,255 99,175,255 99,175,255 99,175,255 99,175,255 99,175,255 99,175,255 99,175,255 99,175,255 99,175,255 97,177,255 85,129,205 60,70,62 38,44,61 66,77,66 55,68,83 109,176,255 97,176,255 99,175,255 99,175,255 99,175,255 99,175,255 48,56,33 36,37,25 44,45,35 53,54,42 86,88,62 51,52,33 49,56,51
46,49,67 104,129,153 47,61,57 120,163,217 101,177,255 101,177,255 101,177,255 101,177,255 101,177,255 101,177,255 101,177,255 101,177,255 101,177,255 94,149,255 45,81,124 56,64,54 37,45,54 41,49,54 45,53,43 86,100,81 102,177,255 137,156,118 102,179,255 101,178,255 100,180,255 44,44,30 37,38,26 40,41,31 30,31,23 52,53,41 44,50,37 52,60,50
36,40,42 54,60,63 40,44,46 43,45,40 107,183,255 105,181,255 105,181,255 105,181,255 105,181,255 106,182,255 106,182,255 105,181,255 111,180,255 37,43,60 43,52,65 30,42,75 36,44,53 41,46,54 46,53,46 65,77,59 44,45,33 45,54,37 48,50,35 79,97,121 44,51,33 50,51,41 54,59,65 39,43,45 53,56,44 41,44,32 48,54,43 46,46,30
45,45,42 39,40,45 96,102,63 74,77,57 110,112,66 53,59,62 41,54,71 44,52,61 58,68,72 81,93,89 100,157,255 93,99,86 119,128,98 65,61,70 78,77,82 45,55,52 53,53,63 50,59,61 34,41,34 74,84,58 91,120,167 37,44,28 40,41,33 38,39,31 51,53,36 31,31,26 34,33,26 55,61,48 51,51,37 38,41,31 34,37,29 51,52,42
33,38,46 42,48,37 41,44,36 61,64,44 86,90,50 120,121,71 117,183,255 112,119,83 44,44,54 73,83,75 173,172,145 184,170,152 209,190,155 95,93,94 69,67,75 96,92,86 51,50,55 42,41,58 55,62,55 108,154,205 36,37,29 37,40,32 34,35,25 33,34,26 54,54,54 37,38,28 49,35,35 46,45,34 63,58,44 44,38,29 34,37,25 43,44,32
31,31,39 34,34,31 37,40,32 35,37,34 98,106,67 34,37,29 128,137,81 51,55,57 86,79,63 112,108,91 102,95,79 122,100,80 245,176,49 89,87,85 79,77,85 81,79,77 46,53,48 34,39,45 47,58,45 49,63,73 44,46,31 36,36,31 33,33,28 34,35,27 50,57,41 58,63,41 51,53,38 43,44,34 61,52,46 56,40,34 62,40,32 79,56,43
24,26,26 37,39,39 42,41,34 46,53,37 50,54,37 32,34,29 82,83,60 200,181,117 138,121,86 64,58,63 52,50,46 63,54,48 112,108,91 152,128,77 58,55,61 108,103,73 39,44,52 32,38,41 77,98,137 82,107,133 120,177,255 61,56,28 129,170,213 37,40,30 24,26,21 36,37,27 48,49,37 42,41,30 50,52,37 40,30,29 38,28,27 65,46,34
35,39,43 35,38,30 33,32,23 37,38,30 58,55,40 37,38,30 110,94,81 113,88,60 93,85,61 55,55,50 79,76,80 67,64,68 95,138,192 55,58,48 44,58,54 41,51,48 41,47,50 48,54,45 61,69,87 107,139,190 121,188,255 127,191,255 108,113,68 36,43,41 29,30,22 38,37,28 39,38,31 45,48,36 42,36,43 36,32,26 32,33,23 33,40,54
50,37,34 46,35,32 45,40,28 51,45,36 125,107,77 95,78,52 124,110,83 79,76,61 92,78,64 59,47,52 36,34,42 60,78,104 44,49,43 56,60,75 47,52,46 42,47,46 38,39,44 38,51,68 36,44,49 58,62,35 128,191,255 123,191,255 119,127,86 48,51,43 39,40,30 40,42,27 32,35,27 27,27,22 34,34,44 34,33,26 47,48,36 31,34,24
42,29,24 83,67,52 119,100,65 98,84,57 85,74,55 56,52,35 75,66,47 25,45,71 33,41,50 45,47,47 61,73,106 33,42,44 36,35,40 37,48,59 92,135,214 59,63,46 47,53,44 38,36,44 82,81,54 51,54,44 46,48,33 47,53,44 53,56,34 67,66,39 39,42,32 39,35,27 31,33,33 36,35,38 29,33,35 40,41,29 33,32,25 33,32,25
67,57,45 97,83,54 96,79,51 102,88,74 108,85,54 38,37,28 46,48,43 85,109,158 37,48,49 33,35,51 87,137,214 135,187,255 36,36,44 48,50,47 57,44,52 51,56,36 43,49,36 42,37,39 37,43,60 48,51,39 36,37,27 37,39,34 34,37,27 36,37,27 32,35,27 38,31,31 27,28,33 31,32,37 42,44,39 60,60,68 47,47,33 41,56,70
85,72,51 57,48,40 97,77,47 98,81,44 36,36,33 35,40,39 38,48,66 31,35,48 37,47,65 46,45,48 38,39,42 50,43,41 131,170,246 33,37,52 71,79,109 35,41,32 37,40,30 34,35,27 38,40,37 43,46,36 45,45,29 103,109,59 122,129,70 47,54,38 48,35,28 34,35,40 64,81,124 62,47,36 72,48,42 140,196,255 138,201,255 124,161,228
149,199,255 121,165,255 46,45,38 97,78,43 31,31,26 31,39,48 40,54,64 136,200,255 138,199,255 40,53,72 72,102,142 118,153,212 123,175,255 102,128,163 77,80,98 46,49,37 37,38,26 34,35,25 38,39,31 36,36,31 38,41,29 44,48,31 43,45,30 46,47,35 47,48,36 54,47,47 64,66,82 48,49,41 40,68,102 139,198,255 137,196,255 43,44,34
36,37,29 31,30,23 131,187,255 28,25,31 23,28,27 47,47,42 134,188,255 138,200,255 138,200,255 107,136,193 53,56,44 51,55,38 44,51,35 63,84,105 87,60,53 52,43,35 38,39,31 38,39,31 46,48,33 44,45,37 26,32,19 46,48,31 49,49,33 57,60,82 29,34,33 52,67,83 138,200,255 139,201,255 138,200,255 138,200,255 137,201,255 34,37,29
37,37,21 38,40,37 148,201,255 21,26,36 29,29,37 39,44,40 145,204,255 140,202,255 140,202,255 44,51,35 38,40,35 53,59,78 62,75,105 83,128,197 81,54,47 41,43,43 44,44,39 34,35,27 46,48,33 52,42,32 46,49,37 41,44,34 76,71,89 60,40,31 84,110,154 142,201,255 140,202,255 139,201,255 140,202,255 140,202,255 140,202,255 144,193,255
141,203,255 112,163,235 140,202,255 148,201,255 24,47,81 105,151,213 141,203,255 141,203,255 140,202,255 144,203,255 31,49,75 34,48,69 50,69,102 50,47,34 75,53,45 48,50,33 39,41,26 46,47,35 45,46,38 39,40,30 78,104,150 147,202,255 44,43,32 82,59,48 50,42,31 140,202,255 140,203,255 140,203,255 141,203,255 141,204,255 141,204,255 140,203,255
147,206,255 147,206,255 147,206,255 147,206,255 147,206,255 148,208,255 148,207,255 144,200,255 35,43,59 108,152,217 147,203,255 147,206,255 87,122,172 39,62,98 76,54,48 33,34,24 50,40,30 30,30,25 39,38,29 33,38,34 112,150,210 49,49,35 32,42,76 71,54,55 57,39,34 149,205,255 147,206,255 147,206,255 147,206,255 147,206,255 147,206,255 147,206,255
152,210,255 153,210,255 153,210,255 151,212,255 65,88,113 36,37,42 34,41,53 44,51,63 36,36,46 33,42,65 143,162,153 154,212,255 153,210,255 74,66,83 69,45,39 32,34,31 38,39,29 33,33,28 30,33,25 117,142,155 151,211,255 153,210,255 152,210,255 36,36,36 49,33,31 50,49,54 155,209,255 153,210,255 153,210,255 153,211,255 153,211,255 153,210,255

44,50,39 107,175,255 96,175,255 97,175,255 99,175,255 98,171,255 81,118,183 88,119,177 101,171,255 100,158,255 123,159,229 106,182,255 106,182,255 102,180,255 88,95,107 98,97,102 77,65,53 85,82,58 78,88,92 97,177,255 107,147,207 122,178,255 128,185,255 131,182,254 142,182,228 185,152,59 197,162,79 196,156,63 175,136,52 158,123,42 139,110,45 109,93,62
58,76,102 98,124,130 46,57,58 119,175,255 101,177,255 94,168,255 80,103,159 101,134,198 106,179,255 121,159,233 149,189,255 180,233,255 120,186,255 89,140,230 68,70,84 99,103,107 95,75,43 93,74,51 92,73,38 107,111,82 119,159,209 140,154,95 103,178,255 103,179,255 107,168,255 58,53,52 86,77,69 151,122,57 189,151,62 199,157,65 231,193,75 241,198,95
36,39,48 42,46,50 44,44,44 61,62,39 104,180,255 93,157,255 79,88,88 111,154,224 107,184,255 159,173,196 129,189,255 132,194,255 147,201,255 111,82,47 73,67,60 98,98,84 110,83,47 108,81,47 105,83,38 127,107,57 141,119,56 81,65,32 62,54,32 101,127,175 45,47,32 70,71,76 65,65,73 61,65,67 47,53,40 89,72,46 89,81,68 72,70,71
46,46,43 38,39,42 61,60,35 48,47,40 136,134,72 66,65,58 103,94,77 117,100,76 92,83,68 197,166,77 155,198,255 220,194,140 233,215,153 127,100,57 77,75,73 133,101,44 127,97,51 124,97,54 115,86,35 167,142,65 154,162,139 86,65,24 77,58,23 61,49,23 60,57,42 71,71,71 62,64,59 71,73,58 48,48,32 94,80,55 81,77,69 70,69,62
32,38,41 45,46,36 46,42,34 155,154,147 157,157,127 85,83,52 115,121,108 151,133,73 98,78,48 224,183,111 255,250,250 255,251,208 207,186,134 162,139,81 83,84,87 155,119,61 147,111,53 147,112,58 153,117,57 188,180,167 135,106,55 96,69,24 81,58,18 72,55,20 66,65,54 69,69,69 52,40,40 53,52,41 105,82,40 109,94,58 79,79,79 64,64,61
34,31,46 41,37,31 47,41,34 121,115,110 190,190,174 102,101,92 146,133,81 174,145,69 162,134,78 255,229,151 255,255,220 255,248,185 218,184,121 137,124,92 93,103,100 174,132,69 180,132,60 237,175,78 255,200,82 231,185,99 121,92,39 98,71,24 92,69,27 79,55,20 76,75,66 75,76,68 48,49,30 42,41,30 127,103,50 125,108,61 79,69,70 79,59,52
27,27,27 57,58,46 50,45,31 69,56,33 145,141,133 65,64,57 174,153,101 191,167,105 168,135,69 245,201,121 206,192,163 184,149,93 255,249,226 77,68,64 212,168,99 255,247,177 255,211,92 255,244,112 255,251,125 233,206,129 145,190,232 124,90,31 133,150,156 83,64,37 75,71,65 68,64,58 52,43,24 57,46,27 129,108,56 86,77,71 67,61,66 62,46,31
42,45,52 43,38,26 58,40,19 87,65,29 76,59,33 71,64,62 209,187,149 240,225,216 255,225,176 156,114,60 178,128,68 234,199,145 210,190,158 77,75,76 215,152,60 255,198,87 255,235,88 255,221,87 255,252,121 224,213,180 157,208,255 152,202,255 148,124,69 82,73,58 74,65,61 67,50,26 59,35,9 115,97,37 129,110,57 76,76,71 50,52,52 31,32,37
56,39,31 61,48,27 77,55,21 151,125,73 106,82,45 123,111,74 189,165,101 242,228,210 255,249,202 218,198,168 189,135,56 204,158,99 196,148,64 82,80,78 235,167,59 255,209,74 255,240,114 255,236,99 255,243,115 210,167,82 162,210,255 153,206,255 151,133,71 91,78,57 83,69,53 79,57,23 65,47,15 132,108,44 119,102,74 63,58,57 50,53,43 29,32,22
68,51,27 111,87,52 159,130,65 191,171,151 166,155,148 170,151,94 196,168,112 185,162,131 255,254,182 231,211,181 255,252,227 230,184,127 69,56,49 101,89,101 223,221,229 255,180,62 255,181,78 255,245,141 255,245,117 191,138,43 168,118,44 145,106,45 109,89,43 98,83,61 91,70,43 81,54,22 153,124,50 160,131,57 98,87,72 57,57,54 26,27,19 31,32,22
230,210,164 89,62,30 112,86,45 99,73,23 83,69,53 173,148,91 207,187,167 212,214,211 255,255,255 230,195,159 247,250,255 248,253,255 75,70,67 235,196,123 255,195,76 183,123,28 224,149,48 255,212,96 255,218,101 194,138,46 171,121,47 150,108,43 109,87,53 92,78,60 93,71,35 81,53,24 161,127,66 180,146,72 119,106,74 47,63,74 53,53,37 39,47,52
62,44,14 72,51,26 116,87,38 113,82,33 79,68,63 182,154,75 183,168,157 211,182,149 234,213,170 243,206,162 249,209,157 255,230,182 74,72,73 255,254,123 255,220,80 191,133,53 255,180,54 255,212,91 253,192,90 200,140,52 180,131,52 159,122,51 133,114,75 104,83,56 99,69,23 86,59,27 178,174,137 162,138,76 85,64,60 133,196,255 130,183,255 146,192,255
142,204,255 126,166,235 98,70,30 108,75,25 70,65,62 168,146,83 229,213,169 230,178,61 216,238,255 230,188,125 255,229,166 255,243,174 77,75,76 255,216,93 255,186,73 255,184,80 255,213,79 255,248,109 229,168,64 204,144,49 182,132,49 144,106,40 108,90,60 113,85,45 98,71,24 161,135,94 184,165,112 133,118,82 91,121,173 137,199,255 148,196,255 37,38,28
71,49,11 80,52,12 153,191,255 108,72,25 75,71,65 166,128,64 194,223,255 255,244,102 218,237,255 246,182,115 255,195,41 76,57,32 149,101,29 230,162,74 255,189,81 255,196,81 255,185,75 255,255,117 255,223,150 222,190,148 202,169,132 128,101,54 107,90,62 116,115,118 100,70,24 164,165,146 170,173,153 141,168,209 133,189,255 138,200,255 141,199,255 34,37,27
78,58,12 84,60,23 155,205,255 100,73,39 77,72,69 164,115,46 192,222,255 227,229,243 223,240,255 255,173,55 255,189,46 212,156,78 255,223,162 213,142,51 254,176,78 255,185,71 255,204,104 255,196,75 255,249,146 244,211,174 219,194,164 159,149,137 179,167,155 206,198,185 220,223,234 219,229,245 174,169,155 132,166,223 142,201,255 139,201,255 140,202,255 77,114,161
149,201,255 126,164,222 156,208,255 107,125,161 95,90,76 198,216,255 197,183,158 241,255,255 228,244,255 244,234,238 255,193,76 225,161,74 227,167,113 230,149,50 226,153,55 229,159,65 255,214,73 203,133,34 255,255,99 255,223,169 191,183,149 145,152,166 203,189,175 203,193,183 204,189,169 193,202,202 161,178,198 192,221,255 216,239,255 218,242,255 168,214,255 141,203,255
152,209,255 155,207,255 159,212,255 69,69,79 122,130,137 187,225,255 196,135,54 204,211,246 231,163,73 254,238,236 118,116,114 120,107,86 158,98,14 231,155,44 231,157,53 255,179,54 255,204,66 255,175,50 255,172,60 255,190,70 214,194,164 230,186,115 210,207,222 186,170,164 174,152,103 163,170,154 158,184,228 196,223,255 210,239,255 215,241,255 203,233,255 158,215,255
161,211,255 163,211,255 166,215,255 71,70,75 141,123,91 171,116,33 209,149,63 218,148,49 238,161,56 255,172,59 69,66,53 255,242,176 199,128,32 235,158,38 217,143,37 255,206,60 255,189,71 252,170,54 217,147,46 235,195,143 189,150,89 255,236,168 209,235,255 212,188,162 198,175,135 174,156,124 139,181,242 154,212,255 154,211,255 153,210,255 153,211,255 153,210,255