75,57,38 80,65,56 65,50,39 67,47,29 57,44,39 76,61,52 55,44,39 66,53,48 52,36,34 47,38,34 42,33,29 32,23,19 32,30,31 30,28,29 34,29,31 31,24,27 18,17,8 35,28,26 42,33,29 39,34,31 45,36,32 39,34,33 30,28,29 33,31,32 34,32,33 33,31,32 35,33,34 35,33,34 30,28,29 16,14,15 15,14,17 24,22,23
72,57,37 70,57,52 83,70,47 75,57,36 61,48,43 61,48,45 60,47,42 50,39,34 58,47,44 42,36,31 47,38,34 30,21,17 26,24,25 34,32,33 26,26,26 29,24,26 26,17,11 36,31,30 43,37,32 28,26,24 43,37,32 35,33,34 30,28,26 34,32,33 38,36,37 35,33,34 34,32,33 35,33,34 12,10,11 17,15,16 18,17,20 23,21,22
80,66,41 84,67,57 78,61,53 71,50,23 47,38,34 46,35,30 47,38,34 50,41,37 63,54,50 42,33,29 49,40,36 32,23,19 23,21,22 37,35,36 42,39,45 44,41,47 30,21,15 37,30,28 45,36,32 33,31,27 38,32,27 26,24,25 35,33,34 35,33,34 33,31,29 37,35,36 32,30,31 35,33,34 17,15,16 12,11,14 12,10,11 26,24,25
76,63,42 78,61,51 87,69,50 50,38,28 58,43,32 40,29,22 38,29,23 61,50,47 51,40,37 51,40,37 42,33,29 40,30,31 35,33,34 31,29,30 41,38,42 31,28,32 27,20,18 40,30,31 42,36,31 38,31,29 43,34,28 28,25,29 38,36,37 33,31,32 34,31,35 41,34,34 39,37,38 17,15,16 14,12,13 26,24,25 10,10,10 36,31,30
86,66,48 76,63,56 85,69,52 72,56,52 45,30,21 94,100,73 147,161,129 33,27,22 35,26,22 43,34,30 54,45,41 28,21,21 103,74,23 85,65,15 56,47,43 60,51,45 29,23,14 40,33,33 45,36,32 41,36,33 44,35,29 27,24,28 38,36,37 38,36,37 51,45,38 35,33,31 38,36,37 13,11,12 39,37,38 24,22,23 11,11,11 40,33,31
87,72,52 75,61,47 84,69,47 49,37,25 81,84,60 86,92,63 94,88,93 121,126,120 188,200,164 36,25,20 43,34,30 41,34,32 39,30,24 72,53,14 57,48,33 44,38,29 72,64,10 69,59,10 62,51,44 40,35,34 45,36,30 40,34,29 37,35,36 33,31,32 60,52,39 37,35,36 18,16,17 20,18,19 38,36,37 23,21,22 23,21,22 39,37,38
78,63,43 83,69,51 79,64,55 92,101,71 164,149,41 164,157,16 130,125,52 164,155,110 195,208,156 159,163,125 26,20,15 32,22,21 41,34,34 54,44,32 75,63,6 80,74,26 71,61,10 78,66,9 83,70,7 58,53,25 46,37,33 40,35,32 40,38,39 40,37,41 34,32,33 37,35,36 19,17,18 41,36,38 32,30,31 10,9,12 25,20,22 42,40,41
71,52,36 79,63,48 75,60,49 138,156,111 108,91,13 95,78,11 207,192,143 227,217,164 215,200,153 179,163,132 138,119,82 104,83,56 56,44,32 97,87,49 87,64,6 75,60,11 80,68,11 90,71,14 84,71,8 85,80,29 76,61,50 42,35,33 35,33,34 54,48,43 28,25,29 37,35,33 17,10,13 45,43,44 24,22,23 25,23,24 45,43,44 41,40,43
69,54,34 77,63,49 47,37,27 92,95,87 100,111,71 91,84,43 83,69,51 214,204,151 255,254,200 255,255,199 95,75,45 63,44,21 66,57,10 88,69,3 91,72,4 81,62,7 63,38,19 54,43,8 95,80,17 88,74,6 74,63,48 59,46,39 40,36,30 57,52,40 31,29,37 51,45,38 20,15,17 35,33,34 11,9,10 34,29,31 45,43,44 44,44,44
74,58,41 77,62,51 58,44,30 127,129,129 95,105,83 131,146,118 167,179,141 192,193,156 255,253,202 248,235,183 103,82,55 42,30,18 83,65,3 100,74,6 102,83,15 81,67,9 95,75,14 90,72,12 72,59,11 111,82,51 69,64,11 71,58,24 85,67,25 70,56,42 29,29,37 38,38,33 21,18,22 23,21,22 40,38,39 24,22,23 41,39,40 77,61,48
73,58,38 75,61,45 51,36,27 123,132,113 120,126,117 146,167,135 159,179,152 92,111,100 88,101,100 230,220,167 42,30,20 43,32,17 92,73,5 91,68,0 86,69,4 89,70,6 79,62,13 96,71,12 98,79,15 80,59,18 41,31,21 54,43,36 59,49,39 70,56,42 61,48,41 74,64,54 21,18,22 25,23,24 39,37,38 26,21,20 30,23,23 17,15,13
71,55,38 78,63,52 59,47,37 85,88,64 107,115,92 172,192,147 103,111,97 152,156,129 149,164,125 104,116,109 38,26,16 63,51,21 88,71,6 76,57,4 54,36,15 88,67,24 101,79,12 95,74,4 73,63,25 105,84,28 49,39,38 28,21,19 27,15,15 76,61,50 64,55,49 64,51,46 18,16,17 13,11,12 18,16,17 31,29,30 54,47,31 26,24,25
59,48,43 76,61,50 60,48,36 81,90,62 88,98,72 129,140,98 165,173,134 203,196,153 123,136,113 54,46,35 41,29,17 54,44,20 82,69,6 90,68,1 87,61,20 83,67,50 54,34,14 105,83,34 99,94,39 93,74,10 33,27,22 30,24,15 87,78,72 76,61,50 68,55,50 68,55,50 21,13,19 10,10,10 13,11,12 20,18,19 12,10,8 30,28,29
53,44,40 76,59,49 57,46,31 79,85,58 100,107,75 99,111,77 217,218,170 207,223,179 153,155,140 47,35,25 42,30,20 58,42,25 91,69,2 90,73,6 94,78,6 88,72,16 99,75,49 16,11,13 78,70,20 90,80,13 35,26,20 38,25,18 105,82,53 114,103,88 80,65,56 68,55,50 22,15,15 13,8,7 17,10,13 43,38,26 16,14,15 34,32,33
53,43,42 73,57,44 73,57,42 85,95,60 91,102,73 78,87,59 183,200,151 170,186,153 96,111,116 40,30,20 36,23,16 66,51,31 69,60,2 106,84,6 106,84,6 95,74,2 82,71,7 80,77,12 81,70,8 54,49,35 33,22,19 41,30,23 89,71,41 122,104,83 90,78,68 52,41,38 64,51,46 22,17,16 12,10,11 20,18,16 21,16,18 14,12,13
53,43,42 77,61,44 71,57,41 93,103,70 91,96,72 96,104,92 198,225,168 110,135,119 135,155,126 39,28,21 39,26,19 62,48,34 62,54,4 73,69,9 105,83,5 101,83,10 82,69,8 72,65,8 38,31,15 26,17,11 39,28,21 35,26,18 98,74,41 109,87,53 109,103,98 64,53,48 57,44,39 35,33,34 35,33,34 25,20,19 14,12,13 12,10,11
60,46,46 72,57,48 58,43,34 102,114,78 108,108,103 120,105,96 150,175,144 119,138,132 141,162,130 41,37,29 38,26,16 40,30,20 52,41,8 66,58,6 54,47,6 57,47,7 54,49,6 40,32,10 36,30,25 26,17,13 32,23,17 31,22,16 91,71,41 95,75,43 112,100,88 114,99,79 80,69,64 35,33,34 43,38,40 28,23,25 10,10,7 11,10,13
65,49,43 72,57,46 62,46,40 103,103,100 88,91,83 74,73,78 84,88,90 96,102,103 98,105,89 91,103,107 37,22,13 39,26,21 28,22,15 65,49,34 60,49,5 55,44,11 42,33,25 29,20,14 30,19,14 31,22,16 33,24,18 44,36,25 78,60,39 87,70,46 96,76,44 114,90,53 112,100,74 37,32,34 52,43,39 32,27,24 10,10,10 12,10,8

75,57,38 80,65,56 65,50,39 67,47,29 57,44,39 76,61,52 55,44,39 66,53,48 52,36,34 47,38,34 42,33,29 32,23,19 32,30,31 30,28,29 34,29,31 31,24,27 18,17,8 35,28,26 42,33,29 39,34,31 45,36,32 39,34,33 30,28,29 33,31,32 34,32,33 33,31,32 35,33,34 33,31,32 30,28,29 16,14,15 15,14,17 24,22,23
72,57,37 70,57,52 83,70,47 75,57,36 61,48,43 61,48,45 60,47,42 50,39,34 58,47,44 42,36,31 47,38,34 30,21,17 26,24,25 34,32,33 27,27,27 29,24,26 26,17,11 36,31,30 43,37,32 28,26,24 43,37,32 35,33,34 30,28,26 34,32,33 38,36,37 35,33,34 34,32,33 37,35,36 12,10,11 17,15,16 18,17,20 24,22,23
80,65,43 84,67,57 78,61,53 71,50,23 47,38,34 46,35,30 47,38,34 50,41,37 63,54,50 42,33,29 49,40,36 32,23,19 23,21,22 37,35,36 42,39,45 44,41,47 30,21,15 37,30,28 45,36,32 33,31,27 38,32,27 26,24,25 35,33,34 35,33,34 33,31,32 37,35,36 32,30,31 35,33,34 16,14,15 12,11,14 12,10,11 26,24,25
76,63,42 78,61,51 86,68,49 52,37,28 58,43,32 40,29,22 38,29,25 61,50,47 51,40,37 51,40,37 42,33,29 40,30,31 35,33,34 35,25,24 41,38,42 31,28,32 27,20,18 40,30,31 42,36,31 37,32,29 43,34,28 28,25,29 38,36,37 33,31,32 34,31,35 41,34,34 39,37,38 17,15,16 14,12,13 26,24,25 10,10,10 36,31,28
84,64,46 76,63,56 85,69,52 72,56,52 45,30,21 94,100,73 147,161,129 33,27,22 35,26,22 43,34,30 54,45,41 28,21,21 88,62,12 84,67,20 56,47,43 60,51,45 33,23,11 43,34,26 42,35,33 41,36,33 44,35,29 28,25,29 38,36,37 37,35,36 51,45,38 35,33,31 38,36,37 13,11,12 39,37,38 24,22,23 11,11,11 40,33,31
87,72,52 75,61,47 85,70,48 49,37,25 82,85,61 86,92,63 94,89,91 121,126,120 188,200,164 36,25,20 43,34,30 41,34,32 32,26,31 71,52,15 58,47,40 80,72,36 74,62,5 77,63,7 81,67,9 42,37,39 45,36,30 40,34,29 37,35,36 33,31,32 60,52,39 35,33,34 18,16,17 20,18,19 38,36,37 23,21,22 23,21,22 39,37,38
78,63,43 83,69,51 79,64,55 92,101,71 103,102,50 108,106,18 105,110,65 171,184,141 194,209,154 159,163,125 26,20,13 32,22,21 40,35,34 58,48,49 67,57,4 68,59,12 65,52,18 85,71,5 82,70,4 99,92,53 47,38,34 40,35,32 40,38,39 40,37,41 34,32,33 37,35,36 19,17,18 41,36,38 32,30,31 10,9,12 25,20,22 41,39,40
71,52,36 79,63,48 75,60,49 138,156,111 102,114,80 101,84,6 151,140,96 217,200,149 243,230,182 158,146,109 126,107,70 102,83,56 83,69,55 77,67,18 86,65,9 85,58,11 56,34,16 54,43,10 98,76,13 83,70,9 71,59,47 42,35,33 35,33,34 54,48,43 28,25,29 37,35,33 17,10,13 45,43,44 24,22,23 25,23,24 45,43,44 41,40,43
69,54,34 77,63,49 46,36,26 92,95,87 102,114,78 98,89,31 87,75,49 248,239,183 237,227,176 255,255,202 255,254,203 95,75,45 52,46,0 96,73,4 107,79,9 101,80,10 89,74,13 83,67,9 58,47,12 69,59,19 62,56,22 63,50,27 83,59,8 57,52,40 31,29,37 51,45,36 20,15,17 35,33,34 11,9,10 34,29,31 46,44,45 44,44,44
74,58,41 77,62,51 58,44,30 127,129,129 95,105,83 128,145,119 150,155,121 109,104,63 222,212,163 255,250,199 235,222,174 45,33,21 83,65,3 95,74,4 87,68,4 86,67,3 61,44,7 102,78,14 91,76,13 87,66,14 67,58,52 70,61,55 72,63,46 70,56,42 29,29,37 38,38,33 21,18,22 23,21,22 40,38,39 24,22,23 41,39,40 77,61,48
73,58,38 75,61,45 52,37,28 123,132,113 119,127,117 146,167,135 159,179,152 92,111,100 90,102,93 241,233,179 75,61,45 42,28,14 98,77,7 96,75,5 85,65,4 96,77,9 100,78,13 94,72,7 66,54,24 96,81,20 50,40,39 44,34,35 57,44,39 70,56,42 59,48,41 74,64,54 21,18,22 25,23,24 39,37,38 26,21,20 30,23,23 17,15,13
71,55,38 78,63,52 59,47,37 85,88,64 107,115,92 172,192,147 103,111,97 153,155,129 149,164,125 104,115,114 49,36,29 31,22,14 88,71,2 86,67,3 82,66,10 109,81,52 55,36,13 102,82,32 101,94,37 94,73,3 32,23,19 35,26,20 89,82,82 77,62,51 64,55,49 64,51,46 18,16,17 13,11,12 19,17,18 31,29,30 54,47,31 25,23,24
59,48,43 76,61,50 60,48,36 83,89,60 88,98,72 129,140,98 165,173,134 203,196,153 123,136,113 108,108,94 40,28,18 54,39,28 68,56,0 89,70,4 92,74,3 88,76,6 100,73,37 32,23,19 71,61,12 96,77,9 34,28,21 32,23,17 109,90,67 121,108,103 68,55,50 68,55,50 21,13,19 10,10,10 13,11,12 20,18,19 12,10,8 30,28,29
53,44,40 76,59,49 57,46,29 79,85,58 100,107,75 99,111,77 217,218,170 207,223,179 153,155,140 100,110,107 39,27,15 40,28,16 54,43,8 93,76,9 113,87,7 98,78,3 86,72,6 77,68,8 77,70,13 54,46,12 37,28,24 42,30,20 113,89,52 119,100,75 78,66,56 67,54,49 22,15,15 13,8,7 17,10,13 43,38,26 16,14,15 34,32,33
53,43,42 74,58,45 73,57,42 85,95,60 91,102,73 78,87,59 183,200,149 170,186,153 96,111,116 115,121,94 40,28,18 32,23,17 60,54,6 61,52,7 91,77,9 105,85,8 96,77,11 76,67,11 59,53,7 44,39,27 31,22,16 42,30,20 108,81,47 114,92,58 91,76,67 52,41,38 64,51,46 22,17,16 13,11,12 20,18,16 21,16,18 14,12,13
53,43,42 77,61,44 71,57,41 93,103,70 89,94,70 96,104,92 198,225,168 110,134,121 137,154,130 181,194,153 43,33,23 38,26,16 63,47,30 69,59,6 64,56,4 52,45,4 57,48,3 57,51,5 51,43,32 37,28,24 40,27,20 50,38,26 97,75,37 105,81,48 112,106,99 52,41,38 57,44,39 35,33,34 35,33,34 25,20,19 14,12,13 12,10,11
60,46,46 72,57,48 58,43,32 102,114,80 106,108,103 120,105,96 150,175,144 119,136,131 141,162,130 171,183,149 34,23,18 36,23,16 41,30,23 61,52,33 61,53,1 66,58,6 51,46,7 36,28,17 33,24,18 26,20,15 39,30,24 40,27,20 99,77,41 105,83,49 106,95,78 117,105,93 76,63,56 35,33,34 43,38,40 28,23,25 10,10,7 11,10,13
65,49,43 72,57,46 62,46,40 103,103,100 88,91,83 74,73,78 84,88,90 96,102,103 98,105,89 86,101,104 113,95,63 39,29,19 41,29,17 34,21,14 27,21,16 26,15,8 66,54,42 32,21,14 29,18,11 32,21,16 40,30,20 30,21,17 82,64,43 93,73,43 102,79,48 116,89,53 116,101,81 36,31,33 51,40,35 32,27,24 10,10,10 11,11,11

40,34,29 30,24,19 41,35,30 43,34,28 53,43,44 46,36,40 46,36,40 32,22,23 37,28,24 39,30,26 63,52,37 61,50,35 59,47,35 26,19,22 17,9,17 22,15,18 32,23,19 42,32,33 67,56,41 66,55,40 60,48,36 56,44,34 53,44,36 53,44,40 43,37,32 62,43,20 59,44,24 62,45,19 40,33,31 36,31,33 40,33,36 40,33,36
43,39,33 42,36,31 47,38,32 53,44,38 46,36,40 43,33,37 46,36,40 46,36,40 33,24,18 36,27,21 62,51,36 68,57,42 21,18,22 30,20,21 47,45,43 36,29,29 19,12,15 22,15,15 52,41,36 59,51,40 62,51,36 61,49,37 58,50,39 53,44,40 50,41,37 46,36,37 37,21,15 41,34,34 41,34,37 40,33,36 38,31,34 38,31,34
40,34,29 44,38,33 45,36,30 53,42,35 46,36,40 46,36,40 46,36,40 40,30,34 40,31,25 43,34,28 64,52,40 68,57,38 62,50,38 51,42,36 63,56,40 64,53,36 59,50,35 50,40,28 207,158,91 65,58,42 71,57,43 82,62,42 53,45,34 45,35,34 37,31,26 35,28,28 51,36,16 41,36,38 42,35,35 40,33,33 40,33,36 40,33,36
49,39,40 28,18,17 38,31,34 41,35,28 45,35,39 44,34,38 50,40,44 32,23,19 38,29,23 47,34,29 71,60,43 77,66,47 80,67,46 75,64,45 77,66,47 64,52,40 32,23,17 55,44,37 98,68,40 62,43,29 63,55,42 47,38,34 44,34,35 42,32,33 33,26,26 29,25,19 53,37,22 36,29,32 42,32,36 58,47,42 50,37,32 44,35,31
46,34,24 57,47,48 20,18,19 145,148,113 56,46,50 52,42,43 46,36,37 36,27,21 41,30,23 45,37,26 81,70,51 85,71,46 89,72,48 87,73,48 88,73,51 39,30,22 59,52,34 87,63,41 220,172,114 68,54,38 56,51,39 50,45,33 57,48,40 28,21,21 37,30,33 30,25,22 50,34,19 30,23,23 37,30,30 55,42,37 52,41,36 47,36,29
59,42,32 72,61,56 102,106,79 165,170,123 29,22,22 52,42,41 54,44,45 38,26,16 46,34,24 48,36,26 83,68,48 93,76,50 110,89,62 87,73,48 88,74,49 43,34,28 59,46,25 72,48,26 216,165,110 61,54,34 70,62,49 52,45,27 57,49,36 44,38,33 35,28,28 32,28,22 34,23,18 33,28,30 65,42,11 57,44,39 66,51,40 77,63,47
70,54,39 82,73,67 161,168,122 40,39,30 36,30,35 64,53,50 68,55,52 33,22,17 51,36,25 49,37,25 90,75,55 103,84,59 101,82,59 80,66,41 83,71,45 38,32,23 55,50,38 152,116,85 166,118,71 58,49,32 43,34,19 77,65,39 81,69,59 74,65,46 32,27,26 29,22,22 53,34,20 33,26,26 52,36,23 53,42,39 103,74,50 80,61,36
76,58,39 23,14,10 162,169,114 67,68,45 45,43,44 71,59,47 80,68,56 43,31,21 43,28,17 48,36,24 85,71,46 85,70,48 96,77,52 85,72,49 83,65,44 47,35,23 58,44,30 246,191,119 141,101,67 104,88,44 155,138,91 163,144,107 91,70,43 98,79,44 25,23,24 21,14,14 65,45,27 39,28,13 16,11,10 55,48,46 106,76,48 103,73,45
78,62,47 29,24,23 38,36,34 40,35,34 32,27,26 70,59,44 80,68,56 40,29,24 44,29,18 48,36,26 82,71,54 94,81,58 90,76,51 86,71,51 81,70,51 46,37,33 70,54,41 238,187,118 130,102,64 175,148,83 124,103,60 129,114,67 112,90,56 142,100,58 10,9,14 35,29,22 94,54,29 44,35,27 79,71,58 62,47,27 103,74,41 130,96,62
42,28,14 47,38,32 59,51,40 62,52,42 77,65,53 76,65,50 73,63,51 40,31,25 58,43,32 32,23,15 68,58,46 68,57,38 86,72,54 77,66,47 70,59,44 26,21,18 77,64,41 216,171,107 42,38,30 183,158,99 114,97,50 141,126,65 143,123,75 17,15,13 10,10,10 46,35,28 130,84,54 11,10,13 44,38,29 44,33,26 46,37,29 43,35,24
66,56,32 50,41,37 63,55,44 69,57,45 84,72,60 74,63,48 44,34,35 39,28,25 43,29,15 65,45,36 46,37,33 58,48,38 65,58,40 66,59,43 51,40,35 30,24,15 80,65,43 176,139,99 212,167,103 129,99,55 106,89,38 154,136,106 47,38,30 52,47,33 59,50,42 40,34,27 77,52,33 57,42,22 14,12,13 11,9,10 11,11,11 12,10,8
61,47,31 40,31,25 47,36,31 63,54,48 66,57,49 74,62,50 45,38,36 30,21,17 66,45,34 37,20,10 26,16,15 95,78,31 92,75,28 130,103,60 58,52,45 35,34,27 39,30,24 136,108,79 77,57,39 144,113,64 140,122,78 141,126,75 194,175,107 210,182,112 188,172,116 48,36,26 48,32,26 31,17,17 13,11,12 58,53,41 41,35,30 32,31,24
48,33,24 30,21,17 26,20,13 33,24,20 49,36,29 62,51,36 36,29,27 26,14,14 74,51,38 69,48,35 58,38,29 24,13,8 39,29,17 110,99,80 215,197,95 80,64,31 95,88,70 92,78,53 193,151,99 122,107,60 72,65,49 88,72,41 111,94,66 95,71,34 21,16,13 29,23,16 49,34,23 62,51,36 57,45,33 13,10,14 20,18,16 25,20,19
43,31,21 44,29,20 45,33,21 30,21,15 68,54,36 50,40,41 24,17,17 30,23,21 93,63,48 88,56,40 196,126,77 45,31,31 63,52,37 188,166,117 149,123,53 165,141,86 113,89,27 183,159,79 129,107,62 71,56,36 93,79,52 36,27,19 82,61,34 33,24,16 31,21,25 31,25,18 45,29,25 45,39,32 55,45,33 58,48,36 63,52,35 54,42,30
65,51,37 55,43,31 56,44,34 38,27,22 42,33,25 37,35,36 40,24,20 79,48,36 136,85,50 98,56,34 64,41,28 60,50,40 59,43,26 47,34,29 84,69,49 51,42,34 56,43,20 116,104,67 182,163,81 123,108,59 94,81,47 123,109,82 88,68,36 74,52,18 25,20,22 50,40,30 40,27,22 28,21,19 17,15,16 16,11,13 22,15,15 62,50,38
63,46,36 58,48,47 61,52,46 109,90,65 87,73,55 50,39,32 37,28,22 89,59,42 184,105,59 52,23,1 58,37,26 55,43,31 106,87,64 134,119,70 177,160,93 198,174,108 197,172,113 123,103,53 77,63,38 52,41,26 59,49,37 115,77,40 86,63,34 56,42,28 27,22,21 44,35,27 49,34,23 27,20,20 19,14,13 13,11,12 21,19,17 21,19,17
62,46,33 66,50,35 72,57,46 94,76,57 78,64,50 71,59,49 31,23,29 53,37,20 156,94,56 72,52,22 70,56,40 40,31,16 46,38,25 78,67,48 138,121,82 137,121,77 185,166,111 145,129,75 130,107,67 128,106,57 138,118,59 50,45,42 125,88,48 47,38,32 45,39,34 40,34,29 49,34,23 67,58,43 56,44,34 31,25,18 25,20,19 16,14,15
44,35,27 66,54,42 76,62,48 75,61,45 78,62,45 173,137,77 182,143,82 195,154,86 129,108,67 198,167,78 164,127,56 202,172,105 175,146,74 116,92,41 77,63,36 55,44,39 84,72,44 84,70,41 83,73,51 107,93,64 118,106,47 109,95,68 115,77,40 55,45,33 50,43,41 48,32,19 50,36,22 43,33,32 42,33,25 59,49,37 59,47,35 54,43,36

40,34,29 33,27,22 41,35,30 44,35,29 53,43,44 46,36,40 45,35,39 32,22,23 37,28,24 36,27,23 64,52,40 61,50,35 57,47,35 28,18,22 17,10,13 22,15,18 32,23,19 42,32,33 67,56,41 66,55,40 58,48,36 56,44,34 53,44,36 53,44,40 43,37,32 62,43,20 59,43,28 62,44,23 39,34,31 38,31,34 40,32,38 38,31,34
40,39,32 40,34,29 47,38,32 53,44,38 46,36,40 43,33,37 45,35,39 46,36,40 33,24,18 36,27,21 62,51,36 68,57,42 21,18,24 28,21,21 46,44,45 36,29,29 18,13,15 22,15,15 51,42,36 60,50,40 63,51,39 61,49,37 58,50,39 53,44,40 50,41,37 44,37,37 35,22,15 41,34,34 41,34,37 41,34,37 40,33,36 38,31,34
41,35,30 44,38,33 45,36,30 53,43,33 46,36,40 45,35,39 46,36,40 40,29,36 39,30,24 42,33,27 64,52,40 69,58,39 62,50,38 51,42,36 63,56,40 64,52,40 61,52,37 50,40,28 208,159,94 65,58,42 64,53,38 83,61,41 54,44,34 45,35,34 37,31,26 35,28,28 53,35,16 42,35,38 42,35,35 40,33,33 40,33,36 40,33,36
49,39,43 28,18,17 38,31,34 45,34,29 45,35,39 45,35,39 50,40,44 32,23,19 37,28,22 45,34,29 71,60,43 77,66,47 80,67,46 77,63,45 77,66,47 64,52,40 32,23,17 54,45,37 94,69,39 65,43,25 63,55,42 47,38,34 44,35,31 44,34,35 33,26,26 28,27,20 53,37,20 36,29,32 42,32,31 59,48,43 52,39,34 44,35,31
46,34,24 57,47,48 20,17,21 145,148,113 56,46,50 52,42,43 46,36,37 37,28,22 41,30,23 45,35,25 81,70,51 85,71,46 89,72,48 87,73,48 88,73,51 39,30,22 60,53,35 85,63,43 220,169,112 68,54,38 56,51,39 51,46,34 57,48,40 28,21,21 37,30,33 28,27,20 51,35,18 32,22,23 38,31,31 55,42,37 52,41,36 46,37,31
59,42,32 72,61,56 102,106,79 165,170,123 29,22,22 52,42,41 56,46,47 38,26,16 46,34,24 48,36,26 83,68,48 92,75,49 110,89,62 88,74,49 88,74,49 43,34,28 59,46,25 67,43,19 221,170,115 60,53,33 70,62,49 52,45,27 57,49,36 44,38,33 35,28,28 30,26,20 34,23,18 33,28,30 64,42,8 57,44,39 65,50,39 77,63,47
70,54,37 82,73,69 161,168,122 39,40,30 36,30,35 65,54,49 67,54,49 33,22,17 50,35,24 49,37,25 90,75,53 103,84,59 100,81,56 82,65,41 84,70,45 39,30,22 55,50,38 150,114,83 166,118,71 58,49,32 43,34,19 75,66,39 81,69,57 76,66,44 33,26,26 28,21,21 53,34,20 32,27,26 48,37,22 53,42,39 103,74,50 82,61,36
76,58,39 23,14,10 162,169,114 67,68,45 45,43,39 71,59,47 80,68,56 45,33,23 42,27,16 49,37,25 85,71,44 86,69,45 96,77,52 86,73,50 81,66,44 49,34,23 59,45,31 247,192,120 141,101,65 104,88,46 155,138,89 158,141,102 91,71,41 98,78,48 25,23,24 21,14,14 61,48,27 38,29,14 17,10,10 56,49,47 105,76,45 103,73,45
78,62,47 30,25,24 39,37,35 41,36,35 34,29,28 70,59,44 78,66,54 39,30,24 44,29,18 48,35,28 82,71,54 95,81,54 88,74,49 86,71,51 82,71,52 46,37,33 69,55,39 239,186,118 132,104,66 174,147,82 124,103,62 129,114,67 110,90,58 142,101,54 8,9,14 34,28,21 95,53,29 44,36,25 81,74,56 62,47,27 103,74,41 127,95,61
42,28,14 47,38,32 58,50,39 64,52,42 77,65,53 76,65,50 72,62,50 41,30,25 56,44,32 32,23,15 70,58,46 68,57,38 86,73,52 77,66,47 70,59,44 27,20,20 76,64,38 216,171,107 45,39,32 183,158,99 114,96,52 141,125,67 140,123,76 17,15,13 10,10,10 48,37,30 130,85,52 11,11,11 45,39,30 44,33,26 46,37,29 43,35,24
68,54,36 51,42,38 61,53,42 69,57,45 84,72,60 74,63,48 44,34,35 40,29,26 43,29,15 66,44,36 46,37,33 58,48,38 65,58,40 65,58,40 51,40,33 29,25,15 82,65,41 177,143,102 213,168,104 126,99,52 108,87,44 156,136,106 45,39,30 52,47,33 59,50,42 41,35,28 76,51,32 58,43,23 14,12,13 10,10,10 11,11,11 12,10,8
61,47,31 40,31,25 46,37,33 63,54,48 66,57,49 74,62,50 45,38,36 29,20,16 66,45,34 37,20,10 23,18,15 95,78,29 92,74,30 132,105,62 60,51,45 34,35,27 40,31,23 137,109,80 77,61,44 144,111,63 140,122,80 141,126,75 194,176,105 209,181,111 188,172,116 51,36,27 48,32,30 31,17,17 15,10,12 58,53,41 41,35,30 32,31,24
47,32,23 30,20,21 26,20,13 33,24,20 49,36,29 62,51,36 35,28,28 26,14,14 74,51,40 69,48,35 58,38,29 20,9,6 39,29,19 110,99,80 217,197,93 81,63,31 95,88,70 92,78,53 191,149,97 121,104,55 72,65,49 86,71,35 112,95,69 89,69,37 21,16,13 29,23,16 49,34,23 62,51,36 56,44,32 13,10,14 20,18,16 25,20,19
43,31,21 45,30,21 45,33,21 30,21,17 66,52,34 50,40,41 24,17,17 30,23,26 93,63,48 90,58,42 196,126,77 45,31,31 63,52,37 188,167,115 149,123,55 165,141,86 113,88,29 185,159,77 128,108,62 71,56,36 91,77,50 36,27,19 80,61,36 32,23,15 30,20,24 30,24,17 41,29,29 45,39,32 55,45,33 58,48,36 63,52,35 54,42,30
62,51,36 57,42,31 56,44,34 38,27,22 42,33,25 37,35,36 40,24,20 79,49,34 136,85,50 95,55,32 64,41,28 63,50,43 59,43,28 47,34,29 84,69,49 49,43,34 59,45,20 116,104,63 185,166,84 123,108,59 93,82,49 125,108,82 88,65,34 74,51,20 25,20,22 50,40,30 41,28,23 29,22,20 16,14,15 18,13,15 22,15,15 62,50,38
64,47,37 58,48,47 62,51,48 109,90,67 87,74,53 50,39,32 37,28,22 89,60,40 184,105,59 47,26,1 58,37,24 57,42,31 106,87,64 134,119,70 175,158,91 203,179,117 197,172,113 123,104,51 77,63,38 52,41,26 61,49,37 118,76,36 86,63,34 56,42,28 28,23,22 44,35,27 48,33,22 29,19,18 20,15,14 13,11,12 21,19,17 23,18,17
62,46,33 66,50,37 72,58,44 95,75,55 78,64,50 69,59,49 31,23,29 53,37,20 162,93,57 72,52,22 70,56,40 41,32,17 46,38,25 78,67,48 138,121,82 137,121,77 185,166,111 145,129,75 130,108,63 129,107,62 137,118,61 50,45,42 125,88,48 48,37,32 45,39,34 40,34,29 49,34,23 68,59,44 54,42,32 31,25,20 25,20,19 16,14,15
44,35,27 66,54,42 76,62,48 75,61,45 78,62,45 176,137,76 182,143,82 198,152,86 128,107,66 198,166,82 164,129,48 203,172,110 174,144,75 116,92,41 77,63,36 54,45,37 83,71,43 84,71,39 83,75,53 107,93,64 118,106,47 109,95,68 116,78,41 54,46,33 50,44,39 47,33,17 50,36,22 43,33,32 42,33,25 58,48,36 60,48,36 56,44,32

40,34,29 33,27,22 41,35,30 44,35,29 50,40,41 46,36,40 46,36,40 32,22,26 37,28,24 36,27,23 64,52,40 61,50,35 57,47,35 28,17,24 17,10,13 22,15,18 32,22,21 42,32,33 67,56,41 66,55,40 60,48,36 56,44,34 54,45,37 53,44,40 43,37,32 64,43,18 59,43,28 62,44,23 39,34,33 38,31,34 40,33,36 38,31,34
42,38,32 40,34,29 47,38,32 53,44,38 46,36,40 43,33,37 45,35,39 46,35,42 33,24,18 36,27,23 62,51,36 68,57,42 21,18,24 27,22,21 46,43,47 36,29,29 18,13,12 22,15,15 51,42,36 60,50,40 63,52,37 61,49,37 58,50,39 53,44,40 50,41,37 46,36,37 36,23,16 40,33,33 41,34,37 41,34,37 38,31,31 38,31,34
41,35,30 46,37,33 45,36,30 53,43,33 47,37,41 45,35,39 46,36,40 40,29,36 39,30,24 42,33,27 64,52,40 69,58,39 62,50,38 51,42,36 61,54,38 64,52,42 61,52,37 50,40,28 202,150,88 65,58,42 68,54,38 79,64,44 53,45,34 45,36,32 36,32,26 34,29,31 52,37,17 43,36,39 41,36,35 40,33,33 41,34,37 40,33,36
49,39,43 27,20,18 40,33,36 42,36,29 45,35,39 45,35,39 50,40,44 32,22,21 38,29,23 47,34,29 71,60,43 77,66,47 81,66,46 77,63,45 78,67,48 64,52,40 32,23,17 54,45,37 102,74,45 71,47,23 59,51,38 47,37,36 42,36,31 44,34,35 34,27,27 27,26,19 53,37,22 36,29,32 42,32,33 58,47,42 52,39,34 44,35,31
46,34,24 57,47,48 20,17,21 145,148,113 57,47,51 52,42,43 46,36,37 36,27,21 45,32,27 45,34,27 81,70,51 85,71,46 87,73,48 87,73,48 88,73,51 40,29,22 58,51,33 86,64,44 216,166,106 66,55,38 56,51,39 51,46,34 57,48,40 28,21,21 36,29,32 31,24,24 53,35,16 32,22,23 38,31,31 55,42,37 52,41,36 46,37,31
59,42,32 72,61,56 102,106,79 165,170,123 29,22,22 52,42,41 56,46,47 38,25,18 46,34,24 48,36,26 82,69,46 92,75,51 110,89,62 88,74,49 88,74,47 43,34,28 59,46,25 70,44,21 222,171,116 60,53,33 70,62,49 52,45,27 55,50,36 44,38,33 35,28,28 30,26,20 36,23,18 32,27,29 64,42,8 59,46,41 65,50,39 77,63,47
70,54,37 82,73,67 161,168,122 39,40,30 36,30,35 68,55,50 66,55,50 33,22,17 50,36,20 50,38,26 90,75,53 103,84,59 100,81,56 80,66,41 84,70,45 42,33,25 55,50,36 150,114,81 169,122,72 58,49,32 43,34,19 77,64,41 79,69,59 76,66,42 33,26,26 28,21,21 53,34,18 33,26,26 48,37,22 53,42,39 103,74,50 82,61,36
76,58,39 23,13,12 162,169,114 67,69,41 45,44,37 70,58,46 81,69,57 45,33,23 43,28,17 49,37,25 85,71,44 86,69,45 96,77,52 86,73,52 80,65,43 47,35,23 61,46,35 245,193,122 139,101,64 104,88,46 156,139,88 158,141,102 91,71,39 98,78,48 24,21,25 21,14,17 61,48,27 37,28,13 17,10,10 56,49,47 105,76,45 103,73,45
78,62,47 29,24,26 41,36,35 40,35,34 34,29,28 70,59,44 78,66,54 39,30,24 44,29,18 48,35,28 82,71,56 95,81,56 88,74,47 86,71,51 82,71,52 46,37,33 69,55,39 239,186,118 132,104,66 176,149,86 124,103,62 129,113,69 110,90,60 142,101,54 8,9,14 35,26,20 94,54,29 44,36,25 82,73,56 64,46,27 103,74,41 127,95,61
42,28,14 47,38,32 58,50,39 66,54,44 77,65,53 76,65,50 72,62,50 41,30,23 56,44,32 32,23,15 70,58,46 68,57,38 86,71,49 76,65,46 70,59,42 26,21,18 75,63,37 216,171,107 40,31,25 183,158,99 114,96,52 141,126,65 140,123,74 19,14,13 10,10,10 48,37,30 128,85,50 11,11,11 45,39,30 44,33,26 46,37,29 43,35,24
68,54,36 50,41,35 62,52,42 69,57,45 84,72,60 73,62,47 44,34,35 39,30,26 41,27,13 65,43,35 47,38,34 58,48,38 65,58,42 65,58,40 51,40,33 29,25,15 83,66,42 177,143,100 214,167,106 135,109,59 110,89,46 156,136,106 45,39,30 52,47,33 59,50,42 41,35,28 77,52,33 60,42,23 14,12,13 10,10,10 11,11,11 12,10,8
61,47,31 40,31,25 46,36,35 63,54,48 66,57,49 74,62,50 45,38,36 29,20,16 67,46,35 37,20,12 23,19,13 95,78,29 91,73,31 132,104,66 60,51,45 34,35,27 38,29,21 137,109,80 77,61,44 144,111,63 140,122,80 141,126,75 194,176,105 209,181,111 188,172,114 49,37,27 48,32,30 31,17,17 15,10,12 58,53,41 41,35,30 32,30,26
45,29,23 29,20,16 26,20,15 35,26,22 48,35,28 62,51,36 37,30,30 26,14,14 74,51,40 69,48,35 58,38,29 20,9,4 39,29,19 110,100,78 217,197,93 81,63,31 95,88,72 92,77,55 191,149,97 119,102,53 72,65,49 87,70,35 115,98,72 87,69,37 21,16,13 29,23,16 49,34,23 62,51,36 56,44,32 13,10,14 20,18,16 25,20,19
43,31,21 45,30,21 45,33,21 30,21,17 66,52,34 47,40,40 24,17,17 31,24,27 93,63,48 90,58,42 196,126,77 43,31,31 63,52,35 188,167,115 149,123,55 166,140,86 113,88,29 185,159,77 128,107,64 70,57,36 91,77,52 36,27,19 80,61,36 32,23,15 30,20,24 30,24,17 40,28,28 45,39,32 55,45,33 60,48,36 63,52,35 55,43,31
65,51,35 57,42,31 56,44,34 38,27,22 42,33,25 37,35,36 41,23,20 79,49,34 136,85,50 96,56,33 64,41,28 62,49,42 59,43,28 47,34,29 84,69,49 51,42,36 58,45,22 116,105,61 185,166,84 123,108,59 93,82,49 125,108,82 88,65,34 77,49,22 25,20,22 50,40,30 41,28,23 29,22,20 16,14,15 16,11,13 22,15,15 62,50,38
63,48,37 58,48,49 62,51,48 109,89,69 89,76,53 49,40,32 37,28,22 89,59,42 184,105,59 47,26,1 58,37,24 57,42,31 106,87,64 134,119,70 175,158,91 202,180,117 196,173,113 123,104,51 77,63,38 52,41,26 61,49,37 118,76,36 86,63,34 57,43,29 28,23,22 44,35,27 48,33,22 29,19,18 19,14,13 13,11,12 20,18,16 23,18,17
63,47,34 66,50,37 72,58,44 95,75,55 78,64,50 69,59,49 31,23,31 53,37,20 160,92,56 72,52,22 70,56,40 41,32,17 46,38,25 78,67,48 138,121,82 139,123,79 186,165,111 148,129,76 130,108,63 129,107,62 137,118,61 50,45,42 125,88,48 48,37,32 47,41,36 40,34,29 49,34,23 70,59,44 52,42,32 30,25,22 25,20,19 16,14,15
44,35,27 66,54,42 76,62,46 75,61,45 78,62,45 176,137,76 182,143,82 198,152,82 128,107,66 198,166,82 164,129,48 203,172,110 174,144,75 116,92,41 73,59,32 54,45,37 83,71,43 83,72,39 85,75,53 107,93,64 118,106,47 109,95,68 116,78,41 54,46,33 50,44,39 45,34,17 51,37,23 43,34,30 42,33,25 59,49,37 59,47,35 56,44,32

40,34,29 33,27,22 41,35,30 44,35,29 50,40,41 46,36,40 46,36,40 32,22,23 37,28,24 38,29,25 62,52,40 61,50,35 57,47,35 26,18,24 14,12,13 22,15,18 30,24,19 42,32,33 66,55,40 66,55,40 60,48,36 57,45,35 54,45,37 53,44,40 43,37,32 61,44,18 59,43,28 62,45,21 39,34,33 38,31,34 40,33,36 37,30,33
42,38,32 41,35,30 47,38,32 54,45,39 46,36,40 43,33,37 46,36,40 46,35,42 33,24,18 36,27,23 62,51,36 68,57,42 21,18,24 27,22,21 46,44,45 36,29,29 20,13,16 22,15,15 52,41,36 68,54,40 63,52,37 61,49,37 58,50,39 53,44,40 50,41,37 46,36,37 36,23,16 40,33,33 41,34,37 41,34,37 38,31,34 38,31,34
42,36,31 46,37,33 45,36,30 54,43,36 47,37,41 45,35,39 46,36,40 40,29,36 39,30,24 43,32,27 64,52,40 69,58,39 62,50,38 51,42,36 61,54,38 64,52,42 165,126,94 46,37,31 197,147,105 66,57,42 64,53,38 56,43,36 55,45,35 45,35,34 39,30,26 35,28,28 52,37,17 42,37,36 44,34,35 40,33,33 41,34,37 40,33,36
49,39,43 27,20,18 40,33,36 42,36,29 43,33,37 44,34,38 50,40,44 32,22,21 38,29,23 47,34,27 71,60,43 77,66,47 81,66,46 77,63,45 78,67,48 64,52,42 55,44,29 72,50,30 52,41,34 54,43,38 52,43,39 47,37,36 44,34,33 43,33,34 34,27,27 27,26,19 52,36,21 36,29,32 42,32,33 58,47,44 52,39,34 44,35,31
46,34,24 57,47,48 20,17,21 145,148,113 58,46,51 52,42,43 46,36,37 36,27,21 46,33,28 45,34,29 81,71,49 85,71,46 89,72,48 87,73,48 88,73,51 37,31,22 78,56,36 228,172,109 51,41,29 61,51,39 57,52,38 51,46,34 57,49,38 28,21,21 36,29,32 27,25,21 53,35,16 32,22,23 38,31,31 55,42,37 53,42,37 46,37,31
58,41,31 73,62,57 102,106,79 165,170,125 29,22,22 53,42,39 56,46,47 36,25,20 46,34,24 47,35,25 82,69,46 92,75,49 110,89,62 87,72,50 88,74,49 43,34,28 84,63,36 185,137,94 104,86,65 60,53,35 70,62,49 52,45,27 55,50,36 44,38,33 35,28,28 32,28,22 36,23,18 32,27,29 65,41,8 59,46,41 65,50,41 77,63,47
70,54,37 82,73,65 161,168,122 39,40,30 36,30,35 67,54,51 68,55,50 33,22,15 50,35,24 50,38,28 90,75,53 103,84,57 101,82,57 79,66,43 84,70,45 42,33,25 56,52,33 191,157,116 61,54,34 60,49,34 43,34,19 75,65,41 78,70,59 78,65,42 33,26,29 28,21,21 53,34,18 33,26,26 48,37,22 53,42,39 103,74,50 82,61,36
76,58,39 21,14,14 162,169,114 67,69,41 45,44,37 70,58,46 81,69,57 45,33,23 44,27,17 49,37,25 85,71,44 84,70,45 96,77,52 86,74,48 80,65,43 43,31,21 57,46,31 255,203,127 131,98,59 104,87,48 156,139,88 158,141,104 90,70,38 98,78,48 26,20,25 20,15,14 61,47,29 40,29,12 17,10,10 56,49,47 106,77,46 103,73,45
78,62,45 29,24,26 41,36,35 41,34,34 34,29,28 70,59,44 80,68,56 42,29,24 41,29,17 48,35,28 82,71,56 95,81,56 90,76,49 86,71,51 82,71,52 45,40,26 69,52,42 255,209,131 120,94,55 172,146,76 124,103,62 129,114,67 110,90,58 142,101,54 10,9,14 36,27,21 95,55,30 44,36,25 82,73,56 64,46,25 104,75,42 127,95,61
42,28,14 47,38,32 59,49,39 66,54,44 77,65,53 76,65,50 72,62,50 41,30,25 55,43,33 33,22,15 70,58,46 66,55,38 86,70,53 75,64,45 70,59,44 26,22,16 81,62,39 229,180,113 108,82,59 180,161,95 114,97,46 139,125,71 140,123,74 17,15,13 10,10,10 48,37,30 130,85,52 11,11,11 45,39,30 44,33,26 46,37,29 43,35,24
68,54,36 51,42,36 61,53,42 69,57,45 84,72,60 74,63,48 45,33,35 39,30,26 41,27,13 65,43,35 47,38,34 58,48,38 65,57,44 64,57,39 43,37,28 29,25,17 83,63,43 187,145,91 80,65,54 125,97,59 110,89,48 156,135,108 45,39,30 52,47,33 59,50,42 41,35,28 78,51,33 60,42,21 14,12,13 10,10,10 11,11,11 12,10,8
61,47,31 40,31,25 46,37,33 63,54,48 66,57,49 74,62,50 45,38,38 29,20,16 67,46,35 37,20,10 23,18,15 95,78,29 92,73,36 102,75,39 60,51,45 34,35,27 73,61,49 103,82,57 79,60,35 140,110,68 140,122,78 141,126,75 196,174,107 207,181,111 188,173,112 49,37,27 48,32,28 31,17,17 15,10,12 58,53,41 39,35,29 34,29,26
45,29,23 30,21,17 28,19,15 33,24,20 47,34,27 62,51,36 38,31,31 26,14,14 74,51,40 69,48,35 59,37,29 20,9,6 39,29,19 110,100,78 217,197,93 86,68,38 88,78,66 96,79,53 189,148,91 112,96,40 72,65,49 86,71,35 115,98,74 87,68,41 21,16,13 29,23,16 49,34,23 61,50,35 55,43,31 13,10,14 20,18,16 23,21,19
43,31,21 45,30,21 45,33,21 31,22,18 66,52,34 47,40,40 26,16,17 31,24,27 94,62,48 90,58,42 196,126,77 43,32,29 63,52,37 188,166,117 149,123,55 168,139,86 113,87,33 183,159,77 128,108,62 71,56,34 92,77,55 36,27,19 80,61,36 30,24,17 30,20,24 30,24,17 40,28,28 45,39,32 54,46,33 58,48,36 63,52,35 57,42,31
63,52,35 57,42,31 56,44,34 38,27,22 42,33,25 37,35,36 41,23,20 79,49,34 136,85,50 99,54,33 64,41,28 61,48,41 58,42,25 47,34,29 84,69,49 49,43,34 59,44,24 116,105,61 185,166,84 123,108,61 94,80,51 125,108,80 88,65,34 77,49,22 25,20,22 50,39,32 41,28,23 29,25,19 16,14,15 18,13,15 22,15,15 62,51,36
63,48,37 58,48,47 62,51,48 109,89,69 89,76,53 49,40,32 37,28,22 89,59,42 184,105,57 47,25,5 58,37,24 57,42,31 105,88,64 134,119,70 175,158,89 203,179,115 196,173,115 126,102,51 77,63,38 52,41,26 63,48,39 116,77,38 86,63,34 56,42,28 28,23,22 44,35,27 48,33,22 27,20,18 19,14,13 13,11,12 20,18,16 25,20,19
63,47,34 66,50,37 72,58,44 94,76,57 79,65,51 69,59,49 31,23,31 53,37,20 161,92,56 72,52,22 70,56,40 41,32,17 46,38,25 78,67,48 138,121,84 139,123,79 186,165,111 148,129,76 130,108,63 129,107,60 136,117,60 50,46,40 125,88,48 48,37,32 47,41,36 38,32,27 48,33,22 70,59,44 52,42,32 31,24,22 25,20,19 16,14,15
42,36,27 66,54,42 76,62,48 75,61,45 78,62,45 176,137,76 182,143,82 200,151,82 129,105,70 198,166,80 164,128,50 202,173,110 174,144,75 116,92,41 74,60,33 54,46,33 83,70,47 84,71,39 83,75,53 107,93,64 119,104,55 109,95,68 117,79,42 52,44,31 50,44,39 46,35,20 50,36,20 41,34,32 43,34,26 61,49,37 57,47,35 56,44,32

40,34,29 33,27,22 41,35,30 44,35,29 50,40,41 46,36,40 46,36,40 32,22,23 37,28,24 38,29,25 62,52,40 61,50,35 56,48,35 26,18,24 14,12,13 22,15,18 32,23,19 42,32,36 66,55,40 64,53,38 60,48,36 59,47,37 54,45,37 53,44,40 43,37,32 60,46,19 59,43,30 60,46,21 40,33,33 37,30,33 40,33,36 37,30,33
42,38,32 41,35,30 47,38,32 54,45,39 46,36,40 43,33,37 46,36,40 46,35,42 33,24,18 36,27,23 62,51,36 68,57,42 20,19,24 27,22,21 46,44,45 36,29,29 19,14,16 22,15,15 51,42,36 60,50,40 61,51,39 61,49,37 58,48,38 53,44,40 50,41,37 41,39,37 36,23,16 40,33,33 41,34,37 41,34,37 38,31,34 38,31,34
42,36,31 46,37,33 45,36,30 54,44,34 47,37,41 45,35,39 46,36,40 39,28,35 39,30,24 42,33,27 64,52,40 69,58,39 62,50,38 51,42,38 61,54,38 64,52,42 61,51,41 48,37,30 201,162,123 67,57,45 64,53,38 57,45,35 53,43,33 45,36,32 37,31,26 37,27,28 52,37,17 42,37,36 43,33,34 40,33,33 41,34,37 40,33,36
49,39,43 27,20,18 38,31,34 42,36,29 43,33,37 44,34,38 50,40,44 32,22,21 38,29,23 49,33,29 73,62,45 79,65,47 81,66,46 77,63,45 78,67,48 63,51,39 62,42,24 128,93,66 58,47,42 57,44,39 52,43,39 49,39,38 44,34,33 44,34,35 34,27,27 27,26,17 52,36,21 36,29,32 42,32,33 58,47,44 50,37,32 44,35,31
46,34,24 57,47,48 20,17,21 145,148,113 58,46,51 52,42,43 46,36,37 36,27,21 46,33,28 45,34,27 83,70,49 85,71,46 89,72,48 88,74,49 88,73,51 39,30,24 82,63,38 144,84,41 42,37,25 61,51,39 57,52,38 51,46,34 57,49,38 28,21,21 34,27,30 28,26,22 54,36,17 32,22,23 37,32,31 55,42,37 55,42,37 45,36,30
58,41,31 73,62,57 102,106,79 165,170,125 31,21,22 53,42,39 56,46,47 38,25,22 46,34,24 47,35,25 83,68,46 92,75,49 110,89,62 87,72,50 90,73,49 43,34,28 90,66,42 234,193,148 93,73,53 60,53,33 70,62,49 53,44,27 55,50,36 49,43,38 35,28,28 32,28,22 36,23,18 32,27,29 64,42,8 59,46,41 65,50,41 77,63,45
70,54,37 82,73,65 161,168,122 39,40,30 36,30,35 67,54,51 68,55,52 33,22,15 51,37,21 50,38,28 90,75,53 103,84,59 100,83,57 79,66,43 84,70,45 42,33,25 54,50,33 181,137,95 64,57,39 60,49,34 43,34,19 75,65,41 78,70,59 78,65,42 33,26,29 25,23,21 53,34,20 33,26,26 48,37,22 53,42,39 103,74,50 82,61,36
76,58,37 23,13,12 162,169,114 67,69,41 45,44,37 71,59,47 81,69,57 45,33,23 43,28,17 49,37,25 85,71,44 84,70,45 96,77,52 87,73,48 81,66,44 43,31,21 55,43,33 255,200,124 138,105,66 104,87,48 156,139,88 158,141,104 90,70,38 98,78,48 26,20,25 20,15,14 62,46,29 37,28,11 17,10,10 56,49,47 106,77,46 103,73,45
78,62,45 29,24,26 41,36,35 42,35,35 33,28,27 70,59,44 80,68,56 42,29,24 44,29,18 48,35,28 82,71,54 95,81,56 90,76,51 86,71,51 82,71,52 45,39,30 67,51,36 255,203,122 127,101,62 170,148,74 124,103,62 129,114,67 110,90,58 142,101,54 10,9,14 36,27,21 96,54,30 44,36,25 82,73,56 64,46,27 104,75,42 127,95,61
42,28,14 47,38,32 59,49,39 66,54,44 77,65,53 76,65,50 72,62,50 41,30,25 55,43,33 33,22,15 70,58,46 66,55,38 86,70,53 75,64,47 69,58,43 24,23,16 82,63,38 229,180,111 99,78,53 180,161,95 114,97,46 139,125,71 140,123,74 17,15,13 10,10,10 48,37,30 130,85,52 11,11,11 45,39,30 44,33,26 46,37,29 43,35,24
69,56,35 51,42,36 61,53,42 69,57,45 84,72,60 74,63,48 44,34,35 39,30,22 41,27,13 65,43,35 47,38,34 58,48,38 65,58,42 64,57,39 43,37,30 29,25,19 78,60,41 180,139,90 119,100,88 124,95,60 110,89,46 154,135,108 45,39,30 52,47,33 59,50,42 40,34,27 76,51,34 60,42,21 14,12,13 10,10,10 11,11,11 12,10,8
61,47,31 39,30,24 46,37,33 61,55,48 66,57,49 74,62,50 47,40,43 29,20,16 66,45,34 37,20,10 23,18,17 95,78,27 92,73,36 98,74,39 60,51,45 38,39,29 77,63,49 103,82,57 78,61,33 139,107,65 138,122,78 141,126,75 196,174,107 207,182,109 188,173,112 49,37,27 47,31,27 31,17,17 15,10,12 58,53,41 40,36,30 32,31,24
45,29,23 30,21,17 28,19,15 32,23,19 47,34,27 62,51,36 38,31,31 27,15,15 74,51,38 69,48,35 58,38,29 20,9,6 39,29,19 110,100,78 217,197,93 86,68,38 98,84,70 96,77,52 189,148,91 119,103,49 72,65,49 86,71,35 115,98,74 86,69,41 19,17,13 29,23,16 48,33,22 61,50,35 55,43,31 13,10,14 20,18,16 23,21,19
42,30,20 45,30,21 45,33,21 31,22,18 66,52,34 47,40,40 26,16,17 31,24,27 96,64,50 88,56,40 196,126,77 43,32,29 63,52,37 188,166,117 149,123,53 168,139,86 112,88,33 181,160,77 128,108,62 71,57,32 92,77,55 36,27,19 80,61,36 32,23,17 30,20,24 30,24,17 40,29,26 45,39,32 54,46,33 58,48,36 63,52,35 57,42,31
63,52,35 57,42,31 56,43,36 38,27,22 43,34,26 37,35,36 41,23,20 79,49,34 136,85,50 99,54,33 64,41,28 61,48,41 58,43,23 47,34,29 84,69,49 49,43,34 59,43,26 116,104,63 185,166,84 123,108,61 94,80,51 125,108,80 91,68,37 77,49,22 25,20,22 49,40,32 40,27,22 28,24,18 16,14,15 18,13,15 22,15,15 62,51,36
63,48,37 58,48,47 62,51,48 109,89,69 89,76,53 49,40,32 37,28,24 89,59,42 184,105,57 47,25,5 58,37,24 57,42,31 105,88,64 134,119,70 175,158,89 202,180,115 196,173,115 126,102,51 77,63,38 50,41,26 63,48,39 116,77,38 86,63,34 57,43,29 28,23,22 44,35,27 49,34,23 27,20,18 19,14,13 13,11,12 21,19,17 25,20,19
63,47,34 67,51,38 72,57,46 94,76,57 79,65,51 69,59,47 31,23,29 53,37,20 161,92,56 72,52,22 70,56,38 41,32,17 46,38,25 76,67,48 138,121,84 139,123,79 185,166,111 146,130,76 130,108,63 129,107,60 136,117,60 51,47,41 125,88,48 50,39,34 47,41,36 40,34,29 49,34,23 70,59,44 52,42,32 33,23,22 25,20,19 16,14,15
42,36,27 66,54,42 77,63,47 75,61,45 78,62,45 176,137,76 182,143,82 200,151,82 129,105,70 198,166,80 164,128,50 202,173,110 174,144,75 116,92,41 74,60,33 54,46,33 84,69,47 83,72,39 83,75,53 107,93,64 121,104,55 109,95,68 117,79,42 54,46,33 50,44,39 46,35,20 50,36,20 41,35,30 43,34,26 61,49,37 57,47,35 54,44,34

40,34,29 33,27,22 41,35,30 44,35,29 51,41,42 46,36,40 46,36,40 32,22,23 37,28,24 38,29,25 62,53,38 61,50,35 56,48,35 26,18,24 14,12,13 22,15,18 30,23,21 42,32,36 64,53,38 66,52,38 60,48,36 59,47,37 54,45,37 53,44,40 45,39,34 59,47,19 59,43,28 62,45,21 40,33,33 37,30,33 40,33,36 37,30,33
42,38,32 41,35,30 47,38,32 54,45,39 46,36,40 43,33,37 46,36,40 46,35,42 33,24,18 36,27,23 61,50,35 67,56,41 20,19,22 27,22,21 46,44,45 36,29,29 19,14,16 22,15,18 51,42,36 60,50,40 63,52,37 61,49,37 57,49,38 53,44,40 50,41,37 41,39,37 36,23,16 40,33,33 41,34,37 41,34,37 38,31,34 38,31,34
41,37,31 46,37,33 45,36,30 54,44,34 47,37,41 45,35,39 46,36,40 40,29,36 40,29,24 43,34,28 66,51,40 69,58,39 62,50,38 52,43,39 61,54,38 64,52,40 60,50,40 48,37,30 62,50,38 68,56,44 62,53,38 57,45,35 50,45,33 45,35,34 39,30,26 35,28,31 52,37,17 42,37,36 41,34,34 41,34,34 41,34,37 40,33,36
49,39,40 27,21,16 38,31,34 42,36,29 44,34,38 44,34,38 50,40,44 32,22,21 39,30,24 49,33,29 73,62,45 80,66,48 81,66,46 77,63,45 78,67,48 63,51,39 61,43,24 130,96,66 61,48,41 54,43,38 49,43,38 49,39,38 44,34,33 44,34,35 33,26,26 27,26,19 53,37,20 36,29,32 42,32,33 59,48,45 50,37,32 44,35,31
46,34,24 57,47,48 20,17,21 145,148,113 57,45,47 52,42,43 46,36,37 36,27,21 46,33,26 45,35,25 81,70,51 87,73,48 87,73,48 87,73,48 88,73,51 39,30,24 80,61,38 155,96,50 47,38,23 61,51,39 59,51,38 51,46,34 57,49,38 28,21,21 36,29,32 27,25,21 54,35,19 30,23,23 37,32,31 55,42,37 55,42,37 46,37,31
58,42,29 73,62,59 102,106,79 165,170,125 31,21,22 52,41,38 56,46,47 41,25,21 46,34,24 47,35,25 84,69,47 93,76,50 111,90,63 87,73,48 90,73,49 42,33,27 91,70,45 137,98,68 91,72,47 60,53,33 70,62,49 53,44,27 55,50,36 49,43,38 35,28,28 32,27,24 36,23,18 32,27,29 63,44,9 59,46,41 65,50,41 77,63,45
70,54,37 82,73,65 161,168,122 39,40,30 36,30,35 67,54,51 68,55,52 33,22,15 50,36,22 49,37,27 89,76,55 102,83,58 99,82,56 80,66,41 84,70,45 40,34,25 54,52,32 215,168,105 66,58,45 58,49,34 43,34,19 77,64,41 78,70,59 78,65,42 33,26,29 27,20,20 53,34,18 32,27,26 48,36,24 53,42,39 103,74,50 82,61,36
76,59,35 23,13,14 162,169,114 67,69,41 45,44,37 73,61,49 80,68,56 43,31,21 43,28,17 49,37,25 86,72,45 84,70,45 96,77,52 87,73,48 81,66,44 43,31,21 53,43,31 254,198,124 142,108,67 104,87,48 156,139,88 159,142,103 90,71,36 98,78,48 23,20,24 22,15,18 62,46,29 39,28,11 19,12,12 57,47,48 105,76,45 103,73,45
78,62,45 29,24,26 39,37,35 41,34,34 34,29,28 70,59,44 80,68,56 42,29,24 44,29,18 48,35,28 82,71,54 95,81,56 88,74,49 86,71,49 82,71,52 45,40,26 69,53,36 255,204,125 129,103,64 170,147,76 122,104,62 130,114,70 110,90,60 142,101,54 10,8,16 34,28,21 93,56,30 44,36,25 82,73,56 64,46,27 104,75,42 127,95,61
42,28,14 47,38,32 58,50,39 66,54,44 78,66,54 76,65,50 72,62,50 40,31,23 55,43,33 33,22,17 70,58,46 66,55,38 86,71,51 75,64,47 69,58,41 26,22,16 80,61,36 229,181,109 98,77,54 183,161,94 115,98,49 141,127,71 140,123,74 19,14,16 10,10,10 48,37,30 130,85,52 11,11,11 45,39,30 45,34,27 46,37,29 43,35,24
69,56,35 51,42,36 61,53,42 69,57,45 84,72,60 74,63,48 44,34,35 39,30,22 43,29,15 64,44,35 47,38,34 58,48,38 65,58,42 64,57,37 45,36,30 28,21,19 77,56,41 182,142,90 140,119,106 114,86,46 108,90,46 154,135,108 45,39,30 52,47,35 59,50,42 41,35,28 77,52,35 60,43,19 14,12,13 10,10,10 11,11,11 11,11,8
61,47,31 40,31,25 46,37,33 61,55,48 66,57,49 72,62,50 47,40,43 30,20,19 66,45,34 38,21,11 23,18,17 95,78,29 92,73,36 102,75,41 63,54,48 34,35,25 78,64,50 106,82,58 76,59,31 139,109,65 138,121,82 141,126,75 194,175,107 206,181,106 188,173,112 49,37,27 47,31,27 31,17,17 15,10,12 59,54,42 40,35,32 32,30,26
47,31,27 30,21,17 26,20,15 33,24,20 47,34,27 62,51,36 38,31,31 27,15,15 74,51,40 69,48,35 58,38,29 20,9,6 39,29,19 110,100,78 220,197,100 85,69,38 100,85,74 95,77,56 191,149,97 119,103,49 72,65,49 86,71,35 115,97,76 86,69,41 19,17,13 29,23,16 49,34,23 61,50,35 55,43,31 13,10,14 20,18,16 23,21,19
42,30,20 45,30,21 45,33,21 31,22,18 66,52,34 45,38,38 25,15,16 31,24,27 96,64,50 89,57,41 196,126,77 43,32,29 65,51,37 188,167,115 149,123,53 167,138,85 113,87,33 183,159,79 128,107,64 70,57,34 91,76,54 36,27,19 80,61,34 32,23,17 30,20,24 30,24,17 41,29,29 45,39,32 54,46,33 58,48,36 66,52,36 56,41,30
65,51,35 57,42,31 57,45,35 39,28,25 44,34,24 37,35,36 41,23,20 77,50,34 135,86,48 99,54,33 64,41,28 61,48,41 58,43,23 47,34,29 84,69,49 49,43,36 59,44,24 115,104,60 186,165,84 123,108,61 94,80,51 125,106,79 91,68,37 77,49,22 25,20,22 47,39,28 40,27,24 28,24,18 16,14,15 18,13,15 22,15,15 62,51,36
63,48,37 58,48,47 62,51,48 109,89,69 89,76,53 47,38,30 37,28,24 89,59,42 184,105,57 49,24,5 58,37,24 57,42,31 105,88,64 134,119,68 175,159,87 203,179,115 196,173,115 126,102,51 77,62,40 50,40,28 63,48,39 117,78,37 86,63,34 56,42,28 29,22,22 45,36,28 49,34,23 27,20,18 19,14,13 13,11,12 21,19,17 23,18,17
63,47,34 66,49,39 73,57,44 94,76,57 79,65,49 69,59,49 31,23,31 56,40,23 161,92,56 72,52,22 70,56,38 41,32,17 46,38,27 80,69,50 138,121,84 139,123,79 187,166,110 151,132,77 130,108,63 129,107,60 137,119,59 51,47,39 125,88,48 50,39,32 45,39,34 38,32,27 48,33,22 70,59,44 52,42,32 31,24,22 25,20,19 16,14,15
42,36,27 67,55,43 76,62,48 75,61,45 79,63,46 176,137,76 180,144,82 198,152,84 129,105,70 197,165,79 164,128,50 202,173,110 174,144,75 113,94,41 74,60,33 54,46,33 84,69,47 83,70,38 83,74,55 107,93,64 121,104,55 109,95,68 118,80,43 54,46,33 51,44,42 43,32,17 51,35,22 41,34,32 43,34,26 61,49,37 55,45,33 56,44,32

40,34,29 33,27,22 41,35,30 44,35,29 52,42,43 46,36,40 46,36,40 32,22,21 37,28,24 38,29,25 64,53,36 61,50,35 57,47,35 28,17,24 14,11,15 21,14,17 30,23,21 42,32,36 64,53,38 66,55,40 60,48,36 59,47,37 56,47,39 53,44,40 45,39,34 57,47,25 59,43,26 62,45,21 40,33,33 37,30,33 40,33,36 37,30,33
42,38,32 41,35,30 47,38,32 54,45,39 46,36,40 43,33,37 46,36,40 46,35,42 33,24,18 36,26,25 60,49,34 67,56,41 21,18,24 27,22,21 47,45,46 36,29,29 19,14,13 22,15,18 51,42,36 60,50,38 61,51,39 61,49,37 57,49,38 53,44,40 50,41,37 43,38,37 36,23,16 39,34,33 41,34,37 41,34,37 38,31,34 38,31,34
42,36,31 45,36,32 45,36,30 53,43,33 47,37,41 47,37,41 46,36,40 40,30,34 39,30,24 43,34,28 66,51,40 69,58,39 62,51,36 52,43,39 61,54,38 64,52,40 60,49,34 51,40,33 61,49,37 68,56,44 64,53,38 57,44,37 52,44,33 45,35,34 37,31,26 35,28,28 54,36,17 43,36,36 41,34,34 41,34,34 41,34,37 41,34,37
49,39,40 27,20,18 40,33,36 42,36,29 43,33,37 45,35,39 50,40,44 32,22,21 39,30,24 47,34,29 73,62,45 80,66,48 81,66,46 78,64,46 78,67,48 63,51,39 22,17,14 53,45,34 61,48,43 54,43,38 49,43,38 49,39,38 44,34,33 43,33,34 34,27,27 26,26,21 53,37,20 36,29,32 42,32,33 59,48,45 50,37,32 44,35,31
46,34,24 57,47,48 20,17,21 145,148,113 58,46,48 52,42,43 46,36,37 36,27,21 46,33,26 45,35,25 83,69,51 88,74,49 89,72,48 88,74,49 88,74,49 39,30,24 96,65,42 231,198,161 50,37,30 61,51,39 59,51,38 51,46,34 57,49,36 28,21,21 37,30,33 29,24,21 54,35,19 30,23,23 37,32,31 55,42,37 55,42,37 47,36,31
59,43,30 73,62,59 102,106,79 165,170,125 31,21,22 52,40,40 56,46,47 39,26,21 46,34,24 47,35,25 83,68,46 94,75,50 111,90,63 87,73,48 90,73,49 42,33,27 74,52,34 163,120,75 68,59,40 60,53,33 70,62,49 53,44,25 55,50,38 49,43,38 35,28,28 32,28,22 36,23,18 33,26,29 63,44,9 59,46,41 63,50,43 79,63,46
70,54,37 83,72,65 161,168,122 39,40,32 36,30,35 69,53,51 66,55,52 35,22,17 50,36,22 49,37,27 89,76,55 102,83,58 100,83,57 80,66,41 84,70,45 40,34,25 109,85,61 184,134,90 62,58,41 58,49,34 43,34,19 77,64,41 77,69,58 80,67,46 33,26,29 28,21,21 53,34,20 33,26,26 48,36,24 53,42,39 103,74,50 80,61,36
76,59,35 23,13,14 162,169,114 67,69,41 45,44,37 71,59,47 80,68,56 43,31,21 43,28,17 49,37,25 85,71,44 84,70,45 96,77,52 87,73,48 81,66,44 43,31,21 62,48,32 154,107,75 120,91,56 103,88,48 156,139,88 160,143,104 90,71,36 98,78,48 23,20,24 22,15,18 62,46,29 39,28,11 21,11,12 57,47,48 105,76,45 103,73,45
79,63,46 29,24,26 39,37,35 41,34,34 34,29,28 70,59,44 82,67,56 40,30,20 44,29,18 47,34,27 82,71,54 96,84,58 90,76,51 86,71,49 82,71,52 49,40,36 62,51,34 255,200,128 123,92,55 170,147,76 120,104,62 130,114,70 110,90,60 142,101,54 10,8,16 34,28,23 93,56,30 44,36,25 82,73,56 64,46,27 104,75,42 127,95,61
42,28,14 47,38,32 58,50,39 66,54,44 78,66,54 76,65,50 74,63,48 40,31,23 55,43,33 33,22,17 70,58,46 66,55,38 86,71,51 75,64,47 69,58,41 23,24,16 73,58,38 243,187,120 110,91,56 183,161,94 117,100,51 143,127,71 140,123,74 17,15,16 10,10,10 48,37,30 130,85,52 11,11,11 45,39,30 46,35,28 46,37,29 43,35,24
69,56,35 51,42,36 61,53,42 69,57,45 84,72,60 74,63,48 44,34,35 39,30,22 43,29,15 65,45,36 47,38,34 60,50,40 66,57,42 64,57,39 46,35,30 28,21,19 62,47,36 204,156,102 60,47,44 114,86,46 108,90,46 154,135,108 45,39,30 52,47,35 59,50,42 41,35,28 78,53,36 61,42,17 14,12,13 10,10,10 11,11,11 11,11,8
62,46,31 39,30,24 46,37,33 61,55,48 67,58,50 72,62,50 47,40,43 29,19,18 66,45,34 39,22,12 23,18,20 97,77,29 92,73,38 102,78,43 63,54,48 35,34,25 87,73,59 98,79,56 82,60,40 137,107,63 142,120,84 145,130,81 196,174,109 206,181,106 188,173,110 49,37,27 47,31,25 31,17,17 15,10,12 59,54,42 41,34,32 32,31,24
45,32,25 30,21,17 26,20,15 33,24,20 47,34,27 62,51,36 38,31,31 27,16,13 74,51,40 69,48,37 58,38,29 20,8,8 39,29,19 110,100,78 220,196,102 85,69,36 96,82,68 95,77,56 189,147,95 118,102,48 72,65,49 86,71,35 115,97,76 87,68,41 19,17,13 29,23,16 49,33,27 62,51,36 56,44,32 13,10,14 20,18,16 23,21,19
44,29,20 43,31,21 45,33,21 31,22,18 66,52,34 45,38,38 25,15,16 31,24,27 96,64,50 92,60,44 194,124,75 43,32,29 65,51,37 188,167,115 149,123,53 165,140,83 113,87,37 184,160,80 128,107,64 71,56,34 92,77,55 36,27,21 82,61,34 32,23,17 30,20,24 30,24,17 41,29,29 45,39,32 54,46,33 58,48,36 66,52,36 56,41,30
65,51,35 57,42,31 57,44,37 38,29,25 44,34,24 37,35,36 41,23,20 79,49,34 135,86,48 99,54,33 64,41,28 60,49,42 58,43,23 47,34,29 84,69,49 49,43,36 58,45,24 115,104,60 186,165,84 123,107,63 93,81,51 125,106,79 91,68,39 77,49,22 25,20,22 47,39,28 40,27,24 28,24,18 16,14,15 18,13,15 22,15,15 62,51,36
63,49,35 59,49,50 62,51,48 109,89,69 86,73,50 47,38,30 37,28,24 90,58,44 184,105,57 49,24,7 60,37,24 57,42,31 105,88,64 134,120,66 175,159,87 203,179,115 196,173,115 126,102,51 76,62,37 50,40,28 63,48,39 117,78,37 86,62,36 55,44,29 29,22,22 45,36,28 49,34,23 26,19,17 19,14,13 13,11,12 21,19,17 23,21,19
63,47,34 66,49,39 73,57,44 94,76,55 79,65,49 69,59,49 31,22,33 56,40,23 161,92,56 72,52,22 70,56,38 41,32,17 46,38,27 80,69,50 138,121,84 139,123,79 187,166,110 151,131,83 130,110,64 129,107,60 137,119,59 51,47,39 125,88,46 50,39,32 47,41,36 38,32,27 49,34,23 69,58,43 52,42,32 31,24,22 25,20,19 16,14,15
42,36,29 67,55,43 76,62,48 75,61,45 79,63,46 176,137,76 182,143,82 198,152,84 129,105,70 197,165,79 164,129,48 202,173,110 174,144,75 114,92,45 73,59,34 54,46,33 83,70,47 81,68,36 83,74,57 107,93,64 121,104,55 109,95,68 118,80,43 57,49,36 50,43,41 43,32,17 50,36,22 41,34,34 43,34,26 61,49,37 55,45,33 56,44,34