12,12,7 17,16,9 16,9,9 16,9,9 16,10,15 15,10,9 17,17,14 16,14,12 18,16,14 19,19,14 15,16,8 18,18,13 23,24,16 23,22,11 23,24,14 32,38,27 35,41,30 42,47,41 26,35,16 23,30,12 21,25,10 23,27,12 24,28,13 31,35,18 39,47,26 23,27,10 30,34,17 35,40,18 20,25,5 16,20,5 24,28,13 23,27,12
28,24,18 25,15,16 26,17,13 35,27,16 37,33,23 30,27,14 24,26,9 23,23,9 25,24,15 27,28,16 24,25,15 19,20,8 22,24,9 22,26,11 27,27,13 28,19,13 27,23,17 32,38,29 30,41,30 28,34,25 22,25,13 21,25,10 29,30,20 25,26,14 20,21,9 18,22,7 21,28,12 23,26,14 22,25,13 29,33,16 23,27,12 29,33,18
36,30,21 45,33,21 33,26,10 39,30,13 36,22,8 45,31,17 33,19,5 38,24,10 24,15,9 25,25,9 30,31,21 25,26,14 27,29,14 23,24,12 23,27,12 32,34,17 37,22,11 41,25,8 34,20,6 28,33,27 32,43,32 21,25,10 26,28,13 23,27,12 18,22,7 20,19,12 19,20,10 20,23,13 22,23,11 24,28,13 23,24,12 24,33,16
49,35,8 48,29,4 51,31,11 47,28,5 47,26,1 67,37,9 37,23,5 38,22,7 33,23,13 32,22,10 36,26,14 23,20,7 32,34,17 23,24,12 22,26,11 22,24,9 36,23,16 46,30,15 51,30,15 43,24,8 40,46,47 41,50,50 22,23,13 23,26,16 23,30,14 25,32,16 33,34,26 18,18,13 13,14,6 22,23,13 29,30,20 23,24,12
57,33,11 53,29,5 43,17,0 73,43,1 72,38,8 65,33,1 53,32,17 56,32,10 53,33,13 47,28,12 50,35,24 47,31,25 39,30,26 74,44,16 56,29,0 137,91,0 75,58,9 33,32,21 51,37,19 62,32,6 41,36,24 32,43,42 19,14,16 26,27,19 24,27,19 19,20,12 20,21,13 24,25,17 26,27,19 19,17,13 24,24,19 16,14,10
99,51,4 53,25,0 100,56,14 86,47,6 93,49,19 89,50,18 62,29,4 86,42,16 70,41,19 65,40,21 56,35,20 50,33,23 54,33,10 45,27,0 196,118,0 160,105,0 122,81,9 171,99,0 80,54,13 55,56,17 41,23,4 50,57,55 36,35,38 25,26,18 19,20,12 18,17,10 19,20,8 20,26,15 17,15,11 14,12,8 17,17,14 19,20,12
119,66,2 76,41,5 117,58,10 93,48,2 117,61,12 87,39,12 26,14,16 89,49,13 67,46,33 32,21,30 38,27,22 54,31,18 43,24,12 214,140,0 214,128,0 99,70,5 35,30,16 66,35,0 149,86,10 72,56,14 51,55,17 41,35,30 38,49,50 23,22,15 20,20,15 24,23,16 23,24,16 23,24,16 19,18,11 24,22,20 24,24,21 22,22,19
160,82,11 114,69,25 125,64,17 122,69,14 132,74,12 81,33,4 50,26,4 70,35,10 69,32,6 75,34,7 61,40,15 89,49,26 179,118,0 233,141,0 204,120,0 88,52,0 145,81,0 33,30,17 28,29,10 87,62,5 38,51,10 57,31,10 37,38,43 26,24,22 26,24,22 25,23,21 25,25,22 29,29,29 18,16,14 28,21,21 39,41,41 23,23,23
158,83,0 170,92,10 119,66,23 103,51,3 138,77,14 109,54,9 43,34,28 124,67,7 85,41,11 66,36,19 69,39,22 81,46,19 171,107,0 241,140,0 153,97,1 106,60,1 95,56,0 41,32,13 25,23,19 113,66,0 20,27,11 38,50,46 36,38,35 25,25,22 27,25,23 26,26,23 29,29,29 30,30,30 25,23,24 18,16,14 28,18,22 24,24,24
179,97,0 160,78,6 105,41,0 130,66,0 130,66,4 153,78,10 31,30,33 125,76,36 227,138,7 207,128,20 143,101,47 51,31,13 38,29,21 177,111,0 182,116,0 43,34,28 62,50,24 37,41,24 25,20,19 58,47,40 65,45,25 64,54,42 45,57,50 40,49,49 27,27,24 29,29,29 29,29,26 27,27,24 26,26,23 18,18,15 33,33,33 18,20,20
145,91,5 155,71,0 119,53,0 72,29,0 131,66,9 146,72,0 108,68,43 111,54,10 248,147,20 185,114,23 113,79,34 49,34,14 52,38,22 114,87,22 146,98,0 104,61,16 37,35,31 55,40,20 23,21,22 36,36,36 82,54,25 70,49,24 53,49,41 34,38,40 23,28,27 29,29,26 29,29,29 31,31,28 22,22,17 19,19,14 26,24,25 37,39,39
241,127,0 157,81,0 177,87,0 148,74,6 107,53,17 165,80,4 102,54,11 56,37,10 242,149,23 144,95,28 83,64,39 46,31,11 42,27,18 69,40,16 124,81,0 83,54,1 22,27,7 26,27,17 19,17,15 43,43,40 137,94,45 80,55,25 37,36,29 38,45,43 35,19,4 31,17,3 32,42,39 30,30,27 25,25,33 22,27,33 24,25,28 24,25,28
114,83,0 91,72,8 93,64,1 113,63,3 98,53,7 162,80,6 40,28,28 164,86,17 208,129,14 102,69,32 50,51,43 46,21,2 69,46,31 51,35,18 55,41,23 55,44,29 40,41,33 28,22,17 25,23,21 27,25,23 32,32,29 86,59,23 74,45,10 36,36,36 30,28,26 41,24,14 31,15,9 29,22,22 27,29,29 25,27,27 19,17,18 27,24,28
17,25,13 17,25,13 20,23,13 32,33,12 116,65,12 169,98,29 34,35,38 255,163,45 198,123,26 70,55,44 38,45,40 73,39,17 53,31,13 51,31,11 50,36,22 29,23,16 22,27,26 22,22,19 26,24,22 25,25,22 30,30,30 23,23,20 25,28,20 43,28,17 29,29,29 33,18,9 30,30,30 31,20,13 28,26,24 27,25,23 27,27,27 56,34,14
22,30,18 18,26,14 17,20,10 22,23,15 22,23,11 114,61,20 160,85,15 255,159,19 158,99,22 58,54,44 50,39,22 53,29,3 61,30,9 52,36,23 58,42,27 46,56,53 42,55,56 26,21,23 29,29,24 26,26,23 23,23,18 25,27,24 21,19,20 38,22,5 52,32,14 30,30,30 30,32,32 32,32,32 34,18,12 36,38,35 69,38,15 34,28,33
21,30,13 18,26,12 21,24,14 19,20,10 20,21,11 116,60,13 221,135,0 233,143,19 92,66,45 38,39,44 86,56,14 168,107,19 133,85,27 109,74,38 104,74,32 76,65,48 54,61,54 43,56,57 31,29,37 27,27,24 23,25,20 26,24,25 25,29,31 51,30,7 36,39,31 29,29,29 30,30,30 31,31,28 51,32,16 35,26,20 30,20,19 32,30,38
21,30,13 18,26,12 15,18,8 18,21,11 22,23,13 129,69,19 229,143,22 198,120,22 32,32,32 49,50,53 204,126,26 188,120,28 168,108,38 157,108,43 111,72,33 86,57,35 64,50,36 61,48,45 18,25,37 28,26,22 30,32,48 28,26,24 29,29,26 75,40,13 27,26,19 31,31,31 30,30,27 30,25,24 27,14,7 26,25,28 43,24,10 51,31,22
18,30,10 18,27,10 18,26,14 16,22,11 18,18,13 70,43,38 207,127,23 149,93,30 33,32,35 47,44,50 202,127,26 188,117,21 167,106,27 105,63,21 68,50,29 63,47,32 53,40,37 24,22,30 20,23,34 42,32,33 28,24,33 32,27,29 36,28,36 90,44,3 37,21,17 36,20,5 27,27,24 68,41,23 22,15,13 19,18,21 55,33,27 45,29,25

12,12,7 17,16,9 15,10,9 15,10,9 16,10,15 15,10,9 19,17,15 16,14,12 18,16,14 19,20,12 15,16,8 18,18,13 23,24,16 23,22,11 23,24,14 32,38,27 35,41,30 42,47,41 26,35,16 23,30,12 19,26,10 24,28,13 24,28,13 31,35,18 39,47,26 23,27,10 30,34,17 35,40,18 20,24,7 16,20,5 24,28,13 23,27,12
28,24,18 26,19,19 26,16,15 35,27,16 34,30,20 30,27,14 26,26,10 23,23,9 25,24,15 27,28,16 24,25,15 19,20,8 22,24,9 22,26,11 27,27,13 28,19,13 27,23,17 32,38,29 30,41,30 28,34,25 22,25,13 21,25,10 29,30,18 25,26,14 20,21,9 18,22,7 21,28,12 23,26,14 23,26,14 29,33,16 23,27,12 29,33,16
36,30,21 43,31,19 31,27,10 39,30,13 36,22,8 48,32,19 33,19,5 38,24,10 23,17,10 25,25,9 30,31,21 25,26,14 27,29,14 23,24,12 23,27,12 32,34,17 37,22,11 41,25,8 33,18,7 28,33,27 32,42,34 21,25,10 26,28,13 23,27,12 18,21,9 20,19,12 20,21,11 21,24,14 22,23,11 24,28,13 23,24,12 24,33,16
46,32,5 48,29,4 50,33,9 47,28,5 47,26,1 69,36,9 37,23,5 38,22,7 36,26,14 32,22,10 39,27,15 23,20,7 36,38,21 23,24,12 22,26,11 22,24,7 36,23,16 46,30,15 51,30,15 43,24,8 40,46,47 41,50,50 22,23,13 24,27,15 23,30,14 24,33,16 33,34,26 18,18,13 13,13,8 22,23,13 29,30,20 23,24,14
57,33,11 53,29,3 42,18,0 75,45,3 72,38,8 65,33,1 53,32,17 53,29,7 52,32,12 47,29,10 50,35,24 47,32,23 64,34,8 66,41,11 183,123,0 131,84,0 79,64,13 35,29,22 47,35,25 62,32,6 41,36,24 32,43,42 17,15,16 27,27,22 24,27,19 19,20,12 20,21,13 24,25,17 26,27,19 19,18,11 24,24,19 16,14,10
99,51,4 53,25,0 102,58,16 86,47,6 93,49,19 91,54,12 62,29,4 83,39,13 70,41,19 63,41,21 56,35,20 50,33,23 49,33,20 35,35,21 201,123,0 134,84,0 108,71,0 121,80,23 73,59,14 59,53,19 39,24,2 50,57,55 36,35,38 26,27,19 22,23,15 19,18,11 19,20,8 21,27,16 16,16,11 14,12,8 16,16,13 19,20,12
120,67,3 80,45,9 117,58,12 93,48,2 115,59,10 87,39,12 26,14,16 89,49,13 67,46,33 32,21,30 38,27,22 55,32,19 43,24,12 235,141,0 177,108,0 102,68,23 71,41,0 42,34,21 95,59,0 79,58,15 56,37,12 41,35,30 38,48,52 20,20,17 20,20,15 23,23,18 24,24,19 22,23,15 19,18,11 24,22,18 25,25,20 22,22,17
160,82,11 114,69,25 125,64,17 122,69,14 134,73,12 81,33,4 50,26,4 70,35,10 68,33,6 77,37,12 57,34,19 125,70,27 192,123,0 239,141,0 196,118,0 119,79,4 138,89,1 30,31,12 37,35,13 79,55,0 35,37,9 56,32,8 37,38,43 28,23,22 26,24,20 25,23,21 25,25,22 29,29,29 18,16,14 29,22,22 39,41,41 23,23,23
158,83,0 170,92,10 119,66,23 103,51,3 138,77,14 109,54,9 43,34,28 124,67,9 87,44,11 194,125,22 67,40,24 64,33,10 168,109,0 203,128,0 136,67,0 170,101,0 62,40,2 41,40,15 22,24,21 58,39,4 35,34,27 37,50,49 37,36,39 25,25,22 27,25,23 26,26,23 29,29,29 30,30,27 25,23,24 18,16,14 28,18,22 25,23,24
179,97,0 160,78,6 105,41,0 130,66,0 130,67,0 153,78,10 31,30,33 125,76,36 255,171,14 201,123,25 135,97,49 52,32,14 81,53,26 172,105,0 187,117,0 160,111,32 96,74,56 31,26,12 23,21,19 65,51,37 77,50,18 60,50,38 45,55,52 40,49,51 27,27,24 29,29,29 29,29,26 27,27,24 27,27,24 18,18,15 33,33,33 18,20,20
145,91,5 155,71,0 119,53,0 72,29,0 131,66,9 146,72,0 108,68,43 111,56,13 245,148,17 180,114,30 114,80,35 50,34,17 50,32,27 150,99,0 144,92,1 63,53,4 32,30,12 24,26,9 27,20,20 33,33,33 95,65,37 77,51,26 48,48,43 30,34,38 23,28,27 29,29,29 29,29,29 30,30,27 22,22,17 19,19,14 26,24,25 37,39,39
241,127,0 157,81,0 177,87,0 149,74,6 107,53,17 165,80,4 102,54,11 63,38,19 236,142,19 132,88,37 87,63,37 45,30,19 36,24,14 55,30,11 56,45,12 47,37,15 37,41,12 24,25,15 19,17,15 43,43,40 115,73,21 78,54,30 36,36,33 39,46,44 35,19,2 33,19,5 32,42,39 30,30,27 25,25,33 22,27,33 24,25,28 24,25,28
118,82,0 88,71,6 95,66,0 114,63,6 98,53,7 162,80,6 40,28,28 163,87,29 213,134,24 93,70,39 33,39,42 67,41,16 52,38,24 53,33,15 64,46,27 44,49,43 51,51,48 27,22,21 21,19,17 27,25,23 30,30,27 98,59,16 73,44,9 36,36,36 27,27,24 41,24,14 31,15,9 29,22,22 27,29,29 25,27,27 19,17,18 29,24,26
15,26,13 18,24,13 18,21,11 36,34,12 122,74,20 169,98,29 34,35,38 255,160,15 194,118,26 68,57,40 41,40,33 43,21,3 69,45,21 39,23,6 42,28,14 43,34,30 40,50,47 26,21,18 25,23,24 26,26,23 30,30,30 24,24,21 25,27,22 44,29,18 29,29,29 33,18,9 30,30,30 31,20,13 28,26,24 27,25,23 27,27,24 63,38,19
21,29,15 18,26,14 17,20,10 22,23,15 20,21,11 114,64,22 162,84,13 250,146,17 148,99,34 54,53,46 86,45,16 73,47,24 65,39,16 46,30,15 61,40,25 43,54,53 44,55,56 26,24,25 30,25,22 26,24,22 22,22,17 25,27,24 21,19,20 37,21,4 52,32,14 30,30,30 30,32,32 32,32,32 34,18,12 36,38,35 70,39,16 35,29,34
21,30,11 18,26,14 20,23,13 22,23,15 20,21,13 116,60,13 255,158,18 218,134,19 105,79,58 34,38,40 181,117,21 163,99,12 132,86,27 131,90,41 120,87,48 41,37,27 41,43,40 40,56,54 37,35,33 27,25,23 23,26,18 26,24,25 25,29,31 51,30,7 36,39,31 29,29,29 30,30,30 31,31,28 51,32,18 36,25,20 31,21,20 32,30,38
20,29,12 17,25,11 16,19,11 18,21,11 20,21,13 126,75,18 217,135,19 196,119,32 31,29,30 51,50,53 196,127,21 186,118,26 163,108,38 150,99,30 80,61,38 39,29,28 49,39,38 55,53,51 50,52,49 30,28,24 29,33,48 30,28,24 29,29,26 75,40,13 27,26,19 31,31,31 32,32,29 29,30,22 25,12,5 27,26,29 43,24,10 51,31,22
20,29,12 18,26,12 18,26,14 16,22,11 18,18,15 103,67,34 199,126,28 152,99,31 33,32,35 44,41,47 198,125,25 192,121,27 150,105,41 73,54,38 46,34,34 22,21,36 22,20,30 32,36,51 39,44,50 44,31,41 28,24,33 28,26,27 35,27,35 91,45,4 37,22,13 36,20,5 27,27,24 71,37,17 21,14,12 20,19,22 55,32,29 45,29,25

12,12,7 17,16,9 16,9,9 16,9,12 16,10,15 15,10,9 19,17,15 16,14,12 18,16,14 19,19,14 15,16,8 18,18,13 27,28,20 23,22,13 24,23,14 32,38,27 35,41,32 41,46,40 26,35,16 23,30,12 21,25,10 23,27,12 22,29,11 32,36,19 40,48,27 25,30,10 30,35,11 35,40,18 21,25,8 16,20,5 24,28,13 23,27,12
27,23,17 26,19,19 26,16,15 28,20,9 30,26,18 30,27,14 25,25,9 23,23,9 25,24,15 27,28,16 24,25,15 19,20,8 22,24,9 22,26,11 27,26,15 28,19,13 26,22,16 32,38,29 30,41,30 26,32,23 24,25,13 21,25,10 26,27,17 23,26,14 22,23,11 20,24,9 19,27,13 23,26,14 25,28,16 29,33,16 23,27,12 29,33,16
36,30,21 41,31,19 33,26,10 39,30,13 36,22,8 46,30,17 33,19,5 36,25,10 22,17,5 25,26,7 29,30,20 26,27,15 27,29,14 24,26,11 23,27,12 30,34,17 35,23,11 41,25,8 33,19,5 28,33,27 31,41,33 21,24,12 27,29,14 23,27,12 17,20,8 20,19,12 20,21,11 18,21,11 23,24,14 25,28,16 23,24,12 24,33,16
46,32,5 48,28,8 51,34,8 49,30,7 49,25,1 69,37,7 37,24,1 38,22,5 38,26,14 32,22,10 39,27,15 25,22,9 46,29,5 23,24,12 24,26,11 22,23,11 36,23,16 48,32,17 51,30,15 43,24,8 38,47,47 43,50,48 24,25,15 24,27,15 23,30,14 25,32,16 31,32,24 18,18,13 17,17,12 22,23,13 29,30,20 23,24,14
58,34,12 53,29,3 41,20,0 73,43,1 72,38,8 61,29,0 52,31,16 55,30,11 53,33,13 47,29,8 50,35,24 47,31,27 40,29,24 57,45,17 199,136,0 99,65,0 69,59,17 31,35,18 51,36,25 64,31,6 42,37,25 30,43,42 17,15,16 25,25,20 22,25,17 22,23,15 25,26,18 20,21,13 26,27,19 16,15,8 23,23,18 16,14,10
97,52,6 53,24,0 100,57,12 85,46,5 96,51,16 88,50,13 63,30,5 81,40,13 70,41,19 67,45,25 55,34,19 50,33,23 47,34,29 209,139,0 125,69,0 71,53,11 86,56,0 45,37,1 21,15,10 68,35,8 45,27,6 50,56,57 36,35,38 23,24,16 20,21,13 20,19,12 17,18,6 19,25,14 16,16,11 16,14,10 16,16,13 17,20,12
119,66,0 82,47,9 117,58,10 93,48,2 115,59,10 87,39,14 26,14,16 89,49,13 66,47,33 32,21,30 38,27,22 55,32,19 46,30,13 213,128,0 76,50,11 171,106,0 57,53,18 35,33,13 21,19,17 20,16,10 123,79,10 131,88,14 48,53,31 23,21,17 22,22,17 24,23,16 25,24,17 27,28,20 19,18,11 26,21,20 25,25,20 22,22,17
160,82,11 113,70,23 126,65,18 122,69,14 134,73,12 80,34,6 50,26,4 71,33,14 68,33,6 73,34,6 67,38,18 58,32,7 255,165,0 206,128,0 190,116,0 103,75,19 53,54,17 46,39,10 23,21,22 20,18,16 53,39,14 130,80,8 46,41,11 24,24,19 26,24,22 25,23,21 25,25,22 29,29,29 25,20,19 29,22,22 39,41,41 23,23,23
161,81,0 170,92,10 119,66,23 103,50,7 140,76,7 110,53,9 43,34,28 124,66,11 89,43,13 44,26,7 83,50,25 80,45,18 211,143,0 190,116,0 153,105,0 79,62,0 36,29,13 31,27,6 28,23,25 23,21,19 26,21,18 152,88,1 80,58,13 44,51,17 27,25,23 26,26,23 29,29,29 30,30,27 25,23,24 19,17,18 28,18,22 25,22,26
179,97,0 160,78,6 105,41,0 130,67,0 131,67,0 153,78,10 31,30,33 125,76,36 138,66,0 212,130,16 153,107,50 53,31,13 54,35,12 169,110,0 141,97,0 39,33,8 28,33,13 39,45,18 26,24,20 40,50,47 25,25,22 140,80,0 155,95,9 29,31,28 27,27,24 29,29,26 29,29,26 27,27,24 27,27,24 18,18,15 33,33,33 18,20,20
145,91,5 155,72,0 119,53,0 72,29,0 131,66,9 148,71,0 108,68,43 112,55,13 255,155,17 191,120,24 125,89,40 54,36,17 50,31,17 35,32,17 56,48,12 29,31,14 25,30,8 34,41,25 25,20,19 37,37,37 35,40,39 153,94,17 73,46,12 33,38,37 25,30,29 29,29,26 29,29,29 31,31,28 22,22,17 19,19,14 26,24,25 37,39,39
241,127,0 157,81,0 175,88,0 149,74,6 107,53,17 170,85,9 103,53,11 60,35,18 244,151,21 150,99,30 96,67,36 46,26,8 47,33,19 68,47,36 54,50,33 80,66,10 55,56,8 43,49,50 23,21,19 38,35,39 34,31,35 144,91,27 90,61,28 33,39,40 35,19,2 34,18,5 34,41,39 30,30,27 25,25,33 22,27,33 26,25,28 24,25,28
96,74,0 80,67,6 112,71,0 123,70,17 100,52,5 160,81,6 40,28,28 161,85,27 212,131,12 108,71,31 50,51,43 66,37,15 80,54,33 38,19,5 38,22,5 57,51,44 45,47,44 39,30,24 21,19,20 38,38,35 61,42,15 127,84,26 103,69,26 32,36,38 27,27,24 41,23,18 31,16,7 29,22,25 27,29,29 25,27,27 19,17,18 27,25,26
20,23,13 18,21,13 27,27,13 27,30,8 128,76,28 169,98,29 34,35,38 255,156,33 205,127,27 79,61,42 37,42,41 63,32,11 58,32,9 61,38,23 48,28,19 57,38,26 22,21,24 28,23,22 24,22,23 27,25,26 44,40,34 105,72,33 53,43,33 43,28,17 29,29,29 33,18,9 30,30,30 30,19,12 28,26,24 27,25,23 27,27,27 60,39,16
18,24,11 20,21,11 23,24,16 22,23,15 106,58,15 112,61,24 163,84,11 255,160,18 161,102,25 61,53,40 90,51,21 67,43,21 70,39,18 44,28,13 49,28,15 43,32,25 38,50,46 50,39,32 27,22,21 26,24,22 23,23,18 25,27,24 21,19,20 37,21,4 52,32,14 30,30,30 30,32,32 32,32,32 34,18,12 36,38,35 70,39,16 33,25,31
17,25,11 16,22,13 18,21,11 22,23,15 20,22,22 118,59,11 228,128,0 223,137,16 115,80,44 34,40,41 176,108,16 171,107,22 138,89,24 109,72,32 116,79,37 23,23,31 62,65,57 43,56,57 37,39,39 27,25,23 23,26,18 26,24,25 25,29,31 51,30,7 35,38,30 30,30,30 31,31,31 31,31,28 48,32,15 35,21,21 31,21,20 32,31,36
19,27,13 17,20,10 20,23,15 18,21,13 60,39,28 126,68,15 231,142,22 200,122,24 35,28,26 48,45,49 197,120,15 190,122,32 174,113,34 133,87,28 79,58,43 22,22,34 54,43,36 49,56,54 37,49,45 31,29,25 31,35,50 28,26,24 29,29,26 75,40,15 27,26,19 31,31,31 32,32,29 33,32,23 28,16,6 27,26,29 46,25,12 51,32,18
19,27,13 19,27,13 16,22,13 19,20,10 37,34,40 87,50,26 200,128,23 170,112,30 33,32,35 44,41,47 192,115,28 189,118,24 135,88,38 73,55,36 35,27,33 20,23,34 24,22,30 33,37,50 37,42,38 48,33,41 29,27,37 28,26,22 35,26,37 93,44,4 37,21,15 37,21,6 27,27,24 66,32,10 22,12,11 24,21,25 55,33,27 45,29,25

13,12,5 16,17,9 15,10,9 15,10,12 17,9,15 13,11,9 19,17,15 16,14,12 18,16,14 19,19,16 15,16,8 18,18,13 27,28,20 23,22,13 24,23,14 32,38,27 35,41,30 41,46,42 26,35,16 23,30,12 21,25,10 23,27,12 25,32,14 31,35,18 40,48,27 25,30,10 30,35,11 35,40,18 21,25,8 16,20,5 24,28,13 24,27,15
27,23,17 26,19,17 25,15,14 32,24,13 33,27,20 30,27,14 28,28,12 23,23,9 25,24,15 27,28,16 24,25,15 19,20,8 22,24,9 22,26,11 27,26,15 25,16,10 26,22,16 32,38,29 30,41,30 28,34,25 24,25,13 22,26,11 26,27,17 23,27,12 22,23,11 18,22,7 20,26,13 23,26,14 22,25,13 29,33,16 23,27,12 30,34,17
31,25,16 41,31,19 33,26,10 39,30,13 36,22,8 46,30,17 33,19,5 36,25,10 22,17,5 25,26,7 26,27,17 27,28,16 26,28,13 24,26,11 23,27,12 31,35,20 35,23,11 41,25,8 33,18,7 28,33,27 31,41,33 21,24,12 26,28,13 22,26,11 17,21,6 24,23,16 23,24,14 18,21,11 23,24,14 27,31,16 23,24,12 24,33,16
46,32,5 48,28,8 51,34,8 49,30,7 49,25,1 70,38,8 37,24,1 38,22,7 38,26,14 31,21,9 38,26,14 23,20,7 30,32,17 23,24,12 24,25,13 22,23,11 36,23,16 46,30,15 51,30,15 43,24,8 38,47,47 43,50,48 24,25,15 22,25,15 23,30,14 23,30,14 27,28,20 18,18,13 17,17,12 24,25,15 29,30,20 23,24,14
58,34,12 53,30,1 39,20,0 73,43,1 72,38,8 61,29,0 53,33,15 52,27,8 53,33,13 47,29,8 50,35,24 47,31,25 36,26,27 72,48,24 22,23,11 29,30,18 18,16,12 32,34,29 52,37,28 64,31,6 42,37,25 30,43,42 17,15,16 23,23,18 20,23,15 24,25,17 29,30,22 22,23,15 30,31,23 16,15,8 23,23,18 16,14,10
97,52,6 54,25,1 101,58,13 85,46,5 96,51,16 87,49,14 67,32,7 85,44,17 70,41,19 65,43,23 56,35,20 50,33,23 49,33,29 25,23,24 40,30,20 148,97,0 105,70,3 53,57,28 21,14,14 115,64,9 45,25,7 50,56,57 36,35,38 24,25,17 22,23,15 19,18,11 19,20,10 20,26,15 15,15,10 16,14,10 16,16,13 19,20,12
120,67,3 80,45,9 117,58,10 93,48,2 115,59,10 87,39,14 26,14,16 89,49,13 68,47,34 29,23,28 38,27,20 55,32,19 41,22,8 115,61,0 199,125,0 184,114,0 134,82,0 79,60,0 66,60,14 24,14,13 65,31,9 40,36,30 39,49,53 22,22,17 26,26,21 25,23,19 21,19,15 22,22,17 21,20,13 26,21,20 26,24,20 22,22,17
160,82,11 113,70,23 125,66,20 122,69,14 134,73,12 81,33,6 50,26,4 71,33,14 68,33,6 73,34,4 63,36,18 56,33,20 58,41,17 86,46,0 40,34,9 203,129,0 135,86,0 84,64,3 43,32,17 20,18,16 100,57,8 53,28,9 34,38,42 23,23,18 47,49,32 24,24,24 28,23,22 29,29,29 21,16,15 29,22,22 39,41,41 23,23,23
161,81,0 170,92,10 119,66,23 103,50,7 140,76,7 110,53,9 43,34,28 124,67,9 91,43,16 85,41,15 83,38,15 58,30,1 183,121,0 200,126,0 200,122,0 170,91,0 84,54,10 57,37,7 50,48,15 41,45,16 28,21,21 68,38,10 38,36,32 161,107,3 28,27,18 164,103,19 168,98,0 33,26,36 25,23,24 19,17,15 28,18,22 25,22,26
179,97,0 160,78,6 106,41,0 130,67,0 133,66,0 153,78,10 31,30,33 125,76,36 124,64,21 83,50,25 108,59,10 47,38,23 173,110,0 181,112,0 192,115,0 186,105,0 109,75,3 111,72,13 38,35,11 24,25,15 25,25,22 76,40,9 42,36,29 34,38,11 58,51,22 101,60,1 141,86,14 29,29,26 27,27,24 18,18,15 33,33,33 17,19,19
145,91,5 155,72,0 119,53,0 72,29,0 131,66,9 148,71,0 108,68,43 111,56,13 113,59,21 208,123,15 33,30,17 97,54,21 139,93,0 159,102,0 201,122,0 125,77,0 164,96,8 127,81,0 77,62,13 47,59,65 26,26,26 78,44,12 43,34,30 63,50,18 76,62,17 146,86,0 78,56,11 30,30,27 22,22,17 19,19,14 26,24,25 37,39,39
241,127,0 157,81,0 175,88,0 149,74,6 107,53,19 170,85,9 102,54,11 67,36,17 255,156,16 197,123,30 130,93,53 56,36,16 67,36,15 98,70,14 135,85,0 117,77,0 159,99,0 89,50,9 110,64,25 46,56,48 49,61,65 72,54,33 38,38,35 34,36,33 124,74,0 54,38,5 34,39,38 30,30,27 25,25,33 22,27,33 24,25,30 24,25,28
75,65,0 65,54,8 179,98,1 119,63,14 100,52,5 160,81,6 40,28,28 160,87,28 229,136,10 175,106,25 116,79,37 48,34,20 33,22,15 49,23,0 48,32,0 39,32,5 94,65,0 34,33,8 21,19,17 39,41,38 41,54,55 38,40,40 38,38,35 84,61,32 29,29,26 41,23,18 31,16,7 28,23,22 27,29,29 25,26,29 19,17,18 26,26,26
23,24,14 22,23,15 22,23,13 129,76,21 126,75,20 169,98,29 34,35,38 174,93,30 228,137,18 137,89,31 72,57,37 44,28,11 38,29,25 63,43,25 42,28,12 55,45,35 20,21,24 26,19,22 20,18,16 37,39,34 39,46,44 39,39,36 38,38,35 35,30,32 29,29,29 31,19,9 30,30,27 30,19,12 28,26,24 26,26,23 27,27,27 50,35,15
22,23,15 22,22,17 22,23,15 115,60,6 109,61,18 112,61,24 163,84,11 118,60,9 202,125,20 96,65,28 47,48,40 63,38,10 41,22,6 39,20,8 52,35,27 54,35,23 29,30,33 27,20,20 23,23,23 27,25,26 39,39,39 40,38,39 33,31,32 37,21,4 52,32,14 30,30,30 30,32,32 32,32,32 34,18,12 36,38,35 69,38,17 29,23,28
16,22,11 22,23,15 22,23,15 61,47,31 23,23,23 119,58,11 141,77,15 231,144,49 168,115,47 64,54,44 36,42,43 64,29,4 54,33,10 46,23,10 26,26,26 49,34,23 39,50,49 30,32,32 32,27,26 28,26,22 25,26,18 26,24,25 25,29,31 51,30,7 35,38,30 29,29,29 32,32,32 31,31,28 46,30,13 33,21,21 31,21,20 32,31,36
17,25,13 22,23,15 19,20,12 50,37,32 33,21,21 127,67,13 153,78,13 252,153,16 37,26,21 48,45,51 35,41,44 155,109,41 91,65,42 89,63,40 25,21,30 76,56,38 66,67,57 45,60,63 42,47,43 34,28,21 37,37,47 28,26,24 29,29,26 75,40,15 27,26,19 31,31,31 32,32,29 33,32,25 30,15,6 27,26,29 46,25,12 52,32,23
19,27,15 18,24,13 20,19,10 33,31,32 31,29,27 68,42,19 45,28,20 218,130,7 32,31,34 42,39,45 55,41,25 186,120,34 79,60,37 37,27,28 22,21,26 33,27,32 32,36,49 47,59,63 60,48,36 46,34,39 38,41,59 45,33,23 35,28,42 86,47,6 36,20,16 37,21,6 27,27,24 67,32,5 21,11,10 24,21,25 55,33,27 44,28,26

12,13,5 16,17,7 13,11,9 15,10,12 17,9,15 13,11,9 19,17,15 16,14,12 18,16,14 23,24,14 15,16,8 20,20,15 23,24,16 25,21,13 24,23,14 32,38,27 35,41,30 40,47,40 26,35,16 23,30,12 20,27,11 23,27,12 27,31,16 31,35,18 40,48,27 25,30,10 29,34,10 35,40,20 21,25,8 16,20,5 24,27,15 25,29,14
27,23,17 28,18,19 26,16,15 28,20,9 33,27,20 30,27,14 28,28,14 23,22,11 25,24,15 27,28,16 24,25,15 22,23,11 22,24,9 24,26,11 27,26,15 25,16,10 26,22,16 32,38,29 30,41,30 30,33,25 20,26,13 22,26,11 27,28,18 23,27,12 22,23,11 18,22,7 20,26,13 23,26,14 25,28,16 29,33,16 23,27,12 30,34,19
34,28,19 39,29,17 33,26,10 39,30,13 35,21,7 45,29,16 33,19,5 35,24,9 22,17,5 25,26,5 26,27,15 27,29,14 26,28,13 24,26,11 24,27,15 33,35,20 35,23,11 41,25,8 33,18,7 28,33,27 30,43,31 21,25,10 26,27,15 22,26,11 20,24,9 24,23,16 20,21,11 18,21,11 23,24,14 25,29,14 22,23,11 25,32,16
48,34,7 48,28,8 51,34,6 49,30,7 49,25,1 70,38,8 37,23,5 39,23,8 38,26,14 31,21,9 38,26,14 23,20,7 31,33,18 23,24,12 24,25,13 22,23,11 36,24,14 46,30,15 51,30,15 43,24,8 40,47,45 43,50,48 24,25,15 23,26,14 22,29,13 22,29,13 29,30,22 19,19,14 17,17,12 25,26,16 29,30,20 23,24,12
58,34,10 51,27,1 39,20,0 73,43,1 72,38,8 59,27,0 54,33,18 50,25,6 52,32,12 47,29,8 50,35,24 47,31,25 36,26,27 72,49,20 23,24,12 29,30,18 20,15,14 32,32,27 51,36,27 64,31,6 42,37,25 30,43,42 17,15,16 20,20,15 20,23,15 23,24,16 30,31,23 19,20,12 25,26,18 18,16,12 24,24,19 16,14,10
97,52,6 52,23,0 100,54,15 83,44,3 96,51,16 88,49,17 65,30,5 88,44,18 70,41,19 63,41,21 56,35,20 50,33,23 49,33,31 25,23,24 28,27,20 147,97,0 95,66,5 51,56,32 21,14,14 100,57,10 45,25,7 50,56,57 36,35,38 29,30,22 23,24,14 20,19,12 18,19,7 18,24,15 16,16,11 16,14,10 15,15,12 20,21,13
118,65,0 80,44,11 117,58,10 93,48,2 115,59,10 87,39,14 25,15,14 91,48,13 68,47,34 29,23,28 38,27,20 55,32,19 42,19,16 34,28,35 198,130,0 178,111,0 135,83,0 81,62,7 52,58,29 23,16,14 65,31,9 40,36,30 39,49,53 24,24,19 25,26,18 26,24,20 20,21,11 24,24,19 19,18,11 26,21,18 27,25,21 19,19,14
160,82,11 113,70,23 125,66,20 122,69,14 134,73,12 83,32,6 50,26,4 71,33,14 68,33,6 73,34,2 63,37,16 54,33,20 58,41,17 36,27,10 175,113,0 197,122,0 133,87,0 94,70,4 78,56,9 20,20,17 100,57,8 53,28,9 34,38,40 25,24,27 28,23,22 25,25,22 26,24,22 29,29,26 22,17,16 29,22,22 39,41,41 23,23,23
161,81,0 170,92,10 119,66,23 103,50,7 140,75,11 110,53,9 43,34,28 124,67,9 91,43,16 87,41,11 83,39,13 53,40,33 150,98,11 198,127,0 149,90,0 185,109,0 52,29,0 38,25,20 27,30,6 53,58,24 31,20,17 68,38,12 39,37,33 23,28,24 42,35,17 33,26,24 123,72,15 31,29,27 25,23,21 19,17,15 28,18,22 25,23,24
179,97,0 160,78,6 106,41,0 128,64,0 133,66,0 153,78,10 31,30,33 125,76,36 117,62,17 95,50,17 114,61,6 45,32,27 171,108,0 191,115,0 183,110,0 194,108,0 118,74,3 173,100,0 58,44,15 23,27,12 25,25,22 76,40,9 42,36,29 33,36,14 70,60,22 68,49,10 157,86,0 33,29,21 27,27,24 18,18,15 33,33,33 18,20,20
145,90,7 155,71,0 119,53,0 72,29,0 129,67,9 149,70,0 108,68,43 111,56,13 118,63,18 229,132,0 56,31,12 85,46,5 155,98,0 164,103,0 185,115,0 144,90,0 39,23,10 137,85,0 75,61,16 49,61,65 26,26,26 80,44,13 46,30,15 38,34,13 79,62,23 173,97,0 112,66,11 31,31,28 22,22,17 19,19,14 26,24,25 37,39,39
244,130,0 155,82,0 175,88,0 149,74,6 107,53,19 170,85,5 102,54,11 64,32,18 255,154,6 203,128,31 79,57,23 68,47,24 49,33,16 110,70,0 132,90,0 129,83,0 96,51,0 158,100,47 61,30,9 47,54,52 49,64,69 99,58,13 38,38,35 34,32,33 159,95,0 124,78,10 23,29,18 30,30,27 25,25,33 22,27,33 24,25,30 24,25,28
59,48,2 144,78,0 185,95,0 119,64,12 100,52,5 160,81,6 40,28,28 160,87,26 243,150,20 182,113,28 120,81,42 52,34,15 45,32,25 41,31,21 81,56,0 42,33,4 72,47,1 57,44,12 27,28,16 39,41,41 39,55,55 46,48,45 39,39,36 37,35,33 37,32,31 42,24,19 33,18,9 28,23,22 27,29,29 25,26,29 19,17,18 27,24,28
18,24,13 21,24,16 115,65,21 124,78,23 124,76,20 169,98,29 34,35,38 165,87,18 221,132,12 152,99,33 78,59,43 37,23,9 31,20,15 47,33,17 43,29,15 57,50,32 52,37,26 41,29,17 21,19,17 41,41,36 40,50,47 40,40,37 34,34,31 34,36,31 29,29,29 31,19,9 30,30,30 30,19,12 30,28,26 26,26,23 27,27,27 51,33,12
22,23,13 22,23,13 27,26,17 118,59,2 109,61,18 114,63,26 163,84,11 130,64,16 210,130,20 110,73,33 67,55,43 51,31,11 51,36,27 61,42,19 44,28,22 21,15,10 16,16,16 27,22,24 23,21,19 38,36,34 41,39,37 38,38,38 38,36,32 37,21,4 52,32,12 30,30,30 32,32,32 32,32,32 34,18,12 36,38,35 69,38,15 30,24,29
22,23,15 22,23,13 29,29,24 78,40,5 23,23,23 119,58,11 141,77,15 152,87,25 151,109,57 73,54,38 35,41,44 66,40,17 47,25,5 50,32,13 42,31,16 51,35,20 38,51,50 26,21,18 33,24,20 27,25,26 25,25,20 27,25,26 25,29,31 51,30,7 35,38,30 29,29,29 31,31,31 30,29,32 51,32,16 36,26,30 32,20,20 32,31,36
18,21,13 18,21,13 31,31,31 30,25,24 33,23,22 123,70,15 153,77,17 255,150,14 36,25,20 47,46,51 35,41,42 57,36,11 58,39,14 34,30,24 74,59,39 90,66,42 66,53,46 22,22,32 37,37,34 30,25,22 33,26,29 30,28,29 29,29,26 75,40,15 27,25,21 31,31,28 32,32,29 23,27,29 27,15,5 26,23,27 41,20,7 52,33,21
20,23,15 18,19,9 28,25,29 33,33,33 34,29,26 68,42,19 41,28,21 236,145,18 34,33,36 41,38,44 43,33,37 182,114,24 174,112,38 93,61,29 75,55,37 85,60,41 59,42,43 27,25,35 39,46,44 49,33,27 31,21,25 34,38,53 63,46,38 45,44,59 36,20,14 37,21,6 27,27,24 71,46,27 24,15,11 21,18,22 54,32,26 44,28,26

13,14,6 18,19,9 16,9,9 15,10,12 17,10,13 15,10,9 18,16,14 16,14,12 18,16,14 23,24,14 15,16,8 20,20,15 23,24,16 25,21,15 24,23,16 32,38,27 35,41,30 40,47,40 26,35,16 23,30,14 20,27,11 23,27,12 27,31,16 32,36,19 40,48,27 25,30,10 31,34,10 35,40,20 21,25,8 16,20,5 24,27,15 24,27,15
28,24,18 28,18,19 26,16,15 30,22,11 33,27,20 30,27,14 28,28,14 23,22,11 25,24,15 27,28,18 24,25,15 22,23,11 22,24,9 24,26,11 29,26,13 25,16,10 26,22,16 32,38,29 31,42,31 31,34,26 21,24,12 21,25,10 27,28,18 23,27,12 22,23,11 18,22,5 20,26,13 23,26,14 24,27,15 29,33,16 23,27,10 30,35,15
31,25,16 39,29,17 32,25,9 40,31,14 36,22,8 42,26,13 33,19,5 36,25,10 22,17,3 25,26,5 26,28,13 27,29,14 29,31,16 24,25,13 24,27,15 32,34,19 37,22,11 41,25,8 33,18,7 28,33,27 30,43,31 21,25,10 27,28,16 21,25,10 20,24,9 23,22,15 19,20,10 18,21,11 23,24,14 27,31,16 22,23,11 27,31,16
49,35,8 49,29,9 51,35,4 51,32,9 49,25,1 70,38,8 37,23,5 41,22,6 38,26,14 32,22,10 38,26,14 23,20,7 30,32,17 23,25,10 24,25,13 22,23,11 36,23,16 48,32,19 51,30,15 43,24,8 35,42,40 43,50,48 24,25,15 24,27,17 22,29,13 22,29,13 30,31,23 18,18,13 17,17,12 25,26,16 29,30,20 23,24,12
58,34,12 51,27,1 41,20,0 73,43,1 72,38,8 59,27,0 56,35,20 50,25,6 54,34,14 47,29,10 50,35,24 47,31,25 36,26,27 72,49,20 24,25,13 29,30,18 19,14,11 31,32,24 52,37,26 64,31,6 42,37,25 30,43,42 17,15,16 22,22,17 21,24,16 19,20,12 30,31,23 22,23,15 31,32,24 18,16,12 23,23,18 16,14,10
97,52,6 54,25,1 99,56,9 85,46,5 96,51,16 89,50,18 65,30,5 88,44,16 70,41,19 63,41,21 56,35,20 50,33,23 47,34,29 25,23,24 26,26,21 140,94,0 95,65,7 48,53,31 21,14,17 102,57,11 45,25,7 50,56,57 36,35,38 26,27,19 22,23,13 20,19,12 17,18,6 19,25,16 16,16,11 17,15,11 13,13,10 20,20,15
119,66,0 79,43,10 117,58,10 93,48,2 115,59,10 86,38,13 26,14,14 91,48,13 67,48,34 29,24,26 38,27,20 55,32,19 42,19,16 29,28,31 199,131,0 175,109,0 135,83,0 79,59,9 23,26,6 22,17,14 67,31,9 40,36,30 39,49,53 19,19,14 23,26,18 25,23,19 23,24,16 24,25,17 20,19,12 26,21,18 27,25,21 20,20,15
161,81,11 114,69,23 125,66,20 122,69,14 132,71,10 81,33,6 50,26,4 71,33,14 68,33,6 73,34,2 63,37,16 54,33,20 58,41,15 33,25,14 162,105,0 194,122,0 126,80,0 92,69,0 78,59,4 20,20,15 103,55,8 51,26,7 34,38,40 25,24,27 28,24,18 25,25,22 25,25,22 29,29,29 23,18,17 29,22,22 39,41,41 23,23,23
161,81,0 170,92,10 119,66,23 103,50,7 140,75,11 110,53,9 43,34,28 124,67,9 89,41,14 87,41,13 83,39,13 47,38,32 154,104,30 195,124,0 177,103,0 157,89,0 92,56,23 33,30,17 26,25,16 49,56,22 31,20,17 68,38,12 39,37,35 28,26,27 79,58,15 27,27,24 149,83,1 29,29,26 25,23,19 19,17,15 28,18,22 24,24,24
179,97,0 160,78,6 106,41,0 128,64,0 133,66,0 153,78,10 31,30,33 125,76,36 117,63,15 95,50,17 107,55,7 45,33,21 171,108,0 191,116,0 188,116,0 191,110,0 117,77,2 162,99,0 50,44,19 26,28,11 24,24,21 76,40,9 42,36,29 30,32,17 69,59,17 82,52,8 159,94,5 100,59,12 26,26,23 18,18,15 33,33,33 18,20,17
145,90,7 155,71,0 119,53,0 72,29,0 129,67,9 149,70,0 108,68,43 111,56,13 120,70,24 242,140,10 58,34,12 100,56,18 155,98,0 171,107,0 187,117,0 142,87,0 36,34,16 133,80,0 100,69,9 46,55,38 27,27,27 79,45,13 49,28,15 36,34,14 78,57,14 178,109,3 165,87,0 30,30,27 22,22,17 19,19,16 26,24,25 37,39,39
241,127,0 155,82,0 175,88,0 149,74,6 107,53,19 170,85,5 102,54,11 63,33,18 255,151,9 205,129,35 64,46,27 68,42,21 50,39,20 118,76,0 134,90,0 140,87,0 156,95,0 137,85,0 72,52,22 40,49,51 48,63,68 99,58,9 38,38,38 32,32,29 158,95,0 116,83,15 60,46,17 30,30,27 27,27,35 22,27,33 24,25,30 24,25,28
141,75,0 156,81,16 188,99,0 119,64,12 98,53,5 160,81,6 40,28,28 160,89,20 242,146,17 186,120,34 124,84,48 54,34,16 51,31,24 40,36,30 82,58,0 33,29,8 69,49,3 91,64,0 27,29,14 41,40,43 39,54,57 45,47,44 39,39,39 33,33,28 47,38,23 38,21,13 33,18,7 28,23,22 27,29,29 25,26,29 19,17,18 27,25,26
21,24,14 22,23,15 123,70,15 126,75,20 126,75,20 169,98,29 34,35,38 171,93,26 227,138,22 153,100,32 80,60,42 42,28,12 38,29,23 37,23,9 40,30,18 45,36,21 80,56,34 48,34,20 21,19,17 43,43,38 40,50,47 40,40,37 34,34,31 36,38,33 29,29,29 31,19,9 30,30,30 30,19,12 30,28,26 26,26,23 27,27,27 52,34,13
22,23,15 19,20,10 32,30,26 120,58,2 109,60,20 114,63,26 163,84,11 122,58,12 213,133,21 111,74,32 65,55,45 45,27,8 45,33,23 53,36,10 33,18,7 22,15,13 19,17,18 27,22,24 23,18,17 43,43,40 39,39,36 44,37,37 39,37,33 38,22,5 52,32,12 30,30,30 30,32,32 32,32,29 33,17,11 36,38,35 69,38,15 30,25,27
20,21,13 20,23,13 27,25,23 99,48,13 23,23,23 119,58,11 141,77,17 128,66,10 87,60,44 73,58,38 36,42,45 53,28,9 54,32,12 48,29,13 40,26,12 43,27,12 38,54,52 25,20,17 33,26,24 27,25,23 25,25,20 41,35,28 25,29,31 51,30,7 35,38,30 29,29,29 31,31,31 30,30,30 52,34,15 34,29,26 33,21,23 32,30,38
22,23,15 20,23,13 34,33,36 33,26,26 30,23,21 123,70,15 153,78,15 249,149,17 39,34,36 52,51,56 38,44,45 44,25,2 69,40,16 44,30,16 39,43,45 71,65,56 101,65,36 84,59,40 64,54,44 30,25,22 22,21,38 23,23,33 29,29,26 75,40,13 26,26,21 31,31,28 32,32,29 23,28,24 35,19,13 25,22,26 40,19,6 52,33,21
20,21,13 20,22,17 30,27,31 35,36,39 31,29,25 70,41,19 39,29,17 46,26,6 34,33,36 51,50,55 41,39,35 180,115,26 179,114,36 147,100,39 116,73,24 84,56,29 66,50,37 67,51,36 80,59,44 59,47,49 17,25,34 30,28,38 33,22,19 33,25,33 36,20,18 37,21,6 27,27,24 62,49,42 49,33,27 20,21,24 54,32,26 44,28,26

13,14,6 18,19,9 16,9,9 15,10,12 17,10,13 15,10,9 17,15,13 16,14,12 18,16,14 23,24,14 15,16,8 20,20,15 23,24,16 25,21,15 24,23,16 32,38,27 35,41,30 40,47,40 26,35,16 23,30,12 22,26,11 23,27,12 25,29,14 32,36,19 40,48,27 25,30,10 29,34,12 35,40,20 20,24,7 16,20,5 24,27,15 25,28,16
26,22,16 21,11,12 25,15,14 37,29,18 36,30,23 30,27,14 32,32,16 23,22,11 25,24,15 27,28,18 25,26,16 20,21,9 22,24,9 24,26,11 29,26,11 25,16,10 26,22,16 32,38,29 31,42,31 31,34,24 22,25,13 21,25,10 26,27,15 23,27,12 23,25,10 18,22,7 22,26,11 23,26,14 24,27,15 29,33,16 23,27,12 29,34,12
27,21,14 38,28,16 31,24,8 41,32,17 37,23,9 45,29,16 33,19,5 36,25,10 22,17,5 25,26,5 27,29,14 26,28,13 29,31,16 24,26,11 23,26,14 28,35,19 35,23,13 41,25,8 33,18,7 28,33,27 30,43,31 21,25,10 27,28,16 21,25,10 20,23,13 23,22,15 20,21,11 18,21,11 22,23,11 25,29,14 22,23,11 25,32,16
50,36,11 48,28,8 52,35,7 49,30,7 49,25,1 71,39,9 37,23,5 38,22,7 38,26,14 32,22,10 38,26,14 23,20,7 30,32,17 23,25,10 24,25,13 23,24,12 36,23,16 49,33,18 51,30,15 43,24,8 34,41,39 43,49,50 24,25,15 23,26,16 22,29,13 23,30,14 31,32,24 18,18,13 17,17,12 25,26,16 30,31,21 23,24,12
58,34,12 51,27,1 39,18,0 70,40,0 73,39,7 61,29,0 56,36,18 50,25,6 53,33,15 47,29,10 48,36,24 47,31,25 38,26,26 70,50,18 20,21,9 30,31,21 20,16,10 37,36,29 53,36,26 64,31,6 41,36,24 29,42,41 17,15,16 20,20,15 22,24,19 22,23,15 30,31,23 20,21,13 31,32,24 17,15,11 24,24,19 16,14,10
97,52,6 54,25,1 102,59,10 78,39,0 97,52,17 88,50,15 65,30,5 88,44,18 70,41,19 63,41,21 56,35,20 50,33,23 47,34,29 25,23,24 26,23,27 128,99,23 82,60,11 18,17,8 20,13,16 71,37,7 45,25,7 50,56,57 36,35,38 30,31,21 23,24,14 20,19,12 17,18,6 18,24,11 16,16,11 17,15,13 15,15,12 20,21,13
119,66,0 78,42,9 117,58,10 93,48,2 115,59,10 87,39,12 26,14,14 91,48,13 67,48,34 27,25,26 38,27,20 55,32,19 44,19,16 25,24,27 203,134,0 165,101,0 133,84,0 74,57,10 21,19,17 116,66,6 65,32,7 40,36,30 39,49,53 21,19,17 23,23,18 24,24,19 22,22,17 25,26,18 21,20,13 26,22,16 26,24,22 20,21,13
160,82,11 116,68,23 125,66,20 122,69,14 135,74,13 83,32,4 50,26,4 71,33,14 66,33,8 73,34,2 63,37,16 54,33,20 59,40,15 70,44,19 191,116,0 191,120,0 132,83,0 99,69,0 85,64,8 20,18,14 103,55,12 51,26,7 34,38,40 25,24,27 24,24,21 25,25,20 25,25,22 30,30,27 23,18,17 29,22,22 39,41,41 23,23,23
161,81,0 170,92,10 119,66,23 103,50,7 140,75,11 109,54,9 43,34,28 122,65,7 89,41,14 87,41,13 83,38,15 46,35,32 70,32,0 200,129,0 158,92,0 185,115,0 75,51,14 39,33,8 28,24,16 26,27,15 31,20,15 68,38,12 39,37,35 25,24,27 23,25,25 22,26,28 29,29,29 30,30,30 25,23,19 19,17,15 28,18,22 24,24,24
179,97,0 160,78,6 106,41,0 128,64,0 133,66,0 153,78,10 31,30,33 125,76,38 116,63,20 99,52,31 108,54,6 48,27,14 168,105,0 193,117,0 193,117,0 184,104,0 69,42,0 164,95,0 71,61,19 37,43,16 24,24,21 76,40,9 42,36,29 48,52,54 144,87,2 25,27,24 56,27,0 31,32,20 26,26,23 18,18,15 33,33,33 18,20,17
144,91,7 153,72,0 119,53,0 72,29,0 129,67,9 148,71,0 108,68,43 111,56,13 126,74,26 225,139,4 60,34,11 95,49,19 154,97,0 171,104,0 190,114,0 156,94,0 40,33,13 103,62,1 36,43,25 58,69,70 27,27,27 83,47,14 47,28,14 38,36,32 39,41,24 103,71,14 121,77,10 147,83,0 22,22,17 19,19,16 26,24,25 37,39,39
244,130,0 155,82,0 175,88,0 149,74,6 107,52,21 170,85,5 102,54,11 63,33,18 255,147,3 204,125,32 55,40,29 66,41,22 60,53,33 126,78,0 164,103,0 93,63,0 113,74,3 66,41,13 31,33,30 42,53,52 57,67,71 99,59,5 43,30,23 37,35,31 119,76,0 76,62,17 159,92,0 80,54,13 25,25,33 22,27,33 24,25,30 24,25,28
95,56,0 103,52,0 183,101,4 122,62,12 98,53,5 160,81,6 40,28,28 160,89,20 234,138,9 191,125,39 116,79,39 60,39,16 51,35,22 36,39,29 97,67,0 98,70,2 110,67,0 103,60,0 60,38,20 41,40,43 43,55,59 37,38,41 41,41,41 38,38,38 37,37,21 84,63,9 124,78,8 23,25,22 27,29,29 25,26,29 19,17,18 27,25,26
22,25,13 21,24,14 20,21,11 128,75,20 126,75,20 169,98,29 34,35,40 169,91,24 215,132,14 154,101,33 81,59,39 44,27,17 39,30,24 44,27,17 48,43,31 51,37,10 78,53,25 30,23,26 20,20,17 39,39,34 36,45,45 40,40,40 40,40,37 36,36,33 55,43,33 33,17,13 30,30,27 31,20,13 30,28,26 26,26,23 27,27,27 53,33,13
21,24,16 22,23,15 20,23,13 32,33,25 109,60,20 111,65,26 163,84,11 127,63,19 210,130,18 112,75,33 64,56,45 51,31,13 36,20,7 57,35,15 31,19,9 26,17,13 20,20,20 25,23,21 26,21,23 40,40,40 34,36,36 39,39,36 38,38,35 33,28,27 52,32,12 30,30,30 30,32,32 32,32,29 33,17,11 36,38,35 69,39,13 30,25,27
20,23,15 22,23,15 22,23,15 30,30,27 81,45,25 119,59,9 136,72,12 125,68,10 202,129,29 75,57,36 35,41,44 59,29,12 59,34,15 43,27,12 46,30,17 42,28,14 38,51,50 29,23,18 35,28,26 27,25,23 27,27,22 32,32,32 25,29,31 51,30,7 35,38,30 29,29,29 32,32,29 32,30,31 48,32,19 37,26,19 33,22,19 32,30,38
18,21,11 18,21,13 18,21,11 34,32,33 33,28,27 125,71,10 155,76,14 241,152,21 53,48,50 61,59,57 36,42,45 47,26,3 76,45,24 53,34,18 32,39,37 74,63,48 27,26,29 45,58,59 36,37,29 27,27,24 26,21,23 39,42,60 29,29,26 75,40,13 26,26,21 31,31,28 32,32,29 35,30,27 33,19,19 28,25,29 35,21,5 52,33,21
17,25,15 18,21,11 20,23,15 30,27,31 38,37,42 55,40,29 48,33,22 29,22,25 37,36,39 51,51,59 32,37,36 185,117,29 178,116,37 114,72,30 76,58,37 74,56,37 22,22,30 43,31,36 40,43,50 74,53,42 37,30,33 30,33,44 42,29,22 32,26,33 36,20,18 37,21,6 27,27,24 68,32,3 48,35,28 24,22,23 53,33,26 44,28,24

13,14,6 18,19,9 16,9,9 16,8,14 17,10,13 13,11,9 17,15,13 16,14,12 18,16,14 23,24,14 15,16,8 20,20,15 23,24,16 26,22,16 24,23,16 32,38,27 35,41,28 43,51,41 26,35,16 25,29,12 20,27,11 23,27,12 25,29,14 32,36,19 40,48,27 25,30,10 29,34,12 35,40,20 20,24,7 16,20,5 24,27,15 25,28,16
27,23,17 19,12,12 26,16,15 37,29,18 35,31,23 30,27,14 31,31,17 23,22,13 25,24,15 27,28,16 25,26,16 20,21,9 22,24,9 24,26,11 29,26,13 26,17,11 26,22,16 32,38,29 30,41,30 30,33,23 22,25,13 22,26,11 25,27,12 24,28,13 23,24,12 20,24,9 20,27,11 24,27,15 23,26,14 29,33,16 23,27,12 29,34,14
28,22,15 38,28,16 31,24,8 40,31,16 37,23,9 44,28,15 33,18,9 36,25,10 22,16,7 25,26,5 27,28,16 27,29,14 27,29,14 24,26,9 24,28,13 30,34,19 36,21,12 41,25,8 33,18,7 28,33,27 30,43,31 21,25,10 27,29,14 22,26,11 18,21,13 25,24,17 20,21,11 18,21,11 22,23,11 27,31,16 22,23,11 27,31,16
51,34,10 48,28,10 52,35,7 48,29,6 49,25,1 70,38,8 37,24,3 38,22,7 37,27,15 31,21,9 38,26,14 25,22,9 33,35,20 23,25,10 24,25,13 23,24,12 35,22,15 49,33,18 51,30,15 43,24,8 34,41,39 43,49,50 24,25,15 24,27,17 22,29,13 23,30,14 29,30,22 18,18,13 17,17,12 25,26,16 30,31,21 23,24,12
58,34,12 52,28,2 37,16,0 71,41,0 73,39,7 63,29,0 56,36,18 50,25,6 55,35,15 47,29,10 48,36,24 45,33,23 38,26,26 71,48,17 42,32,0 58,46,9 20,16,10 37,36,29 55,38,28 64,31,6 41,36,24 29,42,41 16,14,12 19,19,14 21,23,18 23,24,16 30,31,23 24,25,17 26,27,19 16,14,10 24,24,19 14,12,8
97,52,6 52,23,0 103,58,10 83,46,6 96,51,16 83,44,12 64,29,4 93,49,21 69,40,18 63,41,23 55,34,19 110,73,29 44,36,23 156,113,28 146,97,0 117,78,0 55,56,19 19,14,16 21,14,17 75,39,8 45,25,7 49,55,56 36,35,38 25,26,16 24,25,17 21,20,13 17,18,6 18,24,13 17,17,12 16,14,12 15,15,12 17,18,10
121,65,0 80,44,11 118,59,11 93,48,2 115,59,10 87,39,10 26,14,14 91,48,13 66,47,33 27,25,26 38,27,20 55,32,17 39,20,0 190,115,0 115,78,9 115,74,2 90,66,4 34,38,11 96,47,0 30,15,4 66,33,6 40,35,32 40,48,55 23,21,19 22,23,15 25,23,19 22,17,16 23,24,16 23,22,13 26,22,16 25,23,21 22,22,17
163,80,11 114,69,23 125,65,22 122,69,14 135,74,13 81,33,6 50,26,4 71,33,14 66,33,8 73,34,2 63,37,16 54,33,20 248,151,0 142,81,0 75,46,15 120,73,0 142,96,41 28,33,13 22,22,17 23,18,15 95,57,11 52,27,8 34,38,40 27,24,28 25,25,22 25,25,22 25,25,20 29,29,26 20,15,14 29,22,22 39,41,41 23,23,23
163,83,0 170,92,10 116,63,20 103,50,7 140,75,11 109,54,9 43,34,30 122,65,7 89,41,14 85,41,13 83,41,17 203,125,0 227,136,0 130,85,0 103,51,0 109,68,7 37,40,16 47,53,14 26,24,20 23,21,19 31,20,15 68,38,12 39,37,35 25,24,27 26,26,26 27,27,24 29,29,26 30,29,32 25,23,21 18,16,14 28,18,22 25,23,24
179,97,0 160,78,6 106,41,0 128,64,0 133,66,0 155,77,8 31,30,33 125,76,36 36,24,14 100,57,22 129,88,18 191,123,0 191,120,0 179,108,0 162,110,19 144,92,5 36,41,17 27,30,8 30,28,29 25,23,21 25,25,22 76,40,9 42,36,29 48,52,56 25,25,22 27,27,24 27,27,24 29,29,26 27,27,24 18,18,15 33,33,33 17,19,16
145,91,5 155,72,0 119,53,0 72,29,0 132,67,10 148,71,0 108,68,43 122,63,33 199,126,26 71,40,17 86,46,10 134,86,0 165,105,0 168,99,0 155,98,56 66,45,34 51,49,29 38,43,21 32,30,28 60,69,71 27,27,27 83,47,14 48,29,17 37,35,36 27,28,31 27,27,24 29,29,26 30,30,27 22,22,17 19,19,16 26,24,25 36,37,40
244,130,0 155,82,0 175,88,0 149,74,6 107,52,21 170,85,5 102,53,13 243,143,13 175,114,35 79,43,10 64,38,15 64,33,12 132,86,0 158,98,0 66,51,13 40,36,15 21,26,6 32,38,39 26,26,23 39,55,55 30,28,26 99,59,5 47,28,5 41,42,45 37,21,8 35,18,10 32,42,39 28,30,27 23,26,33 22,27,33 24,25,30 24,25,28
136,82,0 88,72,0 76,65,3 101,59,7 98,53,7 160,81,6 147,87,0 227,136,21 145,100,38 116,79,37 49,33,20 41,26,17 48,33,22 73,50,8 46,39,10 34,38,11 36,43,38 25,23,21 26,24,25 40,52,48 54,61,59 94,52,10 77,44,7 33,37,39 31,29,25 37,22,13 33,18,7 26,24,25 27,29,29 25,26,29 19,17,18 27,25,26
18,21,11 25,28,18 22,25,13 25,26,16 29,23,16 169,97,31 255,163,14 189,118,29 111,77,36 83,62,37 43,31,19 56,34,14 55,37,16 44,23,10 63,48,37 58,52,43 31,24,24 20,18,16 24,22,20 41,50,52 42,55,56 42,49,42 25,30,26 40,27,20 27,25,21 34,17,7 84,53,2 58,39,12 30,28,26 25,25,22 27,27,27 53,33,13
20,23,13 18,21,13 21,24,16 23,24,16 22,23,15 111,62,26 250,148,18 170,108,27 94,69,39 29,36,34 51,29,11 58,33,14 46,31,11 47,26,11 45,34,27 34,34,31 43,31,19 27,22,21 23,21,22 38,40,40 40,49,49 48,53,47 113,86,50 136,93,37 81,55,16 119,80,0 39,33,10 32,31,24 33,17,11 36,38,35 69,39,13 33,26,29
17,25,13 18,21,11 18,24,11 20,21,13 22,23,15 119,60,3 237,147,25 154,100,25 66,57,49 35,41,42 58,34,10 68,39,17 51,30,15 45,30,10 43,54,55 68,60,47 39,40,32 32,34,34 33,28,25 40,40,37 44,40,34 143,96,35 137,90,27 129,88,31 71,47,10 62,42,10 77,41,0 114,70,0 51,32,18 36,29,29 32,20,20 32,30,38
14,22,10 18,26,14 18,24,13 20,23,15 19,20,10 81,55,16 205,127,31 119,74,30 54,48,55 59,57,58 164,103,17 139,94,32 128,89,32 143,100,42 82,64,45 32,26,31 70,63,47 48,61,60 33,29,23 28,26,22 29,22,25 36,40,55 104,71,21 102,65,21 110,64,5 80,58,24 107,65,11 58,43,3 29,17,17 25,24,27 35,24,9 52,33,21
20,29,12 17,28,13 17,25,11 17,20,12 22,22,17 37,35,36 137,94,45 27,25,23 37,37,37 51,52,57 194,121,23 181,115,33 182,121,37 86,60,35 75,54,41 23,23,31 44,33,30 35,32,38 34,39,33 77,61,48 43,33,37 31,31,43 41,28,21 32,26,33 36,23,20 36,22,4 27,27,24 81,52,30 52,35,27 20,20,20 53,32,28 44,28,24

15,16,8 18,19,11 16,9,9 18,8,12 17,10,10 13,11,9 17,17,14 15,15,12 18,16,14 23,24,14 13,14,6 20,20,15 23,24,16 26,22,16 24,23,16 32,38,27 35,41,28 41,49,37 26,35,16 27,31,14 20,27,11 23,27,12 25,29,14 32,36,19 40,48,27 25,30,10 29,34,12 35,40,20 20,24,7 16,20,5 24,27,15 25,29,14
27,23,17 19,12,12 26,16,15 39,29,17 34,35,23 30,25,13 31,31,17 22,23,13 25,24,15 27,28,16 24,25,15 20,21,9 22,24,9 23,25,10 27,26,15 28,19,13 27,21,16 34,37,29 31,42,31 31,34,24 22,25,13 22,26,11 25,26,14 24,28,13 23,24,12 21,25,10 20,26,13 24,27,15 22,25,13 29,33,16 23,27,12 29,34,14
26,20,13 38,28,16 32,23,8 40,31,14 38,23,12 44,28,15 33,18,9 36,25,10 22,16,7 26,27,6 27,28,18 29,31,16 26,28,13 24,26,9 24,28,13 30,34,19 35,23,13 41,25,8 33,19,5 30,32,27 30,43,31 23,24,12 27,28,16 23,27,12 18,21,11 24,23,16 20,21,11 18,21,11 22,23,13 27,30,18 22,24,9 27,31,16
51,34,10 48,28,10 53,36,8 48,29,6 49,25,1 71,39,9 37,23,5 38,22,7 37,27,15 29,19,7 40,28,18 25,22,9 31,33,18 25,27,12 24,25,13 24,25,13 36,23,16 49,33,18 51,30,15 43,24,8 35,42,40 43,49,50 25,26,16 24,27,17 22,29,13 23,30,14 30,31,23 19,19,14 17,17,12 25,26,16 30,31,21 23,24,14
58,34,10 52,28,2 37,16,0 71,41,0 73,39,7 62,30,0 56,36,18 48,26,6 55,36,13 47,29,10 57,35,15 63,41,7 147,97,0 98,59,0 99,72,11 47,50,19 20,16,10 31,30,23 52,37,26 64,31,6 41,36,24 29,42,41 16,14,12 23,23,18 22,24,19 23,24,14 30,31,23 24,25,17 26,27,19 18,16,12 24,24,19 17,15,11
97,52,6 52,23,0 105,57,10 79,40,1 96,51,16 84,46,11 62,29,4 93,49,19 69,40,18 63,41,21 55,34,19 169,121,63 123,64,0 152,94,0 73,33,0 45,37,26 18,13,12 53,42,23 23,13,17 75,39,8 45,25,7 49,55,56 36,35,38 24,25,15 22,23,15 20,19,12 16,17,5 23,26,16 16,16,11 16,14,12 12,12,9 17,18,10
121,65,0 78,42,9 118,59,11 93,48,2 115,60,8 87,39,10 26,14,14 93,48,13 66,47,33 27,25,26 38,27,20 231,141,0 209,130,0 109,74,7 49,44,14 63,56,13 20,13,11 23,13,14 22,17,16 20,13,13 70,35,8 40,35,32 40,48,55 26,24,25 23,24,16 25,23,19 25,23,21 23,24,16 21,20,13 26,22,16 25,23,21 20,20,15
163,80,11 114,69,23 125,65,22 122,69,14 135,73,15 81,33,4 50,26,4 71,34,10 68,33,8 71,35,2 57,33,25 229,145,0 79,44,19 167,131,98 36,42,13 40,42,16 29,25,19 22,15,15 23,21,19 20,18,16 95,57,11 52,27,8 34,38,40 26,24,25 25,25,22 26,26,23 26,26,23 30,30,30 23,18,17 29,22,22 39,41,41 23,23,23
163,83,0 172,94,12 116,63,20 103,50,7 140,75,11 109,54,9 43,34,30 122,65,7 59,38,25 121,68,13 219,139,0 217,134,0 145,97,0 38,32,7 35,41,14 35,41,12 34,40,27 28,23,22 26,24,22 24,22,20 31,20,15 68,38,12 39,37,35 26,26,26 26,26,26 27,27,24 29,29,26 30,29,32 25,23,21 18,16,14 28,18,22 25,23,24
179,97,0 160,78,6 106,41,0 128,64,0 133,66,0 156,76,8 29,29,37 252,152,20 100,58,18 89,49,24 68,40,2 168,105,0 112,76,0 62,46,13 30,33,13 28,33,13 42,48,19 34,34,29 46,55,55 26,24,22 25,25,22 76,40,9 42,36,29 50,51,54 25,25,22 29,29,26 27,27,24 29,29,26 27,27,24 18,18,15 33,33,33 17,19,16
145,91,5 155,72,0 119,53,0 72,29,0 132,67,10 148,71,0 255,171,23 191,120,33 162,106,32 81,45,16 64,31,6 125,74,0 133,85,0 93,63,7 32,33,10 38,43,11 41,48,46 25,25,20 39,55,55 25,25,22 29,29,29 83,47,14 46,30,17 37,35,36 27,28,31 29,29,26 29,29,26 30,30,27 22,22,17 19,19,14 26,24,25 36,37,40
241,127,0 155,82,0 175,88,0 149,74,6 107,52,21 171,86,6 212,136,25 164,107,36 155,100,28 63,39,17 58,29,5 62,32,6 108,81,34 106,77,3 112,76,0 86,65,24 36,26,16 44,33,30 39,49,46 34,44,41 31,31,28 99,59,5 47,28,5 41,42,45 35,19,6 35,18,10 32,42,39 28,30,27 23,26,33 22,27,33 24,25,28 24,25,28
142,82,0 88,72,0 77,63,5 95,54,7 100,55,9 203,112,23 190,124,38 138,97,40 66,47,20 70,40,14 54,28,3 51,26,7 68,39,19 90,61,37 103,76,44 73,43,26 36,26,16 28,21,19 39,46,41 41,54,55 33,33,30 96,52,12 77,44,7 33,37,39 31,29,25 37,22,13 33,18,9 26,24,25 27,29,29 25,26,29 19,17,18 27,25,26
18,26,14 17,20,12 24,25,13 26,25,14 24,25,13 220,137,28 156,103,39 92,71,44 31,30,33 76,45,22 68,35,10 57,31,10 68,39,15 48,37,30 29,21,10 60,34,11 31,21,20 25,20,19 39,43,45 40,51,50 32,30,31 25,23,19 29,31,28 40,27,20 29,24,23 32,14,9 28,30,27 29,18,13 30,28,26 26,26,23 27,27,27 54,34,14
17,25,13 18,24,13 20,23,15 22,23,15 22,23,15 160,107,39 97,74,45 50,52,52 36,23,16 75,45,19 80,40,15 55,31,7 68,42,21 45,54,54 104,75,42 79,58,35 37,28,24 27,22,19 35,40,39 40,51,50 42,59,63 22,32,24 21,19,15 44,19,0 49,28,15 29,29,26 32,32,32 33,33,33 34,18,12 36,38,35 68,39,15 33,26,29
18,26,16 15,21,10 17,25,13 18,21,11 20,23,15 59,62,54 43,55,51 32,32,32 44,47,39 195,122,24 179,117,18 171,109,28 160,106,31 131,90,41 118,91,48 89,72,46 45,57,53 39,50,51 42,44,41 42,44,41 38,51,50 106,82,47 30,35,29 55,31,7 34,39,35 31,29,27 31,31,31 31,31,31 52,34,15 36,29,29 28,23,22 32,30,38
19,27,13 18,24,13 17,25,13 18,21,11 20,21,13 68,47,32 32,32,29 133,84,35 49,43,48 66,63,69 205,131,25 201,126,29 180,119,35 134,91,33 84,63,38 31,29,27 75,61,45 41,57,57 36,30,25 41,43,38 124,86,36 34,33,50 118,81,37 88,74,8 64,57,30 29,32,22 30,30,27 29,29,26 31,18,11 25,19,24 44,39,41 52,33,21
20,29,12 20,29,12 18,27,10 18,24,13 19,20,10 30,29,32 43,33,32 27,25,26 37,37,37 51,52,57 202,124,28 190,119,25 183,122,38 86,60,37 80,59,46 24,22,30 44,33,30 34,31,37 34,39,35 27,23,15 44,39,41 29,27,37 54,36,15 30,27,33 23,22,15 47,39,17 27,26,29 36,30,21 35,19,13 18,15,19 53,32,28 44,28,24