49,34,25 140,134,127 33,28,27 29,22,22 51,40,35 57,45,35 51,35,29 164,146,127 226,173,120 255,212,145 247,225,189 49,36,13 255,203,0 255,213,10 255,190,0 255,203,0 77,54,53 166,95,71 240,143,90 28,21,21 38,28,29 49,40,36 47,38,34 52,43,39 45,38,38 48,43,42 59,52,50 78,72,67 107,101,96 86,102,100 72,64,81 79,92,107
72,57,48 127,121,114 31,24,24 27,20,20 45,34,27 48,35,30 42,34,42 77,57,39 237,155,110 204,160,132 132,97,72 41,30,13 36,33,20 75,48,12 255,196,0 255,203,0 255,193,5 215,128,87 234,132,85 40,33,36 44,35,31 43,34,30 45,36,32 40,31,27 40,30,31 38,29,25 40,34,39 42,35,33 33,27,22 84,93,95 73,63,83 78,93,100
66,51,40 145,133,133 39,29,28 35,28,28 35,25,24 49,36,29 37,25,39 109,83,71 88,64,42 230,184,143 99,69,41 80,61,36 71,54,30 34,28,19 36,28,17 66,48,47 136,92,64 255,169,124 210,123,80 35,33,31 45,36,32 45,36,32 35,26,22 31,21,22 30,21,17 30,23,21 160,126,106 53,43,42 40,33,31 70,86,84 78,65,86 87,102,116
61,46,37 171,162,154 38,29,25 39,29,28 38,27,24 52,39,34 45,42,48 58,56,57 103,83,63 109,89,69 88,60,33 76,59,33 81,62,39 91,71,41 93,72,59 60,41,43 120,76,64 147,78,49 164,97,72 35,33,34 38,29,25 53,42,37 54,43,38 45,32,29 30,24,19 34,27,25 117,96,81 45,35,34 45,36,28 67,70,92 73,69,91 80,99,120
44,33,30 134,128,121 45,35,36 38,28,27 53,40,37 44,35,29 50,38,28 36,27,21 97,67,50 133,101,85 87,62,32 69,50,25 116,83,44 90,61,28 125,95,51 67,48,52 127,84,65 150,80,51 145,98,77 29,22,20 32,22,23 32,22,21 28,23,25 36,27,23 50,40,39 39,30,26 40,31,27 37,30,28 36,30,25 57,46,43 108,86,66 73,97,117
53,41,31 122,118,108 46,37,33 40,31,27 52,39,34 59,47,35 69,68,73 77,56,31 179,141,124 52,52,60 219,222,231 70,46,24 82,54,25 85,73,78 75,58,59 82,50,47 75,55,46 119,77,66 106,70,64 33,26,26 36,27,23 39,30,26 39,30,26 37,33,27 36,26,25 44,33,30 125,94,32 111,63,57 42,33,29 90,72,67 218,147,103 65,93,127
146,120,99 145,141,133 41,37,31 38,28,27 43,33,23 100,101,93 133,136,128 76,77,80 59,58,63 77,76,91 228,232,234 177,169,147 173,163,139 153,149,130 172,166,159 102,90,80 72,56,52 118,86,81 54,42,44 97,92,80 112,110,90 140,126,101 51,45,38 59,49,39 40,30,31 44,33,30 164,100,72 255,172,116 122,130,146 126,103,88 255,182,133 147,108,96
49,35,21 141,134,132 35,30,27 35,28,28 44,33,28 132,132,116 39,41,41 53,35,34 108,70,51 82,75,87 238,201,159 55,53,49 129,125,108 178,164,135 134,128,119 55,54,59 65,47,46 65,47,56 43,38,40 53,55,50 81,73,62 205,131,93 93,63,19 47,65,50 90,58,44 255,230,187 56,47,43 150,93,62 253,174,130 112,109,115 106,108,108 110,65,60
56,50,43 151,141,145 136,129,127 129,124,110 123,112,105 59,61,61 20,25,24 85,66,54 96,60,38 84,55,22 247,188,131 69,69,77 70,63,63 172,159,136 95,95,105 76,69,83 64,47,53 60,48,50 30,26,20 108,81,63 106,74,60 235,150,113 107,74,49 255,223,170 99,64,39 255,182,146 255,176,117 53,37,24 161,130,107 47,51,64 46,42,51 118,77,59
57,44,41 94,73,58 54,43,38 149,113,82 150,106,78 95,95,95 71,73,70 71,72,64 43,28,19 31,47,76 230,166,79 205,161,94 186,128,62 151,135,118 89,87,85 60,58,54 45,43,53 38,46,32 64,64,61 140,137,111 117,97,77 31,25,20 84,95,82 128,123,122 70,92,62 150,103,69 97,76,49 120,70,28 146,122,114 47,45,55 103,72,60 97,72,53
28,26,27 133,107,93 132,119,69 110,93,67 144,121,92 70,72,72 64,64,59 46,28,27 27,52,76 72,99,127 246,175,84 36,54,71 99,63,43 223,232,234 177,172,158 37,38,43 39,39,47 42,49,44 40,40,37 72,76,59 179,181,128 63,62,53 103,93,44 197,177,61 34,34,29 147,87,35 198,138,84 69,53,40 108,87,74 34,33,38 148,97,62 33,31,32
46,41,43 66,53,46 29,36,29 27,34,29 179,128,73 143,97,60 48,30,27 40,24,22 31,19,19 71,73,87 239,175,92 253,171,117 86,65,38 165,162,136 135,92,86 97,30,19 202,128,92 33,32,37 33,33,33 51,51,51 117,120,85 107,105,74 38,39,29 122,106,91 160,121,91 129,105,81 222,164,111 219,165,104 54,59,69 38,38,46 78,72,63 45,43,41
35,33,29 32,45,33 33,40,35 32,39,34 28,33,27 143,101,63 45,29,23 38,21,24 35,21,21 102,103,82 156,127,92 98,63,48 87,57,40 54,59,55 123,116,96 131,58,46 127,43,26 184,94,72 38,38,38 36,36,36 69,72,62 164,164,119 176,174,125 114,89,72 191,147,107 178,134,92 154,114,78 229,173,124 60,48,53 85,66,50 79,68,65 130,94,72
132,129,64 151,150,85 41,43,40 33,41,31 26,34,24 38,38,46 46,28,25 40,24,20 40,24,18 32,30,31 237,237,247 211,195,189 142,98,70 119,79,54 113,86,70 157,131,106 62,58,52 58,53,55 68,61,61 36,37,40 47,35,35 255,251,194 153,117,86 199,166,129 188,149,110 178,136,94 178,143,116 255,186,135 67,54,47 121,88,63 69,56,53 125,91,69
142,134,71 134,125,65 147,131,89 172,148,111 153,144,136 45,29,25 49,26,25 41,23,20 42,26,22 39,26,23 170,175,185 195,200,208 198,167,128 188,160,120 188,155,116 179,151,113 47,46,49 47,43,52 91,82,78 36,36,36 78,67,60 241,190,151 255,218,169 202,166,117 194,156,110 178,137,92 95,81,56 130,111,86 123,104,81 110,88,68 50,43,46 120,90,62
187,158,123 189,161,123 175,146,111 200,173,139 208,181,149 62,37,34 51,30,26 78,40,34 79,39,34 88,47,31 53,55,55 154,155,160 182,155,119 121,112,65 171,149,104 183,162,121 49,47,48 68,62,67 93,83,82 41,36,38 39,38,41 168,121,89 167,120,86 170,139,102 147,116,79 169,131,94 132,104,77 130,104,79 160,125,87 108,79,55 108,82,68 131,95,64
193,160,123 177,155,117 186,159,127 147,133,108 207,175,118 67,39,37 67,38,34 99,51,45 79,38,36 124,95,75 38,40,40 57,50,50 174,151,109 193,165,127 203,172,135 178,153,125 59,57,55 74,64,65 96,87,83 66,56,55 41,38,42 194,168,129 166,143,114 91,101,77 126,106,74 167,133,90 167,132,96 158,126,92 168,130,95 92,60,30 134,124,82 135,103,71
112,116,58 141,144,80 184,160,123 193,165,127 199,168,129 58,35,32 62,34,32 102,56,38 77,41,35 97,86,81 86,86,86 32,27,29 189,160,127 147,131,87 111,104,47 47,44,48 52,50,51 91,82,76 96,87,81 93,84,78 33,33,30 167,159,123 134,109,79 172,166,130 120,113,116 214,171,122 176,138,90 166,131,95 170,130,94 166,134,92 51,52,29 107,64,15

49,34,25 140,134,127 33,28,27 29,22,22 51,40,35 57,45,35 51,35,29 168,150,131 224,171,118 255,208,144 246,224,188 52,37,17 255,204,0 255,214,11 255,187,0 255,203,0 77,54,51 166,95,71 240,143,90 28,21,21 38,28,29 49,40,36 47,38,34 52,43,39 45,38,38 48,43,42 59,52,50 78,72,67 107,101,96 86,102,100 72,64,81 79,92,107
72,57,48 127,121,114 31,24,24 27,20,20 45,34,27 48,35,30 42,34,42 81,65,52 255,177,130 198,155,138 133,100,73 40,29,12 37,32,20 74,45,10 255,194,0 255,203,0 255,193,8 215,127,89 234,132,85 40,33,36 44,35,31 43,34,30 45,36,32 40,31,27 40,30,31 38,29,25 40,34,39 42,35,33 33,27,22 84,93,95 73,63,83 78,93,100
66,51,40 145,133,133 39,29,28 35,28,28 35,25,24 49,36,29 37,25,39 103,82,71 86,62,40 230,186,146 99,69,41 81,62,37 74,57,33 35,29,20 36,28,17 66,48,47 136,91,68 255,169,124 210,123,80 35,33,31 45,36,32 45,36,32 35,26,22 31,21,22 30,21,17 30,23,21 160,126,106 53,43,42 40,33,31 70,86,84 76,66,86 87,102,116
61,46,37 171,162,154 38,29,25 39,29,28 38,27,24 52,39,34 45,42,48 58,56,57 104,84,66 104,84,64 87,59,32 76,59,33 81,62,39 91,71,41 90,71,57 60,41,43 120,76,64 147,78,49 164,97,72 35,33,34 38,29,25 53,42,37 54,43,38 45,32,27 30,24,19 34,27,25 117,96,81 45,35,34 45,36,28 67,70,92 73,69,91 80,99,120
44,33,30 134,128,121 45,35,36 38,28,27 53,40,37 44,35,29 50,38,28 37,26,21 98,68,51 142,110,94 89,61,34 69,50,25 110,77,38 89,60,29 113,87,46 69,50,57 127,84,65 150,80,51 145,98,77 29,22,20 30,23,23 32,22,21 28,23,25 37,26,23 50,40,39 39,30,26 40,31,27 37,30,28 36,30,25 57,46,43 108,86,66 73,97,117
53,41,31 122,118,108 46,37,33 40,31,27 52,39,34 55,43,31 71,70,75 74,57,31 174,140,120 43,43,51 231,234,243 70,44,23 82,54,25 85,73,78 75,58,59 82,50,47 75,55,46 119,77,66 106,70,64 33,26,26 36,27,23 39,30,26 39,30,26 37,33,27 36,26,25 44,33,30 124,90,27 96,63,54 42,33,29 90,72,67 218,147,103 65,93,127
146,120,99 145,141,133 41,37,31 38,28,27 43,33,23 100,101,93 124,127,119 80,79,82 60,59,64 77,76,91 233,237,241 174,166,144 175,165,141 156,152,133 172,166,159 102,90,80 70,54,50 118,86,81 54,42,44 74,70,62 114,111,96 153,141,115 51,45,38 59,49,39 40,33,33 41,30,27 128,72,46 255,178,123 122,130,146 110,87,72 255,183,131 147,108,96
49,35,21 141,134,132 35,30,27 35,28,28 44,33,28 131,131,115 36,38,38 55,34,34 107,69,50 78,76,86 247,203,150 48,46,42 132,128,111 177,163,134 134,128,119 55,54,59 65,47,44 65,48,54 43,38,40 44,44,39 65,68,60 174,128,98 95,62,23 38,46,34 92,67,64 255,237,194 56,47,43 150,93,62 255,176,132 112,109,115 106,108,108 112,64,60
56,50,43 151,141,145 136,129,127 129,124,110 123,112,105 59,61,61 22,27,26 80,60,51 98,62,40 81,48,9 252,189,117 46,49,37 70,63,66 172,159,136 95,95,105 76,69,83 62,48,53 62,48,50 25,20,19 113,84,60 102,77,60 182,112,81 125,119,85 255,232,184 97,64,39 255,170,116 255,175,118 53,37,24 134,103,93 47,51,64 46,42,51 118,77,59
57,44,41 94,73,58 54,43,38 149,113,82 148,107,80 95,95,95 71,73,70 71,72,64 44,29,20 26,42,71 227,164,72 191,150,89 167,117,57 153,133,113 84,82,80 59,59,54 45,43,53 38,46,32 58,58,55 134,136,108 124,119,78 60,33,26 79,83,66 81,72,64 133,131,113 150,103,69 100,77,48 128,74,36 146,123,112 47,45,55 106,70,60 97,72,53
28,26,27 133,107,93 132,119,69 110,93,67 145,122,93 70,72,72 64,64,59 46,28,25 27,42,60 63,96,127 252,180,89 32,52,68 102,65,41 215,220,228 175,166,147 39,38,43 39,39,47 42,49,44 40,40,40 60,66,53 85,90,66 111,114,79 107,112,80 166,158,122 155,149,74 140,96,43 173,124,86 41,34,32 108,87,74 34,33,38 138,90,61 33,31,32
46,41,43 66,53,46 29,36,29 27,34,29 179,128,73 143,97,60 47,31,29 41,25,23 33,19,24 49,64,82 237,173,90 252,172,117 75,56,33 165,162,138 139,96,90 101,29,17 205,136,103 32,31,34 33,32,35 48,48,48 41,41,41 29,29,29 38,36,32 112,98,40 154,156,72 184,162,128 85,68,58 166,126,92 54,59,69 39,39,47 78,72,65 55,53,51
35,33,29 32,45,33 33,40,33 32,39,34 28,33,27 143,101,63 45,29,23 38,21,24 35,21,21 103,104,83 159,132,100 98,63,48 88,56,40 54,60,51 125,118,100 129,59,51 132,49,29 191,104,79 37,36,39 30,30,30 26,26,26 76,82,55 44,47,54 138,117,102 255,217,167 205,166,127 255,223,179 169,132,92 83,72,69 83,67,50 79,68,65 130,94,72
132,129,64 151,150,85 41,43,40 33,41,31 27,33,24 35,38,45 48,30,27 40,24,20 41,25,19 34,29,31 244,244,254 201,180,167 142,98,70 117,80,54 113,85,74 157,131,106 194,170,144 54,49,51 70,65,62 86,82,74 79,71,60 64,50,32 80,69,62 109,88,84 195,141,103 240,196,145 209,171,121 223,179,128 116,98,79 121,88,63 69,56,53 125,91,69
142,134,71 134,125,65 147,131,87 172,148,111 153,144,136 45,29,25 49,26,25 41,23,20 42,26,22 39,26,23 171,176,184 196,201,207 198,167,128 188,160,120 188,155,116 179,150,115 48,47,50 68,65,69 70,63,63 63,57,52 89,81,70 179,158,115 129,129,95 134,101,76 192,146,105 240,192,147 190,152,102 139,119,99 132,111,86 110,88,68 50,43,46 120,90,62
187,158,123 189,161,123 175,146,111 200,173,139 208,181,149 63,38,35 51,30,26 77,41,35 79,39,34 89,48,32 51,53,53 172,176,180 182,155,119 121,112,65 171,149,104 183,159,122 44,42,43 56,54,55 54,49,51 82,73,67 84,78,69 62,64,80 58,57,62 110,100,104 205,161,123 118,92,69 169,132,88 96,82,66 159,124,86 108,79,55 108,82,68 131,95,64
193,160,123 177,155,117 186,159,127 147,133,108 207,175,118 67,39,37 67,38,34 99,51,45 79,38,36 101,72,52 40,38,36 50,43,46 174,151,109 193,165,127 203,172,135 183,162,119 43,44,47 56,54,55 80,73,71 94,85,77 59,56,60 188,161,127 172,153,126 103,106,82 90,97,90 215,177,140 190,149,104 153,120,83 168,130,95 93,61,31 134,124,82 135,103,71
112,116,58 141,144,80 184,160,123 193,165,127 199,168,129 59,36,33 62,34,32 102,56,38 77,41,35 101,83,80 85,85,82 28,23,25 189,160,127 147,131,87 111,104,45 97,95,46 40,40,40 67,62,59 95,89,84 99,90,82 96,85,78 172,164,114 196,168,128 174,166,130 72,73,76 136,119,111 221,181,127 155,122,83 169,132,92 163,133,91 51,52,29 107,64,15

49,34,25 140,134,127 33,28,27 29,22,22 51,40,35 57,45,35 51,35,29 167,149,130 226,173,118 255,209,143 48,38,28 40,33,17 255,200,0 255,217,5 255,185,0 91,55,45 77,55,49 166,95,71 240,143,90 28,21,21 38,28,29 49,40,36 47,38,34 52,43,39 45,38,36 48,43,42 59,52,50 78,72,67 107,101,96 86,102,100 72,64,81 79,92,107
72,57,48 127,121,114 31,24,24 27,20,20 45,34,27 48,35,30 42,34,42 81,65,52 255,179,138 199,153,135 107,78,54 50,42,29 34,29,15 34,28,19 255,195,0 255,195,0 163,95,52 215,127,89 234,132,85 40,33,36 44,35,31 43,34,30 45,36,32 40,31,27 40,30,29 38,29,25 40,34,39 42,35,33 33,27,22 84,93,95 73,63,83 78,93,100
66,51,40 145,133,133 39,29,28 35,28,28 35,25,24 49,36,29 37,25,39 103,81,75 89,60,40 232,183,147 87,63,37 78,61,35 77,56,29 49,35,19 37,29,18 66,48,47 138,92,66 255,170,126 210,123,80 35,33,31 44,35,31 45,36,32 35,26,22 31,21,22 30,21,17 30,23,21 160,126,106 53,43,42 40,33,31 70,86,84 76,66,86 87,102,116
61,46,37 171,162,154 38,29,25 39,29,28 38,27,24 52,39,32 45,42,48 60,55,57 103,83,65 94,70,48 79,60,35 70,49,24 84,65,40 188,141,80 92,91,106 60,41,43 120,76,64 147,78,49 164,97,72 35,33,34 38,29,25 53,42,37 54,43,38 45,32,27 30,24,19 34,27,25 117,96,81 45,35,34 45,36,28 67,70,92 73,69,91 80,99,120
44,33,30 134,128,121 45,35,36 38,28,27 53,40,37 44,35,29 50,38,28 38,27,22 98,71,55 92,77,66 77,53,27 136,104,62 157,117,65 116,85,48 82,95,72 69,50,57 127,84,65 150,80,51 145,98,77 29,22,20 30,23,23 32,22,21 28,23,25 36,27,23 50,40,39 39,30,26 40,31,27 37,30,28 36,30,25 57,46,43 113,88,69 73,97,117
53,41,31 122,118,108 46,37,33 40,31,27 50,39,34 65,50,39 67,65,61 78,64,48 150,102,73 179,187,196 170,161,142 74,50,24 87,63,30 72,73,94 75,58,59 82,50,47 75,55,46 119,77,66 106,70,64 33,26,26 36,27,23 39,30,26 39,30,26 37,33,27 36,26,25 44,33,30 117,83,20 96,62,58 42,33,29 90,72,67 218,147,103 65,93,127
146,120,99 145,141,133 41,37,31 36,29,27 43,33,23 97,96,89 61,66,62 62,67,66 97,88,82 166,150,135 77,71,78 169,163,154 172,162,140 155,151,132 172,166,159 102,90,80 70,54,50 118,86,81 54,42,44 79,75,67 115,113,95 142,130,104 51,45,38 59,49,39 40,33,33 41,30,27 126,75,49 255,173,118 124,132,148 131,110,97 255,187,138 144,108,100
49,35,21 141,134,132 35,30,27 35,28,28 44,33,28 105,101,93 39,40,43 124,88,66 107,105,113 163,124,83 155,144,127 52,50,46 105,103,85 178,164,137 134,128,119 55,54,59 65,47,44 65,48,54 43,38,40 59,59,54 68,69,59 188,133,102 88,64,27 129,92,77 87,73,57 255,233,190 61,51,41 150,93,62 254,175,134 111,109,117 106,108,108 139,82,63
56,50,43 151,141,145 136,129,127 129,124,110 123,112,105 53,57,59 151,141,131 102,72,46 225,153,103 114,69,34 227,185,91 108,109,99 68,67,60 172,159,138 89,89,97 76,69,83 64,47,53 60,48,53 25,20,19 115,86,64 104,74,59 144,97,74 255,217,166 206,127,63 99,63,41 255,167,113 255,180,121 57,38,26 121,93,84 48,52,65 46,42,51 104,66,47
57,44,41 94,73,58 54,43,38 149,113,82 97,92,80 73,75,75 69,70,62 41,30,27 48,22,28 82,119,139 62,129,168 206,162,93 220,159,75 144,137,119 87,85,83 59,59,54 45,43,53 38,46,32 58,58,53 158,158,115 76,64,54 52,32,23 141,143,97 63,59,70 157,153,136 148,101,69 101,75,50 142,86,37 142,119,108 47,45,55 104,71,60 97,72,53
28,26,27 133,107,93 130,120,69 110,93,67 80,78,74 65,65,65 45,32,29 45,27,24 23,58,79 171,133,116 216,193,182 20,50,72 119,87,53 255,255,246 173,164,149 38,37,42 46,40,45 48,50,50 38,40,35 64,73,56 123,129,90 138,145,101 150,157,113 139,141,47 79,72,11 154,102,40 198,138,84 52,38,24 78,68,56 34,33,38 142,98,68 33,31,32
46,41,43 66,53,50 29,36,29 27,34,29 179,128,73 138,99,60 47,31,27 40,23,24 18,32,42 98,70,61 255,235,148 252,171,108 100,74,51 167,165,143 217,210,210 90,35,22 183,129,111 33,32,35 37,37,37 46,45,48 41,41,38 33,33,28 43,43,38 93,80,32 131,143,55 181,136,90 90,60,32 117,92,73 162,133,100 37,37,45 77,71,64 56,54,52
35,33,29 32,44,35 33,40,35 32,39,34 28,33,27 143,101,63 47,31,27 40,23,24 38,22,20 103,101,81 233,236,254 95,66,46 85,58,40 57,58,50 58,33,14 156,140,138 131,43,25 190,85,55 40,38,36 29,29,29 26,26,26 73,78,58 57,60,50 90,81,62 165,101,57 131,101,100 176,133,100 246,205,160 150,114,81 83,67,50 79,68,65 128,94,72
132,129,64 151,150,85 41,43,40 33,41,31 27,33,24 31,36,42 48,30,27 41,25,21 42,26,20 31,24,27 244,252,255 219,178,149 142,98,70 117,80,54 113,85,74 152,131,104 65,53,53 44,44,44 57,50,48 36,32,26 75,66,62 67,57,35 120,93,77 39,44,38 51,58,42 118,94,86 255,211,161 211,173,127 54,48,43 121,88,63 69,56,53 125,91,69
142,134,71 134,125,65 150,134,90 172,148,111 153,144,136 43,29,29 48,25,24 38,22,18 43,25,22 40,27,24 70,76,79 154,162,169 198,167,128 188,160,120 188,155,116 177,148,113 47,45,46 46,44,45 101,95,88 71,65,58 92,84,71 179,158,115 137,135,102 31,46,34 70,68,64 132,101,82 237,182,137 205,167,119 134,98,78 110,88,68 50,43,46 120,90,62
187,158,123 189,161,123 175,146,111 200,173,139 208,181,149 66,38,36 48,27,23 53,29,21 79,41,35 104,60,48 72,75,82 203,216,217 182,155,119 121,112,65 171,149,104 183,159,122 51,51,51 54,52,53 84,77,75 70,61,57 95,84,77 60,64,79 60,62,76 66,79,63 77,92,64 61,40,38 203,165,128 167,134,95 111,84,52 108,79,55 108,82,68 131,95,64
193,160,123 177,155,117 186,159,127 147,133,108 207,175,118 70,42,40 70,38,33 101,54,45 74,35,32 77,40,27 43,42,45 32,31,36 174,151,109 193,165,127 203,172,135 183,160,118 60,58,56 51,49,50 80,71,67 94,85,81 94,86,75 185,158,122 179,154,126 72,67,66 81,97,78 110,104,109 255,228,166 173,132,87 166,131,93 93,61,31 134,124,82 135,103,71
112,116,58 141,144,80 184,160,123 193,165,127 201,168,129 60,37,34 80,47,40 106,60,44 78,41,38 97,70,65 82,80,81 13,13,13 189,160,127 147,131,87 111,104,45 97,95,46 53,51,52 57,52,51 95,86,78 95,84,77 100,91,85 174,167,126 201,177,142 178,166,138 165,158,129 97,97,97 255,214,161 188,151,98 172,135,95 165,135,93 51,52,29 107,64,15

49,34,25 140,134,127 33,28,27 29,22,22 51,40,35 57,45,35 37,29,16 74,55,20 67,49,19 96,77,40 217,179,158 252,225,180 68,60,79 79,81,95 91,95,97 73,51,54 77,55,49 166,95,71 240,143,90 28,21,21 38,28,29 49,40,36 47,38,34 52,43,39 45,38,38 48,43,42 59,52,50 78,72,67 107,101,96 86,102,100 72,64,81 79,92,107
72,57,48 127,121,114 31,24,24 27,20,20 45,34,27 48,35,30 96,70,45 210,159,90 254,194,108 158,120,85 255,199,135 214,172,130 61,57,77 70,74,89 146,159,174 163,110,98 163,95,52 215,127,89 234,132,85 40,33,36 44,35,31 43,34,30 45,36,32 40,31,27 40,30,31 38,29,25 40,34,39 42,35,33 33,27,22 84,93,95 73,63,83 78,93,100
66,51,40 145,133,133 39,29,28 36,29,29 35,25,24 49,36,29 84,65,38 208,152,78 230,170,100 237,186,110 255,207,136 215,190,144 71,60,85 102,98,111 89,98,109 65,46,48 138,92,66 255,170,126 210,123,80 35,33,31 44,35,31 45,36,32 35,26,22 31,21,22 30,21,17 30,23,21 160,126,106 53,43,42 40,33,31 70,86,84 76,66,86 87,102,116
61,46,37 171,162,154 38,29,25 39,29,28 38,27,24 52,39,32 81,57,31 151,108,61 195,142,76 188,140,86 151,118,81 138,99,58 73,67,88 93,93,105 90,92,106 60,41,43 120,76,64 147,78,49 164,97,72 35,33,34 38,29,25 53,42,37 54,43,38 45,32,27 30,24,19 34,27,25 117,96,81 45,35,34 45,36,28 67,70,92 73,69,91 80,99,120
44,33,30 134,128,121 45,35,36 38,28,27 53,40,37 44,35,29 64,50,34 80,56,30 111,75,42 163,109,73 255,178,107 160,107,82 65,61,83 105,91,108 83,79,88 68,51,57 127,84,65 150,80,51 145,98,77 29,22,20 30,23,23 32,22,21 28,23,25 36,27,23 50,40,39 39,30,26 40,31,27 37,30,28 36,30,25 59,48,45 107,83,61 73,97,117
53,41,31 122,118,108 46,37,33 40,31,27 50,39,34 85,68,44 109,110,113 22,25,32 135,120,98 164,140,114 186,174,148 153,101,80 153,146,149 69,70,89 73,59,59 82,50,47 75,55,46 119,77,66 106,70,64 33,26,26 36,27,23 39,30,26 39,30,26 37,33,27 36,26,25 44,33,30 109,73,22 93,64,60 42,33,29 84,66,61 218,148,101 65,93,127
146,120,99 145,141,133 41,36,33 36,29,27 43,33,23 54,39,28 223,162,78 244,249,255 255,232,12 160,155,127 143,121,103 157,149,127 159,149,127 169,159,137 174,168,161 102,90,80 70,54,50 118,86,81 77,67,66 126,121,107 140,128,102 38,29,25 51,45,38 59,49,39 40,33,33 41,30,27 120,69,41 255,176,118 121,129,145 152,133,121 246,186,145 200,145,114
49,35,21 141,134,132 35,30,27 35,28,28 44,33,28 71,72,77 205,146,71 205,217,221 237,245,254 129,76,53 176,163,140 142,133,114 82,84,67 176,164,136 129,123,114 56,57,62 65,47,44 63,49,54 52,52,49 62,63,55 204,141,108 50,44,37 93,61,27 125,89,81 79,78,51 255,233,191 78,68,56 145,90,61 255,172,127 112,111,116 98,101,108 138,91,59
56,50,43 151,141,145 136,129,127 129,124,110 123,112,105 98,67,44 175,118,47 142,97,62 189,204,220 80,76,85 154,146,124 144,137,117 63,65,62 150,143,125 89,85,94 76,69,83 64,47,53 60,48,53 105,83,65 101,75,61 163,100,76 73,62,43 113,82,59 203,122,59 97,64,39 255,170,121 255,180,121 64,39,22 131,100,90 48,52,65 44,42,52 108,70,51
57,44,41 94,73,58 54,43,38 149,113,82 140,109,70 67,68,60 95,74,51 91,50,21 17,44,83 0,119,212 197,141,76 102,80,35 48,50,50 127,128,107 173,165,152 59,57,53 45,43,53 167,169,123 80,71,56 76,57,43 199,167,125 35,26,20 83,84,65 65,58,70 157,153,136 146,100,70 98,77,54 126,70,34 129,105,97 47,45,55 100,73,55 97,72,55
28,26,27 133,107,93 130,120,69 110,93,67 72,77,76 62,62,59 163,118,83 255,217,127 119,67,37 221,138,89 97,63,41 89,54,18 113,79,34 80,79,68 172,160,134 40,37,41 38,40,40 179,183,129 119,110,93 98,88,76 121,115,92 39,49,41 63,88,30 205,187,98 74,72,12 197,121,65 122,87,51 30,30,27 87,79,66 50,49,52 141,100,71 33,31,32
46,41,43 66,53,50 29,36,29 27,34,29 67,65,63 62,61,54 58,42,36 184,144,90 35,26,22 115,79,48 181,117,73 71,45,35 248,255,255 255,222,138 167,157,133 37,36,27 36,41,35 124,128,99 95,87,74 118,111,93 104,97,81 181,157,102 155,104,65 92,85,28 130,143,48 183,135,88 111,86,58 95,84,65 62,61,64 41,39,47 75,69,62 52,50,48
35,33,29 32,44,35 33,40,35 32,39,34 28,33,27 143,101,63 44,28,26 42,28,30 248,253,255 36,27,21 173,153,123 63,56,36 99,71,71 95,37,27 191,95,68 192,157,121 187,160,126 64,70,57 146,151,106 134,138,98 122,125,94 126,90,57 169,119,86 89,82,62 159,96,47 200,161,129 165,123,85 255,228,178 235,189,148 83,67,50 79,68,65 128,94,72
132,129,64 151,150,85 41,43,40 33,41,31 27,33,24 31,36,42 47,26,24 44,26,25 224,229,237 237,245,250 32,30,31 42,28,30 147,97,64 106,31,15 136,56,42 178,81,59 46,41,43 45,43,44 44,44,39 73,72,63 174,157,106 130,133,98 22,38,17 34,44,38 54,65,50 221,177,151 255,231,174 213,177,128 77,52,22 121,88,63 69,56,53 125,91,69
142,134,71 134,125,65 150,134,90 172,148,111 153,144,136 56,59,66 51,30,28 45,24,22 147,151,155 141,143,140 169,168,132 185,177,143 198,167,128 188,160,120 192,157,119 177,150,105 43,43,43 44,44,44 38,38,38 31,29,30 161,142,107 223,170,127 124,132,93 24,39,27 72,62,61 146,112,78 255,220,176 196,158,108 177,143,109 110,88,68 50,43,46 120,90,62
187,158,123 190,162,124 175,146,111 200,173,139 208,181,149 67,41,29 73,41,36 81,43,37 80,37,33 45,28,29 189,178,143 77,76,67 182,155,119 121,112,65 171,149,104 150,133,98 48,48,48 66,64,60 63,53,52 94,86,75 77,75,73 141,125,108 61,65,78 56,70,49 84,106,69 173,128,107 145,112,75 163,129,88 157,124,87 108,79,55 108,82,68 131,95,64
193,160,123 177,155,117 186,159,127 147,133,108 207,175,118 103,73,58 70,38,35 89,49,40 80,41,38 43,25,24 73,66,50 36,34,42 174,151,109 193,165,127 203,172,135 86,72,54 45,45,45 77,68,64 100,91,85 68,59,55 111,100,83 185,158,122 186,158,129 96,105,88 76,100,76 104,97,100 255,226,164 178,136,94 167,132,94 93,61,31 134,124,82 135,103,71
112,116,58 141,144,80 184,160,123 193,165,127 201,168,129 66,40,28 77,45,40 93,53,44 81,43,35 42,27,35 30,27,33 18,17,20 189,160,127 147,131,87 111,104,47 46,46,16 51,51,51 92,86,79 100,91,83 99,86,83 115,106,91 172,167,128 183,164,137 183,176,137 180,162,143 104,103,108 255,235,173 189,152,99 170,132,95 163,133,91 51,52,29 107,64,15

49,34,25 140,134,127 33,28,27 29,22,22 51,40,35 100,79,56 108,76,30 242,196,128 160,133,88 252,191,130 209,181,152 250,225,179 68,60,79 79,81,97 90,94,96 73,51,54 77,54,51 166,95,71 240,143,90 28,21,21 38,28,29 49,40,36 47,38,34 52,43,39 45,38,38 48,43,42 59,52,50 78,72,67 107,101,96 86,102,100 72,64,81 79,92,107
72,57,48 127,121,114 31,24,24 27,20,20 45,34,27 104,80,56 209,154,84 240,189,113 155,126,93 102,80,62 249,157,93 220,142,98 61,58,75 70,73,91 146,159,174 163,110,98 163,95,52 215,127,89 234,132,85 40,33,36 44,35,31 43,34,30 45,36,32 40,31,27 40,30,31 38,29,25 40,34,39 42,35,33 33,27,22 84,93,95 73,63,83 78,93,100
66,51,40 145,133,133 39,29,28 36,29,29 33,26,24 95,71,45 185,136,67 225,166,91 218,155,86 152,116,83 255,176,120 236,158,107 73,62,87 95,91,100 89,98,109 65,46,53 138,92,66 255,169,126 210,123,82 35,33,31 44,35,31 45,36,32 35,26,22 31,21,22 30,21,17 30,23,21 160,126,106 53,43,42 40,33,31 70,86,84 76,66,86 87,103,114
61,46,37 171,162,154 38,29,25 39,29,28 38,27,24 52,37,26 110,77,40 164,122,70 109,73,26 211,165,128 173,135,100 172,125,93 74,68,89 93,93,105 90,92,106 59,42,43 120,76,64 147,78,49 164,97,72 35,33,34 38,29,25 53,42,37 54,43,38 43,32,27 30,24,19 34,27,25 117,96,81 45,35,34 45,36,28 67,70,92 73,69,91 80,99,120
44,33,30 134,128,121 45,35,36 38,28,27 53,40,37 47,40,38 35,35,43 77,53,29 89,69,49 165,113,81 255,180,109 170,107,85 65,61,83 105,91,108 83,79,88 68,50,59 127,84,65 150,80,51 145,98,77 29,22,20 30,23,23 32,22,21 28,23,25 37,26,23 50,40,39 39,30,26 40,31,27 37,30,28 36,30,25 57,46,43 103,77,56 73,97,117
53,41,31 122,118,108 46,37,33 40,31,27 50,39,34 88,80,69 71,74,83 80,77,81 131,128,113 164,143,120 180,170,146 178,136,114 187,180,162 71,72,91 75,59,57 82,50,47 75,55,46 119,77,66 106,70,62 35,28,28 36,27,23 39,30,26 39,30,26 37,33,27 36,26,25 44,32,32 104,71,19 97,66,58 42,33,29 79,63,57 218,148,101 64,92,126
146,120,99 145,141,133 41,36,33 36,29,27 43,33,23 125,96,63 139,144,152 47,64,109 148,135,114 152,144,120 183,168,148 166,156,132 146,140,117 180,166,139 169,163,156 102,90,80 70,54,48 82,76,67 87,86,75 211,178,153 54,46,35 36,26,25 51,45,38 59,49,39 40,33,33 41,30,27 125,77,50 255,175,115 118,126,142 143,128,119 237,181,145 196,139,110
49,35,21 141,134,132 35,30,27 35,28,28 44,33,28 181,131,71 173,129,101 243,249,252 255,202,104 124,72,53 128,103,84 141,130,111 94,96,81 158,150,128 126,120,111 55,54,59 65,47,44 50,52,49 88,72,59 176,126,95 96,76,67 49,42,40 93,62,25 123,87,79 74,73,46 255,226,184 77,65,53 141,90,62 255,175,128 115,114,119 96,99,108 136,85,57
56,50,43 151,141,145 136,129,127 129,124,110 123,113,101 186,142,89 133,94,64 164,181,203 0,89,157 79,76,91 134,124,100 165,153,125 36,38,38 122,119,104 140,134,127 76,69,83 66,47,51 66,53,61 113,83,68 94,57,44 120,100,80 78,59,45 115,81,61 205,120,63 94,60,40 255,170,122 255,181,122 64,37,19 148,113,98 49,54,64 45,41,52 107,69,50
57,44,41 94,73,58 54,43,38 149,113,82 111,97,79 197,139,75 47,42,41 52,62,82 194,158,129 255,197,144 51,71,97 221,167,81 41,43,38 104,103,94 164,156,132 95,94,83 83,81,59 65,59,50 103,81,63 109,100,85 113,104,75 33,27,20 75,84,65 67,63,74 151,147,130 146,100,70 102,78,56 133,65,20 129,105,97 47,45,55 99,73,59 95,70,53
28,26,27 133,107,93 130,120,69 110,93,67 68,73,72 213,161,101 172,116,69 50,29,25 165,102,53 215,141,89 55,44,29 255,207,126 255,244,145 63,65,60 155,142,119 157,162,117 111,109,89 120,113,97 94,86,73 135,128,108 148,146,97 40,45,41 63,89,28 193,175,86 79,77,15 209,132,74 32,27,26 65,45,36 89,84,70 52,50,48 135,91,61 33,31,32
46,41,43 66,53,50 29,36,29 27,34,29 69,69,66 184,179,197 126,97,64 37,20,21 34,20,22 78,59,43 85,60,41 251,255,255 216,176,124 180,166,137 173,164,137 169,171,118 38,36,34 71,67,61 83,78,66 97,90,74 80,85,63 40,43,23 35,38,30 93,86,29 130,144,42 131,109,91 79,69,57 175,126,86 53,58,66 41,39,47 75,69,62 38,36,34
35,33,29 32,44,35 33,40,35 32,39,34 30,35,31 194,199,205 134,108,96 44,26,23 43,25,22 34,17,18 38,38,38 125,41,24 126,44,19 175,79,50 71,73,56 177,180,116 41,41,41 39,39,36 62,61,54 81,72,68 50,57,50 173,177,123 41,50,52 95,86,67 160,106,72 176,135,104 236,190,149 173,131,93 108,92,86 86,70,53 81,70,67 128,94,72
132,129,64 151,150,85 41,43,40 33,41,31 34,39,35 188,191,198 164,159,161 46,28,23 40,27,20 75,46,40 33,33,30 152,137,117 106,38,18 122,43,20 184,88,61 153,160,116 48,48,45 58,51,49 64,58,49 95,86,78 169,173,119 66,52,23 21,37,18 32,42,36 242,200,160 255,253,202 204,166,120 199,157,103 107,90,64 121,88,63 69,56,53 125,91,69
142,134,71 134,125,65 150,134,90 172,148,111 153,144,136 57,62,70 56,28,26 69,35,33 48,30,27 109,55,46 43,27,23 195,180,142 196,168,128 188,160,120 197,135,95 136,92,64 75,68,68 77,68,60 246,205,158 255,203,141 163,144,107 184,156,118 124,131,95 24,41,31 127,92,67 255,212,163 214,176,126 155,121,89 115,91,67 110,88,68 50,43,46 120,90,62
187,158,123 190,162,124 175,146,111 200,173,139 208,181,149 194,169,141 76,42,38 75,43,38 42,26,22 86,49,36 91,92,80 193,185,161 180,151,118 121,112,65 173,148,104 89,76,71 71,66,63 80,74,65 232,201,164 142,113,80 58,61,70 59,66,78 64,66,80 71,73,73 143,113,98 234,191,156 190,154,105 149,119,91 160,126,92 104,75,51 108,82,68 131,95,64
193,160,123 177,155,117 186,159,127 147,133,108 207,175,118 195,164,127 78,44,40 74,43,35 51,30,28 47,31,27 59,57,55 40,39,44 174,151,109 193,165,127 203,171,137 46,45,48 70,63,61 87,78,72 202,165,125 218,177,132 187,162,132 185,158,122 175,146,113 94,102,81 127,137,115 131,121,122 233,187,130 168,130,93 167,134,95 92,60,30 134,124,82 135,103,71
112,116,58 141,144,80 184,160,123 193,165,127 201,168,129 216,187,156 81,48,41 79,43,35 54,33,29 44,28,24 83,83,83 22,20,28 188,159,126 147,131,87 111,104,47 47,45,46 81,72,68 96,87,79 160,128,96 182,153,120 101,100,105 213,182,145 198,166,124 175,164,131 66,68,68 113,107,114 255,225,163 173,136,92 167,130,90 162,132,90 51,52,29 107,64,15

49,34,25 93,87,82 34,27,27 36,28,17 37,32,18 33,26,10 47,28,12 143,129,100 255,195,142 218,197,156 247,222,178 28,26,24 68,60,79 79,81,97 90,94,96 73,51,54 77,54,51 166,95,71 240,143,90 28,21,21 38,28,29 49,40,36 47,38,34 52,43,39 45,38,38 48,43,42 59,52,50 78,72,67 107,101,96 86,102,100 72,64,81 79,92,107
72,57,48 127,121,114 31,24,24 79,67,39 83,64,11 101,78,38 102,70,24 105,71,41 92,60,46 234,154,95 201,179,143 170,121,112 61,58,75 70,74,89 146,159,174 163,110,98 163,95,52 215,127,89 234,132,85 40,33,36 44,35,31 43,34,30 45,36,32 40,31,27 40,30,31 38,29,25 40,34,39 42,35,33 33,27,22 84,93,95 73,63,83 78,93,100
66,51,40 145,133,133 39,29,28 170,122,64 238,180,100 150,113,58 194,132,56 230,171,94 154,90,46 255,214,145 121,61,22 171,122,113 72,63,87 95,91,102 89,98,109 65,46,53 138,92,66 255,169,126 210,123,82 35,33,31 44,35,31 45,36,32 35,26,22 31,21,20 30,21,17 30,23,21 160,126,106 53,43,42 40,33,31 70,86,84 76,66,86 87,102,116
61,46,37 171,162,154 38,29,25 89,69,37 205,149,75 238,179,102 240,175,95 116,84,40 244,193,124 218,175,126 177,152,124 178,129,107 73,69,89 93,93,105 90,93,100 59,42,43 120,76,64 147,78,49 164,97,72 35,33,34 38,29,25 53,42,37 54,43,38 43,32,27 30,24,19 34,27,25 117,96,81 45,35,34 45,36,28 67,70,92 73,69,91 80,99,120
44,33,30 134,128,121 45,35,36 66,58,47 136,102,57 193,146,85 210,155,83 108,74,42 83,53,36 237,159,90 61,47,60 170,107,87 65,61,83 104,90,107 83,79,88 68,50,59 127,84,65 150,80,51 145,98,77 29,22,20 30,23,23 32,22,21 28,23,25 36,27,23 50,40,39 39,30,26 40,31,27 37,30,28 36,30,25 57,46,43 102,76,55 73,97,117
53,41,31 122,118,108 46,37,33 40,30,29 62,47,25 91,61,33 135,101,60 74,65,59 178,123,82 255,194,123 190,176,149 134,109,110 79,74,92 68,70,84 75,59,57 82,50,47 75,55,46 120,78,65 135,113,93 35,28,28 36,27,23 39,30,26 39,30,26 37,33,27 36,26,25 44,32,32 102,78,27 102,56,40 42,33,29 73,57,51 213,150,101 64,92,126
146,120,99 145,141,133 41,36,33 36,29,27 78,83,91 21,24,35 111,88,73 139,137,119 157,155,135 189,177,149 164,159,131 176,166,142 162,148,123 124,119,121 169,163,156 102,90,80 58,51,49 65,66,58 211,143,105 106,84,66 54,47,31 36,26,25 51,45,38 59,49,39 40,33,33 41,30,27 121,72,50 255,172,116 120,128,144 143,128,119 225,174,137 186,127,99
49,35,21 141,134,132 35,30,27 35,28,28 221,191,149 235,243,248 255,236,201 121,74,63 134,82,63 113,69,57 187,172,150 141,137,118 160,151,124 86,85,76 126,120,111 55,54,59 63,49,51 58,53,52 255,209,158 56,40,23 96,81,70 49,42,40 93,62,25 134,99,84 70,67,43 255,226,177 84,72,60 143,92,64 255,172,123 115,114,119 98,98,108 136,88,61
56,50,43 151,141,145 136,129,127 129,124,110 231,170,91 165,173,182 46,58,109 219,175,77 113,65,51 112,90,72 156,146,122 72,73,63 134,130,113 175,167,143 89,86,92 73,70,85 67,53,55 105,78,62 219,150,114 43,31,36 124,104,84 78,59,47 115,81,61 215,126,70 94,60,40 255,171,123 255,182,120 63,36,18 179,134,113 49,54,64 45,41,52 106,68,49
57,44,41 94,73,58 54,43,38 143,102,71 205,143,69 132,91,60 243,248,255 0,117,208 105,67,59 118,97,72 166,159,132 71,65,56 91,92,82 169,157,131 81,79,75 123,129,88 92,91,80 68,62,55 92,87,75 131,124,106 75,68,37 33,27,20 75,84,65 67,63,74 151,147,130 146,100,70 103,74,54 124,61,10 121,97,89 47,45,55 99,74,57 95,70,53
28,26,27 133,107,93 130,120,69 111,91,59 225,162,86 41,36,33 43,63,89 68,137,198 72,94,110 103,79,46 175,157,125 56,51,39 74,74,69 161,152,125 54,53,46 104,106,62 100,95,83 107,97,85 124,117,99 94,90,69 170,169,115 39,46,39 63,89,28 193,175,86 86,84,22 140,73,23 38,36,32 72,45,38 89,84,70 53,51,49 143,96,64 33,31,32
46,41,43 66,53,50 30,35,29 72,74,74 252,190,111 135,99,66 26,41,59 72,82,100 255,211,127 58,52,45 230,194,136 255,226,139 84,69,60 131,129,107 148,147,109 41,41,36 36,36,33 47,46,39 57,51,44 36,32,26 133,137,97 31,30,33 33,38,32 93,85,35 132,147,53 83,67,61 116,87,65 131,99,55 53,58,66 41,39,47 76,70,61 32,30,28
35,33,29 32,44,35 33,40,35 59,59,54 252,186,104 138,97,66 42,24,23 86,65,42 114,64,31 77,57,37 248,254,255 239,190,111 173,159,134 161,153,129 175,168,125 185,161,124 38,36,37 58,54,48 99,94,80 66,59,57 97,102,70 54,54,49 44,53,55 110,100,78 146,111,86 188,150,113 248,202,145 182,138,100 73,66,64 86,70,53 81,70,67 128,94,72
132,129,64 151,150,85 41,43,40 33,41,31 190,195,203 43,37,42 46,28,25 45,27,22 48,27,27 35,37,37 113,38,22 111,45,29 187,72,34 97,89,65 162,154,120 75,56,40 51,49,45 66,60,55 85,73,63 141,139,106 158,154,106 72,57,35 21,37,18 216,179,155 168,132,74 190,148,110 219,179,125 250,191,145 107,93,68 121,88,63 69,56,53 125,91,69
142,134,71 134,125,65 150,134,90 171,149,113 165,173,178 218,233,236 49,31,28 41,20,20 44,26,21 27,22,19 118,70,54 112,36,12 192,165,129 209,143,109 190,160,118 43,38,40 60,55,54 74,64,65 131,73,36 108,72,43 162,140,102 184,156,118 124,131,95 107,85,67 255,203,156 141,100,73 197,156,107 133,110,81 110,93,67 110,88,68 50,43,46 120,90,62
187,158,123 190,162,124 175,146,111 200,173,139 121,112,95 52,42,43 70,38,33 44,26,23 96,46,33 78,39,27 205,193,156 179,157,121 104,33,16 186,119,92 173,147,106 46,46,46 78,72,67 54,48,41 69,63,54 101,91,81 62,62,72 59,66,78 62,65,74 66,56,46 192,146,116 85,60,32 176,135,88 146,118,89 148,116,86 109,80,56 108,82,68 131,95,64
193,160,123 177,155,117 186,159,127 147,133,108 209,174,118 78,42,36 75,41,37 46,25,23 97,50,41 179,159,139 189,180,151 171,152,125 174,151,109 193,165,127 205,172,133 51,49,50 64,58,53 91,82,76 80,71,67 248,214,169 81,60,47 185,158,124 184,159,131 94,99,79 72,96,74 150,131,119 205,163,111 166,128,91 170,132,95 80,54,29 134,124,82 135,103,71
112,116,58 141,144,80 184,160,123 193,165,127 203,168,132 87,49,39 76,43,36 49,31,30 45,27,24 34,34,34 23,22,27 184,163,138 190,161,128 147,131,87 111,104,47 51,51,51 80,71,65 97,88,82 85,72,67 118,108,86 194,154,118 172,146,121 190,160,132 175,164,131 67,68,71 116,105,114 249,201,143 166,129,85 167,130,88 157,127,85 51,52,29 107,64,15

19,34,68 85,73,89 74,46,44 73,55,54 79,60,64 78,96,113 185,99,65 62,45,48 84,60,69 142,225,255 99,66,59 65,41,35 72,48,40 97,65,60 73,52,52 133,121,121 83,93,109 92,75,78 73,86,103 86,63,62 94,131,180 143,225,255 111,87,91 143,176,220 110,68,57 111,111,108 94,63,51 62,42,35 69,53,49 185,130,119 86,93,118 243,150,102
23,35,68 75,67,84 96,63,52 69,53,49 79,62,65 74,83,94 179,97,68 67,48,50 78,59,63 89,114,136 76,44,41 68,44,36 101,60,44 71,47,41 73,55,52 139,117,120 91,101,117 164,106,92 78,91,110 156,92,66 115,179,242 128,203,255 83,70,80 90,86,106 219,140,92 103,121,138 87,58,52 58,40,37 73,52,52 204,130,107 78,88,108 138,99,96
22,35,50 85,76,98 211,133,89 72,56,54 84,67,70 118,121,139 157,99,73 71,52,54 79,57,65 85,105,131 66,46,37 95,65,50 119,67,46 116,73,56 78,57,57 142,121,121 85,95,113 135,96,95 100,124,128 76,61,69 106,127,134 94,116,130 92,74,83 92,80,94 189,117,78 221,217,196 75,52,41 65,47,44 82,61,61 153,112,112 78,88,108 196,123,91
26,31,37 37,38,41 50,55,54 45,43,41 79,76,82 98,91,101 80,52,50 76,58,55 76,57,61 98,110,134 66,44,36 209,118,81 166,91,60 206,134,99 85,64,62 89,92,112 103,111,127 131,99,94 89,121,149 112,79,79 101,126,148 94,114,140 114,86,88 79,70,92 213,194,155 165,150,130 146,139,137 76,53,50 65,47,46 232,159,131 84,90,111 99,77,85
34,26,32 80,80,92 180,169,150 65,54,61 195,186,182 51,41,42 88,65,50 59,51,57 111,102,98 149,128,126 80,71,67 241,147,104 169,79,39 238,147,103 67,49,48 97,93,106 119,119,127 92,82,100 89,104,122 133,86,77 136,208,255 98,118,134 126,83,95 88,75,96 207,161,120 122,102,82 83,79,73 68,48,41 72,54,53 244,155,126 98,94,116 87,73,88
33,30,34 83,79,101 77,59,56 69,53,51 194,188,183 197,200,220 189,120,91 90,78,80 63,56,56 125,122,126 59,47,49 216,129,84 184,93,51 251,146,93 205,199,204 142,113,120 108,117,128 93,82,105 80,98,111 145,100,77 90,127,165 84,59,11 38,29,10 49,37,11 188,148,114 231,160,107 152,123,101 70,46,38 73,57,55 116,99,119 93,90,117 79,69,87
31,28,32 87,83,107 84,63,52 70,54,52 108,102,97 87,77,76 148,92,70 98,77,66 62,45,46 108,109,112 67,53,55 231,136,89 156,77,38 115,109,104 101,90,85 39,34,33 112,116,131 101,88,109 78,98,124 75,61,76 142,225,255 97,132,162 255,253,237 170,134,87 102,88,59 176,167,140 123,123,118 93,102,104 81,53,53 127,108,122 95,92,121 134,97,96
32,25,35 73,82,105 137,84,59 88,58,57 134,132,128 62,58,50 137,90,69 126,89,65 63,49,51 119,122,129 58,46,48 160,98,69 178,109,71 71,66,68 61,46,37 56,47,43 137,125,137 92,86,107 83,100,122 199,124,97 111,143,169 110,126,137 238,162,68 72,48,22 187,172,132 99,100,81 80,86,87 73,78,84 137,101,93 145,116,123 94,99,125 86,73,94
40,35,37 91,97,88 166,161,160 115,114,119 129,129,129 133,142,165 64,73,86 93,76,66 70,51,53 171,133,114 152,103,67 85,70,59 233,231,232 83,84,89 188,197,210 85,100,116 119,111,128 82,86,117 73,100,128 234,153,119 132,181,242 112,149,187 60,57,61 71,69,91 162,150,111 90,89,80 77,79,76 69,74,80 123,81,70 106,95,120 97,98,130 90,75,95
35,28,40 138,145,88 112,110,111 58,56,57 154,152,150 92,96,109 58,61,70 87,78,72 71,54,57 143,134,130 115,78,54 91,66,47 35,33,34 77,75,73 159,162,173 140,146,163 132,123,115 76,96,97 42,62,67 42,58,67 72,93,114 45,72,100 237,229,218 51,59,75 176,164,125 84,86,83 72,73,76 68,73,79 179,116,96 198,142,136 120,145,100 83,74,89
27,23,36 114,111,85 51,53,53 105,113,74 75,73,71 50,49,52 35,36,41 63,56,54 73,54,56 104,103,92 186,156,130 76,55,44 91,90,83 126,121,118 98,97,100 78,85,97 73,73,68 67,79,72 71,94,75 99,104,82 74,87,73 255,233,154 110,123,138 36,44,74 176,163,129 56,58,58 81,85,87 83,88,94 72,50,44 147,136,131 170,160,118 65,89,91
37,31,36 86,89,65 48,44,38 59,58,51 200,200,208 69,74,84 50,49,54 74,65,48 197,200,207 69,76,90 166,171,195 116,126,146 82,86,101 105,115,135 124,115,107 72,69,73 63,61,59 101,107,68 71,84,61 114,128,78 114,88,63 255,221,171 141,119,70 174,162,150 54,52,48 47,36,33 98,99,102 69,56,49 103,71,66 49,57,43 67,78,67 74,91,86
45,35,39 38,37,42 38,35,39 139,134,131 132,131,136 96,102,119 66,70,85 34,29,28 120,123,141 92,85,88 125,124,127 88,95,109 84,77,75 108,115,129 126,125,142 100,108,126 43,36,39 56,40,27 136,140,84 56,32,6 63,83,65 145,62,42 59,71,77 53,55,50 75,83,71 193,186,166 157,145,115 96,99,91 77,84,82 71,80,61 88,95,61 41,48,43
47,37,36 51,40,37 79,42,27 60,35,18 61,38,25 70,39,27 64,37,19 152,139,134 63,39,15 61,34,16 90,84,79 80,73,73 33,30,34 75,70,69 102,101,104 145,148,168 58,58,68 228,169,121 173,108,53 85,53,37 81,80,53 91,131,161 83,86,76 148,131,96 57,60,40 44,42,40 62,62,59 58,57,62 48,50,47 56,57,36 53,53,37 39,44,38
115,106,59 55,44,37 105,56,34 54,31,18 44,24,15 55,34,23 60,34,20 128,122,74 109,68,41 99,60,30 72,65,65 146,126,106 166,127,88 149,116,79 151,115,68 185,142,95 226,185,140 227,184,137 126,82,29 142,106,86 145,100,65 140,95,47 130,94,65 119,86,59 95,79,64 66,65,56 55,53,54 28,25,29 86,84,64 67,67,53 48,50,47 48,53,49
136,92,52 155,106,68 143,117,96 106,90,86 109,98,105 65,49,36 66,50,33 62,46,29 63,46,36 58,44,30 60,48,38 63,46,36 46,33,26 58,43,32 52,40,30 44,28,26 45,34,29 43,30,23 41,28,25 36,26,25 35,25,24 35,25,24 23,17,12 118,111,93 96,88,66 61,57,51 45,43,51 37,31,36 113,102,58 130,122,70 127,124,59 119,116,61
44,33,30 40,28,28 52,40,30 35,29,36 36,29,29 29,19,20 29,19,20 49,44,43 122,116,111 105,103,99 31,29,37 24,24,32 32,31,36 47,42,41 36,36,44 51,44,42 50,43,43 31,21,22 69,70,75 71,76,84 92,88,80 40,29,24 48,34,36 178,147,110 117,99,80 61,59,57 45,41,50 175,157,113 153,137,95 141,131,78 139,133,69 142,133,73
46,54,44 30,23,26 30,23,26 43,37,28 33,24,20 64,48,42 61,45,41 50,38,26 121,115,108 47,39,26 37,33,42 38,37,40 48,44,38 38,35,39 47,39,45 53,49,43 197,160,118 30,18,20 156,133,93 184,149,111 177,144,105 43,32,29 41,30,27 200,169,132 142,121,94 41,38,42 56,37,12 183,157,118 166,151,104 171,146,102 185,154,115 186,155,118

240,114,22 19,34,52 80,70,90 72,47,46 72,51,51 87,63,67 95,52,33 249,158,116 57,40,43 74,50,59 128,128,156 75,46,40 72,50,44 68,44,36 97,66,54 69,51,50 93,108,115 118,105,115 82,78,91 81,92,103 79,61,70 97,139,185 137,231,255 91,72,79 145,225,255 122,84,74 109,117,105 77,49,40 62,45,37 74,56,55 242,150,122 99,107,127
255,147,25 20,38,76 76,70,91 91,58,51 69,52,53 80,63,69 118,61,32 207,115,85 70,51,53 66,49,52 83,74,85 71,44,39 73,51,43 119,76,59 83,59,53 58,41,42 85,93,113 135,121,126 83,74,89 83,97,120 132,93,90 148,221,255 117,161,197 93,73,83 84,113,142 223,136,93 146,184,224 72,45,38 74,53,51 76,58,57 152,104,102 76,89,108
77,67,85 28,41,67 82,76,97 183,106,69 78,61,62 86,69,75 133,80,53 197,129,93 83,64,66 65,48,51 75,67,75 60,38,32 91,58,47 121,72,52 110,77,70 67,46,46 91,105,126 133,114,116 80,75,93 97,119,135 75,61,74 100,121,128 92,114,130 116,88,90 103,116,133 201,132,96 120,126,129 76,54,46 79,56,55 83,62,60 129,98,104 76,87,114
90,81,94 47,50,59 36,36,46 59,48,45 85,75,79 81,68,76 137,74,52 77,53,47 83,65,62 85,66,70 85,71,73 68,44,36 202,121,85 169,92,59 167,107,82 75,53,56 78,95,115 148,124,128 85,82,99 93,138,178 80,64,79 83,108,132 99,118,137 127,101,110 230,212,180 147,142,128 139,186,243 77,53,47 73,50,47 71,53,52 253,161,133 81,90,113
76,72,83 86,79,82 79,78,95 155,139,126 57,44,52 107,98,94 97,52,29 75,55,48 69,57,62 59,49,48 137,100,85 45,35,34 216,122,79 220,128,77 208,125,87 71,50,48 75,94,115 161,129,126 84,85,108 98,118,132 94,73,73 116,173,229 99,112,127 155,130,111 149,125,99 101,100,93 114,132,158 70,48,40 64,43,39 78,60,59 180,128,123 88,91,113
82,74,93 51,48,52 81,79,103 78,57,53 74,56,53 199,192,190 192,195,215 144,84,59 68,56,58 52,45,48 66,53,63 65,49,47 246,148,104 255,160,110 231,135,97 212,206,213 89,102,128 145,122,121 82,83,106 94,113,134 103,78,77 84,125,166 90,85,87 152,124,111 225,160,119 120,99,86 132,165,209 96,63,52 71,46,43 78,60,59 119,98,113 96,97,120
69,66,83 55,50,49 83,85,110 83,61,53 74,60,60 104,94,93 78,71,69 129,77,58 71,61,65 68,52,48 67,61,68 76,58,53 211,121,72 188,107,71 100,93,91 64,53,48 81,88,102 150,126,132 82,84,109 86,113,141 85,73,87 73,57,24 55,38,14 87,78,93 193,181,151 137,138,128 92,95,104 165,101,75 116,74,61 81,56,53 126,107,123 97,97,125
76,72,81 67,62,64 76,85,110 150,96,76 78,57,57 115,113,111 69,52,55 113,68,47 70,53,56 66,47,51 146,87,68 69,50,54 181,107,71 174,105,72 78,78,86 74,62,52 88,103,121 162,128,124 89,89,115 105,131,148 160,116,117 238,177,93 128,98,56 121,111,115 132,125,109 70,77,75 72,80,85 194,148,122 175,104,78 112,76,68 162,114,126 91,96,122
79,75,88 72,67,64 92,100,90 197,192,191 106,109,116 229,228,231 136,145,168 69,76,90 67,57,56 75,51,55 178,109,71 143,98,65 177,171,166 244,241,245 165,166,171 164,172,188 111,118,132 92,80,85 78,86,114 88,123,157 163,105,93 183,136,73 70,46,20 94,82,96 104,103,94 73,75,75 71,76,82 146,98,80 213,141,104 105,62,54 108,97,124 97,98,128
175,119,72 64,59,61 194,138,89 112,110,111 47,41,46 172,170,168 91,95,110 54,57,68 67,55,60 75,58,61 66,62,71 255,176,113 123,110,107 32,30,31 80,78,76 154,157,168 105,111,128 97,92,78 70,102,103 59,81,81 49,59,67 255,206,123 80,79,94 189,133,125 86,88,85 69,70,73 68,73,79 85,58,51 142,85,66 149,95,77 172,130,137 144,167,121
190,135,90 44,40,49 149,138,131 120,123,115 137,141,112 75,73,69 50,49,54 36,37,42 74,59,67 74,60,60 100,110,86 87,51,33 68,66,64 56,50,55 133,129,123 94,93,96 57,64,76 84,82,80 73,92,72 70,85,71 108,108,92 86,98,80 255,255,243 129,128,133 65,65,65 76,80,82 85,90,96 62,42,35 75,53,45 81,57,49 160,150,126 165,160,117
46,33,30 44,42,43 83,79,62 43,37,32 95,89,84 193,191,201 54,59,69 41,38,42 100,92,70 197,199,213 63,67,82 166,179,198 138,143,167 130,130,138 100,103,114 109,96,89 39,39,47 43,36,36 107,108,71 68,82,61 94,119,90 77,57,37 9,82,135 59,53,48 45,34,27 57,44,52 74,53,53 80,52,43 77,48,42 105,78,71 60,61,42 78,89,78
51,41,45 44,34,38 37,36,41 39,36,42 147,143,137 136,135,140 96,98,114 63,67,80 40,35,34 109,112,130 51,49,50 117,115,123 82,88,105 98,92,87 101,111,129 130,129,146 95,103,121 43,36,36 65,38,20 140,150,83 68,40,27 168,170,167 73,64,49 65,76,75 77,73,65 147,141,107 99,101,98 78,85,83 53,41,43 66,65,54 60,68,58 55,61,32
52,42,43 49,39,40 54,38,32 100,58,34 56,30,16 63,41,23 66,38,27 65,39,18 154,141,134 71,45,24 46,33,26 83,76,74 76,74,75 41,36,38 106,104,102 204,203,206 99,102,120 52,51,56 211,156,102 181,118,65 146,97,59 78,76,54 67,90,126 102,92,80 44,40,34 39,37,35 55,51,62 52,50,58 51,45,38 55,58,50 53,54,33 46,46,32
120,112,47 134,124,82 105,96,51 105,52,25 56,35,24 39,22,12 60,37,26 73,45,34 46,37,22 110,71,41 84,59,40 75,69,74 152,130,96 147,108,69 142,103,64 146,110,63 169,137,103 225,188,146 198,157,112 165,121,68 140,106,84 152,103,67 131,87,59 74,47,31 66,65,56 45,42,48 28,25,31 39,34,33 83,80,67 89,87,67 68,68,54 49,51,48
132,91,62 144,98,57 126,80,54 136,114,94 119,105,105 94,83,90 63,47,34 64,48,33 63,47,34 58,41,31 56,39,31 56,44,32 63,48,37 50,37,30 58,43,32 53,41,31 51,35,20 43,32,25 43,30,25 41,30,27 37,27,28 35,25,24 37,27,26 27,24,30 46,44,42 27,25,26 31,28,32 127,118,73 119,108,62 112,100,59 121,113,63 126,122,62
46,47,28 37,27,26 41,28,23 47,37,27 36,30,35 33,26,29 29,19,20 29,19,20 46,48,48 128,122,117 129,122,120 31,29,37 25,22,28 32,30,38 47,45,43 73,71,79 46,41,40 62,57,56 30,18,18 70,71,76 73,78,86 105,99,92 31,21,20 34,31,35 33,31,32 32,20,22 34,33,38 180,157,115 167,149,105 144,128,86 134,125,67 135,129,63
52,52,36 50,57,39 29,24,26 30,23,26 35,28,26 35,26,22 63,47,41 56,40,36 60,39,24 128,122,113 85,79,70 37,34,40 37,38,43 42,40,38 37,36,39 123,110,103 51,47,41 195,161,118 29,19,18 193,163,121 180,147,108 173,140,101 36,27,23 43,38,40 71,45,22 129,112,84 42,43,48 185,158,122 181,155,116 177,154,112 179,152,109 188,157,118

93,65,65 73,61,75 119,93,79 90,100,106 74,51,50 71,53,52 72,53,57 108,138,160 197,120,83 72,51,51 78,55,66 147,228,255 169,110,91 62,40,34 68,45,42 89,59,58 90,62,62 133,116,119 78,93,107 100,80,90 75,85,103 108,68,59 78,115,137 139,206,255 102,73,80 79,71,90 129,80,60 78,61,62 161,91,65 72,48,42 69,46,45 97,114,120
101,73,71 83,68,76 98,87,82 91,104,123 121,82,68 75,52,53 66,47,54 84,104,118 174,105,72 75,51,55 66,47,51 93,121,146 158,97,81 67,43,35 83,51,46 69,45,39 85,57,55 134,115,122 77,100,123 209,138,117 76,88,112 170,96,62 87,131,176 143,220,255 87,69,80 85,64,83 244,152,99 119,86,88 193,118,89 59,38,38 74,51,52 82,97,113
81,56,55 125,92,85 80,83,101 95,105,125 231,131,81 69,48,46 69,55,60 132,175,216 159,95,67 76,57,61 85,66,73 94,122,145 103,71,66 84,53,43 100,60,55 104,64,55 73,55,52 159,137,140 80,93,119 182,119,99 102,117,122 79,62,68 105,125,139 92,114,128 88,72,85 114,86,88 255,172,129 108,77,69 67,43,35 56,40,36 80,57,56 102,117,131
76,54,57 81,66,86 83,77,84 49,44,41 139,91,66 96,84,86 74,60,65 89,102,119 101,62,50 62,46,44 81,59,64 91,114,137 73,55,54 183,111,76 114,70,60 146,98,80 91,68,69 92,84,103 95,108,127 187,128,111 74,96,126 135,82,59 216,212,204 201,185,152 94,70,76 81,67,91 126,83,75 76,61,69 76,52,46 83,59,53 73,50,47 104,124,148
67,46,46 79,71,88 89,82,94 89,82,80 197,128,90 67,54,62 61,47,49 54,50,59 124,103,92 61,53,61 128,112,110 88,100,108 69,65,59 168,99,63 94,46,32 176,116,95 71,52,56 93,79,92 107,122,129 101,86,108 78,87,112 157,90,65 199,169,141 131,127,119 117,116,109 79,69,87 78,62,58 73,59,72 72,50,44 68,46,40 72,54,49 98,103,113
92,66,70 81,66,86 92,88,99 87,81,76 87,65,57 60,48,50 93,84,80 195,193,203 255,167,125 66,54,59 54,43,50 64,58,65 112,101,98 184,110,76 111,61,46 210,140,114 199,193,198 112,86,92 94,113,134 93,84,108 139,117,99 166,105,87 207,152,111 82,71,66 90,74,91 89,64,76 73,55,54 79,61,72 72,45,40 80,52,43 79,56,53 88,96,103
70,51,53 79,66,87 91,87,96 67,62,59 79,63,61 63,53,54 121,111,110 80,69,66 110,82,73 121,97,91 71,52,56 102,110,126 109,92,84 212,123,76 121,75,59 104,99,96 87,76,69 44,34,33 99,113,134 99,91,110 255,199,0 119,99,53 151,211,255 187,178,159 87,85,95 78,69,91 185,122,91 68,55,65 83,52,44 135,72,48 89,57,52 76,73,79
83,64,71 67,63,87 91,87,96 66,58,64 82,69,64 73,55,50 57,52,51 70,61,55 214,123,83 131,93,85 68,51,54 104,119,137 113,97,93 158,100,76 119,68,44 50,43,46 80,58,50 57,45,50 143,135,152 84,76,93 46,38,27 122,92,77 168,157,122 95,97,94 86,89,96 84,92,97 148,96,77 80,61,63 80,49,37 157,82,51 200,133,106 69,56,64
85,63,66 73,70,99 86,86,96 58,56,57 163,154,148 123,123,133 85,84,87 147,156,179 122,132,152 77,59,58 78,56,61 136,129,141 143,99,69 93,70,57 229,226,232 86,86,94 188,194,211 94,101,124 102,90,104 104,96,113 255,173,83 74,55,30 143,137,112 40,40,40 78,81,88 75,80,86 70,52,61 82,65,71 77,49,38 197,110,69 188,126,99 78,59,61
77,53,57 143,120,91 52,42,43 90,87,74 128,122,113 104,104,104 122,120,116 101,101,111 67,69,83 65,53,53 66,47,51 99,91,97 203,125,77 129,81,54 56,54,55 75,73,74 173,173,181 131,139,159 39,37,35 82,99,94 54,54,51 72,73,96 153,145,123 57,59,59 77,81,85 77,81,85 81,67,69 82,64,75 69,45,39 159,86,58 139,92,71 78,57,55
64,43,43 153,114,84 42,35,38 80,81,73 87,86,89 81,83,66 79,78,71 67,62,64 39,39,47 48,36,38 72,53,55 76,76,71 255,175,125 66,54,56 85,73,73 136,129,127 104,102,103 74,76,92 88,88,88 69,83,79 100,104,87 96,94,104 125,118,102 60,60,60 78,83,89 83,87,91 67,53,55 77,59,70 69,48,44 77,51,41 94,64,63 81,58,55
63,48,39 63,47,45 50,43,46 68,68,65 60,49,42 71,74,83 218,213,212 92,96,109 63,65,81 71,67,57 235,225,229 74,80,99 171,177,196 120,130,150 145,142,146 132,142,160 134,125,119 69,67,68 82,80,81 118,117,92 51,98,105 53,90,108 49,47,43 50,44,49 86,68,63 98,55,51 60,59,64 83,64,78 79,53,43 66,46,39 177,114,92 62,56,49
43,33,32 51,41,42 49,39,40 47,40,43 44,42,43 44,41,45 112,110,108 98,104,121 68,72,87 29,28,33 153,149,160 79,75,84 138,138,138 107,114,128 68,56,56 87,88,107 127,128,147 112,122,140 172,111,95 216,218,213 255,255,210 60,56,46 92,88,78 150,142,118 152,153,134 82,88,89 67,71,73 60,65,71 208,134,98 64,53,50 150,100,83 47,54,38
57,47,51 52,42,43 49,39,40 55,44,41 120,76,48 77,41,23 57,34,19 78,94,134 59,31,18 34,28,23 111,66,33 91,38,11 83,78,66 86,79,79 38,30,36 70,65,64 97,97,97 188,187,202 64,66,80 145,98,48 79,33,5 85,60,43 56,43,36 58,56,52 55,54,59 36,35,40 54,56,39 77,72,42 93,79,61 48,48,45 60,56,46 58,54,37
33,26,29 44,35,29 50,41,33 52,41,34 105,54,19 65,38,22 54,32,24 59,40,28 67,41,29 144,139,88 120,70,28 106,71,44 83,63,45 136,115,90 160,121,78 111,75,44 152,118,77 160,123,83 211,173,125 208,167,122 182,135,83 131,90,59 47,41,36 63,61,57 37,38,43 37,32,34 116,102,73 121,112,81 109,100,69 93,91,71 85,82,69 95,87,65
125,76,40 106,70,48 131,91,57 134,87,55 175,146,122 111,99,104 96,85,92 64,48,42 64,47,37 63,48,37 57,42,31 56,40,27 57,45,33 63,46,38 53,36,28 61,46,37 55,40,31 56,42,26 58,43,32 41,28,23 45,31,31 34,28,23 68,58,57 55,50,49 33,30,34 36,30,37 130,117,67 118,102,58 124,108,64 126,115,69 120,109,63 115,105,63
72,66,57 63,58,30 62,45,46 38,26,28 46,37,31 34,28,33 38,31,34 33,23,24 29,19,20 25,20,22 104,102,100 82,77,76 30,27,33 39,39,47 33,32,35 46,43,47 48,46,54 57,48,44 89,87,95 32,22,26 35,32,36 70,73,82 30,23,26 52,50,48 33,27,32 38,36,44 175,148,112 185,163,118 172,152,104 172,149,107 152,135,88 132,117,68
63,54,46 52,51,40 45,50,30 28,22,15 37,31,24 80,73,46 29,22,22 40,28,28 61,45,39 49,36,31 108,99,95 57,51,44 38,35,39 37,36,39 47,44,48 38,35,41 38,35,39 52,46,39 181,157,120 36,24,26 42,30,18 184,149,111 51,36,27 37,36,41 32,31,34 70,58,46 197,164,127 191,163,125 183,155,117 175,149,110 175,147,107 179,152,109