18,25,37 129,116,84 67,60,44 49,42,26 55,51,34 55,50,36 69,65,48 49,41,30 63,58,44 43,37,28 58,53,41 45,39,34 52,46,37 63,59,51 63,63,73 23,21,22 50,43,41 37,32,20 79,77,78 81,80,83 62,56,47 41,37,29 39,39,25 34,28,21 43,37,28 38,37,28 87,84,60 54,49,35 85,75,37 78,66,38 80,68,31 64,62,44 48,47,38 63,62,37 56,52,33 56,51,39 30,31,19 36,32,24 39,35,29 51,47,41 68,65,50 39,36,21 51,45,38 40,35,23 45,41,22 61,57,47 53,44,36 40,39,30 60,57,44 115,103,62 79,70,62 122,107,46 127,112,63 67,51,34 52,46,41 24,22,23 36,31,19 42,37,25 39,38,29 44,40,30 39,38,27 43,37,28 53,50,37 47,44,29
59,50,33 66,60,35 43,36,18 41,38,25 48,43,31 42,36,29 26,20,25 43,34,30 49,44,30 47,42,28 65,59,52 54,48,39 47,43,26 47,43,37 45,36,32 32,27,26 37,32,20 55,48,46 75,73,74 58,57,60 35,31,14 42,38,30 65,57,44 42,36,29 44,38,29 39,38,31 84,75,44 41,36,24 107,101,37 70,61,34 102,91,56 56,53,38 88,74,47 60,60,44 70,66,49 47,41,32 29,30,20 40,36,28 40,36,26 51,48,35 39,35,29 55,52,37 30,23,23 43,38,26 46,45,38 37,33,23 53,42,27 127,108,51 36,30,23 65,51,26 44,36,23 141,129,47 102,95,77 57,51,42 48,43,45 34,32,33 45,40,28 49,44,32 46,46,32 41,37,31 40,36,26 43,37,28 50,48,30 61,58,43
56,52,35 43,37,32 37,31,24 26,22,16 57,54,41 50,46,36 59,54,42 36,30,23 41,36,24 63,58,44 56,52,35 48,44,27 34,31,16 50,48,30 40,37,41 62,57,43 23,22,25 37,38,26 67,65,63 47,45,46 69,59,47 42,38,21 44,35,27 33,33,19 39,35,25 99,92,51 38,33,21 55,51,34 111,94,68 53,44,36 57,52,40 57,50,34 78,76,47 69,61,67 30,26,18 45,39,32 24,23,16 46,38,27 44,36,25 45,36,32 39,35,29 51,47,37 41,37,27 55,49,42 43,38,26 39,35,29 58,53,41 54,42,16 100,89,54 52,43,35 65,63,59 55,50,49 113,101,89 71,65,56 72,70,68 30,29,22 41,35,28 90,85,73 105,94,75 37,33,25 53,49,39 49,44,30 55,53,35 49,41,28
47,40,38 65,60,48 61,55,46 61,56,42 35,31,25 49,44,30 51,47,37 65,63,59 36,29,27 45,36,30 54,49,48 17,16,19 44,39,38 58,51,35 67,68,71 37,33,23 24,22,23 35,34,27 74,72,73 66,57,70 81,75,50 65,61,44 36,32,24 46,46,30 35,32,17 50,43,27 38,38,24 68,62,53 55,51,34 50,45,31 78,66,38 59,53,44 51,47,30 69,63,56 42,38,28 39,38,27 42,37,25 47,43,33 40,34,25 42,37,25 27,28,20 55,50,36 38,32,25 45,39,32 36,32,24 40,39,30 42,38,28 44,35,20 128,112,58 130,108,45 64,66,66 91,83,72 91,85,80 67,62,61 74,70,60 43,40,25 44,41,28 56,56,40 133,126,85 43,40,25 43,40,27 52,47,33 75,68,52 46,48,43
50,45,31 65,61,42 44,34,22 54,50,33 39,35,29 51,46,32 37,34,21 55,52,37 56,54,36 27,23,15 28,23,22 29,24,23 46,42,32 34,28,19 50,43,46 63,59,40 25,26,29 76,68,44 77,75,76 103,95,112 41,36,24 42,39,26 42,38,30 39,38,31 45,38,36 32,27,24 40,40,26 38,37,26 74,65,34 60,54,31 58,54,37 68,67,40 57,48,31 107,101,67 37,33,25 49,44,32 39,35,27 46,42,36 43,39,29 43,39,29 32,28,22 48,45,32 44,40,32 40,36,26 33,26,26 47,42,30 29,29,29 41,39,21 76,68,46 133,116,79 66,66,63 79,73,64 54,48,39 105,101,80 54,47,29 89,85,64 131,124,81 56,54,34 86,81,67 54,49,35 38,38,24 102,110,130 68,92,123 134,187,255
54,49,37 52,47,35 51,46,32 41,38,23 43,37,28 56,51,37 45,40,26 42,38,21 49,45,35 43,39,31 51,47,41 46,41,38 54,49,35 48,42,33 86,78,84 58,49,30 44,38,31 37,35,36 68,66,67 107,98,111 43,35,24 41,38,25 41,37,27 36,36,31 57,50,48 39,34,33 42,41,34 57,54,30 50,46,27 40,33,13 56,52,35 70,64,39 83,76,45 78,66,82 42,38,28 47,42,30 39,38,29 73,64,35 41,37,27 37,33,25 42,38,28 38,32,27 35,29,22 56,51,39 78,72,77 47,38,32 41,36,35 28,23,20 51,46,34 41,34,32 65,63,64 60,57,61 107,100,69 118,109,78 41,39,21 111,103,69 101,98,72 112,98,84 118,107,72 105,99,65 124,167,237 137,180,248 128,178,255 130,176,255
59,54,42 38,32,25 47,42,28 59,54,42 39,35,27 37,31,22 60,53,37 51,47,30 53,44,27 39,29,19 36,32,24 44,43,32 49,45,35 79,71,77 83,80,84 40,37,24 59,53,30 48,43,40 74,72,73 99,92,90 83,79,60 52,43,35 37,32,34 37,27,28 153,141,86 89,79,41 41,36,33 56,51,37 51,51,35 91,80,45 61,51,27 54,51,36 66,66,66 84,76,95 37,33,23 49,47,45 65,62,47 30,26,20 36,32,24 26,24,20 37,32,29 58,53,39 36,30,23 49,47,43 68,62,69 36,32,22 41,36,24 40,34,25 35,34,25 32,31,22 64,58,63 73,69,78 130,145,159 98,95,82 96,94,72 117,111,86 119,120,125 101,116,130 82,78,70 78,81,71 82,81,72 133,175,250 116,183,255 121,180,255
59,53,46 41,36,22 49,43,34 54,49,37 41,40,31 44,39,27 40,35,23 49,43,34 48,45,32 61,57,40 43,38,24 49,45,39 37,31,26 78,71,44 70,65,67 40,33,31 76,70,36 68,67,60 78,78,78 94,93,108 65,60,76 30,26,18 73,60,26 242,210,96 255,232,135 230,182,37 223,179,26 48,37,30 190,147,60 59,47,21 30,26,20 44,40,34 63,60,66 89,79,99 122,142,166 83,91,68 72,74,57 40,34,27 48,42,35 41,35,26 45,39,30 41,37,27 40,39,28 63,58,60 68,62,67 37,31,24 51,48,33 45,36,30 42,38,28 40,42,27 50,50,50 65,61,70 108,103,75 109,100,73 140,124,91 114,104,80 133,119,92 95,86,67 80,81,73 81,84,72 89,92,99 128,189,255 121,183,255 125,118,79
51,47,28 41,36,24 37,33,23 48,44,25 49,43,36 42,39,24 46,42,32 47,41,34 82,73,54 49,45,28 44,38,29 56,51,39 39,35,29 44,40,23 99,86,52 85,80,79 45,45,31 68,65,69 72,70,71 94,87,85 109,92,112 93,85,61 191,171,39 194,164,26 221,187,76 235,199,98 194,158,41 222,177,33 60,49,34 36,32,22 44,43,34 65,59,64 62,59,63 73,63,81 110,168,228 74,80,71 81,86,80 44,40,30 35,34,23 49,43,38 39,35,27 61,55,46 36,30,21 58,52,57 60,58,59 38,32,27 51,45,36 42,36,27 42,38,30 39,35,29 52,51,54 66,63,69 128,178,234 138,125,75 102,93,66 117,114,72 104,97,77 105,98,71 72,73,63 79,82,72 92,98,85 129,190,255 133,188,255 105,103,85
69,66,51 48,42,35 53,44,38 35,29,24 49,43,34 36,32,22 51,45,38 48,39,20 71,62,35 43,39,29 43,40,25 63,57,48 40,38,20 50,41,35 44,42,24 58,56,57 80,73,76 65,62,66 70,68,69 87,76,69 102,83,115 54,46,35 138,114,9 173,143,16 240,202,69 189,152,58 89,76,28 74,69,16 93,85,33 45,37,26 54,50,40 61,61,61 62,60,61 80,71,86 156,196,255 158,199,255 152,196,255 102,112,118 26,33,47 39,37,38 45,39,32 55,50,36 34,28,23 56,54,55 65,63,61 39,38,27 47,44,31 42,36,29 43,39,29 50,34,19 62,61,66 67,61,66 136,194,255 95,91,74 91,94,82 81,81,65 91,84,66 99,96,81 87,90,70 91,96,102 106,141,193 134,191,255 131,195,255 129,188,255
71,62,45 86,82,45 28,22,17 40,39,32 62,58,39 59,54,42 39,35,25 42,36,29 64,60,41 45,40,28 44,40,30 44,36,25 40,36,28 42,38,28 86,84,55 67,62,64 54,51,55 58,57,60 70,65,67 89,80,76 66,49,10 94,83,19 113,83,0 159,138,14 81,67,24 86,78,24 78,69,24 87,72,32 90,78,37 102,93,48 113,101,113 66,66,66 68,66,67 90,81,96 137,195,255 137,198,255 138,196,255 136,197,255 137,199,255 80,83,105 47,41,32 72,66,61 38,32,27 52,52,52 72,70,71 44,38,29 92,89,74 44,40,23 184,117,90 205,122,30 112,71,40 35,28,31 144,201,255 136,181,248 132,194,255 99,118,126 79,79,76 150,179,226 134,146,154 99,98,71 111,108,95 93,125,151 142,197,255 148,201,255
90,83,40 81,74,35 84,75,44 83,73,49 61,57,36 47,38,30 72,62,63 67,60,40 59,54,40 41,38,25 75,62,39 121,110,64 61,54,38 36,28,15 76,75,66 71,66,68 89,82,96 66,65,68 67,65,66 99,90,86 124,112,128 64,60,50 78,66,11 131,103,35 79,64,26 70,59,15 109,90,33 133,103,9 95,81,25 126,113,52 123,109,124 64,69,68 73,63,62 86,79,93 148,196,255 169,203,255 172,203,255 194,212,255 178,208,255 181,195,245 241,227,251 36,29,29 45,40,28 53,53,48 68,62,67 85,82,67 118,113,99 155,95,70 170,111,81 144,84,59 89,46,31 80,42,34 153,203,255 146,203,255 155,198,255 139,174,233 114,110,93 85,93,79 99,102,92 139,134,122 109,102,73 82,93,80 127,169,203 139,190,253
49,45,28 47,38,21 116,112,64 100,89,56 107,97,59 65,58,42 175,163,165 89,84,41 119,108,64 151,139,102 107,101,92 113,103,61 130,118,59 116,104,67 75,73,53 101,94,92 89,80,95 72,69,73 60,54,59 88,105,125 116,102,128 87,75,65 71,61,21 83,69,11 108,89,25 122,104,33 75,56,17 67,50,13 99,86,36 118,108,37 146,112,90 161,113,84 72,70,66 89,86,92 104,108,81 177,192,210 178,187,141 141,146,122 140,142,98 127,125,78 89,81,31 111,103,53 94,87,44 61,58,62 66,65,70 91,75,31 69,61,27 87,65,27 188,130,93 151,98,71 129,73,49 70,37,28 70,67,41 90,82,46 85,82,40 73,65,41 71,61,39 81,76,44 52,45,27 64,62,40 87,84,60 61,54,38 116,111,81 96,94,92
116,106,55 87,82,50 116,104,76 103,100,87 112,106,58 93,87,53 78,69,65 86,79,48 140,138,139 145,126,71 144,146,131 99,88,42 89,77,47 86,78,26 89,80,51 117,108,104 139,127,132 71,64,62 75,69,74 163,187,232 145,123,128 195,176,21 78,70,20 80,70,17 83,68,17 84,74,25 98,84,30 112,94,34 112,95,56 134,127,55 113,86,54 131,107,85 146,113,86 250,216,182 75,70,29 74,69,28 66,63,21 70,62,26 90,80,40 74,69,28 77,75,28 68,68,25 68,65,25 47,44,48 73,66,69 68,61,30 63,62,24 60,56,21 165,97,59 194,115,76 119,70,48 63,31,17 60,55,12 61,57,20 61,57,22 74,69,28 62,61,25 67,63,26 63,59,22 66,62,25 63,63,22 70,63,24 62,62,21 69,68,32
190,219,255 111,109,80 133,132,94 98,89,58 93,87,53 131,120,56 155,138,139 154,144,93 143,125,63 140,128,73 133,123,72 144,130,74 97,85,46 83,75,39 103,97,74 104,94,93 133,121,123 68,68,65 81,74,86 197,172,124 178,154,62 152,134,5 78,70,16 83,73,20 86,74,17 84,75,19 88,76,21 88,73,24 106,87,52 116,105,32 81,60,33 91,68,55 85,60,41 203,173,145 76,63,29 65,61,24 66,63,21 64,60,25 69,61,27 65,60,17 59,58,22 58,57,21 53,55,13 65,63,64 65,58,61 64,56,34 67,61,25 69,61,27 192,117,86 130,74,50 131,83,58 34,48,39 72,67,28 62,57,18 73,68,25 64,61,19 59,59,16 61,61,18 68,60,26 57,55,24 71,56,20 54,52,19 57,55,22 74,69,30
137,139,139 155,149,140 121,116,84 95,87,51 81,67,42 170,212,255 187,171,167 128,122,74 139,133,108 109,97,56 140,129,65 97,88,57 100,94,60 135,134,149 87,78,59 126,114,114 130,120,121 69,64,66 123,84,56 165,111,73 93,61,27 112,94,5 75,70,15 79,69,20 77,69,17 79,72,15 79,69,16 70,60,20 79,69,16 121,114,42 68,58,48 59,43,28 56,43,36 117,105,95 126,114,104 66,66,23 62,62,21 66,58,24 71,68,24 61,61,20 55,49,13 71,68,26 94,84,35 68,65,69 68,63,65 58,58,44 65,59,25 62,62,21 52,45,14 182,98,54 139,83,61 72,45,29 54,57,24 66,58,24 77,66,31 60,55,23 59,59,18 64,54,14 66,54,24 54,52,19 61,56,26 59,57,24 57,56,20 66,54,15
223,231,251 226,232,255 136,158,174 221,238,255 190,210,226 218,224,245 183,169,171 113,106,118 88,86,87 132,121,57 125,115,93 127,117,77 114,107,50 119,116,51 71,66,27 125,123,124 135,123,135 81,73,60 140,113,70 148,109,81 88,61,43 164,138,113 77,69,19 75,70,17 68,59,14 63,53,13 76,67,22 72,63,18 75,65,25 74,63,58 34,20,20 76,61,50 60,47,44 105,94,89 118,107,100 65,61,26 99,83,29 67,58,27 117,99,55 59,54,22 73,68,29 63,54,23 68,56,26 67,64,68 68,65,69 75,69,64 65,64,26 50,89,53 255,216,149 242,149,92 205,132,91 91,62,29 28,37,20 70,66,29 74,66,32 64,58,22 85,73,32 61,58,16 65,61,24 66,63,23 59,55,18 60,55,16 83,62,19 57,53,16
121,112,93 146,137,120 207,215,233 204,232,255 209,230,255 145,143,94 196,184,184 140,135,82 122,115,58 111,105,41 96,92,34 90,81,34 71,64,21 79,71,19 75,70,19 100,93,77 101,82,66 255,233,181 240,208,162 118,82,62 97,68,48 64,45,33 117,93,71 80,70,48 77,72,21 77,66,22 63,53,15 50,42,20 75,66,60 54,41,36 52,38,40 26,15,8 69,55,55 96,85,80 118,105,100 132,124,113 76,71,30 75,69,35 66,59,28 71,63,27 72,61,26 74,60,33 69,60,31 63,61,62 65,62,66 74,67,49 60,63,28 69,100,44 255,189,104 248,162,98 197,129,91 74,57,29 35,55,41 30,44,35 70,70,29 61,65,25 60,56,21 59,54,22 58,51,24 60,55,23 59,54,22 61,55,19 68,66,33 61,62,25
133,138,132 130,122,98 134,126,113 179,184,164 126,118,66 97,90,31 79,76,23 74,71,20 105,96,40 116,103,42 101,88,38 98,94,34 99,89,38 97,86,42 74,68,20 77,67,29 255,231,178 222,191,154 155,135,115 70,54,41 83,60,49 79,59,50 64,47,39 58,42,36 80,67,60 94,82,72 107,95,85 122,112,102 47,35,35 43,29,29 50,33,36 52,34,31 46,34,39 89,79,78 118,105,98 124,113,108 55,49,15 62,47,25 66,54,28 66,53,19 82,66,35 54,45,14 61,49,21 61,59,60 61,58,62 78,70,78 69,109,68 195,219,140 60,78,33 75,88,47 36,44,21 46,51,31 18,37,28 27,46,35 57,57,23 74,53,12 51,49,18 56,52,17 58,55,15 84,74,34 67,64,24 78,68,30 62,62,17 72,61,15
145,133,94 126,115,71 94,87,26 100,91,33 97,92,21 92,87,16 110,100,29 111,99,33 107,101,26 79,72,11 58,45,24 59,50,19 71,59,20 70,60,20 90,66,15 59,52,21 229,201,161 159,138,111 121,107,91 92,80,68 66,47,35 48,32,19 57,37,28 70,55,46 34,22,22 34,27,27 32,22,23 72,62,61 53,39,39 52,35,36 58,41,44 64,48,44 68,56,61 73,63,62 109,98,91 126,115,110 87,78,47 71,60,25 75,63,33 70,61,30 65,59,25 66,57,26 52,43,16 63,58,60 59,56,60 68,64,56 33,75,42 146,155,97 46,54,29 45,61,30 38,43,23 58,54,35 48,59,46 27,44,34 72,68,31 57,48,17 50,49,13 56,57,20 69,51,9 54,48,14 72,67,24 67,62,23 67,72,29 76,76,33
124,112,42 134,121,58 133,117,43 143,126,57 132,115,35 133,112,40 139,115,51 104,84,34 59,48,15 67,61,25 60,52,16 58,47,12 73,61,31 73,61,31 81,65,34 77,58,31 201,173,133 145,125,107 118,103,92 79,73,64 45,32,25 73,57,44 48,32,19 50,34,28 57,41,37 53,40,37 109,97,85 42,29,26 81,69,59 43,31,31 40,28,28 55,43,45 60,48,48 52,38,38 94,86,75 122,111,104 149,135,121 72,55,27 72,58,29 79,66,32 66,52,23 65,53,27 62,53,22 59,50,23 55,51,34 62,46,31 42,65,48 61,57,22 54,62,37 47,57,33 50,52,37 66,60,35 78,72,38 25,42,32 47,60,35 83,65,23 68,49,26 71,62,33 61,55,19 110,90,42 61,52,23 65,54,19 61,55,21 70,58,21
150,133,53 108,84,18 111,92,24 121,94,31 111,87,36 119,98,57 102,85,50 84,73,38 62,50,22 58,54,17 67,60,29 61,49,23 64,52,22 60,45,23 58,47,14 162,137,93 229,198,161 170,149,124 121,108,101 93,84,78 35,24,31 49,36,31 52,37,28 49,33,27 63,50,47 78,65,60 113,102,87 120,106,90 106,92,78 96,85,70 102,90,80 105,94,87 105,94,87 73,62,59 79,73,64 117,105,93 132,116,112 225,204,177 72,60,30 73,59,30 71,58,24 60,46,19 64,52,24 56,44,14 67,59,25 65,47,26 255,166,119 116,79,55 78,85,49 39,59,32 35,42,26 66,42,20 61,49,21 25,43,30 25,43,26 103,76,42 66,52,25 65,51,24 80,67,33 76,63,29 68,58,20 60,53,14 61,58,18 64,64,23
102,88,32 119,97,30 89,70,31 64,52,24 87,72,36 79,65,38 71,57,28 69,58,23 75,56,31 63,50,18 76,64,34 88,76,37 70,60,22 74,60,33 73,62,29 255,237,184 255,232,186 201,175,150 125,115,105 94,85,79 39,26,23 42,29,26 52,39,34 33,24,18 71,61,49 106,94,82 109,95,81 121,105,92 129,113,100 130,114,101 122,105,97 135,118,110 104,88,82 105,92,89 70,61,53 113,98,87 127,112,103 208,184,158 63,51,21 76,65,32 64,54,16 66,52,23 62,54,18 71,60,27 80,67,35 67,59,23 60,45,23 61,53,19 41,46,26 44,43,32 35,44,27 56,37,12 52,55,20 36,70,38 52,65,40 52,45,18 67,46,19 62,50,22 74,60,31 68,56,28 78,67,32 83,70,38 59,55,18 68,62,28
120,100,41 107,86,32 79,64,26 72,58,29 64,53,20 65,54,21 66,52,25 79,68,33 73,56,30 95,79,48 65,51,22 80,68,31 78,65,31 72,59,25 70,59,24 255,253,196 236,206,164 171,146,127 105,94,87 93,81,83 34,23,20 51,40,33 86,75,68 98,88,78 106,92,76 126,112,96 126,110,97 123,109,93 123,109,95 136,121,110 116,101,92 135,119,113 120,105,96 90,77,72 64,60,50 108,98,86 128,114,96 223,194,163 75,66,35 72,61,28 63,51,21 56,44,16 78,64,35 77,64,30 73,60,26 92,76,43 105,83,38 85,107,66 73,64,45 49,38,21 109,71,23 25,35,27 86,125,82 34,54,36 67,60,21 53,46,17 72,59,25 66,53,30 87,76,41 86,71,35 82,65,37 100,79,36 125,96,24 62,55,16
117,100,31 117,100,31 115,90,46 134,110,55 97,80,43 94,78,47 95,80,42 82,65,37 101,75,21 80,67,35 85,68,42 66,52,25 66,52,25 71,57,30 203,187,143 255,249,192 255,237,186 232,202,158 105,92,85 72,62,63 87,79,66 97,88,71 126,106,88 243,212,163 247,211,153 241,210,161 130,116,98 140,123,99 135,119,104 121,107,93 120,106,92 105,92,85 104,93,86 76,67,48 63,53,52 92,87,73 205,181,144 203,172,135 117,101,84 67,54,22 73,61,33 66,50,19 64,49,27 78,65,33 77,65,28 85,73,36 79,69,31 53,112,65 44,88,55 78,52,2 27,35,25 172,91,55 139,81,67 64,57,16 66,54,28 65,53,23 59,47,19 61,49,19 70,60,22 79,68,24 87,72,34 123,106,39 131,102,39 126,105,35
78,59,20 85,68,19 137,108,57 140,104,55 132,95,42 152,113,56 128,108,47 125,99,49 86,67,32 88,75,43 79,65,38 72,59,27 76,62,35 71,59,29 255,239,192 255,243,189 255,250,192 255,232,182 208,183,153 36,30,23 95,86,71 127,104,75 255,225,174 240,204,157 224,194,148 207,176,139 124,106,87 128,111,87 128,117,102 109,97,85 121,110,95 102,90,80 112,91,89 76,62,44 73,58,36 79,75,56 165,141,108 160,136,101 147,127,109 92,79,47 79,67,39 79,65,38 66,55,22 71,57,30 95,82,50 76,64,36 82,66,33 40,65,36 49,81,52 42,74,43 26,41,29 64,59,45 31,44,28 105,78,42 76,63,31 70,56,27 70,56,29 69,59,17 76,71,16 123,95,27 131,110,38 137,104,36 125,95,28 122,95,30
52,43,14 74,67,26 56,49,8 61,55,19 63,55,19 68,58,20 64,53,20 72,60,23 78,65,33 76,64,27 65,54,21 75,65,27 57,50,11 48,42,6 159,127,111 148,113,59 107,84,44 211,183,56 202,183,148 21,15,20 105,85,55 175,148,105 188,160,122 176,148,110 141,117,91 141,121,101 112,96,79 120,109,92 117,106,91 114,102,90 105,92,87 100,84,78 51,35,22 87,75,65 61,50,17 70,57,54 241,230,29 187,171,17 66,55,22 70,57,36 73,61,31 76,64,36 55,46,17 65,53,25 64,51,28 73,64,35 91,71,39 40,61,40 44,78,46 38,72,42 27,42,28 30,50,36 26,41,29 100,87,39 130,102,44 98,89,42 108,77,0 87,77,28 108,95,32 138,114,48 140,116,36 105,91,23 112,95,28 135,108,43
76,64,34 76,64,34 50,34,17 73,62,27 107,75,31 79,60,25 93,78,42 71,63,27 86,73,39 65,51,22 86,75,42 60,46,17 61,52,21 66,58,22 78,69,42 81,77,17 83,64,29 100,80,34 85,66,0 59,47,37 88,79,64 109,98,79 118,97,74 123,103,83 116,103,82 110,99,82 121,110,95 111,100,85 109,97,85 94,83,76 49,34,25 52,35,27 114,98,94 109,96,89 55,43,13 63,52,33 186,158,31 86,78,26 117,107,29 80,70,32 84,73,38 81,73,37 61,53,19 64,61,19 67,62,23 59,53,17 47,37,13 35,59,37 46,83,50 38,77,41 25,42,32 30,50,34 23,43,29 69,76,42 95,82,30 124,110,44 107,95,38 134,113,41 133,112,29 128,104,38 131,104,31 117,89,19 118,95,24 128,112,38
63,49,20 78,65,33 73,55,23 65,48,22 60,36,12 82,61,34 82,72,32 64,49,27 56,45,12 81,66,28 82,72,34 68,61,18 64,52,22 62,50,20 61,49,21 195,175,14 104,86,24 138,118,43 142,117,44 89,75,57 54,48,43 86,78,67 94,80,62 97,81,64 104,93,76 104,93,78 87,77,65 74,65,57 42,30,20 56,39,31 121,104,94 118,106,96 121,106,95 113,101,91 70,61,30 104,88,32 183,151,76 89,76,28 108,89,21 88,76,39 67,53,24 80,70,28 67,59,25 55,49,15 67,60,21 69,59,21 41,38,14 35,59,37 45,82,47 43,80,45 25,44,35 28,45,35 29,44,30 34,41,25 119,111,61 125,103,36 138,120,47 140,107,41 175,148,64 143,116,39 142,109,43 135,107,39 114,89,32 153,124,61
116,106,57 70,57,23 67,54,20 103,83,24 64,53,20 87,71,40 88,75,43 63,49,24 101,77,42 57,43,16 66,54,28 94,84,44 75,66,35 70,63,24 66,61,18 59,53,17 78,70,7 200,163,21 168,133,36 159,128,75 19,26,19 23,16,19 30,21,15 39,28,23 39,29,17 38,28,18 43,30,25 43,31,21 111,96,85 125,110,99 128,116,104 127,115,103 128,111,101 96,81,70 76,68,34 51,31,1 66,52,23 96,83,33 85,77,23 72,53,28 76,63,31 76,60,27 73,61,24 71,60,27 55,45,7 51,38,17 100,119,69 27,55,32 42,74,43 38,80,47 25,44,33 24,41,33 28,46,33 25,45,31 156,128,60 147,115,33 163,125,47 152,116,38 133,111,37 120,94,26 142,112,43 154,111,53 79,45,4 117,88,25
138,124,68 135,116,48 97,80,29 120,106,50 85,70,34 81,68,36 107,89,45 78,61,12 85,75,37 81,66,28 76,62,17 78,70,20 77,70,29 53,45,11 61,52,21 80,77,37 66,59,18 62,52,14 77,59,29 88,70,38 106,83,52 35,30,27 70,64,55 89,79,67 53,41,29 100,88,76 107,93,79 121,106,95 126,112,98 125,111,97 128,114,98 127,110,102 92,71,46 94,60,17 122,109,46 73,61,22 76,64,27 111,89,24 78,66,25 95,83,42 88,73,33 79,67,30 61,43,13 91,79,38 90,78,39 84,72,33 102,144,91 33,56,37 41,75,43 46,88,51 26,44,31 27,41,34 31,51,33 27,45,32 129,110,46 135,109,41 144,117,33 140,108,35 109,86,28 129,104,31 143,114,38 129,114,33 133,112,40 150,122,54
139,120,38 152,126,44 89,67,22 88,75,14 63,47,5 116,99,30 98,77,23 139,120,54 69,58,14 73,58,22 123,115,65 111,74,5 101,94,26 94,85,27 73,70,15 91,74,25 78,69,24 62,54,20 72,61,26 131,120,101 26,20,25 51,44,44 47,42,39 84,77,61 102,88,72 113,99,85 120,105,94 122,108,94 124,108,95 122,106,93 72,62,50 72,36,5 66,37,13 131,100,38 120,91,26 113,98,37 89,76,24 59,52,21 134,120,50 114,99,22 158,140,67 127,111,37 144,126,64 119,104,23 116,101,24 137,118,36 74,122,61 33,53,35 43,77,43 46,92,56 27,45,30 27,44,39 28,51,34 29,54,34 122,105,27 106,100,25 117,96,24 106,94,16 124,104,29 130,101,38 139,118,37 118,99,31 178,153,64 138,110,42
126,101,26 140,128,46 150,123,48 121,94,33 121,95,27 132,104,46 181,153,56 154,124,55 138,119,37 83,70,18 140,123,54 115,98,47 119,108,44 83,72,37 130,122,39 102,83,28 93,78,31 91,75,31 86,71,35 107,92,52 41,27,13 56,47,43 57,47,48 76,66,54 99,88,71 111,100,81 120,106,88 113,102,87 98,87,68 18,8,7 55,31,5 75,41,0 65,37,10 140,115,38 139,118,48 107,86,34 95,89,55 144,117,29 158,118,41 140,123,27 152,125,50 146,122,56 170,138,63 153,129,49 141,116,43 150,121,45 46,113,49 31,54,35 38,75,44 47,93,57 24,44,28 27,41,37 25,43,30 39,66,46 135,119,47 144,145,40 141,91,0 125,114,27 108,108,38 101,91,13 130,108,30 160,133,47 134,114,35 161,141,51
134,113,16 122,95,30 158,138,52 170,151,58 113,86,23 132,115,37 153,125,46 138,110,31 133,109,43 144,117,54 150,126,44 189,162,78 161,129,56 151,130,49 144,128,43 165,141,59 161,139,61 128,110,50 126,108,46 130,108,43 56,40,27 36,27,12 27,17,5 38,27,20 71,58,35 146,134,68 126,116,38 159,149,80 133,119,51 26,19,17 52,38,24 71,42,11 85,51,8 148,128,38 174,141,75 155,133,59 163,141,47 102,86,30 191,121,1 173,147,67 172,140,65 166,147,65 138,127,26 142,126,43 130,113,33 134,109,32 46,105,60 28,53,33 39,76,45 48,97,60 28,46,31 26,43,38 27,41,34 42,70,45 127,133,83 131,117,33 137,115,39 111,102,15 97,94,9 133,121,39 143,123,46 135,125,31 148,124,44 147,127,37
144,116,37 123,101,25 153,131,39 162,153,56 151,120,40 144,117,44 137,104,38 144,120,40 171,154,60 161,138,51 143,118,41 159,142,46 160,140,54 143,121,54 125,103,29 111,110,31 120,100,21 163,136,63 152,136,33 133,118,39 70,48,14 53,33,13 38,22,5 32,22,12 122,110,30 135,120,32 142,111,33 132,111,41 129,109,34 47,29,0 63,36,4 84,40,10 87,65,2 164,111,0 134,118,35 133,119,35 137,132,48 121,106,29 137,108,43 146,126,38 156,133,46 121,95,13 191,151,47 119,109,15 132,122,30 160,128,53 45,104,59 28,53,35 41,78,45 48,100,57 25,45,29 25,42,34 27,42,30 39,73,39 56,62,51 168,151,57 135,129,13 120,119,24 136,123,21 130,132,20 126,113,20 109,113,17 103,92,17 103,97,2
144,116,48 127,107,32 138,126,30 114,92,14 171,147,67 125,103,25 142,118,38 137,118,25 169,162,65 156,139,59 126,107,23 126,105,35 136,111,26 157,132,43 147,127,50 130,113,33 106,98,8 158,134,54 108,92,9 129,113,28 159,137,59 54,34,14 47,27,7 42,26,13 103,105,11 105,100,20 113,99,13 130,112,39 106,94,14 51,37,12 51,33,12 74,43,20 88,62,10 122,102,54 116,99,30 165,150,60 144,129,48 140,116,52 172,147,58 165,144,45 142,126,41 154,133,52 156,145,58 136,120,35 98,89,2 122,111,24 43,99,58 25,48,31 38,75,42 51,103,60 28,51,32 26,43,38 31,43,34 52,86,56 24,39,25 195,169,89 131,113,42 167,139,69 90,81,0 116,115,0 223,154,53 92,84,5 129,123,32 101,98,13