72,65,65 69,65,57 71,67,61 74,70,62 71,67,59 63,57,50 57,51,46 49,47,48 53,51,49 51,50,41 48,48,34 46,47,24 48,44,34 64,58,53 66,54,26 52,46,21 57,50,32 56,49,29 61,56,24 64,59,31 62,60,40 56,53,40 69,66,53 86,82,65 65,60,28 59,53,28 57,60,40 53,52,27 63,59,38 57,54,41 47,45,25 55,57,40 61,57,38 57,51,42 49,44,46 113,111,112 110,108,109 112,111,114 108,107,110 103,102,105 121,118,103 89,80,74 97,90,90 129,123,114 255,241,210 255,235,163 221,209,154 167,152,116 119,113,104 116,114,112 109,102,102 61,53,31 67,62,32 72,66,32 84,80,59 64,62,42 60,54,29 69,68,41 67,68,49 43,40,25 44,42,38 38,35,39 48,43,45 50,45,47
78,73,61 63,55,42 85,78,78 76,70,65 68,64,56 68,62,55 68,62,57 62,57,56 56,51,50 53,48,45 51,47,37 116,114,85 50,44,35 56,48,35 69,60,31 53,45,21 66,51,29 52,45,25 49,42,22 63,57,32 85,81,71 41,37,29 69,66,53 62,59,33 63,61,32 54,50,31 48,47,38 46,45,20 55,53,24 50,49,24 46,44,24 51,52,33 51,48,22 55,53,24 41,36,38 37,35,36 41,39,40 82,79,83 105,102,106 73,70,74 53,48,45 100,91,87 93,87,80 224,217,188 246,236,185 243,234,187 210,197,147 161,144,118 112,106,97 112,110,108 114,107,110 61,52,33 47,42,14 72,64,40 65,62,36 47,45,23 81,75,50 75,71,50 47,49,23 51,48,33 69,68,59 54,52,53 53,48,50 46,41,43
86,79,52 74,65,50 72,66,59 68,66,48 71,67,61 122,116,111 93,87,82 77,71,66 78,71,71 70,63,66 75,68,71 62,57,54 53,51,29 73,68,40 72,63,44 49,40,34 44,41,26 58,52,43 71,64,62 70,64,59 78,71,71 72,65,68 73,69,50 63,56,36 48,46,28 47,47,31 41,36,35 53,52,27 63,61,32 50,47,23 51,48,22 48,46,24 54,52,32 56,49,29 46,43,30 34,31,35 39,37,38 48,43,42 56,49,52 52,45,48 48,43,45 89,84,86 95,88,91 215,200,164 234,227,166 232,227,174 179,169,131 121,110,93 107,101,94 127,120,120 116,113,119 52,44,31 47,40,20 46,44,22 49,47,27 53,51,29 62,54,30 83,79,58 61,56,42 40,39,12 72,68,60 55,49,44 65,60,59 51,49,45
108,102,68 83,78,64 74,67,49 87,79,57 109,100,94 85,78,76 73,67,62 78,69,63 73,64,58 68,62,57 68,61,61 57,52,40 71,65,42 69,68,43 85,78,58 123,114,110 106,99,97 77,72,74 57,51,56 63,55,61 53,48,50 80,73,76 75,72,46 52,51,40 51,47,30 64,60,41 58,52,47 54,51,27 48,43,40 51,50,43 48,47,36 42,43,22 56,52,42 64,53,34 59,60,39 38,36,37 38,36,37 40,37,41 48,43,45 48,43,45 42,40,41 45,42,46 94,88,93 173,160,112 231,219,162 184,175,144 130,121,102 102,94,83 107,102,104 123,111,116 116,109,107 61,54,36 75,75,45 49,47,25 54,53,28 50,52,37 54,50,40 56,54,36 80,74,67 71,65,58 79,72,54 77,71,46 70,63,61 75,70,69
79,73,68 71,65,56 96,89,71 100,93,62 83,75,53 79,72,72 69,63,58 65,61,53 71,65,58 70,64,57 73,67,62 55,53,35 56,55,30 62,59,35 78,76,58 102,96,91 78,71,69 70,63,66 53,50,54 54,49,51 46,41,43 75,70,69 63,62,37 47,45,43 57,52,24 56,49,52 88,81,63 45,38,41 43,37,42 44,37,37 47,45,46 33,31,27 49,46,52 53,48,50 47,42,44 37,35,36 37,34,38 39,36,40 51,46,48 51,46,48 41,39,40 41,38,42 141,136,135 191,184,141 190,180,142 167,155,127 99,90,84 97,88,84 102,102,110 87,79,85 119,113,120 94,86,73 56,50,27 59,56,30 37,37,23 32,31,22 105,101,80 86,80,55 89,81,70 93,88,76 107,100,98 100,93,91 65,61,53 92,89,76
86,82,74 139,132,112 92,85,58 67,60,40 70,64,39 107,100,98 62,58,52 58,54,46 65,64,55 68,67,58 82,76,67 80,74,51 61,59,37 57,53,32 70,66,58 98,97,88 66,62,45 75,72,46 68,63,60 52,50,51 54,49,51 54,47,50 71,67,59 41,36,38 47,47,31 49,46,31 106,98,85 45,35,34 72,70,71 46,36,35 50,44,49 47,45,46 50,45,47 48,43,45 40,40,40 34,32,33 33,31,32 35,33,34 50,45,47 42,40,41 40,38,39 84,81,87 200,198,180 140,139,132 136,134,114 99,83,68 93,87,80 98,97,102 101,99,109 103,99,108 74,72,70 41,37,29 34,33,24 75,74,49 54,53,46 61,58,32 71,62,35 57,49,25 57,50,32 107,98,71 84,75,67 92,86,77 64,60,50 37,34,19
85,78,62 110,101,72 87,80,53 64,60,41 79,73,64 107,100,98 62,58,52 58,54,46 56,55,46 59,58,49 78,76,54 71,68,55 75,68,48 64,62,33 69,60,41 80,77,51 68,64,43 62,58,37 98,92,83 97,93,85 53,48,47 52,45,45 87,85,81 59,59,43 48,49,39 48,44,23 70,66,56 85,80,68 56,49,31 41,39,21 46,48,33 49,44,46 43,43,43 34,34,34 41,39,40 33,33,33 33,30,34 32,27,29 53,48,50 38,36,37 34,32,33 104,102,103 101,99,97 100,101,104 111,107,101 84,78,69 94,88,93 102,100,101 85,85,93 111,108,114 80,78,74 37,39,24 47,45,27 30,28,24 44,43,32 86,85,47 61,51,27 55,46,19 64,60,41 74,69,39 65,60,46 58,56,34 58,51,33 59,54,24
123,109,82 127,116,97 95,86,57 64,60,54 73,66,64 84,77,77 58,57,50 54,53,44 55,54,43 59,58,51 69,65,48 68,61,41 81,71,49 77,75,53 58,59,38 75,67,43 63,57,32 54,53,44 57,54,41 49,48,41 105,104,95 53,49,43 91,86,72 54,49,35 70,68,37 78,74,55 51,48,35 62,62,46 58,56,38 43,41,23 45,38,36 42,40,36 41,39,40 39,37,38 39,37,38 34,32,33 31,28,32 31,28,32 41,39,40 37,35,36 90,88,89 112,110,108 97,94,98 91,90,93 90,85,87 87,79,68 93,91,101 88,86,87 54,56,39 86,84,80 23,22,25 46,46,30 39,39,23 55,51,30 61,53,31 40,37,24 48,46,28 57,54,30 68,62,37 45,48,28 50,49,22 70,67,52 58,52,27 63,58,28
68,59,51 174,167,147 70,66,56 72,70,50 140,136,126 91,85,80 53,53,39 51,50,41 53,52,43 57,53,45 102,93,74 58,54,35 54,55,36 65,61,42 131,129,80 83,81,50 102,100,67 54,54,49 60,56,50 48,46,44 48,46,42 100,96,88 79,73,66 75,72,48 63,54,27 57,51,26 76,73,47 53,54,35 54,50,40 63,61,41 39,37,35 42,40,38 51,49,47 69,61,67 79,71,77 86,78,84 49,42,45 31,24,27 39,34,36 39,34,36 88,85,91 94,93,98 90,87,91 93,88,85 89,81,70 89,84,72 96,95,100 98,92,87 94,93,98 61,59,57 37,37,21 71,67,48 47,45,27 55,53,31 48,45,30 54,47,31 56,46,22 36,32,15 56,54,36 34,34,34 63,61,32 50,45,31 43,40,14 68,62,37
147,145,114 90,85,71 66,60,53 109,110,62 117,115,68 79,70,64 79,77,57 53,50,37 47,48,36 53,52,45 89,83,60 83,76,49 80,78,49 60,58,36 81,74,43 74,67,51 74,72,50 63,62,53 48,47,40 43,43,40 42,40,38 64,60,52 108,104,56 87,81,56 67,60,44 56,49,31 194,189,159 94,83,48 35,36,17 38,34,15 47,39,28 104,97,97 94,87,87 91,84,87 71,64,67 76,69,72 73,65,71 68,60,68 70,62,70 60,55,54 86,80,85 84,82,83 91,85,80 89,84,81 90,84,79 88,80,67 92,88,97 92,83,77 79,77,78 56,55,30 61,58,32 57,53,32 43,38,35 48,44,34 26,26,26 31,31,28 30,28,29 36,31,30 78,75,62 37,31,38 56,52,31 45,41,22 59,51,38 45,43,44
90,84,50 139,129,119 64,60,52 164,161,108 101,96,68 113,107,82 81,74,54 85,76,45 71,66,52 51,50,43 129,123,87 102,93,62 113,109,72 85,78,51 81,73,39 78,65,44 87,82,50 68,65,50 59,58,49 53,52,45 48,46,42 46,44,40 115,110,82 73,67,42 69,65,57 56,50,41 63,60,36 73,67,42 94,90,73 79,74,62 68,63,49 87,77,81 93,83,87 95,85,86 86,76,80 76,68,74 64,57,60 68,61,64 67,61,66 69,64,63 92,85,88 70,63,61 88,79,73 85,78,76 93,87,78 89,80,72 97,89,95 100,100,100 103,100,106 58,51,31 65,57,33 87,82,50 46,44,24 27,22,21 65,59,50 27,25,26 27,27,27 38,35,39 81,77,71 29,24,23 49,47,29 59,57,28 73,64,45 49,47,48
56,53,38 61,55,46 69,57,47 68,63,51 76,68,44 113,101,75 128,121,80 130,118,90 66,61,47 55,54,45 83,81,61 54,53,44 68,64,45 96,89,62 107,100,73 114,107,68 73,67,42 72,67,55 63,59,51 60,59,50 53,52,43 42,41,32 109,105,86 82,78,70 69,65,46 116,110,85 52,49,25 43,46,24 49,47,25 56,51,21 62,58,37 60,58,40 95,85,84 93,83,82 94,84,88 86,79,82 103,91,91 82,75,75 69,64,66 71,61,65 94,91,97 60,55,52 89,83,78 78,71,71 91,87,77 84,75,67 75,73,71 95,95,103 90,89,92 63,63,47 54,54,38 79,73,50 54,54,40 76,72,55 71,66,34 78,76,56 32,30,28 37,37,37 100,96,88 68,67,56 58,51,33 40,41,22 116,107,99 76,67,48
54,53,44 86,81,67 119,108,91 153,144,125 82,76,53 115,108,81 89,74,38 107,96,61 69,65,55 65,64,53 58,57,46 51,50,43 50,46,36 117,114,72 110,103,87 153,151,104 62,59,44 66,60,51 73,67,62 71,67,61 68,63,60 71,67,61 95,89,80 67,63,55 136,131,119 46,38,25 50,46,29 62,56,47 59,50,31 61,56,26 59,56,32 55,51,41 105,98,96 107,97,96 88,78,79 86,79,79 115,105,104 85,78,78 62,56,61 68,63,65 83,80,84 63,56,59 92,87,89 69,66,70 89,86,73 92,86,79 91,90,93 90,88,96 88,84,76 45,41,20 59,53,28 48,44,25 42,40,18 75,68,37 57,55,26 37,34,19 86,85,76 60,58,54 127,123,113 26,24,22 40,36,26 56,54,34 66,62,43 55,54,29
55,51,45 99,91,78 190,182,158 85,79,56 103,99,64 126,121,80 86,78,56 90,82,58 68,66,48 65,65,51 66,65,54 57,53,45 85,80,82 101,93,82 84,77,59 84,79,49 75,69,60 65,61,55 55,51,45 60,56,48 69,65,57 69,63,58 128,122,113 82,84,69 59,52,34 58,54,33 51,49,29 51,48,33 51,47,28 44,40,19 54,53,28 76,72,64 108,103,100 99,92,92 79,72,75 99,92,95 117,107,106 87,77,81 67,65,66 55,52,56 87,84,90 62,55,53 102,100,96 56,48,56 110,101,45 119,116,49 99,90,82 101,92,88 57,51,46 48,43,29 55,56,37 58,55,29 54,50,29 63,62,35 31,29,25 35,34,27 28,26,27 68,67,60 91,87,77 39,34,36 51,46,32 80,76,55 60,53,35 44,39,25
55,51,45 89,81,68 86,77,58 72,65,45 80,75,47 88,84,47 68,62,39 82,74,50 63,59,42 63,59,49 72,68,60 105,99,94 94,88,83 88,83,82 88,83,82 60,55,52 54,50,42 55,51,43 54,49,46 52,50,46 58,57,50 58,54,46 141,135,112 63,60,36 64,63,38 48,49,28 48,51,31 49,47,27 53,44,25 48,44,25 44,42,22 82,78,72 97,92,91 83,76,79 79,72,72 98,91,91 94,86,92 63,56,59 64,59,58 53,50,54 91,88,94 79,70,83 85,80,82 213,191,74 162,147,28 119,101,12 110,90,31 89,87,88 43,39,29 71,66,52 39,40,30 40,42,16 58,55,42 63,58,60 42,36,41 49,43,48 29,24,26 38,36,34 98,94,84 58,55,42 72,71,35 66,62,41 50,44,37 102,99,75
79,74,44 167,158,141 63,55,42 70,64,41 122,121,65 95,91,54 76,68,44 73,66,35 68,66,48 63,62,53 67,66,57 70,66,58 71,67,61 74,70,64 60,59,52 51,50,43 49,47,43 51,49,45 50,46,40 49,44,41 45,43,39 51,49,45 234,220,202 67,70,50 219,133,101 149,69,37 139,70,41 112,63,23 61,54,23 58,56,54 68,65,50 94,89,91 93,83,84 76,71,73 85,80,82 106,99,99 73,66,69 74,69,71 52,50,51 49,46,50 97,94,100 95,83,71 130,113,35 110,92,19 108,94,26 98,86,6 84,75,17 87,82,27 93,86,84 49,46,31 55,54,29 50,43,27 40,34,29 42,35,33 41,34,34 30,23,26 33,28,30 25,25,25 33,28,25 63,62,51 43,50,32 59,61,35 104,95,80 63,56,38
92,83,64 185,180,141 54,50,40 51,52,44 48,45,32 71,69,51 97,90,63 61,56,42 53,52,45 53,52,45 58,57,48 65,64,53 67,66,55 68,64,56 60,59,50 52,51,42 53,51,49 45,43,39 45,43,41 47,45,43 44,39,36 41,37,31 177,174,148 125,65,40 178,108,75 108,52,26 68,30,9 59,30,8 56,48,35 44,42,40 46,41,38 52,50,48 51,44,47 51,46,48 102,95,95 93,86,86 67,62,64 63,58,60 66,64,65 33,31,29 105,102,106 185,170,62 135,126,29 105,92,17 98,83,22 94,82,14 94,82,16 92,86,22 92,88,26 87,85,36 80,66,50 62,51,44 104,95,80 62,52,42 44,35,29 40,30,29 31,20,27 44,19,16 39,21,16 47,47,31 52,34,15 62,32,17 74,44,29 59,33,19
111,104,86 124,116,92 56,50,41 71,56,45 58,54,33 102,95,66 142,133,104 85,80,50 64,57,41 55,51,43 53,52,45 59,58,51 61,57,49 62,61,52 65,65,51 62,58,50 51,50,43 49,48,41 46,41,38 42,38,32 46,42,34 59,53,46 137,89,64 54,61,43 137,84,61 71,35,13 79,43,23 96,69,53 63,56,56 56,49,52 34,29,31 51,49,50 47,45,46 88,82,87 82,73,69 97,90,90 74,72,73 51,49,50 24,22,23 26,24,22 97,92,94 165,137,108 166,146,30 196,171,53 133,114,21 103,89,21 103,89,23 103,89,21 88,79,19 77,67,29 64,52,40 133,112,89 187,173,146 149,135,121 123,113,103 47,38,34 75,37,27 101,55,37 66,36,21 86,47,33 82,40,27 70,35,20 59,24,11 82,45,32
97,90,72 74,67,47 43,39,33 74,74,44 64,56,45 115,110,82 90,82,46 69,60,41 75,71,54 52,51,44 53,52,45 54,50,44 57,53,47 61,60,51 58,54,44 58,57,46 59,58,49 56,52,44 47,46,39 47,48,40 202,106,79 108,55,30 86,59,41 105,69,49 101,65,45 106,70,48 121,76,55 90,80,70 69,62,65 62,55,58 40,35,34 30,28,26 70,68,66 63,58,57 96,91,93 104,97,97 55,53,54 47,45,46 65,63,64 79,72,75 185,169,70 106,87,21 106,84,35 168,144,41 105,87,25 108,89,23 107,90,23 106,92,22 92,80,25 80,64,47 224,209,173 223,206,157 162,146,129 112,96,90 117,105,95 128,116,106 54,42,32 94,50,22 62,31,23 60,22,12 75,39,21 61,28,17 63,30,19 63,28,13
99,97,66 87,83,64 70,64,59 45,39,32 78,72,63 124,118,95 83,75,53 72,68,47 50,46,38 49,48,41 55,54,47 54,50,44 49,45,39 54,50,44 51,50,41 56,52,44 55,54,45 54,53,42 53,49,41 136,91,58 150,99,75 143,98,65 117,86,37 122,81,54 120,85,72 56,38,33 123,85,64 51,44,44 60,50,54 63,56,59 56,51,50 33,31,29 28,26,24 35,26,20 89,84,86 100,93,93 65,63,64 67,65,66 68,63,65 94,84,88 117,112,114 182,161,78 160,142,44 121,97,31 107,88,31 113,95,35 111,93,20 107,94,19 91,82,26 87,71,58 255,243,193 208,192,150 143,127,112 110,97,94 116,101,92 129,114,105 121,109,99 48,33,22 83,44,30 69,37,32 76,32,20 52,26,14 85,42,34 63,35,26
69,65,44 121,114,96 67,60,40 109,102,86 56,52,35 86,81,69 73,69,52 76,69,42 60,57,42 53,49,43 44,43,36 51,49,45 48,47,40 47,46,39 51,50,41 51,49,45 52,51,42 53,52,43 56,52,42 122,65,46 141,104,60 86,94,69 44,81,57 46,54,40 39,41,36 47,42,39 44,42,43 55,50,49 59,52,55 62,55,58 55,50,49 51,49,47 91,84,84 94,84,85 65,60,59 62,57,59 50,45,47 57,52,54 99,92,92 85,78,78 115,109,104 95,78,52 103,82,78 93,77,44 178,166,57 105,90,29 107,91,17 106,89,22 91,83,29 86,67,53 255,246,191 230,213,174 127,110,102 105,92,85 113,101,91 125,113,103 104,89,80 119,107,97 77,62,51 82,43,29 43,15,6 51,28,17 41,20,9 44,23,10
94,88,65 140,131,114 119,110,95 50,45,33 58,55,40 67,65,43 77,77,43 78,71,51 53,50,37 51,47,37 46,45,38 46,45,38 44,42,38 48,46,42 48,47,40 49,48,41 49,48,41 49,48,41 67,73,60 84,106,65 33,40,38 39,52,36 52,96,72 23,42,31 41,39,35 41,39,37 51,46,45 50,45,44 55,48,51 65,55,59 52,50,48 49,47,45 86,81,80 63,58,57 48,43,42 28,26,27 43,38,40 79,72,75 135,128,126 54,52,53 185,175,133 192,180,154 161,144,93 97,84,23 143,129,43 101,88,25 98,86,18 99,85,17 88,79,23 51,36,27 255,243,189 196,181,141 146,136,114 104,93,86 108,98,88 121,109,99 85,73,63 102,90,80 78,61,53 80,38,25 81,40,22 83,38,17 75,37,20 106,50,26
63,58,28 75,67,45 68,66,37 63,57,34 40,39,32 44,43,34 58,54,44 61,57,38 48,44,34 48,47,38 48,47,38 46,45,36 41,40,33 44,43,36 48,44,38 49,48,41 46,44,40 45,44,37 81,54,47 68,62,37 29,41,23 31,40,23 84,127,99 37,62,46 46,51,47 34,36,31 101,55,41 92,48,36 86,64,58 60,46,46 55,43,43 50,45,47 44,42,40 40,38,36 35,33,29 38,36,34 81,75,80 136,126,127 44,37,37 30,25,24 169,159,121 164,158,124 97,84,23 101,89,21 98,85,24 88,77,15 87,76,14 97,83,17 94,80,26 46,33,30 255,237,185 201,185,154 119,105,91 106,94,84 112,100,90 124,112,102 62,50,38 67,55,43 71,56,45 71,45,33 99,51,45 90,43,22 75,32,24 110,59,33
75,66,37 68,61,32 65,60,32 84,77,59 33,33,28 36,36,33 37,35,31 34,32,28 37,35,31 41,40,31 45,44,33 46,45,34 45,44,37 42,40,36 41,39,35 42,40,38 51,42,34 52,43,37 148,154,125 81,45,23 31,40,21 33,45,25 44,47,27 67,114,87 40,53,30 140,83,54 79,44,29 134,76,54 103,54,32 113,61,40 109,65,53 46,44,45 45,38,36 45,46,38 40,41,33 49,44,41 89,83,78 94,88,83 81,77,67 47,48,36 199,184,144 186,174,148 162,151,64 98,85,22 101,90,55 77,73,13 90,77,14 95,81,11 96,81,45 37,31,24 251,237,181 188,172,141 179,166,145 127,116,101 107,95,85 118,106,96 53,41,29 92,80,68 106,94,84 130,111,99 51,19,14 80,47,38 78,35,27 46,23,12
58,55,29 63,59,38 54,47,31 45,41,22 51,46,34 32,32,29 35,33,31 34,34,29 34,32,28 39,38,31 38,37,30 41,40,31 47,46,35 46,47,37 49,44,46 74,64,52 120,79,63 91,62,42 88,54,9 76,58,28 56,45,30 47,51,24 93,57,37 61,92,68 56,93,73 32,62,43 62,46,29 77,44,33 74,47,29 80,45,32 69,46,33 54,43,40 49,46,50 60,62,47 50,52,37 68,65,50 105,106,85 96,92,82 74,77,53 55,56,35 186,171,149 251,233,189 164,143,118 108,87,62 88,67,54 154,138,105 90,78,12 94,82,16 90,76,62 71,59,47 236,221,174 222,205,168 175,161,134 128,114,98 106,94,84 111,99,89 110,98,86 112,100,88 120,108,96 120,108,96 63,35,22 63,27,19 63,42,29 51,29,21
35,31,23 108,106,86 27,22,19 68,66,44 57,54,41 60,61,49 44,44,30 41,43,28 38,38,24 59,60,41 40,41,31 35,34,27 41,42,34 41,42,32 83,53,36 75,52,37 73,41,27 41,97,67 18,35,27 15,37,30 19,39,23 83,77,41 80,50,33 71,50,27 61,64,44 26,34,20 19,33,24 30,53,38 58,74,55 108,70,49 91,59,45 44,47,39 67,68,47 104,108,68 72,73,50 89,87,58 79,78,51 75,72,46 82,84,38 64,62,33 169,152,113 225,208,161 179,164,142 93,75,56 75,56,31 100,81,56 105,84,61 97,79,60 73,59,45 255,240,198 216,199,164 177,159,140 128,113,102 121,109,99 109,97,87 109,97,85 113,101,89 118,106,94 113,101,91 107,95,83 66,55,38 57,50,30 70,63,43 48,49,26
63,55,61 126,122,101 53,49,41 66,68,42 92,91,64 106,107,70 92,94,52 60,65,33 66,69,38 76,74,45 51,50,25 49,50,27 51,55,28 69,71,45 80,72,48 62,58,37 100,115,80 32,61,47 12,31,25 16,35,29 25,48,31 113,78,63 91,57,35 74,45,25 83,61,41 89,68,43 106,109,58 87,81,45 87,92,49 104,75,51 113,79,61 111,81,55 116,118,65 98,100,58 105,113,49 117,126,57 111,118,59 88,96,45 113,111,64 107,97,59 178,159,124 211,193,151 127,113,95 75,61,43 84,65,42 89,70,47 69,49,42 112,95,60 229,214,174 199,186,154 133,119,105 111,98,91 109,96,89 111,101,91 108,97,90 103,91,81 97,85,75 106,94,84 113,101,91 110,98,88 92,88,69 65,68,35 67,62,32 57,51,26
56,49,49 91,85,80 93,92,67 103,105,63 110,112,66 115,119,61 119,125,57 130,137,78 118,125,68 115,122,65 110,120,57 144,147,85 136,142,61 127,132,69 119,129,66 130,142,79 66,124,86 30,57,39 19,36,31 18,35,30 20,47,31 46,40,17 53,37,24 77,70,52 71,50,27 83,72,39 84,80,43 106,113,56 103,110,55 99,103,49 102,95,56 94,94,51 105,112,55 109,117,53 118,127,56 121,132,62 118,128,63 108,116,50 137,120,51 131,109,60 117,99,39 140,123,58 155,144,39 151,140,35 89,74,27 102,83,58 180,163,124 180,166,139 141,127,111 104,91,84 103,92,87 109,96,91 111,98,93 113,100,93 109,96,91 103,90,83 104,92,82 105,93,83 109,97,87 111,99,89 96,89,69 75,76,37 70,69,31 63,61,32
74,70,62 100,97,84 113,114,75 97,103,53 106,113,54 119,127,61 122,131,62 121,125,58 112,120,54 114,120,52 112,116,47 121,128,51 160,163,72 139,141,70 128,135,62 133,138,64 41,76,55 39,61,49 21,43,33 18,35,30 19,42,27 77,89,55 72,72,40 79,79,45 61,52,23 87,81,45 74,77,28 83,90,35 80,88,37 85,88,39 98,99,51 93,96,47 97,98,48 113,120,63 114,124,59 110,121,51 113,121,59 113,120,61 108,104,58 96,72,35 99,84,23 99,85,19 114,99,7 155,140,30 106,94,16 105,95,13 180,160,112 97,87,77 98,87,84 100,91,85 105,92,87 109,96,91 103,90,83 102,90,80 96,83,76 105,92,85 109,97,85 110,98,88 110,98,88 113,101,89 90,90,58 65,71,21 72,71,35 63,66,33
78,75,49 79,77,57 61,64,29 77,78,41 84,86,40 84,86,40 83,86,37 111,118,61 99,106,51 94,103,45 93,102,42 104,109,44 131,136,71 118,123,58 133,142,71 124,124,65 31,63,45 36,63,47 28,50,40 19,38,29 20,39,28 24,44,28 116,103,96 85,76,72 76,71,73 56,49,52 49,42,45 67,71,33 79,82,33 79,80,41 124,103,49 72,62,20 77,79,33 81,86,43 97,105,52 104,108,54 93,88,76 77,70,70 235,219,175 144,127,99 168,143,84 93,80,28 99,82,15 93,80,19 95,87,22 100,89,25 87,77,26 96,85,80 96,85,80 101,90,85 100,89,84 91,82,78 108,97,94 93,82,75 97,84,77 104,91,84 106,94,82 109,97,87 105,93,81 58,41,31 82,75,46 76,82,41 67,68,31 58,61,26
88,88,54 70,71,34 62,62,32 68,65,39 73,71,38 63,63,29 68,68,36 63,66,31 76,77,38 104,107,58 89,89,44 98,106,55 100,109,53 111,120,60 97,106,48 115,129,70 24,56,34 40,63,44 28,53,37 18,39,35 20,39,28 23,46,31 81,86,64 84,77,77 54,44,45 61,55,46 47,44,48 55,52,37 101,102,54 102,104,49 79,63,19 76,59,20 74,59,23 73,58,22 120,99,45 86,83,43 118,109,90 198,182,138 140,126,108 101,90,83 97,85,75 89,75,59 74,66,42 79,68,24 82,75,18 89,83,19 89,83,17 90,84,77 87,76,71 104,88,82 211,193,161 187,168,143 151,136,114 98,86,74 96,84,74 103,91,81 96,86,76 103,91,81 50,32,13 108,93,84 117,119,75 92,96,56 62,66,26 82,87,44
65,70,34 76,82,41 64,69,33 59,62,29 61,65,27 68,68,34 67,67,35 61,59,30 70,65,35 72,71,35 72,73,36 63,66,31 74,75,36 75,76,37 98,100,56 72,106,74 21,46,30 35,58,39 27,57,40 17,40,35 21,40,34 22,46,33 42,61,41 79,75,67 74,73,48 76,78,50 66,72,33 103,106,55 104,108,50 113,116,52 140,124,50 78,63,23 76,62,19 96,80,38 89,72,23 84,75,19 111,101,63 83,72,67 102,86,80 105,94,87 94,85,81 96,85,80 82,76,69 58,53,50 55,53,31 60,52,30 89,70,56 220,200,154 242,221,169 221,196,148 195,173,139 141,121,101 109,97,85 97,85,75 100,88,76 98,87,80 85,71,55 53,34,18 113,101,91 118,106,94 107,103,66 103,113,48 109,116,61 115,122,63
75,80,33 102,107,60 70,75,32 77,82,39 83,88,41 82,83,46 71,69,36 75,73,42 72,72,38 65,65,31 67,67,35 66,69,34 67,67,33 69,69,35 70,71,34 85,137,110 27,54,38 28,55,37 27,62,43 23,41,38 20,39,30 23,42,31 25,52,34 58,57,30 69,69,37 67,66,39 75,79,41 88,92,38 106,110,56 95,96,48 87,74,26 78,62,31 76,65,21 78,67,23 80,66,23 83,69,24 75,67,17 79,70,64 97,86,83 101,91,81 94,83,78 77,76,67 61,63,48 61,63,46 48,48,34 59,55,36 245,224,168 237,213,158 213,191,142 201,180,137 157,139,109 107,92,81 96,84,74 98,85,78 95,83,71 61,47,33 75,61,45 108,92,86 116,104,92 114,102,90 109,109,64 122,132,69 106,114,52 156,163,79
124,130,62 110,115,52 98,102,46 102,110,46 115,122,63 99,102,53 88,90,46 69,73,33 82,87,44 68,69,30 80,83,48 67,71,33 76,81,38 67,70,35 71,66,34 43,80,60 26,56,37 24,56,38 27,62,43 21,39,36 19,38,32 23,42,33 23,48,30 48,50,24 64,63,36 53,55,29 55,57,29 55,55,23 68,66,37 73,71,38 71,67,32 69,68,32 80,65,27 88,67,24 85,67,23 79,64,26 69,57,45 69,62,60 79,73,68 71,69,47 63,66,35 59,57,28 61,63,37 54,56,28 53,54,33 56,53,38 116,97,81 199,179,133 182,162,116 147,128,105 99,88,73 104,92,82 91,78,71 91,79,69 69,58,51 85,76,70 96,83,76 106,94,82 110,98,88 111,101,89 114,118,62 103,112,54 124,129,66 136,143,59
137,140,62 150,153,75 129,131,56 97,102,30 113,118,53 101,109,47 97,104,47 104,108,50 105,112,57 111,117,65 81,86,39 78,80,36 78,77,39 80,79,43 81,82,43 36,68,50 29,61,43 25,57,39 31,63,45 19,41,31 20,39,33 21,40,29 23,48,30 47,55,32 55,57,31 58,56,36 49,50,29 45,48,24 47,45,23 54,53,28 61,62,39 51,53,27 65,64,39 56,53,27 54,51,25 56,55,30 55,57,29 51,50,23 48,51,20 52,55,22 59,56,30 66,63,37 50,48,26 54,59,25 61,63,35 72,63,59 85,72,65 168,145,116 117,100,90 102,86,73 95,85,75 87,72,63 42,26,20 75,62,55 75,63,63 92,81,74 104,95,87 110,98,88 97,84,77 94,87,69 68,74,33 90,99,43 97,104,47 100,105,42
139,144,72 135,140,66 128,134,55 148,156,74 141,145,76 106,114,52 99,106,49 92,95,44 87,95,44 83,88,41 81,84,35 96,98,52 106,108,62 95,95,50 67,77,44 31,61,42 30,62,42 30,62,42 25,50,32 20,39,28 23,42,31 20,40,26 22,46,33 38,57,37 58,56,34 54,55,32 63,65,39 47,50,26 56,57,34 49,48,23 57,60,36 63,60,34 54,53,26 62,60,31 62,59,33 58,55,29 48,51,20 49,51,23 57,56,29 46,48,22 62,62,32 62,62,32 54,59,27 62,62,30 57,53,32 41,31,7 98,83,74 125,106,83 234,213,159 236,214,169 88,69,44 85,71,57 93,74,58 228,206,159 183,167,125 96,85,80 103,93,81 78,55,26 92,60,16 74,76,32 94,100,48 84,90,40 91,94,45 78,80,34