38,34,45 35,31,42 39,35,44 37,35,45 54,40,45 58,42,36 63,45,40 63,40,29 129,82,61 174,117,98 167,100,73 165,98,71 191,107,76 203,116,75 66,92,98 77,109,110 58,83,105 58,82,113 52,80,105 65,90,114 64,90,109 60,86,105 60,89,105 69,97,104 72,95,102 78,98,101 69,91,103 75,92,114 50,49,66 73,65,71 82,69,62 89,77,65 88,77,62 89,78,63 91,80,65 73,63,53 47,35,40 51,40,47 42,34,42 47,36,43 57,39,48 57,42,50 51,40,47 44,33,40 49,38,45 34,26,32 25,22,26 27,24,28 27,24,28 25,25,25 30,29,32 57,44,41 81,58,55 77,51,41 49,33,29 39,45,48 42,47,53 43,48,54 46,55,57 48,56,61 53,61,66 55,61,62 62,67,63 94,94,80
38,34,45 35,31,42 38,34,43 42,35,49 71,55,51 75,53,47 66,46,39 80,49,39 131,85,69 157,104,88 181,114,87 180,114,84 228,143,104 229,141,103 55,80,95 63,100,107 73,117,114 78,110,120 58,82,111 65,88,113 70,94,114 70,91,112 73,94,115 79,99,111 86,106,122 89,109,112 88,105,111 85,96,107 48,52,67 59,56,71 76,61,69 83,71,59 84,73,58 89,78,63 89,78,63 86,76,64 76,66,56 56,46,50 43,37,44 41,35,42 53,40,48 59,44,52 51,40,47 43,32,39 57,46,53 40,32,38 33,27,32 26,23,27 27,24,28 25,25,25 31,28,32 59,46,43 77,54,51 80,54,44 60,42,39 34,40,43 42,47,53 43,48,54 46,55,57 50,58,63 54,62,67 57,63,64 86,87,79 117,114,99
38,34,45 39,35,46 40,36,45 47,36,43 101,68,59 61,41,32 65,42,39 92,55,40 140,97,82 128,75,63 166,102,76 136,84,65 222,138,105 165,100,79 52,80,101 52,87,98 60,98,100 79,121,112 87,116,114 79,104,101 84,109,106 84,107,102 91,117,104 86,111,95 87,111,98 99,124,108 95,118,99 104,122,109 45,52,66 50,52,68 47,48,69 67,60,70 84,72,62 85,74,59 82,71,54 84,72,60 73,63,53 46,41,40 28,25,29 31,28,32 59,44,52 52,37,45 45,34,41 43,32,39 56,45,52 47,36,43 44,33,40 23,20,24 20,17,21 19,19,19 21,19,20 50,33,39 76,51,48 69,45,37 64,45,33 32,36,38 40,45,51 43,48,54 45,54,56 48,54,57 55,64,66 73,80,78 95,96,86 132,128,111
46,34,46 55,41,46 42,33,44 50,36,36 107,71,61 71,47,39 65,41,35 108,67,49 115,77,60 102,65,52 106,70,60 164,101,79 177,102,71 145,92,76 59,91,103 41,78,85 84,131,120 84,130,115 100,135,116 121,126,102 110,125,97 98,120,92 80,106,93 85,107,107 67,89,91 61,83,99 61,86,101 70,92,104 49,50,69 51,52,71 43,49,66 48,49,68 63,51,65 96,72,66 97,81,66 84,73,58 49,43,38 34,32,33 32,29,33 30,29,32 29,28,31 36,30,35 37,31,38 43,35,41 52,39,47 45,34,41 43,32,39 19,13,18 16,14,15 16,14,15 16,14,15 31,20,27 57,39,36 67,45,39 68,46,38 32,36,38 39,44,52 42,47,53 48,54,55 48,54,57 55,64,66 60,65,61 79,79,74 105,105,89
61,40,38 72,48,40 47,36,43 68,44,38 119,84,69 71,45,35 95,62,53 141,91,74 103,64,52 98,62,52 96,65,57 139,80,61 137,90,69 151,88,68 97,95,103 49,77,98 96,104,109 72,80,100 92,110,107 107,122,96 125,137,101 133,146,103 123,142,104 102,128,92 95,120,100 79,105,92 64,83,102 72,81,104 50,51,70 50,48,68 49,50,69 49,50,69 61,51,69 47,32,42 44,32,37 40,30,34 43,35,41 29,28,31 25,26,29 29,28,31 29,28,31 30,27,31 27,29,29 34,26,32 51,40,47 41,33,39 23,17,22 16,14,15 15,15,15 15,15,15 15,15,15 18,13,12 42,29,22 60,40,33 70,49,38 29,32,39 36,42,45 40,45,51 45,51,52 50,54,56 53,58,64 53,58,54 75,76,68 101,103,88
96,65,57 107,71,63 44,32,44 69,49,42 125,78,57 69,47,39 98,62,52 104,61,44 84,57,50 80,54,44 88,60,51 118,80,61 92,51,35 144,91,64 82,90,95 95,95,90 71,80,103 56,72,99 51,71,99 54,77,104 53,72,91 74,92,105 73,91,90 63,86,93 60,79,98 59,79,93 72,93,102 72,88,99 45,51,70 48,49,68 50,48,68 53,54,73 56,48,65 50,37,47 46,36,40 41,33,39 41,33,39 44,36,42 52,41,48 36,35,38 29,28,31 30,28,29 27,26,29 28,25,29 41,33,39 34,28,33 16,13,17 15,15,15 16,14,15 15,15,15 13,13,13 16,14,15 29,19,23 69,46,35 72,49,36 32,33,38 38,40,40 41,43,43 43,49,50 46,52,53 59,66,64 69,71,68 76,77,69 85,86,76
89,57,52 90,57,50 41,28,36 61,38,37 105,69,51 59,36,35 70,44,34 88,62,52 60,39,35 83,56,49 89,58,50 96,63,54 100,61,49 138,87,63 56,74,100 55,76,97 60,79,98 63,83,95 65,85,97 61,88,87 67,92,87 97,120,101 91,112,91 90,113,94 74,103,94 80,111,98 75,106,93 92,110,109 47,48,69 48,49,68 49,50,69 52,50,70 63,58,74 39,26,36 44,34,38 46,35,42 39,28,35 43,32,39 50,39,46 40,29,36 55,42,50 40,34,39 38,35,39 38,37,40 25,26,29 26,25,28 24,21,25 21,19,20 19,14,16 17,10,13 17,9,15 15,9,14 23,16,19 65,43,35 88,60,47 40,30,31 33,33,33 37,37,37 38,39,42 40,45,44 42,48,49 50,52,52 56,58,55 72,74,71
76,52,44 100,72,61 37,29,37 61,40,40 55,38,30 60,42,39 84,57,50 72,45,40 61,40,36 67,47,40 65,47,44 74,54,47 88,55,46 161,97,69 99,91,97 89,90,95 87,92,88 62,85,82 56,75,85 47,65,80 48,70,82 59,84,95 58,80,94 58,80,84 68,92,94 63,95,96 57,84,94 65,80,94 48,51,69 51,49,69 48,49,68 50,51,70 58,56,68 37,29,35 35,27,33 41,33,39 34,26,32 40,29,36 45,34,41 42,31,38 47,36,43 57,43,48 55,42,50 35,27,33 28,22,27 26,23,27 24,21,25 23,21,22 21,19,20 17,14,18 16,10,15 19,13,18 28,18,22 72,49,36 120,77,62 69,56,49 27,29,29 36,31,30 37,27,31 33,23,24 32,27,24 36,24,24 36,23,18 54,33,20
58,37,35 97,63,59 33,27,34 77,49,47 48,34,34 60,37,36 80,58,52 58,42,36 48,36,41 57,40,46 54,40,45 53,39,41 87,54,45 162,103,73 113,103,107 115,114,105 115,115,101 110,114,97 59,68,70 107,111,115 120,121,102 126,129,105 114,123,95 115,132,96 123,149,99 116,145,90 97,125,79 104,121,97 50,53,73 51,49,69 49,51,67 55,56,77 36,29,43 43,30,38 42,34,40 36,28,34 36,28,34 35,27,33 46,35,42 47,36,43 49,38,45 61,47,52 53,40,48 45,37,43 28,22,27 26,23,27 24,21,25 24,22,23 24,22,23 23,21,22 19,17,18 21,15,20 19,19,16 23,18,17 109,78,57 65,69,73 30,18,18 22,16,11 26,17,13 29,20,16 31,20,17 35,22,19 40,25,14 65,39,18
54,33,31 81,57,49 39,27,39 73,45,36 52,40,42 48,34,36 66,46,39 66,48,45 59,45,47 62,45,51 36,30,37 41,37,48 81,47,43 146,93,70 90,87,93 82,80,92 54,57,66 71,75,79 51,61,69 50,55,61 100,107,89 95,108,85 92,106,87 109,123,104 93,110,100 104,121,113 71,96,91 78,90,96 50,57,71 50,53,73 50,51,70 55,56,75 46,39,49 41,33,41 41,33,39 40,29,36 40,29,36 35,27,33 41,33,39 45,34,41 50,37,45 54,41,49 57,42,50 46,35,42 27,24,28 27,24,28 26,24,25 26,24,25 25,23,24 25,22,26 26,23,27 25,22,26 24,22,23 24,22,23 26,21,23 42,42,50 23,12,9 22,16,11 26,17,13 28,18,17 30,20,19 32,21,18 47,33,19 63,42,19
56,38,35 75,53,45 47,36,43 74,50,44 46,30,43 53,39,44 60,42,39 63,47,41 63,45,44 79,56,55 42,36,43 34,32,42 56,42,44 93,67,57 51,65,86 54,68,89 49,62,81 45,58,73 48,59,70 41,54,71 52,66,87 47,62,78 53,68,84 63,73,89 66,77,88 70,82,90 69,86,90 63,72,83 54,58,73 53,54,73 49,52,70 54,55,74 50,41,52 44,33,42 46,35,42 43,32,39 37,26,33 33,25,31 43,32,39 46,35,42 50,37,45 45,34,41 54,41,49 42,31,38 31,28,32 28,25,29 27,24,28 27,24,28 27,24,28 28,25,29 27,24,28 28,25,29 26,24,25 26,24,25 24,22,23 26,24,25 25,15,19 21,14,12 26,20,15 27,20,18 28,21,19 33,22,19 42,28,14 66,40,19
47,40,43 53,39,41 38,30,38 56,42,42 37,28,39 50,36,38 57,40,41 65,48,49 63,45,44 87,61,51 61,45,41 37,33,42 52,40,45 78,52,42 59,69,87 52,60,76 44,54,70 52,65,80 44,50,67 43,52,65 53,61,77 50,57,71 52,60,78 47,56,67 53,62,75 52,62,78 43,61,76 52,61,72 51,52,73 51,52,73 49,52,70 49,51,67 45,37,43 42,31,38 40,29,36 41,33,39 33,25,31 36,28,34 40,32,38 55,42,52 57,46,53 57,46,53 46,35,44 43,32,39 33,30,34 28,25,29 28,25,29 28,25,29 28,25,29 30,27,31 30,27,31 31,28,32 27,24,28 26,24,25 24,21,25 24,23,26 33,32,35 26,23,27 42,46,48 54,59,55 121,123,108 175,163,124 214,198,144 232,218,152
43,32,41 43,34,45 37,30,40 71,53,50 40,32,38 48,35,45 50,38,40 51,39,44 58,46,51 68,52,50 70,45,46 49,41,47 60,46,46 100,63,48 70,66,77 59,68,81 40,51,64 46,59,74 37,52,68 41,51,69 41,54,69 43,53,69 40,50,66 42,51,64 64,71,85 58,65,77 66,74,81 61,64,75 51,49,69 51,52,71 50,55,65 50,53,64 45,37,43 44,33,40 36,25,32 40,32,38 33,25,31 38,30,36 39,34,36 52,39,49 51,40,47 54,43,52 46,35,44 43,32,39 33,30,34 31,28,32 30,27,31 27,25,26 26,23,27 27,24,28 28,25,29 33,27,32 29,23,28 25,22,26 25,22,26 25,24,27 24,23,26 29,28,31 42,46,48 46,51,50 53,57,59 100,91,72 157,141,108 188,171,122
40,33,43 37,33,42 40,31,42 66,48,47 43,35,43 43,32,39 62,45,48 39,35,44 41,37,48 49,38,47 66,49,52 52,42,46 47,35,37 116,77,63 75,57,66 45,48,66 48,50,66 53,58,68 51,58,70 69,73,75 80,81,86 63,66,73 60,65,71 52,60,67 49,59,67 51,63,69 51,63,71 41,46,52 50,55,63 53,56,76 55,64,66 57,58,61 44,33,40 47,36,43 36,25,32 30,22,28 36,28,34 42,31,38 45,34,41 51,40,49 49,38,45 57,46,55 51,40,47 40,32,38 33,30,34 33,30,34 33,30,34 30,27,33 27,24,30 31,28,34 25,22,26 24,21,25 25,22,26 33,30,34 32,31,34 27,26,29 25,24,27 31,30,33 41,45,47 46,50,52 64,64,61 97,92,78 142,128,99 174,160,115
36,30,37 51,40,49 40,33,43 49,43,50 40,33,45 43,34,47 62,49,57 40,36,45 34,28,35 70,52,47 58,45,53 42,36,43 52,42,41 120,76,64 60,51,45 67,84,74 73,88,72 73,88,74 66,84,69 72,87,75 59,73,69 54,70,70 47,64,59 43,57,67 62,80,67 68,86,73 68,81,80 47,59,50 54,60,61 64,73,75 57,66,68 51,55,59 45,34,41 46,35,42 37,26,33 30,22,28 30,22,28 44,33,40 49,38,45 56,45,54 47,35,40 54,43,52 52,41,48 38,30,36 33,30,34 33,30,34 32,29,33 34,31,37 38,35,41 39,36,42 38,35,39 34,31,35 28,25,29 27,24,28 32,31,34 33,32,35 27,26,29 33,32,35 39,43,45 46,51,50 68,69,61 97,95,77 136,124,96 164,150,107
37,35,43 49,47,48 33,29,38 43,37,44 40,39,42 44,38,45 78,56,59 44,35,46 64,48,42 83,59,51 55,43,45 39,33,40 61,48,43 99,73,61 77,62,51 62,70,58 61,76,60 65,77,57 61,74,60 74,87,73 61,72,57 86,97,68 98,110,63 81,93,59 89,101,65 86,98,60 50,54,37 82,90,65 56,63,45 86,98,53 71,81,59 58,58,58 53,42,49 45,34,41 37,29,35 41,33,39 34,27,30 35,28,31 44,37,40 51,42,53 54,39,47 50,39,46 47,36,43 38,30,36 34,31,35 37,34,38 37,34,38 35,32,36 37,36,41 38,37,42 39,37,45 37,36,39 33,32,35 29,28,31 30,29,32 33,32,35 30,29,32 34,35,38 41,47,48 47,54,52 62,64,61 97,92,78 132,120,92 153,138,102
44,44,41 42,40,41 34,33,36 44,42,38 43,44,47 51,49,50 95,74,63 65,49,45 80,65,56 71,56,45 64,51,44 47,38,34 64,62,44 68,61,45 102,95,56 79,79,45 79,85,44 79,84,41 80,86,45 90,96,55 87,95,54 95,103,50 102,109,50 91,101,38 106,114,52 98,106,44 62,67,31 103,112,56 86,91,55 81,86,54 73,80,48 48,46,44 50,45,47 41,36,38 38,31,34 42,37,39 40,33,36 35,30,32 45,38,41 50,42,48 50,36,38 40,32,38 42,34,40 40,35,37 37,34,38 38,35,39 38,35,39 37,34,38 37,36,39 38,37,40 38,37,42 38,37,40 34,33,36 31,30,33 30,27,31 33,32,35 32,29,33 36,35,38 39,45,46 49,56,54 66,68,68 90,89,78 121,111,87 147,134,100
41,48,46 39,45,36 45,47,32 58,60,45 54,55,45 62,64,47 71,67,50 63,58,46 68,60,47 68,61,43 109,102,75 69,65,44 49,47,29 79,74,44 123,113,71 100,95,42 116,115,61 101,100,46 105,108,48 104,108,54 110,114,58 103,107,49 90,93,42 104,109,48 119,124,61 112,117,56 80,87,39 85,88,39 103,106,57 86,88,46 74,79,32 51,49,45 57,47,51 64,54,58 57,46,53 41,36,35 61,42,30 41,33,39 43,35,41 52,44,50 53,41,46 42,35,38 35,33,31 37,32,34 37,34,38 37,34,38 34,33,36 36,35,38 36,35,38 37,36,39 39,38,41 39,38,41 38,37,40 38,35,39 37,34,38 34,31,35 40,37,41 41,38,42 43,42,45 48,49,52 66,66,61 92,89,76 125,112,89 143,126,98
78,88,94 61,73,66 61,69,48 73,81,88 45,56,57 50,61,48 67,69,52 68,70,44 75,74,47 71,67,32 105,101,55 114,111,60 111,107,59 107,104,51 111,109,47 112,107,56 119,113,67 91,79,51 84,71,50 84,71,48 94,79,57 94,79,57 94,81,58 83,68,59 52,42,30 72,70,39 75,78,45 80,80,37 100,103,43 120,120,61 71,72,33 50,50,45 53,48,45 43,39,33 48,41,41 54,49,48 87,67,47 39,34,36 42,37,39 43,38,40 56,50,45 41,34,37 35,33,31 37,34,38 36,35,38 37,36,39 36,35,38 37,36,39 36,35,38 36,35,38 38,37,40 41,39,47 44,42,50 44,40,49 46,42,51 46,42,51 44,41,45 44,41,45 43,42,45 46,47,50 72,68,58 101,94,78 131,114,88 138,125,93
65,67,62 66,70,55 60,69,41 46,56,60 36,50,43 47,57,51 65,71,60 89,85,50 100,97,53 98,94,46 134,128,82 120,115,62 106,101,50 104,97,58 91,80,47 91,78,55 92,79,56 92,82,44 93,78,58 95,80,58 98,83,61 106,91,69 101,87,58 87,73,57 68,57,50 40,30,34 35,31,25 50,49,22 96,95,41 111,108,53 61,62,25 57,58,50 50,51,41 51,52,40 55,54,47 60,56,48 98,78,58 46,45,36 47,45,43 56,54,52 84,63,50 43,36,39 40,38,36 38,35,39 36,35,38 36,35,38 36,35,38 36,35,38 34,33,36 36,35,38 37,36,39 41,39,47 44,42,50 39,35,44 39,35,44 44,40,49 44,41,45 44,41,45 40,39,42 41,42,45 79,74,60 114,105,86 143,127,96 150,134,101
71,71,37 79,75,54 69,68,57 53,56,48 54,61,43 83,83,51 93,82,47 97,83,54 93,79,50 95,82,48 99,86,54 78,59,45 86,71,51 94,82,52 99,84,62 100,86,61 101,87,60 101,87,60 103,86,62 105,88,64 113,92,69 115,96,73 113,94,69 102,88,70 91,76,65 67,56,51 33,31,32 32,28,37 38,31,15 67,61,38 72,70,50 51,53,38 46,51,29 53,58,34 52,55,43 51,54,42 97,68,48 62,63,51 47,47,44 53,53,48 86,68,49 51,52,44 55,54,45 47,42,41 34,33,36 34,33,36 34,33,36 34,33,36 33,32,35 33,32,35 34,33,36 43,42,47 43,41,49 39,36,42 36,30,35 40,34,39 40,37,43 40,37,41 37,34,38 37,34,38 79,71,58 126,114,88 153,136,99 162,145,106
89,89,46 73,87,83 63,56,54 60,53,33 85,76,49 94,86,50 73,62,43 45,26,40 66,48,43 80,63,53 96,82,68 97,84,61 97,82,60 98,83,61 101,88,67 106,92,67 105,93,67 105,93,67 106,92,67 112,93,68 121,100,75 124,103,78 123,104,79 123,104,79 107,88,72 83,71,61 50,43,43 37,37,37 33,30,34 31,29,30 29,29,29 39,42,32 45,48,36 57,61,46 48,51,39 55,59,44 68,60,38 53,56,46 61,62,50 48,52,37 78,64,48 53,52,43 52,51,42 49,47,43 36,35,38 37,36,39 36,35,38 36,36,36 33,33,33 34,34,34 37,36,41 43,42,47 43,41,49 40,36,45 35,32,38 37,31,38 43,36,46 41,37,46 39,33,40 34,31,37 77,69,56 133,122,89 165,149,107 171,155,111
51,56,32 53,29,47 56,37,51 64,64,32 74,68,34 81,65,52 94,78,65 98,84,68 99,83,70 96,82,68 89,75,61 92,76,63 98,84,57 103,89,64 109,95,70 116,99,73 117,98,73 117,98,73 120,99,74 125,104,79 131,105,80 135,109,84 137,108,84 136,107,83 119,102,76 103,85,64 76,65,62 42,39,43 34,33,36 34,33,36 32,31,34 30,29,34 26,26,26 27,27,27 43,45,42 48,50,35 68,71,47 57,62,42 58,61,41 45,48,40 34,33,26 18,18,26 23,21,22 29,29,29 35,32,36 37,36,39 36,35,38 34,33,36 33,32,35 34,33,36 40,36,47 44,40,49 47,43,52 46,39,49 35,32,38 37,29,35 33,31,39 40,36,47 40,36,45 35,31,40 69,60,45 126,112,83 173,156,109 176,159,110
31,32,11 30,31,10 41,42,23 86,76,64 98,87,72 99,85,67 96,82,66 86,72,54 91,77,63 78,67,52 68,57,42 88,72,57 102,88,63 113,94,69 119,100,75 128,104,82 128,104,82 124,100,76 124,103,78 127,106,81 135,110,82 136,111,83 134,109,81 134,109,81 132,107,79 122,103,78 89,79,67 56,51,53 37,35,43 36,35,38 34,33,36 33,32,35 32,31,34 27,26,29 26,26,26 24,21,25 21,19,20 23,18,20 20,19,22 23,20,26 24,21,25 25,22,26 27,21,28 24,24,24 33,33,33 37,34,38 36,35,38 36,35,38 37,34,38 37,36,39 40,33,43 42,35,47 46,39,49 46,39,49 40,36,45 38,30,38 33,27,34 37,30,40 35,31,40 34,30,39 69,60,45 126,112,83 169,152,105 170,153,106
67,58,41 91,80,63 94,80,64 90,77,56 87,76,57 72,63,48 41,38,23 25,29,12 25,29,12 47,49,32 67,65,47 86,72,56 104,87,63 117,96,73 119,100,75 125,104,79 127,106,81 129,103,80 130,104,81 132,106,81 136,109,77 136,108,79 134,109,79 134,106,79 134,108,83 126,102,78 100,84,69 66,56,55 36,35,40 36,35,40 36,35,40 34,33,38 33,32,35 31,30,33 29,28,31 27,24,28 25,22,26 28,25,29 28,25,29 30,27,31 30,27,31 28,25,29 26,23,27 27,25,26 28,26,27 34,31,35 36,35,38 36,35,38 36,35,38 36,35,38 38,35,41 35,31,40 35,31,40 34,31,37 34,31,37 34,30,39 37,29,35 32,26,31 28,25,29 28,25,29 73,62,47 131,116,78 175,158,111 174,157,106
77,66,49 83,72,55 64,55,40 39,42,22 32,40,19 43,55,37 44,55,40 39,48,29 36,45,26 46,48,31 64,59,45 86,72,56 105,88,64 116,98,77 121,104,78 128,104,80 127,103,77 124,103,76 124,103,76 129,103,78 134,109,79 132,107,79 133,105,76 130,104,81 131,105,80 126,102,78 97,83,67 62,55,53 36,35,40 36,34,42 36,34,42 36,34,42 36,35,38 32,31,34 30,29,32 29,28,31 28,25,29 30,27,31 30,27,31 31,28,32 31,28,32 30,27,31 28,25,29 27,24,28 26,23,27 27,26,29 33,32,35 36,35,38 37,36,39 34,33,36 31,28,32 30,27,31 28,22,27 29,23,28 28,22,27 29,23,28 25,23,24 25,22,26 25,22,26 31,28,32 97,88,57 139,124,84 160,143,94 166,149,102
36,42,31 42,48,37 45,53,39 38,47,30 33,40,22 31,42,29 33,41,29 41,49,35 38,46,32 45,44,35 67,59,46 93,77,60 109,95,70 119,98,73 124,103,78 122,101,76 128,102,77 129,103,78 132,103,81 133,105,78 134,108,83 131,105,80 132,103,79 132,103,79 130,105,77 119,95,71 89,75,59 56,49,47 34,33,38 37,35,43 37,35,43 37,35,43 36,35,38 33,32,35 32,31,34 30,29,32 29,28,31 31,28,32 30,27,31 30,27,31 30,27,31 28,25,29 28,25,29 27,24,28 27,24,28 27,24,28 29,28,31 34,33,36 34,33,36 32,29,33 29,21,27 27,19,27 28,22,27 33,30,34 31,23,29 29,21,27 27,19,25 27,19,25 25,22,26 37,35,36 50,35,24 75,60,51 84,69,58 44,29,18
53,59,48 46,52,41 38,46,32 40,48,34 33,39,26 32,38,29 39,37,33 64,44,56 58,38,50 49,42,42 66,58,47 90,77,56 104,92,66 114,97,73 118,99,76 120,101,74 126,103,74 133,105,78 131,105,82 133,104,80 130,105,75 132,104,77 134,106,77 133,105,76 132,107,79 124,98,77 91,77,61 56,49,47 37,36,41 38,36,44 38,37,42 37,35,43 36,35,38 33,32,35 32,31,34 31,30,33 30,29,32 30,27,31 29,28,31 28,25,29 27,26,29 30,27,31 30,27,31 28,25,29 28,25,29 27,24,28 27,24,28 32,29,33 34,33,36 33,30,34 26,20,25 24,12,17 20,15,17 32,30,31 40,37,41 43,35,41 31,23,29 30,22,28 26,23,27 45,43,41 28,19,11 29,16,9 26,15,10 26,16,6
48,56,42 47,55,41 39,45,34 42,50,36 33,39,26 34,37,27 39,39,36 48,32,47 43,35,41 45,43,41 63,55,44 86,72,54 101,88,65 110,93,69 116,97,72 122,101,74 130,105,77 131,106,78 127,103,77 129,106,75 134,106,79 134,106,79 135,110,80 141,111,83 145,115,87 132,107,79 97,83,69 66,57,51 40,36,45 38,36,44 38,36,44 37,35,43 34,33,36 34,33,36 32,31,34 32,29,33 29,28,31 29,28,31 29,28,31 30,27,31 29,28,31 28,25,29 28,25,29 27,24,28 28,25,29 26,25,28 26,25,28 26,25,28 32,31,34 33,32,35 27,24,28 26,19,22 26,21,23 28,23,25 38,35,39 44,41,45 44,38,43 42,36,41 37,36,41 34,39,38 28,18,22 26,15,10 26,15,8 29,16,9
50,58,44 48,56,42 41,47,36 33,42,25 33,39,26 37,40,30 33,39,26 36,40,23 27,31,16 33,34,26 55,49,44 75,63,51 93,79,63 106,91,71 119,100,75 130,105,75 135,110,80 136,111,81 137,109,80 136,108,79 136,108,79 137,107,79 142,112,84 146,116,88 149,116,89 144,114,86 122,98,76 97,81,66 51,46,48 40,38,46 40,38,46 38,36,44 37,36,41 36,36,36 34,33,36 33,32,35 32,31,34 30,29,32 29,28,31 31,28,32 30,27,31 30,27,31 30,27,31 28,25,29 26,25,28 27,24,28 27,24,28 27,24,28 31,28,32 34,31,35 36,35,38 34,29,31 33,26,29 29,23,28 23,20,24 34,31,35 46,45,48 44,45,48 43,44,49 39,43,45 29,25,19 27,16,9 27,16,9 29,17,7
48,55,39 41,48,32 49,57,47 45,57,48 34,40,31 36,39,29 30,36,23 32,44,24 23,30,14 39,37,33 48,41,39 71,59,49 92,78,62 105,92,71 122,98,72 133,105,76 138,110,81 137,109,80 136,108,79 137,107,79 138,108,80 140,110,82 149,120,89 153,124,91 153,120,93 151,118,91 144,114,88 109,94,74 68,57,52 48,43,45 40,39,44 39,37,45 39,37,45 39,38,41 38,37,40 37,36,39 34,33,36 32,31,34 32,31,34 32,29,33 29,28,31 30,27,31 28,25,29 28,25,29 26,25,28 27,24,28 26,25,28 28,22,27 27,24,28 35,32,36 37,36,39 35,32,38 33,26,29 31,24,27 29,23,28 28,22,27 26,20,25 31,30,33 39,46,41 48,53,47 27,21,14 26,20,15 24,14,13 27,15,5
46,52,41 48,54,43 48,56,42 51,57,48 51,53,48 37,39,36 52,54,49 53,55,52 43,50,48 45,45,45 43,38,37 60,49,44 85,71,57 100,86,68 124,100,74 132,104,75 140,110,82 140,110,82 140,110,82 140,110,82 141,111,83 145,115,87 151,122,91 152,123,90 153,124,89 152,123,88 150,117,90 123,104,81 89,76,69 63,56,56 41,40,43 40,39,42 39,38,43 39,38,43 39,38,43 38,37,42 37,36,39 34,33,36 32,33,36 33,32,35 29,28,31 30,27,31 28,25,29 27,24,28 27,26,29 28,25,29 27,26,29 28,25,29 28,25,29 30,27,31 37,36,39 39,38,43 35,32,38 32,26,31 35,28,31 37,30,33 33,28,30 33,33,33 39,46,44 46,46,43 32,22,10 25,21,13 22,18,10 27,15,5
55,62,60 46,53,51 42,55,41 44,50,41 51,51,48 53,53,50 50,50,47 64,65,70 64,69,75 60,62,62 51,49,47 59,50,46 78,67,52 97,84,63 122,98,72 136,108,79 139,111,82 139,109,81 141,111,83 141,111,85 140,110,82 147,117,89 152,125,93 158,131,95 152,125,89 150,123,89 149,120,89 131,105,80 102,89,68 82,66,62 53,48,50 40,37,41 39,37,45 39,37,45 38,36,44 38,37,42 37,36,39 36,35,38 34,33,36 33,32,35 30,29,32 32,26,31 27,24,28 28,25,29 27,24,28 26,25,28 27,26,29 27,26,29 30,29,32 31,30,33 32,31,34 38,37,40 41,39,47 33,31,39 29,23,28 27,21,26 26,20,25 34,34,34 40,45,44 40,38,39 34,23,4 28,20,9 23,14,8 27,15,3
33,40,38 33,41,29 45,58,44 29,37,23 38,40,35 45,47,42 39,41,36 45,47,44 65,66,69 62,62,62 55,57,54 55,50,47 73,63,51 93,80,59 118,97,70 132,104,75 136,108,79 138,110,81 140,110,82 140,112,85 141,111,83 150,122,93 155,128,96 158,131,95 153,126,90 153,126,92 153,124,93 147,117,91 126,107,84 98,82,67 55,48,46 40,39,42 39,37,45 39,37,45 39,37,45 38,36,44 37,36,39 37,36,39 34,33,36 32,31,34 31,30,33 29,28,31 28,25,29 28,25,29 28,25,29 27,26,29 29,28,31 30,29,32 30,29,32 32,31,34 32,31,34 34,33,36 39,37,45 39,37,45 39,36,42 41,40,45 48,47,52 51,50,53 47,47,44 36,29,13 30,22,11 29,16,11 26,16,6 28,16,4
35,42,37 33,40,35 41,47,38 48,54,45 35,38,30 34,35,27 37,37,34 42,47,46 46,47,39 38,40,35 47,45,46 56,51,50 73,63,53 97,82,62 115,94,69 131,102,78 136,108,79 138,110,81 138,110,81 139,111,82 138,110,81 148,120,91 157,129,100 162,135,103 159,132,100 155,128,96 151,123,94 146,118,89 127,103,77 101,85,70 68,59,55 41,40,43 38,37,42 38,37,42 39,37,45 39,37,45 37,37,37 37,36,39 34,33,36 32,31,34 29,28,31 28,25,29 27,24,28 26,23,27 28,25,29 29,28,31 30,29,32 29,28,31 31,30,35 32,30,38 34,34,34 36,34,42 34,32,40 38,37,42 41,42,45 48,53,59 58,62,66 59,60,65 48,46,44 34,22,10 23,17,12 20,14,9 25,16,10 31,18,13
38,38,35 39,39,36 35,38,30 41,52,41 35,38,30 37,37,34 40,40,40 40,45,44 38,38,38 46,48,48 52,54,54 58,53,52 79,69,59 99,83,68 118,97,70 128,103,73 136,108,81 138,110,83 139,111,82 138,110,81 138,110,81 151,123,94 161,133,104 172,145,113 161,134,100 158,131,97 152,124,95 147,119,90 133,112,87 105,90,70 72,63,57 41,40,43 38,37,40 38,37,40 37,35,43 37,35,43 37,36,39 37,36,39 34,33,36 31,30,33 29,28,31 28,25,29 30,27,31 28,25,29 28,25,29 27,26,29 29,28,31 31,30,33 32,30,38 33,31,41 34,33,36 36,35,38 36,35,40 44,43,48 44,45,48 43,44,47 42,43,46 44,45,50 30,26,9 26,16,6 19,13,8 19,9,10 20,14,7 26,15,10