19,19,14 16,16,11 50,52,52 11,21,15 21,23,20 16,18,15 17,19,14 10,22,30 52,108,178 79,123,186 76,132,177 69,111,131 19,22,29 21,22,27 18,22,24 16,24,29 20,23,32 24,28,41 22,25,32 24,28,41 22,22,32 19,18,21 20,20,28 20,20,28 19,24,34 19,22,33 20,23,32 19,22,29 28,33,43 24,31,45 40,50,66 27,30,39 21,22,25 20,23,30 21,22,25 21,25,29 20,25,33 19,24,34 32,39,62 33,41,50 20,23,32 17,24,17 22,22,22 18,24,13 23,23,20 32,39,21 20,26,15 21,23,23 15,17,12 25,26,16 19,25,16 17,17,14 15,16,19 20,22,17 27,33,20 13,20,4 17,19,14 18,20,15 45,55,31 15,22,17 18,24,11 14,20,9 29,37,16 22,25,13
19,19,19 19,19,19 15,17,17 42,57,60 16,18,15 16,18,15 15,18,10 9,18,18 85,149,212 86,125,162 75,120,137 35,47,43 19,24,23 21,23,23 19,18,21 22,27,33 23,21,29 24,24,34 22,22,30 22,29,41 18,18,28 20,19,22 21,21,29 21,21,29 19,24,32 19,27,36 20,23,30 19,25,28 22,27,37 26,33,47 36,46,62 26,29,38 21,22,25 18,22,24 18,19,22 21,25,29 22,27,35 19,24,34 32,40,60 31,38,50 16,21,17 31,42,11 23,21,31 29,40,25 19,24,23 18,23,22 13,19,6 28,32,17 13,18,12 43,60,20 27,42,7 17,17,12 21,23,20 16,18,13 16,22,13 23,24,14 16,19,9 15,17,12 17,19,19 39,50,21 25,34,15 13,19,6 17,20,10 17,20,12
15,20,26 6,18,22 39,41,41 16,18,18 43,63,66 16,18,15 16,18,15 28,40,64 74,141,178 70,118,155 35,60,73 38,54,54 20,25,24 19,25,26 19,22,29 15,17,17 21,22,25 18,19,22 23,23,33 25,29,44 19,22,29 23,23,31 18,18,26 19,22,29 21,26,34 21,24,31 19,23,27 18,20,20 22,25,34 27,32,42 37,46,59 22,23,26 23,24,27 22,23,26 18,19,22 19,25,28 25,28,39 22,22,30 29,32,50 27,35,42 27,31,44 28,36,24 22,22,30 15,17,12 15,17,14 20,20,28 42,54,16 22,25,17 15,23,11 19,20,10 13,19,6 13,19,8 20,25,19 17,19,14 16,19,11 17,19,14 16,18,13 15,17,12 17,20,12 18,21,13 16,22,13 20,22,22 15,18,10 14,16,13
12,16,20 15,17,12 52,68,79 21,26,32 18,28,25 40,55,58 18,18,15 91,143,197 43,86,125 62,97,90 41,65,69 39,60,69 20,22,22 12,21,21 19,25,28 20,21,24 18,17,20 17,18,21 24,24,32 20,27,39 21,21,29 20,21,26 19,18,21 21,21,29 20,23,30 22,22,30 20,21,24 21,22,27 19,24,30 29,34,42 32,35,46 21,27,28 22,23,26 22,23,26 17,19,19 21,22,25 22,25,32 22,22,32 19,26,38 37,45,54 37,47,41 28,33,43 22,25,34 17,19,16 19,19,16 17,25,15 16,22,13 21,23,18 20,22,22 41,50,22 34,45,16 16,21,17 14,20,11 21,24,14 19,20,10 15,18,10 16,19,11 14,17,9 15,18,8 12,17,11 16,22,13 16,16,13 16,18,13 18,20,15
16,26,23 18,23,22 12,28,26 20,20,17 20,23,32 16,24,29 14,27,42 42,89,115 61,100,153 51,66,80 30,50,53 17,23,26 21,23,23 19,23,25 62,77,82 21,22,27 19,18,21 20,21,24 17,18,23 22,27,37 20,16,25 20,21,26 20,21,24 20,23,30 18,23,29 20,23,30 20,26,29 18,20,17 20,24,28 32,37,45 18,18,26 21,22,25 20,24,26 18,22,26 20,21,24 22,24,21 21,22,25 26,24,32 22,30,37 34,41,53 45,51,68 30,37,49 26,33,47 29,29,37 16,19,11 18,20,17 18,23,17 34,40,27 11,16,10 14,21,14 16,18,13 20,20,17 13,20,13 15,23,11 14,16,16 16,19,11 19,19,14 15,15,12 18,21,13 14,16,11 16,19,11 17,19,14 15,21,12 14,16,13
5,38,43 20,32,36 15,19,21 22,24,24 39,63,65 15,25,31 23,32,34 60,113,162 64,98,112 16,35,45 28,47,55 19,23,27 18,20,20 21,23,23 22,27,26 20,21,24 20,19,24 16,17,22 21,21,29 20,28,35 16,15,20 16,20,22 20,21,24 16,20,22 20,24,28 20,24,28 20,23,30 22,24,24 20,24,26 33,37,50 20,23,30 21,21,29 21,22,25 20,21,24 18,20,20 22,24,24 22,23,26 25,28,35 27,30,41 26,31,41 33,41,50 29,32,41 24,31,45 31,31,41 23,30,14 34,39,19 16,19,9 27,38,7 28,34,21 46,56,21 30,35,15 15,17,12 20,26,17 16,18,13 17,19,16 17,19,14 17,17,14 13,13,10 16,18,13 18,18,13 16,18,13 17,20,10 18,21,11 13,16,8
16,18,18 10,22,26 40,67,70 31,48,43 13,14,19 18,20,20 21,43,47 63,81,96 78,108,128 38,52,62 26,36,40 39,62,59 17,19,19 23,20,24 19,24,23 22,27,33 24,33,33 18,17,20 17,23,24 10,30,46 27,28,33 17,18,21 18,19,24 20,21,24 17,18,21 21,22,27 14,24,32 16,21,20 19,23,27 25,33,40 23,23,33 18,19,24 21,22,25 20,21,24 21,23,23 21,25,27 17,19,19 24,24,32 22,25,32 22,25,36 34,40,43 25,29,33 28,32,47 25,28,37 16,18,15 18,20,15 25,26,14 37,45,22 17,19,19 32,34,29 19,26,10 13,10,14 16,18,13 17,20,12 14,16,11 14,17,9 17,17,17 15,15,12 18,18,13 13,15,12 15,17,12 16,18,13 20,23,15 15,17,12
29,29,37 47,73,79 11,29,28 33,53,56 8,24,24 50,61,62 47,55,60 37,66,66 14,31,35 31,46,60 20,24,28 21,18,22 21,23,23 20,19,22 21,22,25 52,79,82 12,25,26 16,17,20 19,24,23 44,60,71 16,17,20 17,19,19 17,19,19 15,21,22 18,19,22 21,24,31 19,23,25 14,18,20 20,21,24 22,21,24 18,19,22 17,25,30 24,37,38 14,28,24 19,23,25 18,20,20 20,24,26 21,25,29 22,23,28 20,23,32 43,51,56 27,33,36 30,36,57 21,21,29 15,17,14 13,15,12 15,21,10 17,25,13 17,19,19 20,23,13 26,34,20 16,18,15 16,19,11 16,18,13 14,16,13 17,20,12 17,17,14 15,17,12 14,16,11 14,16,11 15,17,14 15,17,17 14,16,16 15,17,14
53,73,78 28,31,42 54,84,79 21,38,44 52,85,90 20,35,38 55,78,87 19,31,39 37,57,60 20,21,24 32,48,57 20,21,24 15,24,24 18,17,20 18,22,24 28,48,51 16,21,20 20,21,24 20,26,27 21,25,27 18,19,22 35,40,39 19,23,25 20,24,26 20,22,22 23,23,31 18,22,24 17,18,21 21,22,25 16,20,22 67,96,94 79,115,129 81,117,133 67,98,102 61,87,74 63,88,72 21,23,23 22,21,26 20,19,24 25,26,31 33,38,46 31,36,42 30,38,54 23,23,31 18,20,20 17,19,16 14,21,5 21,23,18 16,14,15 18,21,13 23,22,25 18,18,18 25,28,18 16,18,13 15,17,12 15,17,12 13,15,12 17,18,10 16,18,15 17,20,12 16,18,15 16,19,11 15,17,12 15,18,10
43,65,69 33,41,48 22,31,31 15,21,24 35,56,54 15,23,30 19,29,33 17,27,35 15,25,29 21,26,25 20,37,43 20,26,27 19,23,25 16,25,25 21,23,23 16,21,20 21,25,27 20,18,19 12,28,26 21,23,23 18,18,15 16,18,18 19,35,33 15,20,19 18,17,20 18,24,25 19,24,23 50,56,57 34,35,38 64,88,80 71,105,105 77,109,119 86,121,142 78,109,126 62,88,75 64,87,70 65,85,71 21,23,23 21,22,25 23,26,33 32,40,45 31,39,44 32,39,51 22,22,30 35,39,41 16,18,15 14,20,11 12,12,12 18,16,14 20,28,5 19,27,4 19,19,19 39,56,9 17,20,12 13,15,15 20,20,15 13,15,12 18,18,13 14,16,16 15,17,12 14,16,11 13,15,10 11,13,13 15,17,14
28,45,51 62,94,102 19,46,56 21,43,47 13,33,47 67,112,129 36,72,88 23,51,58 9,48,58 15,45,56 48,81,86 19,25,26 19,29,35 55,72,78 26,36,33 18,20,20 18,20,17 15,21,22 25,42,48 40,49,51 20,22,22 19,18,21 19,25,26 39,60,56 15,21,22 15,19,21 22,31,31 61,70,70 47,56,56 64,90,82 65,93,87 63,89,78 73,105,115 79,109,120 69,94,78 60,86,63 60,84,62 54,67,55 20,24,26 62,70,77 31,36,44 34,42,47 30,33,42 28,28,36 37,41,45 18,18,15 16,18,15 26,27,17 19,17,18 22,22,22 30,33,21 16,18,18 18,20,15 18,19,11 16,19,11 13,15,15 16,19,11 17,18,10 14,16,16 13,15,12 13,15,12 17,20,12 14,16,13 13,15,12
9,31,33 21,31,37 38,79,77 22,34,38 19,31,37 18,36,35 22,34,38 22,31,31 25,35,39 19,28,28 19,29,33 16,28,34 27,35,40 20,27,25 19,30,29 14,26,22 15,21,24 37,48,47 28,45,51 20,21,24 20,26,27 17,18,23 21,23,23 18,23,22 19,23,25 15,16,19 15,24,26 23,27,29 76,92,90 18,23,22 77,102,84 64,91,73 73,105,102 90,122,132 75,102,86 73,96,77 63,88,68 64,90,67 56,73,68 26,35,35 28,33,41 40,45,51 21,25,29 20,20,28 28,29,34 16,16,16 17,19,14 13,12,15 13,14,17 18,17,20 20,28,5 20,21,24 17,21,6 16,16,16 16,16,11 16,19,11 16,18,15 13,13,13 15,17,12 15,18,10 17,20,12 15,17,14 16,16,13 17,19,16
24,35,34 18,29,28 10,19,19 23,36,37 31,51,54 47,82,75 15,28,27 19,26,24 18,25,23 17,23,24 18,23,22 16,26,32 21,33,41 19,28,28 20,24,26 18,24,25 24,35,36 18,27,29 15,20,19 26,35,35 26,32,33 20,29,29 19,25,26 20,18,19 16,21,20 22,23,26 19,24,23 36,59,54 64,95,85 27,44,36 50,72,62 63,90,74 67,97,80 67,88,86 54,71,63 56,74,61 59,77,64 60,78,65 60,80,66 19,23,25 32,37,47 32,38,39 29,33,35 24,25,28 24,26,26 13,12,15 13,14,17 12,12,12 10,11,14 17,18,21 22,24,24 18,20,20 18,19,24 18,21,13 16,16,16 16,18,18 19,19,16 16,16,16 13,15,12 14,16,11 20,23,15 14,16,16 13,15,12 15,17,14
29,40,39 15,19,21 30,39,39 51,64,65 17,23,24 15,20,19 16,28,24 23,32,34 21,31,35 19,29,33 16,39,48 18,27,29 22,32,40 38,45,59 24,34,40 25,36,37 21,22,25 15,19,21 18,28,25 22,24,21 16,21,20 19,19,19 20,22,22 20,21,24 23,24,29 18,19,22 17,30,29 59,88,79 61,90,78 38,52,45 67,93,80 70,94,83 34,44,38 29,40,29 37,47,39 24,34,28 33,40,35 33,40,35 25,35,32 37,49,53 34,42,51 14,20,21 24,24,24 21,22,27 18,19,22 18,17,20 17,17,14 13,10,14 13,10,14 18,17,20 20,19,22 16,15,18 18,20,20 20,19,24 17,19,19 17,20,12 15,17,12 16,18,15 14,16,13 16,16,16 17,19,16 15,18,10 19,19,14 18,18,15
21,28,23 69,85,85 19,25,28 18,24,25 18,25,23 17,26,26 15,24,24 26,38,42 64,92,99 24,39,46 27,39,43 21,31,35 20,24,28 22,29,27 20,24,26 29,37,44 16,26,20 25,36,35 20,27,25 18,25,23 19,26,21 18,22,24 17,24,22 15,20,19 42,46,59 32,47,52 64,97,89 58,84,73 58,82,71 24,36,29 62,86,73 68,88,89 72,83,84 34,39,35 40,43,50 47,53,54 43,51,39 47,53,54 49,54,60 16,17,22 29,35,38 28,29,32 24,25,30 16,20,24 17,18,21 20,19,22 15,15,15 14,12,13 13,10,14 19,18,21 19,18,21 20,19,22 22,21,24 20,19,22 20,21,24 14,16,13 17,20,12 16,19,11 17,19,14 13,15,12 16,16,16 14,16,13 16,16,13 16,19,11
44,61,67 16,20,22 20,26,27 20,27,25 23,35,39 20,21,24 48,63,66 18,28,32 24,39,46 18,28,32 19,25,26 19,28,28 19,31,27 19,30,31 18,29,28 20,29,31 21,28,26 25,34,36 34,39,45 43,52,63 18,27,27 18,27,29 47,58,71 54,68,89 71,105,101 73,107,96 65,96,86 56,85,73 53,77,66 18,28,22 56,80,67 67,85,84 63,84,82 75,96,92 47,59,50 46,58,51 84,108,110 80,105,100 38,50,41 17,23,24 27,27,35 24,25,28 31,32,35 30,31,36 17,17,17 47,50,61 17,17,14 13,11,12 12,12,12 15,14,19 18,17,20 22,21,24 20,19,22 20,19,22 21,22,25 16,19,11 11,16,12 10,17,10 16,16,11 17,19,16 17,19,14 14,16,13 14,16,11 11,13,10
17,24,22 19,26,24 20,27,25 24,30,33 14,21,19 16,20,24 22,28,31 24,39,53 17,23,26 20,22,22 22,27,26 24,33,35 22,32,36 17,27,31 21,27,28 15,26,25 23,34,33 19,27,32 20,30,46 24,38,61 47,54,68 56,68,90 59,72,89 51,66,84 72,108,91 72,102,95 65,94,85 57,83,72 53,75,65 21,26,22 49,66,58 50,67,59 46,63,55 45,59,52 38,48,42 52,66,62 51,62,63 36,40,42 33,40,33 34,36,33 32,33,36 17,16,19 16,18,18 18,20,36 15,16,19 18,22,26 16,16,16 13,10,14 13,11,12 16,15,18 19,18,21 20,19,22 19,18,21 17,18,21 20,21,26 20,20,20 15,17,14 11,13,10 16,18,13 14,17,7 14,17,9 16,19,11 15,18,8 17,19,16
17,24,22 19,24,23 12,18,21 17,19,19 20,22,22 26,36,40 17,23,24 23,22,25 15,20,19 15,24,24 25,36,35 19,30,31 24,33,33 28,40,36 18,28,25 19,30,31 51,79,115 82,125,177 80,124,173 82,129,177 43,50,64 58,69,82 55,66,79 44,59,77 69,100,90 66,95,86 60,86,78 53,75,65 49,68,57 24,26,21 34,39,35 25,25,22 23,23,20 18,20,17 26,26,23 22,27,23 24,26,26 22,24,24 12,17,11 23,25,22 20,22,22 20,22,22 18,18,15 11,12,17 13,14,17 12,16,20 13,12,15 13,11,12 13,11,12 16,15,18 19,18,21 20,19,22 22,21,24 18,19,22 20,21,26 20,20,20 13,18,12 15,17,17 13,15,12 15,17,12 15,17,17 18,21,11 20,20,15 13,15,15
18,20,20 13,15,15 20,22,22 17,19,19 23,34,33 17,23,24 19,25,26 16,20,24 13,23,20 21,27,30 15,24,26 25,29,31 22,33,32 19,28,30 20,31,42 77,117,165 79,121,169 77,117,165 78,118,164 77,117,163 35,48,65 51,58,72 47,56,67 45,54,65 73,101,106 56,80,72 49,68,62 37,47,41 28,33,27 24,26,21 27,32,28 26,26,23 25,25,22 20,22,19 19,24,23 50,71,69 35,42,40 25,32,30 43,50,48 16,20,22 16,18,18 20,21,24 17,17,17 16,18,18 16,15,18 25,28,39 12,11,14 13,11,12 13,11,12 16,15,18 17,16,19 16,15,18 20,19,22 18,17,20 20,19,22 20,19,22 15,18,10 15,17,12 15,17,17 16,16,13 13,15,15 18,21,13 18,18,15 18,19,11
14,16,16 32,34,34 14,16,16 22,24,24 16,27,26 25,29,31 20,22,22 18,20,17 17,28,27 17,23,24 17,23,24 25,34,36 22,28,29 23,33,39 83,123,171 78,120,168 72,114,162 73,115,163 70,108,152 72,105,147 52,69,89 47,56,69 44,53,64 38,47,58 58,80,92 52,74,62 33,45,38 24,24,24 24,26,21 25,27,22 23,25,22 24,26,23 24,24,21 24,24,21 50,55,51 62,73,84 24,34,31 38,44,45 45,51,52 78,102,122 21,25,27 16,17,20 20,20,20 11,13,13 18,17,20 12,15,22 12,11,14 13,11,12 13,11,12 12,11,14 18,17,20 17,16,19 18,17,20 20,19,22 23,22,25 20,19,22 14,16,11 19,19,14 15,17,14 15,17,12 16,18,15 17,19,16 19,19,16 15,15,12
16,17,22 19,19,19 35,42,40 22,21,26 18,19,24 18,19,22 16,18,18 15,17,14 20,21,24 21,25,29 30,39,39 19,23,25 41,59,83 79,122,174 75,117,165 75,115,163 70,108,152 66,99,143 62,92,132 58,86,120 45,59,82 44,51,65 41,48,60 43,48,58 48,62,83 52,75,70 28,35,28 24,24,21 24,24,21 25,25,22 23,25,25 24,26,23 25,25,22 25,25,22 18,26,16 23,25,22 23,25,25 21,25,27 38,46,53 62,93,126 73,92,113 28,30,30 14,15,18 14,16,16 15,15,15 13,13,13 13,11,12 13,11,12 13,11,12 12,11,14 16,13,17 17,16,19 17,16,19 19,18,21 22,21,24 18,17,20 16,18,13 16,18,15 13,15,15 16,18,13 11,16,12 17,20,10 16,18,13 14,16,13
20,21,26 18,23,22 16,21,20 26,30,32 14,15,18 19,19,19 19,18,21 23,27,29 16,16,16 15,19,21 25,31,32 67,100,144 77,117,165 75,115,163 71,109,151 68,101,143 58,84,117 58,76,104 52,64,88 50,60,80 36,43,57 39,43,56 43,48,58 40,45,53 37,45,54 57,74,94 26,33,28 24,24,21 24,24,21 24,24,21 24,26,23 24,26,23 27,29,26 24,26,23 24,26,23 24,26,23 24,26,23 24,26,26 52,59,71 50,68,94 69,99,137 22,28,45 32,34,34 11,13,13 13,13,13 12,11,14 13,13,13 13,11,12 13,11,12 13,10,14 14,11,15 16,15,18 19,18,21 19,18,21 19,18,21 19,18,21 18,20,20 17,18,21 19,19,16 13,14,6 17,20,12 17,18,23 16,17,20 16,19,9
22,26,28 23,22,25 22,23,28 15,21,22 14,15,18 16,18,18 21,22,25 18,19,22 17,17,17 22,27,35 85,125,175 76,116,164 73,110,157 75,113,153 62,94,134 56,73,104 46,54,72 39,46,60 38,45,59 38,42,55 29,32,43 35,39,52 34,37,46 35,40,48 26,31,37 51,58,72 56,70,93 20,27,20 23,25,22 25,27,22 25,27,24 23,25,22 24,26,23 27,29,26 27,29,26 31,33,30 31,39,29 33,40,35 29,34,44 32,37,47 47,62,80 58,76,100 15,16,19 19,19,19 13,12,15 13,12,15 12,12,12 13,11,12 13,11,12 13,11,12 14,11,15 15,14,17 17,16,19 17,16,19 17,16,19 19,18,21 18,17,20 17,19,19 14,16,16 17,19,14 15,17,14 20,22,19 16,18,15 16,18,15
26,25,28 16,16,13 24,25,30 23,23,20 22,24,24 16,18,18 23,25,25 23,21,29 31,49,73 80,121,174 78,118,166 68,109,152 66,102,143 63,94,137 52,74,104 43,51,67 39,46,60 39,46,60 39,43,58 34,38,51 30,30,38 30,30,40 32,35,44 33,36,45 23,26,35 22,25,34 59,81,111 38,48,52 25,27,22 27,29,24 29,32,24 31,33,28 28,30,25 24,26,21 27,32,31 29,34,28 27,34,29 21,22,25 20,23,32 20,20,28 20,25,33 36,46,62 20,21,26 13,15,15 16,15,18 12,12,12 13,11,12 13,11,12 13,11,12 13,11,12 13,11,12 12,11,14 15,14,17 16,15,18 13,12,15 19,18,21 20,19,22 16,16,16 11,13,10 15,17,14 17,19,14 16,18,18 21,23,20 16,18,15
17,16,19 16,18,18 23,23,31 23,24,27 20,19,22 22,24,24 27,28,33 83,110,149 78,120,170 76,116,162 72,110,154 68,106,148 61,94,136 54,76,106 44,52,70 45,52,66 40,47,61 39,46,60 37,40,51 28,31,40 26,24,32 28,31,40 31,41,49 23,26,35 37,40,49 32,37,45 33,42,55 56,83,111 58,65,79 28,30,27 31,34,26 32,35,27 30,33,25 30,33,23 34,40,29 33,38,44 20,24,28 20,21,24 24,25,30 21,22,27 17,18,23 26,29,38 65,83,107 13,12,15 13,12,15 19,19,19 13,11,12 13,11,12 13,11,12 13,11,12 13,11,12 14,12,13 13,12,15 18,17,20 13,12,15 17,16,19 20,19,22 19,18,21 17,19,19 18,19,22 16,17,20 14,16,16 18,20,20 16,18,15
16,18,18 18,18,18 22,23,26 24,25,30 20,21,24 18,19,22 82,105,139 80,120,168 70,110,156 77,113,156 69,102,144 66,93,132 63,85,117 45,53,69 45,52,66 46,53,67 43,47,62 41,43,57 36,39,50 28,28,36 22,22,30 33,36,47 26,31,41 25,30,38 32,37,43 38,43,51 32,35,44 47,62,80 54,77,104 35,38,47 34,39,33 30,35,29 28,34,25 33,39,28 35,39,41 39,47,54 20,21,24 22,23,26 18,19,24 23,21,29 16,17,22 26,25,30 57,74,96 21,26,36 13,12,15 12,12,12 11,11,11 13,11,12 13,11,12 13,11,12 13,11,12 13,11,12 13,13,13 16,13,17 16,13,17 17,14,18 18,17,20 17,16,19 20,19,22 15,17,17 15,19,23 20,21,24 16,18,15 15,17,14
22,22,22 22,22,22 24,25,30 24,25,30 24,25,28 30,46,73 80,120,170 77,117,163 72,110,154 70,108,148 66,100,139 63,83,111 45,52,66 51,57,74 46,53,67 46,53,67 38,44,61 39,42,53 19,22,29 23,24,29 25,25,33 32,35,44 39,42,51 32,37,45 27,30,39 42,45,56 29,32,41 25,28,37 38,48,68 47,50,68 37,37,49 39,39,49 39,42,53 40,43,52 41,44,55 25,28,35 29,28,31 23,22,25 18,19,22 23,22,27 19,18,23 18,19,24 50,67,89 63,91,125 13,14,19 14,12,13 12,12,12 13,11,12 13,11,12 13,11,12 13,11,12 13,11,12 13,11,12 14,12,13 11,11,11 13,12,15 19,18,21 18,17,20 13,12,15 22,22,30 15,15,23 9,14,13 14,19,18 20,21,24
25,24,29 25,25,25 23,24,27 21,22,25 22,25,32 81,116,166 77,112,160 72,110,154 73,109,152 72,110,150 64,91,130 52,62,80 51,58,72 48,55,69 46,50,65 42,46,59 26,29,36 31,31,39 24,25,30 24,25,30 28,28,36 30,33,40 37,40,51 34,37,48 36,39,50 35,35,45 32,37,47 21,26,36 28,31,40 32,32,42 39,42,51 40,44,57 42,46,61 39,43,56 25,25,35 23,23,31 27,26,31 22,23,26 22,20,28 23,21,29 18,18,26 15,15,23 33,37,50 57,85,119 41,51,71 14,16,16 10,11,14 12,12,12 13,11,12 13,11,12 13,11,12 13,11,12 13,11,12 13,11,12 13,11,12 15,15,15 12,12,12 12,12,12 15,14,17 15,15,15 17,18,21 18,19,22 19,24,32 15,17,17
23,24,29 22,23,28 25,25,33 25,27,27 56,75,106 73,110,157 68,109,152 73,114,155 69,107,149 67,100,144 62,85,121 52,59,73 47,53,70 47,51,66 21,24,31 25,25,33 24,22,30 17,17,25 17,17,25 24,24,32 21,21,29 32,32,42 28,31,40 33,36,45 34,37,46 28,31,40 25,28,35 23,26,35 21,26,34 19,24,34 22,20,28 20,23,32 18,21,30 19,22,29 23,23,31 22,22,30 22,25,32 24,23,28 23,23,31 24,22,30 21,21,29 18,18,26 46,52,69 56,87,122 71,97,132 13,19,22 14,16,16 18,18,18 13,11,12 13,11,12 13,11,12 13,11,12 13,11,12 13,11,12 13,11,12 13,11,12 13,11,12 13,11,12 15,14,17 18,17,20 17,19,19 17,16,19 20,20,28 20,21,24
23,24,29 23,25,25 23,24,27 20,24,28 68,102,141 70,106,149 72,105,147 69,105,146 64,98,137 62,90,126 58,77,108 52,58,75 45,49,64 15,19,21 23,24,27 24,25,28 21,21,29 23,24,29 20,23,30 34,37,46 34,37,48 28,31,40 33,38,46 43,50,62 45,49,62 39,42,53 37,40,49 37,40,51 30,39,50 36,43,55 45,49,62 46,50,63 30,37,49 44,52,68 24,24,32 24,24,32 27,27,35 27,27,35 27,27,35 28,28,36 22,22,30 18,18,26 41,52,65 65,99,138 67,100,144 47,64,86 16,18,18 15,16,19 13,13,13 13,11,12 12,12,12 13,13,13 13,11,12 13,11,12 13,11,12 13,11,12 13,11,12 13,11,12 12,12,12 13,12,15 13,13,13 15,14,17 15,21,24 17,16,21
23,24,27 22,23,26 23,24,27 24,25,28 66,104,146 68,101,145 65,96,131 68,101,143 64,94,132 55,83,117 48,61,80 51,58,72 20,24,26 22,23,26 20,21,24 23,23,31 38,38,48 32,32,42 20,20,30 43,48,58 24,29,37 32,40,47 32,37,47 33,38,46 33,35,49 32,35,44 35,37,51 35,39,52 37,44,58 39,46,60 45,52,66 44,51,65 38,43,53 52,56,69 29,29,39 20,20,28 28,28,36 27,27,35 24,25,30 32,32,40 23,23,31 20,18,26 53,70,90 72,107,141 65,100,134 56,84,116 13,14,17 19,18,21 15,14,17 16,15,18 11,13,13 13,11,12 13,13,13 12,12,12 13,11,12 13,11,12 13,11,12 13,11,12 13,11,12 14,12,13 12,11,14 17,17,17 14,15,18 14,18,22
23,24,27 22,23,26 22,23,28 21,21,29 67,100,142 61,95,134 57,90,125 69,102,144 65,95,133 57,90,125 59,73,94 47,50,61 22,23,26 21,22,25 21,22,25 22,23,28 39,39,49 36,36,46 34,34,44 31,31,41 27,27,35 24,24,32 24,24,32 29,29,37 26,29,38 30,33,42 37,37,47 29,32,43 35,37,51 35,40,50 46,53,67 45,52,66 48,55,69 51,58,72 25,30,40 25,25,35 23,23,33 27,27,35 21,22,27 32,32,42 27,27,37 20,20,30 73,106,141 73,111,151 63,93,133 56,82,115 15,14,17 13,12,15 16,15,18 13,12,15 14,16,16 13,11,12 14,12,13 12,12,12 12,12,12 13,11,12 13,11,12 13,11,12 13,11,12 13,11,12 17,15,16 13,12,15 13,12,15 15,16,19
20,22,22 22,23,28 22,21,24 27,38,51 68,101,143 57,89,127 67,98,141 65,97,137 68,100,140 64,92,126 52,66,89 28,28,38 22,23,26 22,23,28 23,24,27 20,21,24 41,39,49 35,35,45 34,34,44 31,35,48 25,25,33 27,25,33 26,24,32 27,27,35 30,30,40 34,34,44 36,39,48 39,39,49 36,43,57 40,47,61 44,51,63 46,53,67 44,51,63 46,53,65 49,54,64 50,54,69 51,58,72 43,46,53 21,22,25 28,28,38 27,27,35 21,24,33 59,93,130 67,103,144 61,93,131 54,76,106 10,11,14 14,15,18 16,18,18 13,13,13 14,16,16 22,24,24 13,11,12 13,13,13 13,12,15 13,11,12 13,11,12 13,11,12 13,11,12 13,11,12 13,11,12 13,11,12 12,12,12 14,11,15
20,21,24 21,22,25 20,19,22 39,51,73 67,101,140 65,101,142 64,100,143 60,93,128 56,82,115 53,77,106 56,64,84 22,23,26 23,25,25 22,23,28 23,24,27 22,23,26 39,39,49 37,37,47 33,36,47 68,102,139 57,69,91 27,27,39 22,25,32 25,28,35 28,28,36 31,31,39 35,35,43 34,37,48 38,38,48 43,41,49 47,50,70 56,69,88 45,54,67 48,55,69 50,58,67 54,61,75 52,59,73 29,32,43 19,23,25 18,19,24 29,29,37 46,53,65 68,100,138 63,96,131 55,88,119 51,71,99 13,14,17 13,14,17 15,17,17 15,17,17 15,14,17 16,16,13 12,12,12 13,13,13 13,12,15 13,11,12 13,11,12 13,11,12 13,11,12 13,11,12 13,11,12 13,11,12 13,13,13 13,13,13
21,22,25 22,23,28 22,23,28 45,61,88 61,93,133 65,99,138 60,98,131 57,87,125 59,81,111 53,76,103 50,60,76 19,23,25 20,24,26 22,23,26 23,24,27 22,23,26 35,35,43 37,37,47 58,76,100 65,99,136 63,100,136 64,101,139 67,99,139 67,97,137 62,92,130 65,97,137 71,105,142 63,96,131 52,74,104 44,63,82 59,90,121 73,101,137 47,54,66 53,60,74 53,60,74 57,66,79 57,64,78 21,24,31 19,23,25 17,18,23 27,30,39 44,59,77 63,91,116 61,81,105 58,80,110 51,68,90 13,12,15 15,13,21 14,15,18 14,15,18 11,12,15 12,11,14 15,15,15 14,12,13 15,15,15 16,16,16 13,11,12 13,11,12 13,11,12 13,11,12 13,11,12 13,11,12 13,11,12 12,12,12
17,18,23 23,23,31 22,22,30 49,65,92 62,89,128 59,82,116 52,68,95 48,63,79 35,52,54 39,65,54 56,78,71 32,50,47 20,26,29 21,26,25 22,23,26 24,23,26 22,21,24 36,39,48 68,99,134 64,95,130 65,98,133 60,92,130 61,93,131 62,93,128 63,94,129 66,98,136 68,100,140 67,99,137 72,98,133 64,92,126 59,90,121 63,96,127 48,55,67 52,59,73 57,64,78 59,66,80 54,61,75 18,22,26 18,23,22 14,16,16 43,54,55 75,112,109 76,106,101 26,42,40 46,62,71 47,64,86 12,12,12 13,13,13 16,14,15 14,16,16 18,17,20 15,17,17 13,15,15 13,11,12 13,11,12 16,14,15 13,13,13 13,11,12 13,11,12 13,11,12 13,11,12 13,11,12 13,11,12 13,11,12