20,23,15 22,23,13 16,18,13 23,26,14 24,28,13 21,25,10 22,25,13 20,21,13 19,20,8 22,24,9 20,23,15 17,20,8 23,27,12 23,23,7 16,18,13 18,17,10 22,23,28 22,28,17 21,22,25 24,25,15 17,20,12 25,25,22 19,18,21 19,25,26 25,24,27 17,14,18 17,17,17 18,17,20 24,23,26 22,24,24 21,22,25 21,22,25 20,22,22 23,24,29 20,20,17 16,16,16 24,24,19 20,24,26 23,23,20 20,22,19 22,23,26 20,25,19 17,18,23 22,22,22 21,24,12 19,20,10 19,17,15 18,19,11 18,18,13 22,22,17 16,17,9 17,18,8 17,18,6 20,20,17 20,20,17 23,23,20 22,21,24 24,24,24 25,22,26 30,29,32 32,31,34 36,35,38 30,31,36 14,12,13
23,26,16 18,22,7 22,23,13 22,22,22 23,25,10 20,21,13 25,26,14 25,27,12 18,19,11 20,22,7 20,21,11 20,23,11 23,24,14 23,22,11 26,29,9 22,22,17 21,24,16 17,19,14 22,25,13 20,23,15 24,25,15 20,22,17 20,22,19 19,24,18 22,21,24 17,15,16 17,17,17 18,17,20 23,22,25 22,23,26 21,21,29 23,24,29 21,23,20 22,22,22 23,23,18 24,26,11 19,19,14 23,24,27 22,24,9 14,16,11 23,24,27 23,23,20 22,23,26 20,20,20 11,13,13 20,20,15 24,21,25 22,22,22 16,15,18 16,16,11 18,18,13 20,21,11 16,16,11 18,19,9 15,15,12 25,24,27 17,16,19 15,15,15 19,16,20 37,36,39 26,25,28 31,30,33 30,31,36 19,17,18
19,20,8 23,24,14 21,25,10 21,26,25 22,23,11 21,24,14 23,24,16 26,27,17 19,21,4 20,21,11 23,25,10 22,23,13 23,23,18 26,27,15 71,76,84 23,25,20 21,26,25 29,33,37 21,24,14 20,24,9 20,23,15 24,31,24 21,23,20 20,22,17 22,21,24 17,15,16 17,15,16 18,15,19 23,22,25 23,23,31 24,29,35 19,22,29 22,23,28 23,24,27 22,22,22 18,19,9 31,31,39 17,18,21 20,20,20 23,25,25 23,25,22 15,14,19 23,22,27 30,31,36 23,23,23 19,19,16 25,25,25 20,22,22 22,23,13 18,18,13 19,21,6 17,17,14 18,19,9 16,17,9 15,18,10 19,18,21 26,26,26 27,27,27 18,16,17 15,15,15 31,30,33 29,28,31 32,33,38 32,30,31
24,27,5 20,23,11 22,26,9 16,19,9 22,23,13 22,27,7 18,20,17 21,27,18 21,25,10 24,25,13 19,26,8 20,21,9 14,16,11 64,81,103 26,24,34 35,33,31 19,24,20 21,26,20 24,25,15 17,27,21 38,87,80 117,175,163 99,154,122 96,141,112 102,132,111 17,32,20 9,9,6 18,15,19 24,23,26 25,24,29 19,24,30 22,23,28 25,30,36 18,19,22 22,26,28 24,26,21 31,31,41 21,22,25 21,24,14 20,21,9 19,16,20 16,15,18 23,22,25 23,22,27 22,21,24 22,22,22 15,14,17 23,25,22 12,12,12 24,25,17 15,16,8 13,13,13 15,18,8 19,20,10 22,23,13 18,19,11 22,21,24 21,18,22 26,26,26 24,24,24 31,30,33 25,25,25 33,32,35 31,30,33
18,20,17 23,26,16 23,27,10 23,25,8 22,22,19 20,24,7 18,24,13 25,32,14 20,21,11 22,24,19 22,28,29 20,22,19 22,23,13 29,27,35 23,21,22 27,27,24 18,17,22 21,28,26 21,48,47 137,210,245 122,190,220 104,156,169 89,131,98 84,118,84 82,114,83 80,107,79 80,111,87 19,16,20 19,18,21 20,21,26 21,24,33 24,25,30 23,27,31 22,21,24 26,25,28 24,24,21 22,24,19 22,22,19 20,23,13 21,23,23 24,24,32 24,24,24 20,17,21 24,23,28 21,22,27 18,19,24 22,24,24 21,23,23 23,26,14 19,21,6 16,16,11 19,19,14 25,25,20 19,20,12 20,21,13 17,17,14 22,22,22 33,32,37 29,28,31 22,22,22 27,27,27 26,25,28 29,28,31 34,35,38
20,23,11 34,36,33 23,25,22 20,22,17 22,25,13 22,25,15 20,23,15 18,24,13 23,24,12 20,23,13 19,25,26 20,22,17 21,24,14 23,23,20 22,22,22 24,22,20 17,18,23 26,40,31 114,179,185 104,152,162 103,157,173 117,171,185 119,163,128 104,146,111 74,101,73 68,90,64 66,88,62 60,80,64 22,16,21 25,22,28 15,19,21 20,18,19 22,23,26 21,25,27 20,25,31 16,16,11 26,26,26 27,27,39 23,24,27 27,31,35 28,28,36 20,14,19 25,23,31 22,22,30 23,24,27 22,24,21 15,14,17 22,23,28 12,17,13 19,23,27 22,22,22 16,16,11 17,17,12 20,21,13 20,20,15 23,24,14 25,25,25 22,22,22 24,23,26 45,43,51 30,28,36 26,25,30 32,31,34 34,33,36
22,24,19 23,25,22 22,28,17 17,25,15 21,28,23 23,25,22 22,29,27 18,22,5 21,25,10 23,23,20 22,25,15 22,25,15 22,24,9 22,29,13 24,25,13 24,22,18 24,24,21 102,167,141 94,148,111 103,157,142 132,208,224 140,217,228 65,109,83 93,132,100 109,144,107 46,73,41 86,113,85 53,78,51 44,46,41 25,22,26 18,17,20 23,21,22 23,22,27 15,19,23 23,23,31 24,24,24 23,23,20 20,21,26 20,19,24 25,31,34 26,24,32 29,34,33 24,23,26 23,26,33 21,25,27 22,23,26 19,24,23 23,27,29 22,21,24 23,28,27 12,12,9 17,18,10 16,13,17 18,17,20 21,19,17 23,25,22 12,12,12 20,20,20 22,22,22 24,23,26 16,18,15 21,18,24 31,30,33 32,31,34
19,23,25 27,33,34 26,31,27 20,26,29 21,27,18 27,32,31 26,32,35 21,24,14 20,28,7 21,26,22 21,27,14 17,20,10 20,22,17 24,26,21 18,21,11 19,26,19 23,25,22 26,31,25 96,140,114 116,168,141 88,111,96 48,53,52 30,32,27 30,30,27 45,52,45 47,55,43 56,59,49 47,59,41 36,62,37 25,30,29 23,22,25 23,22,25 21,22,27 23,27,31 20,27,25 23,27,29 24,26,26 26,30,34 25,25,25 22,22,30 18,23,22 20,21,26 21,22,27 29,32,41 20,29,29 23,24,27 18,18,18 17,18,23 27,33,36 25,29,31 23,23,18 19,20,10 26,23,29 25,26,31 22,21,24 24,24,24 17,17,12 21,24,31 22,26,30 24,24,24 21,23,20 20,18,19 27,25,26 16,14,10
24,30,33 22,28,31 21,28,21 23,31,36 18,23,22 23,27,29 19,24,23 23,26,14 20,26,13 22,24,19 20,26,17 23,27,12 22,25,15 22,25,17 25,27,24 59,112,90 31,45,26 32,31,24 97,147,135 67,87,71 25,25,22 21,19,17 23,23,18 24,24,19 24,24,21 20,20,17 25,25,22 32,32,27 41,42,30 47,58,43 71,81,75 23,20,24 26,41,44 24,24,32 18,23,22 25,26,29 24,25,30 19,19,19 18,16,24 21,21,29 20,21,24 33,38,48 25,23,31 22,26,30 16,17,20 15,17,12 12,12,9 20,22,22 35,42,40 22,24,24 25,27,12 20,20,15 19,19,16 17,14,18 17,17,17 18,18,13 20,25,24 15,19,23 15,19,21 19,19,16 25,30,38 33,29,38 30,28,29 18,19,11
23,26,33 25,28,35 27,35,42 23,33,37 23,31,38 22,26,28 18,27,27 22,28,17 33,42,42 29,34,40 23,28,24 22,25,15 30,32,32 28,30,25 32,39,32 112,178,147 113,162,134 30,44,35 109,132,129 34,36,31 24,22,20 25,23,19 26,26,26 27,27,24 18,18,13 20,20,17 24,22,20 25,23,21 23,18,15 20,18,14 24,25,17 106,119,118 51,47,56 34,35,40 25,28,37 19,24,32 30,27,31 23,24,29 24,21,25 24,22,30 23,25,25 22,25,34 26,30,34 24,30,31 15,20,16 22,24,24 24,26,21 28,28,38 26,29,36 20,21,24 24,24,8 24,25,15 16,14,15 23,22,25 29,27,35 23,24,27 24,33,35 16,20,22 15,16,19 17,14,18 21,22,27 24,23,28 25,25,25 22,23,15
24,29,35 29,37,42 29,37,44 26,36,40 29,34,40 27,33,36 29,33,37 31,37,40 32,37,36 40,48,57 33,41,31 20,24,9 29,37,42 30,35,29 135,176,160 109,162,140 102,157,125 53,83,62 38,47,47 87,111,113 25,25,22 24,24,24 47,45,53 11,8,14 20,18,16 20,20,17 24,24,21 20,18,19 20,18,14 21,19,17 23,21,19 23,24,29 23,20,24 34,35,38 21,25,29 22,28,31 23,24,12 23,25,20 22,20,30 24,22,30 27,27,37 19,15,24 26,32,33 24,30,33 21,23,23 23,25,25 18,17,20 18,20,17 18,18,18 22,26,11 20,22,7 21,27,18 24,23,26 27,25,26 12,11,14 17,17,17 28,28,36 22,21,26 23,24,29 30,28,38 12,11,16 28,28,36 26,24,25 20,23,13
24,29,37 25,35,41 26,38,42 27,31,44 32,37,47 30,37,49 36,46,54 20,29,31 31,39,48 53,62,75 14,21,19 19,25,16 22,28,31 33,45,41 111,165,140 99,149,118 94,139,108 104,141,119 38,39,31 53,63,60 48,55,48 41,42,34 20,18,14 20,18,14 34,32,30 41,39,40 39,37,33 37,37,34 20,18,19 25,22,26 20,20,17 26,31,39 32,37,47 28,37,48 26,31,37 29,28,31 25,29,12 27,31,35 24,26,26 25,24,29 30,28,38 25,24,27 26,31,37 28,33,39 23,24,27 27,33,34 17,17,17 14,11,15 20,20,17 16,16,16 22,23,15 22,22,17 16,15,18 16,14,15 16,15,18 18,13,15 20,20,20 18,17,20 23,20,24 24,23,26 21,18,24 27,27,35 62,62,72 31,32,37
23,31,36 30,40,48 28,33,41 31,39,46 26,34,43 27,35,44 26,40,52 30,37,51 34,45,56 31,40,53 25,29,42 27,31,35 37,58,56 116,176,151 100,147,122 96,141,112 98,131,106 75,99,91 37,38,28 34,34,29 38,39,31 40,41,33 38,41,31 32,32,27 40,40,35 41,42,34 42,40,36 44,44,39 25,25,25 20,17,21 25,27,24 30,39,50 28,37,50 27,42,49 20,24,28 18,25,9 19,20,10 17,20,8 23,23,31 25,23,31 29,27,35 27,25,35 26,35,37 26,34,39 22,25,32 27,34,46 20,18,14 19,19,19 23,22,13 18,16,17 22,23,15 16,13,17 24,24,19 22,23,28 16,14,22 17,16,19 17,17,17 24,25,17 16,16,13 15,15,23 26,25,28 19,16,20 19,17,15 23,21,22
31,35,48 22,24,38 31,36,42 27,42,49 35,44,55 31,42,55 36,45,56 41,53,61 30,40,56 40,53,79 96,114,140 82,150,135 122,188,155 107,161,134 96,145,117 95,137,112 76,94,77 31,34,26 29,30,22 30,31,21 31,31,26 27,27,22 23,23,20 25,23,21 27,25,21 27,25,23 30,28,26 33,33,30 36,36,36 20,20,17 36,42,31 34,44,60 27,26,31 22,27,33 19,23,25 18,19,11 21,20,11 18,16,14 23,21,41 25,25,35 25,23,31 23,26,33 30,38,45 26,34,41 28,29,34 27,27,35 20,15,17 24,26,21 20,21,9 16,15,20 22,22,22 23,24,16 20,19,22 18,17,20 17,15,13 21,22,25 17,17,17 25,25,25 17,17,14 28,29,32 26,19,29 39,37,45 30,30,30 31,31,31
28,27,42 23,23,31 29,39,55 112,130,156 32,39,53 39,46,60 31,41,49 39,52,71 31,44,61 135,150,184 123,191,176 124,190,161 107,169,134 91,140,114 100,147,122 87,122,99 28,34,25 27,27,22 27,28,20 27,28,20 25,25,20 20,20,15 24,24,21 24,22,18 20,20,17 20,18,16 26,24,22 26,24,20 26,24,20 31,29,27 47,48,40 33,39,60 32,32,27 66,75,77 72,104,112 107,138,142 154,194,215 23,23,31 31,35,48 24,24,36 27,25,33 22,21,24 26,34,41 33,38,46 24,32,37 34,34,44 21,20,11 32,31,34 22,23,11 23,23,23 25,27,12 24,24,24 13,12,17 22,21,26 19,18,23 16,16,16 20,22,19 17,16,19 23,25,25 33,40,54 186,223,255 43,46,57 31,32,37 30,31,34
21,21,31 22,22,30 95,117,149 51,57,74 77,94,125 70,93,127 117,147,197 47,45,57 107,169,174 127,194,167 117,177,152 107,160,138 92,139,112 85,121,95 96,139,109 57,68,57 29,29,24 27,28,20 26,27,19 20,20,15 29,29,24 29,29,24 31,31,26 33,33,30 32,32,29 26,27,19 20,20,17 18,16,14 30,28,26 20,20,15 31,32,24 28,30,30 34,44,41 25,25,25 52,58,59 26,24,22 35,30,32 35,40,48 18,17,20 23,23,31 25,23,31 25,23,33 34,42,51 35,45,53 22,30,37 21,21,29 17,19,14 15,14,19 23,24,14 23,24,12 28,25,29 20,22,19 18,19,11 16,15,18 26,30,34 28,32,34 18,22,26 59,64,72 69,69,79 63,68,78 43,44,49 32,35,42 51,54,65 51,51,63
24,27,45 27,24,28 39,40,45 39,37,49 111,160,223 111,155,218 61,84,122 102,159,193 120,175,152 102,154,129 94,137,118 86,126,103 77,103,90 59,84,66 82,107,87 31,33,30 29,29,26 27,27,22 25,26,18 26,27,19 27,28,20 27,27,24 33,33,33 34,34,34 36,36,36 29,29,29 29,29,29 27,27,27 34,32,28 22,22,17 26,24,20 24,22,20 27,25,23 24,24,24 37,40,51 55,82,83 28,23,25 33,39,42 29,34,42 26,25,28 25,23,31 24,24,34 36,43,55 35,44,55 37,40,49 32,37,47 35,40,48 31,32,37 19,18,21 17,17,17 20,20,20 26,29,36 28,30,27 36,36,48 46,49,56 21,27,30 60,66,83 42,42,52 44,42,50 33,32,35 38,35,41 32,33,38 33,30,36 25,22,26
124,196,255 134,215,255 33,28,30 97,132,184 100,130,184 68,96,146 47,55,83 114,168,171 93,135,110 82,114,96 60,82,72 50,57,52 34,37,29 34,39,35 27,32,28 27,27,22 29,29,24 29,30,22 27,28,20 27,28,20 24,24,21 20,20,20 25,25,25 31,31,31 37,36,39 36,36,36 37,37,34 36,36,36 33,33,30 22,22,17 17,15,16 23,21,19 24,22,18 23,23,20 93,103,109 35,33,34 30,30,27 32,35,57 21,26,36 23,26,37 21,21,29 29,27,35 38,45,57 31,44,59 22,30,37 23,27,29 18,16,24 16,24,33 20,21,13 22,22,19 25,27,24 31,38,52 27,32,40 21,25,29 39,48,59 65,66,87 43,47,51 43,42,45 37,36,39 28,26,27 24,22,23 24,22,23 25,23,24 25,23,24
107,175,255 114,176,246 26,26,26 77,103,147 55,79,110 73,91,131 34,43,66 53,97,133 61,81,67 34,39,33 30,30,25 29,30,22 27,28,20 27,28,20 27,28,20 27,28,20 29,30,22 27,28,20 27,28,20 27,28,20 30,30,25 23,21,22 12,10,11 25,23,24 24,23,26 24,23,26 35,32,36 37,37,37 29,29,29 19,17,15 24,21,27 24,22,23 26,24,22 26,26,21 25,23,21 25,25,22 28,26,24 51,57,74 33,37,50 24,24,36 23,21,31 27,25,35 38,45,59 39,54,70 25,35,43 40,48,57 29,35,38 32,39,51 26,31,30 20,20,17 22,24,19 23,30,42 31,39,48 29,31,45 37,44,58 13,26,45 32,30,38 33,33,33 24,23,28 29,27,35 25,23,24 24,22,23 24,22,23 24,22,23
88,138,204 87,122,172 30,27,33 35,46,77 52,64,86 45,54,79 31,27,40 65,101,146 37,36,27 30,31,23 27,28,20 27,28,20 27,28,20 27,28,20 27,28,20 27,28,20 27,28,20 27,28,20 27,28,20 27,28,20 26,27,19 33,32,23 25,23,24 14,12,13 12,11,14 12,11,14 21,19,20 19,16,20 19,19,16 12,12,9 24,21,27 26,24,25 27,27,27 26,21,23 24,22,20 24,22,20 31,31,26 36,42,45 22,30,39 21,21,31 25,23,33 32,30,42 45,49,64 40,53,72 38,45,59 40,49,62 38,50,58 36,39,48 36,41,47 18,22,26 21,23,20 26,31,39 31,38,50 29,34,44 44,54,74 68,76,94 82,88,107 46,49,56 35,37,53 36,34,42 33,31,32 24,22,23 24,22,23 24,22,23
73,97,128 54,67,95 41,46,56 44,45,66 56,60,73 20,22,36 23,22,27 28,43,59 28,33,43 30,29,22 26,27,19 26,27,19 27,28,20 27,28,20 27,28,20 27,28,20 27,28,20 27,28,20 27,28,20 27,28,20 26,27,19 26,27,19 27,25,23 42,39,43 44,41,45 32,29,33 37,36,39 40,39,42 26,20,25 28,25,29 41,41,41 24,24,24 22,22,19 25,23,21 22,22,19 23,21,19 23,23,20 30,28,26 30,38,54 23,23,31 24,24,32 27,26,41 43,47,60 44,58,79 38,48,66 43,53,73 38,47,60 42,50,70 29,37,46 25,33,38 40,48,55 34,38,51 34,38,53 34,48,60 93,110,132 104,120,145 53,58,64 37,35,33 116,127,156 28,29,34 48,47,50 24,22,23 24,22,23 23,21,22
73,76,94 22,22,30 41,41,53 31,29,37 32,27,26 22,23,28 17,14,20 32,26,31 73,113,163 29,29,24 26,27,19 26,27,19 27,28,20 27,28,20 27,28,20 26,27,19 27,28,20 27,28,20 27,28,20 26,27,19 26,27,19 27,28,20 26,26,21 27,25,26 25,24,27 30,29,32 31,32,35 30,30,27 16,11,13 22,17,19 26,26,26 30,30,30 25,25,22 30,30,27 24,24,21 27,27,27 29,29,26 24,24,24 23,30,42 25,24,29 22,23,28 29,27,37 40,44,57 40,55,73 42,55,74 40,53,72 42,54,78 47,56,79 41,43,57 38,44,61 22,33,34 33,37,52 31,37,54 120,130,150 73,79,96 53,56,63 39,38,43 41,45,49 78,85,97 34,35,38 25,24,27 23,21,22 23,21,22 21,19,20
33,36,43 32,26,31 28,23,25 28,25,29 22,17,19 25,22,28 21,19,20 18,16,14 28,25,31 41,41,51 26,27,19 26,27,19 26,27,19 27,28,20 26,27,19 25,26,18 26,27,19 26,27,19 27,28,20 26,27,19 27,28,20 26,26,21 26,27,19 26,27,19 25,25,20 25,23,21 24,22,18 16,14,10 23,23,20 31,31,31 24,24,24 28,26,27 25,25,22 34,34,34 37,37,34 32,30,28 31,31,28 25,26,31 22,27,35 20,23,30 21,21,31 25,25,33 25,26,31 45,59,80 46,58,80 47,60,79 45,58,77 31,41,61 41,54,69 26,34,39 25,29,44 30,33,44 109,117,133 66,72,89 39,37,45 37,36,39 37,39,53 35,36,39 51,50,55 29,28,31 24,24,24 25,20,22 26,21,23 21,19,20
35,32,38 18,15,19 26,20,25 24,21,25 23,21,22 23,21,22 19,19,19 16,16,16 18,15,19 26,25,30 26,26,26 26,27,19 26,27,19 26,27,19 26,27,19 26,27,19 23,23,18 25,26,18 27,28,20 26,27,19 26,27,19 26,27,19 26,27,19 26,27,19 24,24,19 25,23,21 19,17,15 19,19,16 20,20,20 24,24,24 32,30,28 25,23,21 30,30,27 31,31,28 33,33,28 32,33,25 29,29,26 25,31,34 25,28,39 24,24,32 21,21,29 27,25,33 25,23,31 41,53,77 46,58,82 47,60,79 47,59,81 23,33,41 52,67,83 30,42,48 21,25,29 18,23,31 46,49,56 55,58,69 50,49,54 25,25,25 41,42,45 38,39,42 29,29,29 27,26,29 23,21,22 23,16,19 20,20,20 27,22,24
29,28,31 21,18,22 24,23,26 20,17,21 21,18,22 23,20,24 20,17,21 15,15,15 17,15,16 27,26,31 29,28,33 30,30,27 24,25,17 25,26,18 26,27,19 26,27,19 25,26,18 24,24,19 25,25,20 26,27,19 27,28,20 27,27,22 26,26,21 25,26,18 25,26,18 22,22,17 13,13,8 25,26,18 26,26,26 43,43,43 40,40,40 27,27,27 36,36,33 37,37,34 25,25,22 29,29,24 27,28,20 32,31,46 22,24,38 21,24,31 23,22,27 27,25,33 22,23,28 35,43,61 49,65,92 38,50,72 45,63,89 14,24,40 58,67,78 45,58,77 36,52,81 32,38,55 48,46,54 38,36,44 26,23,27 26,24,25 26,26,26 27,27,27 26,26,26 29,29,29 23,21,22 25,23,24 23,21,22 29,19,23
26,25,28 23,20,24 21,18,22 20,19,22 24,21,25 23,20,24 18,15,19 17,14,18 20,17,21 14,11,15 27,26,29 27,26,29 25,25,25 24,25,17 24,25,17 25,26,18 25,26,18 24,25,17 23,24,16 20,23,15 26,27,19 26,26,21 26,26,23 27,27,22 23,23,20 19,17,15 24,22,20 23,21,22 35,33,34 38,38,38 37,37,37 31,31,31 32,32,29 31,31,26 27,26,19 25,25,20 24,24,19 24,33,46 22,22,30 23,24,29 23,21,29 25,23,31 24,22,30 20,23,32 49,65,90 40,52,74 49,65,94 25,35,41 48,66,92 47,64,86 32,51,84 23,26,33 39,38,43 20,18,19 29,24,26 28,26,27 29,29,29 27,27,27 29,29,29 30,30,30 24,22,23 25,23,24 20,20,20 26,19,22
27,24,28 19,16,20 21,18,22 20,18,19 20,18,19 20,17,21 20,18,19 18,16,17 23,20,24 17,14,18 17,15,16 25,24,27 26,23,27 26,26,26 24,25,17 23,24,16 25,26,18 25,26,18 25,26,18 24,25,17 25,26,18 23,24,16 23,22,13 22,22,17 20,20,15 22,22,22 19,16,20 18,16,14 26,24,25 30,28,29 23,23,20 27,25,23 24,26,21 25,25,20 24,24,21 23,23,20 18,19,24 47,66,99 24,20,31 21,18,22 25,24,29 24,23,26 22,22,30 22,22,30 49,65,92 40,49,72 49,63,86 54,60,77 36,49,68 48,66,94 30,40,56 42,39,45 23,21,22 25,23,24 28,26,27 25,25,25 29,29,29 29,29,29 30,30,30 33,32,35 29,28,31 25,25,25 27,22,24 24,17,20
26,23,27 21,18,22 19,16,20 18,15,19 22,17,19 21,19,20 18,16,17 20,13,16 21,19,20 16,13,17 15,15,15 17,14,18 25,22,26 24,23,26 19,18,21 22,22,17 24,23,16 22,23,13 25,24,17 24,25,17 23,24,16 23,24,16 23,21,19 22,22,17 25,23,24 16,16,16 16,14,15 17,15,16 27,25,23 24,22,20 26,24,22 27,25,21 25,23,19 25,26,18 24,22,20 23,23,23 33,42,65 23,25,39 24,23,28 23,22,25 25,23,31 24,22,30 23,24,29 24,23,28 27,31,46 40,47,70 52,65,91 51,63,96 41,47,68 32,46,58 32,30,40 16,14,15 22,17,19 25,23,24 24,22,23 29,29,29 26,26,26 25,25,25 32,32,32 34,33,38 36,34,42 32,31,34 25,23,24 21,19,20
25,22,26 23,20,24 21,18,22 25,22,26 23,21,22 23,21,22 19,17,18 25,22,26 16,13,17 26,23,27 21,19,20 19,16,20 18,15,19 21,18,22 23,22,25 26,24,25 24,24,24 22,22,19 20,22,17 22,23,15 22,23,15 22,23,15 24,22,20 21,18,22 17,15,16 15,10,9 14,11,15 17,14,18 23,21,17 24,22,20 25,23,21 30,23,21 25,24,17 25,25,22 25,23,21 23,21,19 27,25,35 23,21,31 26,24,32 24,23,28 24,22,30 24,23,28 20,20,28 23,23,31 23,23,33 38,50,72 47,66,97 45,61,86 41,51,67 34,47,73 20,23,32 24,17,20 23,17,22 21,18,22 29,28,31 30,30,30 30,30,30 27,27,27 30,30,30 33,32,37 38,36,44 36,35,40 23,21,22 26,21,23
23,22,25 19,16,20 19,16,20 20,17,21 23,20,24 23,20,24 23,20,24 21,18,22 21,18,22 19,17,18 24,22,23 25,22,26 16,13,17 16,13,17 16,13,17 18,15,19 24,23,26 24,23,26 25,24,27 23,22,25 24,23,26 22,21,26 21,18,22 18,12,17 16,14,15 16,11,13 16,13,17 13,10,14 24,22,23 24,22,20 25,23,21 26,24,20 26,25,18 24,24,21 24,24,21 20,18,14 42,41,56 29,27,39 23,20,26 23,21,29 30,30,40 34,38,51 24,24,36 27,30,37 20,21,26 35,39,54 47,56,79 50,62,84 52,59,82 30,48,74 35,38,58 83,86,95 64,64,74 54,52,60 49,50,55 26,25,28 31,29,30 29,29,29 30,30,30 34,33,38 39,38,43 50,48,56 25,20,22 26,19,22
20,19,22 24,21,25 20,17,21 21,18,22 24,21,25 24,21,25 23,20,24 20,17,21 18,15,19 23,17,22 19,16,20 19,16,20 18,15,19 18,15,19 14,9,11 13,10,14 26,25,28 24,23,26 25,24,27 26,23,27 22,16,21 16,10,15 16,13,17 18,15,19 17,14,18 18,13,15 16,13,17 23,20,24 34,31,37 23,21,19 24,22,20 25,24,17 26,27,19 24,24,21 24,22,20 24,24,21 38,34,43 30,28,36 25,24,29 31,31,41 25,25,33 19,23,36 19,28,41 58,61,72 55,55,65 55,56,59 51,51,61 53,49,60 57,55,63 55,53,63 54,52,62 48,48,56 37,37,45 34,33,38 27,26,29 30,27,31 26,21,23 22,17,19 32,32,32 32,31,34 39,35,44 22,21,26 22,17,19 24,17,20
22,21,26 24,23,26 13,10,14 21,18,22 14,11,15 23,20,24 25,22,26 25,22,26 25,22,26 21,18,22 19,16,20 25,22,26 19,16,20 21,18,22 18,15,19 18,15,21 20,14,19 12,9,13 13,10,14 17,14,18 19,16,20 16,13,17 14,11,15 17,14,18 18,15,19 13,10,14 16,13,17 16,13,17 33,32,37 23,21,19 24,22,20 25,23,19 24,24,21 25,23,21 25,23,21 26,27,19 20,19,24 30,29,32 18,19,22 21,28,53 90,115,170 69,99,151 63,72,97 33,32,35 34,33,38 36,37,42 34,33,36 36,35,38 38,37,40 34,33,38 31,30,33 29,29,29 30,29,32 25,24,29 26,23,27 23,20,24 26,24,25 21,16,18 21,16,18 22,17,19 44,41,45 20,18,19 23,21,22 23,21,22
30,27,33 17,16,21 18,15,19 26,23,29 21,18,22 20,18,19 25,24,27 25,24,27 26,23,27 20,19,22 20,19,22 16,15,18 13,10,14 18,15,19 18,15,19 23,22,27 20,19,22 23,22,25 25,19,24 25,22,26 24,23,26 17,14,18 18,15,19 17,14,18 16,10,15 14,11,15 14,11,15 16,10,15 26,25,28 42,39,45 22,22,19 25,23,19 24,24,19 25,23,21 24,24,21 26,24,22 29,28,33 51,58,83 79,108,167 71,99,151 62,86,133 56,77,116 20,25,31 19,17,18 21,18,22 24,21,25 28,25,29 30,27,31 30,27,31 27,26,29 27,26,31 25,22,26 27,24,28 25,22,26 24,22,23 18,13,15 18,16,17 20,15,17 18,16,17 17,15,16 18,16,17 20,20,20 20,18,19 30,28,36
26,25,30 27,26,31 27,26,29 27,26,29 29,28,33 30,27,33 32,28,39 33,32,37 25,22,28 21,18,22 25,22,26 24,21,27 20,19,24 24,21,25 19,16,20 24,23,26 24,23,26 23,22,25 10,9,12 22,21,24 23,22,25 16,13,17 15,14,17 16,13,17 18,17,20 17,14,18 18,15,19 18,15,19 24,23,26 23,25,25 26,25,30 30,28,29 27,26,31 34,30,39 26,23,29 75,87,122 61,86,139 60,85,127 59,83,128 58,81,119 52,65,93 40,47,61 19,17,18 19,17,18 23,21,22 20,18,19 18,16,17 18,16,17 20,18,19 23,21,22 25,23,24 24,22,23 21,19,20 17,15,16 17,15,16 20,13,16 20,13,16 20,13,16 20,15,17 18,16,17 18,16,17 18,16,17 19,16,20 46,49,60
31,30,35 27,26,31 29,28,33 27,26,29 26,25,30 29,28,31 27,26,29 29,28,31 27,26,29 29,28,31 29,28,33 23,20,24 19,16,20 17,14,18 25,22,26 25,24,27 26,23,27 25,22,26 25,22,26 24,21,25 23,22,25 16,13,17 15,14,17 18,15,19 17,14,18 17,14,18 13,10,14 25,22,26 24,23,26 24,21,25 26,23,29 30,27,31 20,31,62 75,95,139 62,83,129 58,79,118 53,71,107 57,76,109 52,68,97 50,58,78 36,36,44 27,27,27 20,18,19 17,15,16 20,18,19 18,16,17 18,16,17 17,15,16 19,17,18 18,16,17 18,16,17 18,16,17 17,15,16 17,15,16 18,16,17 21,14,17 20,13,16 21,14,17 20,13,16 18,16,17 17,15,16 17,15,16 18,16,17 18,16,17
26,26,26 27,26,29 40,37,43 39,38,43 36,36,46 31,29,37 33,31,39 36,34,44 29,29,37 32,30,38 34,32,40 37,35,45 33,32,37 31,30,35 27,26,29 26,25,28 26,23,27 26,23,27 26,23,27 24,23,26 23,22,25 13,12,15 16,13,17 16,13,17 19,16,20 18,15,19 14,11,15 28,21,31 27,39,72 77,101,146 57,74,107 54,72,108 62,80,116 52,70,96 49,61,85 42,52,72 51,57,78 38,46,66 47,50,68 34,32,40 27,27,27 27,25,26 18,16,17 17,15,16 18,16,17 18,16,17 17,15,16 18,16,17 18,16,17 17,15,16 17,15,16 17,15,16 18,16,17 17,15,16 20,13,16 20,13,16 20,15,17 20,13,16 21,14,17 18,16,17 16,14,15 17,15,16 18,16,17 18,16,17