21,24,31 21,24,31 21,24,31 15,18,27 18,18,26 19,22,29 14,17,24 17,18,23 26,24,36 27,31,44 27,33,52 28,37,50 29,39,57 35,48,67 30,39,52 35,38,56 37,43,60 39,45,62 40,53,70 43,53,69 50,63,78 55,69,92 46,49,67 25,35,43 25,27,41 16,22,39 32,35,53 32,36,49 31,34,52 31,34,52 36,38,54 70,78,96 61,74,89 62,80,108 59,76,109 53,78,104 73,90,112 69,92,119 70,82,104 38,48,68 59,74,92 55,73,101 45,63,87 26,33,47 53,75,107 33,42,65 29,33,46 26,30,43 30,39,52 26,35,48 24,31,43 20,28,37 19,24,30 19,24,30 19,22,29 16,20,24 15,13,21 14,15,20 11,12,15 13,13,13 16,15,20 17,17,17 14,15,18 13,13,21
27,33,50 27,33,50 30,37,51 22,30,39 18,18,26 16,19,26 16,16,24 15,16,21 28,31,42 31,35,48 35,48,74 29,37,53 42,56,77 40,50,68 26,33,47 14,18,33 19,23,36 38,42,57 50,54,69 54,62,78 53,67,88 57,67,83 49,67,93 49,67,93 55,73,101 61,80,111 70,92,122 26,30,45 26,30,43 29,32,50 36,44,64 21,25,38 38,45,59 69,81,105 13,16,23 57,77,103 73,91,115 75,98,132 48,53,63 63,76,95 22,23,28 61,74,100 60,79,110 24,27,47 50,77,116 26,34,50 27,30,48 17,22,28 41,53,75 38,50,72 34,41,55 34,41,53 19,24,30 16,16,24 18,19,24 14,15,20 15,16,21 10,11,14 11,12,15 15,13,21 15,14,17 13,17,21 18,22,24 13,17,21
43,60,93 38,51,81 40,49,74 30,39,50 28,37,48 27,34,46 38,55,86 36,49,68 29,37,53 30,38,56 38,52,75 34,49,67 46,52,69 40,44,57 33,37,52 32,38,55 39,47,63 40,52,74 30,39,52 43,54,67 12,19,31 39,46,60 11,12,17 55,64,87 64,81,103 10,10,18 68,89,124 80,102,134 38,46,66 35,44,67 25,33,51 26,20,25 69,87,113 65,74,99 21,24,35 72,97,119 19,28,51 77,90,116 32,35,44 61,69,89 58,68,84 25,24,39 74,98,127 24,33,46 73,105,145 30,38,47 23,25,39 13,12,15 17,25,34 20,28,37 22,30,39 17,25,32 17,22,28 14,15,18 16,15,20 11,15,17 14,15,18 14,16,16 16,15,18 15,16,19 17,17,25 21,24,31 16,25,27 15,16,21
23,30,42 25,28,37 26,31,37 18,23,31 18,21,30 16,19,28 19,17,25 19,23,38 20,25,33 12,16,20 16,19,26 16,22,41 42,52,68 39,43,58 42,46,61 15,14,17 43,51,71 49,61,85 17,17,29 49,65,90 15,17,31 49,62,81 58,66,86 24,31,45 63,80,111 57,60,78 15,18,25 67,90,117 19,15,24 19,22,29 25,29,42 12,15,22 77,91,114 71,94,121 16,22,41 69,93,124 43,53,71 63,76,95 15,19,23 59,72,91 73,79,96 20,19,34 78,106,140 39,47,63 72,104,142 26,36,44 19,23,36 15,16,21 26,33,45 20,27,39 18,23,31 15,19,23 18,24,25 15,19,23 15,14,19 16,15,20 13,14,17 16,16,24 15,18,25 11,13,13 15,20,26 15,24,26 13,17,19 14,15,18
25,28,39 17,15,23 19,17,27 19,22,31 23,31,40 27,38,51 33,45,67 36,54,82 35,45,63 31,39,55 21,24,33 34,44,64 36,49,66 43,49,66 38,45,59 43,50,64 32,34,48 25,31,48 13,12,27 54,61,86 44,50,67 21,26,36 50,62,84 17,18,23 67,82,100 21,26,34 73,101,135 18,19,22 33,36,54 59,78,99 68,90,120 14,15,18 68,93,119 70,97,125 54,71,93 78,88,106 72,80,96 17,22,32 16,17,22 75,88,107 20,24,37 81,106,132 74,102,138 85,101,126 72,100,134 19,29,47 18,18,26 15,15,23 20,21,26 14,15,18 18,23,31 17,23,26 20,20,28 15,16,19 15,14,19 13,14,17 18,19,22 14,15,18 16,15,20 13,14,17 13,14,19 13,14,17 11,13,13 18,22,24
41,55,78 39,56,78 40,56,81 37,55,79 40,56,85 36,52,79 40,53,79 42,62,90 45,67,99 44,65,100 41,54,82 42,55,74 40,49,72 36,39,57 33,39,56 37,44,58 15,16,21 22,27,35 44,52,72 16,17,36 54,64,82 50,54,67 53,66,85 53,56,67 68,91,116 17,24,38 70,96,129 81,86,110 21,16,32 74,85,112 59,71,95 19,16,20 38,47,70 77,95,123 51,57,74 71,79,95 81,85,98 24,28,41 72,80,100 63,76,95 70,79,104 70,84,105 75,101,134 79,103,134 74,101,140 62,82,108 15,14,17 10,10,18 18,18,28 13,14,19 21,21,33 19,22,29 18,18,26 15,16,21 10,11,14 13,14,17 11,12,15 13,14,17 13,14,17 13,14,19 13,14,17 10,11,14 13,18,17 16,19,26
43,67,98 46,70,101 46,68,100 45,69,100 46,70,101 46,70,101 46,70,101 45,69,100 46,69,103 44,68,97 45,67,97 47,66,97 43,55,79 30,32,46 45,51,68 50,60,76 55,59,72 54,59,69 51,66,84 25,23,33 50,54,67 43,50,62 58,68,86 28,32,47 52,66,87 88,99,128 65,83,109 75,92,123 51,65,88 64,88,117 66,78,102 62,75,105 52,79,109 75,89,112 77,90,116 68,88,114 82,96,119 82,96,117 86,104,128 86,104,128 84,97,123 77,89,113 68,88,112 66,84,112 79,103,132 76,104,136 11,11,21 9,9,17 23,30,42 15,18,25 20,25,33 20,23,30 17,17,25 14,15,20 15,14,17 10,11,14 10,11,14 10,11,14 11,12,15 13,14,17 10,11,14 14,15,18 16,15,18 15,16,21
50,68,94 44,62,88 46,66,94 45,68,95 44,67,94 49,67,95 43,63,89 44,60,89 41,62,83 29,37,53 22,32,40 24,29,39 52,63,90 23,23,31 41,51,67 40,48,64 56,69,86 61,75,98 55,69,92 52,65,91 49,59,77 56,64,84 59,73,96 67,85,111 73,96,132 75,99,128 70,90,116 58,77,98 63,85,117 62,87,113 66,91,117 72,95,129 75,99,130 76,99,126 85,105,131 83,103,129 87,104,126 85,103,127 85,101,126 76,92,119 73,83,103 70,84,107 66,95,122 73,96,123 32,50,67 71,103,131 21,23,37 10,9,14 22,22,32 25,32,44 25,33,49 22,30,39 23,21,29 16,15,20 13,14,19 13,13,21 12,12,12 9,11,11 9,10,13 9,10,15 11,12,15 11,16,15 11,12,15 13,14,17
22,27,33 22,27,33 28,31,40 32,36,49 28,31,42 14,17,26 10,10,18 8,11,22 11,14,21 12,11,16 14,14,22 12,10,18 41,60,91 19,22,31 62,75,92 66,74,92 61,77,104 56,76,104 52,65,91 55,65,85 9,22,21 64,71,83 64,81,101 67,81,104 41,55,67 28,43,46 20,38,35 17,34,36 18,35,37 26,40,52 74,89,107 73,95,125 68,92,121 84,106,136 89,112,139 85,108,133 89,106,126 87,101,124 83,97,118 77,91,114 70,83,102 69,81,103 70,94,123 74,98,129 29,36,48 73,102,131 23,23,35 11,8,12 14,15,18 26,29,40 19,24,34 21,18,24 16,12,21 10,9,12 10,9,12 10,9,12 10,11,16 10,11,14 11,12,15 11,12,17 13,13,13 10,11,14 11,12,15 8,12,14
10,11,16 14,15,20 25,29,42 32,40,60 37,51,74 27,40,57 28,38,56 32,49,71 36,45,68 18,27,38 28,38,56 35,42,65 65,84,117 14,24,44 63,79,104 56,76,104 62,81,112 56,78,108 60,74,97 62,74,96 59,75,102 58,76,104 59,80,115 62,86,106 6,21,28 18,42,31 18,42,31 14,40,29 14,48,37 19,48,36 12,38,25 8,30,18 25,53,49 83,106,129 87,114,142 89,117,142 86,105,126 83,100,122 78,96,113 75,89,112 70,85,103 72,88,113 52,69,89 50,70,98 28,33,43 72,100,123 18,23,33 15,14,29 14,14,22 17,17,27 14,15,20 10,9,12 13,14,17 10,9,12 11,10,13 10,11,16 11,12,17 12,10,18 10,11,16 9,9,17 11,9,17 11,10,15 9,9,17 11,10,15
14,17,26 18,21,30 29,33,46 34,44,64 35,49,72 40,53,79 48,72,101 50,76,109 49,75,108 47,69,99 50,74,105 48,75,105 63,80,111 42,53,80 62,82,106 66,79,105 62,82,110 60,83,110 60,74,95 58,75,97 58,76,104 57,77,105 55,79,110 62,84,114 62,80,104 68,78,96 14,43,31 18,49,36 24,48,40 15,46,33 13,48,29 21,50,36 11,42,27 29,53,42 84,112,144 81,108,136 86,104,130 82,100,126 78,95,117 77,92,110 75,88,103 78,95,117 76,92,117 75,94,125 80,88,104 67,90,115 22,31,44 20,18,28 9,9,17 13,13,21 10,9,12 9,10,13 10,9,12 10,9,12 9,10,15 9,9,17 7,7,15 11,12,15 14,14,22 13,14,19 13,14,19 13,14,17 11,15,17 13,14,17
8,8,16 13,13,21 15,15,23 16,19,26 24,29,39 32,40,56 34,44,64 44,63,96 47,71,102 44,70,103 50,76,109 55,81,116 61,81,109 70,86,115 50,60,80 50,60,80 59,72,91 58,74,101 57,70,89 55,67,89 51,69,95 60,73,99 62,80,108 59,77,105 62,75,101 65,78,104 48,67,86 6,35,23 15,49,35 12,47,38 5,24,18 16,47,34 17,54,34 9,44,25 98,116,144 78,106,138 80,104,133 80,107,135 70,90,116 82,98,125 80,95,113 73,93,119 78,98,124 77,106,133 62,85,112 86,107,128 46,59,78 22,20,30 11,10,15 10,8,16 15,13,21 16,20,22 18,17,20 11,12,17 12,10,20 11,11,21 13,11,19 14,14,22 14,19,27 15,18,25 15,14,19 15,13,23 15,13,23 15,13,21
10,9,14 10,9,14 10,9,14 11,10,15 20,25,33 32,39,51 20,25,35 22,29,43 41,55,78 35,47,71 43,63,89 45,67,97 35,47,71 63,81,107 60,73,90 58,68,88 68,77,100 61,70,95 55,64,89 52,62,78 51,65,88 62,73,100 59,77,105 58,82,111 60,82,112 66,89,125 66,92,127 16,45,36 20,39,33 18,44,36 27,45,44 8,31,26 17,51,37 21,55,41 16,29,30 70,101,134 73,93,121 78,100,130 76,100,129 73,98,122 72,97,123 73,100,128 81,108,138 67,87,103 57,84,112 57,82,106 69,91,121 14,15,20 15,13,21 11,10,15 10,9,12 8,9,14 11,11,11 11,11,19 8,14,17 11,15,19 13,18,26 24,32,50 18,27,38 8,11,20 15,13,21 15,13,23 15,13,23 15,13,23
10,8,16 10,9,14 11,9,17 11,9,17 11,9,17 13,13,21 11,11,21 13,13,23 11,11,19 8,9,14 11,9,17 15,13,21 33,37,52 58,74,103 62,73,102 63,75,97 59,69,87 56,66,82 54,64,84 52,65,82 58,72,95 62,82,110 65,87,117 62,84,114 63,90,118 63,95,135 68,90,122 15,39,28 10,44,30 13,27,23 19,51,31 15,49,33 16,50,39 24,48,40 26,39,38 52,62,78 67,74,69 30,38,45 71,102,133 72,100,125 74,101,131 81,108,138 41,51,69 27,42,49 41,66,92 47,82,114 47,70,79 24,43,34 43,65,58 11,30,24 11,14,21 11,12,17 12,10,18 6,9,16 13,14,17 18,21,32 26,36,56 30,39,62 14,15,20 15,13,21 15,13,21 15,13,23 15,13,23 16,15,20
10,8,16 11,9,17 11,9,19 11,9,19 11,10,15 10,9,12 10,9,14 9,8,13 11,10,15 10,9,14 11,10,13 11,7,16 19,26,38 58,75,108 71,78,101 56,65,88 56,66,84 54,64,80 54,63,86 59,72,91 62,82,110 72,90,114 68,93,117 66,93,123 53,62,64 25,39,51 20,30,50 31,48,40 35,41,42 57,66,66 55,65,59 19,24,23 33,38,37 56,61,60 53,59,62 29,34,40 61,66,65 36,40,55 72,99,129 74,101,131 84,112,146 23,31,49 9,13,17 15,20,26 30,45,63 46,74,99 51,71,83 44,77,69 36,57,55 53,85,67 49,73,62 11,12,17 10,10,18 11,15,19 13,14,19 15,20,30 18,18,28 18,21,30 18,16,24 15,15,23 15,13,21 15,13,23 16,14,22 14,15,20
10,8,16 10,9,12 10,9,12 10,9,14 10,9,14 11,9,17 10,8,16 11,9,19 10,9,12 10,9,14 10,9,12 20,18,26 14,17,28 59,81,111 60,69,80 48,59,72 58,64,81 65,71,92 64,81,112 65,89,118 75,99,128 74,97,124 73,99,132 69,92,119 43,53,50 63,69,72 64,65,68 27,29,29 21,26,36 45,51,54 56,62,63 29,31,26 36,41,51 37,41,43 60,64,66 58,60,60 27,27,35 68,88,114 69,93,124 70,102,130 62,77,95 18,18,26 13,10,14 11,16,15 28,39,40 37,54,60 44,65,74 47,76,78 52,67,70 45,62,64 44,78,64 55,87,67 50,64,57 15,15,23 15,13,21 13,14,19 13,13,21 20,20,32 13,13,21 15,13,23 15,13,21 13,13,21 15,14,19 14,17,26
12,10,18 10,9,14 11,9,17 11,10,13 10,8,16 18,21,30 17,17,25 9,9,17 8,8,16 8,9,14 9,8,13 8,8,16 13,13,23 68,87,118 44,52,68 62,75,103 61,72,99 66,84,110 73,99,132 78,104,139 76,104,138 75,102,132 70,96,129 70,96,133 76,92,121 29,37,46 60,70,67 58,63,62 41,45,47 49,54,53 55,61,62 50,56,57 42,48,49 49,55,56 54,61,59 48,55,50 49,54,64 59,76,96 67,94,122 73,102,131 38,47,60 18,21,28 18,22,24 11,11,11 12,12,12 20,21,24 31,42,43 35,52,54 43,68,63 45,76,66 52,83,70 50,87,67 52,92,69 56,96,73 15,38,21 14,19,27 18,18,30 16,14,22 15,13,21 13,13,21 12,16,20 14,15,18 15,20,26 18,18,28
11,11,21 8,8,18 10,8,16 10,8,16 17,13,22 20,23,32 16,12,21 12,10,20 12,10,20 10,8,16 15,16,21 28,33,43 22,26,41 60,85,111 34,36,50 56,74,100 69,89,115 80,98,122 84,107,141 79,105,138 75,102,132 67,93,128 67,93,126 65,93,129 54,64,84 34,42,51 64,71,69 55,65,62 52,58,59 49,50,53 22,28,29 20,24,26 32,38,39 46,52,53 47,56,56 33,36,43 30,40,56 68,94,127 79,99,127 82,105,130 74,92,118 17,17,25 20,20,28 18,18,26 18,18,18 11,10,13 20,21,26 27,40,41 33,54,52 37,60,57 42,69,70 55,84,82 54,94,84 53,94,78 53,97,73 58,103,72 16,25,25 14,15,20 15,19,23 17,22,30 15,13,21 15,16,21 18,18,28 11,12,17
29,36,48 24,31,43 38,56,80 30,47,69 33,41,57 21,29,45 14,17,28 13,12,17 9,9,17 11,9,17 11,9,19 10,8,16 7,13,16 63,90,118 33,31,41 70,94,123 79,104,128 82,106,135 79,106,136 74,100,133 64,91,121 60,87,117 65,91,124 69,100,135 84,102,126 69,82,101 21,22,27 50,62,58 51,60,60 48,57,57 52,58,59 52,58,59 48,52,54 51,55,57 27,27,39 24,34,54 70,96,131 71,106,140 75,93,119 79,100,121 80,107,137 44,52,70 20,21,26 20,20,28 20,20,30 22,21,24 11,13,13 11,13,13 18,22,24 27,33,34 40,53,54 44,68,72 56,86,99 60,95,102 57,98,94 54,102,86 63,103,82 40,71,56 17,25,30 15,24,35 21,22,43 13,16,23 15,14,19 15,14,19
39,57,83 38,56,82 28,48,74 38,52,73 44,62,90 45,71,104 46,73,103 41,59,83 18,23,31 17,15,23 13,11,21 11,16,22 15,20,26 66,94,126 25,29,44 85,112,140 86,113,141 82,109,139 77,104,132 68,94,127 65,88,126 63,90,120 67,89,121 67,92,118 72,100,132 69,83,106 64,74,90 31,38,52 67,75,84 30,38,47 72,80,98 48,53,63 45,56,69 19,27,43 71,88,108 73,91,131 69,106,142 72,107,139 75,98,125 69,92,117 63,91,125 66,89,116 25,33,42 20,20,28 20,20,28 17,18,23 23,25,25 19,19,19 11,13,13 9,14,13 24,25,28 34,51,55 43,66,73 53,83,96 55,90,99 51,91,83 54,97,78 56,99,82 52,84,133 52,82,134 55,90,138 51,92,147 58,98,156 75,106,162
26,34,52 34,48,71 36,48,72 35,55,83 36,56,84 40,60,86 33,43,61 45,61,88 50,68,94 46,68,98 45,72,102 46,66,94 38,46,64 73,98,138 18,30,52 73,100,128 71,100,129 80,109,138 73,95,127 66,89,123 67,87,115 70,88,114 60,84,113 71,87,112 60,82,114 60,86,123 60,87,117 66,90,119 71,88,110 83,91,111 64,74,94 14,18,22 48,63,81 67,87,113 66,96,120 69,92,117 69,98,125 74,107,149 69,100,133 61,93,121 63,94,129 61,94,129 66,94,128 21,21,31 20,20,28 21,22,27 10,10,18 23,23,23 17,19,16 11,13,10 13,13,10 21,33,29 35,57,59 40,64,64 44,70,76 45,76,80 30,59,86 41,65,110 48,74,120 30,56,100 45,80,130 44,79,129 45,77,128 63,105,166
29,34,42 29,33,46 37,66,93 39,59,87 37,60,87 43,70,98 46,70,101 40,68,100 43,67,96 47,69,101 48,66,94 43,63,89 47,69,99 74,102,134 23,42,73 76,104,138 86,116,154 72,100,136 73,89,116 70,86,113 67,84,115 67,80,108 65,81,108 58,74,103 57,69,91 58,77,108 59,88,117 69,94,120 69,98,127 65,96,129 64,87,123 61,76,92 64,84,112 67,93,126 67,94,122 66,90,119 76,90,113 49,58,81 53,86,119 75,98,121 66,94,126 65,96,129 65,104,139 20,21,26 22,21,24 20,20,28 11,9,17 20,21,26 11,11,11 18,20,20 16,14,12 11,13,13 34,47,48 33,53,54 36,59,54 42,58,56 44,65,102 52,74,115 39,65,102 31,51,93 45,69,114 44,69,111 51,74,126 47,76,119
32,44,68 38,49,76 40,54,77 35,43,59 33,44,55 17,25,30 20,25,33 45,61,86 43,70,100 44,71,99 43,70,98 46,74,99 41,73,99 80,103,137 61,90,135 84,116,154 80,107,146 71,97,132 72,86,109 66,82,107 60,76,103 60,78,104 60,76,103 60,76,101 57,73,98 62,80,104 61,81,107 78,86,104 58,68,88 70,89,122 57,74,94 43,56,71 52,68,93 13,23,41 72,107,141 73,100,130 69,82,110 28,42,65 62,92,132 64,102,135 69,104,136 71,102,135 68,102,139 22,22,32 20,21,24 20,19,24 17,16,21 17,22,28 22,24,24 11,13,13 12,12,12 10,11,14 22,32,26 29,43,39 28,45,37 19,24,34 12,24,48 29,46,77 35,52,85 36,55,88 22,41,74 26,45,76 25,46,83 33,56,94
14,17,26 15,18,27 18,23,33 12,15,24 16,16,26 12,20,25 8,9,14 19,30,43 42,69,97 48,75,105 48,75,103 46,70,99 45,70,94 74,102,138 79,116,167 86,116,156 56,83,113 68,88,116 69,83,104 64,77,94 43,53,71 19,26,38 58,72,93 52,63,76 60,76,103 64,87,121 74,91,124 32,41,54 63,93,133 55,79,110 59,67,83 60,73,99 65,88,115 61,77,104 72,98,131 67,96,125 48,60,82 60,87,115 17,23,40 72,109,145 66,89,116 72,102,140 63,89,124 13,20,32 15,15,23 17,15,23 17,17,25 18,21,28 13,13,8 15,17,17 14,16,16 10,12,12 13,15,12 22,29,24 12,22,16 15,15,23 18,24,41 31,43,67 29,41,63 24,36,58 22,33,62 21,34,60 23,36,64 34,52,80
19,24,32 30,39,50 15,18,27 16,19,28 17,25,34 26,35,48 36,44,60 40,56,81 44,68,97 43,70,98 44,71,99 46,70,101 44,67,94 76,107,142 75,107,158 76,99,137 73,87,110 23,26,35 64,74,94 55,67,91 65,75,93 59,68,79 63,76,93 58,79,114 37,53,80 62,92,130 75,90,108 69,82,110 52,74,106 47,72,94 40,46,63 58,72,95 60,85,109 58,74,99 39,55,80 67,92,114 73,97,126 71,100,129 76,106,144 72,115,154 69,106,142 70,97,136 63,89,126 28,43,75 30,39,52 15,20,26 20,20,28 18,22,26 13,11,9 16,14,15 17,19,16 11,13,13 10,12,12 10,12,12 13,13,13 13,12,17 16,14,24 20,22,38 15,22,34 12,20,40 18,24,41 25,31,52 28,36,56 35,43,63
25,29,44 29,38,51 21,25,38 29,42,59 44,66,96 42,62,90 42,60,86 40,65,91 44,71,99 46,66,92 47,67,93 43,68,94 46,66,92 79,97,123 62,89,130 57,82,122 62,85,112 15,23,41 60,80,108 62,82,110 22,30,46 61,75,98 21,24,35 63,89,122 23,31,47 63,90,120 19,32,51 60,80,106 50,66,93 46,68,98 54,75,110 58,82,113 65,79,100 72,86,107 65,89,120 26,37,50 77,84,107 79,104,130 27,40,59 80,120,168 66,99,134 63,85,115 60,84,113 15,22,36 57,77,105 19,23,38 18,18,26 20,20,28 13,11,12 14,12,13 21,23,20 20,22,22 14,16,16 10,12,12 13,12,17 15,14,19 16,15,18 16,14,22 21,21,29 25,28,39 21,23,37 19,21,35 14,17,26 29,33,48
25,31,48 38,50,72 30,38,54 22,27,37 18,23,31 13,16,27 22,31,42 29,38,51 35,45,63 42,58,83 41,61,87 40,52,74 42,55,81 64,76,98 58,85,126 57,85,121 59,85,120 18,32,53 58,86,118 68,90,131 71,91,117 65,88,115 63,89,124 65,91,126 74,90,115 51,68,90 10,28,45 52,70,98 19,24,32 35,53,68 53,77,108 13,21,30 58,85,113 50,69,90 67,91,120 20,23,34 72,103,134 51,81,105 21,36,54 54,92,136 47,69,101 63,95,133 56,74,110 59,80,115 13,26,45 53,76,101 18,24,27 17,15,23 16,17,20 12,12,12 15,15,15 25,27,27 21,23,23 21,23,23 13,12,17 15,14,17 15,13,21 15,13,21 15,13,21 16,15,20 16,15,20 15,13,21 17,13,22 15,14,19
14,19,25 20,23,30 17,17,25 18,23,31 18,21,32 19,28,39 18,26,35 25,32,46 33,47,59 35,48,67 38,51,70 36,43,57 34,44,62 45,54,77 53,78,118 67,85,125 57,85,119 65,97,135 77,100,136 85,109,154 35,49,72 73,89,114 74,93,114 16,25,36 68,94,131 58,68,86 20,29,52 54,78,107 61,76,108 15,22,36 57,88,119 21,24,33 57,81,112 56,85,112 70,84,107 29,34,44 73,109,150 37,64,92 82,113,156 88,119,154 60,91,136 58,90,128 55,81,116 56,82,115 54,83,112 66,89,123 28,35,58 11,10,15 14,15,18 14,12,10 11,13,10 8,13,9 22,24,21 26,26,26 13,11,19 15,13,21 15,13,21 15,13,21 16,15,20 15,13,21 16,15,20 17,16,21 16,15,18 16,15,18
15,15,23 11,11,19 21,21,29 23,31,40 33,41,59 41,54,80 40,51,78 37,45,65 34,44,62 24,29,39 31,36,46 26,30,43 24,29,37 32,38,55 50,78,114 23,43,69 62,92,130 73,104,151 30,49,82 72,104,144 66,99,132 71,97,130 75,91,116 45,57,79 61,84,118 39,53,65 49,72,99 63,85,117 59,88,115 51,76,100 31,47,72 67,81,102 69,82,110 56,72,97 66,91,117 72,103,136 75,118,161 82,122,168 77,119,155 60,93,124 66,94,128 54,82,118 50,76,109 52,79,107 60,82,112 60,87,117 65,97,135 19,17,25 18,19,24 13,13,10 11,13,10 10,12,9 10,12,9 11,13,13 12,10,20 15,13,21 15,13,21 15,13,21 15,13,21 15,13,21 15,14,19 16,15,18 16,16,16 16,15,18
16,19,26 15,18,25 19,23,27 25,32,44 22,29,41 13,15,29 9,12,23 12,10,18 15,13,23 16,16,28 24,31,45 32,39,51 19,24,34 23,26,37 55,81,114 25,32,46 66,100,139 72,108,149 81,112,147 35,53,81 30,53,87 73,102,129 87,100,128 73,96,123 68,91,125 63,92,119 65,91,128 66,93,123 70,98,132 59,90,123 62,92,116 63,85,115 65,80,96 50,67,87 51,39,55 73,99,134 51,42,57 81,119,148 68,116,155 71,100,129 34,26,32 50,70,94 20,27,41 22,21,26 45,42,46 51,60,85 71,98,128 20,27,39 15,18,25 13,11,12 13,13,13 10,12,9 10,12,9 11,13,13 13,11,19 13,11,19 15,13,21 15,13,21 15,13,21 15,13,21 13,11,19 15,14,19 16,15,20 15,13,21
18,21,30 16,19,28 15,23,30 15,20,28 12,17,23 13,11,21 11,10,15 10,8,16 15,20,28 20,23,34 16,23,37 26,35,48 27,34,46 40,50,70 57,82,122 33,37,52 66,99,141 78,111,155 80,116,161 80,116,157 81,114,149 76,100,131 75,95,121 66,91,117 75,91,116 86,92,120 34,45,72 49,62,90 44,62,90 70,34,42 67,86,117 58,51,63 68,53,61 50,49,66 58,34,52 75,106,153 80,31,34 56,57,78 67,98,131 52,67,85 44,25,27 46,69,96 51,79,111 24,25,30 39,39,47 47,45,55 80,106,141 27,32,42 21,21,29 12,9,13 12,12,12 16,14,12 11,13,10 12,12,9 15,13,21 10,10,18 13,11,19 15,13,21 15,13,21 15,13,21 16,14,22 15,13,23 15,13,21 15,13,21
32,37,61 36,44,64 40,56,85 36,56,84 38,71,94 41,65,96 38,56,80 35,45,65 39,53,74 40,65,91 33,46,72 36,46,66 16,19,28 24,32,37 63,91,127 18,24,43 79,108,151 82,115,159 84,121,168 81,114,156 81,105,134 56,69,88 73,95,125 69,100,133 44,52,70 50,55,79 71,112,151 58,47,70 51,43,62 62,73,100 46,54,74 52,28,34 47,42,58 82,82,108 59,85,118 49,23,42 75,30,27 62,94,122 83,78,96 50,28,36 33,31,41 54,83,112 65,96,129 39,39,49 18,16,24 31,29,39 73,109,152 21,26,34 15,18,27 17,17,29 12,12,12 10,12,12 7,12,11 12,12,12 15,14,19 15,13,21 16,14,22 15,14,19 15,14,19 15,13,21 15,13,21 15,13,21 15,13,21 15,13,21
39,55,82 40,63,88 43,66,100 44,68,97 40,63,88 45,67,99 44,64,90 49,63,86 46,59,85 36,54,78 33,41,57 22,29,41 10,10,22 11,11,19 65,97,137 49,65,90 57,90,123 86,120,159 28,47,80 42,44,58 46,46,58 32,34,48 67,94,122 67,91,122 54,28,32 66,79,107 66,111,151 77,94,125 71,99,133 72,103,138 74,50,56 88,101,129 81,108,149 46,51,77 70,103,138 77,97,123 68,92,123 53,81,106 55,75,101 56,74,100 49,78,105 63,94,129 15,25,45 31,29,37 46,49,56 44,44,54 71,83,105 20,23,32 21,21,31 47,57,77 16,25,38 18,23,19 21,23,23 16,18,15 13,12,17 13,12,17 17,15,23 15,14,19 15,14,17 15,13,21 15,13,21 15,13,21 15,13,21 15,13,21
33,42,65 43,61,87 44,68,97 47,71,100 48,61,87 40,57,79 38,54,81 39,55,82 37,47,67 22,27,35 25,30,40 39,52,78 33,43,61 13,16,27 67,98,141 78,97,128 71,102,137 88,110,140 30,28,38 23,27,31 29,29,37 33,42,65 65,85,113 68,88,116 72,41,49 75,98,136 82,95,121 71,99,124 70,97,127 74,102,136 72,103,134 72,107,141 72,103,138 64,91,119 60,83,108 59,83,114 56,82,119 48,72,101 56,74,102 57,84,114 62,95,130 28,38,56 34,37,44 48,51,60 42,47,55 18,17,22 32,32,42 20,23,32 13,14,19 45,55,71 46,59,85 42,47,53 21,28,26 20,25,24 18,16,24 22,20,28 22,21,26 20,18,26 18,17,20 16,15,20 17,18,23 16,14,22 19,18,21 13,11,19
20,23,34 35,44,57 43,63,89 45,72,100 41,65,96 40,65,91 37,50,76 33,43,63 26,39,56 25,33,51 27,38,51 33,50,70 26,32,49 16,18,32 75,106,151 86,118,158 74,106,144 69,103,140 87,111,142 23,22,25 32,31,34 43,41,51 20,21,24 66,94,126 65,93,127 31,63,91 70,97,136 68,99,132 66,93,123 62,86,117 71,99,133 72,104,144 70,96,129 61,85,114 58,78,106 38,62,91 42,61,92 49,65,90 58,82,113 70,96,129 73,109,150 34,33,38 43,51,58 42,47,53 38,44,47 40,39,44 35,35,43 12,15,24 12,10,20 39,48,59 41,54,71 40,53,72 41,53,75 42,60,86 38,50,72 20,20,28 19,17,25 20,18,26 22,20,28 22,20,28 19,17,25 22,20,28 22,20,28 19,18,23
10,9,14 16,15,20 22,30,39 38,47,70 47,66,97 43,63,91 41,61,89 44,67,94 41,65,96 41,61,89 37,54,76 37,50,78 34,49,67 22,33,46 57,87,127 89,120,167 73,107,146 72,100,136 38,34,43 19,16,20 37,40,47 24,24,32 39,42,51 25,30,38 63,77,89 73,93,107 65,93,125 66,92,129 69,90,125 72,91,124 55,79,108 56,83,113 58,82,113 56,76,104 54,73,104 32,32,42 37,31,36 58,57,48 32,30,28 24,23,14 69,70,58 23,26,14 50,48,56 32,33,25 30,29,18 23,22,15 22,21,24 31,31,39 12,11,16 19,27,32 44,62,90 40,56,81 35,45,63 32,41,54 38,51,70 28,33,43 24,22,32 23,21,29 22,20,28 22,20,30 23,21,29 22,22,30 22,20,28 23,21,29