38,23,14 42,27,18 38,26,16 42,26,22 32,23,17 38,29,25 33,23,22 28,22,17 32,21,18 27,23,13 60,34,11 30,27,33 27,26,31 17,18,21 17,18,21 14,20,21 17,18,21 17,18,21 17,18,21 15,16,19 17,18,21 16,17,20 16,15,18 17,18,21 16,17,20 14,15,18 25,24,27 38,19,5 33,43,51 36,26,25 41,25,8 44,25,9 37,23,9 31,20,13 31,22,18 40,49,62 36,44,60 35,48,65 25,29,31 31,22,18 26,16,15 14,12,10 20,21,24 18,28,25 16,27,26 17,29,25 19,32,31 10,19,19 20,32,38 36,60,91 23,60,96 26,60,97 26,60,97 26,60,97 26,60,97 26,60,97 25,59,96 26,58,96 25,59,96 25,59,96 25,59,96 25,59,96 26,58,96 25,57,95
42,27,18 41,26,17 38,26,16 44,28,24 39,29,30 31,24,22 37,27,28 31,25,18 31,20,17 27,23,15 107,62,27 32,40,45 24,21,25 17,18,21 17,18,21 14,20,21 15,19,21 16,20,22 15,16,19 18,19,22 16,17,20 16,17,20 12,16,18 16,17,20 15,16,19 15,16,19 19,18,23 53,31,13 36,50,62 15,19,21 38,26,16 32,21,14 33,21,9 38,23,14 27,16,11 23,18,17 36,43,57 29,38,51 31,18,15 23,14,10 23,22,25 12,17,16 19,24,23 18,25,23 19,28,28 19,26,24 29,39,45 22,31,31 11,20,20 24,38,50 29,62,95 27,59,97 25,59,96 25,59,96 25,59,96 25,59,96 25,59,96 26,58,96 25,59,96 25,59,96 26,58,96 26,58,96 26,58,96 25,57,95
48,33,22 42,30,20 40,30,20 37,26,21 38,29,23 33,24,20 33,24,18 33,21,21 33,21,21 30,24,19 101,41,0 49,61,83 23,21,22 20,19,22 17,18,21 15,19,21 17,18,21 17,18,21 19,18,21 17,18,21 15,19,21 16,17,20 16,17,20 16,17,20 15,16,19 15,16,19 18,22,24 51,35,20 46,54,72 38,38,48 13,19,20 17,17,17 34,22,10 33,20,13 38,22,16 29,18,15 28,18,19 15,15,15 39,37,47 33,42,55 32,40,49 9,18,18 19,29,26 20,18,16 19,14,13 13,13,10 15,25,19 21,32,31 13,18,24 25,30,38 22,30,35 7,22,38 28,58,96 26,59,94 26,58,96 26,58,96 26,58,96 25,59,96 25,59,96 26,58,96 26,58,96 24,58,95 25,57,95 24,58,95
55,43,33 39,27,17 47,36,29 40,24,18 41,28,21 38,27,22 33,24,18 35,26,20 32,23,19 32,22,21 89,40,0 49,61,85 22,22,19 21,18,22 17,18,21 16,17,20 18,19,22 17,18,21 17,18,21 15,16,19 16,17,20 17,19,19 17,18,21 17,18,21 16,17,20 16,17,20 36,27,19 42,37,36 39,47,56 18,17,20 18,17,20 15,16,19 13,17,19 22,17,16 34,21,18 26,17,11 26,15,12 27,16,11 38,43,53 32,41,52 37,40,51 26,21,20 16,14,12 13,11,9 19,26,24 18,27,27 15,25,22 15,26,25 26,34,39 19,30,43 22,30,46 20,53,88 14,45,80 26,58,96 26,58,96 25,59,96 25,59,96 25,57,95 26,58,96 26,58,96 24,58,95 24,58,95 24,58,95 25,57,95
50,40,39 54,44,43 46,36,26 52,36,21 43,31,21 44,29,18 39,27,17 33,24,20 32,23,19 28,20,26 63,31,1 64,74,90 23,22,25 25,22,26 20,19,22 16,20,22 15,21,22 17,18,21 23,23,31 19,25,28 17,18,21 17,18,21 17,18,21 17,18,21 16,17,20 17,18,21 65,33,1 37,45,52 17,16,19 16,17,20 16,17,20 15,16,19 13,17,21 15,19,23 23,23,23 26,17,13 25,16,10 25,16,10 21,15,10 36,44,49 15,15,12 22,22,30 17,23,24 14,18,20 14,20,21 20,26,29 16,21,20 14,27,26 18,29,28 25,35,39 26,44,59 19,33,43 16,37,72 15,39,70 26,58,96 25,59,96 25,57,95 24,58,95 24,58,95 24,58,95 23,58,92 24,49,75 25,57,95 25,57,95
64,54,58 58,48,47 55,42,39 51,35,31 47,32,23 42,25,17 44,29,20 40,28,18 33,27,22 42,29,26 54,31,28 66,70,85 25,25,22 20,21,24 17,18,23 17,18,21 19,19,19 26,26,26 30,29,32 22,22,30 19,22,29 15,19,21 14,18,20 16,17,20 17,18,21 16,17,20 66,31,6 36,43,55 16,17,20 15,16,19 15,16,19 15,16,21 15,19,21 14,18,20 13,17,19 25,25,22 29,16,13 24,15,9 22,13,7 19,12,10 25,29,33 31,41,57 23,24,27 20,29,31 16,20,22 19,25,26 12,19,17 18,25,23 18,27,27 24,41,61 23,35,39 23,32,57 27,50,86 29,41,65 26,59,94 25,59,96 25,57,95 24,58,95 25,57,95 17,45,77 12,25,44 16,39,66 29,60,95 25,57,97
64,54,53 58,48,47 52,41,36 50,37,32 52,37,26 45,30,19 44,27,17 42,30,20 37,28,24 108,62,25 36,35,38 40,38,46 25,24,27 21,22,25 17,18,21 17,19,19 24,24,24 33,31,32 34,32,33 31,29,37 24,24,32 13,19,20 17,18,21 15,16,19 16,17,20 31,21,20 66,38,25 36,47,58 16,17,20 17,18,21 15,16,19 18,19,22 15,19,21 16,20,22 12,16,18 12,16,18 15,16,19 22,13,9 22,11,8 21,11,12 16,9,12 15,19,23 14,18,20 18,27,29 18,24,25 15,24,24 16,21,20 21,28,26 20,29,31 24,40,51 23,35,41 27,39,45 25,35,39 13,22,24 29,39,55 19,43,72 27,58,93 25,57,95 24,56,94 23,51,83 24,36,60 16,26,42 22,36,46 10,20,36
65,54,51 58,42,40 50,37,34 57,40,32 55,40,20 51,32,16 44,27,17 42,33,25 38,31,31 144,64,5 35,40,50 34,31,35 24,23,26 23,22,25 19,18,23 16,17,20 24,22,23 31,29,30 40,35,34 35,33,34 30,27,33 24,22,30 18,18,26 16,17,22 16,18,18 80,41,13 56,45,52 40,47,61 16,17,20 16,17,20 20,21,24 17,18,21 16,20,22 16,17,20 18,19,22 16,20,22 18,24,25 16,20,22 16,11,13 15,10,9 16,14,15 23,32,34 20,22,22 17,23,24 16,25,25 16,25,25 14,20,21 19,26,24 15,21,22 15,28,29 14,28,38 23,33,37 15,26,27 20,26,27 11,22,23 19,36,56 17,40,67 24,57,90 33,56,81 28,51,78 16,23,37 17,24,47 14,22,40 18,37,56
62,48,48 61,52,48 56,43,36 55,38,28 53,33,15 50,34,17 50,34,28 44,37,40 41,39,47 79,26,0 16,12,23 35,30,32 21,19,17 23,20,24 22,21,24 17,18,21 16,20,22 31,29,27 44,39,36 33,31,29 37,34,38 28,28,36 24,22,32 16,20,24 15,19,21 67,33,3 40,53,68 21,26,32 14,18,20 13,19,22 15,19,21 18,19,22 16,17,20 15,19,21 15,19,21 18,24,25 16,20,22 14,20,21 14,20,21 16,17,20 15,16,21 16,24,29 20,29,31 16,17,20 20,25,24 17,26,26 13,22,24 18,28,25 17,26,28 19,32,33 26,37,48 15,32,24 21,35,31 24,36,32 20,27,39 18,21,30 18,19,24 17,22,32 19,28,41 23,50,80 22,38,63 18,30,52 20,34,55 9,24,40
75,67,73 61,53,59 64,47,39 52,36,23 49,34,14 47,35,23 48,41,39 47,42,44 67,36,24 78,35,0 13,11,12 53,32,9 71,40,17 60,36,12 41,25,21 27,35,42 14,18,20 15,19,21 31,29,30 39,34,33 40,35,37 32,31,36 27,25,33 16,19,26 48,28,10 49,27,9 42,50,68 17,18,23 13,18,17 14,16,16 35,36,39 16,20,24 34,37,46 41,48,60 15,19,23 18,22,24 16,20,22 17,18,21 15,19,21 15,19,21 17,18,21 13,21,28 15,19,23 15,21,24 17,23,24 16,17,20 19,28,30 14,20,21 19,28,28 14,25,26 13,23,20 23,32,32 18,29,28 22,35,36 15,25,22 29,39,47 18,22,26 18,22,24 33,37,50 21,40,59 24,51,81 17,27,43 22,32,48 14,19,29
76,69,69 75,68,68 57,40,30 56,34,14 54,40,26 54,43,40 53,51,52 48,48,48 120,60,17 56,26,0 25,16,10 83,43,9 45,30,8 40,26,12 35,19,17 16,16,24 18,23,22 40,48,64 16,19,26 23,22,25 31,29,30 30,29,32 27,26,31 22,22,30 59,36,7 58,42,36 28,41,56 28,23,22 13,13,13 10,11,14 25,22,28 24,29,35 27,28,31 31,36,42 37,45,54 15,21,22 15,16,19 14,18,20 17,18,21 14,18,20 19,25,26 11,19,24 16,20,22 17,27,24 16,20,22 18,24,27 22,31,31 16,20,22 15,21,22 26,30,32 15,23,28 18,27,27 18,29,28 13,26,25 13,19,20 24,31,43 19,25,28 17,18,21 25,33,38 7,31,51 24,45,80 20,25,33 17,17,27 9,16,28
53,48,50 66,53,50 63,44,21 67,39,26 57,48,44 44,42,40 58,58,68 51,48,54 119,45,0 39,18,7 25,14,9 22,16,9 98,51,19 53,27,13 21,19,17 33,37,41 45,51,54 11,15,19 44,63,84 22,22,22 37,35,36 33,31,29 32,31,36 33,31,39 61,32,10 43,35,41 40,49,62 25,16,8 25,20,19 33,22,15 61,30,11 48,28,21 34,28,33 52,48,57 23,31,36 39,47,56 15,20,19 14,20,21 15,19,21 16,20,24 18,24,27 18,19,24 14,19,18 17,24,22 18,22,24 15,21,22 13,19,20 16,21,20 21,26,32 15,25,29 19,24,23 18,28,25 26,36,40 22,31,31 21,28,26 23,27,31 19,19,19 25,26,29 14,19,27 21,39,63 20,24,37 16,16,26 19,17,25 20,16,27
64,53,48 65,41,19 72,47,19 58,42,27 56,47,58 65,62,66 58,58,66 48,46,44 89,44,9 26,15,10 28,21,19 65,28,2 76,37,9 28,22,15 30,18,20 35,26,22 34,42,49 30,33,40 24,29,35 22,23,28 18,22,24 18,22,24 33,30,34 40,35,34 65,36,14 35,37,53 29,32,39 16,9,9 31,24,22 56,37,44 78,42,20 45,24,22 58,61,72 50,50,60 60,64,79 25,33,38 16,20,24 16,20,22 15,19,21 16,17,20 15,19,21 18,20,20 18,22,24 17,23,24 15,16,19 19,23,25 14,20,21 15,19,21 17,22,28 19,25,26 18,24,25 18,29,28 31,47,47 17,28,27 18,25,23 21,22,25 19,18,21 20,19,22 17,28,29 19,17,27 19,17,27 16,14,24 20,18,28 22,20,30
69,50,27 71,41,13 70,44,19 65,54,49 59,57,65 58,61,68 63,61,62 55,48,48 72,36,5 35,23,13 40,24,18 89,39,6 76,33,16 44,23,10 38,31,34 54,31,28 19,16,22 24,25,30 11,19,28 12,22,26 16,20,24 15,19,21 15,19,23 59,35,9 50,38,28 40,46,63 16,17,22 15,16,19 59,29,12 64,30,10 29,17,7 23,16,14 21,16,18 58,76,104 61,82,119 20,23,30 20,21,24 18,19,22 17,18,21 18,27,27 14,15,18 14,18,20 17,18,21 15,19,21 18,22,24 14,18,20 17,23,24 18,24,25 13,18,17 23,31,36 19,28,30 16,25,25 14,27,26 20,29,29 18,27,27 17,23,24 18,22,24 17,18,21 25,35,41 20,20,30 18,18,28 18,16,26 16,14,24 20,14,21
74,48,23 72,44,15 71,56,36 69,64,63 77,78,83 64,64,74 51,46,45 66,41,24 61,31,5 24,15,9 40,28,18 95,41,5 69,35,13 43,23,16 61,38,25 85,42,27 58,59,80 35,40,50 28,28,36 15,20,26 13,22,24 15,21,22 15,24,26 72,40,0 49,39,38 36,46,64 13,12,15 15,14,17 49,29,11 35,18,8 40,27,20 32,20,22 29,24,23 36,44,53 75,96,135 28,31,38 22,24,24 15,22,20 17,18,21 18,22,24 16,17,20 15,19,23 15,21,22 15,19,21 16,17,20 19,25,26 14,20,21 18,22,24 19,23,27 12,21,21 19,25,28 19,30,29 19,30,29 23,34,33 17,26,26 15,24,24 19,25,28 44,47,56 21,21,29 18,18,26 20,20,30 19,17,27 19,17,27 19,15,26
65,43,23 59,45,27 75,70,69 76,75,78 67,67,75 53,54,59 59,48,45 89,44,0 57,32,15 21,14,12 68,37,18 80,36,8 69,35,15 41,22,8 61,30,7 26,21,20 25,25,35 47,52,76 26,32,35 13,22,22 15,24,26 24,30,33 20,34,46 73,34,2 40,44,59 41,54,71 13,13,13 16,15,18 46,27,4 82,41,12 78,37,10 48,29,36 69,80,91 44,51,65 61,74,93 79,78,93 21,23,23 20,22,22 14,20,21 14,20,23 16,20,22 17,18,23 17,18,21 14,20,21 18,24,25 17,19,19 14,20,21 13,17,19 19,28,30 17,23,24 14,20,23 19,25,26 12,21,21 30,41,42 11,15,17 39,39,47 17,18,23 21,22,27 20,20,30 17,18,23 14,17,24 15,15,25 19,17,25 17,15,23
66,52,27 71,61,60 69,65,74 80,78,88 69,61,67 58,47,42 50,34,17 91,47,0 51,28,15 30,31,21 61,30,9 78,33,10 62,32,17 68,31,16 36,18,13 17,15,16 68,71,82 45,50,60 27,31,35 22,30,35 21,26,32 29,37,44 34,36,52 70,34,12 34,45,56 42,51,62 18,13,12 14,15,18 45,24,9 68,35,10 68,31,7 50,38,40 58,65,77 54,65,76 47,56,67 57,60,67 16,15,18 25,27,27 15,19,21 14,20,21 15,19,21 14,18,20 15,19,21 18,22,24 16,17,20 17,18,21 17,16,19 17,23,26 16,20,24 19,25,26 17,23,24 20,26,27 22,28,29 46,57,58 10,10,10 16,17,20 18,19,22 19,18,21 17,16,19 24,24,32 69,72,83 16,19,30 18,16,24 16,16,24
36,35,40 18,21,28 38,50,74 34,48,69 56,53,57 60,42,21 54,34,14 80,38,0 33,17,15 29,18,15 63,32,13 73,33,10 61,27,5 38,17,15 17,17,17 16,13,17 54,57,64 53,59,76 23,27,29 25,29,33 31,40,51 38,48,64 74,45,25 60,36,28 38,47,58 16,19,26 35,19,15 21,14,12 39,22,14 59,30,10 54,27,11 36,24,14 38,36,44 42,45,52 48,56,65 55,55,63 15,15,15 32,31,34 15,21,22 17,18,21 17,18,21 15,19,21 17,18,21 17,18,23 15,19,23 19,19,19 18,19,22 24,29,35 19,25,26 12,21,23 15,19,21 16,15,18 15,14,17 15,14,17 22,24,24 14,15,20 15,16,19 18,17,20 19,18,21 18,17,22 17,16,21 20,20,30 77,80,91 20,23,32
22,27,33 19,16,22 32,41,54 32,41,54 31,43,67 31,55,75 57,39,20 76,33,0 32,20,20 38,23,12 129,57,0 88,41,7 63,32,20 46,23,8 25,23,24 18,20,36 41,49,58 39,44,50 22,22,22 18,26,31 36,46,62 39,57,74 83,37,0 42,39,45 36,45,58 15,14,17 38,27,24 27,15,17 32,19,12 51,30,7 48,25,10 32,19,14 20,18,19 34,37,44 45,53,60 32,32,40 15,15,15 29,31,31 17,18,21 15,19,21 15,19,21 15,19,21 14,18,20 15,19,21 19,18,23 19,18,21 30,33,44 15,19,23 16,20,22 13,14,17 14,15,18 14,16,16 16,18,18 30,34,38 16,19,26 17,18,23 52,51,66 60,60,72 17,17,27 22,23,28 43,43,51 46,46,54 30,34,38 40,43,50
12,17,23 16,17,20 29,30,33 120,55,0 95,41,3 97,49,20 70,35,20 57,59,75 20,15,14 43,26,16 70,31,3 17,16,19 19,13,8 31,21,9 18,16,14 22,25,36 41,49,58 22,23,28 23,23,23 24,34,40 40,53,70 44,61,83 79,38,9 45,44,49 36,46,62 25,24,29 32,22,23 43,23,14 29,20,12 55,30,13 56,32,10 34,21,14 17,18,21 24,30,33 38,46,53 21,22,27 20,19,22 25,25,33 37,40,47 47,45,53 47,45,53 50,48,56 30,31,36 16,17,20 39,43,47 23,23,31 48,37,34 90,93,100 11,12,15 11,12,17 13,14,17 17,18,21 32,33,38 14,15,18 14,15,20 38,44,63 16,16,24 17,16,21 17,18,23 15,16,19 18,17,22 23,22,27 18,19,22 18,19,22
51,24,6 130,56,2 111,51,8 78,34,8 68,31,16 70,34,16 51,33,28 63,72,83 19,18,23 14,15,20 13,17,19 19,17,18 17,16,19 16,16,16 9,10,13 9,8,11 24,24,21 23,24,27 25,29,31 34,45,58 41,56,74 46,59,76 73,37,15 43,49,68 38,48,68 33,44,55 35,35,43 52,26,12 19,15,24 30,21,17 52,27,10 32,20,20 35,38,47 44,52,59 49,52,61 33,29,38 40,38,46 42,38,51 43,41,51 42,42,52 25,22,28 38,36,44 39,39,47 50,39,46 65,57,65 79,88,101 45,26,10 44,44,54 23,28,27 11,12,15 16,16,16 14,15,18 46,44,52 16,15,18 29,28,33 19,27,43 28,31,42 11,12,15 10,11,14 13,15,15 10,11,16 17,18,23 17,17,25 16,16,16
104,48,10 84,40,14 73,35,16 63,33,18 51,29,11 56,33,20 18,17,22 23,22,27 20,19,22 17,16,19 48,51,60 37,56,75 18,23,33 16,16,16 20,20,20 14,15,20 27,25,26 27,28,31 27,31,33 39,52,69 49,68,89 53,43,42 55,41,27 40,48,66 42,62,88 37,51,72 42,51,76 25,16,10 20,18,16 35,29,24 57,40,43 41,33,41 44,31,39 49,38,47 47,36,45 48,44,53 47,43,52 45,41,50 44,40,51 45,43,55 42,42,54 55,42,52 76,73,79 30,27,33 53,33,26 54,58,73 20,20,20 19,19,16 50,54,67 43,41,53 37,33,42 27,26,31 18,17,22 13,12,15 16,15,18 29,27,35 38,38,50 13,14,19 20,19,22 27,28,33 56,59,68 18,23,31 29,36,48 17,17,27
71,36,21 61,29,15 48,29,17 51,29,21 63,32,13 58,31,15 28,22,17 60,69,82 15,14,17 14,16,16 69,72,79 11,17,20 24,34,54 39,51,75 47,53,70 15,14,19 31,29,30 27,21,26 24,30,31 42,59,79 47,68,89 76,36,11 54,44,48 40,50,66 47,68,107 45,62,82 37,40,51 47,30,31 53,41,41 57,40,43 50,43,43 53,40,50 44,36,42 50,39,46 46,35,42 52,40,54 48,39,50 46,43,49 46,42,51 45,43,53 51,49,61 62,47,55 52,39,36 58,67,78 26,21,23 18,19,24 15,17,17 16,18,18 16,17,20 63,68,76 36,24,26 44,37,47 46,46,54 39,39,47 19,18,21 23,22,27 78,81,92 15,16,21 15,14,17 15,14,17 11,15,19 47,49,63 24,24,34 17,15,25
51,30,19 50,30,21 50,31,19 43,26,16 38,22,16 34,21,16 17,17,17 23,21,29 16,15,18 15,17,17 48,52,56 11,16,10 7,19,15 12,18,19 37,52,70 20,24,28 28,26,27 28,23,25 35,41,44 46,61,79 52,69,89 71,31,8 42,46,59 41,48,62 70,86,113 45,41,50 60,39,35 57,39,36 60,42,41 59,42,45 56,41,51 53,42,51 51,44,54 50,41,52 57,46,55 47,36,45 50,38,50 50,38,52 42,38,47 57,45,50 36,29,29 23,19,28 40,25,16 24,23,28 18,17,20 16,17,20 15,16,19 15,16,19 13,17,21 34,38,42 18,24,27 21,14,17 45,43,51 34,37,46 26,25,30 24,23,28 27,27,35 25,24,29 15,15,15 15,14,17 14,15,20 22,26,30 34,39,47 18,21,30
26,19,19 38,25,22 46,27,13 59,32,14 68,39,17 47,26,15 32,31,36 26,25,30 16,16,16 19,18,21 11,18,16 12,17,16 11,16,15 10,17,15 10,17,15 10,16,19 12,12,12 26,21,23 35,40,48 47,61,82 69,52,42 62,37,18 38,46,55 44,44,54 53,32,30 62,36,26 60,33,26 58,34,26 53,35,32 56,40,36 57,40,43 53,40,50 50,43,53 54,45,56 50,41,52 53,41,53 49,40,51 43,34,45 47,38,49 53,39,39 22,22,22 15,17,14 14,19,18 20,17,21 17,16,21 17,16,21 17,16,21 16,15,20 19,18,23 23,22,27 79,88,111 22,22,30 16,11,13 50,45,47 34,34,42 12,11,14 10,12,12 23,22,25 15,14,17 16,16,16 20,20,28 24,31,43 17,27,33 12,16,20
20,20,20 21,19,20 21,18,22 28,18,22 42,29,26 19,17,18 19,19,19 20,19,22 16,15,18 13,18,17 12,17,16 12,19,17 10,17,15 10,17,15 10,17,15 10,11,16 15,14,19 18,9,5 18,17,22 51,60,73 81,40,11 58,40,39 37,46,59 26,25,28 48,28,21 56,29,13 59,32,16 58,31,24 55,33,27 56,38,35 57,40,43 52,39,47 53,41,53 52,43,54 47,43,54 44,35,48 44,31,41 43,32,41 43,36,46 40,36,45 44,40,49 42,39,45 25,22,26 22,17,19 17,16,19 18,17,22 16,15,18 17,16,19 18,17,20 19,18,21 60,67,81 81,91,111 16,15,18 23,22,25 30,29,34 18,19,22 12,11,14 12,12,12 13,13,13 12,10,11 14,19,18 10,16,19 10,15,21 10,15,21
14,15,18 15,16,19 14,15,18 15,16,19 21,16,18 51,30,7 31,18,11 22,23,26 22,23,26 14,16,16 13,20,18 10,16,19 10,17,15 11,18,16 11,16,15 8,14,17 64,23,0 77,48,42 64,53,60 92,73,77 88,74,79 63,61,81 44,52,61 91,88,94 27,16,13 51,29,9 59,30,10 58,29,23 60,36,30 55,37,32 56,39,40 53,42,51 53,42,51 54,45,56 50,43,53 50,41,52 43,36,48 49,41,47 40,34,39 46,39,49 42,38,49 46,44,54 49,45,56 48,28,19 21,16,15 17,17,17 17,16,19 17,16,19 18,15,19 17,16,19 30,31,34 55,60,70 16,16,16 26,23,27 22,23,26 34,38,42 63,66,84 12,12,12 11,11,11 11,11,11 11,11,11 11,10,13 8,17,17 10,16,19
12,16,18 13,17,19 14,15,18 15,16,19 48,27,4 74,36,1 32,16,3 23,28,27 13,18,17 16,17,20 33,47,59 33,48,66 28,37,48 12,17,16 10,17,15 22,13,7 120,69,43 84,75,86 32,32,44 41,25,19 44,32,32 45,41,52 79,86,98 56,43,40 71,79,95 58,29,5 63,32,13 60,29,21 58,34,28 56,40,36 55,38,39 50,40,44 50,42,48 49,38,47 49,41,49 45,36,47 53,42,51 42,31,38 44,33,40 52,44,52 51,43,51 45,37,45 44,35,48 46,30,15 38,26,14 19,17,18 20,17,21 19,18,21 19,18,21 19,18,21 18,19,22 27,28,31 12,11,14 19,18,21 29,30,33 30,34,38 62,62,70 15,16,21 11,11,11 11,11,11 11,10,13 11,11,11 11,12,15 10,16,19
14,15,18 15,16,19 15,16,19 15,16,19 83,41,1 78,38,2 34,22,12 14,18,20 15,16,19 25,30,36 31,41,57 33,46,65 30,38,47 14,16,16 35,45,53 126,58,0 82,39,24 57,42,50 72,78,97 58,61,70 26,25,30 12,16,20 36,41,51 77,85,101 39,22,14 69,29,4 63,28,13 56,28,17 55,28,21 53,33,26 51,30,30 49,32,33 61,44,50 64,47,53 59,48,55 53,40,48 48,40,48 42,35,45 40,34,41 40,36,45 43,36,46 48,37,34 35,29,34 26,16,15 29,20,16 26,19,19 18,19,22 19,18,21 19,19,19 17,17,17 13,12,15 13,10,14 12,11,14 12,11,14 20,19,22 24,25,28 11,10,13 11,10,13 11,11,11 11,10,13 11,10,13 11,10,13 11,10,13 8,14,15
15,16,19 15,16,19 15,16,19 17,16,19 84,38,0 81,36,3 40,28,18 15,16,21 22,22,30 19,27,34 33,43,63 30,40,56 16,15,18 43,31,21 44,32,34 127,61,13 50,39,36 17,17,25 20,21,26 36,36,46 56,58,74 75,79,94 32,32,42 23,31,40 65,29,9 68,27,7 61,25,7 46,23,12 52,32,23 53,32,28 40,27,35 35,28,31 40,33,36 37,34,38 39,33,40 37,34,40 38,34,43 42,38,47 44,37,47 37,29,35 22,17,19 62,39,24 50,55,63 40,44,48 15,19,23 20,19,22 13,14,17 17,18,10 20,30,27 13,13,10 11,10,13 11,10,13 11,10,13 11,10,13 17,18,21 9,10,13 11,10,13 11,10,13 11,11,11 11,10,13 11,10,13 11,10,13 11,10,13 11,10,13
13,17,19 13,17,19 12,16,18 16,16,16 79,40,0 74,30,2 32,19,12 15,19,23 22,27,33 25,33,40 29,42,59 20,25,31 35,24,9 27,26,31 140,65,0 77,34,17 53,39,56 66,72,89 41,49,58 24,22,30 22,20,28 40,39,44 69,80,93 76,83,95 61,27,7 59,25,7 58,28,11 41,23,18 33,23,27 33,27,32 27,24,28 30,27,33 32,30,38 33,32,37 37,33,42 36,35,40 39,35,46 42,38,47 30,20,21 30,19,16 24,14,15 24,12,12 19,11,17 19,13,20 14,12,13 13,10,14 14,11,17 8,12,14 22,28,31 20,26,29 11,11,11 11,11,11 11,11,11 11,11,11 11,10,13 11,10,13 11,10,13 11,11,11 11,11,11 11,10,13 11,10,13 11,10,13 11,10,13 11,10,13
13,17,19 12,16,18 11,17,18 22,17,16 70,28,4 63,33,7 23,18,17 15,23,28 22,30,37 28,37,50 29,38,49 15,17,17 101,41,2 19,17,18 138,57,0 86,40,10 16,17,20 18,19,22 40,37,43 53,51,63 67,68,87 57,63,82 20,25,35 48,55,67 58,24,4 57,26,7 43,20,5 26,21,18 25,22,28 29,27,35 31,27,36 35,31,42 32,30,38 34,32,40 36,34,42 36,34,42 38,34,43 37,34,38 36,28,34 27,15,17 24,14,15 20,13,13 19,8,15 17,10,13 16,11,13 10,11,16 10,11,14 10,11,16 12,12,12 10,10,10 11,11,11 11,11,11 11,11,11 11,10,13 12,11,14 11,10,13 11,10,13 11,10,13 11,10,13 11,10,13 11,11,11 11,11,11 11,10,13 11,10,13
12,16,18 12,16,18 11,17,18 37,21,4 70,32,0 43,20,5 13,22,24 20,25,31 26,31,39 31,38,52 14,14,22 39,23,10 76,36,13 26,22,16 104,42,2 84,43,23 68,64,75 63,62,77 40,34,39 20,19,24 29,27,39 43,50,64 64,72,90 75,83,99 54,25,5 46,20,6 29,16,11 21,18,22 24,23,28 32,25,35 33,31,39 33,31,41 33,31,41 36,34,42 33,31,39 36,34,44 36,34,44 32,31,36 19,13,18 21,14,14 23,13,17 20,13,13 20,13,16 18,13,15 19,11,17 16,10,15 10,11,14 8,12,14 10,11,14 9,10,13 11,11,11 11,11,11 12,12,12 11,10,13 12,11,14 12,11,14 11,10,13 11,10,13 11,10,13 11,10,13 11,11,11 11,11,11 11,10,13 11,10,13
15,16,19 15,16,19 15,16,19 68,34,4 68,34,4 51,32,18 18,19,22 20,25,31 27,32,40 27,38,49 35,28,26 49,24,5 60,31,11 32,20,10 47,25,17 35,22,19 19,16,20 23,26,35 43,37,44 52,55,73 60,66,85 54,60,77 23,31,36 39,48,61 19,12,10 17,10,10 13,10,14 18,17,20 25,22,28 26,24,32 28,28,36 34,32,40 34,32,40 33,31,39 33,31,39 36,34,44 33,31,39 15,14,17 18,12,17 17,15,16 18,12,17 20,13,16 19,12,15 19,14,16 16,14,15 16,10,15 13,12,15 13,15,15 12,12,12 12,12,12 11,11,11 11,11,11 11,11,11 11,11,11 11,10,13 12,11,14 11,10,13 11,10,13 11,10,13 11,10,13 11,10,13 11,10,13 11,10,13 12,11,14
15,16,19 15,16,19 15,16,19 86,43,0 62,32,6 24,11,8 25,28,35 19,29,33 27,35,44 28,41,56 59,35,11 46,25,2 63,27,7 31,16,7 21,16,18 16,18,15 18,17,22 43,33,34 30,20,19 16,17,22 38,43,51 41,46,56 15,8,6 13,10,14 10,11,14 11,12,15 9,13,15 13,14,17 22,23,26 27,26,31 30,33,40 32,32,42 38,34,43 34,32,40 34,32,40 36,34,42 27,24,30 13,12,15 14,11,15 16,13,17 16,13,17 16,14,15 16,14,15 16,13,17 16,14,15 15,9,14 11,12,15 13,14,17 47,46,51 44,42,50 11,11,11 11,11,8 11,11,11 11,11,11 11,10,13 12,11,14 11,10,13 11,10,13 11,10,13 11,10,13 11,10,13 11,10,13 12,9,13 23,22,25
15,16,19 15,16,19 16,17,20 82,36,0 51,29,11 23,23,23 23,31,36 22,27,33 32,40,47 45,26,3 50,30,0 46,28,7 39,23,10 38,21,13 26,16,15 33,23,27 50,41,52 64,31,6 34,22,10 14,15,20 13,12,15 9,13,17 14,11,15 13,10,14 12,11,14 12,11,14 11,10,13 13,14,17 18,19,22 23,24,29 31,30,35 36,35,40 37,36,41 34,33,38 27,25,33 15,14,17 13,12,15 13,12,15 13,12,15 13,12,15 16,10,15 14,12,13 16,14,15 16,13,17 18,13,15 12,11,14 11,12,15 13,14,17 40,39,44 44,43,48 19,18,21 11,11,11 11,11,11 11,11,11 11,11,11 11,10,13 11,10,13 11,10,13 11,10,13 11,10,13 11,10,13 11,10,13 17,14,18 26,25,28