21,24,31 21,24,31 21,24,35 18,21,30 20,20,28 20,20,28 13,18,24 18,18,26 24,24,36 28,32,47 29,32,50 32,34,50 32,38,57 35,45,65 27,33,50 33,39,56 35,44,57 38,47,60 43,53,73 47,53,70 49,59,75 54,66,90 55,61,80 40,47,61 28,33,43 18,23,33 33,39,58 30,37,51 31,35,50 31,34,52 29,38,51 63,74,87 58,76,93 56,76,100 61,81,107 53,72,103 65,83,107 82,101,122 81,96,114 55,67,89 53,67,79 56,72,99 54,68,91 19,32,49 53,76,103 33,43,61 29,37,46 28,32,47 31,40,53 26,35,48 27,34,48 22,29,41 19,24,30 20,29,31 17,22,28 18,24,27 14,15,20 16,17,20 13,14,17 13,13,21 15,13,21 20,23,30 22,27,33 16,19,26
29,35,54 29,35,54 27,34,48 21,30,41 20,20,28 18,18,26 18,16,24 15,14,29 29,34,44 31,35,50 36,48,72 30,36,53 42,54,76 40,49,74 37,43,60 19,25,42 14,19,29 28,32,45 49,58,71 52,60,80 55,67,89 53,66,85 55,65,85 52,68,97 55,73,97 58,78,106 72,91,124 26,33,47 25,30,40 29,32,50 33,42,55 12,21,34 26,30,45 72,82,102 15,20,30 66,91,113 83,99,128 74,104,126 45,50,60 70,83,102 20,24,28 56,70,93 60,80,108 14,27,44 53,79,112 28,38,56 30,36,53 18,23,31 40,52,74 39,51,73 36,43,55 34,41,55 19,24,30 15,24,26 14,19,25 18,22,26 13,14,17 10,11,14 14,15,18 17,17,25 16,15,18 12,16,20 18,23,29 15,20,26
41,60,91 36,52,79 38,52,75 28,38,54 29,38,49 30,37,49 35,54,85 38,51,70 30,38,56 30,40,60 38,56,82 40,52,74 43,49,66 36,43,55 27,35,44 30,37,51 33,41,61 45,53,73 44,52,68 50,60,78 14,22,38 23,30,42 7,10,21 59,69,89 65,79,100 14,14,24 67,93,126 75,99,128 35,45,65 38,45,68 26,36,52 22,20,28 75,87,111 70,80,98 21,24,33 80,104,133 25,28,46 75,93,117 37,40,49 59,72,89 63,72,85 28,30,44 67,92,118 17,25,43 72,104,142 30,37,49 25,30,40 15,16,19 18,25,37 22,29,41 23,31,40 19,27,36 21,26,36 14,20,23 16,19,26 14,14,22 13,13,21 17,18,23 15,20,28 17,22,28 19,25,28 22,30,35 17,22,28 15,25,29
22,31,44 24,29,39 24,32,41 21,26,36 20,25,35 16,24,31 15,20,28 20,23,41 22,26,39 20,20,28 18,21,32 15,22,36 43,51,69 40,43,61 39,43,58 7,10,19 43,52,75 52,61,84 13,13,23 50,66,93 19,23,36 54,60,81 56,64,80 18,26,35 65,82,113 32,40,49 20,14,21 66,90,119 20,23,32 16,23,35 29,27,47 18,16,26 79,91,115 81,93,117 22,29,41 72,100,125 35,48,65 63,78,96 18,18,26 57,70,87 69,79,97 23,23,33 75,100,126 32,40,58 70,107,143 23,30,42 24,28,41 17,23,26 27,34,46 23,30,42 19,24,32 17,22,28 15,20,26 16,24,29 13,13,21 16,15,20 12,16,20 15,21,24 18,21,28 11,15,19 15,23,28 13,21,26 17,22,28 19,27,32
26,30,43 18,18,28 21,21,31 21,21,29 29,36,48 28,41,56 33,47,68 39,55,84 33,47,68 31,39,55 20,23,41 35,45,65 43,51,71 38,47,60 38,45,59 45,49,64 22,26,39 33,41,57 12,18,35 54,63,88 36,38,54 26,34,50 53,65,89 16,17,20 70,84,105 12,21,32 71,97,130 18,17,22 23,30,44 42,59,81 70,92,122 18,14,23 68,96,121 73,98,124 50,69,90 81,88,113 67,79,101 20,28,37 13,16,23 68,80,102 21,24,31 80,98,134 75,106,139 90,99,124 71,102,137 19,29,47 18,22,35 17,18,23 21,22,27 13,14,19 16,24,29 18,23,29 18,23,29 15,19,23 13,14,19 13,14,19 18,24,27 17,23,24 14,14,22 15,18,25 14,15,18 16,15,20 18,24,27 18,28,32
41,55,78 39,56,78 39,55,82 37,53,78 39,55,84 39,57,85 39,55,84 38,63,89 46,68,98 44,66,96 39,57,83 37,54,76 36,48,70 22,32,40 33,40,54 43,51,67 16,19,26 16,19,30 45,55,75 20,20,32 49,59,79 40,42,56 52,65,82 62,67,77 72,92,120 21,30,43 71,98,128 73,90,112 17,17,29 71,87,114 46,59,78 15,15,23 56,68,90 77,90,120 39,41,57 47,51,66 75,82,96 18,25,39 77,85,105 73,86,112 67,80,106 59,78,99 77,103,138 74,102,136 75,101,136 46,69,96 13,16,23 15,16,21 20,18,28 15,14,19 18,23,31 20,23,30 18,22,24 17,16,21 11,12,15 14,19,25 17,23,24 15,19,21 14,15,20 13,13,21 13,14,17 14,18,20 13,22,24 17,26,28
44,68,99 46,70,101 47,69,101 45,69,100 46,70,101 46,70,101 45,69,100 45,69,100 46,70,101 43,67,96 40,65,91 46,66,92 39,51,73 16,19,28 44,51,65 53,59,76 51,53,69 44,43,58 53,66,85 21,22,27 56,58,72 43,50,62 62,72,92 28,38,46 42,52,68 76,91,123 61,84,107 65,88,113 49,63,84 65,87,117 65,81,106 63,75,97 58,78,104 70,86,113 82,96,117 79,97,123 77,91,112 79,91,113 86,103,125 81,99,123 81,97,122 75,92,114 72,92,118 75,91,120 77,106,135 76,99,133 9,12,19 10,11,16 22,30,39 18,21,28 19,27,36 19,27,36 17,17,27 15,16,21 15,16,21 12,16,20 9,13,15 11,12,15 13,14,17 13,14,17 14,15,18 16,20,22 17,18,21 16,20,24
50,68,94 45,63,89 47,66,97 46,68,98 44,66,96 44,64,90 42,62,86 45,63,89 41,61,85 26,36,54 24,33,44 27,32,42 48,62,85 18,18,26 40,50,66 39,47,63 56,64,80 59,69,87 57,69,91 50,69,90 45,58,75 49,59,75 63,75,97 72,88,115 74,97,131 75,99,130 72,92,120 64,82,106 64,88,117 62,87,113 64,89,115 73,96,123 74,99,125 74,99,125 84,104,130 79,99,125 86,104,130 87,100,126 87,100,126 81,97,122 68,81,100 70,84,105 69,93,122 75,98,125 42,60,84 75,102,132 20,24,37 10,9,14 19,22,31 28,32,45 26,35,48 25,33,42 18,18,26 14,15,18 14,15,18 11,12,15 9,11,11 10,11,14 11,12,17 13,14,17 15,19,23 15,19,23 11,15,19 15,16,19
25,30,40 21,26,36 29,32,43 27,34,46 27,32,42 14,17,24 11,11,21 9,12,21 18,21,30 15,15,23 20,20,30 11,11,21 45,58,84 13,20,32 61,71,87 62,72,88 61,77,102 57,77,105 52,66,87 51,61,81 9,22,21 57,66,77 65,83,107 74,91,113 61,71,91 38,54,65 32,47,50 14,34,37 22,42,45 35,46,59 78,88,106 71,90,123 69,98,125 80,104,133 82,105,132 87,110,135 86,105,124 85,99,120 83,97,120 78,91,117 67,81,102 70,84,107 70,93,120 77,101,132 24,28,41 72,101,130 22,21,36 12,9,15 14,15,20 36,39,50 18,26,35 17,18,23 15,14,17 9,10,13 10,9,12 10,9,12 9,10,13 11,12,15 13,14,17 14,18,22 13,14,17 13,14,17 15,14,19 11,12,15
11,11,19 13,13,21 27,30,41 35,43,61 35,53,79 31,40,63 26,39,58 32,50,74 35,44,69 18,27,38 29,39,57 36,43,66 57,77,105 20,38,62 66,81,99 50,68,96 60,79,110 60,80,108 62,76,97 62,72,92 60,72,94 60,76,105 61,82,117 63,86,113 19,28,39 24,43,37 16,42,31 15,46,31 15,51,36 15,51,34 7,41,25 17,41,30 28,53,50 81,106,128 88,116,141 88,115,143 82,102,126 87,101,122 75,92,112 73,87,108 72,87,105 73,87,110 53,69,94 46,71,97 16,23,35 72,97,123 20,23,34 18,18,26 11,11,19 16,16,26 14,15,20 11,10,13 13,14,17 10,9,12 12,11,14 14,15,18 14,15,20 15,16,19 9,12,19 14,15,20 13,11,19 8,8,18 11,11,19 10,11,14
19,22,33 21,24,35 28,32,45 37,45,65 39,51,73 39,57,83 50,74,103 51,78,108 48,75,105 46,70,99 52,79,109 51,75,106 53,72,103 57,75,101 65,79,100 64,80,107 62,82,110 62,82,110 61,75,96 61,73,95 58,76,102 58,81,108 59,86,114 62,89,117 61,81,107 64,81,101 15,46,33 16,50,36 22,48,40 13,47,33 15,50,31 18,53,34 20,51,38 27,55,49 88,112,141 82,109,137 84,104,130 82,99,121 76,93,113 74,88,109 72,86,107 78,92,115 74,88,111 73,91,119 69,82,97 59,82,107 24,31,45 24,20,31 9,9,17 13,13,21 10,9,12 11,10,13 10,9,12 10,9,12 15,13,21 11,12,17 11,9,17 13,14,19 15,16,21 17,17,25 15,15,23 13,14,19 13,14,17 13,14,17
10,10,18 13,13,21 14,19,27 17,22,30 25,34,45 31,41,59 34,44,64 44,63,96 46,70,101 43,69,102 50,76,109 52,78,113 51,73,103 68,88,116 51,61,81 46,59,78 53,67,88 50,70,98 59,73,94 56,69,88 53,71,95 58,78,106 61,81,109 57,77,103 63,76,102 63,79,104 56,73,95 7,36,24 15,49,38 15,49,38 10,32,25 19,48,39 12,53,35 15,49,33 93,112,145 79,108,137 79,103,132 77,105,130 67,85,109 79,95,120 74,91,111 73,91,115 71,91,117 77,104,132 67,87,111 86,111,137 34,46,70 18,18,30 11,9,17 10,9,12 16,14,22 18,19,22 16,17,20 16,17,22 14,14,22 9,12,21 8,11,18 19,22,33 26,35,48 15,20,28 13,13,21 15,13,21 15,13,23 15,13,21
10,9,14 10,9,14 10,8,16 18,16,24 20,25,33 33,40,52 24,28,41 20,27,41 42,56,77 35,47,71 48,66,94 44,66,96 35,48,67 69,83,106 62,72,90 54,67,86 65,75,95 62,72,92 54,67,86 54,64,80 60,72,94 60,73,99 63,81,109 58,81,108 56,79,106 60,87,117 68,94,131 13,42,33 18,42,31 13,42,33 24,42,39 15,39,31 22,53,40 21,55,41 11,26,29 74,102,134 72,95,129 80,100,128 72,100,125 72,97,121 70,95,119 71,99,124 80,109,138 62,83,102 53,79,112 51,79,104 77,97,123 15,15,23 17,15,23 11,10,15 10,9,14 7,8,13 9,9,17 19,22,33 13,13,21 11,15,19 16,23,35 26,36,56 18,25,37 14,19,27 16,15,20 15,13,21 15,13,23 15,13,21
11,9,17 10,9,14 11,9,17 11,9,17 12,10,18 14,15,20 21,21,31 19,22,31 15,15,25 10,10,18 12,10,18 13,13,23 21,26,36 56,72,99 66,76,94 63,76,95 61,71,87 54,64,80 52,62,78 52,65,84 57,73,98 62,80,104 59,84,110 62,82,110 62,86,117 65,95,133 64,86,129 17,39,29 11,45,34 12,21,21 15,52,32 19,50,35 14,53,40 20,46,38 24,46,39 62,76,88 60,67,62 34,39,45 73,102,131 71,98,126 73,102,131 82,104,134 50,60,78 30,41,40 42,62,88 46,82,107 41,68,78 14,36,24 35,57,50 12,29,21 13,13,23 10,11,16 11,10,13 7,11,13 13,14,19 19,28,39 28,40,62 31,47,76 12,17,27 17,22,30 15,13,21 15,13,21 15,13,21 14,15,18
10,8,16 11,10,15 11,9,17 11,9,19 11,9,17 10,9,12 10,8,16 10,8,16 10,8,16 10,9,14 11,9,17 8,8,18 13,18,28 59,75,102 65,73,89 52,62,82 55,65,81 52,62,78 56,64,82 57,70,89 60,80,106 70,86,113 66,89,114 66,92,125 59,64,72 25,38,53 10,25,39 28,41,40 36,43,41 62,68,69 62,68,69 29,36,34 43,45,42 57,57,65 56,60,62 23,28,27 55,65,59 25,38,53 71,100,129 76,105,134 83,115,143 19,32,51 10,16,19 21,27,30 30,45,63 46,71,97 46,71,82 48,77,75 31,59,53 51,85,69 33,56,39 7,14,12 12,8,19 12,15,22 14,14,22 25,34,47 19,22,40 29,38,63 19,30,43 13,18,24 15,13,21 15,13,21 16,14,24 15,16,19
10,9,14 10,9,12 10,9,14 10,8,16 10,9,14 11,9,17 10,8,16 11,9,19 10,9,12 10,9,12 9,10,15 23,26,33 16,16,26 58,78,106 47,52,62 46,59,76 52,62,78 61,71,87 62,80,108 67,89,119 74,98,127 70,93,120 72,97,123 68,90,120 43,54,53 60,66,69 61,61,61 26,31,30 27,31,35 26,35,35 60,66,67 28,34,35 42,46,48 29,33,35 60,64,66 55,62,57 25,28,35 67,90,117 66,92,125 70,101,132 77,91,112 20,20,28 10,12,12 15,15,15 26,38,34 35,54,64 46,65,73 51,73,75 52,73,69 43,65,65 47,76,62 55,87,69 38,49,48 16,19,26 17,23,26 14,19,27 9,16,28 24,35,62 12,15,26 15,13,23 15,13,21 15,13,21 14,14,22 17,21,34
15,13,21 11,9,17 11,9,17 10,9,14 8,11,18 18,23,31 15,20,28 13,13,21 8,8,16 10,10,18 8,8,18 10,10,20 11,16,24 65,86,125 25,30,38 63,76,95 52,64,86 66,78,100 73,97,128 76,105,134 76,104,136 75,102,132 68,94,127 69,97,131 80,98,126 20,28,35 61,68,66 59,61,61 30,31,36 48,50,50 55,61,62 49,55,56 39,45,46 47,53,54 55,61,62 48,58,55 58,59,64 67,81,102 67,94,122 72,101,128 52,67,83 18,18,26 20,21,24 12,12,12 12,12,12 20,21,24 33,39,42 35,55,56 40,69,60 44,73,64 49,85,73 50,86,71 50,90,69 56,96,71 15,40,37 20,20,30 21,24,35 14,17,24 13,11,19 13,13,21 18,18,28 15,15,25 16,19,26 17,22,32
11,11,21 8,8,18 10,8,16 10,8,20 20,20,32 24,29,39 11,11,23 11,9,21 11,9,19 15,15,25 22,22,34 28,33,43 31,39,57 64,82,110 20,23,34 47,67,93 67,87,113 73,93,119 87,110,137 79,106,136 75,102,132 71,98,128 67,93,126 72,98,133 68,81,107 41,51,67 61,67,68 57,64,62 53,62,62 47,51,53 34,38,40 24,30,31 25,34,36 46,55,57 52,58,59 32,37,33 31,41,59 70,96,131 71,99,122 84,104,130 77,105,130 20,21,26 20,18,26 18,19,24 18,18,18 12,12,12 18,19,22 27,40,39 37,55,54 38,56,55 47,71,71 52,84,83 51,92,90 52,95,76 53,97,75 59,102,74 14,25,26 12,17,27 22,30,46 24,33,58 17,15,23 18,21,30 19,24,34 16,19,26
32,39,51 26,33,45 39,52,80 37,45,73 37,43,62 19,32,47 18,17,32 12,10,18 9,9,17 12,8,19 11,9,19 11,9,17 10,15,23 59,87,119 25,27,43 67,95,120 72,99,127 79,107,130 75,103,128 73,100,128 65,92,122 62,89,119 65,91,124 73,101,133 76,96,122 74,87,104 21,27,30 53,59,60 55,61,62 51,60,60 49,61,54 50,57,55 46,50,54 49,53,57 12,22,26 31,43,65 72,100,136 74,105,136 69,90,109 78,101,124 79,108,137 50,70,94 16,19,26 20,20,28 20,20,28 21,22,25 13,13,13 13,13,13 16,21,20 28,33,32 43,53,50 42,66,68 57,85,92 57,94,103 57,96,91 55,101,86 58,102,80 28,58,41 23,37,58 20,30,46 15,20,26 16,19,30 14,18,22 20,11,22
37,57,83 37,57,83 33,53,79 42,54,78 41,63,93 52,76,107 50,73,107 44,64,92 22,27,35 16,16,24 13,13,21 11,16,22 25,30,38 65,91,124 27,31,46 79,106,136 82,109,137 82,110,133 74,102,127 66,93,121 63,90,120 63,90,120 63,90,118 68,92,121 70,101,136 71,88,110 69,74,84 28,32,45 70,74,87 26,33,45 65,80,96 54,59,69 41,52,65 17,28,41 77,87,105 67,94,124 72,107,141 75,106,137 78,98,124 70,93,120 65,94,123 64,89,113 41,48,60 20,20,28 20,20,28 20,21,26 23,23,23 18,18,18 9,14,13 9,14,13 22,24,24 35,52,56 45,67,71 52,82,93 56,91,100 52,92,82 56,100,78 58,101,84 44,80,125 50,83,129 60,95,145 45,86,139 57,97,157 87,113,161
28,36,56 40,48,68 37,51,74 32,54,84 32,55,80 39,62,87 29,39,59 46,62,89 48,66,92 45,70,96 48,75,103 44,69,95 40,53,72 74,98,129 20,31,62 74,102,127 59,86,116 80,107,137 66,94,117 63,91,116 62,85,110 70,86,113 61,84,111 72,90,116 60,84,113 62,88,125 58,85,115 60,88,113 75,89,112 80,91,104 64,75,88 12,19,31 55,68,87 68,84,111 70,94,125 67,94,122 72,101,128 74,106,146 67,98,131 64,93,122 64,92,126 60,91,126 70,98,134 21,25,29 18,18,26 20,20,28 11,9,19 19,18,21 18,18,15 13,13,10 15,15,12 23,32,32 36,56,59 41,63,63 45,72,75 44,78,76 27,55,87 38,66,102 51,82,125 40,69,112 41,77,122 44,81,132 55,92,141 54,95,159
29,36,50 26,33,47 44,67,94 38,60,90 39,59,87 47,70,97 47,69,101 39,65,98 44,68,97 47,71,102 48,66,92 41,66,92 43,72,99 75,101,136 53,72,105 76,104,140 85,115,153 72,102,140 68,88,116 68,81,107 66,84,110 64,82,108 64,84,110 63,79,106 56,68,92 63,81,109 61,90,119 68,95,123 69,92,126 65,92,131 57,85,117 62,74,98 67,87,113 66,93,123 70,98,123 64,91,121 73,91,119 43,59,86 54,84,122 75,93,119 67,93,126 67,95,129 69,102,137 25,25,37 21,21,29 20,20,28 9,9,17 24,21,25 11,11,11 18,18,18 14,12,10 13,15,15 33,46,47 33,54,52 37,60,55 37,59,59 32,53,90 49,74,114 45,70,110 34,59,101 51,78,119 38,68,106 42,71,114 40,76,119
32,44,66 38,49,76 39,51,73 37,45,61 34,44,60 20,28,33 22,26,41 44,62,88 44,71,101 43,70,98 42,70,93 45,72,100 45,73,98 77,103,136 88,117,174 88,121,156 80,108,144 70,98,132 68,85,107 67,80,108 64,80,105 63,81,105 58,78,104 63,77,98 61,72,99 63,81,107 70,86,113 73,87,108 58,75,95 64,90,123 59,74,92 45,55,73 52,68,95 18,26,44 81,102,137 69,101,129 68,84,109 21,35,58 57,92,126 65,95,133 76,104,138 68,101,132 69,104,138 22,23,26 18,18,26 20,18,26 15,16,21 18,18,26 23,23,23 13,13,13 10,12,9 13,13,13 20,30,27 28,42,38 28,42,35 21,25,38 20,33,59 25,43,79 31,53,85 33,51,87 22,41,74 28,49,86 33,56,94 32,58,95
15,18,27 15,18,27 13,21,30 10,15,21 20,28,35 17,27,35 7,10,17 20,31,44 45,72,102 47,76,105 48,75,105 46,70,101 45,70,96 68,94,127 81,120,175 86,113,154 53,77,108 64,88,119 70,79,104 57,67,87 41,53,75 22,29,43 58,72,95 48,61,76 50,66,93 64,87,125 67,93,126 40,50,66 66,92,129 55,80,104 57,67,83 59,77,101 60,87,117 56,79,106 65,96,127 68,95,125 45,62,82 57,82,104 20,25,33 74,105,140 62,89,117 74,106,132 63,91,123 20,23,41 15,18,25 15,16,21 18,18,26 20,20,28 13,13,13 18,18,18 14,16,16 10,12,12 11,13,13 22,29,27 14,19,18 15,15,23 15,21,38 37,46,69 25,39,60 25,37,59 36,52,79 31,49,75 18,35,66 21,43,75
24,29,39 33,42,55 24,31,45 17,26,37 25,34,47 35,49,70 39,56,76 41,63,93 41,69,94 43,70,98 45,72,100 44,71,99 44,67,94 78,109,142 81,111,163 81,107,144 68,88,114 18,26,35 65,75,95 59,72,91 60,75,93 64,67,85 63,71,87 58,80,110 20,40,56 63,94,125 73,87,110 70,88,116 56,79,106 45,72,100 39,47,56 62,73,102 61,84,111 58,76,102 48,62,83 65,90,116 74,95,130 72,100,132 73,108,142 74,111,147 75,105,145 63,91,127 63,89,122 26,42,67 37,47,65 17,22,28 20,20,28 18,21,28 13,11,9 14,12,10 17,19,19 11,13,13 10,12,12 12,12,12 13,12,15 13,12,17 14,14,24 15,17,31 23,29,46 18,24,41 19,25,44 18,26,44 18,26,46 29,38,61
23,30,42 31,41,57 36,44,60 36,53,73 47,70,97 41,63,93 39,57,83 42,62,90 45,69,98 46,66,92 47,67,95 45,68,95 49,67,91 70,88,112 72,99,138 60,89,132 65,88,115 24,37,56 56,79,104 60,78,104 27,31,46 61,74,93 15,20,30 59,87,119 16,26,42 63,89,122 23,32,55 57,76,107 46,65,86 53,73,101 54,76,106 58,82,111 64,82,108 71,89,115 65,90,114 18,31,46 72,80,98 76,100,129 29,37,55 73,111,155 63,93,133 57,77,105 59,85,118 17,24,38 59,82,109 18,24,41 21,21,29 20,20,28 13,11,12 14,12,13 22,22,22 20,22,22 14,16,16 13,13,13 15,14,17 15,13,21 15,13,23 14,14,22 17,17,27 19,22,31 19,23,36 21,26,36 15,19,32 19,21,35
35,48,65 33,45,67 33,41,59 18,25,37 22,29,41 18,22,35 26,39,54 31,40,53 37,46,59 37,54,76 48,66,94 37,51,72 41,54,73 52,68,93 63,88,128 60,86,123 62,84,114 16,25,48 54,77,111 64,91,130 72,91,122 67,83,108 69,85,121 65,94,123 66,84,110 52,65,91 19,32,51 48,66,92 17,24,38 38,50,72 58,76,102 17,25,34 61,85,116 56,76,104 59,86,114 16,23,37 79,107,143 67,89,119 22,30,46 59,96,132 42,65,92 64,95,126 60,80,106 63,80,111 11,25,46 55,78,103 19,22,29 15,15,23 17,17,17 12,12,12 13,13,10 22,24,21 22,24,24 20,22,22 13,12,15 15,14,19 13,12,17 16,15,20 15,13,21 16,15,20 15,15,23 14,14,22 17,16,21 16,14,24
12,20,25 16,24,29 22,27,37 26,34,43 25,30,40 21,31,39 18,28,36 25,32,44 32,45,60 35,48,67 38,47,70 32,45,62 34,44,62 33,46,65 59,81,122 56,72,108 52,80,116 65,97,135 72,98,135 81,104,140 44,60,85 70,88,114 66,84,110 19,27,34 69,97,133 57,65,81 14,24,44 54,77,102 60,78,102 16,25,36 61,85,116 18,23,29 57,81,110 64,88,117 73,85,109 24,31,45 72,110,150 32,54,84 83,116,151 75,110,140 49,83,120 63,88,130 57,83,118 55,83,115 57,86,115 61,89,121 23,38,56 10,10,18 13,10,14 14,12,13 13,13,10 10,12,9 21,23,20 24,26,26 13,11,21 15,13,21 15,14,19 15,13,21 15,13,21 15,13,21 16,15,20 16,15,18 16,15,18 16,14,22
27,32,38 13,13,21 16,19,26 30,39,50 32,40,56 39,52,69 41,54,73 32,38,55 36,48,70 24,30,47 20,28,35 31,38,50 24,28,41 28,38,54 55,80,120 21,30,55 62,94,132 72,105,147 39,63,94 73,99,132 63,91,127 69,93,124 81,91,111 59,69,89 53,80,108 30,39,50 53,73,101 64,84,112 65,88,115 57,72,106 30,44,65 73,86,105 67,85,113 55,73,101 65,93,116 76,107,138 79,122,163 82,125,166 78,115,153 59,97,128 62,93,126 55,81,116 52,80,112 53,80,108 56,85,112 60,87,115 65,96,129 17,15,23 20,19,24 13,13,10 11,13,10 10,12,9 10,12,9 10,12,12 12,10,18 15,13,21 15,13,21 15,14,19 15,13,21 15,13,21 16,14,22 16,15,18 16,15,20 16,15,20
18,23,31 24,29,37 32,41,54 39,47,67 29,38,51 12,15,22 12,15,26 13,13,21 18,23,31 19,27,34 24,31,43 32,39,51 20,28,35 22,24,38 58,81,119 32,30,50 67,101,138 71,107,148 76,109,151 21,38,60 30,48,84 81,106,132 80,100,124 71,97,130 58,85,115 62,88,125 62,90,122 67,93,130 70,96,131 54,88,116 63,90,118 58,88,108 62,68,89 53,60,85 51,42,55 74,102,136 45,40,56 93,121,155 68,108,154 66,95,124 34,30,39 53,70,92 19,27,43 23,23,31 36,36,44 40,53,72 64,88,119 23,23,35 20,19,24 12,12,9 13,13,10 10,12,9 10,12,9 10,12,12 12,11,16 13,11,19 15,13,21 15,13,21 15,13,21 16,14,22 15,13,21 16,14,22 16,14,22 16,15,18
22,27,37 15,20,30 24,32,48 22,29,43 25,29,42 17,22,30 14,14,22 11,14,23 29,38,49 31,39,57 35,50,68 36,46,64 25,33,42 37,43,64 63,87,132 28,31,49 66,98,138 76,110,149 81,114,156 81,114,156 78,115,151 75,102,132 70,93,118 65,88,113 75,89,112 78,85,108 41,56,74 52,65,95 42,55,83 67,33,45 67,90,117 59,44,64 72,52,64 54,51,68 56,37,44 70,111,152 86,30,35 63,64,85 69,97,131 52,67,81 43,24,26 51,71,99 53,80,110 25,25,33 35,35,43 41,46,56 93,111,147 23,23,33 20,20,28 12,9,13 12,12,9 13,13,10 12,12,9 13,13,8 13,11,19 13,12,17 13,11,19 15,13,21 15,13,21 15,13,21 15,13,21 15,13,21 15,13,21 15,14,19
31,48,70 34,44,60 37,53,78 41,59,85 44,67,92 44,68,97 41,64,91 38,55,77 43,63,87 44,68,97 37,50,76 40,48,68 19,24,34 19,27,36 68,93,135 32,44,68 84,111,152 80,117,155 84,119,167 82,115,157 80,102,132 46,61,79 70,97,125 72,99,129 40,41,60 61,68,91 74,108,145 47,40,52 47,41,66 58,76,102 43,53,71 51,28,29 48,45,62 85,85,111 63,91,125 59,29,42 70,30,32 64,89,129 80,79,96 46,27,29 29,32,50 52,81,108 64,95,126 38,38,46 24,22,30 28,24,33 77,110,145 22,22,32 16,19,26 12,17,27 12,12,12 10,12,12 12,12,12 12,12,12 15,13,21 15,14,17 15,13,21 15,13,21 15,14,17 15,13,21 15,13,21 15,13,21 15,13,21 15,13,21
39,59,87 43,63,91 43,67,98 46,68,100 45,63,89 46,68,100 42,65,90 46,63,85 43,61,87 40,59,90 34,44,60 25,34,47 11,14,23 8,11,18 69,96,137 77,95,123 58,87,114 86,119,154 19,43,74 46,46,54 44,44,54 31,31,43 75,93,117 67,91,120 59,28,36 75,95,123 70,105,153 67,85,111 66,95,122 76,99,135 76,53,54 74,98,127 80,113,146 58,63,87 68,99,134 75,99,130 63,94,125 56,84,109 56,76,102 54,74,102 44,72,97 67,94,124 17,27,45 34,37,44 45,50,56 44,47,56 73,87,110 21,21,31 22,20,28 41,51,71 15,29,39 23,21,22 20,22,19 16,18,18 15,14,19 13,12,17 17,16,19 16,15,20 15,14,19 15,13,21 15,13,23 15,13,21 15,13,21 15,13,21
34,46,70 46,65,96 44,71,99 46,70,101 45,63,89 43,61,89 41,61,87 42,62,90 40,52,74 22,29,41 25,28,39 38,50,72 36,44,60 19,22,31 68,98,136 87,112,154 75,110,144 88,120,158 30,30,40 36,35,40 29,27,35 25,29,42 64,84,108 69,87,111 58,37,37 72,103,138 85,93,123 70,98,134 66,99,130 74,103,132 71,103,131 70,109,135 73,101,133 66,96,120 62,89,119 59,84,110 55,81,114 52,74,104 57,77,103 56,85,114 68,94,127 25,27,41 36,36,44 46,51,59 42,47,53 18,18,26 36,34,42 21,21,31 16,17,22 47,53,72 49,61,85 40,50,58 22,27,26 24,24,21 18,19,24 17,17,25 19,18,23 22,20,28 17,16,21 18,16,24 18,17,20 16,14,22 18,17,22 15,13,21
22,26,39 36,46,62 44,66,96 43,72,101 42,69,99 46,68,98 33,44,71 25,34,47 29,32,50 22,25,34 24,31,43 37,53,78 24,31,43 12,17,25 75,108,150 90,120,172 79,111,149 72,105,140 81,110,139 20,19,24 21,18,22 39,40,45 18,18,28 71,94,121 66,95,122 22,50,82 66,98,138 67,100,135 70,96,129 59,86,116 67,96,125 72,103,134 71,99,124 59,87,112 62,82,110 35,62,92 39,62,89 47,73,92 54,78,107 64,95,126 71,109,140 41,41,51 46,51,57 44,47,54 38,43,49 37,38,43 34,34,42 14,14,22 13,13,21 47,51,64 44,58,79 42,54,78 39,51,73 44,60,85 30,40,56 20,20,30 18,16,24 19,17,25 22,20,28 22,20,28 20,18,26 19,17,25 20,18,26 20,18,28
10,8,16 22,20,28 39,48,59 39,62,89 42,64,96 38,56,82 39,59,87 39,59,85 35,55,83 36,54,82 38,54,81 32,50,76 38,50,72 27,34,46 62,92,130 88,118,172 76,113,151 67,105,138 32,35,44 17,18,23 36,41,47 31,31,41 38,43,51 31,29,37 56,61,67 77,87,105 63,92,121 63,92,121 69,93,122 71,94,121 50,79,106 50,78,112 57,82,108 58,78,106 51,76,102 28,28,36 33,31,32 54,55,47 30,30,27 30,31,21 69,68,57 32,29,16 49,45,54 37,36,27 26,28,13 24,25,17 24,23,28 32,32,40 11,12,17 25,33,42 46,62,87 40,56,81 31,41,59 28,41,58 29,42,57 22,26,39 25,23,31 20,20,30 23,21,29 22,21,26 22,20,28 25,23,31 23,22,27 23,21,29