104,74,5 45,28,0 11,11,11 11,11,11 11,11,11 12,11,14 30,32,29 65,45,27 15,15,10 12,12,12 29,29,29 17,17,17 11,13,13 15,18,25 17,16,19 17,16,21 22,23,28 39,40,45 39,44,52 34,42,47 32,40,47 30,38,43 32,37,45 34,37,46 35,38,45 35,40,48 29,29,37 47,31,27 39,25,25 43,36,36 33,26,29 34,35,38 36,35,38 35,37,37 50,48,56 30,28,24 38,29,23 46,34,22 50,36,18 51,37,19 51,37,19 54,44,22 64,47,21 57,43,25 62,47,25 50,41,24 50,41,24 45,35,23 43,35,22 37,30,30 43,33,21 28,33,29 33,22,15 25,25,33 19,18,21 25,25,35 19,18,21 22,17,16 23,16,14 24,18,13 25,17,6 26,18,7 28,20,7 26,18,7
117,78,5 136,89,0 40,28,2 11,11,11 11,11,11 16,16,16 73,48,29 76,46,20 44,35,20 12,12,12 38,37,40 13,13,13 14,16,16 26,29,36 16,15,18 13,14,19 21,21,29 20,23,30 21,27,30 22,26,30 16,15,18 17,16,19 23,21,22 38,36,34 34,33,38 32,32,42 43,42,47 41,42,45 47,42,44 37,37,45 36,40,53 42,42,50 39,37,35 44,38,31 74,49,30 88,60,31 62,51,34 50,39,24 57,43,25 63,43,23 65,48,24 68,49,22 64,47,23 68,47,20 68,51,23 57,47,25 57,43,25 56,45,26 46,36,26 75,63,65 35,31,21 71,73,73 29,24,21 55,49,56 19,25,28 87,84,90 23,22,25 25,20,19 24,17,15 24,18,13 28,20,9 26,18,7 28,20,7 26,18,7
119,75,0 140,90,0 156,98,0 45,38,22 11,11,8 42,41,32 77,45,11 75,37,16 126,76,14 12,10,8 52,52,60 12,22,16 13,13,13 49,52,63 12,11,14 15,16,19 16,20,22 17,26,26 19,27,32 19,27,32 18,16,14 20,22,22 21,19,15 21,16,13 28,22,13 30,23,23 33,30,34 35,33,34 30,35,34 34,32,30 29,31,31 26,30,34 35,30,27 33,31,27 34,35,27 43,34,26 45,39,32 57,44,23 76,55,28 72,52,22 76,54,20 76,56,24 69,49,19 68,49,24 74,54,22 77,57,27 64,50,25 61,50,31 51,41,29 53,43,42 39,35,27 55,42,39 32,32,27 71,60,53 20,26,29 63,53,52 25,24,27 24,22,23 26,24,22 28,21,19 30,21,15 30,22,9 30,22,9 29,21,8
124,75,0 140,90,0 156,98,0 153,96,0 74,58,25 51,36,14 46,25,12 51,27,5 145,87,21 13,11,9 62,60,68 15,23,13 13,13,10 67,71,84 12,9,15 13,17,19 10,11,14 18,24,25 19,27,32 19,27,32 18,16,17 21,19,17 20,19,10 22,18,8 92,69,40 32,27,29 32,34,29 41,35,40 34,36,33 41,35,28 34,34,29 33,31,29 236,142,54 41,36,24 41,37,29 46,39,23 52,43,26 66,50,19 82,59,19 126,87,30 83,56,20 80,56,23 80,58,24 77,55,19 75,55,25 74,54,24 65,46,23 53,44,29 53,43,33 53,43,33 42,38,30 66,50,33 26,26,23 41,29,17 22,23,28 43,27,21 23,24,27 26,26,26 25,23,24 28,23,20 31,25,20 33,27,20 33,25,14 29,24,10
106,69,0 139,88,0 73,51,4 55,56,33 44,29,9 118,76,0 84,47,0 52,45,48 13,10,14 13,11,12 63,58,60 16,18,15 18,20,15 60,64,77 30,34,36 32,41,43 38,44,47 31,37,38 25,34,36 20,26,29 27,28,31 23,18,15 24,18,13 26,21,9 170,117,51 41,40,45 41,40,31 49,44,41 34,34,29 58,42,36 36,36,33 35,31,40 211,129,57 43,39,29 47,39,28 53,42,25 62,49,28 75,55,23 93,67,26 190,118,54 88,62,23 86,59,25 86,63,23 84,62,26 74,53,28 68,51,27 63,48,28 60,49,30 54,46,33 50,42,29 42,38,28 68,47,32 31,31,28 49,37,25 27,26,29 52,36,21 25,26,29 28,26,27 28,26,22 30,26,20 32,28,20 37,28,22 37,27,17 33,25,12
97,62,8 130,85,0 90,63,0 37,34,19 133,86,0 171,100,0 176,105,0 72,62,66 10,12,12 13,11,12 74,64,65 13,20,18 16,21,20 69,69,79 31,37,40 52,57,63 46,51,57 38,43,49 35,36,41 34,38,42 25,29,31 23,21,17 26,22,16 30,22,11 202,139,65 46,44,52 38,39,31 42,35,33 34,36,31 81,54,22 37,35,31 39,35,29 150,91,45 44,38,29 52,44,31 61,47,33 74,55,28 89,62,28 108,71,27 106,75,26 99,69,27 90,64,25 83,61,25 79,59,27 74,57,31 75,56,33 69,57,31 64,50,32 49,42,26 52,45,29 43,37,32 62,46,29 28,33,32 50,32,27 30,28,36 55,35,28 29,29,26 30,28,26 31,29,25 35,31,23 38,32,23 40,30,20 40,32,19 37,29,16
96,65,5 128,78,4 134,82,0 149,87,0 219,135,0 184,109,0 212,126,0 72,60,62 12,12,12 13,11,12 71,61,62 11,16,12 16,21,20 73,70,76 48,52,56 51,54,63 54,59,69 69,74,84 36,42,45 37,37,37 28,29,32 24,22,18 29,23,18 30,25,11 115,79,50 51,49,50 39,39,39 43,44,36 39,38,31 109,74,18 44,38,33 39,39,25 94,65,41 47,43,33 59,48,31 69,54,32 86,59,23 115,79,32 224,130,9 238,152,50 113,82,33 96,71,27 91,67,30 84,60,25 83,62,35 84,61,30 77,56,29 68,55,34 68,55,34 59,48,33 43,37,30 76,56,38 33,33,28 45,30,19 23,28,22 47,27,18 33,32,23 33,33,30 37,32,29 42,33,25 44,34,22 44,35,20 45,36,19 43,34,19
101,63,0 126,77,0 143,92,0 165,97,0 203,119,0 192,112,0 206,121,0 80,69,64 12,11,14 12,10,11 56,50,43 15,15,12 14,20,21 71,76,84 40,38,46 50,50,58 41,41,51 64,75,88 57,62,68 46,49,58 41,51,67 45,44,49 32,24,13 36,25,18 98,68,42 60,58,59 47,44,31 54,41,34 44,40,30 112,64,10 45,39,30 44,38,33 79,58,43 57,45,33 63,49,33 80,55,25 98,68,24 121,87,28 255,215,69 255,189,47 124,88,28 108,75,25 91,64,28 88,61,25 84,61,30 83,55,26 84,62,26 74,55,28 66,52,34 56,48,37 44,38,31 54,34,14 28,33,29 43,28,17 35,33,31 52,28,4 37,33,25 40,34,27 40,34,29 45,35,25 47,36,21 51,37,21 51,38,17 50,37,16
110,64,0 127,74,0 149,88,0 174,100,0 186,107,0 192,112,0 185,106,0 86,76,75 11,11,11 11,10,13 75,53,47 11,10,13 18,23,22 68,62,57 52,48,61 40,38,46 45,45,55 58,57,72 46,49,60 43,52,65 48,56,63 81,72,64 41,27,13 37,31,22 111,83,56 58,56,54 61,47,29 62,47,25 53,43,31 142,89,7 50,40,28 49,43,38 64,53,38 59,48,33 69,52,28 84,55,20 104,68,21 143,94,17 255,240,115 255,239,103 133,87,28 137,98,25 109,73,11 218,145,0 112,69,34 101,70,31 117,80,40 92,68,35 60,49,34 57,50,34 42,36,31 48,30,9 38,30,36 65,45,25 36,35,38 69,30,0 39,35,27 43,37,30 44,36,25 49,37,25 54,43,24 61,44,18 64,43,18 60,41,14
117,67,0 127,75,0 144,83,0 176,102,0 191,108,0 203,115,0 201,117,0 204,121,0 15,14,17 19,22,29 109,68,39 8,10,10 21,26,34 74,53,10 48,45,51 32,31,34 36,36,44 36,41,49 68,61,64 47,44,50 179,140,0 201,140,0 109,77,31 44,36,25 93,69,43 66,60,53 81,52,19 77,52,33 60,51,24 106,70,21 55,45,35 53,43,31 59,45,29 63,49,33 74,56,26 88,59,26 112,75,20 168,112,34 255,250,126 255,255,126 144,98,30 109,77,20 106,73,23 138,83,38 128,74,38 104,64,39 107,62,27 67,49,30 52,47,33 60,40,8 37,39,36 70,43,7 40,34,29 102,76,22 36,36,33 143,78,0 38,37,28 43,37,28 48,39,24 59,43,26 71,48,19 77,50,16 75,51,14 73,48,18
119,68,0 130,76,0 148,87,0 172,94,0 197,111,0 201,115,0 210,123,0 219,127,0 78,60,55 47,55,71 52,51,66 52,52,62 70,50,20 23,19,13 36,35,40 45,46,51 41,45,49 22,23,28 65,56,67 114,75,36 138,87,32 158,104,0 188,130,0 80,73,42 79,59,29 80,65,56 145,97,23 101,70,31 77,55,19 64,49,29 59,43,26 56,45,30 67,55,45 71,60,45 87,70,46 88,65,25 115,74,15 165,111,34 255,247,127 255,255,128 160,105,33 114,82,27 101,67,33 236,140,0 141,88,45 124,78,52 107,66,37 51,38,17 61,46,35 56,35,8 32,33,36 90,71,34 51,37,23 116,75,14 44,39,38 207,126,0 53,47,52 58,53,55 59,45,31 69,48,21 83,56,24 85,62,22 87,60,17 82,59,19
119,70,0 129,78,0 145,87,0 164,93,0 187,106,0 207,119,0 218,126,0 226,130,0 219,135,0 8,15,13 48,25,10 48,19,0 16,18,15 19,24,18 41,38,42 28,25,29 25,23,21 31,29,27 67,45,27 152,86,0 150,82,0 255,158,0 98,66,0 64,49,27 80,52,25 94,75,50 255,174,44 192,108,23 95,62,23 77,54,23 82,75,78 80,77,83 87,80,78 83,68,57 82,55,21 98,69,36 119,74,12 169,104,11 255,253,137 255,254,135 179,120,27 115,83,28 103,71,41 205,118,0 122,73,4 102,74,47 61,50,31 53,37,20 51,42,36 57,48,42 58,54,37 66,54,44 66,47,33 80,49,10 49,40,34 142,105,0 77,67,45 84,75,46 90,76,49 97,78,53 116,82,48 209,134,35 144,86,22 100,69,18
124,73,0 134,80,0 148,87,0 169,93,0 187,106,0 204,120,0 221,126,0 234,133,0 255,154,0 20,19,24 28,23,11 24,33,46 28,37,50 28,37,48 47,44,50 35,32,38 27,25,23 36,31,33 49,38,47 220,116,0 190,97,0 255,168,0 104,64,0 97,64,16 84,52,18 110,78,46 255,230,69 255,160,57 106,70,21 88,64,42 72,56,41 86,75,70 93,69,47 88,63,46 87,71,58 89,60,11 205,121,18 225,128,22 255,251,139 255,255,145 160,112,40 108,75,23 88,64,29 119,73,5 92,60,30 88,49,19 65,41,15 83,60,47 63,53,54 80,64,51 101,76,46 118,89,40 60,32,19 62,35,3 85,44,24 91,63,23 105,79,0 118,92,1 121,91,0 154,125,6 157,103,13 254,155,34 236,132,12 140,87,19
123,74,0 133,79,0 151,88,0 174,100,0 186,110,0 204,120,0 227,128,0 241,136,0 255,162,0 18,18,26 20,20,30 12,19,31 17,25,32 23,23,35 49,39,43 58,53,39 30,21,15 31,21,20 54,46,52 170,107,0 212,122,0 255,177,0 102,67,2 118,77,7 89,62,26 121,86,48 255,244,108 255,171,59 102,70,13 92,70,50 83,63,56 88,68,59 83,67,61 97,75,67 97,76,61 81,58,18 207,110,4 182,100,3 255,255,119 255,229,108 129,85,14 108,74,15 125,96,24 144,91,23 252,148,0 170,99,0 79,44,19 103,69,37 82,61,38 92,67,37 135,101,31 134,99,16 138,102,14 57,44,37 145,94,0 177,103,33 231,138,0 229,142,0 144,91,0 123,89,0 178,105,7 255,194,52 255,154,42 145,92,24
119,74,0 136,82,0 155,92,0 179,101,0 195,117,0 203,118,0 231,133,0 246,140,0 255,167,0 19,17,27 36,36,48 52,59,71 54,58,71 55,48,46 50,42,31 39,30,24 64,59,16 30,21,17 55,47,53 171,105,0 220,128,0 214,121,0 110,76,4 84,83,76 91,64,28 122,93,44 255,250,122 255,231,75 106,70,21 87,69,50 75,55,35 84,60,36 94,71,68 104,77,72 107,79,66 76,53,22 135,73,0 199,109,0 130,79,12 132,90,11 114,73,5 102,68,0 164,128,11 177,124,0 220,130,0 193,108,0 144,87,2 100,65,38 77,58,33 101,72,39 139,98,28 149,105,9 145,108,14 48,38,28 71,48,35 188,106,0 142,78,0 225,138,0 184,120,0 123,80,6 255,179,43 255,249,129 255,255,126 151,97,22
115,74,6 133,79,0 159,91,0 186,107,0 201,116,0 214,124,0 234,131,0 250,145,0 255,164,0 22,25,17 56,59,66 41,49,58 59,66,78 65,53,53 169,114,33 34,21,18 35,40,50 35,40,50 44,38,45 87,43,0 157,89,0 255,161,0 117,81,32 94,75,59 92,68,35 140,93,30 255,245,109 255,230,82 115,80,26 90,60,32 75,50,20 68,47,22 77,56,31 109,78,59 104,70,48 66,43,14 130,72,8 174,95,0 144,109,14 131,89,6 111,72,3 116,76,0 97,64,0 176,140,0 151,121,0 133,103,0 98,50,0 118,79,49 126,87,59 126,81,46 149,102,23 155,109,9 140,102,15 59,38,25 118,66,34 223,125,0 215,120,0 240,138,0 192,126,0 134,87,10 255,198,61 255,246,128 255,224,75 156,100,24
100,68,11 124,79,4 150,92,0 185,109,0 211,123,0 231,133,0 242,140,0 255,146,0 255,172,0 21,22,25 62,62,74 53,56,67 69,66,83 49,49,61 159,103,56 81,43,22 63,56,56 76,63,56 81,54,47 108,62,23 167,95,0 231,135,0 157,104,7 139,117,25 81,64,40 144,119,32 255,252,113 255,220,90 121,82,25 81,58,29 76,60,45 112,78,58 89,63,40 91,63,36 76,59,49 61,51,50 73,57,44 91,65,40 106,72,2 143,108,0 96,67,2 112,72,0 107,68,0 94,63,1 85,62,0 80,54,2 136,84,36 99,66,41 128,87,0 128,77,10 213,135,0 76,49,4 70,47,5 74,46,17 78,54,21 163,99,3 246,142,0 215,125,0 145,94,27 139,88,12 255,236,101 255,255,140 255,255,134 161,103,23
45,30,21 47,33,19 111,70,21 177,107,0 222,128,0 253,147,0 245,141,0 255,151,0 255,170,0 24,24,24 57,55,65 60,60,70 66,52,65 66,62,73 160,100,30 68,48,30 71,62,54 81,69,57 112,91,50 134,100,28 142,103,34 135,107,37 137,111,18 134,108,0 66,56,44 117,80,36 139,84,32 158,89,6 95,57,20 69,55,39 65,47,28 84,53,30 82,46,26 59,44,35 53,48,47 53,49,43 53,37,20 57,43,18 108,79,57 135,102,0 82,57,0 114,75,0 107,68,0 94,63,1 85,61,0 92,55,11 147,92,40 180,107,0 127,67,24 156,92,23 176,104,0 85,55,9 74,47,2 57,43,29 96,64,48 185,104,0 180,103,0 167,110,25 104,75,24 131,87,18 255,255,127 255,255,138 255,247,114 191,135,43
25,30,38 26,32,35 37,31,26 65,37,8 178,111,16 191,122,21 162,101,20 251,153,0 246,160,0 22,26,28 44,44,52 48,51,62 44,34,35 81,63,58 54,33,6 76,64,54 72,66,57 82,74,61 93,81,55 102,92,50 114,107,50 108,91,24 125,97,0 128,102,0 60,55,54 69,57,47 73,58,38 88,59,35 75,54,39 60,54,59 58,46,46 64,45,31 71,45,33 44,35,31 41,36,35 64,54,53 48,32,15 51,35,18 65,45,27 130,92,26 79,50,1 114,77,0 109,69,0 87,56,0 90,60,0 82,53,0 81,47,4 149,92,23 99,56,23 156,94,0 255,154,27 100,58,6 77,50,5 116,83,35 248,136,0 106,57,19 117,66,0 148,81,4 101,78,49 129,95,61 255,255,123 255,251,121 255,255,125 151,104,25
13,29,40 14,28,38 61,47,33 97,53,13 99,51,0 96,44,0 77,36,9 89,45,0 80,46,3 33,23,22 36,34,42 47,54,68 73,61,61 102,71,59 45,32,25 57,46,43 72,67,64 78,73,61 92,79,56 95,82,48 96,87,40 105,86,31 133,101,0 50,37,34 50,50,50 59,46,39 69,57,47 73,57,44 59,44,35 61,48,43 61,48,58 63,46,47 37,31,26 43,30,27 62,42,24 72,67,55 40,32,21 47,33,17 110,82,69 157,106,41 64,54,58 97,63,0 102,63,0 81,57,0 148,104,6 130,86,0 94,62,5 120,71,31 131,84,5 179,123,47 255,177,70 104,57,5 82,50,4 105,74,25 140,85,31 119,63,25 127,69,7 155,82,0 146,84,26 113,92,40 203,151,32 255,255,125 228,157,42 118,85,19
25,31,34 50,36,22 73,41,11 41,23,20 46,30,17 46,30,13 44,23,8 44,23,0 59,34,6 74,41,4 44,39,41 25,21,30 64,37,30 38,21,11 43,32,27 50,43,46 67,65,63 75,71,65 93,80,57 97,83,56 94,83,39 99,83,29 136,103,0 43,33,32 47,47,47 50,41,37 59,49,50 61,49,49 66,53,50 59,46,39 60,42,37 63,46,36 61,45,41 38,35,41 59,60,65 59,57,55 35,29,24 44,38,33 115,82,57 180,125,71 53,47,52 81,56,0 91,55,0 160,117,0 107,69,21 108,63,30 126,81,17 175,106,23 149,83,1 255,147,28 242,161,62 112,76,25 118,82,20 84,60,25 146,113,45 153,112,40 161,120,50 160,116,34 79,64,44 80,66,52 108,82,57 116,87,54 111,88,48 97,70,23
73,45,18 35,25,26 17,14,18 20,15,14 24,17,17 17,15,13 23,24,27 31,30,33 56,34,14 82,44,9 76,41,3 25,22,26 30,28,36 106,68,47 112,98,44 35,40,48 62,56,61 68,65,69 89,81,59 85,75,53 98,83,34 102,81,29 72,50,5 38,31,31 52,50,58 45,35,34 57,45,47 59,45,50 62,48,50 64,48,46 60,42,39 63,47,45 71,50,48 52,42,46 61,58,62 57,49,55 37,28,24 38,32,25 96,64,48 108,70,51 76,51,34 85,53,7 85,48,0 117,75,23 103,65,17 118,77,18 124,83,26 128,81,20 151,91,21 255,226,83 169,99,23 152,101,23 139,93,23 134,97,28 89,65,28 74,56,26 105,88,39 88,64,29 73,57,40 72,62,52 86,77,69 92,82,70 97,83,67 85,75,65
15,10,7 9,11,11 13,11,12 12,11,14 12,26,36 27,56,83 21,66,93 41,64,91 61,68,80 79,73,80 98,72,47 41,38,44 58,48,49 118,78,55 81,74,58 103,93,71 89,63,24 67,55,45 79,75,58 71,61,51 89,70,33 93,68,22 37,29,35 34,28,33 46,49,56 44,37,40 50,40,44 53,43,47 54,42,44 65,48,49 64,43,39 67,46,46 67,49,44 54,44,43 46,45,48 42,39,43 40,34,39 42,36,41 74,44,16 93,58,33 79,60,44 76,48,19 124,80,0 83,56,24 108,65,30 138,88,14 130,83,22 132,88,21 170,104,22 206,126,22 245,142,15 146,101,12 139,90,21 143,97,27 140,96,25 128,96,39 76,58,28 147,93,7 129,86,37 130,79,24 89,83,76 92,81,74 102,66,33 102,77,47
12,12,12 12,10,8 16,11,10 15,28,43 17,61,83 18,62,84 21,62,87 38,61,84 57,68,81 76,74,75 102,81,66 113,87,62 58,58,58 68,68,65 82,79,66 55,44,37 60,48,38 69,56,24 80,66,41 59,49,48 75,55,25 54,35,19 36,30,35 31,28,32 44,48,52 45,37,43 47,36,43 47,37,41 44,36,42 53,42,49 53,40,37 64,46,43 72,50,44 75,53,45 36,25,34 58,52,59 49,43,50 44,41,45 131,91,39 79,50,28 50,41,37 59,41,20 74,50,24 60,42,21 96,57,27 123,77,18 151,100,20 155,106,16 215,132,21 255,162,31 255,176,50 161,101,6 144,95,16 132,84,12 144,96,22 143,107,45 104,59,0 103,68,41 65,60,57 62,55,58 73,67,62 78,78,73 80,60,40 82,54,27
14,12,10 12,10,8 18,17,20 17,56,80 19,63,87 21,60,84 30,60,82 39,62,85 59,68,79 75,74,79 94,78,72 117,87,61 138,92,53 72,53,39 48,36,36 47,37,36 47,38,34 47,38,32 130,113,44 48,46,58 69,48,25 33,27,34 30,27,31 30,29,32 39,38,41 42,34,40 44,33,40 42,31,38 39,29,33 36,28,34 45,35,39 49,35,37 73,50,47 88,55,55 29,24,26 34,27,30 35,28,28 42,41,34 93,76,68 187,134,93 54,40,40 43,38,35 52,41,38 165,111,63 79,47,15 114,71,26 144,97,8 164,101,7 255,177,51 255,240,106 255,182,26 162,105,0 147,95,0 139,95,0 136,88,2 122,91,29 111,68,21 215,132,21 66,57,49 83,69,69 78,73,72 70,65,64 59,53,48 66,54,42
15,10,7 19,14,13 23,33,49 18,62,86 19,60,85 19,60,85 21,61,80 34,62,83 59,68,79 74,74,74 96,81,70 117,87,59 139,93,54 164,111,54 74,45,25 43,37,42 37,32,34 32,32,40 88,76,64 83,78,64 35,30,32 30,26,35 32,30,38 31,32,35 41,40,43 41,33,39 37,29,35 37,29,35 33,30,34 35,24,31 35,27,35 39,33,40 54,43,50 83,59,53 78,55,40 41,30,25 35,30,32 40,38,36 67,61,68 57,46,43 66,50,37 61,46,37 101,72,48 148,96,48 201,128,26 146,82,13 138,91,0 168,112,2 255,227,94 255,249,124 255,238,101 163,101,4 130,84,0 117,71,1 110,71,0 118,82,22 110,69,8 118,65,0 113,79,61 77,61,55 68,63,65 64,59,58 54,48,39 54,48,41
11,11,8 13,13,13 19,53,79 19,60,85 22,56,82 16,60,84 17,61,85 32,57,83 54,64,82 66,72,75 88,77,72 115,86,62 138,93,47 164,109,39 191,119,30 42,35,33 22,23,28 31,41,57 35,45,61 30,39,52 36,29,29 40,36,47 56,48,56 57,56,61 52,51,56 34,33,36 37,30,33 36,29,32 32,21,28 35,24,31 34,27,30 40,32,38 44,36,44 52,41,48 55,35,26 54,38,34 36,34,42 46,44,45 34,29,28 41,30,23 43,37,44 50,58,78 58,59,80 79,67,67 88,52,19 126,79,27 147,99,0 168,104,0 255,240,106 255,252,124 255,242,109 162,102,16 120,74,17 87,57,15 105,69,18 118,80,2 120,76,9 146,94,7 147,83,14 73,74,79 65,66,71 60,64,68 49,43,34 44,38,29
9,11,11 11,16,22 17,57,78 17,56,80 14,58,80 16,60,84 17,61,85 21,57,82 39,57,81 57,66,79 81,72,68 116,81,54 142,95,45 165,105,37 194,118,26 196,117,24 21,30,43 29,39,55 30,41,54 25,33,42 48,37,30 31,23,31 47,45,55 57,55,65 50,49,54 30,27,31 28,26,27 27,24,28 29,23,28 28,25,31 31,28,34 38,29,40 36,35,40 40,33,45 45,36,30 33,22,29 30,28,29 41,41,36 34,27,25 38,27,22 47,49,65 50,52,66 58,66,82 69,73,86 100,78,44 113,72,23 143,98,5 173,111,3 255,255,126 255,255,143 255,255,129 165,106,13 121,80,23 94,62,18 84,58,17 116,75,3 120,83,43 120,73,21 107,73,28 85,62,49 62,60,58 47,47,44 53,51,52 37,31,24
9,11,11 14,25,36 16,56,75 18,55,77 19,56,78 14,58,80 11,57,81 15,56,79 19,56,78 34,57,80 70,67,73 110,80,52 143,95,41 162,105,36 191,119,30 230,128,8 50,50,58 34,47,64 32,40,56 22,27,35 42,33,29 39,29,30 42,38,49 53,51,59 41,40,45 30,27,33 31,28,32 27,24,28 27,24,30 28,25,31 33,29,40 32,25,35 33,29,38 36,29,39 37,25,25 34,29,31 26,24,25 41,39,37 37,27,28 34,29,17 39,39,49 46,49,58 54,63,76 61,68,82 86,80,73 112,74,28 137,90,9 168,112,2 255,255,121 255,255,138 255,255,135 194,134,46 120,80,28 92,65,22 83,57,18 103,70,22 100,69,18 70,48,14 141,92,27 81,52,21 68,49,35 55,48,46 66,64,74 40,38,48
10,11,14 19,37,50 19,55,80 19,56,78 16,57,82 14,58,80 16,57,80 19,53,79 23,58,81 26,56,78 54,62,71 101,77,55 139,95,44 155,101,40 185,112,35 206,122,7 179,115,30 35,47,69 29,43,55 25,30,38 34,26,32 42,33,29 46,36,35 29,29,37 28,28,36 34,32,42 31,27,36 27,23,32 27,23,32 32,25,35 28,24,35 26,22,31 30,24,31 32,25,35 30,25,27 30,27,31 30,29,32 41,39,35 39,29,30 37,28,22 38,31,29 43,37,42 49,52,63 57,63,80 72,71,88 116,77,36 129,86,12 158,106,4 255,250,117 255,255,129 255,255,128 180,123,20 112,80,34 88,62,21 80,57,17 118,96,18 77,63,5 76,60,6 68,63,20 138,73,0 119,66,11 57,47,46 51,55,59 39,44,54
9,12,19 20,45,69 20,54,80 18,55,77 13,57,81 15,56,81 13,57,79 12,58,82 20,55,78 21,54,77 37,54,76 78,66,66 134,92,54 151,100,43 167,107,37 197,118,25 248,143,3 54,37,38 25,35,43 23,26,35 32,30,28 36,29,27 37,27,28 32,37,43 27,25,33 32,28,37 30,26,35 28,24,33 26,22,31 33,24,35 27,23,32 26,22,31 25,21,32 27,20,30 27,24,30 27,24,30 26,24,25 40,40,35 30,25,27 34,28,23 33,27,18 37,28,20 48,47,52 53,57,72 62,64,78 76,70,77 123,82,10 143,99,1 178,122,6 255,245,110 255,194,62 142,92,30 102,74,36 80,58,22 75,51,18 116,93,0 90,69,0 76,61,0 72,61,15 93,73,25 86,64,19 70,63,47 52,50,48 50,49,54
10,25,32 22,52,74 19,59,80 17,57,78 19,56,78 14,58,82 17,57,78 17,57,78 14,58,80 18,55,77 25,50,72 54,59,69 110,84,61 141,93,46 156,102,43 188,114,37 234,133,8 154,83,0 23,31,40 26,29,36 27,26,29 34,29,28 29,23,28 34,42,49 29,22,32 31,27,36 31,27,36 28,24,33 28,21,31 27,25,35 26,22,31 26,22,31 25,22,28 24,21,25 28,25,29 25,22,28 27,24,28 34,39,33 28,23,22 30,23,21 30,25,13 30,26,9 40,32,21 46,49,60 55,54,59 61,59,69 99,70,39 127,83,1 137,92,0 141,95,11 115,82,34 122,79,30 95,68,36 71,46,16 105,86,22 104,83,0 88,72,0 86,74,0 77,67,18 71,64,25 68,61,30 62,58,41 47,46,51 45,44,49
13,24,35 18,53,74 17,57,78 18,55,77 19,55,82 12,58,82 14,58,82 15,56,81 17,57,78 18,53,76 20,55,78 28,52,70 86,69,61 127,88,56 148,96,46 164,103,38 205,125,17 211,121,0 30,41,52 29,37,44 20,25,31 19,23,27 27,26,29 33,41,50 25,22,26 30,27,33 28,24,33 27,23,32 27,23,32 27,25,33 26,22,31 26,22,35 25,22,28 24,21,25 26,25,30 24,22,30 44,43,48 35,37,37 79,75,84 28,22,17 32,23,15 30,25,11 35,27,14 47,41,46 52,51,56 53,52,57 63,55,61 122,76,6 127,84,0 121,78,4 91,70,27 107,74,24 88,64,38 68,51,23 105,88,0 95,74,0 77,63,0 79,65,0 88,78,27 76,69,38 75,71,36 71,64,46 57,57,57 46,46,56
13,35,51 17,52,75 17,57,78 19,56,78 16,57,80 14,58,82 16,60,82 16,57,80 13,57,79 16,55,79 21,58,80 20,55,76 58,58,66 96,75,62 128,87,58 138,93,45 187,114,39 228,135,9 46,46,74 30,38,47 24,24,32 27,28,31 32,29,33 37,45,54 29,23,28 27,24,30 28,24,33 28,24,33 27,25,33 28,24,33 26,24,32 25,21,30 26,20,27 32,32,44 25,25,33 25,23,31 41,40,55 61,59,71 70,73,82 76,74,84 52,49,55 40,47,61 46,57,84 50,59,84 58,60,74 66,64,74 69,68,73 78,69,65 111,73,7 103,68,1 72,60,30 97,63,20 81,57,33 52,38,20 114,94,0 96,74,7 46,36,35 60,56,0 72,62,9 72,65,34 63,60,34 53,49,43 38,39,44 30,37,49
15,40,62 20,53,76 19,55,80 17,54,76 16,57,82 19,60,85 17,61,85 19,60,83 18,59,84 16,57,80 18,59,84 17,56,82 31,56,80 73,70,74 101,82,59 118,86,54 153,98,44 196,119,30 141,83,21 31,39,55 22,25,34 24,24,34 29,27,35 38,43,51 25,24,29 24,23,28 26,23,29 28,24,33 27,26,31 25,24,29 25,23,31 26,22,31 29,38,51 25,33,49 23,26,37 25,23,31 43,41,49 54,52,60 71,69,77 65,65,75 72,72,80 41,54,69 35,53,79 42,59,90 44,61,81 49,62,81 50,63,82 55,62,76 104,70,9 100,69,9 64,50,34 97,62,24 78,53,25 44,34,22 115,91,0 90,68,30 33,32,35 70,61,16 69,61,0 62,52,30 56,48,37 41,39,37 29,37,46 25,33,42
14,34,58 19,52,75 18,54,79 17,57,78 16,60,82 19,60,83 17,61,85 15,60,91 19,58,84 19,58,82 19,60,85 18,59,84 17,56,82 43,61,78 80,71,67 95,74,61 137,93,55 186,120,38 229,127,9 31,44,63 22,26,30 22,22,30 25,25,33 39,47,54 28,22,29 26,23,29 24,21,27 21,18,24 20,17,23 23,20,26 23,22,25 31,38,52 23,33,41 17,26,37 23,24,27 24,23,28 64,64,74 51,54,63 67,67,75 48,48,56 42,45,56 41,44,55 36,38,52 31,41,57 41,52,65 44,52,68 44,54,72 50,59,72 102,63,20 97,61,12 62,48,32 93,57,26 74,50,26 72,59,27 91,70,29 64,52,40 34,33,38 68,59,30 69,62,3 64,54,42 56,52,35 49,47,48 29,39,55 28,37,50