70,59,26 72,60,30 60,51,22 68,56,28 75,63,33 64,53,20 67,57,33 68,56,30 64,54,32 53,45,21 70,57,34 70,56,38 75,61,45 69,55,39 70,53,45 81,64,56 84,59,56 91,66,63 99,74,71 89,64,61 98,70,68 85,60,57 86,61,58 88,59,53 88,63,62 96,71,70 97,69,69 98,70,72 83,60,59 79,56,53 84,61,58 88,64,58 87,65,59 63,51,41 109,76,67 93,70,69 96,71,72 92,67,66 95,67,67 93,68,67 90,65,64 94,66,66 82,57,54 73,50,47 79,56,53 91,66,63 90,65,62 84,60,54 88,64,58 84,60,54 91,66,63 85,60,59 90,65,62 86,62,56 76,55,51 73,58,47 76,59,49 86,70,55 78,59,45 100,81,58 94,76,55 79,64,42 61,55,32 67,58,31
76,64,34 71,59,29 71,62,33 66,53,32 69,58,23 63,52,19 73,63,39 73,61,35 68,58,34 54,45,26 77,64,41 71,57,41 71,59,33 94,81,60 83,61,53 82,62,53 88,63,60 85,57,55 82,57,54 79,54,51 90,63,56 95,67,58 64,46,41 78,55,42 86,61,60 90,65,64 91,63,63 89,64,65 109,83,71 129,103,91 112,86,76 109,82,75 88,66,60 86,65,50 103,72,60 89,66,65 94,71,70 99,74,73 99,71,71 89,64,63 88,63,62 98,70,70 97,72,69 86,63,62 87,64,63 82,57,54 86,61,58 77,55,49 79,57,51 80,58,52 84,61,58 89,66,65 86,61,58 88,63,60 92,68,62 95,72,59 100,81,67 84,62,54 80,66,48 81,65,48 71,58,35 69,56,35 70,59,44 71,60,27
63,55,19 69,57,29 70,60,36 68,57,38 61,52,21 63,54,23 73,64,37 80,69,50 69,60,33 83,73,51 64,51,30 71,60,43 68,58,36 82,68,50 76,54,46 83,58,55 98,72,60 113,85,72 95,69,59 91,67,61 75,50,47 85,58,53 59,41,38 129,92,77 77,56,43 102,74,72 93,68,65 89,65,59 99,72,67 98,71,66 84,62,54 83,58,55 59,44,35 99,77,59 105,74,64 83,59,53 88,65,62 95,70,69 84,59,56 81,58,55 81,58,55 80,57,54 90,67,66 95,70,69 84,59,58 79,54,51 82,58,52 79,57,51 81,59,53 87,65,59 84,62,56 83,59,53 91,64,59 80,58,50 74,57,47 80,64,51 72,58,44 87,65,57 83,67,52 79,64,44 73,63,41 64,55,28 73,57,40 63,54,27
58,50,26 62,53,24 70,58,30 74,64,42 68,59,30 66,57,28 72,60,30 70,57,36 67,57,33 68,59,32 69,56,35 68,54,40 66,52,36 55,46,29 72,56,41 86,64,58 90,66,60 86,62,56 83,61,55 97,69,67 99,71,69 93,68,65 86,62,54 121,84,69 123,84,70 58,48,36 81,61,54 83,59,53 87,59,57 85,57,55 86,64,58 86,61,58 79,60,46 102,72,57 78,52,42 82,59,56 93,65,65 90,65,62 85,61,55 91,67,61 86,62,56 82,59,56 79,56,55 95,70,69 96,71,70 92,67,64 92,67,66 79,57,51 89,67,61 91,69,63 84,61,60 89,64,61 85,61,55 71,54,46 65,51,33 69,53,40 77,55,47 75,53,45 73,57,40 71,55,40 67,57,33 55,47,25 68,55,32 55,46,17
74,63,46 61,52,21 73,60,37 69,59,35 74,64,40 63,51,25 79,65,40 69,55,37 66,57,28 61,51,27 70,57,34 76,56,47 78,59,43 64,50,34 75,61,47 84,62,56 99,71,69 94,66,64 89,65,59 82,57,54 77,54,55 89,65,59 88,63,60 61,46,35 128,90,73 118,82,72 93,69,61 90,65,62 86,63,60 87,64,61 76,54,48 75,54,50 110,82,69 119,84,71 60,37,34 88,63,60 86,62,56 91,66,65 95,70,69 92,67,64 93,68,65 86,61,60 89,64,63 85,61,55 89,64,61 92,67,64 95,67,65 87,59,57 91,66,63 95,70,67 87,64,61 79,57,51 79,59,50 78,61,51 63,53,31 69,52,42 87,65,57 81,61,54 72,58,42 77,63,45 62,52,28 62,51,32 59,50,21 65,53,27
66,58,24 54,45,14 77,64,43 72,59,36 81,71,47 71,58,35 77,61,44 70,57,36 52,43,14 65,52,29 71,58,35 87,66,55 88,67,56 67,57,35 80,60,53 79,55,49 84,60,54 92,68,62 88,64,58 82,57,54 88,63,62 91,67,61 102,75,70 57,40,32 138,100,81 132,93,79 70,47,34 78,53,50 81,59,53 83,61,55 84,61,58 57,41,35 103,73,58 127,90,77 75,52,49 90,63,58 88,63,60 83,60,59 89,64,63 85,60,57 86,62,56 89,64,61 86,61,58 93,68,65 88,63,62 80,58,52 91,66,63 90,65,66 91,66,67 89,64,65 86,63,62 84,62,56 81,61,52 76,60,47 62,48,34 70,56,40 72,55,45 77,60,50 77,63,49 71,59,33 68,57,40 68,56,30 76,68,32 62,49,26
62,53,24 62,53,26 67,58,31 72,58,33 84,72,44 64,52,26 65,52,31 64,54,30 69,57,27 72,60,34 73,64,49 82,59,56 91,69,63 87,68,56 81,62,48 80,57,54 83,59,53 88,63,60 90,66,60 92,64,62 94,64,63 112,84,82 109,76,78 102,77,74 88,61,45 112,78,58 117,85,69 70,52,49 75,54,52 89,66,67 88,65,62 69,52,42 98,66,50 125,92,85 90,68,62 92,67,64 86,61,58 86,62,56 86,61,58 76,53,50 80,58,52 75,52,49 83,60,57 86,61,58 88,63,60 83,61,55 75,53,47 76,54,48 79,57,51 86,64,58 78,53,52 90,67,64 87,65,59 86,64,58 82,63,51 89,70,56 81,61,52 74,58,41 84,60,54 91,69,63 85,71,55 66,59,28 83,69,51 65,53,27
61,50,31 72,58,33 68,59,30 71,59,33 66,59,28 57,44,23 70,58,32 60,51,24 59,47,19 71,59,31 76,61,50 82,60,54 85,60,57 89,65,59 83,61,53 79,54,51 88,66,60 91,66,65 82,57,54 81,57,51 88,61,56 84,56,56 83,56,51 82,58,52 48,35,32 156,118,97 118,84,66 26,21,18 26,20,15 43,36,34 86,66,59 110,80,65 106,74,60 77,50,43 92,67,64 98,70,68 98,70,68 97,73,67 90,66,60 82,59,56 83,61,55 83,60,57 80,57,54 83,61,55 79,55,49 80,58,52 83,61,55 82,60,54 92,68,62 84,60,54 85,61,55 91,67,61 86,62,56 83,61,55 77,60,52 89,67,61 88,64,56 82,60,54 83,63,54 82,62,53 77,61,46 71,59,29 71,61,39 62,53,26
60,50,28 75,61,43 69,58,25 67,58,27 73,64,35 64,53,36 62,53,34 66,53,32 75,61,45 69,55,41 63,51,41 72,55,45 84,62,56 85,61,55 83,59,53 84,60,54 78,54,48 83,59,53 76,54,48 79,56,53 95,70,67 97,72,69 94,66,64 82,60,54 75,52,49 65,50,41 108,70,49 37,28,22 53,42,35 56,40,34 75,59,55 125,95,78 125,92,83 83,60,57 88,63,60 85,60,57 85,61,55 75,53,47 75,53,47 79,57,51 86,64,58 90,66,58 94,65,59 120,89,77 118,91,73 117,86,74 108,82,72 95,71,65 86,62,54 98,72,62 81,55,45 95,67,58 106,80,70 108,85,74 97,76,63 96,72,64 100,73,66 96,72,64 74,57,47 74,59,37 71,58,35 60,51,24 57,47,23 66,54,28
61,52,21 73,61,35 71,58,35 73,66,23 69,58,39 71,57,41 64,55,38 68,57,40 70,57,34 56,45,28 79,66,43 72,55,45 83,61,55 86,62,56 79,55,49 85,61,55 82,58,52 85,61,55 85,58,53 95,65,66 85,57,57 88,60,58 90,62,60 89,64,61 88,66,60 79,61,56 91,67,59 68,49,35 73,53,44 69,48,37 90,69,56 63,41,23 66,46,37 72,51,47 82,59,58 76,53,50 83,61,55 79,57,51 80,58,52 82,60,54 91,69,63 97,73,65 118,90,79 134,100,80 153,113,90 144,108,88 123,92,73 111,83,70 108,80,71 107,76,66 102,74,61 113,82,70 109,81,68 116,90,76 91,68,55 106,79,72 95,68,61 96,72,64 72,56,43 70,54,37 69,57,27 68,56,28 62,50,20 62,53,24
67,58,31 59,49,25 60,51,24 68,59,28 64,55,36 66,54,28 69,60,33 71,63,39 60,51,32 63,53,31 78,65,42 66,51,40 75,56,44 81,59,51 84,60,54 91,67,61 79,57,51 82,60,54 77,54,51 93,65,65 88,64,58 88,63,60 89,65,59 93,68,65 95,71,65 46,33,28 59,42,32 78,55,44 88,62,52 92,66,54 85,57,44 102,76,53 50,39,32 63,47,41 64,44,35 79,57,51 74,52,46 88,64,58 97,73,67 99,71,69 95,67,65 99,75,67 106,79,72 116,86,69 155,119,97 154,116,97 142,111,90 125,95,80 125,90,77 125,93,77 135,103,87 137,101,83 118,89,69 115,89,68 100,73,57 92,69,58 93,70,59 98,75,62 77,66,51 68,55,32 63,55,19 59,53,19 69,57,29 71,59,31
63,54,27 74,65,36 61,52,23 71,60,25 52,45,18 61,48,25 71,63,29 57,50,32 68,60,38 71,61,49 77,67,45 76,62,46 85,65,56 82,58,52 88,64,58 89,65,59 82,60,54 88,66,60 84,62,54 101,74,69 89,65,59 92,67,64 81,58,55 93,66,61 93,68,65 62,45,37 79,58,47 87,61,47 82,60,52 107,82,65 104,74,59 96,65,44 52,41,36 58,42,36 63,46,36 67,48,36 81,59,53 92,68,62 93,69,63 97,69,67 95,65,64 89,67,61 99,75,69 95,67,58 105,77,64 107,79,68 105,72,61 117,87,72 129,95,75 144,108,86 148,112,90 136,102,80 139,105,87 127,100,84 106,79,61 92,69,56 91,67,59 92,68,60 86,67,53 66,56,34 64,50,23 63,54,25 68,56,28 59,46,23
54,47,16 71,59,31 63,54,23 68,56,28 63,51,25 71,57,39 69,58,41 59,50,35 53,42,23 67,57,35 59,52,23 87,67,60 80,57,54 85,61,53 79,56,53 79,56,53 81,59,53 74,52,46 79,54,51 84,59,58 85,57,55 93,65,63 92,67,64 92,68,62 89,67,61 46,28,23 95,62,51 102,73,51 102,74,61 136,109,102 118,83,70 107,73,53 62,45,37 64,52,40 76,60,45 73,54,38 82,60,54 90,63,58 88,64,58 91,66,63 91,66,63 84,60,54 90,66,60 86,60,50 112,86,76 106,78,67 116,88,77 108,76,62 120,89,70 137,106,85 137,99,80 139,103,85 113,81,67 114,86,73 104,73,65 86,65,52 93,71,63 91,69,61 94,72,64 80,66,52 63,51,21 69,57,31 68,56,28 59,46,25
70,62,28 73,62,27 66,57,30 67,59,35 66,57,30 72,60,34 58,49,34 58,49,32 70,60,36 82,67,58 69,59,37 81,60,56 86,62,56 88,63,60 79,56,53 76,53,50 79,56,55 76,53,50 81,57,51 89,67,61 90,66,60 104,76,74 104,77,70 96,72,66 98,68,53 97,63,45 126,86,63 133,93,70 146,105,78 165,119,91 162,118,92 136,90,74 76,55,42 66,51,42 74,58,43 76,57,41 75,53,45 85,61,55 68,46,40 72,48,42 91,63,61 86,62,56 95,71,65 81,57,49 94,67,60 107,79,70 106,78,69 101,74,67 107,79,68 98,70,59 101,73,60 103,76,60 114,87,71 110,82,69 105,76,70 95,68,63 77,55,47 90,66,58 90,68,60 87,69,48 71,60,41 63,54,25 66,54,26 69,56,33
62,54,18 80,66,37 78,63,41 84,68,51 79,63,48 80,65,45 74,63,44 55,46,31 73,57,40 80,61,49 83,68,48 88,67,63 87,64,63 86,63,60 86,61,58 82,57,56 79,56,55 77,54,51 78,53,50 94,67,62 111,83,74 119,86,79 109,78,70 134,98,80 221,158,125 250,181,150 217,163,125 154,107,75 152,111,84 155,115,92 145,109,89 136,98,77 112,90,70 73,54,40 76,57,41 74,58,41 67,47,40 84,59,56 73,50,49 79,55,49 88,61,56 92,65,60 92,65,60 92,68,62 91,67,59 79,55,47 91,67,59 85,61,53 80,58,50 83,59,51 95,71,63 99,72,65 106,77,71 101,72,66 92,63,59 89,67,59 83,67,54 92,73,61 76,60,47 73,59,32 68,58,34 59,51,27 78,65,33 79,65,38
79,68,33 102,83,56 105,86,61 97,80,52 84,70,52 90,71,59 88,66,60 82,67,58 69,55,41 90,73,45 73,58,38 72,56,41 79,62,54 77,54,51 82,57,54 83,59,53 67,46,42 69,49,42 88,66,60 98,71,66 106,79,72 114,85,79 111,83,72 138,100,79 173,121,100 153,106,83 96,59,35 204,149,118 163,117,87 157,116,89 152,115,89 139,103,81 128,92,70 71,53,34 67,51,34 72,56,39 64,44,35 91,67,61 81,59,53 80,58,52 83,58,55 90,66,60 88,64,58 89,66,63 82,58,52 90,66,60 83,59,53 89,65,59 86,64,58 83,59,53 89,65,59 91,67,61 90,63,58 97,70,65 86,62,56 95,70,67 80,60,51 73,59,45 70,54,41 85,70,48 71,56,34 75,61,45 70,56,38 74,65,36
100,83,55 121,96,66 82,65,30 92,68,42 97,76,63 82,60,52 83,61,55 81,59,53 88,67,63 79,65,38 68,53,42 84,62,54 88,64,56 90,66,60 86,64,58 86,62,56 79,57,51 79,57,51 85,57,55 84,62,56 86,64,56 94,72,64 90,66,60 91,65,53 110,74,64 136,98,79 167,119,92 181,130,104 201,150,122 148,104,76 141,101,76 141,106,81 128,97,74 80,55,36 71,56,36 73,58,38 64,48,33 86,59,54 92,68,62 91,64,59 90,63,58 95,71,65 92,68,62 80,57,54 92,68,62 90,66,60 91,67,61 82,58,52 81,59,53 82,58,52 90,66,60 85,61,55 88,64,58 86,62,56 91,67,61 92,65,60 78,58,51 68,56,28 79,59,52 81,66,44 73,60,39 70,61,34 77,63,36 73,61,35
96,77,50 106,84,50 101,82,55 100,74,51 97,74,59 82,68,50 80,60,53 66,49,41 79,59,52 76,59,51 76,59,49 78,58,49 91,69,61 92,68,62 84,61,58 93,71,65 91,64,59 90,63,58 98,68,69 91,66,65 83,59,53 89,65,59 83,59,51 70,48,40 87,61,49 110,78,64 153,110,91 176,125,99 173,125,100 181,133,108 129,92,68 119,85,65 107,78,58 76,56,38 76,58,39 81,63,44 80,59,44 90,66,58 91,67,61 96,72,66 93,69,63 91,67,61 83,59,53 83,61,55 86,62,56 83,56,51 92,68,62 90,68,62 76,54,48 84,62,56 88,64,58 89,65,59 88,64,58 93,69,63 84,57,52 86,64,58 91,66,63 88,67,56 85,65,56 70,54,41 61,51,29 73,60,37 76,64,38 70,56,31
89,71,41 84,71,39 88,73,37 93,74,51 84,70,43 81,67,40 99,81,62 89,70,58 84,68,55 79,63,50 88,66,58 75,55,46 77,55,49 78,54,48 75,55,48 82,58,52 88,64,58 83,58,57 95,70,69 88,64,58 93,69,63 110,83,78 113,86,79 66,46,37 88,60,49 99,72,54 112,83,63 105,71,53 78,50,37 99,67,53 105,76,54 95,70,51 85,67,48 66,51,31 73,59,41 82,62,44 84,61,46 96,74,66 93,68,65 82,60,52 86,64,56 92,68,60 92,68,60 84,60,52 82,58,50 84,57,52 74,52,46 69,47,39 68,48,39 81,59,53 81,57,51 81,59,53 79,57,51 76,54,48 79,58,54 76,55,51 77,54,51 90,67,64 75,55,48 92,67,64 81,57,51 76,55,44 70,57,34 63,49,31
83,70,36 75,57,25 90,74,43 90,70,50 84,71,39 87,73,44 104,83,56 97,74,59 97,78,62 91,69,61 99,75,67 82,58,52 75,52,49 74,49,46 72,52,45 82,58,52 84,60,54 96,71,70 89,65,59 93,69,61 107,79,68 112,81,69 124,93,81 66,44,36 84,58,46 85,58,40 86,56,39 148,105,88 93,62,50 93,65,52 85,63,43 76,58,39 69,54,34 67,51,34 77,62,42 81,63,44 84,62,44 84,61,46 85,61,53 102,74,65 91,63,54 108,80,69 98,72,62 98,71,64 95,68,63 94,67,62 82,60,54 72,52,43 75,51,43 73,51,45 78,54,48 91,69,63 87,65,59 76,54,48 82,61,57 79,58,54 86,64,58 84,62,56 86,61,58 88,63,60 84,60,54 84,59,56 65,50,28 59,50,31
74,56,24 81,62,39 98,79,56 95,75,57 88,71,47 91,76,54 88,71,45 101,76,59 92,73,57 75,55,46 68,48,41 86,64,58 81,60,56 88,65,64 76,53,50 91,68,65 95,68,63 85,61,55 104,78,68 113,86,68 139,108,89 149,111,92 133,98,62 126,94,80 166,123,106 172,123,101 119,74,53 96,55,35 86,56,41 104,78,64 69,55,37 70,55,35 68,47,32 83,62,47 71,55,38 82,62,42 81,61,41 85,62,47 98,74,66 106,78,69 128,100,87 110,82,69 102,79,64 100,74,62 99,72,65 96,64,59 93,61,56 84,62,54 88,66,58 75,54,43 83,62,51 94,67,62 93,66,61 88,61,54 88,64,56 75,55,48 82,58,52 96,72,66 95,71,65 89,65,59 83,58,55 89,64,61 79,59,50 61,50,33
87,72,36 104,85,48 132,103,79 101,77,55 107,82,63 113,87,64 97,79,47 106,86,68 98,72,58 89,66,55 93,71,63 87,65,57 92,68,60 96,67,63 81,52,46 94,66,57 102,76,64 106,80,70 101,73,60 126,96,81 133,102,83 129,86,28 113,76,32 113,76,32 109,73,26 76,49,44 106,67,55 86,55,43 109,84,67 84,64,46 93,71,51 82,62,42 74,56,35 82,64,43 80,60,40 88,66,48 79,59,41 81,59,41 88,66,58 103,72,64 115,87,74 115,84,72 96,73,58 100,77,64 114,85,79 103,71,66 100,68,63 81,59,51 93,71,63 85,62,51 85,61,53 92,66,54 103,75,64 118,90,79 105,79,67 89,66,55 82,60,52 83,61,53 82,58,50 70,48,40 65,43,37 82,60,54 84,63,52 74,64,42
83,65,33 142,110,68 150,109,82 169,128,101 105,72,45 110,76,42 140,108,76 105,76,54 116,85,66 116,84,68 108,81,65 109,79,64 112,82,65 115,85,70 127,97,82 129,99,84 125,95,80 118,88,73 99,71,58 111,84,68 132,105,89 127,97,80 110,82,69 102,74,65 97,73,65 76,52,44 79,56,45 100,77,66 106,81,64 108,84,60 113,83,66 99,75,53 76,55,40 76,57,41 83,63,45 86,65,42 75,57,38 75,56,42 105,79,67 112,81,69 125,95,80 112,82,67 102,72,57 94,68,56 106,78,69 109,81,72 104,78,68 100,74,62 93,67,55 94,68,54 123,95,82 126,94,80 123,93,76 123,92,73 132,102,87 128,100,87 96,73,60 95,69,59 100,74,64 91,65,55 80,59,48 88,65,54 78,59,43 64,55,38
134,112,74 149,119,77 175,132,99 172,128,98 154,115,83 159,114,81 177,127,96 136,95,68 143,101,77 140,100,77 145,109,87 145,109,87 139,103,83 137,101,81 152,114,93 147,110,86 124,88,68 125,93,77 110,80,63 105,79,65 102,76,64 102,76,64 104,78,68 95,67,58 103,75,66 106,84,76 91,69,61 94,75,63 87,66,53 113,85,72 117,87,72 107,82,63 85,63,45 69,53,36 78,60,41 88,63,46 78,60,41 68,49,35 100,74,60 115,84,72 119,89,74 112,82,67 115,85,70 108,81,65 100,74,60 106,80,68 95,69,55 110,82,69 108,81,65 113,86,68 124,93,74 134,100,82 139,105,85 137,103,81 134,100,80 140,110,93 113,86,70 117,89,76 111,83,70 103,75,62 87,66,51 93,72,57 77,58,35 75,64,45
98,77,34 154,114,80 184,139,104 148,108,74 201,154,122 154,111,78 196,148,105 176,126,93 181,135,105 163,119,89 140,96,66 166,120,92 172,126,98 168,127,100 187,143,117 183,136,104 179,133,105 147,106,86 126,95,74 107,81,71 100,76,68 96,72,64 95,72,61 101,72,66 99,73,63 97,76,65 79,62,52 85,66,52 66,50,33 113,87,75 120,89,77 116,86,71 94,69,52 74,56,37 71,56,36 88,66,48 81,61,43 75,56,44 106,78,65 113,82,70 125,95,80 117,87,72 110,80,63 108,79,59 111,81,66 103,73,58 106,79,63 101,69,55 110,80,65 110,81,61 140,106,86 134,100,80 139,105,85 141,105,85 127,91,71 138,106,90 136,105,93 115,87,74 121,94,78 109,82,66 87,63,41 102,81,56 96,75,52 93,72,45
130,98,56 98,77,34 180,130,97 158,127,90 172,125,93 190,143,111 197,146,111 182,133,97 159,113,85 171,127,99 163,122,95 146,107,79 184,139,106 188,143,110 192,146,116 201,152,116 180,132,103 162,120,96 132,98,80 110,83,67 90,69,58 92,68,60 100,73,66 106,78,69 107,79,70 106,79,72 63,46,36 79,63,48 71,55,40 104,78,66 122,91,79 124,92,78 100,73,57 75,57,38 69,54,34 85,63,45 79,61,42 104,78,68 107,79,70 107,79,66 103,76,60 123,93,76 122,93,73 120,91,71 118,88,73 106,79,63 111,78,67 100,74,62 100,72,59 109,82,66 118,86,70 124,93,74 117,88,68 127,98,78 127,95,79 111,81,66 88,62,48 99,73,59 112,87,70 99,72,56 112,83,63 96,77,54 100,74,49 96,78,46
122,90,48 161,126,88 153,115,80 178,131,97 196,145,106 192,141,104 187,138,102 206,157,119 181,134,102 177,131,101 175,131,105 163,117,87 189,139,106 164,115,77 197,148,112 183,133,100 175,128,96 168,124,96 144,108,86 123,93,76 88,62,50 115,89,77 103,75,62 109,79,64 113,85,76 106,78,69 71,54,44 84,68,53 77,61,48 85,66,54 124,93,83 120,92,79 113,83,68 82,64,45 76,58,39 88,68,50 76,58,39 100,73,66 102,74,65 107,84,73 122,91,79 105,75,60 116,90,69 110,80,63 111,81,66 94,66,53 100,74,60 104,78,68 93,67,53 96,68,55 105,74,62 110,79,69 111,83,74 107,79,68 105,77,68 107,79,70 100,74,62 97,74,61 83,62,49 91,68,53 102,77,58 78,57,34 103,78,50 97,78,43
159,124,86 163,118,83 162,119,86 181,130,95 197,143,107 198,144,108 197,143,107 202,151,114 193,139,105 185,131,97 168,117,82 179,127,95 189,138,101 188,137,102 170,121,85 194,145,109 187,140,108 141,100,71 151,113,92 137,101,83 107,77,60 119,89,74 127,96,77 128,94,74 124,92,78 110,83,67 70,53,43 93,77,62 88,69,55 86,67,53 108,85,72 111,83,70 115,85,70 95,73,55 80,65,43 82,62,44 73,58,38 109,83,71 103,75,62 109,84,67 109,81,68 119,89,74 120,88,74 103,75,62 95,67,54 101,73,64 93,66,59 93,64,58 100,72,63 96,68,59 100,74,64 98,71,64 107,78,72 102,73,67 102,73,67 103,74,68 88,64,56 90,66,58 85,61,55 99,76,63 69,54,34 88,70,49 115,89,66 98,75,44
176,136,102 184,140,100 195,146,110 202,153,115 206,155,118 202,151,114 193,142,105 204,155,117 193,142,105 192,141,102 178,127,90 175,126,90 183,132,97 163,112,73 194,145,107 187,138,100 128,92,63 121,88,61 153,113,90 156,118,97 144,106,89 153,115,96 143,107,87 146,110,90 141,105,85 117,88,68 110,87,74 94,75,61 90,72,51 98,77,62 116,90,76 123,93,78 118,87,75 99,77,59 77,61,46 83,62,47 71,52,36 127,97,82 130,95,80 97,67,52 117,91,77 110,82,71 107,79,70 92,65,58 97,70,63 100,73,66 99,72,65 99,72,65 105,78,71 99,72,65 94,65,59 97,70,63 98,71,64 99,70,64 87,60,53 98,70,61 92,66,56 97,71,61 90,66,60 88,64,56 79,66,45 81,61,41 109,83,60 120,91,67
188,142,105 177,133,95 194,140,104 195,144,107 193,142,105 202,151,116 190,140,107 182,132,99 188,139,103 185,134,97 204,155,115 190,136,100 182,132,99 104,66,16 139,89,56 180,135,100 191,146,123 186,142,114 175,130,97 154,113,86 159,112,89 169,125,99 182,134,105 170,130,107 142,104,85 128,97,76 111,83,70 50,34,30 40,29,26 85,69,56 111,89,71 122,95,79 111,84,68 98,75,60 84,68,55 85,69,56 62,47,36 154,120,102 141,110,87 125,94,73 116,86,69 121,93,82 113,85,76 99,75,69 88,64,56 103,79,71 90,66,58 98,74,66 102,78,70 95,71,63 91,64,57 88,64,56 84,63,52 95,72,61 97,71,61 107,79,68 110,82,73 110,82,73 99,73,61 100,72,61 86,65,50 105,83,63 111,85,64 125,91,69
133,98,60 138,98,64 187,138,100 178,132,95 187,138,100 180,131,93 173,124,88 161,111,78 174,124,80 132,89,2 152,108,0 187,133,95 176,127,89 153,114,84 124,83,54 195,141,103 190,141,105 138,92,0 119,73,16 182,133,97 168,121,87 171,124,92 178,129,93 162,118,92 165,125,102 137,101,79 117,86,67 68,55,52 52,42,43 53,43,44 90,73,65 116,90,67 100,83,73 60,47,44 78,65,60 77,65,55 69,49,40 158,120,101 146,100,74 114,83,60 130,103,87 101,75,63 105,78,73 90,68,60 88,65,54 91,65,55 94,68,58 84,63,52 85,72,49 89,70,58 95,72,61 93,67,57 103,75,62 107,79,66 104,78,64 105,79,65 119,88,76 115,84,72 108,80,69 109,81,68 103,75,62 105,78,62 123,92,73 97,73,47
130,104,63 106,73,36 188,142,101 183,134,98 183,134,98 167,118,82 168,118,85 167,120,86 140,100,0 105,72,35 181,136,103 199,153,114 200,149,112 178,127,92 194,139,108 188,137,100 196,150,113 121,77,39 152,108,0 177,127,85 202,156,119 195,141,107 197,143,107 179,127,97 179,135,105 138,100,79 81,60,49 70,53,54 26,16,15 40,30,29 30,20,19 43,33,34 52,40,45 55,43,48 64,51,48 84,69,60 75,56,44 132,96,74 146,110,88 146,112,92 101,73,60 91,70,57 92,68,60 100,76,68 102,79,68 107,81,69 102,76,64 95,74,61 67,76,20 71,68,24 85,62,49 99,73,59 113,81,67 112,80,66 113,78,63 123,93,78 113,81,65 118,87,77 113,85,72 117,86,74 123,93,78 132,102,87 131,102,82 139,105,83
160,125,87 148,111,71 202,153,117 182,135,101 168,117,82 188,139,103 176,127,91 182,131,94 170,131,103 175,130,107 183,143,118 195,149,121 205,154,117 204,150,112 202,153,117 189,138,101 205,154,117 202,151,114 145,108,82 190,139,102 189,146,111 150,107,74 195,141,103 217,160,129 194,145,109 138,101,75 82,61,50 64,51,44 33,23,24 40,31,25 27,20,18 42,32,33 47,35,40 51,39,44 79,64,55 88,68,59 79,56,43 137,106,87 131,100,79 125,94,75 108,77,65 99,73,61 102,76,66 99,71,62 106,78,65 109,82,66 108,80,67 106,81,64 77,78,30 83,86,26 95,72,57 98,68,53 131,100,79 139,103,83 149,111,92 125,93,77 124,94,79 90,63,18 127,90,46 119,90,68 125,98,80 130,101,81 149,115,95 153,111,89
198,144,108 188,134,98 207,156,119 199,148,113 191,140,103 199,145,111 205,151,113 199,148,111 166,122,92 162,127,100 167,134,107 184,140,112 202,153,115 186,135,96 198,147,110 176,127,91 173,123,92 172,125,93 195,142,101 191,137,99 175,126,90 178,128,95 220,166,128 220,166,132 216,160,124 151,114,90 85,65,56 79,62,54 38,31,34 28,21,21 44,37,40 45,35,36 54,40,45 59,45,50 94,77,67 87,67,58 85,59,45 119,90,68 111,82,62 117,90,72 99,71,58 98,75,64 96,68,59 104,78,66 108,82,68 122,92,77 125,95,80 123,92,82 107,79,66 73,66,37 102,83,56 117,86,67 161,115,99 153,110,93 163,125,104 134,102,86 110,83,67 120,93,86 67,48,25 76,52,26 110,84,63 124,93,74 142,107,80 160,119,92
199,148,113 187,138,102 222,167,126 174,126,83 210,159,122 208,154,116 207,153,115 210,159,120 189,140,104 190,139,104 197,142,101 205,154,119 192,143,105 198,147,108 182,131,94 182,136,99 181,132,96 162,113,77 185,134,95 198,144,106 191,142,106 181,132,96 186,142,102 174,124,91 165,117,88 156,120,102 93,73,64 91,74,64 71,55,51 64,51,46 61,50,47 61,49,51 40,30,34 42,32,36 97,77,68 94,73,62 128,92,70 134,100,78 125,94,73 118,89,69 124,93,81 102,74,65 106,78,69 105,79,67 104,78,64 122,92,77 124,97,81 115,89,77 113,85,72 115,87,74 129,104,87 155,119,99 139,98,78 133,102,81 100,78,33 110,89,17 96,81,18 117,90,72 116,85,73 121,95,74 116,85,62 141,105,83 159,118,89 148,111,71
165,119,82 121,89,47 168,126,86 221,167,131 184,130,92 212,161,124 198,147,108 202,151,112 191,140,105 191,140,103 201,147,109 186,135,98 187,133,97 219,165,127 211,157,121 181,132,96 192,138,102 209,155,119 171,115,77 203,152,113 205,154,117 192,141,104 195,144,107 178,131,97 152,115,89 108,82,68 91,69,63 91,74,64 87,67,60 79,61,56 76,60,54 64,51,44 53,41,41 59,49,50 104,85,73 92,72,63 151,110,90 154,111,92 140,102,81 126,97,77 120,89,77 105,77,66 102,74,63 94,68,56 105,79,65 114,86,73 61,40,27 91,70,57 115,84,72 141,110,98 137,110,94 136,100,80 160,120,95 165,125,100 163,125,106 131,100,79 63,44,21 111,84,68 116,89,71 111,85,64 131,100,77 141,105,83 154,115,85 122,89,50