38,40,14 38,40,14 37,39,13 36,40,11 36,39,17 51,48,33 37,39,22 34,38,21 40,42,25 46,47,24 45,46,23 51,48,24 43,42,17 65,65,31 69,72,23 51,52,13 83,87,31 67,68,29 86,88,44 52,52,38 68,64,54 103,82,57 158,121,79 118,86,54 85,70,59 109,83,58 89,69,51 80,80,37 65,63,32 82,83,35 71,69,38 72,69,45 78,74,39 77,72,40 78,73,41 69,68,32 49,46,22 42,43,20 49,51,25 56,54,25 69,74,11 63,65,19 40,39,12 41,42,21 39,41,15 44,47,16 63,67,27 40,41,22 42,43,20 35,36,13 65,70,27 51,54,19 41,43,15 58,63,20 39,42,20 46,50,21 65,69,31 45,50,16 40,42,25 60,65,22 65,67,25 56,59,28 59,63,25 46,47,26
37,39,13 39,41,15 39,40,21 34,37,17 40,42,27 67,67,33 38,40,23 41,44,9 38,40,25 49,50,27 57,50,30 57,54,30 50,49,22 68,68,34 57,59,13 56,56,26 60,60,26 91,96,31 85,90,25 53,53,37 62,61,50 82,69,48 78,63,43 68,56,46 70,65,51 78,66,56 71,60,43 76,76,35 78,78,37 73,72,34 72,71,35 77,75,44 73,68,38 68,63,33 60,54,31 70,68,39 58,55,31 45,46,25 45,47,21 64,62,33 68,73,10 56,58,12 44,43,16 35,36,15 48,50,22 47,49,21 62,68,16 34,34,18 39,42,11 39,41,13 49,51,25 42,44,16 46,47,26 52,55,24 46,52,11 50,55,23 59,62,27 51,56,24 45,47,30 55,58,27 60,61,24 56,59,28 48,49,26 58,59,36
40,42,16 41,43,17 41,43,15 41,42,19 39,42,18 54,54,24 39,43,14 34,37,13 40,42,16 51,53,25 47,46,21 44,43,18 54,50,33 44,44,14 40,41,18 55,52,28 68,65,39 97,96,58 75,76,28 50,45,42 62,63,51 137,103,69 176,123,66 122,98,65 73,68,54 92,81,62 89,88,52 76,69,42 87,80,37 79,75,38 72,67,37 74,69,39 71,66,38 71,66,36 71,66,36 78,76,43 52,53,34 51,53,27 49,51,25 51,54,23 54,56,28 49,52,17 41,43,15 40,43,23 39,43,14 51,51,21 69,72,23 46,49,16 47,50,19 40,41,20 41,42,23 49,52,19 48,51,20 56,61,18 38,39,27 37,39,22 47,50,19 51,56,24 38,43,21 61,54,34 65,60,28 57,55,22 52,55,24 61,61,45
40,41,18 39,40,17 44,49,13 54,57,26 40,43,23 47,49,23 43,47,18 31,36,16 38,41,21 38,41,21 55,54,29 54,50,31 43,41,19 37,41,24 43,46,24 34,37,15 58,59,36 71,71,41 82,85,34 49,47,43 58,54,46 66,59,43 67,60,44 66,57,40 75,70,58 127,102,74 93,87,53 81,75,39 100,81,46 72,67,35 65,62,36 73,71,38 75,74,38 73,73,32 75,73,42 82,78,43 73,68,38 62,61,36 53,54,31 50,53,29 44,47,27 61,66,21 40,41,20 41,43,17 38,41,21 47,49,21 68,70,28 47,48,25 47,52,18 46,50,23 40,41,18 49,51,23 37,39,22 43,48,14 38,41,21 36,38,21 40,41,18 42,43,20 44,45,24 50,54,25 72,70,41 73,71,38 55,58,36 59,60,52
48,46,26 72,68,51 47,51,24 43,46,22 40,43,21 46,49,29 52,57,23 39,44,22 34,36,19 39,42,20 37,38,15 54,57,22 48,47,20 43,47,20 43,47,20 36,38,21 51,55,28 43,42,17 78,76,45 55,54,47 60,56,50 63,58,46 61,56,44 58,53,41 65,60,46 89,80,49 99,87,48 96,91,50 86,74,48 85,70,48 78,70,46 78,73,43 77,75,42 65,61,40 71,69,36 74,69,41 75,69,44 61,60,33 60,59,32 50,53,31 51,55,28 47,51,13 51,54,19 51,53,25 40,42,14 58,61,26 70,70,36 40,41,18 48,50,22 51,54,23 44,45,22 44,45,22 39,42,18 54,58,31 38,41,19 37,40,18 44,48,19 47,48,29 42,43,20 38,41,19 66,68,42 73,66,48 62,63,42 61,59,55
73,66,46 67,56,37 64,62,40 40,41,20 47,49,32 38,41,21 38,41,21 41,44,22 41,44,22 36,39,19 47,48,25 38,41,19 41,44,20 45,46,23 40,43,23 46,48,22 55,57,31 40,40,24 53,55,40 54,53,44 54,53,44 65,60,48 58,53,41 58,53,41 63,59,40 81,72,43 100,81,54 70,67,41 68,61,43 59,54,40 72,67,39 65,59,36 67,66,41 62,63,42 70,66,45 74,68,43 70,65,37 76,76,33 55,58,34 57,61,34 51,54,32 58,61,28 49,52,19 52,54,28 58,62,24 61,62,23 65,63,32 58,61,28 48,49,26 53,55,27 56,59,26 41,42,23 48,51,29 54,52,32 41,44,20 46,48,22 46,47,24 70,71,48 47,49,32 38,41,17 67,69,43 70,66,47 87,76,57 61,59,55
108,85,56 109,84,56 78,65,42 47,49,32 37,39,22 55,58,34 40,42,25 34,36,19 39,41,15 41,42,19 42,43,20 47,48,25 47,48,25 46,46,30 56,58,32 47,50,26 41,42,19 46,47,24 53,53,37 57,51,42 58,57,48 69,64,52 62,57,45 63,58,46 76,61,41 86,67,32 71,64,44 61,67,28 56,56,42 74,71,29 66,60,35 61,59,37 67,66,41 65,64,39 61,64,40 79,77,44 78,75,33 80,80,35 62,64,38 58,60,34 63,65,37 56,55,30 87,89,32 67,70,21 64,65,28 58,63,20 69,69,39 44,44,28 59,62,29 70,74,34 54,57,24 46,47,26 47,51,22 61,64,31 49,51,25 42,45,12 40,42,16 54,57,33 48,50,33 38,41,17 38,41,17 65,63,43 89,77,51 60,58,54
58,54,35 97,89,67 81,66,46 64,62,44 56,53,29 63,65,37 52,54,28 39,41,13 35,35,21 42,44,18 40,43,19 53,54,31 47,50,30 49,51,25 63,66,33 63,65,39 52,53,30 46,47,24 53,52,43 60,56,48 57,51,42 70,65,51 61,56,44 66,61,49 64,54,42 78,72,38 65,65,35 72,71,33 54,55,32 51,51,35 50,53,33 58,59,40 81,76,44 82,78,41 74,69,39 71,66,38 78,78,37 56,59,24 75,76,39 69,67,38 55,57,29 60,65,31 56,59,26 64,62,40 54,56,30 58,58,28 48,49,30 55,58,27 61,62,39 51,53,27 53,55,27 45,48,17 64,58,33 69,69,37 77,80,31 49,52,19 59,60,37 66,62,41 59,62,40 42,43,22 43,39,20 80,73,53 104,87,63 63,57,50
57,55,33 69,67,45 65,63,45 71,67,50 50,55,35 65,62,38 56,53,29 46,47,24 40,39,14 42,44,16 48,51,20 43,42,17 56,54,32 50,49,22 51,53,27 47,48,25 47,48,27 54,56,30 55,54,43 64,60,54 69,59,49 69,59,47 55,49,42 68,63,51 58,52,43 77,71,48 64,62,40 52,52,36 51,54,34 51,54,34 52,54,37 70,70,36 81,75,39 83,76,49 87,80,51 78,71,42 88,87,31 57,56,29 82,81,43 71,71,41 43,46,22 50,53,29 72,78,26 53,55,27 54,57,26 54,52,21 50,53,31 45,48,28 61,58,34 65,62,38 56,54,32 64,65,28 73,73,28 48,50,22 51,48,22 62,66,12 55,54,27 69,66,40 80,73,42 56,57,36 40,41,18 87,74,53 97,77,45 58,53,50
64,62,42 67,65,45 72,70,52 75,67,54 65,62,38 64,66,22 46,49,18 42,43,20 56,58,30 45,48,26 48,46,24 45,46,25 61,60,35 78,76,47 56,55,28 50,53,29 67,66,39 68,66,46 60,50,40 56,51,48 54,48,41 70,65,53 51,50,43 66,61,49 57,53,43 70,66,49 70,69,42 55,58,34 63,65,37 56,54,34 55,53,31 92,95,35 89,82,43 100,83,59 94,81,60 99,91,55 80,77,35 91,90,34 81,77,40 74,69,39 43,50,32 42,46,29 46,48,31 43,46,26 55,51,32 59,53,30 43,46,24 48,49,26 63,66,35 88,91,40 69,68,30 48,51,27 59,60,37 46,49,25 71,66,36 60,62,16 64,63,38 52,53,32 62,58,39 65,66,43 49,48,23 85,69,52 157,126,77 58,54,48
64,59,47 70,65,53 75,73,53 87,76,59 81,74,45 88,85,41 68,65,39 46,48,20 61,60,33 60,63,28 56,53,27 58,59,36 56,54,32 70,67,43 69,68,41 48,46,26 87,83,46 59,55,34 54,47,45 51,46,43 58,49,43 60,56,50 54,48,41 69,65,59 57,54,41 65,60,48 82,77,38 76,74,45 61,60,33 68,66,33 71,70,34 82,80,33 88,87,33 91,79,51 97,85,57 92,86,50 93,87,51 92,81,48 68,66,33 53,56,34 42,46,31 38,43,23 44,47,25 55,53,33 89,76,53 63,60,34 46,51,29 71,70,32 70,70,27 81,77,42 55,54,29 59,60,39 54,57,37 48,49,30 75,71,36 69,69,28 54,57,33 55,56,35 53,54,35 49,50,29 51,52,31 72,58,42 158,127,78 54,50,44
64,62,44 69,67,49 69,64,50 76,65,46 121,100,59 93,92,40 79,77,46 60,59,32 61,61,31 64,62,33 50,48,30 57,55,35 75,70,42 86,84,51 87,87,46 74,74,40 91,92,44 45,46,34 58,54,35 43,38,35 51,46,43 58,54,46 50,45,42 51,53,50 61,61,58 60,56,50 83,83,38 81,77,42 76,74,43 69,67,34 78,78,37 83,77,41 81,78,38 89,76,53 99,86,63 108,104,67 86,81,51 69,67,34 63,66,33 53,55,40 41,41,25 46,49,25 50,54,27 53,55,29 68,60,36 75,70,42 48,53,31 55,55,23 70,72,26 76,73,47 65,58,38 61,62,43 67,65,43 59,60,39 78,71,44 65,63,34 63,61,41 54,55,34 56,57,38 53,54,33 56,57,34 65,61,40 157,119,69 58,54,48
58,56,38 74,72,54 92,78,62 113,88,58 185,137,83 96,93,49 90,85,46 85,81,44 92,89,49 85,79,45 65,57,35 68,66,44 89,80,53 92,84,50 95,93,46 75,74,38 85,78,47 54,45,56 105,67,119 111,73,123 104,60,121 60,59,52 43,44,36 53,53,50 61,61,58 58,54,46 94,95,45 81,77,40 77,77,34 68,71,36 80,79,43 90,80,58 81,71,47 93,80,57 98,86,60 113,106,67 104,92,62 56,52,31 55,59,32 46,47,24 38,39,16 47,45,25 52,55,33 72,68,47 141,107,73 102,75,41 69,65,44 56,54,32 67,60,42 72,65,45 76,67,38 89,76,55 82,74,52 75,68,48 96,88,54 74,70,35 64,62,40 58,59,38 54,55,32 63,64,43 70,64,39 73,64,49 142,105,63 45,45,40
61,61,47 71,66,54 72,67,53 79,70,53 70,63,47 107,104,51 97,91,43 111,106,55 106,103,59 87,80,51 91,82,53 79,71,47 97,88,59 83,76,47 105,100,57 91,87,52 70,68,46 21,17,26 139,101,66 240,157,72 121,76,43 54,53,46 47,45,41 44,45,48 50,52,49 55,56,48 90,89,51 77,73,38 88,84,47 68,65,39 80,75,43 88,82,48 91,81,57 101,83,53 130,89,42 162,109,54 150,107,60 66,54,26 54,57,35 54,59,27 66,69,38 40,43,19 45,50,30 71,64,44 106,87,60 131,96,60 64,57,37 58,51,31 75,70,38 88,83,53 77,71,48 97,84,63 94,85,56 75,68,39 105,100,59 85,78,47 65,62,47 72,72,40 63,62,37 58,61,39 79,70,53 92,84,48 53,52,45 39,42,34
59,59,45 69,64,52 71,66,54 77,73,52 77,70,54 116,106,55 135,127,64 142,134,71 112,107,52 105,100,59 82,74,52 87,79,55 90,81,54 102,92,50 111,109,49 104,100,54 31,33,30 72,51,36 121,79,41 243,153,77 255,194,98 50,55,54 41,41,38 48,50,45 52,54,54 51,52,44 79,76,52 78,74,39 85,81,46 59,60,41 92,83,56 93,88,47 102,85,48 110,73,33 118,68,37 254,156,83 255,175,108 151,98,43 65,70,38 63,63,33 55,54,29 41,44,22 48,53,29 64,62,42 88,70,49 162,124,76 52,48,31 58,55,31 89,86,46 92,88,51 100,95,63 96,87,56 104,100,54 99,92,49 113,104,57 96,91,50 83,74,55 56,57,38 58,56,36 69,67,45 70,66,45 75,77,51 46,46,41 45,50,30
64,59,47 68,63,51 66,61,49 85,75,51 71,61,49 120,104,62 124,117,49 136,122,54 143,131,72 130,122,70 100,87,64 89,80,51 89,80,53 135,125,56 115,107,55 122,102,52 23,27,31 107,73,53 154,92,54 248,151,71 255,200,105 55,48,48 48,42,33 53,54,35 48,50,50 54,50,40 102,79,50 85,80,50 93,87,51 74,69,37 110,107,65 100,95,52 105,72,45 119,82,42 143,99,61 161,90,46 178,115,64 231,145,74 85,78,47 71,66,36 61,61,31 68,68,36 60,63,39 62,60,42 62,66,49 64,62,42 55,56,33 60,54,29 72,70,37 100,97,53 96,89,50 103,96,57 114,108,62 110,104,58 114,111,56 105,102,51 78,73,43 54,55,36 75,73,44 62,62,46 65,65,51 45,45,40 50,50,45 49,50,31
61,56,44 62,57,45 66,60,51 65,65,51 68,65,50 76,71,57 172,151,54 160,135,62 161,139,65 167,146,74 105,98,57 91,79,51 101,88,54 148,135,60 125,118,57 176,157,73 18,24,27 101,65,43 124,75,35 191,111,54 255,194,108 52,46,39 44,45,33 61,54,34 56,52,44 80,69,50 151,120,69 103,99,51 107,104,49 104,100,52 117,112,59 109,104,49 98,74,39 99,58,29 142,90,58 127,80,48 255,185,110 255,173,100 97,94,54 95,94,42 50,50,16 85,83,36 67,68,47 67,65,47 63,63,47 129,112,86 65,63,41 89,82,55 72,68,33 100,94,48 106,97,50 117,112,57 118,116,56 121,117,55 114,106,56 107,104,53 77,75,44 60,57,42 67,68,49 65,62,49 65,61,53 38,39,42 46,48,33 50,46,40
56,51,37 59,54,40 65,59,50 62,59,46 72,64,51 63,63,49 154,139,76 167,142,67 155,133,57 161,140,68 119,107,68 109,97,58 126,115,69 139,124,63 122,115,54 144,140,82 23,25,25 82,53,33 110,71,39 218,160,105 100,83,75 61,50,47 37,40,32 41,40,33 41,44,32 65,61,40 138,119,66 113,108,53 117,113,51 114,110,50 124,115,55 121,117,55 107,102,49 107,73,32 133,82,45 133,84,48 255,167,103 239,138,82 102,98,52 93,92,40 87,85,38 107,102,51 66,68,51 69,66,53 80,75,61 75,70,56 69,64,52 79,70,51 98,87,52 112,103,56 129,115,59 142,128,62 122,113,55 131,121,54 124,115,59 89,84,43 71,70,43 48,50,35 32,38,27 32,35,27 32,40,30 30,36,27 36,42,33 47,46,37
56,52,44 58,54,46 65,59,50 58,53,39 67,67,51 64,62,44 104,95,68 164,144,69 160,140,63 154,128,58 106,94,57 94,82,52 105,88,62 107,96,61 108,97,64 46,49,39 24,25,17 68,45,30 112,78,44 255,163,103 28,25,29 38,31,34 38,39,31 101,86,77 100,72,43 91,78,71 106,98,62 114,110,48 117,113,51 116,112,52 116,112,50 123,120,55 123,115,52 117,116,49 119,71,44 141,88,47 255,188,102 105,100,57 120,112,76 116,111,56 116,112,50 112,108,50 70,71,52 120,101,74 163,132,83 82,72,62 77,69,58 119,101,69 101,89,50 133,120,68 142,128,60 154,134,57 147,133,63 133,124,66 120,112,60 58,51,24 38,47,30 33,41,27 32,40,28 29,37,25 31,39,27 26,34,22 24,35,24 41,44,34
60,56,48 61,57,49 59,58,47 58,52,43 59,59,43 63,61,43 65,61,53 127,112,51 128,112,54 114,101,49 77,73,38 68,67,42 51,51,35 45,47,32 36,39,29 34,37,27 56,47,43 91,64,30 111,75,44 248,160,104 30,20,21 21,20,13 58,58,53 79,56,43 109,68,39 107,80,62 69,60,43 117,113,53 118,111,50 120,113,52 119,110,50 129,120,62 146,122,67 137,83,45 127,79,50 142,89,48 255,197,97 255,190,97 255,207,49 191,162,86 130,125,56 127,121,57 72,70,52 141,110,73 181,131,85 80,71,56 71,68,55 119,92,58 112,98,53 143,131,76 142,125,60 128,114,48 114,105,47 74,67,38 41,42,21 37,43,34 32,45,31 32,40,30 32,40,28 34,42,30 33,41,29 31,39,27 26,37,26 36,42,31
53,53,37 55,55,39 58,58,44 62,62,48 54,56,41 53,58,38 51,56,36 48,55,37 50,55,31 51,56,36 41,45,28 36,44,30 30,36,27 43,43,38 89,56,31 82,47,22 93,71,53 98,64,34 112,73,43 136,86,40 222,203,150 73,44,13 69,55,37 103,87,74 255,192,108 159,90,34 43,45,28 93,94,46 124,117,49 117,112,57 114,82,27 143,97,40 146,93,29 145,93,45 131,82,44 157,93,47 255,185,104 234,134,73 250,160,36 255,255,65 165,134,56 154,144,66 67,68,49 79,70,55 74,72,52 77,70,54 78,71,44 175,126,77 96,82,39 106,95,49 115,100,49 76,64,25 43,44,36 29,37,27 29,37,25 29,37,25 29,37,27 29,40,27 34,45,30 32,43,30 34,42,28 33,41,29 33,41,31 33,41,31
54,55,36 55,56,37 55,57,40 58,58,42 53,58,38 57,60,38 115,87,60 50,54,37 53,53,37 50,52,37 54,54,38 38,39,29 32,34,29 80,44,38 91,57,23 97,63,22 95,80,58 89,64,36 98,74,48 106,82,58 241,191,129 122,91,54 67,42,23 60,50,38 232,132,69 113,48,7 83,68,48 50,48,28 57,55,35 124,92,21 169,122,31 169,120,30 168,113,30 151,94,50 142,89,46 155,88,45 229,134,71 177,106,53 209,140,34 255,182,46 255,255,84 126,111,50 70,71,52 74,71,56 71,63,52 69,65,46 90,75,55 121,89,47 96,79,42 119,104,64 116,98,38 88,74,49 26,34,24 24,35,24 24,35,24 32,38,29 49,54,30 51,55,26 29,40,25 31,39,27 36,43,25 36,43,27 42,52,30 35,39,22
54,56,30 54,56,30 54,55,32 52,57,37 53,56,36 198,150,96 145,99,62 178,129,89 65,63,34 94,86,52 110,93,54 90,78,52 48,37,20 75,38,23 96,60,29 107,72,36 99,82,56 100,80,50 98,79,52 83,51,35 123,99,64 255,221,159 105,76,43 89,59,44 98,75,60 190,137,82 79,62,36 108,72,21 166,116,31 182,124,26 177,128,36 178,126,35 186,130,38 188,122,40 186,123,74 179,109,58 198,121,70 201,120,41 231,163,51 174,122,35 255,239,55 78,68,58 68,65,50 69,66,51 69,65,48 66,62,45 68,64,47 72,63,48 71,68,55 111,101,63 135,115,56 57,40,32 40,38,18 41,44,32 38,41,29 47,48,36 31,34,26 31,35,18 50,56,27 52,55,31 66,71,39 43,48,24 58,63,29 71,70,34
49,54,32 48,53,31 48,50,33 48,50,33 48,50,35 189,145,107 121,75,47 132,85,51 161,123,86 106,100,54 97,90,51 57,53,34 115,94,69 92,56,23 89,58,46 100,49,25 98,78,48 99,79,49 84,45,17 74,36,28 103,87,56 165,133,101 255,236,171 183,150,113 138,101,59 129,87,49 191,139,48 218,153,46 239,165,42 189,132,27 48,46,17 69,57,18 154,104,30 183,120,28 187,115,65 180,110,61 174,108,58 234,146,56 143,84,7 146,101,26 253,168,26 160,135,37 71,68,55 70,65,51 68,63,49 65,63,45 67,64,49 75,67,45 89,79,55 87,76,57 131,118,55 97,78,62 84,63,48 53,49,43 128,90,69 90,65,48 36,39,31 44,49,29 52,55,33 51,52,31 45,48,28 25,33,21 37,42,20 50,46,27
42,47,27 42,47,27 58,56,38 101,72,50 72,55,45 41,46,42 87,62,45 140,97,64 255,190,112 103,79,46 75,68,39 52,48,31 108,88,58 127,100,68 76,44,30 75,37,27 106,65,34 83,41,30 83,41,28 77,40,27 82,56,35 107,83,57 234,186,130 255,243,169 255,189,49 255,243,56 255,219,69 204,147,44 55,44,27 42,46,31 32,37,33 29,36,31 113,80,28 159,108,32 183,123,32 213,150,45 243,164,56 255,182,42 170,115,16 113,80,30 199,131,25 255,255,76 67,69,52 69,67,49 67,64,49 65,66,47 67,67,51 68,66,67 63,50,43 72,64,51 65,67,41 86,66,48 73,63,41 94,78,65 139,86,41 231,138,65 155,123,81 47,45,41 88,69,55 78,62,49 39,41,36 41,46,45 39,39,39 111,80,57
37,41,24 38,41,31 44,43,32 95,66,44 96,74,56 77,61,46 50,50,45 61,58,43 114,93,66 125,100,72 250,218,188 74,59,39 117,92,62 109,85,63 65,40,21 78,38,31 101,66,28 75,37,27 76,41,28 81,43,33 77,44,33 95,74,59 153,124,93 171,123,39 255,255,60 255,255,66 187,131,53 82,71,56 67,65,43 59,53,44 89,63,38 40,36,28 93,72,31 144,103,35 188,128,35 208,136,31 200,130,29 255,188,52 151,98,53 45,38,20 157,114,38 255,198,74 165,108,66 71,69,49 65,67,50 58,63,43 67,61,36 79,71,58 104,73,54 75,66,47 92,82,72 105,84,61 107,85,65 185,116,76 193,126,83 255,192,87 252,123,47 80,64,49 101,74,58 89,60,54 61,51,41 54,53,44 70,61,83 78,60,69
39,42,34 46,46,43 103,91,91 157,122,97 57,53,36 109,96,104 65,60,46 55,51,43 89,81,59 78,66,54 100,83,57 108,91,65 109,90,67 78,64,48 126,79,47 69,39,24 92,55,29 73,37,27 78,38,29 82,42,33 73,42,30 85,68,60 155,101,63 255,154,68 250,197,86 149,115,54 169,134,69 113,83,57 70,70,54 106,80,57 108,73,46 68,60,47 45,39,34 126,87,26 169,119,45 172,120,31 175,121,35 163,116,35 95,63,58 94,72,25 97,70,27 122,76,37 121,85,52 203,141,101 68,63,51 63,64,41 189,70,33 78,63,52 141,94,60 70,64,41 86,78,67 102,79,48 79,59,50 91,64,46 157,93,47 255,158,64 210,150,107 71,67,61 99,82,72 80,64,49 38,46,51 59,60,50 61,60,65 84,71,68
39,42,34 46,45,38 115,93,75 84,63,40 67,57,45 115,109,116 62,52,40 61,54,38 126,72,36 102,63,33 102,92,68 75,64,49 78,64,39 123,89,59 169,109,59 65,39,29 79,43,14 75,40,27 80,40,31 81,41,32 189,97,67 69,68,57 157,120,94 90,88,86 103,85,53 153,127,77 226,174,101 192,141,74 78,69,54 104,75,53 118,77,46 73,63,53 70,58,32 137,99,35 157,109,37 175,123,23 170,112,32 140,100,36 54,45,30 57,48,21 90,53,29 124,93,40 114,79,54 138,112,89 60,61,42 63,59,40 255,86,27 93,72,68 118,84,64 110,89,76 119,89,72 116,80,51 81,62,46 92,66,45 119,76,43 130,67,32 40,46,47 37,47,41 68,67,40 73,65,31 49,49,57 34,41,36 64,65,53 66,66,50
47,43,37 46,46,41 63,59,42 86,66,46 61,57,51 43,49,38 60,57,42 131,66,25 114,63,37 170,110,71 133,65,22 89,69,37 95,77,45 89,65,28 109,77,35 62,39,28 84,41,22 79,39,32 88,47,27 157,64,41 186,89,67 52,42,32 53,55,55 67,68,60 146,120,68 135,105,63 218,166,93 192,148,77 57,59,56 78,76,56 86,70,55 73,77,62 138,103,38 135,100,33 153,108,35 164,115,36 166,115,37 148,105,47 65,51,22 61,48,25 106,81,62 127,88,58 56,53,40 57,58,48 55,54,45 68,62,53 255,94,38 65,49,43 90,69,58 75,56,42 129,92,68 169,109,59 129,95,65 134,71,47 210,144,87 71,66,38 92,87,75 75,73,69 73,61,33 83,68,32 91,57,35 82,67,56 68,67,58 68,64,56
63,63,49 48,49,37 64,56,43 85,70,48 63,61,57 39,52,36 55,55,41 56,56,42 108,85,72 155,95,56 211,125,61 88,71,43 74,55,39 74,55,32 71,53,52 49,37,27 83,44,14 117,73,33 117,71,32 113,76,94 120,96,100 103,77,98 77,79,76 105,86,61 186,143,85 105,86,51 216,167,88 186,138,66 139,122,87 96,101,97 94,86,62 43,50,43 140,100,36 141,96,32 161,112,31 167,114,32 199,137,40 255,219,47 255,255,95 141,108,69 98,85,82 116,95,80 53,52,45 49,47,43 56,51,48 96,68,55 255,113,44 97,66,54 69,48,35 110,83,67 97,77,68 147,95,65 199,113,40 237,170,73 136,97,40 182,124,44 206,165,120 61,55,46 76,63,56 76,63,58 91,70,59 90,76,62 59,58,47 55,55,41
123,77,59 119,68,40 89,72,46 106,87,52 96,78,59 138,90,61 55,55,39 57,54,41 99,74,57 97,60,34 139,87,55 153,99,61 175,117,66 91,68,39 61,42,56 58,45,55 49,40,53 78,57,74 78,58,68 87,66,81 88,62,79 153,116,143 86,86,83 121,103,61 194,145,80 95,76,51 207,161,93 201,158,98 204,162,99 75,76,66 110,88,52 125,96,45 136,98,34 155,105,33 168,113,32 213,139,35 255,174,32 255,218,53 255,254,59 106,78,38 113,84,62 124,88,59 117,79,60 128,93,55 69,65,48 127,92,65 255,152,68 95,83,85 102,74,45 100,88,60 103,77,27 80,62,43 73,54,27 129,96,44 240,163,43 255,179,52 255,210,115 79,75,58 68,66,44 142,95,72 115,91,65 102,83,71 58,52,43 56,50,43
120,87,62 231,161,101 135,103,71 113,89,54 100,79,54 149,100,64 67,51,36 56,54,36 61,51,41 86,57,37 140,92,65 113,76,61 122,75,52 63,49,49 49,37,49 54,45,56 49,41,49 80,62,73 79,59,69 78,58,70 88,62,81 151,115,139 90,76,78 127,104,62 184,140,71 83,64,39 199,157,92 196,157,96 198,160,96 113,82,59 223,137,69 141,98,38 134,99,34 156,107,38 241,164,42 255,220,62 255,234,74 255,220,60 255,252,67 113,84,21 126,87,46 149,98,61 112,71,55 166,97,57 73,65,73 203,141,101 83,76,90 145,132,140 107,80,62 73,54,40 84,72,42 68,64,47 93,73,41 103,75,37 105,77,37 203,142,61 48,48,34 100,92,68 63,63,47 99,88,71 138,100,79 99,86,63 50,46,40 48,42,37
110,76,44 107,99,75 89,82,62 80,59,59 71,76,72 61,69,57 73,74,53 86,82,61 88,70,40 115,81,47 139,82,38 116,90,67 214,144,86 50,34,47 45,33,47 44,35,46 51,38,48 77,59,70 87,63,81 73,49,65 87,61,78 145,109,133 90,69,86 134,112,67 200,149,82 89,68,41 199,157,92 187,152,96 173,136,81 60,43,35 192,116,76 138,97,40 115,84,24 191,138,43 255,213,52 255,225,71 255,230,66 255,225,59 255,243,67 255,255,115 203,148,94 66,51,31 71,55,40 92,72,40 89,97,143 50,58,76 41,46,70 192,190,200 36,41,40 40,45,44 74,67,49 61,52,33 85,58,15 129,89,37 180,118,44 180,117,41 32,34,34 88,91,60 63,72,55 27,54,53 66,75,56 76,60,29 40,40,37 33,38,34
24,38,34 38,48,40 90,74,57 65,55,59 40,58,55 68,87,67 58,60,55 240,141,75 156,108,61 90,68,32 114,83,34 106,82,49 154,108,80 93,69,87 99,78,95 47,33,46 61,48,58 77,59,70 77,56,71 64,45,59 56,35,52 67,43,59 64,64,64 142,120,71 201,152,87 105,81,48 189,147,82 166,135,75 165,130,74 76,67,50 205,130,67 85,75,26 114,82,25 195,138,49 255,222,54 255,255,69 255,168,30 255,225,57 255,234,58 255,255,72 213,143,81 78,55,40 61,73,64 51,50,43 183,116,68 23,31,63 41,42,72 97,75,67 29,42,43 47,47,42 68,66,46 73,62,47 109,75,34 150,103,42 189,127,48 181,120,36 55,64,66 92,87,57 53,63,55 31,54,51 59,61,44 83,65,33 27,32,31 31,28,32
37,48,37 82,92,66 101,73,46 75,54,43 46,48,48 107,110,88 87,78,63 98,70,41 145,89,53 255,170,97 93,61,19 94,62,16 65,51,66 92,68,86 102,78,96 94,78,91 46,35,44 46,33,43 44,32,44 41,32,43 46,34,48 75,51,67 133,102,120 146,120,70 188,148,82 113,87,48 192,151,90 169,134,80 150,120,78 85,73,47 30,41,42 53,55,38 112,82,24 151,112,53 255,208,68 255,255,74 255,237,71 255,230,65 255,236,61 255,255,67 80,81,60 64,71,53 25,35,41 34,44,38 82,77,65 42,35,63 71,50,65 101,79,71 35,46,47 50,43,41 66,59,43 77,58,31 128,88,36 142,92,30 180,119,40 184,118,47 210,150,80 96,89,46 79,68,63 89,66,53 93,67,42 53,41,43 146,109,69 132,98,57
50,59,40 45,55,29 232,174,110 253,179,102 39,50,39 52,68,49 194,145,80 135,103,59 132,89,33 143,102,43 186,121,43 108,73,35 61,46,56 87,63,81 65,41,59 57,38,52 41,35,42 46,35,44 56,48,56 54,38,51 95,69,88 141,108,129 137,104,125 151,125,75 162,128,69 120,91,42 188,148,84 156,126,68 91,77,50 118,102,60 95,81,54 95,72,32 109,79,21 121,90,30 255,178,47 255,255,77 255,241,63 255,239,86 255,244,65 255,255,67 206,156,123 33,53,54 35,48,32 44,56,38 143,97,42 68,59,81 46,43,58 76,73,79 34,43,45 74,63,58 56,39,29 49,27,7 87,56,33 176,118,92 92,55,42 157,79,31 144,94,50 98,92,58 80,71,65 100,75,58 103,74,52 48,36,38 153,115,78 208,143,79