38,40,14 38,40,14 37,39,13 36,40,11 36,39,17 51,49,29 37,39,22 34,39,19 40,42,25 46,47,24 45,46,23 51,48,24 43,42,17 65,65,31 69,72,23 51,52,13 83,87,31 67,68,29 86,88,44 52,52,38 68,64,54 103,82,57 158,121,79 118,86,54 85,70,59 109,83,58 89,69,51 80,80,37 65,63,32 82,83,35 71,69,36 72,69,45 77,73,38 78,74,39 77,72,40 69,68,32 49,46,22 42,43,20 49,51,25 56,54,23 69,73,15 63,65,19 40,39,12 41,42,21 39,41,15 46,48,20 62,66,28 40,41,22 42,43,20 35,36,13 65,70,27 51,54,19 41,44,11 58,63,20 39,42,22 46,51,19 65,69,31 45,50,16 40,43,23 60,64,24 65,67,25 56,59,28 59,63,25 46,47,26
37,39,13 39,41,15 39,40,21 34,37,17 40,42,27 67,67,37 38,40,23 41,44,11 38,40,25 49,50,27 57,50,30 57,54,30 50,49,22 68,68,34 57,59,13 56,56,26 60,60,26 91,96,31 85,90,25 53,53,37 62,61,50 82,69,48 78,63,43 68,56,46 70,65,51 78,66,56 71,60,43 76,76,35 78,78,37 73,72,34 72,71,33 77,75,44 73,68,38 68,63,33 60,54,31 70,68,39 58,55,31 45,46,25 45,47,21 64,62,31 68,72,14 55,57,11 44,43,16 35,36,15 48,50,22 46,48,22 62,68,16 34,34,18 38,41,10 39,42,11 49,51,25 42,44,16 46,48,22 52,55,24 46,52,13 50,55,21 59,62,27 51,56,24 45,48,28 55,57,29 60,61,24 56,59,28 48,49,26 58,59,36
40,42,16 41,43,17 41,43,15 41,42,19 39,42,18 54,54,24 39,43,14 33,36,12 39,41,15 51,53,25 48,47,22 44,43,18 54,50,33 44,44,14 40,41,18 55,52,28 68,65,39 97,96,58 75,76,28 50,45,42 62,63,51 137,103,69 176,123,66 122,98,65 73,68,54 92,81,62 89,88,52 76,69,42 89,82,39 79,75,38 72,67,37 74,69,39 70,65,37 71,66,36 71,66,36 78,76,43 52,53,34 51,53,27 49,51,25 51,53,25 54,57,26 49,52,17 41,43,15 40,43,23 39,43,14 50,49,22 69,72,21 46,49,16 47,50,19 40,41,20 41,42,23 49,52,19 48,51,20 56,61,18 38,40,25 37,39,24 47,50,19 51,56,24 38,43,23 61,55,32 65,60,28 57,55,22 52,55,24 61,61,45
40,41,18 40,41,18 43,48,12 54,57,26 40,43,23 51,53,27 43,47,18 31,36,16 38,41,21 38,41,21 55,54,29 54,50,31 43,41,19 37,41,24 43,46,24 34,37,15 58,59,36 71,71,41 82,85,34 49,47,43 56,55,48 64,59,45 67,60,44 66,57,40 75,70,58 127,102,74 93,87,53 81,75,39 100,80,48 72,67,35 65,62,36 73,71,38 76,74,41 73,72,34 75,73,44 80,79,43 71,69,38 62,61,36 53,54,31 50,53,29 44,47,27 61,66,21 40,41,20 41,43,17 38,41,21 48,50,24 67,68,29 47,48,25 47,52,18 46,50,23 40,41,18 51,53,25 37,40,18 43,48,16 37,40,20 36,38,21 40,41,18 42,43,20 44,45,24 50,54,25 72,70,37 73,71,38 54,57,35 59,60,52
48,46,26 70,66,49 48,50,24 43,46,22 40,43,21 46,49,29 52,57,23 39,44,20 34,36,21 39,42,20 37,38,15 54,57,22 48,47,20 43,47,20 43,47,20 36,38,21 51,55,28 43,42,17 78,76,45 55,54,47 58,57,48 62,59,44 61,56,44 58,53,41 65,60,46 89,80,49 99,87,48 93,88,47 86,74,48 85,70,48 78,70,46 78,73,43 77,76,40 65,62,38 71,69,38 72,70,41 73,70,44 61,60,33 60,59,32 50,53,31 51,55,28 47,51,13 51,54,19 51,53,25 40,42,14 59,62,29 71,71,39 40,41,18 48,50,22 51,54,23 44,45,22 41,42,19 39,42,18 54,58,31 38,41,19 37,40,20 44,48,19 47,48,29 42,43,20 38,41,19 66,68,42 73,66,48 62,63,42 61,59,55
73,66,46 67,56,37 64,62,40 40,41,20 47,49,32 38,41,21 38,41,21 41,44,22 41,44,22 36,39,19 47,48,25 38,41,21 41,44,22 44,47,23 38,43,23 46,48,22 55,57,31 40,40,24 53,55,40 54,53,44 54,53,44 65,60,48 58,53,41 58,53,41 63,59,40 81,72,43 100,81,54 70,67,41 66,62,41 58,56,38 71,66,38 65,59,36 65,67,39 62,63,44 70,66,45 74,68,43 70,65,37 76,76,33 55,58,34 57,61,34 50,53,31 58,61,28 49,52,17 52,54,28 58,62,24 61,62,23 65,63,32 58,61,28 48,49,26 53,55,27 56,59,26 41,42,23 48,51,29 54,52,32 41,44,20 46,48,22 46,47,24 70,71,48 47,49,32 38,41,17 68,70,44 70,66,47 84,73,54 62,60,56
108,85,56 109,84,56 78,65,42 48,50,33 37,39,22 53,56,32 40,42,25 34,36,19 39,41,15 41,42,19 42,43,20 47,48,27 47,48,27 45,48,26 55,59,32 47,50,26 41,42,19 46,47,24 53,53,37 57,51,42 58,57,48 69,64,52 62,57,45 63,58,46 76,61,41 86,67,32 71,64,44 61,67,28 55,57,40 72,72,31 66,60,35 61,59,37 68,66,44 65,63,41 62,65,41 79,77,44 78,75,33 80,80,35 62,64,38 58,60,34 63,65,37 56,55,30 86,90,32 67,70,21 64,65,28 58,63,20 69,69,39 44,44,28 59,62,29 70,74,34 54,57,24 46,47,26 47,51,22 61,64,31 49,51,25 42,45,12 40,42,16 54,57,33 48,50,33 38,41,17 38,39,16 68,66,46 89,76,55 62,60,56
60,58,40 96,90,65 84,69,47 62,60,42 56,53,29 63,65,37 52,54,28 39,41,13 35,35,21 41,45,18 46,48,22 53,54,31 47,50,30 49,51,25 63,66,33 62,64,38 53,54,31 46,47,24 53,52,43 60,56,48 57,51,42 70,65,51 61,56,44 66,61,49 64,54,42 78,72,38 65,65,35 72,71,33 54,55,32 51,51,35 50,53,33 58,59,40 81,76,44 82,78,41 74,69,39 71,66,38 78,78,37 60,60,26 72,73,36 69,67,38 53,55,27 60,65,31 56,59,26 64,62,40 54,56,30 58,58,28 48,49,30 55,58,27 61,62,39 51,53,27 53,55,27 45,48,17 64,58,33 69,69,37 77,80,31 49,52,19 59,60,37 66,62,41 59,62,40 42,43,22 43,39,20 80,73,53 102,85,61 63,57,50
57,55,33 69,67,45 65,63,45 71,67,50 52,55,33 65,62,38 56,53,29 46,47,24 40,39,14 42,44,16 48,51,20 43,42,17 56,54,32 50,49,22 51,53,27 46,47,24 48,49,28 53,55,29 55,54,43 64,60,54 69,59,49 69,59,47 55,49,42 68,63,51 58,52,43 77,71,48 64,62,40 52,52,36 51,54,34 51,54,34 52,54,37 70,70,36 81,75,39 83,76,49 87,80,51 78,71,42 88,87,33 58,57,32 80,79,43 69,69,39 41,44,20 50,53,29 67,74,17 53,55,27 54,57,26 54,52,21 50,53,31 45,48,28 61,58,34 65,62,38 56,54,32 64,65,28 73,73,28 48,51,20 51,48,22 60,64,10 55,54,27 69,66,40 80,73,44 54,55,34 40,41,18 87,74,53 97,77,45 58,53,50
64,62,42 67,65,45 72,70,52 75,67,54 65,62,38 64,66,22 46,49,18 42,43,20 56,58,30 45,48,26 47,45,23 48,49,28 61,60,35 78,76,47 56,55,28 50,53,29 67,66,39 68,66,46 60,49,42 56,51,48 54,48,41 70,65,53 53,49,43 66,61,49 57,53,43 70,66,49 70,69,42 54,57,33 63,65,37 56,54,34 55,53,31 92,95,35 89,82,43 100,83,59 94,81,60 99,91,55 78,78,35 91,90,34 79,75,38 74,69,39 42,49,31 42,46,29 46,48,31 43,46,26 52,48,29 61,55,32 43,46,24 48,49,26 63,66,31 88,90,44 69,68,30 48,51,27 59,60,37 46,49,25 71,66,34 60,63,12 62,63,40 52,53,32 62,58,39 65,66,43 49,48,23 85,69,52 157,126,77 58,54,48
64,59,47 70,65,53 75,73,53 87,76,59 81,74,45 88,85,41 68,65,39 46,48,20 61,60,33 60,63,28 56,53,27 58,59,36 56,54,32 70,67,43 69,68,41 50,48,28 87,83,46 62,58,37 54,47,45 51,46,43 58,49,43 60,56,50 54,48,41 69,65,59 57,54,41 65,60,48 82,77,38 73,71,42 61,60,33 68,66,33 71,70,34 82,80,33 88,87,33 91,79,51 97,85,57 92,86,50 93,87,51 93,82,49 65,63,30 53,56,34 42,46,31 38,43,23 43,46,24 55,53,33 87,72,50 63,60,34 45,50,28 73,72,36 70,70,27 81,77,42 55,54,29 61,59,37 54,57,37 48,49,30 75,70,38 69,68,30 54,57,33 55,56,35 53,54,35 52,53,32 51,52,31 72,58,42 158,127,78 54,50,44
63,61,43 69,67,49 69,64,50 76,65,46 121,100,59 93,92,40 79,77,46 60,59,32 61,61,31 64,62,33 50,48,30 61,59,39 75,70,42 86,82,47 88,85,45 72,72,38 90,90,47 45,46,36 58,53,39 44,43,36 49,47,43 56,55,48 50,45,42 51,53,50 61,61,58 60,56,50 83,83,38 81,77,42 76,74,43 69,67,34 78,78,37 83,77,41 81,78,38 89,76,53 99,86,63 109,103,67 87,80,53 98,78,48 149,102,50 149,109,55 55,51,30 41,45,28 50,53,29 53,55,29 71,63,39 72,67,39 48,53,31 55,55,23 68,70,24 76,73,47 65,58,38 61,62,43 67,65,43 59,60,39 78,71,44 65,63,34 63,61,41 54,55,34 56,56,40 53,54,35 56,57,34 65,61,40 160,122,72 58,54,48
58,56,38 71,69,51 90,79,62 113,89,56 185,137,83 96,93,49 93,88,49 85,81,44 92,89,49 85,79,45 65,57,35 70,68,46 89,80,53 90,83,54 95,92,48 75,74,38 79,81,39 51,49,45 59,57,55 39,34,33 54,53,46 63,61,57 43,44,36 53,53,50 61,61,58 58,54,46 94,95,45 81,77,40 77,77,34 68,71,36 80,79,41 91,81,59 83,74,47 94,81,58 99,87,61 116,106,66 110,72,37 130,88,46 194,128,73 255,174,104 145,94,41 85,54,15 50,53,29 72,68,47 139,107,73 98,71,37 69,65,44 56,54,32 67,60,42 72,65,45 76,67,38 89,76,55 82,74,52 75,68,48 96,88,54 75,71,36 64,62,42 58,59,40 54,56,30 63,64,41 70,64,39 73,64,49 142,105,63 45,45,40
61,61,47 71,66,54 72,67,53 79,70,53 71,62,47 107,104,51 97,91,43 111,106,55 106,103,59 87,80,51 90,81,52 73,64,58 63,44,60 75,57,82 82,68,73 92,84,60 69,67,45 47,47,42 53,51,49 39,39,36 56,51,48 53,52,45 47,45,41 44,45,48 51,53,50 55,56,48 90,89,53 77,72,40 88,84,47 68,65,39 80,75,45 88,82,48 93,81,55 98,86,60 98,86,60 122,107,69 108,72,39 120,76,38 150,99,60 223,147,84 255,162,95 138,93,49 48,51,31 71,64,44 108,90,60 129,94,58 64,57,37 57,50,30 74,69,37 87,82,52 75,70,42 97,84,63 94,85,56 75,68,39 105,100,59 87,81,47 68,63,49 70,70,40 63,62,37 58,61,39 79,70,53 92,84,48 52,53,43 37,43,32
59,59,45 69,64,52 71,66,54 77,73,52 77,70,54 116,106,55 135,127,64 142,134,71 118,114,54 104,99,56 82,74,50 69,54,62 63,40,67 55,39,56 71,60,67 83,79,60 68,63,51 36,36,33 40,40,37 39,37,35 55,55,50 60,55,52 41,41,38 48,50,45 52,54,54 51,52,44 79,76,50 78,74,37 85,81,46 59,60,41 90,82,58 93,88,47 97,89,55 97,84,61 96,87,58 107,103,55 101,65,34 122,76,46 167,121,84 255,163,95 255,201,124 98,74,39 51,52,31 64,62,42 93,76,52 156,118,70 56,54,36 58,55,31 91,88,46 91,87,50 100,95,63 96,87,56 104,100,54 99,92,49 113,104,57 96,91,50 83,74,55 56,57,38 61,59,39 69,67,45 70,66,45 75,77,51 47,45,43 47,49,32
64,59,47 68,63,51 66,61,49 85,75,51 71,61,49 117,105,64 126,116,49 136,122,54 144,132,73 128,120,70 100,87,64 34,29,31 104,63,34 175,119,81 255,167,87 115,89,75 71,66,63 40,41,33 37,37,34 41,41,41 61,61,58 73,66,50 48,42,33 53,53,39 48,50,50 54,50,40 102,79,50 85,80,50 93,87,51 75,68,37 110,107,65 98,98,53 97,90,49 95,87,53 98,91,50 99,93,45 106,77,46 124,71,46 139,86,45 190,114,51 255,181,98 73,62,29 61,62,41 62,60,42 63,63,47 67,57,45 60,53,33 60,54,29 73,72,36 97,97,52 96,89,50 103,96,57 114,108,62 110,104,58 114,111,56 105,102,51 78,73,43 54,55,36 75,73,44 62,62,46 65,65,51 45,45,40 50,50,45 49,50,31
61,56,44 62,57,45 66,60,51 65,65,51 68,65,50 78,70,57 170,152,54 164,137,64 164,138,68 166,145,73 97,88,61 61,46,35 99,64,37 117,82,46 163,119,81 135,101,67 47,47,42 38,36,34 36,36,33 36,39,31 50,52,49 42,44,39 44,45,33 61,54,34 56,52,44 80,69,50 151,120,69 103,99,51 107,104,49 104,100,52 117,112,59 112,104,50 106,101,50 104,99,46 107,102,51 99,94,43 112,100,59 113,72,41 137,87,45 222,133,79 254,182,116 85,83,36 67,68,47 68,66,48 63,63,47 130,113,87 64,62,40 92,85,58 73,69,34 102,96,50 106,97,50 117,112,57 118,116,56 121,117,55 114,106,56 107,104,53 77,75,44 60,57,42 67,68,49 65,62,49 65,61,53 38,39,42 46,48,33 50,46,40
56,51,37 59,54,40 65,59,50 62,59,46 72,64,51 63,63,49 156,142,76 167,142,67 154,132,58 162,141,71 92,87,48 32,22,26 96,60,38 220,134,68 174,106,70 162,111,74 50,50,45 36,38,33 32,34,31 35,38,30 44,46,46 42,44,44 38,41,31 41,40,31 41,44,36 72,63,44 134,118,64 114,109,54 117,113,51 113,109,47 124,115,55 120,117,52 111,110,54 119,114,59 117,113,51 119,111,59 126,91,55 121,87,46 132,84,41 201,109,58 142,77,17 117,104,52 69,74,54 74,71,58 80,75,61 76,72,55 71,63,52 78,69,50 98,87,54 112,103,58 129,115,59 142,128,62 122,113,55 131,121,54 124,115,59 89,84,43 71,70,43 48,50,35 32,38,27 29,37,27 32,40,30 30,36,27 36,42,33 47,46,37
56,52,44 58,54,46 65,59,50 58,53,39 67,67,51 64,62,44 105,96,67 164,144,67 159,139,62 153,127,59 94,88,52 27,21,26 90,62,35 98,64,42 152,106,67 255,164,100 64,54,44 36,38,35 37,36,29 37,40,30 41,43,43 44,46,41 37,38,28 104,92,82 98,67,44 83,73,63 100,94,58 114,110,48 117,113,51 116,112,52 116,112,50 122,116,52 126,115,51 123,114,54 106,80,26 138,87,20 140,89,50 124,76,33 140,90,46 252,143,69 255,192,103 255,225,63 255,237,77 120,102,72 163,132,83 81,73,62 77,69,56 112,97,61 99,87,50 135,122,70 142,128,60 154,134,57 147,133,63 133,124,66 120,112,60 58,51,24 38,47,30 33,41,27 32,40,28 29,37,25 31,39,27 26,34,22 24,35,24 41,44,34
60,56,48 61,57,49 59,58,47 58,52,43 59,59,43 63,61,43 65,61,53 127,112,49 129,113,55 119,102,51 75,71,36 23,20,24 41,23,18 99,65,43 103,71,41 243,156,90 122,101,88 175,124,55 201,145,69 42,50,40 40,45,41 44,47,39 38,41,33 83,60,47 117,71,43 145,89,55 63,56,38 116,112,52 116,112,50 120,113,52 118,111,50 133,127,63 141,124,55 142,116,48 195,142,58 167,113,36 151,91,50 145,91,43 154,94,51 249,149,76 255,152,68 255,198,43 255,255,63 144,113,76 181,131,85 77,73,56 70,67,52 130,99,60 114,101,53 143,130,78 142,125,60 128,114,48 114,105,47 74,67,38 41,42,21 37,43,34 32,45,31 32,40,30 32,40,28 33,41,29 33,41,29 31,39,27 26,37,26 36,42,31
53,53,37 55,55,39 58,58,44 62,62,48 54,56,41 52,57,37 51,56,36 48,55,37 50,55,33 51,56,36 47,54,38 45,38,36 80,51,20 88,59,35 113,77,46 118,76,36 255,204,117 91,57,35 97,42,27 176,88,52 58,54,37 36,42,29 39,42,32 106,90,77 255,198,110 242,143,52 43,45,30 95,92,48 126,118,53 114,107,50 118,114,54 137,120,55 157,123,49 172,118,41 225,157,43 255,177,57 190,118,36 197,128,74 187,120,68 233,143,78 255,163,54 255,199,51 255,198,45 85,75,63 74,71,56 77,70,54 78,71,44 175,127,80 96,82,39 106,95,49 115,100,49 76,64,25 43,44,36 29,37,27 29,37,25 29,37,25 29,37,27 29,40,27 34,45,30 32,43,30 34,42,28 33,41,29 33,41,31 33,41,31
54,55,36 55,56,37 55,57,40 58,58,42 53,58,38 51,55,38 48,52,35 49,53,36 52,54,37 50,52,37 85,59,38 95,47,33 172,106,22 139,107,63 108,74,42 94,69,41 123,98,68 237,196,151 76,53,22 227,144,52 195,139,90 36,39,31 34,40,31 44,38,29 202,127,55 230,131,65 98,69,45 61,53,31 40,46,37 66,67,44 99,90,45 143,125,54 157,115,34 223,155,49 206,136,35 181,130,36 205,136,37 197,124,65 221,135,71 217,136,73 255,182,49 229,160,37 224,158,56 91,77,61 71,63,52 69,65,46 93,74,51 122,88,43 96,77,38 122,107,67 116,98,38 88,74,49 26,34,24 24,35,24 24,35,24 32,38,29 49,54,30 51,55,26 29,40,25 31,39,27 36,43,25 36,43,27 42,52,30 35,39,22
54,56,30 54,56,30 53,54,31 55,56,33 53,55,38 50,54,39 50,52,35 48,53,33 55,53,35 103,82,57 76,42,24 99,59,23 203,108,3 114,87,71 132,103,79 135,109,84 93,79,52 117,90,72 211,168,119 232,184,128 255,250,185 30,31,21 46,49,41 102,92,82 102,74,61 109,82,66 89,68,41 61,53,29 57,51,28 34,45,34 72,73,50 139,108,46 178,125,32 255,196,50 184,149,54 120,86,25 172,111,30 220,146,53 255,182,50 255,194,53 255,212,44 193,133,22 212,155,50 138,112,73 67,64,49 66,62,45 68,64,47 72,63,48 71,68,55 111,101,63 135,115,56 57,40,32 40,38,18 41,44,32 36,42,29 45,48,36 31,34,26 31,35,18 50,56,27 52,55,31 66,70,41 43,48,24 59,62,31 70,70,36
49,54,32 48,53,31 50,52,35 45,49,34 112,78,44 116,91,63 47,48,38 52,55,35 70,61,32 97,64,37 80,42,25 82,41,14 114,61,6 108,91,65 100,80,50 105,84,61 116,79,39 95,71,47 123,95,66 249,204,140 255,245,160 42,49,42 63,68,62 79,79,65 139,103,54 94,82,52 118,96,51 64,59,47 135,123,82 35,43,33 57,52,38 149,111,45 235,167,37 255,203,53 116,101,50 121,87,28 155,106,29 203,136,39 255,188,61 242,155,25 255,218,49 190,131,33 202,144,46 236,194,104 65,62,47 65,63,45 67,64,49 75,67,45 89,79,55 87,76,57 131,118,55 97,78,62 84,63,48 42,37,34 106,85,60 71,55,42 36,39,31 44,49,29 53,56,34 51,52,31 45,48,28 25,33,21 39,42,22 39,46,28
42,47,27 42,47,27 58,56,38 95,67,40 128,85,40 107,78,54 165,102,67 66,66,50 94,78,47 109,84,54 85,43,21 72,36,28 69,40,20 69,38,26 108,74,33 76,38,17 72,36,26 77,40,27 85,73,47 126,94,64 255,245,170 61,61,58 60,60,46 63,62,53 222,149,88 178,131,81 144,114,47 166,132,71 159,133,81 50,46,38 105,83,47 188,134,30 255,205,46 150,111,31 43,40,27 106,80,28 148,102,34 180,125,42 209,147,39 185,133,31 245,175,55 96,71,41 185,138,45 255,255,75 66,67,48 66,67,48 67,67,51 76,76,84 64,53,36 70,65,51 65,67,41 87,68,52 71,60,41 103,84,72 150,105,61 255,171,98 127,101,60 47,46,39 90,71,57 77,62,51 41,41,36 42,44,39 39,41,36 42,45,35
37,41,24 38,41,31 44,43,32 99,68,47 119,79,45 228,153,85 250,162,83 70,58,48 113,85,56 117,92,62 115,90,62 76,69,42 75,45,30 79,41,31 71,38,29 77,39,31 82,40,29 83,41,30 202,107,73 101,76,57 101,87,62 74,66,55 62,58,39 71,66,63 107,73,51 148,99,59 154,104,60 119,92,45 73,69,48 62,57,45 143,105,41 255,201,51 255,212,84 41,38,14 54,50,40 118,82,49 148,104,33 167,118,41 177,121,29 246,159,27 205,144,83 78,72,49 126,92,33 255,231,65 72,70,48 60,63,41 67,61,36 85,73,61 106,75,56 75,69,46 90,80,70 107,86,63 108,86,66 108,83,66 171,95,32 255,174,69 250,123,48 49,48,39 101,76,59 83,64,52 51,50,41 53,54,44 59,58,47 69,63,84
41,42,34 46,46,41 110,100,99 133,95,74 59,59,43 103,91,105 124,103,78 111,92,65 93,74,49 115,95,65 63,61,43 105,97,61 74,59,37 75,39,29 79,39,30 78,39,27 76,40,32 99,53,39 175,94,65 135,95,86 78,74,57 72,70,52 59,60,52 69,71,56 81,71,49 139,107,65 169,133,73 178,132,75 73,68,54 99,73,59 115,79,30 235,166,39 255,204,74 67,60,42 85,76,57 136,98,34 150,103,40 159,110,29 238,170,54 255,230,56 191,126,66 214,133,72 106,86,40 255,206,61 135,114,73 65,63,41 181,70,33 83,69,55 140,94,66 68,64,45 95,84,67 138,94,68 99,65,45 80,64,51 216,139,88 255,164,90 220,165,113 88,79,73 102,74,63 80,64,51 61,61,58 60,59,50 62,61,50 59,48,73
39,42,34 45,44,37 109,90,67 81,62,39 67,56,41 122,117,119 71,59,49 88,77,60 105,81,57 98,70,41 104,97,68 65,58,38 74,64,40 67,45,27 76,40,30 87,47,22 83,41,28 103,45,31 163,70,47 102,71,52 75,72,59 71,68,53 79,74,60 96,105,107 80,73,55 124,102,53 219,173,105 208,157,81 74,74,58 90,71,59 118,78,44 122,86,24 255,207,61 135,105,38 122,90,46 136,97,26 153,107,39 174,127,38 239,172,53 255,231,61 255,199,66 136,89,55 62,52,42 120,75,13 255,234,99 61,62,39 254,78,24 98,82,67 109,80,58 92,76,61 89,71,52 102,81,66 242,154,79 113,74,35 182,111,67 192,114,63 39,43,47 38,48,42 68,67,42 54,50,29 33,42,42 67,68,58 65,66,56 70,65,53
47,43,37 47,47,42 63,59,42 87,67,47 62,58,50 43,49,40 61,58,43 133,65,25 107,61,35 171,96,47 171,95,39 87,69,37 95,78,41 84,65,40 66,38,27 77,39,29 96,48,34 168,78,54 170,77,56 82,65,39 53,43,47 48,44,34 39,37,33 81,86,85 83,74,57 123,98,50 211,161,99 217,169,97 147,127,95 68,69,57 68,66,48 91,73,43 162,106,32 178,131,50 136,97,36 157,109,37 163,108,25 169,114,33 217,157,46 255,187,31 255,198,65 129,87,49 61,55,48 85,62,33 218,128,17 71,62,56 255,93,35 87,69,64 87,68,54 235,151,89 79,71,58 100,90,78 119,66,41 234,143,72 200,135,80 82,74,52 91,84,68 75,73,69 73,61,33 82,67,31 96,71,43 72,63,55 68,67,58 68,64,56
60,64,49 48,51,39 65,57,44 85,70,48 63,61,57 38,51,37 55,55,41 57,52,40 115,88,72 164,97,45 203,122,59 89,72,48 74,53,40 66,48,43 84,57,25 115,71,20 113,63,17 92,64,66 118,86,83 53,39,54 51,44,56 62,63,44 63,63,49 79,70,53 90,76,58 119,93,43 221,175,105 201,152,85 214,175,106 96,106,100 101,89,61 64,65,57 84,60,34 136,90,60 197,126,71 193,128,50 161,112,31 188,127,41 254,177,55 230,164,40 163,119,39 255,222,71 56,51,39 49,48,41 115,71,31 206,136,89 255,117,41 96,69,53 65,44,29 106,84,64 224,151,92 150,127,69 96,78,46 105,75,29 254,167,35 210,150,57 255,202,141 61,55,46 76,63,56 75,62,57 84,62,56 89,74,63 59,58,47 58,53,41
121,81,58 122,70,40 93,72,45 105,83,47 96,77,61 137,92,59 55,56,37 58,53,41 114,91,78 130,76,40 224,122,59 113,79,49 77,56,29 52,41,48 50,38,40 47,35,47 57,43,58 72,53,69 66,45,60 50,38,50 62,43,61 112,71,95 54,49,46 90,78,48 86,72,56 136,96,44 220,171,102 173,133,79 219,165,90 74,75,67 116,92,59 107,106,79 69,65,48 103,77,52 151,95,48 255,167,57 187,125,26 255,185,54 255,208,63 164,117,40 153,106,27 255,254,67 100,76,52 128,90,53 91,62,38 107,74,37 255,151,78 91,86,88 106,73,48 99,89,65 109,83,60 73,69,50 66,43,12 98,77,36 136,108,52 255,172,54 255,193,75 77,76,51 68,67,42 144,95,73 120,95,67 85,73,63 57,53,43 56,50,43
130,102,73 255,193,128 101,72,41 93,76,39 88,79,52 138,95,62 56,48,37 55,52,37 73,54,40 102,67,42 135,86,50 126,84,60 98,67,46 54,43,52 42,35,38 47,39,47 49,38,45 64,51,61 51,40,49 46,34,46 124,96,115 153,110,144 66,50,44 96,79,51 79,69,57 160,118,66 202,162,96 153,121,66 195,154,93 115,79,57 214,127,61 145,91,57 56,50,41 71,60,41 141,99,36 234,165,57 255,213,56 199,128,37 144,103,31 146,106,40 204,142,34 255,240,78 187,155,31 168,102,70 154,118,112 197,127,78 196,125,83 133,122,119 109,78,55 89,68,55 98,79,52 66,62,45 72,55,31 103,69,24 129,86,37 132,91,32 55,48,48 91,90,63 150,94,60 121,97,75 70,59,42 106,94,68 51,45,38 44,43,36
120,89,52 108,90,69 105,81,59 73,66,64 74,81,74 63,78,54 81,78,65 88,79,71 134,110,75 114,79,52 148,85,50 146,98,51 98,70,70 59,43,56 97,78,92 45,34,43 52,41,50 45,37,45 43,35,43 49,30,44 123,90,111 155,118,147 102,73,51 101,83,51 84,71,50 173,132,73 197,158,99 146,117,68 193,150,94 95,68,34 192,122,75 150,97,70 131,103,74 111,93,72 140,99,38 194,138,42 186,134,34 255,194,62 143,98,34 136,97,28 223,152,37 255,229,72 255,255,71 87,68,54 73,98,149 60,62,78 60,61,80 190,188,196 37,42,41 39,44,43 76,67,50 66,59,39 137,103,60 127,91,40 172,116,40 185,119,37 43,43,43 89,88,61 44,69,64 41,60,54 79,79,49 76,59,31 40,40,37 33,38,34
27,40,39 35,49,45 94,76,57 64,57,57 45,57,50 68,91,72 65,64,55 114,93,52 139,99,76 197,123,55 184,118,47 225,125,62 73,55,66 68,49,63 94,70,86 56,44,56 42,34,42 43,32,41 57,44,54 93,74,88 123,90,111 150,116,144 106,80,57 100,84,51 85,75,51 207,157,95 200,165,111 144,112,66 190,152,102 132,104,64 220,130,65 121,82,52 91,75,71 60,57,61 140,102,36 163,112,32 255,209,61 195,135,40 150,104,34 143,104,24 232,165,46 255,207,62 255,255,65 48,56,46 123,102,89 28,29,63 42,43,66 94,77,69 31,42,43 40,45,41 73,67,44 65,57,44 106,73,34 139,93,38 177,123,46 190,121,38 46,54,59 89,87,58 54,61,54 31,54,49 62,63,40 81,63,31 27,32,31 31,28,32
38,49,38 82,92,66 101,73,46 72,56,43 37,52,40 108,113,89 91,75,69 120,91,58 103,69,49 156,103,58 98,68,26 99,67,33 66,50,63 58,44,57 136,108,127 48,39,52 46,32,45 55,41,54 92,71,86 89,65,83 121,88,107 148,114,142 75,67,73 98,80,48 76,67,50 206,160,90 178,147,96 156,123,75 178,149,100 130,115,75 32,41,43 32,47,52 49,56,51 63,55,61 138,102,24 145,104,34 255,188,48 255,242,59 255,212,54 255,225,50 221,157,44 255,183,54 255,255,73 134,127,84 68,64,58 44,39,66 78,50,69 100,77,74 33,44,45 59,59,56 68,60,47 73,60,37 122,84,36 145,100,38 179,117,43 186,120,38 213,149,82 95,89,41 78,69,63 87,66,53 93,67,42 52,40,40 146,109,69 132,98,57
50,59,40 45,55,29 232,174,110 245,178,99 38,51,39 53,67,46 220,163,94 111,95,51 126,85,28 143,95,37 169,107,35 107,75,43 59,46,56 56,40,53 102,74,93 52,36,49 90,66,84 54,38,53 73,54,68 95,71,89 121,88,107 144,110,136 60,66,55 107,88,51 74,63,48 207,161,93 178,144,99 164,131,79 97,85,57 84,70,43 92,83,56 62,70,49 98,84,66 82,70,60 133,97,37 128,90,26 243,172,50 255,255,69 255,247,65 255,192,45 217,150,53 230,162,46 255,254,78 255,238,86 130,90,36 71,57,81 46,40,61 72,69,75 34,43,45 58,53,50 60,43,33 54,36,17 85,54,33 109,65,37 98,55,36 180,119,72 137,96,51 97,92,60 81,70,65 101,74,58 103,74,52 48,37,32 153,115,78 208,143,79