44,38,45 30,25,22 37,25,25 47,33,35 40,26,31 56,40,23 49,32,22 22,14,20 41,39,40 57,39,36 53,56,76 39,37,45 37,36,53 40,38,39 28,26,22 35,22,15 47,34,27 28,19,13 63,42,29 29,23,16 57,45,35 63,51,39 23,16,14 46,37,31 37,30,28 33,31,27 57,41,26 47,32,21 49,43,34 22,30,39 52,48,57 68,57,50 35,26,22 30,22,11 38,28,27 29,18,11 52,38,24 53,37,24 23,20,26 53,40,8 25,25,37 36,24,24 26,25,18 28,27,20 58,40,49 29,15,15 57,33,25 54,53,46 64,66,91 62,74,107 32,31,24 36,25,18 39,33,40 44,41,45 46,55,55 45,48,40 41,36,38 33,33,19 39,36,21 83,65,60 67,48,23 73,57,40 34,23,20 39,29,17
62,59,46 40,36,28 32,27,29 31,25,16 62,44,41 49,33,20 49,32,22 26,15,22 53,52,45 48,44,27 41,39,47 39,37,45 34,33,38 35,32,38 21,19,15 57,45,33 50,32,13 53,54,42 23,19,13 26,20,15 61,49,37 46,34,22 58,39,25 38,25,20 34,24,14 31,23,29 57,41,26 48,33,22 48,38,28 23,29,48 28,28,38 70,48,28 57,43,27 50,37,16 38,24,26 36,26,25 48,34,20 52,35,25 25,23,31 50,38,12 45,36,17 31,29,30 26,25,18 27,25,23 44,36,44 58,42,27 18,18,28 60,57,61 37,31,22 52,58,79 32,23,19 54,33,22 33,25,33 35,32,36 44,52,57 45,48,40 36,31,33 38,38,24 37,31,22 31,21,20 38,38,35 38,37,28 24,18,13 33,23,11
55,46,31 46,37,22 47,42,41 42,38,47 55,35,26 58,43,34 49,35,17 50,38,28 47,39,17 56,45,28 38,36,37 40,39,44 34,33,36 42,39,45 60,58,38 52,48,27 48,46,26 45,41,22 35,32,19 27,24,30 82,67,56 45,34,19 71,47,25 55,41,25 47,36,21 69,58,43 48,39,20 42,38,21 43,30,23 38,36,32 28,33,39 45,42,46 25,23,31 85,69,54 72,67,66 49,42,45 54,35,23 47,38,32 67,55,55 37,39,34 55,37,5 23,22,13 30,26,20 25,28,18 57,51,56 46,29,21 45,36,30 36,34,46 41,32,5 37,32,20 58,47,44 52,40,30 28,24,33 32,26,33 41,42,34 38,41,33 37,30,42 18,15,19 29,22,25 30,35,34 34,38,40 32,29,35 31,21,20 29,16,11
60,52,39 35,27,14 27,24,30 28,22,27 63,61,57 45,46,38 41,42,32 39,37,33 40,39,32 42,40,36 42,36,27 40,37,41 37,34,38 38,28,29 45,34,29 56,46,24 54,46,24 44,37,17 55,44,25 38,36,44 37,30,30 75,63,53 60,43,33 46,28,23 62,52,40 46,37,18 41,37,18 37,23,9 58,43,32 37,27,15 27,25,26 45,34,29 25,25,22 67,73,64 37,39,34 66,57,53 64,55,51 55,49,40 59,48,43 42,36,29 44,37,19 37,29,16 71,64,62 56,47,39 55,35,28 24,23,26 61,41,23 55,54,71 40,29,10 49,40,32 37,37,23 48,34,16 33,38,37 25,25,33 43,43,43 37,35,36 23,18,17 53,36,26 55,39,26 33,38,37 34,35,38 38,30,36 43,31,43 31,20,15
64,55,40 32,28,22 37,31,22 22,25,34 23,20,24 23,22,27 41,40,29 39,38,29 34,30,20 35,31,25 28,24,35 45,43,44 44,41,45 81,60,58 47,31,25 35,22,15 59,50,23 56,44,18 52,41,22 26,25,30 30,25,27 58,47,40 51,51,48 51,45,36 63,49,31 46,37,20 48,34,18 50,36,22 54,35,23 49,35,19 29,24,26 57,47,48 30,25,27 71,72,62 36,38,35 68,55,50 64,53,48 49,44,32 59,44,33 42,41,32 64,60,52 40,29,24 34,21,14 78,55,40 53,33,13 63,46,36 64,47,21 58,52,57 40,31,16 47,37,15 36,32,22 40,33,17 41,32,17 48,44,53 48,47,52 47,35,47 56,39,31 68,46,28 48,34,51 23,25,39 18,17,22 33,26,36 40,34,39 30,20,24
68,57,42 54,46,35 42,34,21 48,35,30 60,44,29 44,28,22 42,37,25 42,37,25 31,30,21 40,35,23 38,36,32 41,38,44 42,36,41 70,48,42 51,34,26 44,30,16 60,46,19 56,43,22 36,28,34 28,24,33 31,23,31 67,55,55 37,33,25 69,51,30 67,53,28 56,45,28 45,32,11 53,37,24 51,36,25 47,38,23 25,23,21 72,55,58 32,22,23 59,58,51 39,37,33 44,36,25 45,40,28 47,35,23 55,39,24 47,39,26 43,36,20 50,37,32 56,41,30 66,41,24 75,49,28 56,40,25 60,44,31 59,40,28 58,42,27 45,35,11 35,29,24 39,31,18 48,35,14 53,49,58 52,50,58 62,57,86 41,34,48 63,48,28 42,37,55 41,35,56 48,42,49 57,49,55 56,49,47 69,57,59
30,24,15 35,26,18 38,29,25 38,23,14 65,46,32 56,36,18 44,34,22 40,35,23 37,32,20 29,25,17 42,37,34 58,48,49 53,46,58 54,42,32 43,31,21 39,27,17 55,44,25 54,45,28 32,27,24 26,24,25 28,22,29 28,21,24 56,36,18 95,60,35 54,40,24 47,36,17 35,25,24 26,16,20 57,46,41 24,16,22 25,23,24 66,58,64 75,53,35 45,33,23 38,31,29 59,49,39 66,49,39 65,50,39 65,49,36 62,48,19 29,24,23 43,30,25 47,35,23 60,41,25 77,48,24 49,34,23 51,36,25 57,37,28 57,38,22 62,47,38 30,31,21 37,32,20 43,33,11 77,56,43 44,41,45 35,26,20 40,28,42 47,40,52 37,33,55 48,34,34 55,50,66 62,54,60 62,49,44 103,68,43
45,38,38 36,25,18 89,58,35 106,64,42 43,27,14 56,36,18 45,42,46 43,35,24 38,30,17 32,23,15 39,35,25 73,54,42 28,24,33 68,52,50 51,37,23 39,28,23 45,44,47 44,45,48 33,33,19 28,22,27 31,24,27 29,22,20 60,39,24 93,49,21 45,32,25 49,37,11 51,46,43 26,16,17 50,41,37 24,12,12 39,30,24 66,66,76 56,48,54 52,40,30 62,51,44 63,52,37 63,52,37 65,51,37 64,50,36 59,47,37 43,35,41 41,34,37 43,28,17 64,40,18 68,48,30 54,33,18 61,39,21 54,39,30 54,40,22 43,37,28 34,28,21 37,32,20 47,33,15 36,26,25 59,44,33 72,50,32 46,33,43 39,27,41 50,35,26 57,41,35 57,51,58 61,50,57 53,37,20 86,51,36
28,22,27 62,46,31 62,46,31 89,54,39 35,28,28 59,42,32 53,41,41 43,40,55 39,34,31 32,28,22 45,40,28 57,58,77 32,35,44 23,17,22 46,29,19 26,20,25 28,28,40 28,28,40 41,36,24 28,22,27 24,22,23 52,51,44 50,31,17 71,44,26 58,49,45 50,46,38 50,46,40 25,15,16 32,22,21 38,31,29 70,54,50 73,60,57 51,35,29 86,60,35 61,48,41 66,54,42 68,57,42 66,55,40 60,49,34 29,24,26 25,23,24 68,68,63 54,50,44 58,44,28 73,60,39 70,56,40 54,36,15 29,23,28 41,30,13 26,19,17 28,24,18 24,25,17 45,31,13 32,22,26 54,40,26 65,40,23 41,29,31 38,26,38 53,44,66 48,44,53 53,42,49 82,63,49 67,46,23 112,77,62
26,23,29 26,24,25 73,47,22 90,53,27 38,48,54 42,45,54 49,39,40 41,41,53 39,31,20 34,31,18 31,25,18 43,35,22 19,14,16 59,40,26 90,66,44 90,60,45 29,29,41 24,24,34 38,29,25 58,57,60 46,45,36 43,44,34 61,50,35 67,56,41 59,55,36 58,51,33 29,25,17 24,14,18 26,16,17 40,28,28 72,55,45 70,54,52 60,42,23 120,76,46 55,46,31 59,48,33 69,55,41 65,51,37 61,47,33 29,24,26 73,62,57 57,44,37 53,42,37 61,50,35 61,54,38 73,59,34 89,64,36 35,26,22 40,29,22 28,24,16 25,24,15 25,25,11 51,36,27 62,47,38 56,40,27 75,44,23 39,29,30 41,28,36 71,57,70 80,70,58 64,54,32 82,53,31 125,80,45 99,76,36
26,23,27 27,24,30 71,45,31 109,71,36 52,42,43 46,36,37 39,38,53 35,37,53 51,44,42 59,56,62 65,58,58 38,30,19 20,13,13 62,40,32 67,44,31 109,63,35 28,28,36 23,23,31 40,31,23 60,62,59 57,49,36 46,43,30 51,48,35 58,51,33 60,53,33 71,57,39 39,35,25 25,23,19 35,25,26 36,29,32 63,46,36 40,34,29 56,35,20 109,69,46 59,50,42 59,44,33 68,54,40 62,48,34 65,51,37 57,57,52 45,46,36 55,41,27 50,37,30 60,49,32 63,56,38 76,57,32 89,61,34 73,59,45 51,35,20 33,30,15 27,20,18 32,23,15 37,26,21 37,29,18 81,62,46 105,70,45 49,38,23 87,66,62 55,42,37 60,51,34 62,43,20 83,59,33 111,66,45 97,68,33
42,38,51 74,55,57 67,47,29 99,60,32 101,64,40 72,49,36 74,55,41 37,34,38 50,37,32 25,22,26 40,29,26 41,29,17 24,24,32 61,42,30 77,51,39 120,76,38 29,27,35 27,25,33 26,25,30 48,46,42 48,42,33 37,33,23 52,45,29 61,54,34 58,51,33 72,59,38 40,36,28 35,34,25 26,14,16 25,15,14 26,18,24 30,25,27 72,43,23 110,71,43 73,62,45 67,52,32 74,58,41 71,55,42 54,43,26 61,62,52 41,37,29 44,36,23 47,37,27 49,37,25 59,48,33 63,50,29 101,71,43 80,67,46 50,45,47 36,31,30 26,18,24 51,37,23 60,45,23 36,24,12 42,34,21 90,70,52 46,42,51 103,77,52 40,29,26 46,37,18 53,42,23 48,37,20 92,68,33 85,66,27
65,46,32 67,48,36 86,60,39 93,64,44 105,65,42 78,51,35 113,69,39 37,30,40 68,49,35 25,22,26 40,31,23 39,29,19 23,27,31 79,64,55 76,55,30 91,65,51 31,30,35 29,28,31 27,24,28 42,44,39 54,49,37 38,32,23 52,43,28 73,60,39 72,57,35 82,56,35 25,20,19 52,41,26 69,59,37 20,13,13 78,55,42 71,58,55 75,46,22 131,85,46 80,54,29 84,75,69 33,27,20 47,39,28 35,31,25 46,47,39 42,36,27 35,29,22 46,36,26 48,36,26 45,39,30 46,38,27 45,35,25 71,62,45 64,58,49 23,22,27 24,21,25 51,37,23 57,41,24 41,31,21 47,58,85 47,55,75 44,37,47 90,83,81 72,65,49 50,39,22 39,30,15 44,35,16 92,69,27 92,69,27
84,58,35 54,35,23 75,52,41 72,49,34 72,49,38 72,51,38 111,69,45 31,32,37 28,25,31 27,21,26 42,29,26 34,27,25 75,58,59 72,53,37 76,58,39 57,42,31 63,49,51 45,36,49 36,31,30 45,44,35 44,38,29 38,32,23 37,32,20 51,30,17 38,33,21 60,45,25 109,73,42 82,65,37 59,49,39 34,32,42 48,44,55 81,55,32 72,62,61 77,67,66 83,70,63 72,63,57 87,74,82 23,22,27 37,37,37 41,37,27 45,36,28 42,33,25 47,35,23 48,37,22 50,36,22 47,35,25 43,33,23 65,55,45 69,55,41 25,23,21 24,21,25 33,21,23 58,44,17 60,58,70 47,49,65 44,35,31 83,52,31 162,107,62 73,43,17 37,27,15 44,37,17 62,45,21 90,69,26 51,37,12
65,44,29 54,33,18 63,41,35 79,53,39 71,48,35 79,58,43 67,45,25 38,35,39 25,26,31 27,21,28 37,27,15 67,63,85 50,35,43 67,50,42 70,54,41 84,59,42 50,38,43 46,39,51 27,28,33 52,50,46 37,36,25 39,36,23 47,42,30 47,33,17 65,45,27 74,54,34 40,32,38 29,21,27 24,21,27 34,30,41 78,66,71 64,37,21 77,59,56 56,44,32 65,45,27 70,55,46 72,60,60 46,40,45 47,47,47 42,37,25 35,26,20 41,31,19 47,35,23 48,37,22 48,36,24 47,35,25 44,34,22 45,34,27 71,60,43 34,24,14 24,21,25 26,21,23 51,36,14 31,22,18 26,21,18 49,37,27 77,45,29 68,36,20 87,50,24 69,54,32 39,32,16 54,41,20 83,61,23 47,36,19
85,66,50 37,26,21 53,36,26 80,36,10 103,69,49 54,33,18 67,49,30 39,37,38 29,28,31 25,23,24 46,34,34 62,56,63 44,33,42 48,35,43 58,46,51 54,41,49 41,33,41 46,36,40 31,29,37 29,28,33 32,23,19 68,48,39 35,31,25 49,41,30 43,35,22 35,27,16 23,20,24 21,18,22 24,20,29 47,43,56 39,33,40 48,34,16 47,35,23 47,38,23 69,50,34 152,101,73 67,48,32 92,81,74 62,60,58 39,35,27 38,30,17 46,34,22 49,35,21 56,43,36 48,33,24 77,53,27 80,62,43 30,25,24 40,40,35 65,59,50 24,22,23 26,19,19 29,18,13 34,27,27 26,19,17 48,32,19 89,54,39 80,54,31 102,65,41 95,71,47 43,36,18 51,35,18 69,52,17 45,34,15
74,58,43 73,58,47 70,49,34 72,47,28 89,59,42 124,79,46 45,30,19 39,32,46 60,57,74 77,72,90 49,45,54 60,49,58 43,32,41 48,35,45 46,32,45 45,34,43 44,32,44 30,24,31 53,47,52 63,46,36 102,66,44 144,92,60 194,119,72 38,27,24 39,30,22 28,27,18 24,21,25 24,21,25 24,21,27 40,38,50 54,47,61 47,34,29 57,43,25 40,29,14 93,63,48 166,111,70 112,68,38 30,22,28 59,62,54 39,35,25 37,33,25 35,31,21 44,35,27 46,33,26 79,58,35 125,77,52 73,47,24 28,21,24 36,31,28 48,37,32 25,23,24 21,14,12 30,21,13 31,22,18 31,19,19 45,27,22 57,38,24 73,46,28 58,40,21 61,43,24 42,35,17 42,35,19 40,33,17 27,21,28
126,85,65 86,69,43 67,51,36 56,41,30 53,42,27 33,20,15 50,37,30 26,20,25 22,22,22 23,20,24 28,22,29 61,50,59 35,24,33 44,33,40 43,31,36 45,30,38 43,30,38 25,24,27 20,17,21 59,43,30 74,36,15 140,89,61 133,81,51 43,31,31 33,29,21 57,50,32 25,23,19 24,21,25 24,21,25 42,37,39 49,43,38 43,31,19 61,39,19 51,34,24 69,48,33 66,35,25 154,93,61 27,20,18 49,48,41 44,37,21 53,42,27 50,36,22 45,32,25 46,30,17 59,40,24 119,77,55 181,105,63 42,32,33 37,26,33 49,34,23 28,19,30 25,16,10 35,25,26 76,66,86 59,43,39 59,40,26 130,79,44 115,67,38 36,29,13 33,21,11 37,30,14 42,35,17 48,32,26 73,53,44
194,130,84 167,95,45 36,25,22 36,22,24 39,25,25 34,21,16 27,15,15 26,23,27 43,28,19 67,46,33 65,52,62 57,49,57 30,20,24 43,29,34 43,28,36 43,29,34 45,32,29 24,22,32 21,16,18 62,42,35 108,71,56 70,44,32 174,106,63 44,33,30 49,35,17 69,56,33 34,28,21 24,21,25 24,21,25 24,21,25 45,35,34 48,33,24 43,26,16 48,30,9 87,63,41 75,48,30 155,109,70 29,18,11 77,64,61 51,36,25 50,36,22 48,34,18 56,44,18 50,36,20 79,54,35 96,70,45 168,96,57 20,17,23 27,15,17 53,36,28 19,17,25 27,19,25 60,75,107 50,58,78 52,50,72 60,50,54 94,68,56 101,72,66 113,99,101 80,64,58 83,59,35 79,57,37 57,38,24 76,56,36
165,105,62 208,119,65 38,25,20 48,32,28 46,34,22 43,27,23 30,18,18 26,16,20 77,56,41 66,45,32 72,61,70 55,47,55 35,24,31 41,27,32 45,31,36 43,29,34 35,21,21 23,19,28 26,19,22 54,33,20 89,59,42 115,81,63 190,120,71 36,26,25 56,42,26 64,51,28 26,19,17 24,21,25 24,21,25 24,21,25 79,64,44 40,29,12 40,25,16 67,41,16 65,42,27 102,58,32 81,47,15 41,29,17 62,43,31 49,33,18 52,37,26 45,34,19 54,41,20 49,38,23 70,41,19 86,62,38 41,27,9 25,19,26 23,20,24 25,20,22 33,26,29 56,76,102 43,54,81 40,46,67 45,51,68 41,45,58 76,68,74 109,78,66 94,94,102 116,108,114 85,59,38 45,32,29 77,55,35 69,53,38
189,110,69 200,111,59 37,18,20 57,40,30 36,23,16 32,19,16 38,24,26 24,10,12 27,22,24 21,22,27 36,29,41 54,48,55 33,25,31 59,47,59 53,42,51 59,46,56 33,24,35 24,20,29 29,23,28 46,29,19 58,39,27 87,56,35 109,63,24 42,38,32 41,29,17 55,39,22 29,19,18 24,20,29 46,42,51 40,36,45 95,75,55 43,29,13 36,20,16 63,37,16 77,56,33 100,64,42 31,19,19 20,18,28 20,16,25 26,15,12 23,23,18 41,36,24 47,35,25 102,70,56 75,54,31 167,114,71 74,53,51 42,31,38 30,19,26 31,24,22 81,56,37 74,62,78 46,40,47 86,80,85 38,35,41 46,44,52 70,67,73 109,83,71 92,82,81 115,99,95 70,49,36 47,36,31 44,28,22 31,20,17
170,102,62 177,105,59 73,47,35 37,26,21 39,26,23 35,22,19 36,23,20 27,15,15 26,20,25 24,21,25 23,20,26 57,50,60 28,25,29 28,25,31 32,26,31 29,23,28 28,21,24 26,20,27 34,22,24 39,27,15 64,39,20 59,27,11 65,35,20 42,34,42 35,25,24 47,35,23 26,16,17 20,17,21 20,16,27 23,16,26 60,41,25 51,42,53 47,35,40 62,41,30 137,83,45 175,101,47 79,57,49 44,28,22 26,20,25 41,30,27 65,49,43 89,51,55 71,42,38 84,65,42 96,62,40 161,104,62 155,95,52 110,52,38 31,21,22 35,25,26 69,46,31 62,53,64 53,40,37 43,33,37 31,29,37 44,42,50 73,70,74 104,88,82 102,91,88 130,119,116 28,26,24 23,20,24 23,20,24 23,20,24
158,112,73 185,113,67 116,73,38 110,78,48 75,55,35 96,70,45 96,70,45 29,20,16 24,21,25 23,20,24 29,18,25 61,42,28 33,25,31 36,25,32 31,24,27 30,22,28 32,19,27 40,53,68 48,46,54 73,46,28 120,75,40 158,105,64 198,111,68 61,60,63 25,15,16 49,35,21 26,19,19 19,15,24 21,18,24 23,20,26 52,43,54 50,36,38 64,46,41 63,46,38 74,53,40 84,63,52 93,67,55 94,66,53 85,58,40 87,58,36 81,48,39 69,34,35 75,41,37 92,65,47 127,79,50 129,79,46 158,101,61 124,56,38 129,73,65 49,36,33 50,38,28 44,33,40 58,42,36 28,25,31 30,28,38 45,44,49 69,67,68 107,94,87 112,95,87 134,110,102 23,21,22 23,20,24 23,20,24 23,20,24
156,99,59 174,107,62 105,76,43 114,82,48 92,62,34 108,72,41 108,73,37 46,37,31 28,22,29 41,37,48 67,62,80 57,41,28 31,23,29 34,27,30 32,21,28 98,94,103 81,79,87 70,70,80 40,48,57 49,54,60 67,63,55 65,61,53 64,69,65 126,111,91 122,104,83 51,37,21 33,24,20 28,22,29 43,37,42 54,43,50 47,35,51 67,50,42 69,52,44 71,51,44 78,58,49 83,62,49 90,64,52 87,60,44 84,57,39 87,61,40 59,32,27 62,30,27 60,28,23 65,37,26 117,75,51 106,61,40 141,91,58 154,82,61 159,84,66 23,18,20 21,19,20 33,23,27 61,40,36 31,24,24 29,28,31 33,32,35 75,70,69 99,90,84 108,97,92 66,53,46 23,20,24 23,20,24 24,21,25 23,20,24
124,77,43 110,74,41 116,87,52 114,81,44 111,80,43 98,66,32 58,37,22 36,32,26 32,27,24 20,16,25 19,17,25 44,29,20 30,23,26 35,24,31 97,93,104 74,71,77 84,74,73 85,76,72 82,71,64 113,98,78 58,68,65 65,77,73 139,114,84 158,129,96 156,124,90 152,125,91 33,23,22 74,55,32 29,18,25 67,53,70 38,34,45 74,54,47 74,52,44 68,48,39 76,55,44 80,54,40 98,66,52 91,68,53 75,53,33 69,50,34 58,29,25 62,30,27 51,27,21 65,33,30 92,44,38 99,51,35 95,49,33 176,97,76 155,75,57 23,20,24 23,20,24 33,23,27 54,41,36 30,23,33 29,28,31 33,32,35 77,70,73 98,91,94 108,101,101 52,43,39 30,22,28 23,20,24 25,22,26 34,31,37
103,71,37 112,80,46 120,87,50 124,89,51 130,96,55 59,39,19 44,33,28 36,30,25 29,25,19 18,15,21 17,16,21 26,21,23 29,21,27 27,20,23 35,44,57 119,105,87 80,70,58 79,68,61 94,82,72 110,92,73 64,75,64 61,73,66 136,112,79 160,132,92 175,144,105 173,145,116 29,24,26 74,49,32 31,21,22 61,49,61 40,27,37 88,65,62 48,35,30 64,49,40 49,36,33 137,91,61 126,74,44 100,69,59 25,20,19 26,21,23 63,29,27 59,30,26 55,28,21 60,28,23 99,46,32 102,50,31 94,48,30 141,86,73 136,59,44 29,16,24 23,20,24 32,21,28 95,73,65 30,27,33 27,28,31 31,30,33 84,74,78 101,91,95 114,107,107 53,35,30 72,54,51 24,21,27 20,17,23 19,16,22
116,81,45 109,81,43 123,85,50 131,94,54 136,97,56 49,32,22 43,34,26 39,30,26 33,29,23 26,20,25 43,36,48 68,63,79 80,75,93 38,37,54 23,33,37 42,58,56 52,45,43 58,51,51 95,83,71 113,94,69 121,111,99 58,72,65 143,115,88 159,131,93 165,138,106 66,73,66 19,16,20 64,45,33 36,24,24 59,50,65 40,28,40 32,21,18 31,21,25 36,24,26 36,19,22 136,87,49 172,111,66 98,67,55 24,17,20 64,33,41 60,31,25 51,26,23 55,27,25 62,30,27 85,39,25 100,51,31 152,72,58 61,31,30 114,54,42 42,19,18 23,21,22 29,22,20 92,66,54 28,23,25 32,29,33 34,31,35 82,72,76 96,91,93 115,108,111 67,47,40 140,109,97 19,15,26 17,15,23 17,15,23
117,79,44 108,75,38 127,90,50 131,94,52 144,102,60 40,21,7 43,31,19 40,31,23 34,28,23 32,27,24 25,20,19 23,21,22 23,20,24 36,39,46 32,43,44 27,30,37 46,42,36 56,50,45 101,84,74 118,92,67 139,129,107 59,73,64 139,112,80 165,134,95 101,91,81 26,30,32 20,19,22 25,20,19 25,19,24 61,49,63 40,28,40 33,23,24 48,35,32 78,58,49 80,61,47 110,76,56 58,38,31 95,67,58 24,17,15 76,41,42 60,31,25 41,19,24 58,31,26 61,29,24 78,38,31 107,52,37 174,77,53 67,38,34 84,40,30 90,34,26 29,22,25 32,20,25 61,41,34 87,67,60 33,30,34 41,38,42 81,71,75 94,87,90 116,101,79 43,30,23 38,24,26 18,16,24 17,16,21 17,16,19
110,74,41 102,68,34 124,90,49 135,96,57 142,98,56 43,28,8 43,33,32 45,35,23 42,35,33 42,35,33 21,19,20 23,20,24 23,20,24 36,36,46 38,44,45 25,29,33 44,37,37 52,46,41 92,78,64 118,98,68 133,124,107 65,77,70 142,113,80 167,137,95 40,39,32 25,26,29 20,22,22 20,17,21 23,17,24 44,35,48 42,31,40 45,33,33 70,47,36 69,48,37 68,46,40 83,57,43 78,59,47 93,65,54 41,25,23 69,35,33 56,27,21 51,24,19 60,31,27 65,33,30 75,37,31 107,53,35 179,86,63 44,28,24 77,34,30 83,30,16 21,14,24 47,39,47 43,25,22 116,85,73 31,24,24 43,32,15 79,63,30 86,65,24 34,30,39 47,34,31 45,34,31 24,21,25 25,19,26 13,13,13
121,83,46 102,67,31 126,87,44 138,99,56 107,75,45 34,24,14 48,37,32 109,82,48 110,80,52 31,25,18 21,19,20 23,20,26 21,19,20 36,41,51 41,50,50 26,30,34 45,38,38 51,45,40 78,66,56 129,104,76 145,119,94 142,118,92 147,118,87 168,138,96 27,34,32 28,29,32 76,83,76 20,17,21 21,19,20 32,21,30 39,27,29 64,44,35 58,41,33 50,36,22 70,53,43 85,59,49 90,64,52 86,63,50 58,38,31 59,30,24 54,25,19 54,30,24 61,29,26 62,30,25 67,33,31 112,55,38 152,67,43 70,38,33 62,30,25 122,56,40 22,15,27 22,16,23 41,24,25 55,37,36 27,28,33 31,28,32 31,28,32 32,29,33 28,28,36 36,23,20 44,33,28 26,20,27 35,27,35 71,57,62
120,82,45 131,89,49 85,64,41 42,31,16 41,27,13 88,64,42 131,93,56 144,103,56 138,97,52 45,29,14 23,20,24 21,19,20 23,20,26 36,46,50 51,61,55 25,27,27 42,37,34 50,45,42 67,57,47 126,103,72 146,117,86 137,108,77 153,124,89 173,140,101 18,25,23 51,55,57 71,82,71 23,23,23 23,18,20 28,18,19 39,25,27 33,21,26 40,27,24 49,34,25 66,46,39 84,61,50 120,92,81 55,40,31 80,54,40 54,30,24 51,24,17 57,30,25 65,33,30 63,31,28 61,32,26 116,64,43 127,64,40 130,75,62 58,28,27 114,62,59 18,15,21 22,21,24 48,31,32 50,38,38 27,27,35 31,28,32 33,27,32 31,30,33 37,30,40 68,54,56 62,46,42 76,60,58 77,61,59 83,67,65
153,99,51 167,104,55 115,70,47 67,37,20 126,89,49 151,108,59 152,107,59 150,105,57 130,96,55 28,21,19 21,18,22 21,18,22 25,19,24 33,41,50 57,68,67 37,42,41 44,39,36 51,45,40 68,58,48 123,99,73 151,119,87 129,102,70 154,125,90 173,141,99 32,38,41 32,38,41 62,72,64 25,25,25 25,19,26 25,18,28 45,33,45 33,23,27 51,34,35 64,47,37 88,65,54 91,68,57 85,59,49 50,30,21 97,66,56 57,28,22 44,24,17 58,31,26 64,35,31 62,30,27 61,32,28 124,64,50 63,31,28 57,30,25 64,45,31 34,21,16 23,20,24 26,21,20 42,27,18 52,36,23 41,33,39 81,67,67 63,47,43 84,68,66 86,70,68 84,68,66 90,74,72 87,69,68 83,65,64 83,69,69
59,40,24 127,88,56 160,102,69 151,93,56 161,102,56 171,120,63 167,121,64 152,115,62 28,21,24 23,20,24 21,18,22 21,18,22 25,19,26 24,34,38 65,77,68 36,40,42 46,36,35 53,44,38 69,60,45 121,96,66 147,118,87 132,104,75 155,126,93 172,140,98 29,34,40 35,48,49 54,66,62 37,34,40 32,25,35 27,20,30 37,29,37 33,23,24 46,33,28 48,32,26 83,64,52 66,46,37 87,66,51 86,59,54 63,40,25 59,45,29 73,54,42 59,30,26 63,34,30 62,30,27 58,29,25 62,28,24 61,29,26 58,29,23 77,52,33 48,34,20 30,24,29 68,55,50 60,46,46 71,58,55 83,67,65 86,70,68 84,68,66 86,70,68 82,66,64 84,68,66 90,72,69 112,81,69 118,78,55 116,75,55
106,71,35 129,84,51 175,108,65 174,107,59 182,119,68 114,74,40 24,13,8 26,18,26 21,18,22 21,18,22 23,20,24 21,18,22 24,22,23 18,29,30 69,79,73 80,91,78 35,30,32 50,45,42 67,59,46 116,92,66 141,114,82 138,111,79 160,132,94 75,71,54 34,33,36 26,37,38 58,68,62 23,22,27 17,13,24 18,14,25 37,29,37 41,29,29 57,40,30 32,20,22 81,62,46 66,48,43 70,53,43 33,19,21 54,36,17 62,42,24 53,27,17 58,34,26 63,31,28 61,29,26 58,29,23 61,29,24 66,34,31 79,60,62 56,40,38 85,69,67 82,66,64 83,67,65 85,69,67 82,66,64 81,68,63 84,68,66 85,67,62 110,83,67 125,84,57 118,76,52 121,80,53 129,88,61 129,81,56 122,77,56
164,114,68 116,70,40 174,107,64 167,103,59 46,34,22 35,26,18 27,21,16 24,17,17 21,18,22 24,21,25 21,18,22 21,18,22 23,17,22 20,25,33 67,77,71 78,85,78 66,65,70 27,27,24 57,51,44 97,78,64 130,107,78 116,100,85 96,83,60 163,128,90 138,121,97 28,29,34 71,81,75 17,18,23 16,12,21 18,14,23 40,32,40 49,36,31 62,47,38 32,20,22 65,49,45 37,25,25 37,25,25 27,20,20 52,38,24 32,14,11 70,44,32 60,31,25 61,31,30 76,60,58 65,47,42 73,57,53 86,69,70 84,68,66 87,69,68 86,68,67 84,68,64 88,66,69 84,68,66 91,58,47 121,84,60 116,76,53 129,85,59 129,83,55 127,88,58 120,78,56 113,71,47 119,78,58 116,76,53 84,63,50
139,94,61 134,93,62 169,114,69 47,32,21 37,33,25 38,28,16 33,24,18 24,17,15 20,18,19 24,21,25 26,23,27 28,24,33 66,61,79 31,39,44 57,67,64 75,85,79 70,62,70 52,46,39 54,45,39 70,62,51 125,100,70 131,107,81 154,122,88 150,124,85 164,141,110 27,26,29 73,85,78 25,24,29 17,14,20 14,11,17 40,34,39 44,34,38 33,23,27 33,23,24 32,22,26 36,26,30 34,22,22 29,17,22 36,26,30 77,63,65 57,44,41 77,60,61 79,62,63 82,66,62 85,69,65 87,71,69 78,62,60 80,63,64 90,74,70 98,67,55 117,82,57 117,77,54 115,74,54 130,86,60 127,83,55 134,90,60 118,78,55 118,82,60 136,88,59 135,89,63 116,75,55 103,72,49 105,70,43 56,43,36