45,44,49 54,52,62 47,44,50 52,50,58 45,36,47 57,48,63 33,32,37 38,36,44 37,35,45 41,39,49 45,49,62 46,50,65 46,50,65 46,50,65 46,50,65 48,47,64 44,42,52 37,35,45 42,38,49 42,38,47 53,46,56 66,62,84 46,46,58 59,57,65 53,51,59 62,60,70 86,89,107 57,57,69 63,63,75 62,60,70 56,52,61 56,49,59 52,50,60 62,58,67 67,64,79 74,72,84 70,69,84 65,65,75 84,84,96 55,54,59 69,67,75 64,62,70 61,60,65 83,83,95 93,93,105 63,65,79 74,73,88 60,60,70 72,69,86 55,60,70 71,74,85 59,59,69 64,62,70 38,34,43 43,41,49 37,36,39 34,32,40 33,32,37 37,36,41 41,39,51 38,38,46 38,38,46 38,38,48 40,38,48
51,49,59 40,39,44 35,31,42 37,35,43 51,42,55 56,46,66 37,33,42 34,32,40 36,34,44 44,42,52 41,45,58 41,43,57 41,43,57 43,42,57 40,44,57 44,43,60 44,42,52 34,32,42 39,37,45 45,45,55 44,40,53 65,67,83 38,38,50 39,37,47 47,46,51 50,48,56 63,65,79 47,43,52 52,52,64 57,55,65 47,45,55 51,49,61 55,53,63 61,57,66 50,48,56 49,49,57 56,56,66 57,57,65 55,55,65 62,58,67 64,62,70 60,60,70 59,58,63 71,71,83 62,62,74 58,59,64 65,65,73 59,59,69 64,63,78 57,60,69 90,92,106 70,71,90 45,43,51 44,40,53 35,34,51 33,30,34 36,29,41 39,39,49 27,26,31 66,64,76 35,35,43 35,35,45 36,36,48 36,39,50
36,34,42 34,33,36 45,50,56 43,48,54 47,44,61 45,42,59 37,33,42 34,32,40 32,32,42 44,42,52 45,44,59 42,45,56 42,45,56 45,44,59 42,47,57 45,45,57 45,45,57 32,33,38 37,35,43 32,28,39 40,38,50 44,41,56 38,36,48 36,35,40 41,39,47 45,43,53 46,44,56 44,45,50 44,46,62 52,58,61 36,37,40 47,46,51 48,48,58 57,55,63 43,43,51 61,59,69 55,53,61 54,51,57 56,52,63 58,56,64 51,51,59 59,59,69 56,56,64 67,64,79 67,70,79 57,60,67 55,59,63 58,51,63 80,76,85 60,65,75 61,65,78 57,55,65 39,36,42 41,40,43 34,34,44 37,36,39 37,37,47 36,40,44 44,44,52 35,32,38 31,28,32 70,52,47 31,30,35 34,31,37
45,43,51 30,29,32 41,39,47 35,35,43 41,38,55 29,27,37 37,33,42 36,34,42 36,36,46 37,37,47 37,37,47 37,37,47 37,37,47 37,37,47 37,37,47 38,38,48 37,37,47 34,34,44 39,35,44 34,30,39 34,31,46 36,33,48 42,45,54 33,37,50 35,37,51 40,38,48 43,41,51 42,45,52 44,43,48 47,45,53 44,38,43 65,53,58 55,52,69 53,52,57 55,47,53 55,55,63 53,52,57 58,55,61 51,48,54 57,60,69 56,61,69 50,50,60 62,54,60 58,56,66 59,59,69 53,60,72 49,49,61 56,48,56 55,46,57 48,41,55 41,44,53 35,35,43 44,33,28 70,52,51 26,25,30 32,31,34 39,37,47 30,29,34 39,39,47 39,27,29 77,64,61 66,48,47 33,31,39 37,29,35
46,43,60 38,36,48 21,22,25 46,44,52 24,22,30 25,23,31 37,33,42 37,35,43 36,36,46 37,37,47 37,37,47 37,37,47 37,37,47 38,38,48 37,37,47 38,38,48 37,37,47 38,38,48 38,34,43 32,30,38 26,24,34 33,31,41 36,39,50 34,34,42 37,36,41 42,39,45 62,48,48 74,53,49 64,54,58 41,38,44 47,44,50 57,49,57 46,49,58 52,51,56 89,66,65 48,45,51 64,58,65 65,64,69 48,51,58 44,43,46 48,48,56 41,40,45 58,49,45 48,46,56 76,68,74 36,36,46 30,22,30 65,42,27 49,49,77 49,49,75 37,37,47 34,32,30 78,52,40 78,68,72 28,24,33 39,38,41 33,27,32 50,40,44 46,54,61 50,38,38 83,69,71 89,89,97 49,42,52 63,55,61
45,43,53 32,30,38 36,35,40 26,25,30 24,23,28 25,23,31 38,34,43 41,39,49 38,38,48 41,41,51 41,41,51 41,41,51 42,42,52 42,42,52 39,39,51 43,42,57 44,44,56 39,39,49 41,41,53 27,25,33 27,26,31 29,30,35 34,35,40 34,34,42 37,35,43 45,42,48 41,35,42 76,53,42 50,49,54 61,56,55 71,66,68 65,63,71 54,63,76 57,59,75 79,56,55 43,41,51 51,39,44 55,48,58 52,50,58 64,48,46 51,46,62 25,23,35 36,34,46 43,36,39 86,61,58 24,20,31 26,20,25 62,45,35 43,36,48 33,31,43 41,39,47 54,49,46 68,45,34 63,56,59 54,50,59 29,28,33 40,34,39 51,39,39 48,40,46 90,71,78 88,69,73 55,47,53 61,54,57 112,100,102
37,36,41 46,44,56 25,24,27 24,22,30 23,22,25 25,23,31 36,34,42 37,37,47 39,39,49 39,39,49 37,37,47 38,38,48 39,39,49 38,38,48 39,39,49 41,39,49 42,42,54 41,39,49 36,40,53 28,28,36 27,26,31 28,29,32 28,29,34 37,35,47 48,43,59 53,49,60 56,46,64 65,46,34 56,51,53 55,50,49 67,58,54 62,55,55 71,73,87 63,56,54 80,66,52 86,80,75 64,59,61 47,46,51 22,23,28 75,44,25 32,28,41 23,23,33 35,32,36 101,84,85 154,120,98 148,117,96 165,133,103 156,122,102 172,129,96 211,163,120 48,44,55 43,35,22 51,42,27 61,54,38 63,56,59 23,22,27 44,35,48 59,47,61 57,45,47 69,48,46 77,55,49 94,81,102 54,44,43 87,71,54
34,37,44 40,43,52 25,23,31 23,21,29 24,23,28 25,23,33 34,34,42 32,32,42 34,34,44 34,34,44 36,34,44 35,35,45 34,34,44 34,34,42 34,34,44 34,34,42 35,35,43 35,35,43 31,31,39 37,36,41 60,65,45 91,75,21 99,75,9 98,88,37 34,26,34 46,39,49 41,35,40 79,56,43 50,39,34 31,29,30 45,35,25 57,42,33 41,44,55 51,40,33 70,59,44 67,59,48 52,49,53 37,36,41 44,45,48 45,36,32 41,40,43 87,76,69 132,100,86 118,87,68 52,38,24 168,87,55 80,61,34 107,55,25 139,93,65 174,120,84 235,174,129 115,79,48 47,36,19 55,46,31 41,35,28 23,21,29 19,17,25 31,29,41 33,23,27 60,39,28 78,57,55 49,49,57 32,27,29 94,70,46
26,24,32 26,25,30 24,22,30 23,21,29 23,21,29 26,24,32 32,30,38 31,29,37 31,31,39 32,30,38 33,31,39 32,30,38 31,29,37 32,30,38 32,30,38 30,30,38 30,30,38 31,31,39 28,30,30 68,67,42 98,78,28 121,86,19 148,103,14 157,109,23 162,119,34 54,37,0 31,31,28 61,42,26 43,31,31 24,21,25 27,28,33 34,37,48 68,70,86 28,26,24 68,54,40 60,50,49 42,39,45 40,37,41 34,32,30 37,36,39 142,123,109 135,106,100 100,46,26 108,44,18 101,40,4 144,72,22 108,49,19 98,39,11 116,41,12 156,75,39 176,94,51 177,104,63 104,70,48 45,43,41 42,41,34 31,27,36 28,25,31 27,26,29 26,23,29 65,48,51 82,68,85 37,33,42 40,35,37 62,50,40
32,29,33 23,20,24 23,22,27 22,20,28 24,22,32 31,29,37 29,27,35 32,30,38 28,28,36 30,28,36 30,28,36 29,27,35 30,28,36 32,29,35 77,58,21 28,28,36 31,29,37 32,30,40 53,57,30 79,66,32 97,77,31 122,87,20 146,100,14 166,113,18 173,129,29 168,127,30 28,26,27 49,33,27 58,46,51 51,29,11 31,21,20 30,24,29 28,25,31 38,35,39 54,44,45 75,73,85 30,23,33 35,29,36 31,23,31 161,140,127 71,43,34 93,45,20 120,45,16 142,58,25 159,68,28 134,53,21 72,33,19 104,45,17 131,45,13 144,59,22 105,46,18 116,47,16 143,69,31 255,202,158 70,53,59 64,52,57 66,52,54 65,49,47 62,45,48 63,49,51 60,46,46 57,44,41 64,47,48 59,43,39
39,36,42 23,20,26 23,20,26 22,21,26 27,25,33 29,27,35 27,25,33 29,27,35 29,27,35 30,28,36 29,27,35 29,27,35 29,27,35 51,45,38 74,50,24 99,79,47 30,29,34 36,39,29 57,57,25 69,62,33 115,88,25 146,102,22 182,124,17 179,125,21 148,101,12 135,90,15 93,69,14 55,43,43 69,50,27 159,111,39 67,38,14 63,46,47 60,46,46 61,45,43 60,42,39 59,43,39 61,45,43 59,44,35 62,44,39 83,80,97 75,33,20 120,50,24 103,41,14 96,43,18 108,49,21 122,52,26 56,30,16 57,25,11 102,42,19 158,67,27 156,68,30 107,49,23 122,44,14 156,88,52 70,44,34 46,32,34 47,34,29 49,34,25 43,27,23 50,34,30 48,33,24 48,31,21 54,43,40 49,35,21
34,30,39 30,26,35 24,21,25 23,22,25 29,27,35 29,27,35 29,27,35 29,27,35 29,27,35 29,27,35 29,27,35 26,24,32 29,27,35 34,29,28 104,78,28 100,60,8 100,69,9 45,41,20 58,61,30 67,45,9 120,86,16 142,106,28 153,104,23 196,137,42 150,108,16 166,122,14 170,129,30 156,111,22 96,65,16 74,51,11 53,34,18 48,32,26 47,32,21 38,22,16 45,32,25 48,33,24 47,31,25 44,28,22 83,81,93 69,43,33 70,35,22 109,45,19 63,27,17 123,81,16 158,103,4 170,107,17 163,110,17 93,68,20 48,34,20 91,44,10 121,40,13 83,38,17 78,36,23 118,47,21 220,151,111 46,35,44 43,27,21 43,30,23 34,23,20 42,29,26 42,29,24 41,28,23 52,38,40 42,29,22
33,30,34 24,21,25 23,19,28 30,28,36 30,28,36 27,25,33 30,28,36 30,28,36 30,28,36 29,27,35 29,27,35 27,25,33 27,25,33 26,24,32 30,28,36 30,29,34 33,31,29 42,39,15 45,40,12 88,66,17 129,89,23 143,99,19 113,78,22 184,127,22 129,85,16 164,111,29 141,98,24 119,92,29 43,30,23 36,22,22 45,31,31 43,27,23 41,28,21 40,27,24 42,29,26 40,27,20 42,30,20 45,32,29 68,51,52 31,18,13 71,38,27 115,47,27 59,45,16 144,94,9 168,114,6 174,117,10 183,122,8 190,127,5 175,118,15 169,115,25 111,40,19 113,49,23 79,41,31 56,30,18 169,101,40 125,88,64 41,30,27 43,30,27 33,23,22 40,26,26 41,25,23 39,25,25 44,32,34 36,23,20
40,37,43 23,21,22 30,27,33 29,29,37 27,27,35 30,28,36 32,30,38 32,30,40 33,31,41 32,30,38 32,30,38 32,30,38 32,30,38 32,30,38 33,31,39 34,32,40 52,55,31 54,51,27 94,67,20 75,51,14 190,139,84 148,99,50 87,56,17 168,113,14 100,61,4 196,137,78 159,91,3 195,143,0 43,29,29 36,24,24 43,31,31 42,29,26 43,30,27 38,24,24 38,26,26 39,26,23 42,29,24 43,35,43 65,44,31 17,10,10 60,39,28 105,45,24 60,47,13 100,64,2 130,82,10 165,113,11 161,109,18 151,103,17 151,104,0 168,115,4 146,88,0 111,41,12 123,84,11 149,84,6 184,111,13 235,175,121 36,24,24 33,23,22 33,23,24 35,25,26 32,20,20 32,20,22 40,26,31 33,21,21
40,33,43 24,21,25 32,28,39 30,28,36 29,27,35 33,31,39 33,31,39 34,32,40 31,29,39 30,28,36 30,28,36 29,27,35 27,27,35 29,27,35 28,28,36 32,32,42 55,57,29 54,51,25 115,81,22 155,106,25 129,84,20 89,67,20 88,61,16 162,109,25 170,123,19 170,121,29 178,117,11 210,147,11 44,33,30 33,23,27 39,27,29 36,22,22 36,26,27 32,22,26 36,22,24 32,23,19 36,24,26 65,55,45 67,49,19 53,43,19 58,32,22 68,41,23 68,51,12 128,92,16 82,60,11 111,76,9 186,125,9 127,84,8 162,114,19 193,129,12 198,132,11 111,54,23 111,53,20 46,24,6 66,27,0 116,79,55 35,25,26 33,23,24 37,27,31 30,23,26 31,24,27 27,22,21 34,29,28 29,23,28
34,28,35 34,31,37 34,32,40 32,30,40 36,34,44 37,37,47 37,37,47 35,35,45 35,35,45 35,35,45 36,36,46 33,36,47 37,35,43 34,34,42 32,32,40 22,22,30 54,57,26 54,46,22 99,73,19 152,103,11 142,98,27 56,41,19 98,68,24 186,122,24 197,135,27 175,125,24 204,142,32 216,147,13 85,72,38 30,24,29 36,28,36 39,39,49 35,35,45 30,24,29 33,25,31 30,23,26 29,24,23 76,74,94 49,35,21 31,21,11 46,25,14 65,57,33 79,61,31 35,27,16 73,50,21 74,58,16 211,146,22 150,94,20 148,101,40 197,126,37 233,156,32 178,128,54 106,41,18 58,30,17 95,57,47 142,101,70 30,27,33 30,29,34 39,35,44 36,34,42 42,38,49 45,41,52 46,44,54 44,44,54
33,27,32 33,29,38 34,30,39 30,28,38 36,36,46 35,35,45 34,32,42 33,32,37 34,34,44 34,34,44 36,36,46 34,34,42 35,36,41 36,36,46 24,25,28 59,64,32 52,57,25 49,43,20 76,56,10 112,77,12 116,78,12 117,77,11 113,74,13 116,65,0 188,126,16 208,136,19 164,106,1 188,127,9 142,107,14 67,50,22 37,32,34 34,31,37 28,29,34 63,64,67 32,32,40 30,27,33 24,21,27 79,81,97 71,59,73 35,22,15 41,21,12 67,59,35 79,56,25 71,48,17 64,50,23 94,74,24 189,132,27 210,146,33 180,115,22 202,129,27 226,149,22 214,161,66 90,36,18 41,21,12 139,98,78 130,111,99 49,53,66 49,54,64 48,52,67 54,58,73 54,58,71 54,58,71 55,59,74 54,58,73
37,35,43 31,29,37 33,31,41 32,32,42 34,34,44 35,35,45 34,37,46 37,37,49 36,39,48 37,37,47 37,37,47 30,29,32 40,38,46 40,36,45 42,40,41 56,56,26 51,54,21 53,46,19 89,68,14 105,71,0 70,52,22 130,96,35 194,136,33 211,143,29 201,142,25 213,151,26 200,136,23 201,145,9 182,136,27 110,83,22 40,29,26 21,19,20 25,23,24 46,47,50 58,59,62 67,71,75 41,41,49 55,59,72 74,70,90 52,35,41 48,25,14 76,68,46 74,58,25 124,79,15 85,63,16 133,96,15 165,115,14 232,159,11 160,102,4 175,117,19 212,144,28 164,123,74 81,33,15 59,22,7 203,153,109 55,55,67 52,56,71 55,59,74 55,59,74 55,59,74 56,60,75 56,59,77 57,60,78 57,60,78
26,24,32 31,29,37 34,32,40 37,37,47 38,38,48 39,39,49 40,44,57 41,45,58 41,45,58 42,46,59 59,66,80 25,22,26 39,36,40 24,24,21 39,41,36 49,48,23 52,46,21 51,45,22 71,56,18 88,66,19 63,35,8 20,13,13 65,47,26 95,50,17 87,53,19 44,24,15 185,125,30 200,148,11 189,139,27 106,74,19 45,34,19 28,21,19 21,19,20 39,37,35 40,38,36 48,48,45 59,60,63 55,58,69 77,85,105 73,70,85 39,21,18 41,24,16 67,54,22 93,72,18 68,56,28 77,48,24 117,62,17 137,82,26 148,88,0 196,133,13 216,152,21 67,44,29 122,100,80 133,109,87 213,161,111 58,60,76 57,61,76 59,62,80 60,64,79 60,63,81 61,64,82 61,64,82 63,66,84 62,65,83
29,27,35 34,32,40 37,35,43 35,35,45 37,37,49 38,38,48 39,42,53 39,43,56 40,44,57 57,61,74 63,68,78 47,34,29 28,22,29 28,23,20 39,37,35 43,41,19 49,43,20 47,44,20 54,45,18 48,41,14 126,74,14 116,72,30 120,94,71 118,63,20 106,70,37 160,97,46 193,135,11 205,149,15 188,139,29 102,73,42 63,42,27 33,22,15 23,18,20 37,35,33 37,35,33 38,36,34 43,42,45 71,71,83 73,79,98 73,79,98 76,77,98 74,69,85 65,58,27 69,57,16 66,55,22 82,43,13 142,76,19 182,116,12 218,145,15 215,147,15 187,135,18 119,100,84 118,99,87 128,106,88 215,163,113 63,67,82 58,65,77 61,65,80 62,66,81 61,65,80 62,66,81 62,66,81 66,70,85 64,68,83
30,30,38 31,31,39 35,35,43 36,36,44 38,38,50 38,38,48 38,38,48 37,40,51 42,46,59 67,70,79 68,61,61 57,35,17 47,33,17 32,22,21 26,21,23 37,38,19 41,37,16 45,42,18 43,40,16 45,39,14 43,36,16 64,44,14 129,84,22 166,103,27 166,109,24 163,120,15 188,136,15 206,148,13 126,90,32 57,35,15 59,38,23 36,24,12 23,18,17 33,31,27 38,36,32 39,38,31 38,36,34 71,73,89 73,79,96 74,77,97 78,81,103 79,85,104 73,77,92 65,55,17 68,53,15 101,77,22 157,105,16 205,140,14 186,132,7 169,121,6 117,96,83 125,104,91 118,98,89 113,96,86 219,163,116 68,71,91 64,68,83 64,67,85 64,68,83 66,70,85 68,72,87 69,71,87 71,70,87 69,73,88
32,32,40 34,34,42 35,35,45 36,36,44 37,37,47 38,38,48 38,38,48 39,39,49 60,65,71 82,70,58 114,80,50 54,35,21 68,42,21 63,38,21 43,31,21 33,32,25 35,36,17 41,39,21 43,39,18 42,36,13 37,33,14 37,34,10 72,58,15 103,75,5 139,99,8 175,122,11 208,151,11 179,130,12 99,74,44 77,47,21 67,48,25 46,27,15 26,21,20 32,27,24 39,37,33 41,37,29 39,38,31 67,71,86 76,76,88 76,80,95 84,87,79 92,82,44 92,84,30 66,56,16 62,51,18 63,53,15 91,72,19 137,107,24 140,103,9 208,150,17 153,104,35 131,108,95 122,102,93 116,99,91 213,161,113 69,70,89 68,71,89 64,67,85 68,71,89 68,72,87 69,73,88 70,74,89 71,75,90 69,72,90
34,34,42 35,35,43 35,35,45 37,35,45 39,37,47 39,37,45 42,38,47 46,45,50 61,60,63 105,80,52 86,62,38 53,35,16 67,41,18 62,37,18 48,29,13 68,45,30 33,32,25 34,34,20 32,33,14 34,35,16 50,41,14 101,76,19 163,119,23 177,128,18 195,139,21 198,143,18 172,122,8 127,91,29 79,53,32 75,42,17 62,38,14 58,38,20 27,21,16 29,24,23 39,38,31 40,38,34 68,62,57 77,69,77 116,61,30 66,59,16 70,59,15 74,63,19 85,75,26 76,66,24 81,60,6 89,64,5 111,79,6 172,120,3 220,152,7 234,162,9 214,151,6 188,132,12 157,116,46 125,86,45 215,160,115 68,72,87 69,72,92 69,72,90 68,71,89 69,72,90 61,64,82 62,63,82 56,59,77 60,63,81
36,34,42 36,34,42 38,36,46 40,38,46 44,41,45 49,43,48 56,46,50 54,44,45 61,52,48 105,78,46 59,45,29 48,32,17 60,41,18 56,36,16 69,44,25 43,24,10 85,57,44 45,33,23 33,33,17 30,27,12 27,29,12 45,38,11 106,77,16 129,94,13 140,99,11 169,120,10 148,102,6 145,104,59 74,45,23 76,51,32 71,47,25 43,27,12 33,24,18 26,24,20 39,38,31 36,35,38 95,74,61 139,105,83 161,79,23 143,102,16 135,99,21 132,99,22 127,95,20 98,80,20 162,111,17 176,119,14 177,120,13 199,137,8 235,162,9 229,159,12 206,143,5 192,135,6 192,132,11 167,97,21 240,164,83 173,145,132 60,62,78 59,62,80 57,60,78 55,58,76 57,60,78 58,59,78 58,59,78 56,59,77
39,35,46 39,35,44 44,41,47 50,42,48 58,46,46 64,51,48 68,55,50 65,55,59 65,55,43 100,72,45 40,36,26 33,20,13 65,44,21 51,36,16 69,44,25 55,36,20 55,31,9 143,99,57 108,74,42 88,65,25 100,71,22 122,86,24 151,108,23 172,121,14 179,126,15 151,104,13 138,97,50 166,122,71 61,40,17 68,48,28 42,26,11 28,15,10 26,21,20 25,23,21 37,36,27 62,67,77 104,85,62 156,112,74 160,98,24 178,106,15 151,110,11 153,112,15 155,111,13 151,110,9 177,120,8 193,130,8 177,120,10 204,140,9 211,147,9 204,140,7 199,138,4 199,137,10 199,128,15 218,122,46 245,177,107 232,164,101 89,73,69 61,58,75 55,59,74 53,56,74 53,56,74 56,59,77 57,60,78 56,59,77
43,37,44 51,44,47 54,48,43 62,48,48 67,54,47 73,57,44 79,59,41 70,60,61 69,55,39 72,54,33 39,38,29 33,29,23 55,37,18 53,33,13 66,41,24 48,27,14 44,25,11 63,42,27 154,107,57 145,97,50 142,96,41 166,119,40 179,127,36 151,102,35 118,77,28 145,93,43 183,132,67 72,46,23 46,30,17 29,18,13 29,20,16 22,16,11 22,17,16 35,25,24 64,65,68 62,54,60 99,80,64 174,122,74 133,94,55 173,89,2 143,103,10 148,106,14 156,112,16 170,120,8 191,132,6 201,136,10 168,120,7 184,128,10 197,135,6 203,142,10 207,143,7 210,146,8 177,94,11 201,116,10 255,188,117 255,197,120 255,197,132 76,59,60 71,62,75 59,58,73 53,56,74 54,57,75 55,58,76 56,59,77
51,44,42 55,49,44 61,50,47 68,52,48 73,57,42 76,56,38 81,57,35 61,60,63 72,54,35 49,41,30 40,36,28 30,28,26 46,27,15 61,41,23 53,34,18 41,25,8 46,30,15 37,23,9 70,49,34 102,61,30 171,120,53 172,120,58 162,111,46 186,129,60 180,127,63 160,111,60 81,50,27 54,33,18 29,18,13 16,14,10 17,15,13 16,14,12 22,17,16 41,34,34 61,64,73 90,75,53 109,85,63 122,97,80 96,83,78 255,154,86 136,99,14 140,103,11 160,115,10 179,124,6 199,138,6 197,135,8 170,121,11 180,125,7 196,135,3 204,144,7 214,147,10 220,151,13 219,104,41 255,199,114 241,172,107 255,197,120 255,201,126 182,127,82 91,74,66 81,69,69 69,62,74 61,58,73 53,57,72 54,58,73
54,45,41 58,49,45 63,50,45 74,54,47 77,57,39 80,55,36 86,57,37 61,61,58 74,59,37 46,42,34 40,39,30 26,26,21 43,25,22 44,30,16 52,32,14 46,28,9 60,39,26 61,41,21 64,42,24 57,38,24 67,42,23 170,122,64 194,131,62 178,127,60 84,63,40 58,42,27 52,36,23 44,27,17 25,21,15 19,14,16 19,14,13 20,18,16 17,15,16 25,22,26 65,55,56 117,86,63 96,78,59 47,45,43 58,57,60 175,81,31 120,93,18 140,105,12 170,119,10 191,131,8 201,136,10 193,133,10 167,118,12 182,127,11 195,136,8 210,147,9 223,157,15 226,148,24 225,126,18 255,200,127 242,177,113 251,187,118 255,196,124 255,200,128 112,87,68 108,88,70 95,78,70 82,70,70 72,60,65 59,56,71
56,47,41 63,54,48 73,58,49 75,54,43 87,62,43 98,64,44 104,66,45 59,58,61 50,44,39 40,39,30 43,39,31 27,25,21 29,20,16 40,25,16 51,31,22 50,34,17 44,28,13 58,38,20 56,34,16 51,32,16 62,43,29 72,53,39 32,22,21 98,73,45 50,36,20 67,45,27 62,44,25 37,26,19 19,17,15 23,18,17 23,16,14 22,17,16 17,16,19 75,74,79 91,75,69 115,86,64 59,48,41 43,43,38 52,53,56 144,63,13 119,87,16 143,106,14 175,122,11 201,137,6 203,138,7 190,130,7 163,114,8 169,120,10 190,133,6 206,145,11 225,159,15 198,117,0 218,125,32 255,192,121 219,165,106 232,174,110 255,187,115 255,200,129 125,94,73 126,97,75 118,91,73 102,83,71 92,75,65 87,71,69
79,65,51 84,70,56 87,69,48 90,65,46 103,69,51 108,68,43 75,68,68 54,53,56 41,40,33 43,37,30 43,37,30 27,25,23 28,18,17 37,21,17 42,25,17 55,36,20 61,41,21 51,35,20 43,27,10 73,49,27 95,56,24 142,105,63 115,81,40 176,123,59 139,101,66 63,43,23 47,29,10 32,23,19 23,18,17 20,18,16 22,17,16 25,20,22 25,20,22 59,57,65 103,85,64 79,65,51 46,44,45 37,37,32 55,55,63 163,69,26 120,86,12 146,106,15 172,122,8 200,139,5 211,147,11 190,132,8 150,105,12 160,116,8 191,131,8 211,148,12 226,160,14 221,118,24 255,203,131 243,175,112 187,139,94 208,153,101 251,184,116 255,196,125 143,95,66 139,97,73 142,103,75 131,95,73 120,89,68 110,83,65
85,71,53 77,63,45 78,59,43 95,69,48 109,71,50 108,67,47 53,61,66 52,50,48 43,39,33 43,37,30 41,40,31 35,30,29 24,17,17 30,21,17 51,34,24 48,32,15 55,34,19 54,33,18 55,36,20 56,36,18 182,128,67 189,133,66 159,107,47 193,142,75 179,129,69 66,46,28 72,50,32 27,22,19 17,15,13 21,19,17 22,18,12 21,20,11 82,69,62 53,53,53 68,62,55 47,47,44 46,44,40 39,37,35 60,59,62 128,57,13 126,87,5 146,106,13 168,118,6 195,134,2 222,153,15 184,126,2 136,97,17 169,118,9 198,133,7 214,147,10 235,167,24 238,116,26 255,199,140 232,175,117 142,109,84 195,143,93 231,175,112 255,190,119 231,170,105 145,101,71 146,106,72 153,108,75 155,111,81 138,99,71
87,71,54 88,72,55 91,69,51 100,71,49 107,71,49 70,66,75 60,58,54 49,47,45 43,39,29 46,37,31 41,37,29 54,52,53 27,22,19 34,23,18 35,23,13 61,46,35 50,34,19 54,35,19 47,28,14 66,36,8 174,120,59 179,126,60 179,126,62 182,129,65 167,117,57 79,46,19 41,30,13 41,35,30 35,33,29 38,37,30 41,37,31 40,33,31 79,72,82 53,50,54 48,46,44 47,45,43 42,40,38 38,36,37 60,57,63 133,54,15 171,95,35 172,102,42 185,111,36 202,124,28 232,154,30 157,104,11 146,99,18 187,123,6 202,137,9 214,150,14 229,162,23 255,150,53 255,201,125 253,189,127 125,98,80 181,133,90 224,167,107 247,183,116 255,194,122 147,104,69 145,102,67 157,111,74 152,108,68 149,105,75
90,77,56 94,76,55 100,74,51 105,76,54 87,66,53 64,64,72 71,66,54 45,36,32 43,39,31 43,37,30 42,38,30 50,50,47 51,51,51 47,46,39 76,58,39 95,71,38 120,87,50 125,91,50 129,90,49 152,106,49 171,121,61 180,129,62 180,129,64 162,112,52 162,114,60 127,81,40 76,55,30 43,39,33 41,40,31 39,40,32 38,37,30 33,31,29 71,69,77 56,51,53 49,44,43 47,45,43 42,40,38 41,39,40 57,56,59 128,81,29 164,89,19 204,103,60 218,114,67 227,117,64 233,120,70 236,121,69 244,122,75 248,123,75 255,133,72 255,142,74 202,106,7 241,138,23 255,201,129 255,188,116 109,89,71 179,133,92 213,155,100 245,181,114 255,194,124 142,99,64 147,104,69 150,105,70 160,111,71 166,118,75
94,75,52 93,72,49 92,67,48 93,71,51 68,64,73 59,59,54 102,78,52 59,49,39 40,39,28 40,36,26 42,36,29 43,43,40 52,50,51 53,53,53 81,65,48 104,77,43 127,90,50 130,93,51 150,107,62 156,108,50 165,108,48 183,130,62 192,136,69 188,132,65 169,123,66 128,89,50 73,55,36 41,39,35 39,37,35 39,34,31 32,32,27 30,30,25 66,66,74 53,51,49 47,45,41 45,43,41 39,37,35 47,41,46 58,53,55 110,82,55 255,135,79 174,97,23 221,112,67 232,116,71 235,120,70 236,121,69 241,122,69 248,124,73 255,135,75 255,140,72 244,127,47 255,178,84 255,198,133 255,191,123 77,68,60 159,120,81 205,154,101 239,175,113 255,194,124 133,89,59 131,88,55 142,99,66 146,101,66 160,110,68
93,71,51 91,69,49 92,71,48 92,71,46 60,60,68 67,58,54 109,82,50 140,97,52 60,49,34 38,37,28 40,36,28 126,93,68 54,52,50 55,53,49 88,73,53 110,81,50 130,96,55 141,102,61 155,110,62 154,106,48 174,121,57 184,131,65 184,128,61 188,135,67 157,109,55 122,88,47 63,48,37 40,38,36 40,38,36 37,35,31 33,31,27 38,38,35 63,66,77 52,51,56 42,40,38 41,39,37 39,37,35 95,84,91 60,58,59 75,69,60 147,102,56 166,98,28 226,110,34 179,96,9 211,117,49 224,119,66 222,122,51 208,120,41 175,96,5 221,119,45 202,116,14 255,199,124 255,195,124 253,178,113 53,49,41 142,110,80 207,154,101 243,179,117 255,195,125 134,91,58 137,94,61 138,95,62 141,98,63 147,104,69
108,77,54 105,74,51 100,71,49 99,73,50 58,56,57 72,58,44 124,91,52 147,103,52 49,41,30 40,36,28 45,35,23 123,84,52 54,54,49 52,52,49 59,53,44 98,74,50 118,86,52 133,96,54 151,108,63 155,109,52 159,109,49 184,128,63 189,133,68 173,122,57 142,99,50 102,73,40 45,39,30 42,40,36 37,36,29 39,35,29 35,33,29 37,35,31 72,67,69 85,68,60 44,39,36 38,38,35 39,34,33 99,93,100 72,70,66 74,69,66 112,91,66 148,114,84 167,121,80 164,103,40 165,91,16 166,85,6 166,93,18 157,91,5 169,104,26 226,166,112 240,176,114 246,182,115 249,185,118 240,176,116 32,27,29 99,73,52 181,131,89 232,168,108 255,200,123 137,93,55 129,85,55 130,87,54 130,87,54 139,99,65