38,36,44 38,37,42 41,39,47 41,39,47 43,41,49 30,29,34 43,42,47 29,29,37 28,28,36 29,27,35 27,30,39 24,25,30 23,23,31 23,23,31 23,23,31 23,23,31 23,23,31 23,23,31 23,23,31 23,23,31 23,23,31 23,23,31 10,11,14 15,13,21 23,21,29 25,23,31 31,31,39 32,32,40 36,34,42 35,35,43 36,36,44 37,37,45 36,36,44 36,36,44 35,35,43 35,35,43 32,32,40 39,39,49 42,42,50 48,48,58 46,46,56 37,37,47 51,49,57 50,48,56 48,46,54 26,25,28 17,17,25 25,23,24 30,28,29 37,35,36 52,52,62 46,46,56 52,52,62 45,45,55 48,48,58 49,49,59 46,46,56 38,38,48 44,41,47 50,43,46 19,19,16 17,17,25 17,17,25 24,22,23
38,36,44 40,39,44 43,41,49 41,39,47 41,39,47 33,32,37 41,40,45 32,32,40 30,30,38 30,28,36 27,30,39 25,26,31 23,23,31 22,22,30 23,23,31 23,23,31 24,24,32 24,24,32 24,24,32 24,24,32 24,24,32 23,23,31 18,18,26 23,21,29 24,22,30 27,25,33 32,32,40 34,34,42 32,35,42 36,36,44 36,36,44 35,35,43 37,35,43 34,34,42 32,32,42 35,35,43 37,37,45 45,45,55 46,46,58 49,49,59 41,41,51 43,43,53 51,49,57 50,48,56 51,49,57 29,28,31 17,17,29 26,24,25 31,29,30 37,35,36 45,45,55 51,51,61 55,55,65 51,51,61 48,48,58 48,48,58 46,46,56 41,41,51 52,49,55 52,50,51 46,46,43 17,17,25 17,17,25 23,20,24
39,37,45 40,38,46 41,39,47 45,43,51 43,41,49 41,39,47 43,41,49 35,35,43 31,31,39 29,27,35 30,30,38 24,25,30 24,24,32 23,23,31 23,23,31 24,24,32 24,24,32 24,24,32 24,24,32 24,24,32 27,28,33 27,27,35 23,23,31 25,23,31 27,25,33 27,25,33 34,34,42 35,35,43 35,35,43 47,40,38 83,66,15 104,77,16 114,87,26 91,74,39 36,39,50 41,41,49 44,43,58 46,46,56 45,45,55 48,48,56 37,37,47 51,49,59 51,49,57 51,49,57 51,49,57 33,32,37 22,20,28 26,24,25 33,31,29 39,37,35 46,46,56 52,52,62 56,56,66 48,48,58 46,46,56 46,46,56 46,46,54 39,39,49 56,49,52 56,50,55 56,51,53 17,17,25 17,17,25 20,17,23
43,42,47 43,42,47 43,41,49 43,41,51 40,38,46 45,43,53 46,44,54 41,39,47 35,35,43 31,29,37 28,28,36 25,26,29 26,25,30 24,24,32 24,24,32 26,24,32 26,24,32 25,24,29 27,25,33 27,25,33 30,26,35 74,55,30 28,26,24 25,26,31 27,25,33 31,29,37 37,35,43 40,40,24 40,37,22 64,47,23 88,67,15 103,74,9 131,92,12 138,102,14 148,111,19 61,50,45 44,44,56 45,45,55 45,45,55 45,45,55 42,42,52 51,49,57 51,49,57 47,45,53 48,48,58 38,36,44 24,22,30 27,24,30 37,35,36 40,38,39 56,56,66 57,57,67 50,49,66 48,48,58 45,45,55 46,46,56 44,44,54 38,38,48 46,44,52 51,47,56 53,50,56 20,21,26 15,18,25 20,16,25
41,40,43 41,40,43 40,39,42 41,39,47 41,39,47 50,48,58 48,46,56 50,49,52 34,34,42 34,32,40 30,30,40 25,25,33 25,25,33 24,24,32 23,24,27 24,25,30 25,25,33 27,27,35 27,27,35 29,29,37 117,79,29 62,45,17 144,105,23 27,25,35 29,27,35 31,29,37 40,43,23 38,39,18 37,35,17 58,41,13 108,81,20 132,94,16 158,106,17 162,109,12 163,112,16 162,120,26 59,48,41 45,45,55 44,44,54 48,48,58 48,48,58 51,49,57 53,49,60 49,49,59 48,46,56 41,39,47 29,27,35 32,31,36 38,37,40 41,40,43 59,59,71 57,56,71 52,51,66 49,49,59 44,44,54 45,45,55 45,45,55 41,41,51 48,46,54 52,50,58 53,51,61 23,22,27 17,17,25 17,18,23
40,39,44 39,39,39 40,39,42 39,37,47 41,39,47 47,45,57 46,44,54 46,43,49 37,36,41 34,32,40 30,30,38 25,25,33 24,25,30 24,24,32 24,24,34 27,25,35 29,27,35 28,28,36 31,31,39 31,31,39 137,95,30 78,56,22 162,114,40 34,32,30 27,25,35 33,30,34 41,39,19 38,38,22 41,32,15 70,46,13 94,64,18 106,77,24 128,87,26 184,133,37 130,91,30 97,64,12 108,77,17 83,65,46 46,46,56 50,50,60 54,52,62 56,50,55 50,48,56 52,50,60 51,51,61 48,47,52 34,32,40 36,34,42 40,37,41 44,41,45 58,58,70 52,51,66 52,51,66 49,49,59 45,45,55 45,45,55 45,45,55 51,47,58 51,49,57 53,51,59 53,51,61 31,30,35 20,18,26 18,19,24
39,38,43 39,38,43 39,37,45 40,38,46 41,39,47 51,48,63 47,45,55 39,36,42 36,34,42 37,35,43 31,31,39 25,25,33 25,25,33 29,27,35 25,25,33 29,27,35 31,31,39 32,30,38 31,31,39 32,33,38 33,27,32 36,27,19 50,32,11 69,51,19 35,29,24 35,35,19 30,30,16 39,32,16 62,44,14 98,74,21 121,87,15 124,92,17 150,111,31 167,115,26 82,50,6 137,100,17 144,110,20 149,113,35 63,54,48 52,50,60 41,36,38 148,103,39 94,69,41 51,51,61 53,53,63 53,51,59 38,36,44 40,38,46 44,40,49 47,43,52 59,59,71 57,56,71 51,50,65 49,49,61 45,45,55 45,45,55 48,48,58 53,51,61 53,51,59 54,52,60 55,53,63 43,41,49 20,18,26 20,19,24
33,31,39 34,32,40 38,36,46 38,36,44 43,43,51 53,50,67 48,46,58 39,37,45 39,39,47 39,37,45 31,31,41 29,29,37 27,25,33 28,28,36 28,28,36 29,29,37 31,31,39 31,31,39 30,30,38 32,32,40 31,31,39 30,30,38 25,23,31 30,30,30 36,28,15 33,30,17 44,43,34 44,35,20 69,51,19 85,63,18 133,94,21 96,70,16 114,83,32 137,91,25 140,88,15 130,91,18 136,97,26 154,115,35 145,105,14 53,42,39 60,32,3 138,98,34 154,102,40 53,53,63 57,57,67 56,56,66 45,43,53 43,41,51 48,46,54 48,46,54 57,57,69 57,56,71 51,50,65 58,56,66 45,45,55 45,45,55 48,48,58 55,53,61 54,52,60 55,53,61 55,53,63 52,51,56 20,18,26 20,19,24
41,40,43 41,40,43 48,47,52 45,43,51 45,45,53 54,52,64 51,49,59 40,38,46 41,39,49 40,38,46 34,32,40 32,30,38 27,27,35 28,28,36 29,29,37 31,31,39 31,31,39 30,30,38 31,31,39 31,31,39 29,29,37 33,31,39 29,27,35 29,30,35 45,40,26 51,47,30 44,36,23 40,31,16 43,31,19 104,73,54 134,93,66 157,106,49 43,32,13 126,90,30 170,122,25 107,74,22 130,87,29 149,105,36 147,110,25 138,101,30 68,52,46 46,40,45 64,54,55 58,57,72 57,56,71 61,59,69 50,48,60 46,43,58 51,49,61 52,50,62 57,57,69 54,58,71 59,57,65 60,58,66 46,46,56 45,45,55 48,48,58 57,55,63 58,56,66 58,56,66 54,52,62 50,48,58 20,18,26 19,17,25
40,39,42 40,39,42 40,39,42 45,43,51 61,59,69 58,55,72 51,49,61 44,42,52 51,49,59 43,43,51 37,35,43 33,31,39 29,29,37 30,30,38 31,31,39 29,29,37 29,29,37 27,27,35 27,27,35 31,31,39 32,33,38 34,34,42 29,27,35 35,33,29 58,51,35 46,39,23 52,38,11 87,60,17 74,52,18 111,71,19 148,93,39 50,35,13 54,41,20 116,80,20 152,107,18 80,46,14 68,47,43 193,129,85 171,115,23 58,55,72 59,58,73 59,58,73 47,45,57 55,54,69 57,57,69 53,53,63 48,46,58 50,47,62 57,54,69 54,51,66 57,57,69 56,55,70 65,63,75 64,62,72 45,45,55 45,45,55 48,48,58 46,46,56 46,46,56 44,42,52 46,44,52 48,46,56 20,18,26 20,19,24
76,72,94 41,39,49 38,37,40 39,38,41 136,127,142 58,55,72 52,50,62 41,39,47 48,46,54 39,37,45 37,35,43 33,31,39 30,30,38 30,30,40 30,30,38 27,27,35 29,30,35 31,31,41 31,31,39 34,34,42 34,34,42 36,34,42 29,27,35 62,62,48 54,46,33 51,42,27 56,43,22 126,82,15 143,97,27 98,69,20 51,36,16 43,34,26 51,39,13 137,95,30 159,111,25 176,122,32 141,89,27 179,117,45 176,119,12 93,83,71 60,59,74 58,57,72 80,77,83 59,59,69 60,60,70 59,59,71 50,47,64 90,88,98 58,55,70 58,55,70 56,56,68 57,56,71 59,58,73 59,59,69 48,48,58 45,45,55 47,45,55 39,39,49 40,38,46 39,37,45 40,39,42 39,38,43 20,18,26 20,18,26
60,59,76 44,43,60 49,47,71 59,55,75 60,58,80 59,56,71 58,54,65 41,41,49 43,41,49 40,38,46 38,36,44 33,31,39 29,29,37 28,28,36 28,28,36 30,30,38 31,31,39 33,31,39 34,32,42 34,32,40 36,34,42 36,35,40 27,25,33 64,61,48 59,54,42 52,44,31 54,44,22 63,43,11 79,56,16 85,63,18 40,28,16 45,34,17 46,35,16 133,91,37 177,122,41 201,140,54 204,155,49 176,127,21 180,129,22 194,150,50 60,57,74 58,57,72 43,41,63 57,54,71 54,51,66 51,50,65 53,50,67 57,54,69 62,59,74 61,58,73 74,70,81 56,55,70 60,62,76 62,62,72 49,49,59 39,37,47 43,41,49 37,35,43 32,30,38 29,28,33 32,31,34 34,32,33 20,21,24 20,18,26
33,31,39 41,39,47 52,50,60 54,51,66 58,56,68 44,43,48 81,76,92 39,38,43 43,41,49 41,40,45 38,36,44 32,30,38 30,30,38 30,30,38 30,30,38 33,32,37 33,31,39 33,31,39 34,32,40 34,32,40 32,32,40 32,32,40 27,25,35 69,64,50 62,56,49 54,44,34 57,41,24 65,47,15 76,60,16 87,62,16 40,26,10 63,44,21 30,24,15 41,30,13 106,73,25 141,100,30 100,64,2 151,106,31 208,145,40 225,163,36 66,60,83 52,52,64 55,51,71 42,44,69 45,48,70 51,50,65 53,50,67 60,66,87 51,48,63 53,50,65 66,64,76 57,56,71 59,59,69 59,59,69 51,49,59 36,34,44 37,36,41 31,30,35 31,30,33 30,29,34 31,28,32 37,32,31 20,21,24 20,20,28
34,33,38 36,35,40 37,37,37 52,50,51 60,57,74 45,45,53 62,65,83 41,40,43 36,34,42 39,37,45 40,37,43 36,35,38 31,31,39 31,32,37 31,31,39 33,31,39 33,31,39 33,31,39 33,31,39 34,32,40 34,32,40 34,32,40 32,32,32 68,65,52 61,55,48 49,42,26 58,40,19 74,53,12 80,58,20 50,37,14 68,48,18 112,77,23 141,97,15 188,130,27 155,101,13 185,128,18 193,132,14 138,91,2 188,132,36 223,161,34 68,60,79 62,61,76 55,54,69 55,55,65 58,58,70 50,49,64 61,56,72 59,58,75 55,50,66 49,44,60 62,60,82 53,52,67 58,56,66 59,57,67 54,52,60 27,26,31 34,33,38 31,29,37 30,28,36 31,29,37 26,25,30 35,33,34 22,21,24 23,21,29
38,34,43 34,30,39 35,35,43 51,49,50 67,68,87 72,69,86 86,84,108 39,37,45 40,38,46 38,36,44 39,38,43 41,38,42 32,32,40 31,32,35 31,32,37 31,31,39 33,31,39 33,31,39 33,31,39 33,31,39 34,32,40 36,35,40 61,62,54 68,68,52 55,44,37 48,39,22 66,49,21 101,71,15 46,35,18 50,37,16 60,41,16 116,82,21 161,113,27 199,138,32 171,119,28 194,137,34 212,151,33 213,148,24 158,111,20 215,153,26 69,61,80 62,61,76 58,58,68 50,50,62 53,51,63 52,51,66 63,56,68 67,59,78 73,69,82 55,52,58 59,53,74 50,50,60 50,48,58 51,51,63 49,49,57 27,25,33 34,33,36 31,29,37 29,27,35 33,32,37 28,29,32 39,34,36 24,22,23 24,22,30
93,88,117 96,91,120 123,113,131 49,49,61 79,77,101 60,57,72 48,46,54 36,35,40 34,32,40 37,35,43 39,37,45 38,36,44 36,34,42 31,32,35 31,32,35 31,31,39 33,31,39 33,31,39 34,32,40 36,34,42 34,33,38 37,35,36 69,70,51 71,67,57 55,44,29 54,43,24 75,56,17 47,36,19 56,42,17 49,38,19 50,39,20 82,59,19 148,104,33 195,138,33 177,124,27 198,147,40 218,159,42 211,155,37 168,113,14 214,158,24 67,62,80 66,63,78 57,55,63 53,51,61 54,52,62 49,48,63 65,58,70 53,50,54 58,50,56 66,57,68 62,60,72 50,50,60 49,49,61 50,50,60 48,48,58 33,31,39 35,32,38 26,25,30 31,29,37 34,32,40 27,31,33 39,34,33 26,24,25 25,23,31
59,62,84 41,36,54 76,79,99 50,47,62 74,68,89 60,56,67 46,44,54 43,42,45 44,43,48 40,38,46 40,38,46 41,39,47 38,37,42 33,32,35 33,31,39 33,31,39 34,32,40 34,32,40 36,35,40 35,29,24 51,42,27 53,54,35 66,65,54 65,64,53 55,44,25 61,44,18 78,56,20 60,41,14 36,26,16 47,35,23 64,40,16 52,25,9 55,33,15 71,45,24 116,71,38 139,91,48 160,104,39 187,135,33 209,148,30 218,161,32 68,64,84 61,58,75 55,53,63 52,50,62 62,59,76 60,56,69 82,78,89 61,57,66 97,93,104 77,72,90 66,62,75 53,51,61 49,49,59 51,51,61 44,44,54 33,31,39 34,32,40 25,24,27 33,31,39 37,35,43 33,32,35 39,34,36 28,23,25 27,25,33
68,64,84 47,43,63 44,45,68 53,51,61 61,56,74 61,59,69 46,45,50 41,37,46 40,38,46 41,39,47 40,38,46 45,44,49 38,36,44 31,31,39 40,29,24 34,30,39 32,32,42 34,32,40 37,29,35 58,43,34 42,42,26 50,47,34 57,54,41 58,56,38 50,41,24 56,42,17 65,52,20 46,37,22 46,39,23 45,38,22 50,35,13 56,41,21 89,64,18 133,97,35 165,112,44 174,115,38 189,124,44 198,152,45 226,169,42 237,181,47 63,58,74 59,55,75 52,49,66 56,57,78 61,61,87 64,60,80 60,56,80 58,53,71 83,80,97 73,70,87 66,64,74 51,51,61 49,49,59 46,46,56 38,36,44 27,26,31 36,34,44 31,30,35 39,37,45 38,36,44 34,33,38 40,33,36 34,32,33 32,30,38
40,37,52 114,111,126 50,51,72 53,51,59 64,61,76 60,58,68 41,40,45 38,35,39 37,35,43 41,39,47 41,39,49 43,41,49 39,37,45 33,31,39 49,33,20 49,32,22 27,20,18 31,20,17 39,29,30 62,50,40 30,26,16 32,33,23 50,46,38 54,50,29 50,43,27 55,42,21 62,48,19 45,36,19 46,35,16 43,34,15 52,36,19 59,45,20 81,63,19 118,90,22 139,106,27 158,122,19 179,136,19 198,151,21 219,168,44 221,168,38 65,59,80 60,56,80 60,56,76 61,57,77 68,63,90 62,56,79 64,62,86 51,47,67 59,57,79 80,75,91 68,66,76 48,48,58 46,46,56 43,43,53 32,31,36 26,25,30 40,38,48 39,38,43 43,41,49 40,38,48 38,36,44 37,35,33 34,34,34 30,29,34
40,43,63 77,80,100 79,70,92 55,53,61 64,61,76 59,57,67 41,40,45 31,32,35 33,31,39 43,41,49 44,40,49 32,30,38 37,36,39 47,44,50 51,35,22 33,23,13 30,21,15 33,24,20 33,26,29 60,44,31 50,40,16 34,30,13 37,33,27 47,45,23 45,40,26 50,39,20 60,43,19 55,42,19 47,37,15 46,36,14 52,36,19 58,44,19 82,65,16 118,88,19 140,105,22 162,122,18 179,131,16 194,146,21 209,159,30 203,160,43 72,63,85 61,59,69 37,38,43 51,48,54 47,45,53 53,49,58 52,45,45 49,44,41 63,61,83 81,76,92 68,66,76 42,42,52 44,44,54 44,44,54 32,31,36 26,25,30 40,38,48 46,45,50 45,43,55 43,41,51 39,37,45 40,35,37 39,34,36 26,25,30
39,39,49 53,50,77 40,40,40 52,50,70 62,61,76 61,57,66 35,33,34 34,33,38 33,31,39 44,42,52 44,44,52 49,41,49 58,46,48 61,48,43 44,29,20 33,24,20 33,24,18 32,23,17 30,20,19 46,34,24 79,61,31 64,48,17 36,28,15 31,31,17 41,39,21 45,38,22 49,40,11 60,44,13 61,43,13 53,39,12 58,44,19 94,70,19 146,104,25 151,105,21 169,123,25 189,141,26 206,148,24 215,159,23 213,160,23 194,150,40 65,42,27 111,77,55 28,18,17 26,16,17 67,60,74 58,56,66 53,48,47 51,45,50 72,68,88 87,83,103 73,69,82 45,41,52 45,44,59 45,44,59 33,32,37 27,24,28 43,41,51 51,49,59 45,45,55 43,43,53 41,39,49 41,36,38 41,34,37 26,25,28
37,38,43 38,39,42 41,38,44 54,51,68 65,62,77 60,56,65 37,35,36 32,33,36 35,36,41 49,45,54 56,48,54 58,46,46 66,51,40 69,55,39 37,26,19 33,24,18 33,24,20 36,25,20 36,25,20 32,22,23 55,39,24 78,58,28 60,41,14 37,29,18 27,23,15 35,32,19 42,34,21 50,40,16 58,44,15 52,40,12 79,57,21 138,97,25 180,134,25 176,129,27 194,144,30 226,167,37 223,166,24 220,163,23 206,156,23 175,134,46 114,88,65 106,66,41 97,63,41 53,34,22 54,44,48 38,36,44 47,40,38 76,71,87 89,80,102 87,81,102 74,70,83 46,42,53 48,45,62 48,46,58 34,33,38 27,24,28 45,43,53 50,48,58 46,45,62 44,44,54 44,42,52 37,35,36 42,35,38 28,26,27
43,42,45 41,40,43 41,40,43 62,58,78 64,61,76 60,56,65 35,33,34 36,35,40 38,36,44 58,49,60 57,45,47 62,50,38 66,52,34 72,56,39 45,29,23 33,22,19 38,26,16 35,22,15 39,26,19 33,22,19 45,32,25 78,64,39 80,56,23 62,45,19 39,30,11 33,26,10 26,20,11 29,25,15 46,38,16 52,43,16 86,65,24 138,100,24 164,123,22 167,124,21 182,136,25 205,150,27 209,159,30 199,151,26 216,162,32 126,88,42 82,63,47 95,57,36 103,61,37 97,56,29 46,27,15 50,39,34 46,37,33 76,73,88 90,79,102 89,80,102 74,72,92 44,42,52 50,47,64 50,47,64 36,35,40 28,25,29 46,44,54 51,49,57 52,49,64 48,46,58 47,45,55 30,30,27 40,35,37 26,24,25
45,44,47 40,39,42 34,32,40 62,59,76 64,61,76 60,56,65 33,30,36 38,37,42 57,49,57 56,48,54 59,50,42 70,56,40 74,59,39 68,54,38 47,32,23 55,40,29 57,43,27 61,39,19 53,34,22 44,27,17 33,23,13 58,35,20 74,54,34 76,58,28 59,45,18 53,39,14 48,38,16 29,23,14 25,24,15 38,31,15 59,42,14 107,80,17 145,108,16 157,117,22 178,136,26 186,143,28 178,130,17 199,149,20 177,128,36 125,86,56 59,40,24 84,53,32 104,64,39 104,60,34 85,52,27 203,149,90 51,42,38 79,74,90 87,77,97 83,78,96 78,74,94 46,44,54 52,49,66 48,45,62 38,36,46 32,30,28 48,46,56 54,52,60 52,49,64 46,45,60 47,45,57 33,33,33 42,35,38 28,23,25
45,44,47 37,35,43 37,35,43 65,62,79 87,85,95 59,57,65 38,36,48 38,36,44 60,50,54 59,50,44 106,80,57 107,84,53 77,65,39 65,51,33 38,27,22 60,39,24 55,33,13 61,41,23 60,41,18 64,42,22 59,38,25 31,20,17 83,54,30 79,60,37 75,54,27 73,56,21 77,58,19 75,56,17 67,49,19 62,45,17 54,41,18 45,35,13 55,35,15 67,45,11 135,102,25 183,132,23 202,148,20 208,154,46 146,106,72 101,68,41 82,48,26 77,43,23 75,46,24 97,59,40 89,55,33 213,155,100 219,160,103 74,69,85 89,76,97 95,82,103 84,74,92 45,43,51 51,48,65 50,47,64 41,39,49 37,32,34 48,46,56 54,52,60 51,48,63 47,44,59 48,47,62 38,35,41 38,36,37 28,25,29
46,45,48 34,32,40 44,42,50 64,61,76 54,50,70 59,56,73 65,63,85 65,59,80 54,47,50 64,52,42 98,77,50 82,65,39 78,63,41 65,51,35 36,25,22 69,50,34 65,44,21 45,30,19 52,33,17 62,41,18 41,29,17 73,46,28 83,54,32 111,72,44 155,106,70 114,82,50 133,97,66 102,75,28 93,69,14 108,79,18 123,86,17 151,112,28 169,121,22 178,127,33 201,147,43 212,157,56 162,121,49 132,97,61 177,129,75 93,67,44 98,63,36 72,45,27 75,48,30 99,59,36 80,46,26 200,146,98 222,163,104 222,164,109 86,76,96 94,84,104 90,80,98 48,44,57 52,49,66 50,47,64 47,45,55 35,33,34 47,45,55 53,51,61 52,49,66 45,42,57 49,48,63 37,37,45 38,36,37 30,24,29
46,45,48 36,34,42 47,45,57 61,58,73 61,57,66 54,51,55 57,50,60 61,50,57 59,48,41 77,62,42 81,63,42 83,64,39 79,65,38 65,51,35 35,25,24 41,28,25 60,39,24 52,36,23 51,35,20 70,45,26 70,48,30 52,33,19 57,37,30 46,27,11 113,77,48 150,108,70 133,89,59 118,79,47 147,106,59 165,116,49 174,128,32 172,126,30 169,123,25 167,120,29 148,104,24 142,101,52 160,112,65 177,125,75 202,149,92 74,50,28 80,54,33 78,52,31 112,70,46 93,55,34 88,52,30 176,127,91 217,158,99 231,170,107 108,87,85 90,82,101 83,79,101 50,47,64 50,47,64 50,47,64 48,45,60 38,36,37 52,50,60 52,50,60 53,50,65 44,41,58 52,49,66 45,41,52 41,34,34 36,31,33
47,46,49 36,34,42 46,44,54 61,58,73 61,57,68 73,71,79 60,54,59 58,46,48 60,50,38 77,61,44 81,63,42 81,64,40 82,65,41 64,50,36 30,20,21 34,21,16 49,35,21 57,38,24 65,43,25 56,35,20 43,28,17 53,36,26 36,20,14 52,31,16 44,22,16 69,44,25 142,106,77 157,109,62 155,106,66 152,106,69 147,103,65 160,116,74 132,93,54 141,94,60 162,114,69 174,119,65 194,129,72 209,152,92 63,36,18 102,61,34 98,64,42 87,51,29 110,69,42 94,61,36 91,57,37 156,112,82 213,156,96 223,165,103 222,164,111 92,82,100 87,82,109 55,52,69 41,38,55 46,43,60 52,49,64 37,35,36 52,50,60 52,50,60 46,44,54 48,45,62 52,49,66 47,43,54 42,35,35 43,38,40
47,46,51 37,36,41 48,46,56 60,57,74 61,57,66 58,55,70 61,54,64 55,43,43 71,57,41 78,63,43 83,66,42 82,65,41 84,65,42 65,49,36 30,22,28 38,25,22 53,36,26 52,33,19 44,27,17 60,41,27 38,23,14 36,18,15 35,22,19 77,51,28 51,35,22 32,19,12 54,33,20 70,36,16 162,114,69 174,120,70 181,128,75 178,127,74 181,130,77 202,147,93 187,133,74 208,149,90 157,108,70 110,71,43 96,58,37 75,46,22 60,37,22 70,45,28 85,59,38 72,46,25 90,56,38 137,97,72 210,153,93 219,161,99 232,171,106 85,76,87 86,83,100 59,57,67 41,38,53 50,47,64 53,50,67 33,31,32 48,46,56 52,50,60 40,38,48 51,48,65 53,50,67 46,46,58 42,35,35 43,36,39
48,47,52 37,35,45 47,45,57 59,56,71 65,58,68 60,56,67 57,46,55 54,45,41 76,60,43 86,67,44 87,68,45 88,69,44 82,65,41 62,47,36 28,18,19 32,22,26 33,22,17 44,27,17 48,25,10 38,22,9 38,23,14 37,22,11 61,41,34 32,21,16 32,21,14 47,28,14 62,32,17 68,41,23 65,44,31 113,72,45 187,132,76 199,139,87 206,144,86 208,150,84 150,107,62 66,39,21 96,65,42 73,42,19 93,57,37 81,50,29 70,41,19 60,38,18 79,52,36 76,42,22 77,45,29 132,91,60 206,149,91 210,151,92 223,162,101 127,93,71 90,82,101 69,65,74 46,43,58 51,48,65 55,52,69 33,32,35 48,46,56 53,51,61 37,35,43 54,51,68 54,51,68 52,49,64 42,35,35 40,33,33
48,47,50 38,37,40 48,46,56 61,59,71 63,57,64 64,56,62 56,46,45 54,44,32 85,68,44 89,70,45 86,67,44 92,71,48 80,63,39 70,54,37 48,35,28 35,25,24 37,21,15 59,44,35 51,32,20 52,35,25 40,24,18 57,37,28 57,39,34 59,38,25 42,25,15 71,48,33 61,46,35 70,61,53 28,21,21 44,32,32 95,70,51 166,132,98 47,34,31 39,26,19 37,30,28 44,35,31 57,41,37 60,41,25 78,51,35 91,57,35 94,63,40 78,47,24 80,54,33 82,51,32 92,54,33 139,98,71 201,148,91 209,153,90 204,150,89 186,138,84 92,82,100 77,70,82 52,50,62 52,49,66 57,53,73 32,32,32 50,48,56 52,49,64 40,38,50 57,54,71 54,51,68 49,49,61 42,35,35 41,36,35
51,50,53 38,37,40 50,48,56 59,55,66 61,53,59 57,46,55 56,46,47 69,58,43 96,75,48 89,70,45 93,72,47 100,74,49 81,61,41 80,60,40 61,42,30 32,22,23 27,20,18 27,20,20 56,40,25 37,21,17 46,29,21 35,22,17 44,29,18 37,22,11 70,47,32 73,49,27 55,39,26 70,49,36 67,44,29 74,49,30 67,57,45 28,22,17 54,32,24 125,86,56 96,75,52 67,42,23 72,45,27 101,75,52 95,59,39 95,60,35 90,52,31 87,56,35 81,52,30 102,61,41 76,42,24 123,86,60 186,137,86 204,150,89 198,144,83 222,166,103 90,79,102 74,70,81 52,50,62 55,52,69 60,56,76 33,32,35 45,43,51 53,50,65 48,45,60 58,55,72 54,51,68 52,49,64 37,37,37 38,38,38
46,45,48 38,37,40 52,50,60 62,55,65 61,55,60 52,44,50 57,48,42 76,61,39 103,77,54 98,74,50 100,76,50 100,74,51 82,61,38 84,63,40 65,48,38 30,20,19 37,25,25 33,21,21 29,22,20 36,23,16 60,41,25 53,37,24 46,30,17 66,41,22 62,43,29 58,38,18 65,46,30 73,43,26 55,36,22 97,73,49 66,47,35 119,83,52 155,116,84 189,140,89 143,99,59 94,70,48 73,39,17 93,59,37 101,66,41 97,64,39 72,43,21 71,44,26 77,46,27 83,49,29 85,54,35 109,72,48 180,133,81 194,141,84 195,141,82 214,156,92 101,78,79 69,64,80 55,52,67 59,55,75 59,56,73 36,35,38 43,41,51 53,50,67 55,53,63 56,55,72 52,51,68 52,49,66 39,36,42 43,36,36
41,40,43 38,37,42 51,49,59 58,56,64 58,47,54 54,47,45 59,49,37 88,69,46 98,74,50 97,73,47 105,76,52 98,74,52 83,64,41 82,61,38 30,14,12 28,18,19 30,20,21 29,19,20 29,17,17 31,18,13 62,43,29 41,24,16 63,41,23 63,42,29 65,42,29 58,39,27 74,58,45 72,53,39 75,41,23 186,137,86 192,139,84 107,74,49 181,130,77 46,29,19 182,129,72 101,75,52 87,58,38 72,43,23 72,48,26 93,59,39 84,53,34 89,53,31 96,56,33 105,65,42 76,47,27 107,72,47 173,128,82 187,136,83 190,137,80 221,165,100 172,127,83 72,66,87 59,56,71 59,55,75 59,56,73 36,35,40 41,39,49 53,50,67 57,55,67 56,55,72 54,51,68 53,50,67 36,35,38 44,37,37
39,39,39 41,40,43 56,52,61 56,48,56 61,48,45 60,48,38 76,57,43 98,74,48 104,80,54 106,80,55 108,80,53 94,70,48 81,62,37 82,63,40 26,16,20 27,21,26 26,16,17 28,18,22 43,34,30 50,34,30 51,34,26 64,44,35 55,34,19 53,32,17 56,39,31 45,26,14 68,49,37 43,27,14 93,57,26 190,137,82 193,143,81 161,117,66 186,132,73 193,136,76 206,148,86 116,84,54 70,43,25 99,64,39 81,61,41 99,63,41 89,48,28 103,67,47 96,62,42 101,68,43 89,58,37 110,76,54 157,113,71 177,130,78 186,138,82 207,154,90 199,147,87 76,68,85 59,57,69 61,57,77 60,57,74 37,36,41 43,41,51 55,52,69 60,57,74 58,55,72 52,51,68 51,50,65 34,33,36 44,37,37
37,37,37 45,42,48 54,46,52 56,46,50 60,50,40 71,57,43 91,72,47 101,76,48 101,77,51 106,80,55 105,77,50 88,64,42 81,62,37 29,18,13 23,20,24 23,18,20 31,21,25 29,19,20 31,22,18 35,22,19 47,31,25 47,32,21 41,25,19 64,45,33 34,19,10 41,24,14 41,24,14 50,34,19 161,112,72 191,140,87 194,142,82 189,136,81 192,139,84 193,141,81 196,143,86 127,93,63 94,69,50 83,54,34 63,39,17 81,55,32 95,66,46 80,49,26 84,53,32 94,60,38 95,59,37 106,72,50 150,107,74 162,121,72 172,122,76 197,150,87 190,139,84 143,109,87 57,56,71 60,56,76 59,56,73 37,35,43 45,44,49 55,52,67 59,57,69 58,55,70 54,51,68 54,51,66 37,35,43 42,37,39