89,84,72 65,59,25 75,67,56 66,54,26 66,61,49 64,58,49 65,60,46 65,60,48 63,59,40 61,58,34 61,59,39 65,57,44 93,80,48 74,64,40 70,63,43 70,66,45 87,79,66 88,80,67 102,93,76 108,94,78 81,71,49 80,70,46 73,59,30 69,59,35 90,78,39 93,86,70 94,83,64 94,86,73 86,78,65 98,85,64 118,101,75 106,92,65 121,100,77 140,113,81 143,111,79 165,129,96 165,130,94 173,135,98 168,131,89 147,115,83 143,111,81 135,110,82 122,98,74 101,87,71 64,56,43 66,61,49 72,56,50 82,72,62 85,71,46 88,74,49 169,140,109 182,144,98 131,104,72 56,47,43 124,101,70 55,49,40 55,49,40 56,50,43 72,59,36 71,66,52 86,73,39 79,64,42 75,64,47 115,97,67
76,70,63 65,58,29 52,44,33 84,72,44 72,67,53 75,69,64 65,60,46 64,60,43 68,64,45 75,65,43 74,66,42 61,53,40 58,50,28 72,64,42 69,64,50 66,62,45 86,79,61 78,71,53 65,63,45 85,78,62 88,80,46 65,56,37 42,38,28 52,47,35 52,43,26 68,61,45 81,70,51 68,60,47 79,72,52 82,69,48 81,72,43 80,76,55 99,85,67 105,84,59 113,90,61 136,102,72 113,85,56 123,94,63 125,95,67 108,90,69 87,76,61 87,75,65 75,66,49 70,67,52 71,63,50 70,65,53 78,62,56 81,71,61 86,76,64 81,71,59 119,104,82 131,105,80 104,79,60 61,54,52 50,45,42 50,44,39 55,49,44 52,46,39 77,64,41 69,64,50 108,94,69 83,72,37 151,126,96 146,118,91
79,73,68 62,55,28 60,50,28 64,56,45 73,66,50 86,74,48 68,64,45 64,59,47 72,68,51 79,65,49 79,68,35 86,75,31 78,66,36 77,65,39 77,68,41 82,73,46 72,63,44 68,59,40 85,80,50 77,63,45 87,80,41 69,66,40 68,66,35 50,48,26 75,65,41 58,52,29 67,57,33 66,61,49 60,60,46 56,53,40 71,57,43 66,62,43 58,49,30 66,59,30 71,65,42 72,62,50 67,56,49 79,72,56 96,83,62 78,69,54 101,85,70 77,65,53 77,66,51 90,75,64 76,64,54 78,63,54 78,68,58 90,74,68 75,66,62 79,70,66 79,68,63 77,65,55 101,86,75 60,51,47 54,47,45 58,52,47 64,59,47 62,56,47 85,76,45 68,64,45 59,55,38 83,79,62 151,119,75 104,78,37
74,67,47 76,68,34 77,69,33 55,48,21 65,60,48 90,79,44 74,66,42 61,54,38 57,55,33 62,58,39 61,56,42 67,60,44 73,65,43 90,82,28 63,55,44 65,56,41 81,72,43 81,72,43 87,78,33 86,76,36 66,57,40 33,33,19 51,48,33 47,49,34 42,46,29 54,50,40 77,65,37 69,60,41 83,73,63 85,75,63 82,73,58 88,77,62 78,73,61 78,69,54 65,57,44 66,55,38 56,49,31 56,51,39 63,54,50 64,58,53 69,63,54 96,86,74 73,61,61 68,62,57 71,60,55 74,65,61 72,63,59 73,64,60 73,64,60 73,64,60 73,64,58 74,65,59 75,64,57 77,71,66 66,61,47 83,71,43 59,52,36 72,64,40 56,52,35 70,63,47 74,67,47 72,70,52 63,57,50 95,79,62
75,64,31 73,62,29 57,49,27 40,40,24 27,28,16 41,42,34 98,90,36 60,54,31 51,51,37 49,49,35 68,59,32 72,61,28 74,65,36 71,59,29 90,81,36 74,66,55 75,64,57 78,68,58 83,69,42 70,61,57 123,80,33 183,112,43 169,98,25 80,61,36 74,63,58 55,50,36 75,66,49 74,65,59 74,65,34 72,64,53 74,64,54 67,58,52 68,59,55 63,54,50 59,52,50 64,55,51 62,56,49 53,51,33 58,54,33 68,63,51 69,63,54 66,56,46 62,51,46 76,65,60 79,68,63 79,69,59 87,72,61 113,89,67 144,116,87 141,113,84 120,95,67 100,80,73 129,103,78 91,76,56 74,67,47 79,71,58 90,76,51 69,58,43 69,60,43 73,63,39 56,49,33 90,78,37 100,84,69 67,57,45
44,41,28 44,41,28 37,38,17 60,52,28 64,55,47 71,63,52 84,75,67 101,92,32 68,59,51 66,57,49 71,66,54 60,51,43 64,57,37 81,72,41 73,63,51 75,65,43 92,82,42 98,84,55 75,62,41 170,102,28 181,105,26 189,109,23 200,114,25 227,121,28 150,107,72 69,63,56 72,63,46 73,67,58 66,58,45 75,66,37 72,64,53 61,52,46 66,57,49 72,63,55 68,62,55 71,59,47 79,69,59 80,71,63 83,71,59 76,67,50 82,72,62 84,71,66 85,73,63 91,79,69 89,77,67 85,73,61 76,65,58 71,59,49 81,71,59 112,90,70 111,92,67 102,84,65 114,91,60 133,101,69 122,90,56 93,74,51 92,75,51 83,68,46 108,93,55 108,91,67 78,69,42 81,70,51 86,74,35 69,55,41
72,66,43 44,36,23 54,49,35 71,61,51 67,56,49 68,59,51 72,64,53 76,64,54 86,81,40 49,40,32 61,53,42 58,50,39 80,70,60 82,74,63 84,77,61 80,67,46 68,59,53 77,65,53 120,82,34 162,99,30 170,102,32 166,98,24 160,98,26 183,100,17 225,121,30 94,65,41 71,64,48 81,72,66 76,65,58 75,67,54 76,66,42 67,59,48 67,59,48 73,65,54 81,69,59 90,71,59 139,101,80 214,126,88 253,132,80 255,132,79 254,132,83 255,137,86 83,74,59 83,71,59 80,68,58 74,61,56 72,62,52 79,69,59 90,76,51 104,87,63 86,67,53 92,78,64 108,87,60 113,84,53 145,110,72 152,118,77 175,129,90 156,122,81 162,126,79 168,132,83 121,99,50 88,73,35 175,137,100 95,84,38
83,75,39 77,68,60 73,65,54 79,71,60 71,63,52 70,62,51 76,66,56 73,61,51 90,77,45 79,65,47 56,48,37 67,57,47 75,63,53 79,69,59 71,61,51 79,69,57 83,72,53 103,69,39 179,93,4 129,118,115 109,86,55 145,88,17 71,58,37 104,112,98 190,106,21 194,105,22 76,66,56 70,62,49 75,65,53 72,64,51 73,65,54 74,67,51 75,67,56 79,69,59 85,77,66 158,89,74 151,88,64 155,84,63 208,104,69 255,119,61 255,130,71 255,141,81 100,73,55 74,64,52 58,49,43 51,43,32 72,64,51 76,66,56 84,76,63 74,66,53 74,66,55 70,62,51 83,71,61 94,83,66 99,88,73 88,77,62 83,72,53 95,76,51 110,87,58 90,71,48 82,73,54 104,89,51 80,70,30 85,66,52
81,74,47 68,63,51 78,69,61 79,71,60 80,72,61 75,67,56 74,64,54 80,68,58 80,68,56 81,70,55 76,64,52 71,61,49 68,58,48 79,71,60 81,71,61 77,69,58 81,58,27 142,85,27 139,86,20 203,148,92 231,190,129 151,93,27 132,101,64 222,165,107 186,105,26 197,105,21 70,62,51 67,59,46 68,60,49 73,66,50 72,62,50 72,64,53 78,71,51 75,64,49 102,67,40 129,83,67 138,80,66 144,85,66 186,97,64 247,114,62 255,127,78 227,108,69 226,111,59 171,99,62 75,60,49 68,59,53 64,53,50 74,66,55 80,70,58 72,62,50 77,69,58 72,64,53 47,41,32 54,48,41 73,68,54 80,71,54 78,73,59 71,67,50 77,70,54 56,51,39 75,67,45 96,79,53 89,78,45 93,84,37
77,68,60 78,69,61 79,70,64 78,69,63 71,63,52 71,63,50 76,66,54 74,66,53 76,64,54 78,68,58 78,66,56 80,68,56 73,63,53 81,69,59 76,64,54 72,67,55 79,61,40 115,93,59 163,127,96 221,126,23 211,76,22 199,70,25 205,63,25 196,89,17 183,105,34 100,73,41 74,64,52 72,62,52 68,57,50 72,63,48 76,62,48 79,69,57 68,58,48 172,88,73 175,94,69 228,126,88 130,73,54 146,88,66 177,108,75 235,153,95 213,123,83 214,107,64 206,104,66 211,103,67 99,76,65 73,62,55 71,62,54 70,61,53 59,50,44 71,62,56 74,65,57 72,64,53 71,63,50 67,59,46 58,50,37 66,57,49 73,65,54 70,62,49 61,57,40 57,52,38 60,53,37 63,59,40 87,78,49 85,75,37
75,67,54 77,69,56 85,77,66 81,73,62 71,63,52 77,69,56 73,65,52 72,64,51 75,63,51 82,70,58 75,63,51 69,57,47 76,64,54 78,66,56 77,65,55 80,70,60 71,56,45 86,59,23 148,96,34 215,143,95 255,197,138 253,182,138 192,98,59 148,91,22 129,82,32 79,69,57 87,79,66 85,74,59 99,85,69 180,153,119 206,172,129 210,174,127 156,139,111 146,104,80 218,176,134 217,174,118 241,200,143 211,174,132 232,191,132 255,244,161 255,235,156 255,224,146 255,224,150 255,234,156 255,228,179 75,72,57 72,66,61 72,66,61 58,52,47 58,52,47 64,55,49 72,63,57 71,63,52 66,58,45 56,48,37 59,51,40 66,58,47 84,72,62 83,73,61 113,82,63 110,80,54 54,47,31 57,49,38 64,55,26
70,62,49 66,58,45 71,63,50 72,64,51 75,67,54 75,67,54 72,64,51 74,66,55 81,71,61 79,71,60 71,63,50 72,62,52 78,68,58 77,65,55 84,72,60 78,68,58 81,73,62 78,70,59 135,100,85 172,119,96 245,167,121 255,198,145 197,143,105 105,82,42 189,163,122 213,181,126 191,172,133 90,77,56 173,149,114 251,215,157 255,238,172 252,213,144 255,237,163 218,181,139 255,242,169 255,221,152 255,233,154 237,206,157 162,143,108 166,145,118 177,155,121 172,148,113 237,200,160 255,237,159 240,195,131 255,240,165 246,207,136 255,239,162 255,241,159 255,245,164 122,97,78 71,58,53 67,56,51 68,59,53 66,59,59 57,51,46 60,49,44 103,74,54 239,118,73 242,110,64 227,104,62 242,100,64 123,81,68 55,51,34
72,64,51 72,64,51 73,65,52 75,67,54 80,72,59 80,72,59 80,72,59 75,67,54 93,69,45 142,83,55 144,82,55 175,89,57 166,85,60 86,64,58 74,64,54 87,76,61 79,67,69 81,72,66 129,107,89 148,119,99 210,145,106 222,155,110 246,186,134 241,152,82 210,121,38 179,104,32 253,196,136 211,175,126 247,204,144 255,239,169 255,233,163 255,229,153 255,245,168 232,190,136 255,212,138 255,227,161 211,181,137 145,133,123 142,129,122 147,136,121 148,136,124 150,135,124 175,151,125 153,140,117 167,148,123 168,148,118 173,145,116 240,199,131 229,193,144 240,212,154 255,249,169 255,236,170 243,212,150 247,212,145 255,239,164 255,221,150 175,138,96 191,103,65 241,118,74 201,102,63 167,85,60 158,78,62 224,96,67 134,85,65
73,65,52 72,64,51 79,71,58 78,70,57 74,66,53 74,66,53 82,71,56 165,92,64 208,134,98 214,142,96 255,119,74 247,107,59 248,115,65 168,146,112 171,149,113 191,159,113 201,172,123 255,222,168 126,105,92 172,127,94 200,145,102 243,180,129 211,168,151 229,151,84 170,104,33 118,75,28 94,67,31 104,63,14 217,164,109 255,215,148 255,237,159 255,244,166 251,207,140 235,194,133 240,201,140 189,166,135 135,123,123 131,121,122 122,117,114 124,111,119 120,110,111 118,108,109 125,114,111 139,130,122 144,134,122 145,133,121 165,146,123 159,140,113 168,147,120 178,156,120 158,141,117 157,140,112 175,152,121 169,146,117 245,203,140 255,222,161 255,239,171 239,198,149 255,211,144 255,242,168 243,197,131 255,227,157 172,86,54 230,99,66
79,71,58 78,70,57 80,72,59 73,65,52 74,66,53 79,71,58 137,111,90 160,135,105 171,145,106 232,199,151 229,186,137 255,121,78 172,144,115 177,154,114 255,214,165 226,186,132 255,244,175 255,227,153 117,108,93 173,126,94 234,173,128 255,206,140 193,159,137 200,111,30 114,69,21 92,60,26 88,71,43 90,64,23 165,112,59 255,222,150 255,217,149 245,204,143 232,195,140 237,201,150 227,191,142 229,193,144 218,185,137 206,179,134 212,182,136 193,160,135 156,145,128 137,126,121 133,121,121 131,121,125 128,118,117 134,125,121 140,128,116 139,128,113 150,136,118 149,135,117 151,137,121 150,135,115 158,139,116 162,141,114 163,143,113 181,154,118 153,135,116 183,147,127 246,205,137 203,170,120 255,244,165 255,237,157 255,238,157 193,109,65
81,72,57 78,68,58 78,69,54 92,85,69 84,71,48 91,80,65 164,144,114 167,143,110 179,151,113 235,196,153 255,218,159 199,168,129 186,157,124 255,228,157 206,173,134 255,236,159 255,225,157 255,239,165 122,98,76 136,120,107 174,131,73 232,178,101 255,227,152 227,139,60 70,42,13 235,203,157 111,92,67 92,65,20 197,152,104 230,193,140 228,191,138 224,188,137 227,190,137 223,187,136 224,188,139 227,191,142 231,193,143 228,191,138 230,193,140 236,196,144 233,193,141 220,183,139 193,170,139 181,163,142 159,147,137 144,132,134 138,126,128 131,120,129 127,117,118 124,114,115 125,115,114 125,115,114 134,121,116 146,134,122 150,137,116 147,136,117 152,135,109 169,146,115 220,190,146 255,224,150 247,198,133 255,225,159 201,164,124 183,161,116
78,69,54 173,147,124 192,173,136 214,185,136 211,182,133 169,150,115 173,151,117 197,167,125 245,203,140 255,237,168 255,236,159 225,186,143 218,182,135 221,184,131 255,236,167 244,201,141 255,238,165 255,207,135 109,95,77 115,111,103 149,138,119 182,155,119 203,171,129 228,182,116 64,31,20 223,190,138 221,190,141 167,136,97 215,184,135 216,183,133 237,204,152 220,187,135 223,191,136 218,182,120 248,211,138 243,204,133 235,194,135 225,188,135 231,193,143 227,190,137 227,190,137 230,193,140 234,197,144 232,195,142 226,189,136 229,189,137 229,189,137 216,178,141 163,144,132 161,142,130 154,138,123 139,126,123 129,118,125 119,111,117 123,113,114 135,126,120 146,137,120 151,136,116 166,147,124 168,145,114 158,141,113 152,138,109 153,136,110 196,169,124
255,218,154 190,156,122 255,222,153 255,226,160 249,206,146 235,195,131 214,177,124 240,198,133 255,209,142 255,243,171 255,220,148 249,207,142 234,195,138 244,205,146 242,206,148 255,220,156 255,218,156 244,209,153 122,103,87 126,114,104 153,139,123 180,151,118 184,144,108 204,170,129 62,43,18 250,151,94 216,183,135 220,187,137 214,181,131 217,184,134 220,187,137 224,191,141 216,181,143 255,255,168 255,241,148 255,242,149 255,249,168 226,188,140 230,192,142 225,188,135 227,190,137 225,188,135 241,204,151 233,193,141 230,190,138 235,195,143 235,196,139 237,195,141 238,196,142 234,192,138 230,190,136 229,190,133 212,171,122 214,176,130 174,144,118 137,126,123 128,118,122 121,116,115 130,116,118 149,138,123 149,135,121 149,135,117 151,135,118 155,140,118
243,191,141 255,246,174 255,228,149 255,238,168 255,244,170 251,210,151 246,206,154 236,200,149 239,202,149 246,211,157 239,204,150 227,196,145 221,188,138 217,184,134 225,189,140 222,189,137 227,194,142 221,190,139 112,98,84 142,110,76 150,129,86 227,170,99 235,171,75 185,155,111 145,102,53 212,121,34 213,181,135 211,178,128 217,184,134 213,180,130 221,188,138 222,189,139 220,189,127 46,39,19 86,65,38 159,97,25 220,190,132 223,188,134 226,188,138 227,190,137 230,193,140 224,187,134 227,190,137 234,194,142 228,188,136 235,195,141 234,194,140 242,201,144 237,196,139 241,200,143 235,196,139 229,190,133 234,195,138 232,193,136 235,194,135 237,196,137 232,193,136 219,177,135 160,148,120 137,125,125 124,115,111 130,121,115 141,128,121 144,134,124
255,243,171 255,243,174 255,231,152 255,240,163 255,240,167 235,198,145 226,191,137 225,192,140 233,197,146 231,195,144 226,190,139 220,189,138 220,187,137 225,189,142 218,185,137 222,189,139 221,188,140 213,181,135 107,95,83 122,115,118 198,169,145 255,224,153 255,255,183 253,226,179 183,120,28 202,111,22 208,176,130 210,177,127 224,191,141 217,184,134 218,185,135 216,183,133 218,191,144 13,14,4 74,55,32 188,102,52 171,139,93 227,192,138 226,188,138 221,184,131 231,194,141 224,187,134 226,189,136 228,188,136 235,195,143 233,192,143 232,192,138 234,193,136 239,198,141 242,201,144 239,200,143 237,198,141 240,201,144 235,196,139 237,196,137 236,195,136 234,195,138 232,192,138 226,187,130 213,186,143 191,166,138 177,156,131 163,147,134 151,140,135
255,244,170 255,229,155 246,205,146 226,191,137 225,190,136 224,193,140 217,184,132 216,185,134 217,188,137 217,186,135 220,187,137 215,183,137 210,180,134 214,182,136 214,184,138 213,181,135 210,180,134 211,181,135 105,93,83 124,122,123 207,180,148 255,218,148 255,250,182 255,255,200 226,167,119 219,168,111 210,179,126 211,178,128 217,184,134 216,183,133 210,179,130 217,186,133 212,182,138 15,11,3 159,94,55 127,86,55 203,169,135 216,178,128 236,197,138 227,189,139 232,194,144 228,190,140 225,187,137 221,181,129 230,190,138 227,187,135 227,187,135 234,195,138 235,196,139 235,196,139 235,194,137 239,198,141 238,197,140 238,197,140 239,198,141 242,201,144 232,191,134 234,195,138 236,195,138 238,197,138 237,196,137 247,199,141 236,197,136 232,186,127
235,199,141 215,184,131 219,188,137 225,192,144 216,183,131 213,181,135 210,180,134 211,181,137 210,180,136 212,180,134 216,184,138 215,183,139 207,177,133 208,181,136 211,181,137 217,187,141 212,182,138 210,180,136 105,94,89 134,136,150 208,179,148 255,213,145 255,245,171 255,255,192 255,251,186 224,195,146 210,179,128 216,185,134 211,178,130 215,182,132 193,171,124 170,148,130 156,148,126 215,147,59 132,101,93 255,138,71 240,144,17 236,156,46 245,206,133 237,201,143 227,186,137 233,196,143 231,194,141 232,192,140 226,186,134 232,192,140 230,190,138 230,190,136 232,192,138 233,193,139 241,200,143 255,215,158 236,195,138 236,195,136 244,203,144 235,193,139 237,196,137 236,195,136 230,189,130 232,191,132 230,187,129 243,202,143 221,185,127 244,201,141
211,182,133 217,188,139 214,183,132 220,187,139 209,182,137 213,183,137 217,185,141 205,178,131 212,180,134 212,180,134 210,180,134 210,180,136 207,177,133 204,177,132 205,180,134 206,176,130 213,181,135 212,180,136 111,109,110 134,137,148 203,173,147 248,202,145 255,236,149 255,255,172 255,255,178 255,236,165 217,186,137 198,171,135 160,149,132 142,129,124 130,116,116 136,120,103 255,161,24 255,170,25 255,158,18 255,164,73 202,146,50 172,131,59 237,200,147 237,198,141 226,186,134 225,185,133 239,199,147 225,187,137 223,185,135 233,193,141 223,183,131 226,186,134 228,188,136 227,187,135 235,194,135 244,203,144 239,198,141 238,197,138 248,203,141 230,189,130 236,195,136 238,197,138 237,194,134 244,199,135 252,202,140 238,196,133 238,195,137 232,191,132
213,182,133 222,191,138 213,182,131 208,181,136 213,183,139 210,178,136 203,176,131 205,178,133 210,183,138 205,178,133 208,178,134 214,184,140 203,176,131 203,176,131 202,175,130 199,169,127 211,181,137 208,178,134 120,125,124 131,136,146 195,164,141 240,197,139 255,228,143 255,251,161 255,255,172 255,255,180 210,179,128 136,118,113 122,114,120 118,110,118 111,100,109 105,92,85 140,91,3 187,139,53 240,157,48 255,242,123 195,136,43 226,189,145 242,202,150 223,187,136 220,185,131 217,181,130 224,186,136 221,188,136 226,190,139 220,183,130 226,186,134 228,189,132 234,195,138 239,200,143 239,198,141 234,193,136 237,196,137 241,200,141 239,199,135 232,191,130 249,208,149 224,183,126 234,192,138 242,201,142 240,195,133 241,195,136 243,202,141 239,198,139
221,188,140 217,184,136 205,178,133 204,177,132 208,177,138 205,178,133 203,176,133 203,176,133 202,175,132 206,176,132 211,181,139 203,176,131 202,175,128 205,175,133 204,177,130 205,178,131 207,177,133 201,174,131 133,132,147 128,129,134 189,160,129 234,192,140 255,219,137 255,240,149 255,255,166 255,255,176 235,208,147 206,175,124 199,171,133 201,171,129 187,163,126 157,137,107 213,179,134 234,204,158 191,161,119 188,161,127 247,211,151 253,212,155 225,185,133 222,186,135 213,177,126 224,186,136 218,182,131 219,181,131 219,183,132 224,187,134 237,198,141 232,192,138 233,193,139 233,193,139 238,197,140 231,190,133 248,207,148 228,187,130 235,194,137 241,200,143 243,200,140 238,197,138 244,204,138 234,193,134 237,196,137 241,200,141 239,196,136 232,191,134
200,176,143 193,168,138 191,166,136 189,166,137 185,160,130 185,162,131 193,169,134 191,167,132 195,166,133 195,171,136 188,164,129 198,170,132 198,172,133 200,174,135 196,170,129 202,176,135 196,168,128 189,162,119 129,132,143 125,128,135 180,151,127 222,181,136 255,215,132 255,237,143 255,252,159 255,255,168 255,246,168 216,183,131 213,180,130 215,182,134 220,189,138 214,183,134 246,214,159 233,198,144 219,182,129 234,198,140 223,186,133 225,192,142 213,180,130 210,177,125 219,183,134 218,182,131 226,188,138 231,194,141 223,186,133 229,189,137 230,190,138 227,187,133 237,197,145 229,189,137 231,188,139 235,193,139 234,194,140 236,197,140 230,191,132 238,197,140 237,194,134 253,210,152 238,197,138 243,202,143 237,196,137 228,187,128 235,194,135 244,201,143
121,111,112 122,114,120 118,110,118 114,108,115 112,107,109 115,107,113 115,107,113 117,112,114 115,110,112 116,108,114 114,109,111 114,109,111 119,112,112 115,110,112 118,110,116 120,115,117 118,111,111 125,117,125 131,134,143 128,127,130 162,147,127 216,177,136 255,204,132 255,224,137 255,245,152 255,255,164 255,255,164 210,179,126 216,185,134 207,176,127 217,184,132 217,184,132 218,185,133 215,182,132 222,186,137 208,175,123 211,178,128 217,185,130 213,180,128 210,177,125 216,183,131 218,182,131 224,186,136 227,187,135 234,194,142 227,187,135 235,194,145 229,189,135 225,186,129 222,182,130 227,187,133 234,194,142 227,187,133 232,193,136 227,188,131 232,191,134 237,196,139 232,191,132 237,196,139 232,191,132 236,195,138 241,200,139 235,196,139 214,184,138
189,160,129 174,153,128 180,160,128 174,155,128 165,146,121 164,147,123 152,137,115 142,130,118 131,121,109 132,121,116 127,118,110 129,120,116 115,108,111 118,112,117 120,115,117 131,122,114 139,130,115 135,126,120 135,135,145 130,128,129 156,142,126 207,174,135 250,194,127 255,215,131 255,239,146 255,253,158 255,255,164 227,199,141 215,186,135 210,179,128 203,173,127 205,178,131 205,179,129 203,174,125 222,189,139 215,182,130 222,186,137 215,182,130 216,183,131 214,181,129 222,186,135 223,186,133 216,179,126 225,185,133 227,187,135 227,187,135 227,187,135 226,186,134 223,183,131 226,186,134 226,187,130 227,187,135 220,183,130 223,183,129 232,193,136 236,195,138 234,193,136 238,197,138 238,197,140 239,198,139 227,190,137 218,181,137 187,162,118 183,155,117
255,242,169 255,245,172 197,171,130 193,167,126 189,163,122 195,168,125 195,167,129 196,173,131 195,170,124 194,171,131 195,169,128 187,163,128 142,132,122 135,126,122 161,139,119 196,169,133 199,172,127 189,168,141 139,138,141 134,128,135 153,134,118 191,159,127 234,188,131 255,208,127 255,230,142 255,247,156 255,255,164 237,208,147 203,176,131 198,171,128 204,174,132 205,175,129 204,177,132 206,180,130 208,178,134 218,182,133 223,185,135 217,184,132 221,183,133 222,186,135 223,188,134 223,188,134 221,184,131 232,192,140 215,179,128 220,180,128 228,188,136 214,177,124 229,189,137 226,186,134 223,183,129 235,195,141 229,189,137 227,187,133 230,191,134 229,190,133 235,194,137 234,193,134 225,184,127 219,181,131 181,154,118 147,127,118 187,165,120 224,189,135
245,203,140 255,219,154 255,242,175 208,178,132 192,167,123 194,168,127 195,169,130 190,162,122 194,166,126 188,165,123 171,148,117 173,153,123 162,143,118 151,134,108 162,148,123 154,136,115 149,134,114 139,129,119 143,140,146 138,133,135 141,129,119 177,152,124 222,180,128 255,200,126 255,226,139 255,237,146 255,252,160 230,178,105 199,171,131 201,176,132 203,176,133 191,162,127 204,173,134 199,168,129 196,165,128 216,183,133 224,186,136 217,181,130 220,182,132 220,182,132 217,182,128 224,187,134 225,188,135 227,189,139 219,181,131 223,183,131 227,187,135 232,192,140 221,183,133 225,187,137 222,182,130 225,185,133 227,187,135 227,187,133 226,187,130 227,188,131 231,195,133 198,167,116 200,166,121 236,196,142 156,136,129 187,163,130 255,219,163 224,180,127
213,176,123 255,242,172 255,240,169 255,241,172 176,145,108 138,126,116 132,121,114 126,115,108 123,116,119 120,113,116 118,110,116 118,110,116 116,108,114 115,107,113 119,111,119 116,108,114 115,107,113 124,119,121 128,113,102 137,135,133 136,127,119 168,144,122 208,172,125 245,192,126 255,218,137 255,229,136 245,163,49 204,159,95 195,167,129 199,171,131 190,163,129 188,161,127 202,169,130 208,176,134 214,181,133 225,189,138 225,187,137 228,188,136 215,182,130 218,181,128 225,188,135 221,183,133 223,186,133 225,188,135 221,184,131 223,183,131 226,186,134 228,188,136 223,183,129 226,186,132 222,181,132 219,178,129 223,185,135 221,183,133 208,174,131 191,157,125 181,154,118 255,224,158 201,168,120 255,243,162 255,233,155 226,191,135 255,206,139 244,199,137
166,150,117 160,144,113 161,142,119 168,145,114 174,146,117 193,165,125 239,208,144 236,202,139 215,194,142 115,107,115 114,107,110 113,105,113 115,107,113 116,108,116 116,108,114 118,110,116 116,108,114 121,113,119 123,114,125 119,102,65 121,99,52 137,111,61 167,124,66 196,134,58 200,143,56 227,155,66 209,170,109 210,179,140 196,170,129 203,176,133 188,161,127 205,172,133 212,181,132 223,187,138 223,187,136 225,187,137 221,183,133 220,187,135 226,190,139 231,193,143 227,190,137 223,186,133 218,180,130 221,181,129 225,185,133 228,188,136 221,181,129 225,184,135 222,182,130 229,189,137 228,187,138 229,186,137 211,178,130 215,184,133 239,207,152 215,179,128 193,160,121 255,237,163 220,185,131 255,243,155 255,229,150 255,210,141 255,219,150 255,217,143
145,134,117 145,133,121 151,140,123 164,145,118 177,154,125 201,170,131 231,195,137 252,211,150 242,204,138 255,234,163 139,125,107 118,111,114 119,111,117 116,108,114 116,108,114 114,106,112 114,107,110 117,106,113 115,107,113 125,117,123 125,115,119 126,122,105 151,127,92 166,137,104 180,151,127 177,156,129 205,177,137 194,166,126 189,168,127 206,179,134 220,187,139 210,177,127 222,189,137 216,183,131 222,186,135 215,179,128 216,180,129 227,189,139 220,182,132 221,184,131 225,184,135 226,189,136 219,182,129 237,194,145 222,181,132 224,187,132 224,187,132 225,185,133 215,179,132 215,179,132 197,165,121 205,173,127 204,174,130 207,175,129 255,225,161 241,202,143 255,235,160 255,223,156 234,198,140 255,238,159 255,243,159 248,204,137 255,206,144 255,219,152
146,135,120 145,134,119 141,129,117 140,128,118 140,128,116 144,130,112 175,151,125 249,213,153 255,238,166 255,231,162 255,240,165 248,217,166 173,150,121 166,146,126 154,138,123 144,132,122 136,125,118 135,124,121 130,120,121 125,115,114 118,111,111 127,117,116 125,113,113 135,124,119 160,143,117 191,167,130 207,175,129 210,181,130 207,176,125 210,179,130 214,183,132 216,183,133 220,182,132 216,183,131 217,184,132 216,180,129 220,184,133 225,187,137 223,185,135 225,188,135 223,185,135 224,186,136 223,185,135 217,179,129 221,183,133 219,184,130 220,185,131 195,164,125 213,184,151 166,145,122 179,154,126 190,167,125 199,167,123 220,184,135 255,241,157 253,209,138 255,242,161 255,217,146 255,232,155 255,239,165 255,239,158 255,215,146 255,223,149 255,233,156
132,120,108 130,118,106 139,132,116 139,129,117 142,131,114 139,128,113 147,129,108 169,147,111 212,182,138 217,187,141 196,170,131 222,186,137 255,223,162 255,240,171 221,190,130 203,176,129 201,176,130 196,171,125 195,170,124 193,168,124 186,161,117 188,162,121 184,161,119 199,172,127 204,170,125 205,174,125 210,179,128 215,184,133 208,177,128 215,182,132 209,178,129 213,180,128 213,180,130 224,191,141 218,185,135 217,179,129 224,188,137 221,183,133 221,183,133 219,184,130 225,188,135 220,182,132 219,181,131 227,191,140 216,184,129 189,162,128 178,155,115 248,207,148 211,173,125 255,231,152 221,183,119 205,176,127 255,237,160 239,193,136 255,244,158 255,243,155 255,245,156 255,217,145 255,214,145 255,221,151 255,219,150 255,232,155 255,222,146 255,228,151
144,132,106 142,129,108 133,122,107 120,111,105 125,116,110 143,129,111 141,130,113 142,127,116 150,137,114 166,146,114 172,147,117 191,164,119 255,235,170 255,238,169 255,240,169 255,231,167 233,204,143 204,175,126 201,174,129 199,172,127 203,176,129 201,174,129 203,176,131 201,176,128 202,175,128 204,178,126 208,177,128 208,177,128 208,177,126 214,181,131 209,178,127 216,183,131 215,182,130 213,180,132 218,182,131 215,182,130 215,182,130 215,182,130 214,181,129 220,187,137 223,185,135 220,184,133 211,177,136 192,165,133 187,164,122 180,153,117 214,183,134 255,217,158 255,241,158 255,222,148 255,228,151 255,225,152 235,198,145 255,231,157 255,240,165 255,238,152 255,242,163 247,205,142 255,222,152 255,218,148 255,221,149 255,208,142 255,217,147 255,222,154