72,72,40 118,120,63 96,94,36 86,90,32 79,90,34 83,94,34 86,99,56 89,98,54 99,107,43 119,126,69 98,107,47 142,142,72 96,103,44 146,146,76 138,138,66 116,118,45 125,126,60 105,114,54 101,99,66 86,94,69 83,88,52 92,101,55 67,75,36 100,108,55 81,91,54 73,90,23 40,51,20 47,60,19 77,59,54 54,41,38 54,38,36 49,36,31
100,101,51 70,68,37 71,62,43 110,103,60 110,109,53 114,112,40 128,132,49 84,86,40 102,107,35 144,150,44 107,109,52 143,145,74 156,161,85 109,116,57 126,130,72 99,103,49 102,109,50 131,136,75 91,94,45 103,102,75 86,90,61 77,84,50 71,75,46 64,79,26 80,95,40 33,45,9 67,82,29 42,52,26 70,54,48 60,47,44 57,41,37 56,43,38
85,90,29 84,86,60 97,98,61 88,88,18 106,101,50 68,66,48 123,122,68 120,125,51 126,132,51 109,110,44 150,158,65 66,73,27 100,104,46 91,92,53 89,89,44 85,83,50 101,101,60 102,101,63 96,79,55 108,100,87 70,71,50 79,82,60 101,108,64 54,66,17 60,77,26 47,58,27 66,78,44 46,58,24 85,65,56 69,54,45 52,39,32 71,54,46
60,65,33 62,69,37 120,119,67 170,167,82 109,101,51 124,122,52 119,113,79 150,150,91 87,94,37 137,137,53 122,123,55 120,125,51 158,160,64 96,96,26 88,88,56 116,106,66 80,74,49 77,75,53 70,62,49 172,138,108 81,81,65 68,69,46 63,67,29 61,64,31 46,59,16 53,65,31 52,64,26 80,96,38 66,49,41 69,53,49 49,36,31 48,32,28
60,55,54 63,66,35 103,101,54 91,82,53 97,95,35 139,137,75 125,126,49 99,99,40 112,111,46 136,144,37 104,104,32 92,96,27 129,130,51 150,148,58 87,77,55 97,83,54 121,109,72 184,152,95 66,66,52 149,136,102 151,123,85 140,118,82 110,99,80 94,96,70 77,92,37 81,98,33 38,51,10 36,50,20 78,62,56 73,60,55 71,55,49 82,60,54
104,104,74 61,64,33 119,117,55 104,102,55 117,118,41 126,126,54 110,110,49 105,100,57 92,92,33 123,125,52 109,109,39 143,144,37 140,133,74 126,114,57 84,84,52 83,83,51 94,87,56 83,83,49 75,76,55 163,143,113 159,140,103 154,145,71 144,138,61 58,64,25 43,53,20 30,38,13 42,54,18 62,70,45 66,48,43 73,60,53 73,60,53 55,39,33
77,80,49 48,52,35 74,77,42 93,93,50 58,57,3 140,140,40 108,109,43 82,82,41 80,80,35 108,110,37 103,105,19 142,142,40 111,95,62 74,74,42 76,79,48 79,81,53 73,75,47 135,126,79 125,118,61 162,136,82 115,109,34 130,118,50 102,94,31 135,134,69 27,36,8 37,45,20 33,43,19 77,94,29 78,63,54 73,58,49 84,68,62 51,34,24
55,56,37 81,81,67 62,64,47 59,60,37 139,144,72 110,105,50 118,118,46 97,95,62 123,122,55 83,83,40 127,132,60 130,135,34 96,92,57 74,69,37 167,161,70 127,127,45 178,167,80 133,126,65 101,98,45 161,137,75 129,122,50 115,106,50 127,120,59 138,127,63 103,111,72 48,57,27 50,64,3 44,64,0 83,67,61 63,51,41 87,71,67 55,37,34
56,55,48 50,45,47 57,58,46 60,65,43 70,77,43 80,79,43 70,67,52 100,97,71 116,116,57 116,113,69 171,175,51 61,57,22 61,64,40 138,129,69 189,180,95 160,145,82 98,84,68 136,122,108 157,137,117 109,82,50 73,55,50 142,109,57 99,83,96 177,153,116 104,95,87 41,49,26 41,53,19 39,45,18 84,72,62 55,41,43 77,61,57 64,47,37
50,55,35 46,46,41 55,58,34 82,84,56 107,107,46 69,70,47 121,123,52 108,108,38 122,121,56 113,95,92 96,69,33 131,105,64 189,152,97 214,167,104 222,176,108 240,206,143 250,208,168 189,152,126 209,182,166 252,217,192 153,117,88 185,145,93 255,220,156 255,230,157 174,148,123 31,47,3 37,46,16 68,66,48 66,53,48 55,39,33 68,52,48 49,36,29
53,52,43 53,51,29 65,64,28 85,71,46 142,130,23 156,159,81 108,114,46 129,137,75 127,138,37 73,60,39 81,64,40 97,76,51 239,226,163 164,141,56 151,122,69 184,162,124 59,46,41 235,196,127 179,149,107 242,209,161 224,191,141 241,207,146 179,164,144 83,79,60 41,43,28 39,43,26 39,48,18 50,41,33 73,59,61 67,54,51 66,50,48 59,44,33
129,106,21 147,168,48 120,108,0 187,154,15 109,127,24 121,132,31 123,143,30 100,120,25 96,103,44 70,77,70 189,187,140 204,194,145 108,132,42 93,114,10 136,120,103 198,173,129 102,126,16 149,163,36 101,102,36 108,113,68 124,124,108 122,115,115 61,57,49 60,60,28 71,71,68 43,47,20 57,52,22 74,61,54 74,61,58 55,42,37 70,53,45 58,42,29
113,134,16 97,108,9 110,124,26 216,167,13 100,108,15 121,137,38 118,133,37 116,117,10 58,75,28 64,75,62 242,229,156 170,160,120 78,104,11 79,105,26 122,150,47 88,113,16 84,103,24 96,124,21 92,109,29 93,114,23 77,92,24 116,117,40 110,109,53 95,80,33 60,63,53 53,61,36 59,51,17 70,54,48 70,56,56 59,45,45 64,46,43 48,35,30
86,104,30 72,89,11 91,105,30 98,108,14 72,80,0 205,165,40 168,137,0 102,128,33 70,94,25 51,71,28 44,51,19 58,48,36 63,92,10 85,112,24 79,104,18 83,104,29 95,109,32 76,90,15 91,107,20 76,83,8 81,92,32 77,73,15 60,64,10 42,52,15 40,51,20 57,67,30 56,59,24 63,60,36 65,54,49 50,34,30 64,48,46 58,42,36
117,119,21 90,101,31 84,102,30 83,94,22 78,94,23 103,122,41 66,88,21 76,98,20 89,114,28 95,119,38 68,81,27 83,103,33 93,119,40 106,134,31 93,112,31 82,99,21 115,130,46 76,87,17 118,122,37 100,104,21 77,85,19 83,86,26 86,99,47 57,71,23 54,70,28 59,71,37 48,53,17 60,63,28 49,44,30 64,51,46 56,40,34 89,66,53
78,91,19 111,119,37 98,109,39 106,116,38 83,100,22 88,110,32 77,100,26 81,95,4 73,97,18 82,104,22 84,109,35 87,109,31 97,121,38 86,98,19 91,110,31 108,122,43 100,113,41 88,98,22 86,98,12 96,103,30 124,119,21 112,120,27 116,120,53 98,103,40 174,151,64 42,54,18 63,71,30 48,57,29 36,32,22 69,58,51 63,45,40 78,55,42
164,133,24 99,113,38 98,103,29 87,104,26 101,115,36 81,93,30 113,122,33 91,110,31 80,100,30 86,107,32 83,109,28 68,93,19 68,91,29 114,114,14 95,109,32 81,91,26 103,113,35 103,117,30 97,103,33 76,93,24 112,113,36 103,105,23 104,109,44 98,108,34 79,88,32 95,95,50 88,81,40 82,73,26 55,63,24 77,74,50 59,46,39 74,51,40
147,135,37 120,125,49 80,98,24 76,97,22 93,105,40 92,105,33 85,91,23 111,102,3 159,107,0 81,108,22 185,151,10 77,108,16 90,111,7 105,94,0 88,103,21 85,104,23 78,93,27 97,104,29 73,79,29 97,105,41 171,122,12 123,107,22 105,116,58 98,78,19 90,111,36 110,118,56 100,100,39 34,48,16 39,48,2 56,58,30 71,67,46 78,64,46

110,112,70 87,90,28 89,86,42 86,86,43 83,92,34 81,96,43 89,103,57 88,99,43 82,92,27 111,120,62 96,104,51 133,133,51 108,111,51 145,145,73 133,134,55 121,120,41 116,120,51 107,112,49 97,103,53 88,92,65 91,96,62 97,109,64 77,85,46 88,105,38 71,85,37 48,63,8 41,53,15 42,54,20 86,71,62 62,49,44 49,33,31 49,33,29
76,75,39 86,85,33 71,64,37 98,92,44 108,107,55 111,110,33 122,123,46 85,91,52 97,103,35 143,149,43 96,99,50 146,151,77 151,156,80 110,114,58 114,118,64 95,103,39 98,105,50 124,129,64 92,94,50 96,98,70 82,86,57 67,79,43 62,68,39 63,78,23 62,76,28 46,57,28 77,94,27 46,57,28 78,61,51 64,48,42 45,29,27 62,44,41
96,96,35 109,111,83 79,80,57 96,94,20 98,93,50 77,69,56 102,97,54 114,115,38 123,127,40 106,108,35 150,153,73 74,81,35 107,112,51 88,95,47 96,99,48 93,92,54 98,98,55 108,107,69 102,87,65 88,80,67 73,74,53 82,86,57 86,97,39 47,58,18 61,77,17 52,65,22 64,78,30 42,54,20 73,57,51 70,57,52 46,33,26 71,55,40
63,73,40 58,63,31 133,133,90 165,165,83 89,80,35 121,117,55 114,110,75 136,141,65 79,86,31 132,137,45 113,115,44 115,121,40 158,163,62 92,96,29 86,87,48 122,110,71 78,76,47 77,78,55 73,66,50 134,107,75 84,82,60 67,68,45 58,69,27 65,70,36 43,58,21 45,62,15 36,52,8 38,50,12 80,65,56 71,55,51 49,36,31 51,36,25
49,48,39 59,63,34 90,90,47 89,80,61 78,72,38 132,134,63 103,105,32 107,105,43 106,111,46 131,138,36 110,112,39 91,96,31 121,122,43 146,149,48 91,79,51 85,77,55 136,122,77 185,148,93 63,58,44 141,137,102 142,123,84 139,115,78 110,99,82 86,86,54 49,63,13 50,64,14 43,55,21 32,46,16 73,58,49 70,58,48 73,57,51 75,51,45
81,82,59 68,69,46 118,113,60 99,95,58 95,94,29 91,88,46 121,119,61 103,100,58 83,91,29 121,123,41 107,110,32 153,154,45 127,121,55 123,118,49 83,87,49 80,78,47 85,83,50 85,78,47 72,73,50 160,143,106 165,148,109 149,143,66 138,132,57 56,59,24 52,67,32 32,42,18 47,64,17 62,74,38 64,48,42 69,57,47 75,59,53 53,40,33
51,55,28 62,64,47 65,71,30 75,74,36 72,69,25 115,117,35 88,84,47 79,73,50 88,90,44 116,116,32 108,113,23 135,140,39 112,104,68 75,70,40 79,81,53 80,83,52 75,77,49 137,131,83 116,109,50 160,136,74 121,115,40 121,114,44 105,99,35 97,86,24 55,59,32 44,48,19 35,43,18 75,87,38 78,62,56 69,54,45 77,62,53 53,36,26
72,75,53 74,78,51 53,56,36 62,63,44 89,87,40 103,100,56 102,106,39 99,97,66 132,134,59 94,92,43 110,112,41 137,144,40 92,89,49 80,78,45 173,160,69 133,123,45 176,172,85 130,127,62 110,106,48 163,142,86 125,119,55 110,107,42 126,119,58 153,140,77 93,102,58 61,78,11 83,101,27 96,113,44 78,63,54 52,36,34 78,63,54 52,37,28
54,54,49 48,48,48 55,57,40 61,64,40 83,90,56 94,96,50 77,75,57 101,97,62 109,112,50 90,91,41 79,82,20 176,179,49 60,61,42 135,130,61 185,176,89 164,146,84 107,94,71 142,126,111 165,146,121 104,75,40 76,63,56 128,96,54 101,90,99 176,149,113 118,107,102 48,54,41 30,37,3 46,53,21 76,60,54 55,41,41 78,62,58 60,43,33
46,51,31 45,43,39 48,50,33 83,81,50 74,81,6 58,61,30 112,115,51 108,110,35 112,109,42 198,180,136 102,83,48 132,105,71 255,242,176 206,161,97 216,172,105 244,209,144 245,212,146 194,159,134 205,175,158 228,193,155 133,103,75 193,153,99 255,211,134 255,231,160 194,174,156 33,46,19 55,67,29 68,66,46 71,55,49 54,41,38 64,51,48 55,43,33
56,53,40 52,55,35 69,65,19 66,57,49 155,157,32 137,137,55 75,81,31 113,117,63 131,124,38 65,67,62 77,62,40 76,61,41 239,232,164 217,178,107 223,192,130 158,133,105 52,45,45 217,179,103 175,141,100 244,210,151 229,201,145 238,203,138 166,150,133 90,92,77 46,48,33 30,38,13 44,54,21 55,49,44 70,56,56 62,49,46 64,51,48 61,46,35
51,50,12 112,118,39 120,107,3 155,132,1 161,154,27 125,144,22 133,154,34 112,134,25 112,136,28 97,120,19 178,167,132 157,152,122 124,147,46 215,209,161 113,88,60 210,178,136 121,140,34 129,133,64 143,130,82 132,107,50 121,115,120 117,111,116 58,54,48 66,69,38 62,65,53 55,55,21 51,52,33 75,59,53 71,57,57 53,40,37 60,47,42 63,46,36
141,137,19 83,98,14 109,125,13 121,133,18 106,123,29 86,104,5 120,126,27 113,130,36 55,75,30 46,68,27 219,202,135 216,198,136 84,116,17 123,123,23 100,124,30 103,122,30 87,111,21 86,106,11 86,104,21 103,119,32 106,122,33 94,94,22 91,88,48 95,80,3 61,61,45 53,60,26 76,66,28 64,51,46 69,58,55 54,41,38 60,43,33 52,39,34
92,109,29 86,99,27 124,135,34 125,102,5 97,109,23 98,115,21 107,110,9 98,120,22 88,111,26 60,81,21 45,50,5 74,98,17 66,85,26 91,119,26 81,112,20 79,103,22 85,104,25 83,103,19 87,97,23 71,91,25 72,86,27 120,104,21 37,56,20 39,52,11 40,51,20 58,65,31 64,62,31 61,51,41 62,50,52 49,35,37 59,46,43 50,35,24
75,91,18 79,93,16 89,108,31 76,86,23 71,86,22 81,98,4 57,76,24 72,96,15 86,113,27 93,122,24 72,81,25 96,116,46 80,106,23 90,116,23 85,104,27 93,107,30 96,115,34 95,105,31 109,115,36 100,111,14 80,93,21 66,75,17 64,78,21 69,81,34 52,70,27 57,69,31 44,51,17 66,69,36 58,52,29 63,50,45 48,31,23 77,54,39
111,121,45 102,113,30 97,107,40 98,103,29 66,87,25 88,110,28 74,97,21 60,82,11 81,107,26 75,99,18 87,113,30 82,98,36 90,114,31 80,99,22 77,96,17 86,98,21 96,112,39 83,97,20 86,100,21 76,82,12 159,153,47 99,111,25 94,101,44 112,116,60 66,68,0 54,64,29 45,50,18 48,57,27 33,29,21 64,53,46 58,43,32 85,57,46
93,93,19 90,102,27 91,97,27 105,113,31 88,101,29 76,91,25 114,112,22 99,124,38 61,81,11 85,102,33 95,122,34 105,107,13 79,95,22 82,99,19 92,106,29 73,85,20 96,108,41 95,107,21 101,106,32 77,83,13 121,116,45 109,105,29 109,113,46 104,114,38 71,81,30 58,63,27 75,77,35 94,85,25 49,57,32 80,74,49 69,53,47 73,52,41
101,103,28 176,135,5 89,105,32 86,101,33 82,100,26 78,95,28 158,131,25 103,114,31 131,123,0 77,101,18 71,93,24 85,110,22 83,102,23 67,85,11 96,113,19 100,115,33 69,83,6 105,121,34 87,91,22 171,158,67 90,96,26 184,138,12 96,103,46 195,163,37 192,164,54 114,107,48 92,95,44 32,42,9 55,63,22 65,67,39 67,58,39 72,58,44

117,121,65 78,81,17 86,84,37 87,87,44 83,92,34 77,92,39 90,103,60 92,103,47 83,93,28 118,127,67 90,99,43 133,132,53 121,123,66 145,145,73 133,134,57 118,120,45 120,123,59 106,111,48 99,104,57 89,91,65 87,94,60 97,109,64 77,85,46 75,92,25 68,82,36 48,61,20 49,63,17 41,52,23 82,67,58 66,53,46 47,31,27 50,34,28
61,59,30 97,95,46 78,71,40 106,101,50 109,108,56 111,107,31 124,125,46 86,90,52 97,106,37 151,157,51 100,103,54 149,154,80 154,159,87 111,113,56 107,108,58 95,103,39 103,110,53 118,122,64 90,92,48 103,105,77 80,86,57 67,79,43 62,69,37 77,93,35 59,74,19 70,82,46 83,99,39 49,59,35 78,61,51 62,46,42 47,31,27 62,44,39
106,106,47 111,114,83 74,72,52 97,95,21 101,97,51 79,71,58 97,91,57 110,112,39 121,126,36 109,114,42 141,147,68 72,78,37 118,126,64 88,95,47 101,104,53 95,95,54 100,100,57 104,103,65 111,93,72 86,78,65 74,75,54 80,84,55 80,92,27 61,74,20 64,80,18 74,88,40 66,80,30 40,52,14 66,50,44 71,58,53 46,32,32 76,57,43
63,73,36 65,69,42 121,121,80 159,157,85 86,77,19 132,129,62 106,102,67 130,133,55 82,86,30 132,137,45 101,105,36 113,118,42 160,163,60 87,90,26 89,90,53 123,111,72 82,76,51 77,78,55 75,68,50 118,88,62 84,82,60 67,68,45 61,74,20 63,71,30 43,58,21 59,73,25 52,65,24 42,54,18 77,62,53 75,59,55 48,35,30 49,34,23
55,56,33 66,71,39 78,76,43 85,77,53 88,79,52 129,131,56 87,88,20 102,102,41 111,117,49 128,135,33 124,127,49 94,99,36 121,121,39 143,142,45 96,84,56 85,75,53 135,121,76 184,149,93 65,60,46 144,140,105 142,124,82 139,115,78 111,100,85 54,58,18 60,74,24 56,69,28 46,58,22 35,46,15 72,56,50 71,58,51 73,57,53 55,35,28
65,67,41 76,76,46 122,120,71 81,76,44 156,160,64 89,85,48 111,109,51 110,107,63 83,88,25 115,119,36 107,111,26 158,159,52 129,122,61 122,117,46 84,88,50 80,78,47 85,83,50 85,78,47 76,75,50 165,148,111 162,145,106 145,139,62 139,129,58 60,63,28 59,71,33 36,46,24 42,56,10 58,68,35 65,50,41 64,52,42 71,55,49 56,39,29
48,51,27 76,78,61 62,68,29 72,73,25 80,78,31 107,106,39 81,76,44 86,80,57 94,96,52 112,112,28 120,125,35 142,146,38 114,107,68 74,69,39 79,81,53 79,79,49 75,77,49 130,124,76 119,112,53 156,132,70 114,110,34 123,116,46 112,106,42 65,58,0 53,57,30 38,44,17 34,42,17 64,77,25 73,57,51 65,50,41 75,60,51 56,39,31
77,79,51 72,73,50 48,51,31 62,63,42 72,69,25 104,101,59 130,136,55 97,95,62 137,139,64 93,95,42 98,103,31 165,169,73 92,85,56 85,86,49 175,162,71 137,127,49 177,170,84 125,122,57 113,105,51 160,140,81 123,117,53 109,103,39 127,120,59 154,143,68 58,66,25 57,75,1 88,107,28 75,90,35 76,61,52 54,39,30 73,57,53 55,40,31
52,52,52 47,47,47 54,56,41 62,67,43 95,102,68 94,96,52 76,76,46 95,94,58 111,114,52 79,79,34 83,89,39 154,154,72 75,71,50 133,128,59 186,178,86 158,141,76 107,98,71 130,116,102 166,147,122 105,78,44 82,66,62 121,93,53 100,89,98 174,147,111 122,111,108 42,51,21 30,40,5 52,57,33 76,60,54 53,39,39 77,61,57 59,42,32
45,49,32 41,39,35 50,51,41 89,87,58 84,93,6 55,57,29 109,112,52 108,111,33 112,109,42 183,162,108 94,74,56 108,83,53 115,91,54 209,167,102 216,172,105 202,169,130 246,211,144 197,162,137 209,179,162 207,172,134 121,91,65 192,153,96 255,209,132 255,231,162 201,182,166 40,55,20 59,72,29 71,69,49 70,54,50 53,40,37 66,53,50 58,41,33
53,56,46 53,54,35 63,60,16 54,46,35 159,156,42 105,103,41 86,92,40 105,107,63 135,130,50 151,144,101 41,41,36 66,61,49 67,57,45 231,217,151 227,194,128 197,165,123 48,43,42 236,197,124 170,135,97 243,209,148 224,196,140 232,202,135 158,142,127 93,86,84 37,39,22 34,43,13 36,45,15 58,49,43 71,57,57 62,49,46 67,53,53 62,46,33
50,48,28 94,94,33 161,123,16 174,132,24 201,173,21 134,155,33 135,158,28 125,148,34 117,140,24 86,107,18 103,104,83 227,208,142 194,188,124 129,135,54 122,97,69 209,175,141 119,135,32 129,125,77 133,119,76 217,166,61 120,111,122 118,110,116 62,58,52 73,78,46 55,56,44 69,74,29 45,46,25 75,59,53 73,60,57 56,43,40 48,32,30 65,45,36
157,151,18 92,113,11 115,131,19 130,142,23 107,123,24 91,111,14 125,139,37 115,131,28 56,75,23 54,78,25 45,39,16 42,60,15 51,63,14 83,107,24 89,109,23 110,129,39 88,113,16 89,108,16 93,111,26 100,114,39 115,130,46 138,136,62 93,87,64 97,87,20 60,61,42 50,57,23 76,63,29 63,51,41 68,57,54 48,35,32 60,43,33 57,44,41
83,100,24 99,108,19 131,138,34 130,112,12 108,116,25 93,112,31 89,112,25 100,120,34 91,122,26 103,129,25 49,68,16 83,109,18 88,109,34 83,113,24 96,121,33 81,105,24 83,100,20 84,99,17 77,91,16 77,93,22 78,91,39 119,103,29 41,56,21 41,54,13 40,53,10 78,82,28 73,71,40 60,49,34 64,52,54 47,33,33 62,49,46 56,41,30
86,93,9 74,88,13 84,100,27 80,92,29 83,95,30 124,126,30 63,78,14 76,102,21 88,113,25 87,113,20 76,95,14 72,93,18 91,119,28 88,115,27 81,99,25 94,110,37 81,98,20 101,112,29 99,106,29 117,120,31 93,108,40 66,76,23 69,79,26 69,76,32 56,68,32 41,56,17 47,52,18 75,73,44 66,57,40 64,51,46 48,31,23 67,46,35
84,101,23 105,114,29 112,129,51 80,90,14 77,98,34 90,108,25 78,98,28 59,88,8 80,106,27 72,98,19 95,121,40 67,83,23 97,123,42 90,114,35 92,111,32 88,100,33 73,87,12 81,93,16 98,107,36 109,116,28 169,155,58 106,118,30 83,87,31 94,95,45 60,71,29 56,68,32 44,54,19 44,49,25 30,21,17 56,49,31 56,39,29 88,60,49
67,76,16 90,102,27 93,104,32 116,120,35 84,100,27 91,110,33 88,95,22 83,107,24 67,88,15 70,92,25 86,113,27 99,94,0 82,90,0 96,118,38 78,95,15 71,88,10 85,97,32 82,93,12 100,105,33 104,104,30 90,98,18 99,97,25 103,105,34 106,119,49 65,77,30 46,54,15 42,43,4 55,60,13 39,44,24 87,82,54 64,48,42 73,52,41
94,100,30 111,117,22 78,94,21 94,110,37 97,114,38 67,82,18 166,143,16 91,103,15 136,126,16 75,100,24 73,90,23 69,100,17 89,103,26 78,98,28 89,97,15 89,105,18 87,103,16 116,132,43 107,107,21 156,136,20 88,97,39 104,95,0 82,91,35 221,158,13 109,109,9 86,84,26 69,76,30 32,42,9 57,69,20 84,83,56 65,58,40 76,55,42

113,117,61 80,83,23 82,78,43 80,80,39 83,92,34 75,90,37 90,103,60 91,101,50 83,93,28 116,125,65 96,104,51 133,131,57 121,123,66 144,144,74 131,132,53 121,119,45 120,125,53 106,111,50 97,102,55 88,92,65 87,94,60 96,105,61 80,88,49 62,78,20 68,81,38 50,62,26 53,67,17 41,51,25 86,71,62 69,56,51 47,31,27 51,33,28
64,60,39 95,93,46 78,75,33 105,99,51 109,108,56 109,108,31 126,127,48 88,91,56 97,105,43 154,160,54 92,94,48 148,155,80 151,156,84 110,114,58 107,108,58 95,103,39 103,110,55 118,123,60 88,93,48 110,109,82 80,84,57 69,79,44 62,69,37 78,94,34 63,80,13 76,87,56 81,98,33 49,59,35 78,61,51 60,47,44 47,31,29 65,44,40
106,107,39 108,112,74 71,69,49 97,95,25 105,101,55 79,71,60 88,81,52 112,116,47 118,122,35 109,113,44 141,146,72 74,80,39 116,123,66 89,94,47 101,104,55 98,98,57 100,100,57 105,105,62 106,91,69 85,77,64 74,75,54 80,84,55 80,94,15 67,80,26 61,77,19 83,97,47 63,77,29 40,53,12 64,48,42 71,58,53 47,34,31 74,55,39
61,72,32 64,68,41 121,119,86 152,151,74 85,78,19 131,128,61 103,98,66 128,131,53 83,87,31 139,144,52 100,104,35 115,120,44 160,163,60 91,94,32 89,89,55 123,112,68 82,76,51 79,80,57 76,71,57 112,81,58 85,83,61 67,68,45 61,75,16 64,70,43 44,59,22 59,76,29 50,63,22 45,58,17 77,62,51 72,56,52 50,37,32 46,35,20
58,59,38 66,69,49 72,70,37 90,84,48 87,77,53 123,126,46 85,87,14 102,102,43 111,117,49 128,132,34 127,130,52 92,99,40 121,121,37 140,140,40 98,84,57 85,75,53 136,120,76 185,148,93 68,63,49 141,137,102 142,124,82 139,115,80 107,96,81 47,50,15 60,75,20 56,69,28 48,60,26 36,46,22 73,56,48 75,59,53 73,57,53 51,31,22
55,56,33 68,71,38 140,138,80 77,72,42 163,170,57 93,88,56 109,106,55 114,110,73 82,87,24 116,120,37 110,111,32 156,157,50 128,119,59 122,117,46 84,88,50 80,78,47 86,81,49 85,76,47 77,76,51 157,140,103 164,145,108 145,139,62 138,128,57 62,65,32 61,75,25 36,45,26 39,56,9 53,65,29 65,50,41 64,52,42 71,56,47 56,39,29
52,54,37 82,86,59 64,70,31 73,74,24 85,82,31 111,108,41 78,73,45 86,80,57 95,95,52 111,113,27 120,124,37 142,145,42 114,107,68 74,69,39 80,82,56 76,79,48 77,77,47 130,124,76 119,112,53 156,129,68 114,110,34 121,114,44 112,106,42 66,57,0 49,55,28 39,45,16 33,41,16 63,74,18 75,59,53 62,47,38 75,60,51 55,38,30
77,79,51 67,69,43 50,53,33 59,60,39 68,63,22 101,98,54 136,141,67 104,100,63 135,137,62 100,99,45 101,103,32 149,155,60 86,85,49 85,85,53 178,165,74 139,128,43 181,172,87 126,118,55 109,102,45 162,138,87 123,117,53 109,103,39 125,119,53 157,146,71 53,61,22 53,72,0 81,100,19 60,76,18 76,61,52 54,38,32 72,56,50 55,40,31
54,54,54 46,46,46 59,61,44 62,68,39 113,120,86 86,88,46 70,67,54 93,92,56 113,115,58 81,83,37 78,82,28 139,134,65 185,167,76 133,128,59 129,117,80 106,83,80 105,93,63 133,119,105 164,145,122 104,75,51 82,66,62 116,88,48 100,89,98 174,148,109 133,122,115 44,53,25 32,42,7 51,59,38 76,60,54 52,38,38 78,62,56 56,39,29
43,50,32 45,46,36 48,51,41 80,75,47 76,82,12 55,58,27 105,108,46 111,113,40 111,109,49 192,163,102 90,76,51 98,69,45 105,80,52 228,219,161 219,173,107 220,183,143 248,211,140 194,159,134 209,179,162 181,146,108 121,91,65 199,160,103 255,209,132 255,231,162 202,181,168 47,62,25 74,87,44 74,72,52 69,53,49 53,40,37 70,54,52 56,41,30
46,52,41 50,55,33 59,58,22 57,49,38 157,155,54 102,99,46 91,92,53 93,96,47 136,118,45 208,195,147 51,50,41 91,85,76 116,112,95 130,118,90 225,191,128 200,166,125 41,43,40 237,199,123 170,135,97 243,210,144 224,196,140 232,202,135 155,141,127 99,92,90 38,40,23 32,40,15 30,39,9 58,49,45 74,60,60 60,47,44 67,53,53 62,46,33
51,53,27 86,85,33 149,117,13 172,122,21 197,161,12 131,153,28 138,160,33 129,152,36 121,145,26 106,103,79 71,81,75 236,220,146 202,194,129 124,151,42 134,108,83 211,174,134 116,130,30 131,128,88 136,111,65 223,159,26 119,110,121 118,110,116 60,56,50 80,81,60 50,56,45 71,74,23 45,46,27 76,58,53 73,60,57 56,42,42 49,33,29 66,44,36
159,153,35 112,116,10 119,135,21 129,141,24 103,126,25 93,114,21 126,141,36 117,133,34 66,86,16 97,118,45 58,80,23 44,51,15 65,68,8 77,103,12 84,101,25 104,124,29 89,113,19 86,105,15 97,115,30 100,115,33 114,131,35 130,127,60 77,74,50 87,81,17 61,62,41 48,55,21 81,66,26 60,48,36 68,57,54 46,33,30 62,45,35 56,43,36
83,105,25 110,120,26 125,132,28 119,111,17 118,122,24 95,106,23 94,104,26 100,120,36 86,115,17 96,123,14 71,93,26 80,108,15 75,97,15 81,111,24 92,118,27 75,99,18 79,97,14 87,104,24 80,93,21 78,94,23 81,94,40 106,85,4 39,54,19 41,52,12 38,53,14 110,96,40 76,74,43 67,56,37 64,52,54 49,35,37 65,49,47 61,45,39
110,100,8 73,87,12 78,94,21 77,89,24 87,99,34 140,135,37 71,74,10 77,101,18 87,115,24 88,114,19 83,102,21 81,102,29 99,125,32 91,118,32 77,93,20 98,112,33 72,88,17 99,110,29 94,102,22 119,134,38 88,105,38 68,83,28 64,76,27 67,76,32 56,68,32 31,46,7 47,52,18 73,70,46 68,59,40 63,50,45 45,33,23 68,45,34
71,88,10 101,110,23 110,127,49 79,91,14 77,101,32 89,108,20 63,90,18 69,96,24 87,112,38 81,105,22 74,98,17 66,85,26 97,121,38 104,126,44 92,111,30 86,103,25 74,87,15 85,97,20 94,103,34 119,121,35 157,148,51 110,124,35 86,95,37 81,84,33 50,62,28 50,63,22 46,56,21 38,44,17 28,22,17 54,47,29 57,40,32 87,59,48
65,74,18 86,97,25 83,98,30 116,118,32 84,101,25 89,110,35 79,91,24 85,113,20 67,87,17 65,87,16 81,106,20 94,97,0 112,104,2 81,103,21 86,104,19 106,122,33 72,82,19 87,100,18 105,106,29 109,110,31 89,98,13 100,101,22 113,118,42 94,109,45 58,70,25 51,57,18 48,54,13 49,59,22 35,43,22 87,80,62 63,48,39 72,50,42
93,97,30 105,129,37 84,100,27 93,106,36 94,110,39 60,75,11 113,101,5 88,88,16 178,153,27 83,107,40 68,94,13 65,96,15 101,112,31 89,109,43 94,102,22 91,104,20 90,115,18 112,124,36 114,117,28 146,126,10 80,95,40 95,87,8 83,92,36 244,174,25 97,103,8 77,79,24 69,76,30 33,42,12 61,73,26 86,86,54 65,57,35 80,54,44

113,117,61 79,82,22 81,77,40 80,80,39 83,92,34 75,90,37 90,103,60 91,101,50 76,86,21 116,125,65 94,102,49 128,126,52 121,123,66 144,144,74 131,132,53 121,119,45 120,125,53 106,111,50 97,102,55 89,93,66 87,94,60 96,108,63 80,88,49 62,77,22 68,82,36 55,67,31 50,64,14 41,52,23 86,70,64 69,56,51 47,31,25 51,35,29
64,60,39 101,99,52 74,71,27 113,107,59 109,108,56 110,109,32 124,125,48 88,91,56 99,107,45 154,160,54 96,98,52 153,160,85 155,160,88 110,114,60 107,108,58 95,103,39 103,110,55 118,123,60 88,93,48 112,111,84 80,84,57 68,80,44 62,69,37 78,94,34 63,79,17 76,87,56 78,95,30 49,59,37 78,61,53 60,47,44 47,30,31 66,48,43
107,107,44 108,114,64 70,67,52 102,99,32 105,101,55 79,71,60 86,79,50 114,118,49 118,122,35 107,111,42 141,146,72 74,80,39 113,120,63 89,94,47 97,100,51 95,95,54 100,100,57 105,105,62 107,92,72 96,88,77 74,75,54 80,84,57 80,94,15 67,80,26 61,77,19 83,97,47 60,75,20 42,55,12 64,48,42 73,60,55 47,34,31 74,55,41
61,72,30 67,70,46 115,114,76 149,148,71 85,82,17 131,128,63 103,98,66 130,133,55 83,87,31 139,144,52 93,96,32 115,121,42 158,161,58 97,100,36 89,89,55 123,112,68 82,77,49 79,80,59 75,71,54 109,83,58 85,83,61 65,66,43 63,77,20 64,70,41 44,59,24 59,76,27 50,63,20 43,55,17 75,60,49 72,56,52 52,39,36 46,34,22
48,49,28 66,69,47 70,68,39 89,83,49 83,72,53 123,125,50 87,89,16 102,102,43 111,117,47 128,132,34 123,126,48 92,99,40 121,123,39 133,133,33 98,84,57 85,75,53 132,118,73 185,148,93 71,61,49 141,137,102 142,124,82 139,115,80 105,96,81 52,55,24 57,72,17 54,66,28 47,59,25 36,46,22 73,56,48 71,58,51 73,57,53 51,31,22
55,56,37 68,71,38 122,119,68 73,67,42 139,142,64 100,95,65 98,95,44 115,112,72 82,87,24 116,120,37 103,104,25 156,157,52 128,119,59 122,117,46 84,88,50 80,78,47 84,79,47 87,78,49 77,76,51 157,140,103 164,145,108 145,139,62 138,129,55 58,61,28 64,78,30 39,48,31 43,57,9 51,66,31 63,48,39 64,52,42 71,55,49 56,39,29
54,56,39 80,84,57 64,69,33 72,73,25 95,91,45 109,108,41 75,72,46 86,80,57 95,95,52 111,113,27 120,124,37 141,145,35 114,107,68 72,70,39 80,82,54 76,79,48 77,77,47 130,124,76 119,112,53 156,129,68 114,110,34 123,116,44 114,107,46 70,61,3 56,62,35 39,45,16 33,41,20 63,74,18 75,59,53 62,47,38 75,60,51 53,36,28
84,86,58 69,72,41 51,54,34 58,61,41 70,65,33 103,101,52 126,133,45 104,101,61 135,137,62 100,99,43 101,101,40 135,139,29 228,216,47 85,85,53 178,165,74 139,128,43 181,172,87 126,118,55 109,102,45 160,136,85 123,117,53 109,103,39 123,117,51 158,149,73 51,58,24 56,75,0 83,102,25 54,70,12 76,61,52 54,38,32 72,56,50 55,40,31
53,52,57 47,47,47 59,61,46 58,63,39 115,120,88 87,87,44 74,71,56 93,91,60 115,118,58 77,79,37 93,75,56 104,75,40 129,109,59 128,121,53 185,175,93 145,131,86 102,90,60 133,119,105 164,145,122 104,75,51 82,66,60 116,88,48 101,88,98 174,148,109 128,117,110 44,54,17 32,42,7 49,57,34 77,61,55 52,38,38 77,64,61 56,39,29
45,49,34 46,45,36 45,48,40 75,72,46 75,81,13 57,56,29 107,107,48 114,116,45 111,109,49 188,165,125 61,49,39 74,63,44 160,141,116 255,241,175 219,175,104 237,202,137 250,211,140 194,159,134 209,179,162 181,146,108 121,91,65 199,160,103 255,209,132 255,231,162 197,175,157 47,64,15 74,88,40 72,70,50 71,55,53 53,40,37 68,55,52 56,41,30
50,51,43 57,60,38 65,64,28 60,51,47 155,157,34 102,99,46 91,92,53 98,100,56 142,125,49 66,71,81 44,46,31 86,65,38 89,63,22 84,80,70 227,194,128 168,139,117 200,180,162 237,199,121 170,135,97 243,210,144 224,196,140 232,202,135 155,141,127 99,92,90 35,35,19 32,39,21 30,39,9 58,49,45 74,60,60 60,47,44 69,52,53 60,44,31
52,55,24 86,86,27 149,116,21 174,131,26 193,157,0 132,149,28 138,160,33 129,153,32 113,138,23 76,99,39 87,92,60 169,167,120 85,84,28 93,117,23 130,104,79 208,173,135 114,125,26 134,123,88 137,108,73 214,151,29 118,112,119 118,110,116 60,56,50 77,78,55 46,52,39 75,79,25 49,50,29 75,59,53 73,59,59 56,42,42 45,32,29 65,45,36
159,154,29 110,116,8 114,134,19 130,142,25 112,126,24 93,114,21 128,140,36 117,133,34 100,122,24 104,126,30 84,108,37 70,93,29 107,135,17 81,107,16 82,101,22 100,122,24 89,114,17 89,108,16 94,113,25 100,115,31 110,126,35 130,126,64 75,72,48 76,70,6 60,63,41 48,55,19 73,63,23 60,48,38 68,57,54 44,33,30 64,45,33 55,42,35
95,118,42 111,125,25 123,132,18 115,109,3 123,126,23 96,110,21 110,113,24 97,122,34 86,115,15 105,131,27 71,91,25 84,114,11 80,109,9 78,108,21 88,113,25 78,102,19 82,100,17 84,106,24 78,91,19 81,97,24 80,95,42 103,82,1 39,54,19 46,57,17 38,51,10 115,99,43 66,64,35 66,55,36 66,52,54 49,35,37 63,50,47 62,47,38
124,113,10 77,90,18 68,84,11 81,92,32 80,92,29 159,148,43 74,84,8 77,100,26 87,112,26 94,120,25 83,106,19 89,111,33 85,115,26 98,124,41 76,94,22 98,112,33 71,90,13 104,117,33 92,99,26 119,134,40 88,105,38 68,83,30 64,76,29 67,75,34 57,69,35 34,49,10 47,52,18 71,68,44 60,50,38 66,53,48 48,33,24 68,45,34
70,89,12 109,121,33 117,135,52 81,91,17 71,98,30 91,111,16 57,84,14 73,100,28 82,111,31 82,106,23 71,96,20 89,110,46 100,127,41 106,131,43 91,111,27 76,93,24 80,93,23 80,92,15 95,104,33 124,125,36 157,148,51 108,122,33 87,96,38 75,81,31 53,60,28 48,64,22 43,54,14 38,44,17 30,24,19 53,46,26 57,40,32 87,59,48
61,70,10 87,96,25 93,103,36 116,118,34 82,99,21 93,106,36 77,85,19 86,113,25 68,90,19 63,85,16 79,103,20 96,103,0 122,109,5 86,105,26 82,103,14 110,126,39 73,83,18 87,100,18 108,109,32 139,130,43 87,98,15 98,99,20 113,118,44 91,106,42 57,71,25 51,57,18 47,52,9 47,57,22 32,40,19 87,80,62 63,48,37 72,50,42
92,99,26 102,128,35 89,103,26 91,104,34 87,103,32 78,93,27 97,105,25 90,97,22 192,157,23 77,101,30 74,98,15 60,91,8 100,108,26 86,107,32 98,110,20 94,108,21 103,125,27 100,116,25 131,118,27 144,130,15 95,103,39 88,77,4 79,88,30 249,172,25 99,111,25 84,88,30 72,79,33 31,42,11 61,74,22 86,86,52 66,58,36 78,55,44

119,123,67 79,82,20 81,77,42 80,80,37 79,88,28 75,90,37 91,102,60 92,102,49 79,89,26 116,125,65 94,102,49 126,126,52 121,124,64 144,144,72 131,132,53 121,119,45 120,124,55 106,111,48 97,102,59 89,95,68 87,94,60 96,108,63 80,88,49 62,77,22 68,82,36 55,66,35 50,65,10 42,53,24 86,71,62 69,56,51 50,34,30 52,34,29
61,59,41 99,96,54 79,74,35 113,106,63 107,106,52 110,108,34 124,127,49 88,92,54 96,108,43 149,155,49 96,98,52 151,156,82 153,158,84 110,114,58 107,108,58 95,103,39 106,113,56 118,123,62 90,91,52 107,106,79 80,84,57 71,78,44 62,69,37 80,96,34 63,79,17 76,87,56 76,93,28 49,58,39 78,61,51 57,45,45 47,30,31 67,47,40
111,115,48 100,108,57 70,67,52 101,97,21 105,101,55 80,72,61 86,79,50 113,118,46 118,122,35 107,111,42 140,145,71 74,80,39 115,119,63 89,94,47 98,101,52 101,101,60 102,102,61 104,103,65 103,89,64 94,86,75 74,75,54 78,84,55 80,94,15 67,80,26 61,77,19 89,103,53 60,75,20 42,54,16 64,48,42 70,57,52 46,33,30 74,55,41
62,72,37 60,66,39 115,115,74 142,141,64 80,78,8 131,128,63 103,99,64 129,135,56 83,87,31 141,146,56 94,97,33 115,121,40 156,160,64 95,99,30 89,89,55 123,112,68 85,80,52 79,80,59 77,69,56 109,83,58 88,86,64 65,66,43 61,78,13 64,70,41 43,58,23 61,75,27 52,66,20 43,55,17 76,61,50 72,56,52 52,39,36 46,34,22
59,60,37 64,67,43 70,68,39 99,91,55 87,76,59 129,131,60 87,89,16 101,101,40 109,119,43 130,132,34 123,126,48 92,99,44 123,125,39 134,131,37 97,85,57 83,73,51 132,118,73 185,148,93 65,65,49 141,137,100 140,122,80 143,116,82 105,96,81 49,51,25 56,71,18 55,67,29 45,56,25 35,45,23 73,56,48 71,59,49 73,57,53 51,31,22
55,54,45 67,70,37 117,114,63 78,73,43 130,130,56 95,88,68 100,97,44 115,110,78 85,90,27 118,122,39 103,104,27 156,157,52 129,120,60 122,117,46 89,90,53 80,78,47 85,80,48 87,78,49 77,76,51 159,142,105 162,145,108 148,142,65 138,129,55 53,56,21 64,78,28 39,48,29 41,55,7 57,68,26 63,48,39 64,52,42 71,55,49 58,38,29
54,55,43 79,83,54 64,69,33 73,74,24 97,93,47 109,109,39 78,72,49 82,75,55 95,95,52 110,112,26 121,125,38 135,139,29 116,104,74 72,70,39 81,83,57 79,79,49 77,77,47 130,124,76 120,113,54 156,129,68 115,109,34 123,116,44 114,107,46 70,61,3 53,59,30 41,45,16 34,42,19 66,76,23 75,59,53 62,47,38 75,60,51 52,35,27
90,93,62 73,76,45 47,50,28 63,64,45 63,58,26 103,100,58 125,132,46 104,100,65 135,138,58 100,99,43 108,108,45 130,136,39 170,150,0 85,85,51 178,165,74 139,128,43 181,172,87 126,118,55 109,102,45 160,136,85 123,117,53 109,103,39 121,114,53 159,151,72 49,55,28 59,78,0 81,99,25 54,70,12 76,61,52 54,38,32 72,56,50 53,41,31
53,52,57 47,47,47 57,58,46 61,65,38 118,123,87 90,90,45 76,74,56 93,91,60 117,117,58 78,80,34 82,63,49 109,80,47 184,167,116 134,126,61 188,178,96 178,159,102 108,97,64 131,120,105 164,145,122 104,75,51 82,66,60 116,88,50 101,87,104 174,149,105 127,118,112 44,55,15 31,43,9 46,55,27 77,62,53 52,39,36 79,63,61 56,39,29
46,53,37 47,48,36 45,53,41 71,69,38 72,77,14 55,55,21 107,107,48 114,116,45 111,109,49 177,150,103 47,41,32 71,57,43 104,93,76 255,236,175 219,175,104 255,214,153 241,203,139 194,158,136 210,178,162 181,146,108 121,88,63 199,159,105 255,209,132 255,231,162 200,178,160 46,63,14 71,85,37 71,69,49 71,55,53 53,40,37 68,55,52 56,42,28
50,54,39 53,54,33 65,63,30 59,53,44 155,157,32 102,99,48 91,93,51 99,99,56 139,121,48 206,177,105 79,75,58 116,92,57 64,47,39 87,81,74 223,190,124 159,130,108 181,161,141 237,199,123 170,135,97 243,210,144 226,196,140 232,202,135 155,141,127 98,93,90 39,40,21 32,39,21 30,39,9 58,49,43 74,60,60 60,47,42 67,53,53 60,43,33
52,56,18 92,92,20 143,113,15 179,137,27 200,157,0 134,155,33 135,157,32 129,153,32 123,140,21 90,114,35 62,75,32 84,89,46 46,29,0 109,138,26 130,104,79 213,176,136 112,127,33 142,133,88 121,100,73 206,141,15 115,113,125 117,111,118 60,56,50 81,75,52 46,52,41 73,80,25 54,54,38 75,59,55 73,59,59 56,42,42 47,31,29 65,45,36
163,159,31 108,116,5 111,130,10 140,152,33 122,124,12 92,114,18 123,134,26 117,133,34 100,125,28 100,120,23 89,111,29 87,113,20 83,97,36 85,110,24 77,97,11 101,121,26 89,113,19 86,110,18 94,112,27 96,111,29 112,126,35 118,115,62 74,72,52 77,69,17 59,60,39 49,56,20 56,51,19 61,49,39 68,56,56 44,33,30 62,46,33 55,42,35
84,102,30 96,120,26 114,124,19 121,112,0 113,118,26 107,117,25 126,118,26 100,115,31 79,107,14 89,114,15 72,94,27 76,105,5 105,133,38 81,107,24 88,113,25 82,101,20 84,102,17 85,102,24 78,91,21 79,96,20 77,92,39 105,84,3 39,54,19 44,55,13 41,52,10 115,99,41 61,58,32 59,48,31 65,53,53 48,34,36 61,48,45 59,46,39
123,111,0 78,92,13 65,81,10 67,79,12 64,79,13 166,156,48 75,85,11 73,101,24 92,118,27 94,120,27 95,118,31 79,101,19 83,110,22 98,129,37 81,98,29 99,113,34 75,93,21 104,117,33 90,97,24 127,133,38 86,106,40 68,82,34 66,80,32 67,75,34 59,71,37 33,48,9 46,51,17 73,70,44 54,47,27 64,51,46 46,33,26 66,45,34
73,97,18 115,122,34 113,131,48 83,93,17 69,96,24 91,109,24 53,80,10 75,104,24 79,105,24 79,104,28 65,87,16 74,96,29 94,120,39 109,134,46 92,112,28 77,95,21 89,102,32 82,94,17 103,115,40 119,122,33 163,151,55 112,124,34 87,96,40 75,81,29 53,60,28 50,66,24 48,59,19 37,42,20 28,21,19 54,48,25 57,40,32 87,59,48
62,70,6 83,92,21 94,103,34 116,118,32 83,102,25 89,110,46 68,82,21 91,115,25 68,90,21 68,90,21 79,106,18 93,99,0 108,93,0 87,111,21 89,110,21 119,136,42 72,82,17 101,114,32 109,107,33 141,131,37 83,94,13 96,95,16 120,126,47 91,106,42 57,71,25 49,57,16 44,45,6 54,61,17 32,39,21 86,79,61 61,46,37 72,50,42
82,89,16 103,122,34 87,101,26 88,106,32 90,107,31 71,86,18 93,97,30 86,101,19 196,169,23 69,93,24 70,96,17 66,92,9 90,97,22 90,108,36 99,114,30 94,110,19 103,123,28 97,110,28 136,123,23 140,133,6 96,98,27 97,87,16 73,88,33 255,171,27 95,106,23 75,82,25 66,73,27 30,39,9 61,74,22 83,88,52 67,56,37 78,55,44

70,80,56 80,87,85 82,89,84 68,59,72 64,73,73 71,60,67 61,53,59 73,63,67 50,40,41 36,42,43 98,111,112 66,62,73 82,61,59 88,62,52 92,66,56 65,53,53 68,58,62 54,44,48 64,71,85 74,64,65 54,43,38 52,42,41 57,58,61 69,70,75 56,55,70 57,65,74 65,57,63 64,55,66 56,53,57 62,58,69 70,61,74 67,85,109
67,73,74 63,70,68 65,66,71 64,57,69 82,92,96 68,58,62 63,57,64 61,51,52 59,52,52 35,41,42 71,82,83 72,63,78 92,65,58 94,66,55 106,80,68 71,61,65 57,47,51 59,49,53 116,119,111 68,56,58 57,48,44 47,40,40 57,57,57 65,73,78 61,59,71 62,70,79 61,55,60 64,55,66 56,53,59 65,56,67 59,55,68 74,73,88
72,84,77 75,86,75 73,71,72 72,65,75 84,85,88 59,52,55 75,59,57 75,65,69 57,50,53 35,39,43 70,73,80 73,64,77 135,94,76 101,69,55 111,83,74 65,55,59 54,47,50 56,49,52 75,73,83 76,53,50 54,44,45 52,42,46 62,60,56 62,65,76 57,56,71 67,74,88 63,57,62 67,60,70 58,55,61 68,66,74 69,60,71 65,74,74
47,60,75 66,73,66 67,61,68 76,67,78 74,74,84 63,55,61 115,76,62 92,65,58 62,55,58 35,40,46 90,100,78 76,67,78 173,117,93 141,100,84 103,68,53 60,48,48 52,45,48 59,52,55 140,142,114 86,58,49 52,43,39 58,48,52 55,52,58 83,88,82 57,56,71 79,89,86 64,58,63 65,58,68 62,54,60 65,61,70 69,60,71 64,71,83
81,92,81 128,136,126 81,74,84 76,67,80 73,73,57 67,62,64 142,86,64 69,47,39 58,51,54 35,40,46 75,85,77 66,62,73 204,131,101 140,94,80 104,69,54 72,62,61 59,51,57 61,53,59 74,78,80 64,52,52 59,47,49 72,62,66 59,56,62 98,108,73 55,54,71 64,73,73 63,57,62 61,55,62 65,59,66 86,75,82 66,57,68 79,85,102
68,80,76 77,78,81 74,67,79 60,53,65 116,117,94 64,57,60 123,76,53 61,48,43 66,59,62 35,41,42 70,75,71 63,59,70 212,132,96 103,81,61 134,82,52 237,222,72 94,100,32 59,49,53 70,76,79 61,50,45 74,54,45 63,53,57 65,59,66 78,82,84 56,55,72 59,63,78 69,61,67 58,54,63 59,56,62 53,51,59 68,61,71 54,64,61
66,82,80 86,73,92 71,61,65 71,62,77 101,92,88 67,57,61 90,69,65 62,49,44 56,45,52 33,39,40 75,84,84 107,98,92 161,94,69 63,55,42 120,78,56 92,81,19 79,95,24 65,54,49 62,65,76 60,50,51 117,89,76 66,56,60 65,54,61 55,70,73 56,55,70 76,66,84 63,55,63 53,49,58 63,56,66 53,49,60 72,65,75 74,83,85
61,69,74 100,83,86 79,73,80 52,47,17 73,81,88 67,57,58 80,68,70 116,90,78 61,51,55 33,39,40 83,89,90 66,63,69 66,37,15 239,219,187 63,63,49 71,61,39 72,89,65 46,49,41 83,90,85 87,68,52 70,60,61 65,55,59 69,56,64 47,60,79 56,58,72 100,103,91 61,55,60 60,58,66 59,55,64 54,52,60 75,66,77 75,80,74
73,77,92 129,104,105 81,70,67 66,66,61 108,114,103 61,56,58 83,69,69 58,48,49 59,48,55 35,39,41 89,80,93 68,61,73 105,84,59 83,102,112 92,84,73 82,92,86 84,107,116 51,68,74 89,111,127 118,72,46 95,75,68 67,57,61 61,55,60 85,86,105 57,59,73 82,75,85 63,60,66 58,52,59 65,61,70 53,49,58 73,64,77 70,84,96
102,82,94 108,84,90 50,49,13 52,52,60 65,74,87 68,54,54 130,96,78 64,50,55 75,69,74 36,42,43 131,92,78 75,66,79 160,140,110 63,68,21 143,131,105 100,107,100 96,120,124 96,122,130 81,100,37 178,108,75 119,88,76 65,55,59 67,61,66 87,85,109 58,57,72 110,86,95 66,58,64 59,56,62 82,75,87 59,57,65 82,73,86 60,67,79
124,83,67 39,34,6 44,46,20 60,66,55 85,95,103 87,76,69 199,136,105 90,88,66 65,58,58 35,40,36 190,153,113 189,153,120 100,106,97 173,104,71 159,152,111 94,107,106 35,31,23 94,116,116 50,45,47 206,131,100 125,90,77 51,44,47 71,63,69 88,84,108 56,55,70 129,91,93 65,59,66 55,51,60 56,53,59 59,57,65 65,56,67 81,90,92
82,92,29 27,27,13 72,84,17 79,85,44 124,112,34 109,113,26 92,87,36 63,65,8 102,117,21 126,139,30 100,116,13 129,133,48 100,107,30 118,123,20 122,135,40 80,88,24 58,58,13 78,77,25 59,59,45 116,72,44 104,80,27 57,47,51 62,59,63 87,82,98 53,52,67 115,85,86 61,55,62 53,51,59 62,58,67 52,50,60 77,68,79 81,84,91
26,29,9 51,54,0 86,101,19 77,94,27 65,88,28 101,117,18 21,21,7 86,98,10 98,83,0 83,103,19 99,113,13 92,103,4 96,111,17 115,129,13 103,120,14 102,121,15 93,111,10 125,133,26 118,133,28 96,111,4 116,123,35 121,116,16 141,144,82 144,117,52 70,77,70 140,110,95 62,56,61 69,59,49 73,65,71 48,48,58 68,61,71 65,71,88
17,22,0 74,96,16 90,105,11 64,81,12 91,102,1 17,15,13 66,79,7 80,93,23 69,83,8 57,79,1 93,109,20 87,100,16 73,88,4 97,111,11 142,160,47 96,119,14 97,119,23 78,99,8 118,135,29 85,108,5 99,117,16 78,98,3 81,100,10 116,142,36 78,91,21 133,149,21 118,119,51 168,144,41 85,82,58 81,87,60 64,57,69 60,55,73
73,84,24 76,92,21 43,52,4 85,92,15 38,39,18 64,72,21 83,90,44 77,92,26 57,66,10 67,86,27 79,91,12 104,116,39 66,76,0 95,107,19 113,129,19 86,106,9 75,91,18 69,81,6 98,112,21 103,123,26 80,96,9 49,63,0 70,89,10 98,113,6 86,109,8 78,94,21 85,106,17 103,126,14 117,136,30 112,130,56 68,68,54 74,79,73
46,52,11 95,101,62 101,105,51 69,77,13 99,99,65 63,80,11 86,94,32 47,36,17 60,62,20 67,77,12 69,82,10 59,70,0 79,86,13 74,84,10 77,86,17 84,100,11 75,90,0 128,144,41 79,91,1 94,108,17 99,112,3 140,138,37 95,108,24 87,99,32 71,83,8 100,113,43 78,90,15 79,95,8 105,121,30 77,102,16 145,158,45 121,137,46
69,73,35 39,42,18 72,79,20 75,78,47 56,65,21 64,71,25 63,68,23 28,27,2 58,60,14 65,74,14 66,77,21 69,78,18 52,62,11 61,71,8 58,70,7 61,66,1 100,114,27 79,91,1 81,89,7 84,90,11 84,93,6 115,121,40 94,100,3 97,109,21 90,101,29 107,115,33 87,101,14 69,82,10 119,123,85 121,118,92 107,121,30 100,113,41
37,43,34 87,90,59 43,47,20 42,55,12 44,53,9 32,33,10 37,30,12 47,41,7 55,56,19 52,60,7 58,69,11 52,63,5 57,68,12 64,75,15 55,65,12 69,79,14 60,70,3 62,72,5 56,69,0 64,80,18 71,77,7 88,99,18 76,81,7 97,91,0 84,91,14 97,104,27 91,96,35 168,134,46 111,118,72 127,126,99 214,216,172 178,178,144

70,80,56 80,87,85 82,89,87 68,59,72 64,74,71 71,60,67 61,53,59 73,63,67 50,40,41 36,42,43 98,111,112 66,62,73 82,61,59 88,62,52 92,66,54 67,53,53 66,59,62 52,45,48 64,71,85 72,62,63 54,43,38 52,42,41 57,57,65 69,70,75 56,55,70 57,65,74 66,58,66 63,54,65 56,53,57 62,58,69 70,61,74 67,86,107
67,74,72 63,70,68 65,65,73 64,57,69 82,93,94 68,58,62 65,57,65 61,51,52 59,52,52 35,41,42 72,81,83 70,63,77 90,63,56 94,66,55 106,80,68 72,60,65 55,48,51 61,54,57 116,119,109 68,57,54 57,48,44 47,40,40 57,56,59 65,73,78 61,59,71 62,70,79 61,55,62 64,55,66 56,53,59 65,56,67 59,55,68 74,73,88
72,84,77 75,86,75 73,71,72 73,64,75 86,86,86 59,52,55 75,59,57 78,66,68 60,50,54 35,39,43 70,73,80 73,64,77 133,95,76 103,71,57 111,83,74 65,55,59 54,46,52 56,48,54 75,73,83 76,53,50 54,44,45 50,40,44 61,61,56 62,65,76 56,55,70 67,74,88 64,56,62 65,61,70 58,55,61 68,64,73 68,59,70 65,74,74
47,60,75 66,73,66 67,61,68 76,67,78 74,74,84 63,55,61 115,76,62 92,66,54 63,56,59 35,40,48 90,100,78 76,67,78 173,117,93 141,100,84 103,66,51 60,48,48 52,45,48 59,52,55 142,141,114 86,58,49 52,43,39 58,48,52 55,52,58 83,88,82 57,56,71 79,89,86 65,59,66 65,58,68 62,54,60 63,59,68 69,60,71 63,73,81
81,92,79 128,136,122 81,74,84 75,66,79 73,74,55 67,62,64 142,86,64 69,47,39 60,50,54 35,40,46 75,85,77 67,60,72 204,131,101 140,94,80 106,69,54 73,63,62 59,51,57 62,54,60 73,79,80 67,53,53 59,47,49 72,62,66 59,56,62 98,108,73 56,55,70 61,70,70 64,56,64 61,55,62 65,59,66 89,78,85 65,56,67 79,85,102
68,80,76 74,78,80 74,67,79 60,53,65 116,117,94 64,57,60 123,77,51 61,48,43 66,59,62 35,41,42 70,75,71 65,61,72 208,134,96 103,81,61 135,80,51 142,130,89 66,70,32 59,52,52 70,76,77 62,51,46 74,54,47 63,53,57 63,60,66 78,82,84 57,56,73 57,64,78 69,61,67 58,54,63 59,56,62 53,51,59 68,61,71 57,66,66
66,82,80 86,73,92 74,63,72 71,62,77 101,92,88 67,57,61 90,69,65 62,49,44 54,44,48 33,39,42 75,84,84 65,57,63 159,95,69 167,147,129 133,102,81 188,168,7 76,85,29 104,97,81 62,65,76 60,50,51 117,89,76 66,56,60 65,54,61 55,70,73 56,55,70 76,66,84 63,55,63 53,49,58 60,56,65 53,49,60 72,65,75 74,83,85
61,70,72 100,83,86 84,71,90 45,42,18 73,81,88 67,57,58 81,69,71 114,88,76 61,51,55 33,39,40 83,89,90 66,63,69 115,90,73 94,86,64 76,90,81 59,48,29 90,107,109 39,42,34 113,134,141 87,68,52 70,60,61 66,56,60 69,56,64 47,60,79 56,58,72 100,104,87 61,55,60 60,58,66 59,55,64 54,52,60 75,66,77 75,80,74
76,80,95 130,102,104 72,63,74 57,57,57 108,114,103 61,56,58 85,68,71 56,49,49 59,48,55 34,38,40 89,80,93 66,62,75 227,190,150 122,124,109 94,70,46 75,82,77 87,108,115 96,119,126 74,90,99 115,68,45 95,75,68 66,59,62 61,55,62 85,86,105 57,59,73 82,75,85 65,59,66 59,51,57 67,60,70 52,50,58 75,66,79 69,85,96
102,82,92 105,81,87 59,59,16 53,53,65 65,73,91 69,55,55 134,100,80 64,50,52 75,67,73 36,42,43 131,92,78 74,67,79 74,53,38 95,90,76 50,59,11 97,103,90 95,114,105 101,122,129 65,84,34 178,108,75 119,88,76 65,55,59 68,62,67 85,86,109 58,57,72 114,88,97 66,58,66 59,56,62 84,75,86 59,57,67 82,73,86 60,67,79
125,82,65 28,26,4 52,53,32 64,71,53 79,90,101 87,79,68 200,136,110 67,56,39 64,59,56 37,42,38 177,134,99 191,158,119 100,106,95 175,105,72 92,83,75 238,216,167 98,116,115 101,121,122 47,48,29 206,131,100 125,90,77 51,44,47 71,63,69 88,84,108 56,55,70 129,91,93 66,58,66 55,52,58 58,55,61 60,56,65 66,57,70 81,90,90
85,88,26 48,48,14 83,96,26 83,88,54 136,119,43 114,114,44 45,43,14 122,132,38 98,111,27 117,130,17 111,126,21 135,141,62 98,104,34 122,130,19 135,141,44 74,83,14 134,149,65 54,50,13 50,58,37 113,74,46 102,81,27 60,50,54 64,57,67 87,82,98 53,52,67 118,85,87 61,55,62 53,51,59 61,59,67 52,50,60 77,68,81 81,84,93
18,18,2 39,37,0 84,101,25 69,85,25 64,87,25 79,91,5 36,35,8 87,99,11 95,85,0 83,103,17 99,113,13 92,103,4 96,111,17 115,128,15 111,129,16 102,120,17 92,110,11 115,123,14 109,125,13 97,111,11 114,122,29 140,135,35 126,128,71 144,118,50 68,75,68 140,109,101 62,57,59 71,59,49 73,66,69 48,48,58 68,61,71 65,71,90
28,35,3 74,96,16 85,101,12 61,78,9 87,103,2 13,11,7 66,79,7 78,92,15 76,90,15 57,78,3 93,109,18 83,96,12 72,87,3 96,112,11 136,154,41 96,117,13 93,115,19 76,97,6 107,119,13 74,97,0 102,120,21 77,93,2 79,96,0 118,144,38 79,91,16 133,149,21 121,126,63 152,127,27 86,83,59 85,92,60 64,57,69 60,55,73
71,83,20 76,91,23 64,78,19 85,92,15 32,30,12 67,78,18 83,90,46 74,89,23 57,66,10 68,86,30 83,95,18 107,119,44 68,80,3 91,103,15 110,126,16 86,105,13 74,87,15 64,78,3 96,112,21 99,120,20 81,95,16 57,70,0 77,96,17 92,106,6 89,112,11 72,87,19 82,103,12 99,122,8 115,132,24 126,140,53 74,71,58 61,67,54
42,45,12 79,87,48 105,109,53 73,81,19 99,100,63 63,80,11 86,94,32 47,36,17 60,62,20 69,79,14 69,82,10 59,69,2 84,91,18 75,85,11 79,88,19 80,96,5 86,101,7 116,132,29 84,96,6 89,103,12 110,122,16 141,140,34 91,104,22 80,94,17 70,84,9 101,114,44 87,97,23 79,96,2 105,121,30 68,92,9 140,154,36 121,136,52
83,86,53 51,55,28 72,79,22 89,92,57 53,61,20 64,71,27 61,66,21 28,27,2 61,64,15 66,75,15 66,77,21 66,75,15 50,60,7 62,72,9 58,70,7 62,68,0 96,110,23 77,89,0 82,90,8 82,87,11 84,93,6 113,116,36 92,101,3 94,106,18 89,101,22 105,114,29 86,100,13 69,80,8 119,122,87 121,119,88 107,121,30 102,114,47
22,28,15 87,90,59 36,43,9 40,50,15 48,55,19 37,38,17 35,31,12 43,44,5 45,49,11 52,60,7 59,70,12 56,67,11 57,68,12 71,82,24 56,66,13 64,74,11 61,71,4 62,72,5 62,74,7 67,78,18 67,73,5 90,100,24 89,94,20 95,88,0 74,87,3 96,103,26 85,90,27 178,140,53 111,118,72 127,126,99 214,216,172 178,178,144

70,80,58 81,88,86 82,88,89 69,60,73 64,74,71 69,61,67 60,55,57 73,63,67 49,39,40 36,42,43 98,111,112 66,62,73 80,62,59 86,63,52 92,66,54 67,53,53 69,57,62 53,43,47 66,70,83 72,62,63 54,43,36 52,42,43 55,57,73 69,70,75 54,56,72 59,64,74 66,58,64 62,55,65 55,52,56 62,58,69 69,62,74 67,86,107
67,74,72 63,70,68 65,65,73 64,57,69 82,93,94 66,59,62 68,55,63 61,51,52 61,54,54 35,41,42 71,82,81 70,63,77 90,63,56 96,65,53 107,79,68 72,60,65 57,47,51 62,55,58 118,118,113 70,57,54 57,47,46 48,41,41 57,55,65 65,73,78 58,57,72 64,72,81 61,55,62 63,54,65 56,53,59 65,56,67 61,54,66 74,73,88
72,84,80 75,86,75 73,70,74 73,64,75 86,86,86 59,52,55 75,59,55 76,64,66 60,50,54 35,39,43 70,73,80 73,64,77 135,94,76 103,70,59 113,82,72 66,56,60 56,45,52 56,48,54 75,73,83 76,53,50 54,44,45 49,39,43 61,61,56 60,63,74 56,55,70 67,73,90 64,58,63 65,58,68 58,55,61 68,64,73 69,60,71 65,74,74
47,60,75 66,73,68 67,61,68 75,66,77 76,74,84 64,56,62 115,77,60 93,67,55 62,55,58 35,40,48 90,100,76 76,67,78 173,117,93 141,100,84 106,69,54 62,50,50 52,45,48 61,54,57 142,141,114 86,58,49 52,42,43 59,49,53 55,52,58 83,88,82 57,56,71 79,89,86 64,58,65 61,57,66 62,54,62 63,59,68 69,60,71 64,71,83
83,91,81 129,135,122 81,74,86 76,67,80 73,74,55 67,62,64 142,86,64 69,47,41 58,51,54 35,40,46 77,84,77 68,61,73 204,131,101 140,94,80 106,69,54 73,63,67 59,51,57 63,55,61 74,78,80 67,53,53 59,47,49 73,63,67 59,56,62 98,108,73 56,55,70 64,73,75 64,57,67 62,56,63 66,57,68 85,75,76 65,56,69 79,85,102
68,80,76 76,77,80 74,67,79 60,53,65 116,117,94 64,57,60 124,77,54 61,48,43 66,59,62 35,41,42 70,75,71 66,62,73 208,134,96 103,81,63 136,83,56 84,74,50 104,103,49 58,51,51 71,75,77 62,51,46 74,54,47 63,53,57 62,59,65 75,84,86 59,56,73 57,64,76 69,61,67 58,54,63 61,55,62 53,51,59 68,61,71 55,64,64
70,80,86 87,72,92 74,61,71 70,61,76 101,92,88 67,57,61 90,69,67 60,47,42 54,44,48 33,39,42 75,84,84 68,56,70 161,92,63 72,52,32 161,98,76 236,218,100 112,114,68 96,101,58 63,63,75 58,51,54 120,88,74 66,56,60 66,55,62 55,70,77 56,55,70 76,66,84 65,54,63 53,49,58 61,54,64 53,49,60 72,65,75 77,83,86
63,69,70 101,82,86 85,72,91 51,48,24 73,81,88 67,57,58 80,68,70 115,90,73 59,49,53 33,39,40 83,89,90 70,64,71 91,80,65 83,70,65 103,111,101 60,49,32 90,94,96 38,48,45 99,121,135 90,67,52 70,60,61 61,54,57 69,56,64 47,60,79 55,59,72 100,104,87 61,55,62 61,57,66 59,55,64 54,52,62 75,66,77 77,80,72
74,78,91 124,99,96 72,62,61 59,57,55 108,114,103 61,56,58 85,68,69 57,47,51 61,50,57 33,39,40 89,80,93 66,62,75 198,163,125 222,209,186 110,55,44 64,66,63 87,108,117 95,116,123 66,82,80 115,68,47 95,75,68 68,58,62 62,54,60 85,83,103 56,58,72 83,80,86 65,59,66 61,52,63 67,60,70 52,50,60 75,66,79 74,84,92
99,80,87 106,82,86 59,59,16 49,49,61 65,73,91 69,55,57 134,98,80 64,50,55 79,68,75 37,41,43 131,93,74 71,64,76 103,88,66 128,88,63 54,63,33 123,117,108 86,103,98 101,122,129 68,80,33 173,103,70 119,88,76 65,55,59 69,61,67 85,86,109 58,57,72 113,87,96 66,58,66 59,56,60 86,77,88 57,57,67 82,73,86 57,67,85
133,90,71 28,26,4 42,44,18 69,76,60 77,91,101 90,78,68 201,134,109 66,54,42 63,56,56 64,69,63 176,128,99 188,155,118 105,108,100 175,102,70 53,58,15 239,214,166 100,115,118 90,101,102 48,52,25 206,131,100 125,90,77 54,44,48 71,63,69 87,83,107 56,55,70 131,91,93 65,59,66 55,51,60 58,55,61 59,57,65 68,59,70 81,89,94
101,98,43 50,49,11 74,84,33 71,74,52 144,124,65 85,89,31 43,36,16 130,142,23 107,120,36 118,131,20 122,137,32 142,148,69 104,107,43 126,133,20 135,140,50 67,74,1 123,137,60 45,41,6 51,58,42 125,79,53 105,85,26 60,50,54 69,63,68 87,82,98 53,52,67 120,85,88 61,55,62 54,50,59 60,58,66 52,50,60 77,68,81 83,83,93
22,17,3 38,41,0 94,108,29 67,86,23 68,91,27 74,81,4 43,45,3 86,100,9 98,83,0 92,112,28 102,116,14 89,104,8 97,112,18 120,133,24 114,132,21 103,122,14 95,113,14 123,129,21 123,138,31 101,114,19 109,117,26 138,132,26 132,138,86 140,112,31 68,76,62 140,108,103 64,54,58 73,58,47 73,65,73 48,48,58 70,61,72 68,69,90
34,37,2 69,87,13 81,96,12 64,76,11 88,102,11 14,12,8 67,81,6 80,94,15 79,92,20 64,82,8 94,110,21 86,100,13 71,86,2 97,108,9 132,150,39 93,114,10 89,110,19 76,91,9 104,116,12 77,99,1 103,120,24 85,102,8 83,102,12 108,133,36 83,95,20 128,139,9 98,104,34 157,135,31 92,88,69 74,79,59 64,57,69 60,54,75
71,82,22 80,93,23 70,86,15 85,92,17 27,27,11 60,72,9 83,90,46 71,83,20 53,62,6 69,88,29 85,97,22 105,116,44 66,78,3 95,107,19 116,131,24 85,107,9 79,95,24 67,78,8 94,113,21 102,118,27 82,95,11 72,84,19 78,97,18 102,116,16 86,108,10 72,87,19 80,100,16 100,123,9 100,116,13 121,136,42 85,83,65 70,76,65
42,44,18 76,83,47 104,108,54 74,81,22 98,98,64 63,81,9 88,93,32 46,35,16 60,62,20 67,79,16 74,85,13 58,68,3 81,87,17 73,85,10 75,84,15 81,97,8 102,117,23 108,124,21 94,107,12 78,93,0 104,116,12 137,132,32 86,98,21 78,91,21 68,80,5 103,114,44 79,91,14 74,90,3 113,130,36 63,87,6 141,155,35 130,145,61
82,86,46 54,57,33 71,81,18 92,95,60 52,60,21 63,72,28 54,50,15 34,33,8 54,60,10 65,76,16 59,70,14 61,70,12 47,56,0 61,71,8 56,67,7 62,71,2 104,119,25 88,101,8 77,85,5 82,87,11 79,88,1 118,122,35 97,103,6 105,117,29 87,99,24 101,107,28 88,101,17 69,79,12 121,121,87 121,119,90 107,121,30 102,115,45
19,27,17 87,90,59 39,44,8 42,49,15 55,63,24 41,39,19 35,28,12 47,46,10 47,50,17 52,61,5 50,61,5 56,67,9 55,66,8 73,84,24 53,63,10 67,77,14 62,72,7 60,70,5 61,72,2 67,78,20 72,76,9 98,108,32 92,97,25 99,84,0 75,88,6 91,98,14 81,86,23 171,132,52 112,117,72 128,125,101 214,216,172 179,177,144