75,37,18 72,36,18 63,32,13 66,32,12 63,29,9 63,32,9 61,30,9 58,29,9 36,21,10 35,19,13 29,15,15 52,24,11 53,27,6 37,21,8 35,20,11 28,16,6 44,22,4 44,22,4 41,20,5 37,21,4 26,15,10 26,15,12 26,15,10 25,14,9 25,16,12 24,14,13 23,14,10 24,12,12 24,15,11 23,14,10 23,14,10 23,14,10
75,39,19 74,38,18 68,32,12 58,29,9 66,30,10 64,30,10 62,31,8 60,29,10 40,25,16 25,15,19 30,14,10 53,26,8 53,27,4 27,17,7 31,18,13 37,20,10 44,22,4 46,24,6 46,23,8 37,21,6 27,14,9 23,14,10 27,16,13 19,9,10 15,9,14 15,9,14 12,9,13 15,10,12 13,10,14 16,9,9 23,14,10 22,13,9
78,40,19 74,33,13 64,30,10 66,30,10 61,30,11 59,30,8 63,32,11 32,15,5 40,25,16 27,15,15 51,24,6 52,25,7 41,20,5 35,20,9 23,13,12 44,22,2 48,25,10 31,14,17 46,23,8 40,21,5 28,15,10 21,16,13 11,11,11 11,10,13 13,10,14 15,9,14 15,10,12 16,9,12 13,10,14 13,10,14 13,10,14 16,11,13
74,38,18 72,34,15 64,30,10 60,29,10 59,28,7 60,31,9 54,25,5 33,17,13 25,15,16 28,18,17 48,23,6 46,21,2 42,20,12 62,32,15 43,26,18 14,16,11 23,16,16 18,16,14 20,15,14 41,20,5 35,18,8 11,10,15 11,10,13 11,10,13 13,10,14 13,10,14 13,11,12 16,9,12 13,10,14 13,10,14 13,10,14 13,10,14
71,35,13 62,31,10 62,31,10 61,27,7 63,29,9 62,31,10 52,26,12 35,19,15 34,22,12 176,89,0 49,25,3 50,25,6 125,60,0 80,36,8 46,25,12 51,29,11 13,15,12 21,16,13 16,14,12 36,20,7 16,11,10 11,10,13 12,9,13 11,10,13 13,10,14 13,10,14 16,9,12 13,10,14 15,9,14 12,9,13 13,10,14 13,10,14
68,37,16 62,31,12 54,28,7 58,29,9 60,29,10 65,31,11 28,15,10 21,15,10 28,19,11 160,77,0 116,63,10 96,53,8 145,74,1 171,100,11 103,54,5 148,70,0 96,48,5 93,43,1 40,21,9 50,24,10 15,9,14 11,10,13 11,10,13 11,10,13 12,9,13 13,10,14 15,10,12 13,10,14 13,10,14 13,10,14 13,10,14 13,10,14
72,36,16 75,39,21 61,30,11 55,25,8 64,30,12 64,30,8 25,14,11 25,16,12 51,24,8 47,25,7 48,22,8 153,70,0 161,84,0 243,122,8 63,20,1 128,58,0 57,23,3 27,15,17 41,21,14 26,15,10 13,10,14 11,10,13 11,10,13 11,10,13 12,9,13 13,10,14 16,9,12 13,11,12 16,9,12 13,10,14 13,10,14 13,10,14
75,39,17 90,44,26 66,32,12 61,30,11 63,29,7 59,27,11 23,11,11 28,15,12 48,23,6 50,23,7 70,27,0 173,83,0 186,89,0 141,65,0 166,83,0 181,96,0 129,61,2 23,14,8 22,17,14 16,11,13 12,9,13 11,10,13 11,10,13 11,10,13 12,9,13 13,10,14 15,10,12 13,10,14 15,9,14 13,10,14 13,10,14 11,10,13
63,32,11 68,34,14 75,39,19 61,32,12 61,30,11 30,14,12 23,14,10 47,26,3 47,25,7 48,23,6 142,71,0 194,101,0 220,124,0 174,81,0 173,83,0 130,58,0 121,55,0 29,23,14 45,26,12 13,11,12 11,10,13 11,10,13 11,10,13 11,10,13 13,10,14 13,10,14 16,9,12 12,9,13 13,10,14 13,10,14 13,10,14 12,9,13
56,25,6 62,31,12 75,39,21 86,43,26 118,61,32 54,30,22 26,15,12 52,23,3 49,24,7 48,22,8 156,78,0 214,113,0 221,130,0 224,122,0 201,115,0 186,93,0 149,71,0 19,19,16 33,23,13 12,11,14 11,10,13 11,10,13 11,10,13 11,10,13 13,10,14 13,10,14 15,10,12 13,10,14 13,10,14 13,10,14 12,9,13 13,10,14
54,27,11 50,23,7 61,29,13 107,59,32 255,215,110 124,65,35 43,27,14 45,25,7 80,35,12 151,73,0 182,91,0 210,114,0 221,132,0 213,126,0 203,126,0 188,105,0 141,66,0 20,18,14 22,22,17 13,10,14 11,10,13 11,10,13 11,10,13 11,10,13 13,10,14 13,10,14 12,9,13 13,10,14 12,9,13 13,10,14 13,10,14 13,10,14
52,27,8 48,26,8 38,22,9 60,35,16 135,72,41 119,61,49 86,42,16 78,28,0 100,45,0 172,91,0 185,99,0 188,97,0 211,120,0 200,121,0 198,104,0 180,88,0 148,70,0 23,17,12 26,25,16 33,17,11 26,15,8 12,9,13 11,10,13 12,9,13 15,9,14 13,10,16 13,10,14 13,10,14 13,10,14 13,10,14 13,10,14 13,10,14
51,24,6 50,27,14 45,24,9 40,21,7 156,68,7 186,88,0 191,100,0 101,48,3 102,47,6 112,56,9 197,107,0 197,103,0 198,104,0 209,116,0 214,123,0 197,97,0 177,84,0 23,19,13 21,17,9 40,20,11 33,19,19 27,16,13 9,10,13 13,10,14 15,10,12 13,11,12 15,10,12 13,10,14 12,9,13 11,10,13 13,10,14 13,10,14
38,22,5 46,25,12 46,25,10 124,56,13 171,88,0 185,98,1 209,113,14 94,43,6 93,44,8 93,44,6 131,66,11 205,112,0 195,100,0 147,74,0 174,88,0 156,72,0 114,55,7 16,16,13 48,25,10 33,18,7 30,14,10 31,15,9 30,23,21 13,10,14 16,9,12 15,9,14 13,10,14 13,10,14 13,10,14 12,9,13 13,10,14 13,10,14
38,22,7 48,25,12 48,27,12 187,102,0 184,111,1 163,75,0 138,66,0 88,42,5 86,38,9 91,41,8 104,47,3 132,59,0 220,119,0 194,102,0 167,80,0 160,73,0 130,65,5 93,44,6 93,46,14 31,13,8 44,17,0 43,23,16 40,24,18 13,10,14 15,9,14 12,9,13 12,9,13 13,10,14 13,10,14 12,9,13 13,10,14 14,8,13
40,21,5 45,24,11 121,55,0 49,35,21 15,17,17 14,11,15 129,55,0 90,45,10 97,48,10 89,39,6 93,43,12 100,49,10 184,93,4 128,57,4 171,82,0 175,83,0 152,74,0 99,41,6 82,36,8 44,24,17 58,30,19 37,16,14 44,22,16 28,21,24 13,10,14 13,10,14 13,10,14 13,10,14 12,9,13 12,9,13 13,10,14 12,9,13
42,21,6 54,27,11 48,25,10 11,10,13 54,28,5 74,34,9 37,22,13 88,43,8 117,61,23 115,58,16 79,34,1 63,29,9 95,41,3 125,49,0 186,90,0 173,80,3 171,83,4 97,39,6 51,21,4 40,20,11 35,18,10 43,28,19 48,25,14 37,20,21 14,8,13 12,9,13 14,11,15 15,9,14 11,10,13 15,9,14 12,10,11 12,9,13
46,24,6 87,43,17 53,27,4 56,27,7 25,13,15 12,9,13 59,28,5 65,27,8 103,48,7 107,53,17 83,39,9 73,26,0 59,19,0 55,37,16 63,28,3 37,21,8 22,12,13 39,17,11 63,22,4 28,10,9 32,14,9 33,22,19 52,26,14 44,24,15 15,10,9 14,12,10 14,12,10 16,14,12 17,15,11 17,15,11 16,14,12 17,15,11

66,35,14 68,30,13 66,35,14 71,35,15 64,30,10 66,32,10 61,30,9 58,29,9 35,20,11 35,19,13 29,17,17 54,24,9 53,27,6 36,20,7 35,20,11 28,16,6 46,24,6 44,22,4 41,20,5 40,21,5 26,15,10 25,14,11 26,15,12 26,13,6 23,14,10 22,16,11 23,14,10 23,14,10 23,14,10 23,14,10 23,14,10 23,14,10
69,35,15 72,38,18 73,35,16 61,30,11 63,29,9 64,30,10 61,30,7 60,29,10 38,23,14 24,14,15 31,16,7 53,26,8 53,27,6 29,16,9 32,19,14 37,20,10 44,22,4 46,24,6 46,23,8 39,20,6 26,14,14 11,10,13 11,10,13 12,9,13 12,9,13 13,10,14 16,9,12 21,11,10 23,14,10 23,14,10 23,14,10 23,14,10
75,37,18 74,36,15 67,31,11 67,31,11 61,30,11 57,31,8 63,32,11 34,17,7 40,25,16 27,15,15 51,24,6 52,25,7 41,20,5 35,21,7 23,13,12 46,21,4 48,25,12 47,24,9 46,23,8 17,15,16 11,10,13 11,10,13 11,10,13 11,10,13 12,9,13 15,9,14 13,11,12 15,9,14 13,10,14 13,10,14 15,9,14 13,10,14
64,30,10 70,34,14 64,30,10 62,31,10 60,29,8 59,30,8 54,24,7 34,18,14 25,15,16 28,18,17 48,23,4 46,22,0 40,21,9 45,23,15 42,27,18 16,14,10 46,23,10 48,25,10 38,21,13 16,14,12 11,10,13 11,10,13 11,10,13 11,10,13 13,10,14 14,11,15 15,10,12 15,9,14 13,10,14 12,9,13 13,10,14 13,10,14
58,32,11 62,33,11 65,31,11 63,29,9 67,31,11 63,32,11 52,26,14 35,19,15 36,21,10 47,19,8 52,23,1 47,20,2 123,59,0 101,41,0 39,20,6 59,25,3 89,40,0 57,25,9 15,15,10 51,29,11 12,9,13 11,10,13 11,10,13 11,10,13 12,9,13 13,10,14 16,9,12 12,10,11 13,10,14 12,9,13 13,10,14 13,10,14
66,32,14 73,37,17 64,33,14 64,33,14 67,31,13 65,31,11 28,15,12 20,14,9 27,11,7 149,71,0 52,27,10 53,23,6 136,64,0 108,51,0 155,86,1 130,68,0 67,26,0 101,45,0 38,24,10 16,14,12 12,10,11 11,10,13 11,10,13 11,10,13 12,9,13 13,10,14 16,8,14 13,10,14 13,11,12 12,9,13 13,10,14 13,10,14
59,30,10 65,31,11 68,37,16 72,36,18 75,34,16 65,31,9 24,15,11 26,17,13 51,24,6 51,26,9 49,23,9 164,87,0 173,80,0 158,75,0 148,66,0 112,44,4 126,61,6 68,29,1 22,17,16 16,14,15 13,10,14 11,10,13 11,10,13 11,10,13 12,9,13 13,10,14 16,9,12 13,11,12 16,9,12 13,10,14 13,10,14 13,10,14
56,27,5 68,34,16 74,38,18 75,39,19 64,33,12 58,29,9 23,11,11 26,15,12 49,24,7 49,22,6 48,23,4 151,70,0 177,79,0 191,94,0 165,77,0 186,102,1 189,94,0 136,60,0 99,45,9 17,16,9 12,9,13 11,10,13 11,10,13 11,10,13 12,9,13 13,10,14 15,10,12 13,10,14 15,9,14 13,10,14 13,10,14 11,10,13
65,36,14 62,28,8 60,31,11 72,38,20 70,36,16 45,26,12 27,16,13 54,24,7 47,25,7 46,24,6 46,23,8 164,79,0 197,102,0 228,127,2 172,76,0 184,91,0 152,74,0 158,70,0 20,22,19 25,26,18 11,10,13 11,10,13 11,10,13 11,10,13 13,10,14 13,10,14 15,10,9 12,9,13 12,9,13 13,10,14 13,10,14 12,9,13
56,25,4 49,27,9 55,25,8 56,31,14 67,36,15 59,34,17 71,39,25 77,41,23 46,23,10 52,22,5 122,55,0 173,88,0 215,114,0 223,128,0 228,126,0 136,58,0 153,68,0 125,52,0 26,20,15 28,27,16 11,10,13 11,10,13 11,10,13 11,10,13 12,9,13 13,10,14 15,10,12 13,10,14 13,10,14 13,10,14 13,10,14 13,10,14
52,27,10 51,26,9 50,23,5 61,28,17 59,30,10 62,37,18 134,65,32 155,79,55 74,34,9 125,63,7 168,88,0 189,100,0 210,109,0 210,124,0 208,122,0 211,120,0 194,101,0 158,74,0 63,36,20 27,26,15 11,10,13 11,10,13 11,10,13 11,10,13 13,10,14 13,10,14 13,10,14 13,10,14 13,10,14 13,10,14 13,10,14 13,10,14
50,28,8 48,26,8 37,21,8 37,22,11 47,24,9 111,55,19 193,91,28 157,81,39 92,36,10 80,34,6 187,97,0 194,103,0 196,104,0 200,106,0 215,123,0 211,115,0 214,110,0 167,70,0 84,43,14 37,23,9 29,18,15 19,12,12 11,10,13 12,9,13 13,10,14 12,11,14 13,11,12 13,10,14 13,10,14 13,10,14 13,10,14 13,10,14
51,24,8 50,27,14 45,24,9 40,21,9 154,66,10 199,97,0 204,104,3 105,47,14 98,41,0 76,32,2 141,59,0 203,111,0 211,115,0 197,99,0 190,99,0 197,104,0 184,92,0 145,66,0 48,29,15 48,27,16 35,20,11 33,17,11 9,10,13 15,9,14 15,10,12 12,10,11 13,11,12 13,10,14 12,9,13 11,10,13 13,10,14 13,10,14
38,22,7 46,25,14 45,26,10 86,40,12 206,101,0 221,124,20 184,99,1 98,47,0 92,40,8 99,48,9 100,45,0 135,62,5 216,120,0 217,116,0 175,87,0 143,66,0 132,60,0 88,35,0 72,31,0 101,50,13 40,19,8 49,26,13 36,24,24 13,10,14 15,10,12 15,10,12 13,10,14 13,10,14 13,10,14 12,9,13 13,10,14 13,10,14
35,19,4 48,25,12 48,27,12 165,77,0 212,115,11 210,121,22 182,93,0 193,122,28 101,49,17 99,50,12 101,55,16 105,51,13 151,71,3 196,101,0 181,88,0 173,84,0 168,83,0 129,59,1 114,54,15 46,15,5 61,29,15 38,18,9 43,23,14 16,14,15 15,9,14 12,9,13 14,11,15 13,10,14 13,10,14 12,9,13 13,10,14 12,9,13
40,21,5 46,25,12 56,29,11 189,87,0 209,111,15 138,65,4 71,40,17 43,24,10 35,14,3 110,57,14 89,44,11 89,41,12 124,54,0 171,77,0 145,68,8 162,81,0 137,68,3 106,44,6 108,51,11 41,17,9 74,36,19 29,11,10 45,26,14 40,23,24 13,10,14 13,10,14 13,10,16 13,10,14 13,10,14 12,9,13 13,10,14 13,10,14
42,21,6 56,29,11 130,55,6 187,88,0 21,12,8 12,11,14 40,21,7 81,35,7 109,60,22 87,34,7 83,38,15 78,37,17 90,46,16 105,48,6 203,103,2 186,89,0 176,81,0 96,36,0 47,24,11 46,20,6 49,26,15 43,24,12 49,26,13 42,25,15 15,9,16 12,9,13 14,11,15 15,9,14 11,10,13 15,9,14 12,10,11 12,10,11
44,23,8 55,30,13 149,63,0 48,25,10 64,27,1 65,30,5 32,21,18 48,27,14 94,43,8 84,33,5 93,46,14 120,63,21 82,35,3 52,28,6 25,16,12 35,20,9 28,12,10 36,13,2 64,26,7 47,25,17 40,24,18 25,12,7 56,28,15 47,26,15 14,11,15 14,12,13 14,12,10 16,14,10 16,16,11 17,15,11 16,14,12 17,15,11

63,32,11 60,31,9 68,34,14 70,34,14 64,30,10 65,31,9 61,30,9 58,29,7 33,18,9 35,19,13 30,18,20 54,24,9 54,28,7 35,19,6 35,20,11 31,16,7 44,22,4 42,21,6 39,23,6 39,20,6 31,18,11 27,14,11 29,16,9 28,15,8 28,15,10 26,13,10 26,15,12 23,14,10 25,16,12 23,14,10 27,16,13 33,17,15
62,31,10 68,37,16 71,33,12 62,31,10 69,31,12 64,30,10 61,30,7 60,29,10 38,23,14 24,14,18 31,15,9 53,26,8 53,26,8 29,16,9 31,18,13 37,20,10 45,24,9 16,16,11 16,16,13 15,15,12 11,10,13 11,10,13 12,9,13 13,11,12 19,9,13 15,9,14 21,11,12 25,14,11 23,14,10 23,14,10 23,14,10 23,14,10
70,34,12 68,32,12 67,31,11 71,33,14 68,32,14 59,30,8 62,31,10 34,17,7 40,25,16 29,17,17 51,24,6 52,25,7 41,20,5 35,21,7 23,13,12 26,17,11 17,15,13 17,15,13 16,14,12 16,16,13 11,10,13 11,10,13 11,10,13 11,10,13 13,10,14 15,9,14 15,10,12 23,14,8 23,14,10 23,14,10 23,14,10 23,14,10
60,29,10 72,34,13 69,35,15 73,37,17 69,35,15 63,32,11 55,26,6 34,18,14 25,15,16 28,18,17 48,23,4 48,24,2 37,21,8 29,13,11 19,14,11 15,14,17 16,14,12 23,16,14 40,25,16 16,14,12 11,10,13 11,10,13 11,10,13 11,10,13 13,10,14 13,10,14 13,11,12 23,14,10 23,14,10 23,14,10 22,13,9 22,13,9
59,30,10 60,29,8 74,38,18 73,37,17 72,36,16 71,35,15 53,27,15 35,19,15 34,22,10 46,20,6 50,24,3 47,25,5 109,55,0 93,40,0 59,18,0 79,38,11 144,80,18 80,37,2 47,26,11 15,15,12 13,10,14 11,10,13 11,10,13 11,10,13 12,9,13 13,10,14 16,9,12 19,12,12 23,14,10 23,14,10 22,13,9 22,12,11
59,30,8 63,32,11 63,31,15 69,38,17 73,37,17 71,35,15 38,20,15 33,20,17 27,11,7 47,25,5 45,25,7 70,38,24 133,62,0 146,67,0 151,85,12 93,46,0 114,51,0 56,25,4 19,17,15 16,14,12 15,10,12 11,10,13 11,10,13 11,10,13 12,9,13 13,10,14 16,9,12 13,10,14 15,10,12 22,13,9 20,13,11 22,12,11
58,29,9 60,29,8 61,30,11 61,30,11 74,38,18 72,36,14 45,25,16 38,23,14 51,24,6 171,83,0 159,74,0 142,73,0 152,72,0 175,88,0 169,87,0 101,42,0 176,87,0 169,76,0 32,21,14 18,16,14 15,9,14 11,10,13 11,10,13 11,10,13 12,9,13 13,10,14 15,10,12 13,11,12 16,9,12 20,13,16 19,12,12 19,9,10
53,27,6 62,31,12 58,29,9 60,29,10 68,34,14 60,31,11 54,31,18 44,28,15 53,28,11 50,23,7 34,17,7 129,60,0 153,69,0 188,91,0 194,97,0 108,45,0 139,67,1 95,40,0 44,27,19 46,23,10 13,10,14 11,10,13 11,10,13 11,10,13 12,9,13 13,10,14 16,9,12 13,10,14 13,11,12 13,10,14 19,12,12 19,9,13
65,36,14 59,28,7 55,31,9 58,29,9 62,28,8 49,28,15 37,21,15 54,27,11 47,25,7 46,24,6 45,25,7 143,70,0 170,80,0 213,114,0 223,119,0 206,103,0 201,114,2 164,74,9 78,26,5 43,27,14 13,10,14 11,10,13 11,10,13 11,10,13 13,10,16 13,10,14 15,10,12 12,9,13 14,8,13 13,10,14 15,10,12 22,12,13
55,24,3 51,26,9 55,26,6 51,26,7 63,32,13 40,25,16 23,14,8 49,25,3 51,23,12 67,29,8 113,53,0 160,79,0 172,80,0 215,114,0 222,122,0 209,116,0 213,121,0 198,104,0 160,77,0 53,26,8 12,10,11 11,10,13 11,10,13 11,10,13 13,10,14 13,10,14 15,10,12 13,10,14 13,10,14 13,10,14 13,10,14 21,11,12
52,27,10 51,26,9 51,24,8 56,24,8 56,30,7 24,14,13 49,21,10 54,24,9 80,42,23 120,61,31 163,79,0 182,94,0 185,95,0 203,109,0 219,127,0 218,122,0 200,107,0 194,98,0 164,77,0 102,45,5 12,11,14 11,10,13 11,10,13 11,10,13 13,10,14 13,10,14 13,10,14 13,10,14 13,10,14 13,10,14 13,10,14 19,12,15
50,27,12 48,26,8 37,21,8 35,20,9 46,21,4 118,51,6 163,70,0 96,36,0 105,53,21 255,204,108 166,84,10 194,102,0 205,112,0 197,102,0 200,103,0 207,111,0 211,113,0 198,108,0 149,72,0 81,41,5 24,14,13 22,11,8 11,10,13 12,9,13 15,9,14 13,12,15 13,11,12 12,9,13 13,10,14 13,10,14 13,10,14 13,10,14
52,25,9 49,26,13 45,24,9 40,21,9 118,53,14 200,100,0 197,100,0 203,107,8 103,47,13 148,74,36 108,52,14 189,98,0 209,112,0 225,122,0 214,112,0 170,81,0 164,82,0 117,53,0 23,17,10 85,39,21 78,40,19 72,34,15 11,10,13 15,9,14 16,9,12 13,11,12 13,11,12 13,10,14 12,9,13 11,10,13 13,10,14 13,10,14
38,22,7 46,25,14 45,26,10 47,28,16 176,79,0 206,111,8 214,121,18 206,113,20 97,51,14 187,77,0 79,36,3 92,39,0 194,100,0 212,114,0 206,106,0 176,88,0 165,78,0 143,64,0 118,56,0 129,62,19 46,18,7 46,25,14 71,34,19 13,10,16 15,10,12 15,10,12 13,10,14 13,10,14 13,10,14 12,9,13 13,10,14 13,11,12
37,21,6 48,25,12 50,27,12 85,39,11 180,83,0 209,113,14 213,117,20 200,106,7 127,51,0 157,80,6 100,49,12 94,47,13 194,95,4 154,75,2 181,93,0 173,88,0 172,86,0 145,67,0 103,45,10 66,31,16 88,37,11 44,16,3 50,24,12 21,16,18 13,10,14 13,10,14 13,10,14 13,10,14 13,10,14 12,9,13 13,10,14 15,9,14
40,21,5 45,24,13 43,24,8 133,61,11 201,100,0 217,120,18 200,103,1 137,58,0 175,94,0 146,72,4 145,69,9 87,42,9 68,26,2 197,113,30 178,94,11 122,52,0 125,56,2 125,50,1 106,53,12 35,18,10 49,19,2 47,23,15 50,27,14 56,28,17 13,10,14 13,10,14 13,10,14 13,10,14 13,10,14 12,9,13 13,10,14 12,9,13
42,21,6 48,25,10 24,13,10 139,63,7 203,101,0 221,124,22 181,104,19 14,12,13 17,15,16 16,11,13 34,22,12 103,49,11 99,45,11 88,38,7 118,42,0 208,104,0 193,90,0 86,40,3 77,35,13 38,17,6 40,19,8 51,25,11 53,25,14 97,48,12 15,9,14 13,10,14 14,11,15 15,9,14 11,10,13 15,9,14 11,10,13 11,10,13
42,20,12 20,15,17 63,32,13 147,72,9 184,90,2 95,51,13 44,25,11 25,8,0 55,30,11 106,49,9 38,22,16 78,41,17 103,49,13 94,50,22 69,26,7 34,23,16 137,62,0 74,30,4 86,38,11 34,12,4 41,20,7 32,19,16 60,28,14 118,51,8 15,9,14 13,11,12 14,12,10 17,15,11 16,16,11 17,15,11 16,14,12 17,15,11

61,30,9 60,31,9 69,35,15 72,34,13 68,32,12 72,34,15 64,30,10 58,29,9 33,17,13 35,19,13 30,18,20 54,24,9 54,28,7 35,19,6 35,20,9 30,15,4 47,25,7 46,24,6 44,22,4 40,22,3 28,15,10 24,15,9 28,15,8 29,17,7 28,15,10 27,14,9 26,13,8 28,15,10 25,16,12 29,16,13 30,14,12 26,15,12
62,31,10 69,35,15 72,34,15 68,34,14 72,36,16 73,35,16 64,30,8 61,30,11 37,22,11 24,14,18 31,15,9 53,26,8 53,26,8 31,18,11 29,17,7 20,9,6 13,11,12 16,16,11 18,13,12 13,11,7 13,11,12 9,11,11 11,10,13 12,10,11 28,15,10 28,15,10 28,15,10 30,14,10 23,14,10 23,14,10 24,13,10 23,14,10
66,35,14 66,30,10 68,32,12 72,36,16 72,36,16 70,34,16 68,34,14 41,20,7 40,25,16 27,15,15 51,25,4 52,25,7 40,21,5 26,14,14 11,10,15 13,11,12 16,14,12 17,15,13 16,14,12 16,14,12 11,10,13 11,10,13 11,10,13 12,11,14 24,15,11 26,13,10 25,14,11 24,15,11 23,14,10 23,14,10 23,14,10 23,14,10
60,29,8 66,32,12 65,31,11 69,35,15 68,34,14 66,32,10 64,30,10 44,24,15 36,21,12 26,16,15 48,23,4 48,24,2 36,18,13 41,25,23 22,16,7 18,13,10 45,29,12 54,28,7 16,14,10 15,15,12 11,10,13 11,10,13 11,10,13 11,10,13 30,14,12 26,15,12 24,13,8 23,14,8 23,14,10 23,14,10 23,14,10 22,13,9
59,30,8 61,30,9 65,31,13 68,34,16 68,34,14 64,33,14 61,31,16 55,32,17 44,25,13 50,23,7 50,24,3 47,25,7 121,55,0 96,43,0 101,46,3 89,40,2 97,49,4 35,18,10 15,15,12 16,14,15 13,10,14 11,10,13 11,10,13 11,10,13 16,9,12 23,13,12 23,14,10 23,14,10 23,14,10 23,14,10 23,14,10 22,13,9
59,30,8 63,32,11 56,26,9 59,28,7 64,33,14 69,35,15 42,25,15 36,20,14 35,19,13 50,24,3 50,24,3 99,52,0 136,65,0 157,73,0 118,55,6 112,52,9 68,28,0 98,47,10 17,15,13 16,14,12 15,10,12 11,10,13 11,10,13 11,10,13 12,9,13 13,11,12 23,14,10 23,14,10 23,14,10 23,14,10 22,13,9 22,13,9
58,29,9 60,29,8 58,29,9 56,27,7 72,36,14 72,34,13 32,19,16 23,14,10 52,25,7 154,71,2 134,59,0 146,74,0 153,70,0 160,71,0 118,58,6 134,64,2 143,68,0 158,65,0 94,43,4 16,14,12 15,9,14 11,10,13 11,10,13 11,10,13 12,10,11 13,10,14 15,10,12 23,13,12 23,14,10 22,13,9 22,12,13 21,11,12
54,28,5 62,31,12 56,27,7 59,27,11 62,31,12 59,31,18 22,12,13 28,15,8 15,10,12 32,10,2 36,15,15 130,62,0 153,68,0 190,90,0 200,101,0 169,82,0 185,94,0 150,68,0 80,43,17 25,26,18 12,9,13 11,10,13 11,10,13 11,10,13 12,9,13 15,9,14 15,10,12 21,11,12 22,13,9 21,11,12 21,11,12 22,12,13
65,36,14 59,28,7 55,31,9 58,29,9 57,26,5 26,17,13 22,13,9 51,25,4 49,24,5 14,9,6 16,11,8 148,69,0 162,75,0 217,112,0 214,116,0 190,88,0 179,95,0 207,113,0 168,83,0 37,21,8 11,10,13 11,10,13 11,10,13 11,10,13 14,11,15 13,10,14 15,10,12 13,11,12 20,13,11 20,13,13 22,12,13 21,11,12
55,24,3 53,26,10 55,26,6 51,26,7 62,33,13 26,17,13 42,20,12 49,24,5 47,25,5 97,49,24 116,56,4 159,79,0 167,80,0 203,100,0 223,127,0 217,121,0 216,119,0 192,98,0 162,73,0 69,28,1 11,10,13 11,10,13 11,10,13 11,10,13 12,9,13 13,10,14 16,9,12 15,9,14 17,10,13 17,10,10 20,13,13 21,11,12
52,27,10 52,27,10 51,24,8 56,24,8 59,30,8 24,14,13 66,31,16 81,37,9 73,28,7 82,33,11 167,81,15 208,106,36 195,102,0 181,88,0 205,111,0 214,117,0 216,110,0 213,114,0 172,85,0 108,50,0 13,10,14 11,10,13 11,10,13 11,10,13 13,10,14 13,10,14 12,9,13 13,10,14 12,9,13 21,11,12 19,12,12 21,11,12
49,26,11 52,25,9 37,21,8 35,20,9 42,21,6 148,64,4 188,91,0 197,97,0 94,39,0 94,39,8 147,70,35 229,119,52 200,107,0 230,126,0 215,112,0 200,100,0 192,102,0 176,90,0 75,45,19 46,18,5 41,21,14 16,6,7 11,10,13 12,9,13 13,10,14 12,9,13 13,10,14 13,10,14 12,11,14 22,12,13 19,12,12 20,13,13
52,25,9 49,26,11 45,24,9 21,11,12 120,53,10 191,91,0 212,112,11 207,111,12 87,40,6 95,40,9 107,50,21 116,50,16 184,98,0 202,107,0 210,109,0 189,93,0 170,75,0 155,71,0 109,55,7 97,41,5 78,37,21 50,27,14 9,10,15 15,9,14 15,10,12 13,11,12 13,11,12 13,10,14 13,10,14 22,12,16 22,12,16 21,11,12
38,22,7 48,25,14 44,25,9 25,20,17 161,71,0 200,103,0 207,111,14 212,118,21 92,43,7 87,40,8 195,88,0 102,51,23 181,82,0 172,89,4 185,97,0 176,88,0 171,85,0 149,66,0 118,56,16 69,35,15 92,41,4 48,24,16 78,40,21 13,10,14 15,10,12 12,10,11 13,10,14 13,10,14 13,10,14 22,12,16 19,9,13 22,12,16
38,22,7 45,24,11 31,19,19 69,39,24 179,82,0 209,112,10 206,111,8 204,107,5 96,46,13 101,50,11 134,78,13 155,96,37 94,48,9 204,111,8 167,88,13 136,69,3 138,65,4 110,42,0 138,68,10 50,17,8 69,31,10 59,27,11 78,33,10 14,12,13 13,11,12 12,9,13 12,9,13 13,10,14 13,10,14 16,9,12 21,11,15 23,13,17
38,21,13 19,17,18 17,16,19 113,51,13 170,72,1 198,95,0 214,117,15 199,106,1 38,23,12 128,61,9 64,32,16 91,46,23 88,42,12 100,48,18 147,68,4 209,105,0 193,88,0 104,48,10 71,28,9 66,30,12 52,24,13 39,18,7 53,25,14 38,23,14 13,10,14 13,10,14 12,9,13 13,10,14 12,9,13 13,10,14 16,9,12 17,10,13
16,14,12 18,16,17 18,18,18 121,52,12 176,79,0 222,124,26 214,119,16 72,35,11 17,10,13 14,12,13 72,39,12 76,35,8 105,49,11 101,45,0 76,45,35 45,30,21 76,37,7 66,30,10 79,34,11 60,32,21 67,37,20 43,23,16 58,27,15 93,46,14 15,9,14 12,9,13 13,10,14 13,10,14 11,10,13 15,9,14 15,10,12 15,10,12
16,14,15 17,17,17 28,18,17 105,42,7 148,68,2 127,60,8 30,21,17 52,23,1 69,30,2 46,23,8 56,29,13 23,18,15 103,55,26 98,51,19 173,76,0 202,105,0 157,73,0 125,44,0 64,30,10 68,30,11 41,15,5 29,17,19 60,28,12 129,58,16 16,10,15 13,11,12 14,12,10 17,15,11 16,16,11 17,15,11 16,14,12 17,15,11

60,31,9 59,28,7 69,34,19 73,35,14 71,35,15 71,35,15 68,34,14 68,34,14 43,26,16 41,24,14 30,18,20 54,24,9 54,28,7 35,19,6 35,20,9 30,14,8 47,25,7 44,22,4 44,22,4 40,20,2 31,19,9 28,15,12 33,18,7 29,16,11 27,14,9 28,15,10 28,15,10 27,14,9 27,16,13 28,15,12 26,13,8 25,16,12
61,32,10 66,32,12 71,33,14 65,31,11 70,34,14 68,32,12 65,31,13 70,34,14 49,28,15 36,20,16 31,15,9 53,26,8 53,26,8 29,16,9 32,20,10 35,18,10 41,21,3 41,23,4 31,19,9 16,14,10 24,15,11 28,15,10 28,15,10 28,15,10 28,15,10 28,15,10 25,14,11 28,15,10 23,14,10 23,14,10 23,14,10 26,15,12
63,34,12 63,29,9 64,30,10 68,34,14 68,34,14 63,32,11 67,36,15 44,23,10 43,26,18 34,18,12 52,26,5 52,26,3 21,14,12 15,8,8 11,10,13 13,10,14 13,13,13 23,14,10 16,14,12 16,14,12 11,10,13 23,13,12 28,15,12 29,16,11 24,15,9 25,16,12 26,15,10 24,15,9 23,14,10 23,14,10 23,14,10 23,14,10
59,30,10 65,31,11 59,30,8 64,30,8 64,33,12 66,32,10 60,29,10 33,20,13 21,14,12 29,18,15 49,24,7 17,9,15 14,12,10 15,10,9 21,11,10 20,16,10 31,22,18 45,26,12 18,16,14 15,15,12 11,10,13 26,15,12 28,15,12 31,15,13 29,13,9 23,14,10 27,14,9 23,14,8 23,14,10 23,14,10 23,14,10 22,13,9
58,29,7 61,30,9 60,28,12 61,32,12 67,31,11 68,34,12 54,31,16 33,19,19 34,18,12 49,22,6 34,18,12 10,10,10 103,49,0 82,42,6 112,53,0 122,59,10 100,47,2 24,18,11 15,15,12 16,14,15 11,10,13 11,10,13 19,12,10 23,14,10 29,16,11 23,14,10 24,15,11 23,14,10 23,14,10 23,14,10 23,14,10 22,13,9
59,30,8 63,32,11 55,25,10 59,28,7 56,27,5 63,29,9 28,15,12 23,13,14 27,14,7 50,24,3 11,10,13 109,53,4 122,58,0 141,78,2 112,57,12 119,48,0 158,75,0 113,52,7 15,15,12 16,14,12 13,11,12 11,10,13 11,10,13 21,14,12 23,14,10 23,14,10 23,14,10 23,14,10 23,14,10 23,14,10 22,13,9 22,13,9
58,28,11 59,30,10 56,27,7 55,26,6 67,31,13 65,29,7 25,14,11 24,15,11 50,23,5 50,25,8 31,15,2 113,50,1 150,69,0 124,49,0 109,43,0 169,87,0 105,47,0 113,49,5 53,28,9 18,13,10 15,9,14 11,10,13 11,10,13 11,10,13 23,14,10 23,14,10 23,14,10 23,14,10 23,14,10 23,14,10 22,12,13 21,11,12
54,28,5 62,31,12 55,26,6 60,28,12 59,30,10 56,29,13 22,10,12 12,10,11 11,10,13 181,82,0 112,58,20 118,56,0 153,66,0 198,97,0 212,111,0 189,94,0 193,102,0 134,51,0 133,69,9 14,12,13 12,9,13 11,10,13 11,10,13 11,10,13 22,10,10 22,13,9 23,14,10 22,13,9 20,14,9 17,10,10 22,12,13 19,12,12
63,37,16 60,29,10 55,31,9 58,29,9 57,25,9 26,17,13 22,12,11 11,10,13 11,11,11 49,24,7 17,10,10 144,64,0 169,79,0 207,104,0 220,119,0 220,116,0 209,112,0 204,107,0 158,74,0 29,20,14 11,10,13 11,10,13 11,10,13 11,10,13 12,10,11 22,12,11 22,13,9 22,13,9 22,13,9 20,13,13 22,12,13 21,11,15
55,24,3 53,26,10 55,26,6 52,28,6 61,32,12 26,16,15 44,21,6 50,25,6 46,24,4 66,28,9 115,55,3 161,79,7 187,94,0 217,109,0 220,122,0 206,108,0 213,117,0 207,108,0 175,82,0 119,54,0 11,10,13 11,10,13 11,10,13 11,10,13 12,9,13 13,10,14 22,13,9 19,12,12 20,13,13 19,9,10 20,13,13 21,11,12
52,27,10 51,26,9 50,23,7 56,25,4 59,30,8 25,16,12 115,49,15 83,39,11 76,31,8 95,45,14 155,73,1 210,106,28 213,110,14 195,102,0 212,110,0 217,117,0 223,120,0 205,107,0 161,74,0 81,39,1 20,13,13 11,10,13 11,10,13 11,10,13 13,10,14 13,10,14 20,13,13 21,11,12 20,13,13 22,12,13 19,12,12 21,11,12
49,26,11 52,25,9 36,19,9 35,20,9 47,23,15 172,76,0 193,92,0 202,103,0 93,42,5 89,35,1 107,51,13 196,97,15 197,101,4 222,114,0 237,128,0 207,105,0 170,88,0 99,39,0 28,17,2 61,28,1 37,16,5 11,10,13 11,10,13 12,9,13 13,10,14 13,10,14 22,12,13 19,12,12 20,13,13 19,9,10 17,10,10 20,13,13
52,25,9 48,25,10 21,14,12 36,21,12 131,57,3 199,99,0 200,103,0 214,119,16 90,38,6 94,42,10 92,42,9 138,66,18 183,95,0 200,106,0 201,99,0 186,92,0 168,81,0 148,67,0 127,60,15 71,31,6 52,25,9 54,30,22 10,11,14 13,10,14 15,10,12 13,11,12 18,8,12 22,12,13 21,11,12 21,11,15 22,12,13 21,11,12
38,22,5 43,24,10 18,16,17 32,22,21 157,68,0 205,103,1 213,118,13 191,97,0 90,46,8 89,43,13 129,59,1 191,81,0 183,85,0 164,81,0 183,95,0 178,87,0 171,86,0 145,67,0 105,44,0 40,12,1 92,41,6 39,18,5 84,42,18 13,10,14 16,9,12 13,11,12 13,10,14 21,11,12 21,11,15 23,13,17 21,11,15 22,12,16
16,14,12 19,17,18 19,19,19 77,41,21 179,80,2 207,104,0 214,114,11 206,106,5 106,53,10 99,49,3 178,110,0 187,102,0 155,70,0 206,106,1 166,84,12 117,50,2 116,46,0 150,71,9 95,40,0 60,32,19 76,33,14 39,18,7 114,49,8 14,12,10 13,11,12 13,10,14 13,10,14 16,11,13 19,12,15 22,12,16 22,12,16 22,12,16
16,16,13 21,16,18 18,15,19 106,45,11 154,68,2 206,105,0 209,109,8 218,116,16 110,52,0 59,33,10 55,32,19 26,17,13 27,15,5 89,39,6 183,92,5 220,110,1 205,97,0 87,41,15 64,21,4 68,31,7 43,17,3 32,15,5 117,57,14 35,21,23 13,11,12 13,10,14 13,11,12 13,10,14 16,9,12 16,9,12 16,9,12 16,9,12
16,14,12 19,17,18 17,17,17 106,48,13 145,69,6 178,83,2 152,68,0 103,48,3 76,39,13 13,11,12 32,21,18 64,30,10 73,36,12 82,37,4 49,34,25 42,28,14 150,77,18 79,38,7 99,48,13 52,24,11 42,16,0 44,21,10 70,27,10 99,45,11 13,10,16 13,10,14 12,9,13 15,9,14 13,10,14 16,9,12 16,9,12 15,10,12
16,14,15 17,17,17 26,19,22 97,45,15 133,58,9 122,52,5 155,80,17 16,14,10 48,25,10 65,29,7 46,26,8 17,17,14 46,21,2 59,28,5 213,111,9 207,104,10 211,103,0 103,43,0 59,28,7 70,25,2 58,30,17 22,15,13 66,30,20 130,55,8 14,11,17 13,11,12 14,12,10 17,15,11 17,16,9 17,15,13 16,14,12 17,15,11

22,24,24 21,19,17 21,19,17 22,17,16 20,18,19 21,19,17 20,18,16 21,14,14 18,13,12 17,15,13 13,11,12 13,15,12 51,24,8 29,17,7 21,16,15 9,10,13 11,10,13 11,13,13 44,21,6 41,20,5 33,18,7 31,15,9 33,18,9 34,19,8 28,15,10 28,15,10 29,16,11 28,15,10 28,15,10 28,15,10 28,15,10 28,15,10
24,22,23 23,21,19 21,19,17 19,17,15 18,16,14 21,19,17 21,19,17 18,16,14 20,15,14 15,10,12 13,11,12 16,16,13 50,24,10 24,13,10 15,10,12 11,10,13 16,11,13 36,19,11 46,23,8 44,21,6 31,16,7 26,15,12 31,19,9 28,15,10 28,15,10 28,15,10 28,15,10 28,15,10 25,14,9 26,13,8 28,15,10 29,17,7
25,23,21 23,21,19 20,18,16 22,15,18 19,17,18 21,19,17 21,19,17 13,13,13 19,17,18 13,11,12 13,10,14 13,10,14 15,9,14 15,10,12 11,10,13 48,22,8 21,12,4 14,9,11 16,15,8 11,16,12 33,18,9 26,15,10 27,14,9 28,15,12 24,15,9 26,15,10 28,15,10 28,15,10 28,15,10 27,14,9 29,16,11 23,14,8
23,21,19 23,21,19 20,18,16 16,16,13 18,16,14 20,18,16 17,17,14 18,13,15 15,10,12 14,9,8 12,9,13 20,15,14 81,42,12 17,10,13 37,21,8 33,17,11 101,46,1 133,67,0 81,37,7 57,26,3 47,25,7 93,48,0 45,24,11 28,15,10 28,15,10 28,15,10 28,15,10 25,14,9 26,15,10 23,14,10 23,14,10 23,14,10
23,21,19 21,19,17 19,17,15 17,15,11 17,15,13 20,18,16 17,15,16 17,15,16 16,14,15 12,9,13 11,10,13 88,50,15 145,67,0 31,19,9 24,15,11 62,33,9 114,56,0 127,65,0 84,43,12 56,27,3 59,28,5 81,42,12 92,41,2 45,24,11 29,16,9 24,15,11 23,14,10 23,14,10 23,14,10 22,13,9 23,14,10 23,14,10
23,21,19 21,19,17 17,15,13 15,15,12 16,14,12 20,18,19 15,10,12 13,13,13 11,10,15 11,10,13 11,10,13 11,10,13 18,16,14 37,22,11 20,15,14 93,45,2 126,60,3 85,33,1 51,24,6 36,20,3 54,27,11 61,30,11 83,37,9 33,19,3 23,14,10 31,18,15 25,16,10 23,14,10 23,14,10 23,14,10 23,14,10 23,14,10
20,18,16 21,19,17 20,15,14 15,15,12 20,18,16 21,19,17 15,10,12 13,11,9 11,10,13 11,10,13 11,10,13 13,12,15 18,16,17 13,11,9 16,14,10 32,19,12 38,17,6 88,42,5 103,49,1 142,67,0 153,69,0 92,43,0 46,26,8 24,15,9 29,16,13 23,14,10 23,14,10 23,14,10 24,15,11 23,14,10 23,14,10 23,14,10
23,18,15 21,19,17 17,15,13 16,14,12 18,16,14 18,16,17 16,9,12 9,10,13 11,10,13 11,10,13 11,10,13 16,16,13 17,15,13 13,11,9 24,17,15 102,48,12 143,69,0 151,75,0 122,66,0 150,74,0 182,101,2 156,78,0 154,75,0 49,28,13 23,14,10 23,14,10 23,14,10 23,14,10 23,14,10 22,13,9 23,14,10 22,13,9
23,21,19 19,17,15 17,15,13 15,15,12 20,18,16 17,10,13 13,11,12 11,10,13 11,10,13 11,10,13 12,12,12 16,14,12 18,16,14 16,14,12 55,25,8 138,63,0 186,95,0 168,90,0 103,46,2 104,50,2 49,21,12 34,22,12 161,84,0 121,53,0 25,15,16 23,13,12 23,13,12 23,14,10 22,13,9 23,14,10 22,13,9 20,13,11
20,18,14 17,15,13 16,16,13 13,11,12 21,19,17 16,9,12 12,9,13 11,10,13 11,10,13 11,10,13 11,15,17 37,21,17 15,15,12 15,15,12 70,35,10 150,72,0 191,95,0 173,86,0 158,79,6 187,111,28 202,106,19 210,106,26 125,60,5 128,62,5 23,15,23 23,15,21 23,16,19 24,14,18 22,12,13 22,12,13 22,12,11 22,12,13
20,18,19 16,14,10 14,12,10 14,12,13 18,16,14 16,9,12 12,9,13 21,14,14 9,10,13 11,10,15 99,43,19 24,12,12 20,16,10 16,16,11 83,39,9 158,74,0 176,87,0 171,79,0 165,77,2 217,100,31 212,96,24 176,76,13 150,74,14 105,51,15 23,19,30 26,19,31 26,17,28 20,14,19 20,13,16 22,12,13 22,12,11 21,11,12
17,15,13 15,15,12 15,15,15 15,15,12 13,13,10 15,10,12 12,12,12 26,16,15 93,36,5 51,23,12 69,29,4 116,54,0 114,54,0 44,19,2 75,34,5 145,71,1 168,84,0 151,73,0 168,80,19 78,32,32 103,49,42 138,68,60 139,76,54 88,48,52 67,34,38 27,22,38 23,19,30 26,17,28 20,14,19 20,13,16 20,13,13 22,13,9
15,15,12 18,16,17 18,16,17 16,14,15 13,11,12 16,9,12 40,24,22 92,46,18 87,43,3 80,34,6 75,33,9 139,71,12 155,71,0 120,55,0 38,27,8 117,59,8 161,78,0 139,65,11 146,73,12 158,88,28 160,91,55 167,94,82 199,128,157 99,66,100 82,44,48 56,27,37 26,21,37 21,17,28 20,17,23 19,13,18 17,10,10 19,12,15
17,15,13 19,17,15 18,16,17 17,15,16 11,11,11 19,12,12 78,38,13 155,69,1 164,75,0 91,42,2 100,45,4 67,25,3 187,95,0 159,76,0 115,54,7 78,43,18 158,74,0 136,66,8 141,71,13 172,89,20 174,96,45 203,109,88 213,130,149 128,75,93 106,62,63 81,42,39 25,23,35 21,17,28 18,14,23 17,14,18 19,12,15 21,11,12
13,13,10 19,17,15 18,18,18 17,17,17 18,16,17 33,22,19 122,55,10 186,89,0 196,98,0 83,38,15 98,45,4 90,43,9 91,41,8 185,97,0 165,78,0 36,19,9 120,54,4 163,75,0 177,95,5 179,96,4 184,99,23 179,96,58 171,88,50 124,70,50 86,51,68 92,46,46 71,42,36 20,16,27 18,14,23 19,13,18 22,12,13 21,11,12
16,16,13 21,16,15 18,15,19 17,17,17 19,17,15 23,16,16 139,63,5 203,98,0 211,118,13 116,50,0 99,48,13 94,47,13 85,43,19 120,65,13 193,101,0 191,96,0 60,28,14 118,55,6 166,87,0 182,101,0 167,90,5 200,95,0 146,73,16 125,63,23 98,52,34 92,44,26 144,69,6 23,16,19 16,13,17 21,10,17 21,11,15 21,11,15
16,14,12 21,16,18 18,18,18 16,16,16 17,15,16 42,29,24 144,65,3 195,100,0 210,118,20 205,120,24 89,44,9 92,47,14 98,49,11 83,37,11 172,94,16 212,125,0 191,117,0 115,49,1 112,50,10 113,62,9 193,108,12 173,85,0 166,79,11 96,49,15 97,45,13 87,39,14 144,65,1 59,29,14 21,10,17 22,12,16 21,11,15 22,12,16
16,14,15 17,17,17 22,17,19 18,18,18 20,13,16 58,30,17 139,63,5 188,92,0 214,121,18 211,124,27 80,34,6 97,51,12 101,50,11 94,48,18 88,45,12 174,101,26 204,126,6 219,135,4 172,105,10 74,34,11 161,84,0 198,123,5 138,73,9 78,39,9 84,36,9 78,35,16 127,57,6 92,41,6 16,16,16 17,15,13 16,14,12 17,15,11

13,10,14 16,10,15 19,12,12 45,23,15 19,9,8 57,25,11 68,26,13 58,22,12 69,27,16 75,33,11 46,24,16 75,35,10 109,44,7 10,11,16 13,11,12 18,8,7 55,24,12 57,29,18 57,25,11 59,26,15 50,24,12 35,17,16 42,20,12 32,14,13 34,17,9 43,19,11 39,19,12 29,13,11 20,13,13 19,14,16 35,17,14 28,15,12
13,10,14 14,11,15 31,19,19 64,31,20 52,22,5 44,16,5 78,32,16 72,29,14 73,32,16 39,16,1 39,19,10 110,41,8 95,37,4 87,29,15 16,9,9 31,15,11 46,23,12 50,22,13 55,22,11 47,18,12 62,26,16 34,16,11 36,16,7 46,22,14 46,22,16 40,20,11 50,22,11 41,17,9 29,13,11 14,12,13 25,11,13 33,17,13
15,9,14 27,15,15 61,28,17 70,24,8 78,39,25 56,24,10 48,18,3 48,16,11 86,33,8 24,13,10 30,18,18 92,30,3 16,16,13 74,38,16 22,10,10 51,25,15 40,21,9 50,24,12 46,23,10 38,18,9 54,26,15 68,30,13 65,28,15 50,22,13 47,23,15 44,20,14 65,26,14 59,26,17 28,14,14 11,10,15 15,10,12 19,14,16
13,10,14 46,20,10 64,29,16 74,28,0 67,27,18 81,36,15 64,27,14 45,23,17 63,18,0 17,10,13 22,12,11 14,12,13 19,12,10 17,10,13 19,12,10 44,20,12 66,32,12 79,34,13 75,34,16 51,20,10 48,22,10 58,27,15 67,30,17 69,28,10 82,31,7 66,29,16 29,8,4 64,27,14 23,11,13 19,12,15 14,12,13 17,10,13
12,11,14 52,19,8 76,33,16 87,31,7 67,26,8 13,11,12 13,10,14 13,11,12 16,11,13 20,9,6 20,13,13 39,18,14 17,10,10 20,8,8 26,13,10 26,10,6 45,18,11 36,20,18 39,18,16 52,27,8 72,30,8 66,30,8 67,29,10 74,33,17 44,21,18 44,21,22 13,10,14 25,15,16 29,13,7 24,12,17 13,11,12 12,12,12
13,11,9 43,17,3 61,26,11 84,33,9 14,8,13 13,10,14 13,10,14 13,10,14 14,12,13 34,18,16 15,10,9 17,4,1 25,15,16 19,12,15 19,12,12 57,24,17 83,37,9 65,30,15 44,24,17 45,19,7 31,18,13 34,18,14 59,26,15 51,21,6 48,27,14 27,12,1 16,10,15 13,10,14 33,17,15 25,15,19 13,11,12 31,15,13
12,11,14 58,23,10 67,27,18 52,26,14 13,10,14 13,10,14 13,10,14 13,10,14 14,12,13 15,9,14 15,10,9 21,11,12 33,11,16 15,10,12 15,10,12 39,19,10 68,30,20 23,13,14 37,19,14 46,22,14 37,20,12 23,13,12 21,11,12 31,17,19 19,13,18 44,21,18 15,9,14 13,11,12 23,11,11 15,10,12 13,11,12 40,18,10
13,10,14 32,14,11 16,8,14 13,10,14 13,10,14 13,10,14 13,10,16 13,11,12 16,14,12 19,14,13 49,21,12 34,21,14 56,32,26 17,10,13 13,10,14 19,9,13 46,20,10 54,22,17 37,19,16 32,14,9 19,12,15 15,10,12 17,10,13 36,23,16 16,8,14 74,34,9 16,10,15 44,27,19 28,12,10 13,11,12 16,11,13 39,20,8
13,10,14 13,10,14 13,10,14 13,10,14 13,10,14 13,10,14 13,11,12 13,11,12 16,14,15 29,18,11 32,19,14 32,20,10 48,32,28 16,8,14 19,12,15 13,11,12 20,13,16 29,15,20 22,12,11 16,9,12 17,10,13 19,12,15 24,14,15 70,27,10 41,18,15 78,37,6 16,14,15 21,10,17 39,18,16 13,11,12 17,10,10 58,27,15
13,10,14 13,10,14 13,10,14 13,10,14 13,10,14 13,10,14 13,10,14 13,10,14 41,20,16 21,16,15 45,19,9 45,28,29 70,38,35 36,19,20 24,14,18 19,12,15 15,10,12 16,9,9 17,9,15 16,6,5 23,12,9 22,11,8 19,9,10 33,17,11 50,34,30 16,12,6 22,6,2 13,11,12 35,20,11 17,9,17 21,11,15 47,24,11
13,10,14 13,10,14 13,10,14 13,10,14 13,10,14 13,10,14 13,10,14 13,10,14 15,10,12 16,10,17 37,12,9 44,27,33 55,54,89 55,30,29 38,21,22 48,31,23 41,20,16 59,31,18 71,29,7 62,30,14 78,37,10 80,39,21 41,19,13 25,15,19 37,25,25 14,12,10 52,26,14 15,10,12 38,22,20 16,11,8 45,22,19 67,30,15
13,10,14 13,10,14 13,10,14 13,10,14 13,10,14 13,10,14 13,10,14 13,10,14 16,14,15 16,14,15 34,18,16 48,26,18 77,49,49 125,81,39 75,51,16 63,33,18 65,30,17 79,30,8 111,54,10 233,90,0 46,20,8 86,41,20 100,55,32 25,14,21 29,19,23 13,10,14 44,20,14 24,14,15 36,20,16 37,26,21 70,34,16 62,30,16
13,10,14 13,10,14 13,10,14 13,10,14 13,10,14 13,10,14 13,10,14 13,11,12 13,11,12 16,14,15 16,14,15 26,15,12 65,35,18 44,23,10 97,46,11 71,34,21 50,26,18 67,34,23 88,47,29 87,35,5 75,27,13 29,13,11 48,21,16 35,19,17 18,13,15 13,10,14 39,17,9 21,11,12 52,26,16 42,20,14 74,36,19 50,27,16
13,10,14 13,10,14 13,10,14 13,10,14 13,10,14 13,10,14 13,11,12 13,11,12 13,11,12 13,11,12 14,12,13 17,15,16 43,23,16 52,31,20 98,47,19 53,27,15 46,16,1 89,43,17 90,40,7 75,32,15 29,12,13 60,33,17 85,39,13 19,12,15 16,13,17 17,10,13 37,15,9 13,11,12 29,13,11 58,27,15 57,23,19 41,22,10
13,10,14 13,10,14 13,10,14 13,10,14 13,10,14 13,10,14 13,11,12 13,11,12 13,11,12 13,11,12 13,11,12 16,14,15 17,15,16 84,30,10 86,31,16 42,20,12 68,30,11 98,46,14 81,41,16 110,61,23 78,42,24 57,29,18 60,34,20 100,49,21 23,13,17 22,10,15 22,15,15 13,11,12 36,16,7 57,24,13 50,24,14 16,11,13
13,10,14 13,10,14 13,10,14 13,10,14 13,10,14 13,10,14 13,11,12 13,11,12 13,11,12 13,11,12 13,11,12 13,11,12 16,14,15 34,23,18 89,35,15 40,20,13 53,32,19 73,39,19 63,33,16 94,45,23 21,14,12 18,16,14 101,41,16 102,47,16 97,38,8 98,40,7 13,11,12 27,15,15 45,24,13 36,18,13 29,19,20 14,12,13
13,10,14 13,10,14 13,10,14 13,10,14 13,10,14 13,10,14 16,14,15 13,11,12 13,10,14 13,10,14 13,10,14 13,11,12 14,12,13 18,16,17 81,29,8 96,38,14 118,51,8 118,51,6 116,51,10 110,49,13 101,40,4 112,50,12 115,55,14 101,38,18 115,53,15 110,50,11 102,46,10 86,32,12 34,18,5 37,20,12 13,11,12 13,11,12
13,10,14 13,10,14 13,10,14 13,10,14 13,10,14 13,11,12 17,15,16 16,14,15 13,10,14 13,10,14 13,10,14 13,10,14 13,10,14 16,14,15 29,19,20 67,29,19 128,62,5 125,59,7 121,56,15 107,45,3 109,48,1 117,53,9 112,50,8 118,56,18 107,46,12 113,52,18 108,47,13 103,45,12 94,41,14 15,14,17 15,10,9 15,9,14

13,10,14 14,11,15 13,10,14 13,11,12 16,9,12 18,9,5 25,13,13 15,9,14 13,10,14 19,12,12 98,43,12 25,13,13 13,10,14 22,12,16 16,11,10 31,16,7 110,45,4 112,44,4 113,45,5 114,45,7 99,37,8 74,28,12 93,37,11 63,25,15 76,29,8 95,37,15 88,32,8 68,26,13 43,19,11 24,13,10 72,36,16 50,17,8
13,10,14 13,10,14 14,11,15 13,11,12 28,18,17 19,13,20 58,28,13 13,10,14 13,10,14 62,29,18 91,41,10 46,15,3 13,11,12 15,9,14 28,12,8 75,32,17 101,40,8 106,43,10 110,45,6 98,36,9 117,49,9 76,30,12 80,27,2 100,38,9 97,34,10 93,36,7 112,42,9 84,31,8 52,19,10 15,15,15 37,20,12 64,22,9
13,10,14 13,11,12 13,10,14 19,12,15 16,11,13 14,12,13 22,16,9 13,10,14 10,11,16 50,27,16 85,39,11 17,10,10 13,11,12 24,14,15 49,21,12 102,45,14 95,40,9 105,43,1 103,42,6 92,36,10 109,43,9 118,50,5 117,49,9 106,40,10 106,43,8 101,39,12 120,49,5 116,46,15 58,27,19 13,10,16 16,9,9 37,16,16
13,10,14 13,11,12 13,10,14 31,20,17 13,10,14 33,19,19 12,11,14 13,10,14 23,11,11 39,19,12 99,40,12 12,12,12 51,24,8 40,20,13 40,15,12 92,37,8 117,55,0 129,62,0 127,62,2 107,43,0 98,42,8 113,45,7 123,56,8 123,52,0 136,65,0 120,50,3 46,4,0 120,50,3 57,29,20 30,12,7 14,12,13 29,16,11
13,10,14 12,12,9 13,10,14 23,13,14 12,11,14 50,30,21 13,10,14 13,10,14 14,12,13 41,10,0 20,13,16 63,20,12 24,10,10 24,11,8 51,17,0 57,16,0 95,43,0 91,42,6 92,36,10 104,52,0 137,75,0 125,63,5 133,64,0 130,59,4 90,47,0 93,44,22 19,11,19 48,23,20 69,22,0 59,24,11 13,11,12 23,17,12
13,11,12 13,10,14 13,10,14 15,10,12 58,33,30 13,10,14 13,10,14 13,10,14 13,11,12 32,19,16 16,12,21 66,35,14 61,23,6 44,24,15 48,21,16 113,44,6 142,75,0 113,54,0 96,40,4 91,35,0 73,32,12 78,32,16 111,52,4 102,45,3 103,50,7 60,18,0 24,17,17 15,9,14 78,32,14 43,14,8 13,11,12 72,36,18
13,10,14 13,10,16 13,10,14 13,11,12 13,10,14 13,10,14 13,10,14 13,10,14 13,11,12 13,10,14 26,15,10 20,13,16 73,20,0 40,19,15 28,12,10 96,39,10 118,60,5 55,29,17 86,38,11 96,42,8 80,35,12 53,25,12 41,21,12 56,22,18 42,19,6 97,49,2 34,22,24 12,11,14 37,15,9 14,9,11 19,14,16 96,43,16
13,10,14 13,10,14 13,10,14 13,10,14 13,10,14 13,10,14 13,10,14 13,10,14 14,12,13 19,14,13 82,27,12 12,10,20 128,67,20 42,20,12 22,12,13 46,22,16 97,39,6 103,51,3 86,40,12 72,27,6 42,21,10 29,16,11 37,20,12 90,46,16 11,13,13 141,77,0 39,19,12 105,54,19 83,37,11 13,11,12 25,13,15 91,42,6
13,10,14 13,10,14 13,10,14 13,10,14 13,10,14 12,11,14 13,11,12 13,11,12 16,14,15 31,20,17 38,18,11 152,88,0 111,67,41 60,33,28 63,32,20 53,30,15 67,30,15 72,35,20 38,21,11 37,21,8 28,14,14 35,20,11 53,25,14 148,70,0 85,33,12 143,77,0 38,25,18 68,30,13 107,45,7 13,13,13 38,16,8 108,47,0
13,10,14 13,10,14 13,10,14 13,10,14 13,10,14 13,10,14 13,10,14 13,10,14 90,30,20 67,22,15 34,18,12 60,51,73 127,77,60 118,81,55 115,80,26 132,88,17 99,61,11 88,49,10 73,37,8 63,28,15 57,22,9 69,28,10 41,19,11 92,38,18 114,67,33 41,18,15 54,18,0 19,12,10 94,41,14 24,13,10 35,19,17 98,40,3
13,10,14 13,10,14 13,10,14 13,10,14 13,10,14 13,10,14 13,10,14 13,10,14 19,13,18 64,30,12 63,14,0 93,106,177 147,134,171 246,175,133 255,198,90 253,173,65 176,105,18 170,105,14 168,90,0 135,67,0 162,90,10 140,73,5 82,34,9 66,34,18 116,54,14 8,13,19 131,56,11 26,14,14 94,43,8 56,25,17 105,44,10 116,54,0
13,10,14 13,10,14 13,10,14 13,10,14 13,10,14 13,10,14 13,10,14 13,10,14 16,14,12 20,13,16 77,29,23 74,55,39 126,89,65 242,169,89 255,179,63 255,209,87 255,187,64 255,164,40 255,158,33 255,170,5 120,60,8 178,104,9 180,108,24 84,31,19 79,42,27 19,15,7 116,52,6 64,22,11 83,43,18 86,37,15 131,67,3 124,58,6
13,10,14 13,10,14 13,10,14 13,10,14 13,10,14 13,10,14 13,10,14 13,11,12 14,12,13 16,14,15 17,15,16 45,22,19 117,61,25 143,86,26 230,126,18 255,179,61 255,196,74 255,203,79 255,172,50 255,166,48 204,94,2 106,46,7 125,66,18 93,47,10 43,25,20 73,50,49 96,36,11 46,18,16 112,49,14 98,42,18 133,68,4 111,51,10
13,10,14 13,10,14 13,10,14 13,10,14 13,10,14 13,10,14 13,11,12 13,11,12 13,11,12 13,11,12 14,12,13 19,14,16 79,31,13 23,4,0 219,125,4 183,113,14 191,107,4 246,144,10 255,150,28 230,135,28 155,80,0 157,79,0 165,79,0 54,18,8 50,32,29 64,29,14 120,52,7 14,12,13 67,22,1 116,55,10 123,51,14 90,37,14
13,10,14 13,10,14 13,10,14 13,10,14 13,10,14 13,10,14 13,11,12 13,11,12 13,11,12 13,11,12 13,11,12 14,12,13 19,14,16 142,49,3 224,119,0 122,61,0 152,85,0 187,105,0 195,118,0 244,145,8 201,112,0 105,48,4 125,71,21 211,111,6 34,15,17 54,30,22 84,34,17 21,11,12 96,34,5 108,45,0 106,37,4 24,13,10
13,10,14 13,10,14 13,10,14 13,10,14 13,10,14 13,10,14 14,12,13 13,11,12 13,11,12 13,11,12 13,11,12 13,11,12 16,14,15 57,29,20 116,30,9 97,48,10 101,56,21 147,81,8 135,76,1 249,137,7 19,19,19 22,16,11 208,108,0 206,107,0 190,94,0 177,87,0 22,17,19 88,37,13 110,52,17 87,30,13 63,30,23 14,12,13
13,10,14 13,10,14 13,10,14 13,10,14 13,10,14 13,10,14 16,14,15 13,11,12 13,10,14 13,10,14 13,10,14 13,11,12 13,11,12 16,15,18 133,47,0 154,74,4 229,115,0 236,116,0 243,126,0 239,120,0 214,104,0 214,103,0 228,120,0 179,79,0 213,114,6 192,97,0 184,91,0 153,68,0 99,40,12 96,38,12 13,11,12 13,11,12
13,10,14 13,10,14 13,10,14 13,10,14 13,10,14 13,10,14 16,14,15 17,15,16 13,10,14 13,10,14 13,10,14 13,10,14 13,11,12 16,14,15 54,23,15 130,43,16 222,113,0 211,106,0 206,107,0 199,104,0 195,96,0 217,111,0 213,109,3 208,114,4 195,102,0 193,100,7 178,88,0 182,96,7 166,87,12 43,19,13 18,8,9 13,11,12

13,10,14 13,10,14 13,10,14 13,11,12 16,9,9 15,5,4 25,14,11 25,13,15 13,10,14 19,14,13 101,45,9 51,20,12 13,11,12 24,14,15 16,11,13 43,16,11 124,58,1 131,61,0 128,60,1 132,60,0 114,46,1 93,37,13 116,44,5 75,26,6 98,36,9 116,46,13 107,36,10 86,30,8 58,22,12 62,35,28 110,52,15 57,20,5
13,10,14 13,11,12 14,11,15 13,11,12 46,33,28 15,10,7 75,32,17 15,9,14 13,10,14 63,35,24 95,41,5 46,25,12 13,10,14 14,12,13 32,15,7 95,39,15 116,48,8 126,62,2 127,58,0 117,49,4 130,61,0 103,41,12 87,22,0 120,48,9 119,47,10 113,41,6 129,54,5 100,33,6 92,41,17 12,12,12 88,42,16 77,29,4
13,10,14 14,12,13 13,11,12 20,13,16 15,8,6 13,12,15 39,21,18 13,10,14 13,10,16 34,21,14 87,39,10 20,13,11 13,11,12 21,14,12 60,21,7 120,52,7 111,51,8 123,59,0 113,49,3 108,43,6 125,57,0 140,66,0 132,60,0 119,47,1 120,50,3 117,48,10 142,62,0 131,53,0 67,28,14 13,10,14 16,9,9 53,25,14
13,10,14 13,11,12 13,10,14 29,20,16 13,10,14 32,14,9 12,9,13 13,10,14 22,12,13 29,17,19 79,33,7 12,11,14 76,30,16 56,25,15 49,18,10 113,45,7 133,68,0 150,76,0 157,79,0 123,58,0 114,50,6 130,62,1 142,67,0 142,66,0 158,75,0 125,50,0 103,37,0 138,60,0 63,30,21 40,15,14 14,12,13 63,35,24
13,10,14 13,11,12 13,10,16 31,18,15 13,10,14 48,26,18 13,10,14 13,10,14 16,11,10 39,12,5 14,11,17 61,18,10 22,10,10 22,12,13 46,16,0 59,18,0 95,41,0 92,37,6 89,39,8 106,47,0 137,68,0 135,69,0 143,72,0 153,80,0 118,62,15 88,40,15 13,10,16 59,24,11 98,34,8 78,30,14 14,12,13 51,27,19
13,10,14 13,10,14 13,10,14 16,11,13 18,0,1 13,10,14 13,10,14 13,10,14 13,11,12 30,14,8 13,12,17 72,33,19 75,25,8 63,31,17 65,29,21 133,60,0 167,92,0 133,68,0 112,51,4 107,43,0 90,40,9 95,41,5 128,60,0 118,48,1 87,41,11 47,10,0 23,16,19 15,10,12 79,33,15 32,12,5 13,11,12 91,40,12
13,10,14 13,10,14 13,10,14 13,11,12 13,11,12 13,10,14 13,10,14 13,10,14 13,11,12 13,10,14 57,29,16 23,11,13 80,23,0 54,23,15 39,15,9 114,49,12 138,68,0 74,36,17 102,47,2 112,53,5 102,44,7 75,34,18 56,28,15 74,30,18 47,25,7 121,63,0 25,14,23 15,14,17 53,16,1 13,13,13 14,12,10 109,47,9
13,10,14 13,10,14 13,10,14 13,10,14 13,10,14 13,10,14 13,10,14 13,10,14 14,12,13 19,14,13 103,32,13 12,11,16 144,81,12 67,30,15 40,19,6 73,32,16 122,57,2 120,63,0 112,53,5 95,39,1 62,27,12 46,23,10 53,25,14 143,82,37 16,15,6 152,82,0 26,12,14 117,63,4 96,38,5 13,10,14 21,11,12 109,45,1
13,10,14 13,10,14 13,10,14 13,10,14 13,10,14 12,11,14 13,11,12 13,11,12 16,14,15 25,15,14 62,23,11 174,100,0 115,61,25 71,34,19 91,41,8 112,61,6 113,53,0 113,58,6 98,45,4 86,40,12 63,29,9 68,31,16 79,33,15 161,83,0 123,76,42 134,77,0 26,16,15 59,23,17 111,46,5 10,11,14 47,18,14 129,58,5
13,10,14 13,10,14 13,10,14 13,10,14 13,10,14 13,10,14 13,10,14 13,10,14 108,33,6 80,25,10 75,27,11 35,19,17 134,66,28 112,57,26 115,64,7 188,120,28 255,159,46 176,98,2 179,97,7 168,96,12 119,64,8 105,51,15 72,35,20 108,49,19 104,54,23 31,14,15 102,35,0 20,13,13 93,41,20 40,17,16 32,9,10 126,62,0
13,10,14 13,10,14 13,10,14 13,10,14 13,10,14 13,10,14 13,10,14 13,10,14 21,11,15 120,56,10 158,55,11 29,18,25 88,52,62 187,118,85 198,111,25 246,140,32 255,191,69 255,178,58 255,178,55 255,170,45 239,138,0 178,96,4 112,51,15 84,24,0 113,55,22 8,13,19 137,63,11 26,14,16 107,55,25 61,23,15 122,52,5 141,67,0
13,10,14 13,10,14 13,10,14 13,10,14 13,10,14 13,10,14 13,10,14 13,10,14 14,11,15 29,17,17 100,31,16 54,14,5 77,34,28 105,47,10 113,69,0 187,109,11 255,159,48 255,188,74 255,185,51 255,220,67 197,113,30 227,136,28 214,135,42 74,27,4 76,41,28 17,15,16 127,59,14 77,31,17 94,48,18 82,34,9 145,73,0 142,69,0
13,10,14 13,10,14 13,10,14 13,10,14 13,10,14 13,10,14 13,10,14 13,11,12 14,12,13 16,14,15 18,16,17 76,34,21 128,72,0 73,32,12 212,109,0 154,81,4 181,101,0 235,133,13 255,171,45 255,153,33 246,135,31 127,65,0 131,64,14 80,32,18 41,25,19 75,47,38 109,40,11 57,23,19 130,60,11 125,61,15 164,89,3 129,60,4
13,10,14 13,10,14 13,10,14 13,10,14 13,10,14 13,10,14 13,11,12 13,11,12 13,11,12 13,11,12 16,14,15 20,13,16 106,36,12 80,46,24 223,131,9 136,74,16 140,60,0 234,129,3 255,140,12 255,139,23 219,113,18 180,91,0 178,91,0 51,24,19 36,23,20 68,32,12 132,57,8 14,12,13 89,34,3 137,67,7 132,57,10 96,36,11
13,10,14 13,10,14 13,10,14 13,10,14 13,10,14 13,10,14 13,11,12 13,11,12 13,11,12 13,11,12 13,11,12 16,14,15 23,17,12 178,73,2 239,120,0 110,54,5 132,68,0 169,88,0 161,89,9 226,129,9 182,100,8 120,58,0 122,58,12 234,125,0 25,21,32 85,46,32 76,36,27 29,17,17 117,49,4 125,52,0 123,52,8 23,11,11
13,10,14 13,10,14 13,10,14 13,10,14 13,10,14 13,10,14 14,12,13 13,11,12 13,11,12 13,10,14 13,11,12 13,11,12 16,14,15 102,42,28 162,54,0 89,44,9 92,46,18 130,69,6 118,65,12 255,142,14 30,23,23 25,21,13 227,117,6 214,103,0 213,111,11 195,94,0 26,6,0 99,40,10 128,56,17 110,43,16 65,28,25 14,12,13
13,10,14 13,10,14 13,10,14 13,10,14 13,10,14 13,10,14 16,14,15 13,11,12 13,10,14 13,10,14 13,10,14 13,11,12 14,12,13 20,15,17 172,71,0 202,107,4 233,117,0 239,120,0 240,124,0 239,124,1 218,105,0 225,112,0 228,111,0 180,76,0 226,116,3 214,109,0 193,95,0 185,89,2 123,54,18 98,35,13 16,11,13 13,11,12
13,10,14 13,10,14 13,10,14 13,10,14 13,10,14 13,10,14 16,14,15 16,14,15 13,10,14 13,10,14 13,10,14 13,10,14 13,11,12 16,14,15 85,29,21 165,62,6 231,122,4 213,109,1 204,102,0 202,104,6 217,111,5 225,115,2 229,117,7 222,118,12 216,111,10 216,115,20 200,103,0 197,99,3 183,94,9 33,17,15 13,11,9 13,11,12