84,120,192 87,120,195 88,123,200 90,123,198 88,119,193 91,124,197 95,124,194 99,128,198 92,125,196 86,119,192 83,119,193 82,118,192 81,116,195 82,118,192 82,117,194 84,116,194 81,116,193 79,116,195 81,116,193 81,116,193 81,116,193 78,115,192 78,115,192 78,115,192 78,117,193 75,119,193 78,117,193 79,116,193 78,115,192 78,115,192 79,116,193 80,117,194
93,126,197 95,126,202 96,145,255 93,156,255 94,140,243 98,137,229 102,136,218 97,147,255 88,124,198 93,126,199 84,120,194 86,119,192 88,119,193 90,123,198 96,124,199 92,123,195 85,120,197 80,117,196 79,116,193 79,116,193 80,115,192 78,115,192 79,116,193 79,116,193 79,116,193 78,115,192 79,116,193 79,116,193 79,116,193 84,119,196 79,116,193 79,116,193
92,169,255 92,169,255 90,163,255 87,167,255 91,167,255 91,167,255 89,165,255 89,169,255 95,137,225 94,132,206 98,131,202 98,130,208 97,130,205 101,132,208 92,127,204 96,128,206 85,120,199 80,117,196 79,116,193 79,115,197 83,118,195 82,117,194 79,116,193 85,120,197 84,119,196 83,118,195 85,120,197 84,120,194 94,125,199 97,125,202 96,129,204 89,125,199
96,138,224 102,148,251 106,153,240 117,168,255 122,175,255 96,169,255 101,160,255 112,165,255 106,162,255 114,159,255 112,149,255 94,128,222 84,119,198 92,124,204 97,128,204 89,124,201 91,126,203 88,123,200 90,123,198 91,123,201 91,124,199 93,125,203 92,125,198 94,125,199 94,128,196 97,130,201 102,133,209 101,129,202 102,133,207 96,158,255 96,164,255 94,158,255
91,126,205 90,125,204 92,126,208 88,124,206 92,128,210 93,129,211 89,126,216 113,118,126 235,212,74 99,82,33 113,97,55 67,59,46 129,129,99 93,125,205 96,129,204 96,128,206 95,130,209 98,131,206 98,131,202 97,130,203 103,136,209 103,131,206 101,139,224 97,146,255 109,147,230 104,134,213 132,164,242 117,162,247 117,161,251 109,148,226 104,148,242 92,128,212
94,129,206 92,127,204 94,130,204 94,129,206 90,125,204 89,126,205 87,123,205 88,125,202 190,162,65 115,85,41 131,114,75 67,56,51 84,125,205 86,122,204 88,123,202 90,125,204 87,123,205 91,126,205 92,127,204 94,129,206 92,127,204 108,147,239 103,144,224 99,135,217 141,83,71 120,57,33 236,161,60 129,111,120 89,126,205 87,123,207 86,122,206 86,122,204
92,128,212 90,126,208 101,137,221 113,158,255 98,141,240 94,131,219 94,129,206 94,131,208 178,142,39 115,91,38 129,110,46 72,65,36 68,61,30 90,125,204 91,126,205 92,127,204 87,125,206 89,126,203 89,126,203 91,126,203 90,125,204 89,125,207 90,124,206 150,97,110 136,72,44 141,71,42 124,68,42 90,52,33 65,35,18 88,125,204 88,126,200 91,126,203
91,126,205 90,124,206 89,125,207 95,129,213 100,138,223 108,154,236 115,180,255 144,140,123 186,155,36 174,145,42 103,80,22 96,80,36 89,84,43 104,140,212 108,142,210 103,146,227 94,158,255 96,131,208 92,127,204 96,128,206 92,129,206 96,128,206 68,61,73 168,101,94 136,79,50 159,93,61 143,85,59 88,52,34 75,43,29 77,48,55 86,122,204 87,123,205
89,125,209 92,127,204 95,130,207 92,127,204 90,126,210 130,128,150 67,51,36 164,143,102 141,117,55 139,109,26 111,91,32 68,56,30 68,64,45 97,169,255 92,170,255 97,172,255 95,172,255 95,173,255 93,167,255 124,171,255 96,130,214 88,124,210 79,74,73 172,99,67 108,56,24 102,53,31 87,50,35 77,45,31 63,35,22 68,41,25 89,125,207 89,125,209
97,134,211 94,131,208 99,132,207 95,132,209 255,222,164 183,150,113 94,65,41 33,22,19 121,100,59 82,64,34 45,40,28 43,37,30 60,58,59 49,44,46 27,68,109 125,119,114 72,69,75 53,58,66 100,138,219 102,124,194 64,62,82 100,88,93 81,76,78 255,172,111 100,54,28 110,54,32 63,32,20 67,37,22 55,33,15 60,38,20 142,146,179 255,234,196
104,134,215 100,138,219 108,146,227 255,247,206 167,140,108 139,115,82 93,69,45 46,29,21 37,25,25 59,41,22 105,88,80 73,63,64 92,87,84 38,36,37 59,49,53 62,62,72 78,66,71 54,51,57 159,157,181 161,143,140 66,62,73 95,82,90 66,63,69 255,179,124 80,44,26 56,33,18 59,31,18 56,33,18 65,34,22 67,44,29 249,215,181 242,207,171
57,57,67 255,231,192 248,215,178 255,216,150 122,106,91 54,50,44 113,79,57 90,59,36 52,36,23 54,39,28 31,28,34 135,125,101 49,42,42 43,36,36 52,45,43 89,87,95 55,55,65 62,62,72 83,85,110 191,171,151 78,70,78 187,169,148 120,110,109 178,160,139 255,180,130 60,37,24 43,34,15 42,68,43 54,40,22 246,217,186 254,222,190 248,216,182
53,51,63 135,112,99 228,204,167 252,211,150 97,89,76 52,46,37 97,63,41 101,70,47 78,60,41 101,81,63 69,67,75 130,114,97 64,51,48 61,51,52 54,47,45 85,85,95 76,80,95 84,87,109 181,164,138 109,96,89 130,119,112 77,71,76 78,78,78 162,149,128 90,69,65 232,148,88 64,111,70 66,52,38 67,56,39 215,188,156 227,195,161 243,211,177
91,84,96 67,63,74 176,152,117 244,203,154 75,73,74 141,100,69 57,46,41 115,94,67 150,126,91 183,152,113 165,146,123 187,163,130 88,86,87 63,64,69 60,49,44 86,86,96 107,102,99 123,107,101 166,146,126 67,68,71 97,87,88 78,77,80 212,165,44 255,209,134 255,181,112 229,149,92 209,138,85 162,88,52 63,36,20 163,137,112 230,201,166 202,173,142
110,104,111 64,62,72 255,238,171 184,162,128 71,71,79 255,244,174 244,200,133 229,190,133 255,215,154 223,187,140 191,160,123 195,170,140 149,139,129 113,114,117 119,116,122 79,77,85 112,111,126 119,113,106 95,88,88 154,137,129 86,88,83 43,109,66 114,119,56 216,149,54 255,185,119 213,143,94 194,123,79 122,64,38 114,71,52 145,107,88 46,53,35 241,212,179
88,81,93 201,174,138 255,225,166 135,122,115 79,79,91 255,235,156 255,229,153 255,217,150 235,195,141 226,190,143 201,173,133 168,153,131 121,121,121 125,124,127 136,138,135 68,66,67 69,68,85 132,131,136 67,65,73 149,134,112 54,123,75 43,101,63 89,105,63 197,153,45 230,154,98 149,98,70 136,89,55 133,71,44 61,31,14 137,99,78 50,53,31 18,47,35
85,81,101 255,217,149 215,183,137 87,80,83 59,59,69 255,220,152 255,214,145 249,209,143 225,190,136 206,170,119 183,157,118 157,143,125 103,104,107 121,120,125 125,125,122 63,61,59 41,37,48 67,65,73 60,48,50 183,164,139 50,109,64 43,88,57 53,95,58 182,135,33 213,141,93 126,81,58 106,66,43 154,81,51 70,41,21 106,73,48 28,47,38 22,48,37
55,55,63 255,228,157 163,139,102 58,50,58 62,60,70 35,25,24 209,168,119 216,177,116 209,173,124 191,155,106 158,133,103 109,102,100 108,108,116 112,116,120 108,106,104 69,63,70 42,40,38 144,127,103 71,66,54 61,55,48 51,114,70 22,44,32 52,84,51 63,74,32 166,113,56 116,74,52 105,69,49 119,62,33 66,35,25 94,72,25 27,47,31 25,52,34

83,119,193 87,120,195 82,117,194 85,118,191 83,119,191 87,118,194 88,119,191 92,126,194 90,123,194 87,119,197 85,116,190 80,116,190 81,117,189 79,117,189 79,116,193 79,116,193 78,115,192 79,116,193 78,115,192 79,116,193 82,117,194 83,119,193 84,120,192 82,117,194 78,115,192 77,116,192 82,120,194 89,125,207 83,119,201 82,119,196 94,131,208 92,129,208
84,120,190 87,120,191 85,121,195 90,123,196 88,124,196 91,124,195 95,121,195 98,129,201 91,124,195 154,137,90 77,105,167 81,117,199 206,187,64 152,137,56 83,115,195 82,117,194 79,117,191 79,116,193 79,116,195 79,116,193 78,115,192 82,114,192 77,116,194 78,115,192 76,118,193 78,117,193 77,116,192 79,116,193 79,116,193 78,115,192 79,116,193 79,116,193
92,128,202 92,130,213 91,149,255 86,165,255 88,158,255 89,152,255 90,140,248 88,159,255 86,119,192 87,123,197 158,140,49 173,156,62 112,93,38 142,118,36 130,120,67 91,124,195 91,124,199 81,118,195 80,117,194 78,115,194 78,115,192 80,115,192 78,115,192 79,116,193 79,116,193 79,116,193 79,116,193 79,116,193 82,117,194 85,121,195 80,117,194 82,117,194
92,167,255 87,169,255 92,167,255 89,166,255 89,168,255 91,167,255 89,165,255 112,108,158 97,144,242 100,138,223 181,152,78 180,146,72 51,42,27 86,74,46 116,105,59 94,126,204 84,119,196 78,115,194 83,118,195 80,117,196 87,122,199 83,118,195 80,117,194 92,125,200 87,119,197 82,120,194 88,124,198 93,126,201 95,126,200 99,127,200 97,130,205 89,125,199
95,131,217 96,134,219 94,133,211 107,145,228 116,161,248 204,200,224 255,217,161 217,189,151 76,64,64 212,190,82 163,134,85 88,67,40 120,100,68 61,52,33 71,62,54 64,72,62 88,86,96 89,125,199 91,124,199 93,126,201 91,124,197 95,123,196 97,128,202 96,129,202 94,130,200 100,131,203 102,138,231 100,133,206 95,139,233 90,165,255 95,168,255 98,154,255
91,126,203 90,125,204 90,125,204 89,123,205 175,168,178 255,238,172 222,190,144 97,94,98 58,51,51 114,100,57 113,92,40 146,122,58 75,58,30 42,37,25 58,58,53 96,128,206 91,126,203 100,133,208 100,133,204 100,133,206 103,136,211 106,143,222 113,158,255 95,166,255 112,146,228 97,133,215 90,101,139 103,150,237 106,147,229 97,133,215 94,132,217 90,126,210
94,130,204 92,128,202 94,130,204 94,130,204 255,236,179 255,219,164 171,151,131 73,72,87 58,47,44 29,21,29 194,167,50 197,163,89 125,101,50 61,63,46 49,50,31 30,30,30 53,41,41 107,123,175 87,124,203 91,126,203 90,125,204 106,145,223 95,131,213 114,125,196 142,69,39 124,62,35 128,74,40 128,72,38 92,131,207 87,123,205 87,123,205 87,123,205
88,124,210 89,125,207 92,128,210 172,192,245 255,231,170 247,209,161 139,127,117 64,68,81 41,30,27 36,26,30 55,41,16 67,55,18 73,67,21 80,69,34 62,58,37 65,60,32 59,53,48 75,77,91 127,148,169 96,128,206 91,126,203 88,124,208 90,125,202 150,110,129 150,80,49 135,68,43 121,63,39 85,44,24 72,43,23 93,123,202 88,125,202 91,126,203
92,127,204 89,123,205 90,127,206 255,239,168 255,238,174 255,227,173 235,205,161 174,153,138 45,33,38 38,28,27 23,20,26 61,52,25 55,52,28 64,61,46 52,42,46 115,92,34 93,76,41 86,72,45 104,89,38 122,137,194 96,131,208 97,130,205 69,61,69 164,104,104 142,87,58 142,78,50 129,76,49 85,50,37 73,41,25 80,42,32 86,122,204 87,123,205
94,129,208 94,129,206 95,130,207 255,217,153 234,198,136 244,204,152 238,201,148 225,189,138 229,198,149 199,169,127 89,78,61 61,54,57 79,69,59 55,53,54 24,23,26 90,76,22 95,82,48 70,58,28 101,88,54 84,74,36 153,144,125 92,125,200 85,79,84 144,98,82 109,58,32 97,48,28 76,41,28 67,34,23 63,35,24 67,40,24 93,129,211 91,129,212
107,144,221 95,132,209 99,135,217 217,182,128 177,147,101 183,153,107 185,155,109 185,155,109 189,161,121 107,93,64 123,115,36 110,106,48 110,101,84 101,83,62 30,22,28 38,26,26 78,68,28 74,61,27 85,75,35 91,82,37 81,79,75 128,123,120 68,64,73 255,202,130 97,50,27 103,51,30 66,38,25 59,31,18 59,33,21 62,36,24 255,232,200 252,217,179
98,108,155 110,129,205 207,185,177 211,185,144 82,69,48 74,63,44 102,85,59 123,99,73 119,96,65 138,123,46 123,107,35 102,92,41 55,58,36 61,52,44 33,26,24 42,33,29 40,30,20 50,40,28 66,50,33 46,46,32 72,70,71 123,122,125 78,69,65 255,174,114 86,51,36 57,32,15 56,31,14 55,32,17 62,31,21 78,56,38 240,207,170 254,221,184
58,49,62 255,229,192 241,213,175 239,210,175 251,221,193 255,236,158 252,207,145 64,53,46 89,76,53 117,108,48 112,102,51 57,50,30 50,47,32 56,51,39 52,46,37 47,38,32 49,43,36 75,71,80 72,62,50 44,40,34 56,54,50 146,137,131 116,106,105 179,161,142 255,168,116 76,51,34 47,57,31 39,80,50 46,54,31 225,196,163 225,196,163 244,210,176
62,62,74 106,96,100 232,200,166 211,183,154 97,88,99 255,229,152 255,215,143 92,80,50 52,45,43 47,46,39 48,44,25 55,46,27 58,53,41 45,45,31 61,52,44 56,50,41 76,78,92 84,82,104 162,147,127 69,58,55 100,95,83 65,64,69 79,74,73 158,147,128 85,62,73 255,174,111 126,97,62 115,74,56 94,49,28 212,184,155 252,218,184 243,211,179
113,101,115 60,56,67 143,125,104 177,153,127 109,101,109 255,230,153 255,223,146 235,193,130 58,53,52 71,67,57 57,49,25 58,50,26 64,58,49 65,59,52 65,61,53 58,52,45 91,85,80 104,93,86 170,154,137 63,56,56 91,84,82 75,85,79 176,139,45 255,179,95 255,188,118 232,152,93 207,136,83 175,106,66 68,36,20 127,97,80 233,206,172 217,188,155
94,88,95 69,68,73 60,57,72 155,140,118 83,80,86 255,217,139 255,231,153 255,216,143 210,178,123 68,66,64 68,67,60 72,70,66 88,88,85 99,97,98 97,94,98 90,85,84 52,49,55 118,103,94 100,95,97 161,145,132 54,110,71 39,105,62 75,111,67 210,159,50 255,183,122 212,145,100 167,106,70 204,129,80 159,90,59 128,91,76 60,64,37 209,195,170
96,92,101 66,64,76 62,59,74 91,93,107 84,80,89 156,105,52 255,224,147 247,202,138 214,175,116 197,165,123 84,83,74 97,97,97 103,104,107 102,104,104 112,113,118 115,120,116 81,71,75 63,56,70 65,64,69 159,144,122 52,118,73 45,99,62 121,118,67 185,141,33 225,148,95 146,95,67 124,80,54 194,121,78 84,50,32 85,54,35 54,50,29 22,46,35
79,75,86 60,58,68 77,88,115 74,70,79 79,72,84 255,232,174 235,194,135 230,192,128 202,167,111 193,160,108 161,135,96 96,97,87 103,105,105 102,104,104 110,112,112 119,119,116 161,146,126 60,58,68 105,93,93 147,133,119 52,111,66 41,82,52 79,88,32 163,132,52 215,141,89 127,82,59 109,72,48 180,112,74 110,61,41 108,79,59 24,48,40 25,52,36

84,120,194 82,117,194 82,118,192 83,119,193 87,120,195 85,118,193 92,120,193 88,119,193 89,122,195 87,120,195 84,120,194 88,124,196 78,115,192 79,116,193 79,116,193 79,116,193 79,116,193 79,116,193 78,115,192 85,121,195 92,125,198 90,126,198 87,123,197 81,116,193 73,115,190 78,115,192 89,126,203 95,131,213 93,129,211 95,132,211 109,152,231 111,152,232
83,118,195 89,121,199 85,121,195 84,120,194 85,120,197 89,122,195 91,122,194 94,127,198 90,123,198 86,119,194 81,117,191 82,118,192 79,116,193 81,116,193 82,117,194 79,116,193 79,116,193 80,117,194 81,116,193 78,115,192 81,116,193 81,116,193 80,115,192 78,115,192 78,117,193 78,117,193 79,116,195 80,117,194 79,116,193 82,117,194 83,119,193 82,117,194
93,126,197 91,124,195 91,149,255 90,142,255 92,130,215 97,133,219 97,128,200 90,148,255 86,119,192 92,125,198 82,118,190 86,119,190 83,119,191 87,120,193 90,123,194 86,120,188 83,118,195 80,116,198 81,116,193 78,115,192 80,115,192 80,115,192 79,116,193 79,116,193 79,116,193 79,116,193 79,116,193 79,116,193 79,116,193 82,117,194 79,116,193 81,116,193
95,164,255 92,160,255 89,157,255 89,165,255 87,166,255 87,166,255 89,165,255 86,159,255 93,130,207 92,128,200 102,131,199 146,144,142 99,133,201 182,193,182 207,183,50 175,147,20 164,149,70 82,117,194 79,116,193 78,114,196 80,117,194 79,116,193 79,116,193 80,117,194 80,117,194 80,117,194 81,118,195 84,119,196 87,123,197 93,126,201 87,122,199 84,119,196
105,152,237 107,160,255 114,161,255 115,166,255 114,179,255 92,167,255 102,166,255 121,169,255 106,168,255 103,163,255 102,147,255 106,91,40 119,128,128 249,213,82 170,148,44 162,135,31 138,120,47 137,131,67 89,125,199 162,156,110 91,124,199 91,123,201 91,124,199 92,123,195 97,125,198 94,127,198 98,130,199 96,129,200 98,129,201 98,159,255 96,139,236 91,146,255
89,125,207 90,124,206 92,128,212 90,126,208 99,137,220 92,128,210 93,129,211 94,130,212 96,137,217 94,131,210 90,132,207 81,103,173 71,54,26 179,155,48 102,86,44 81,66,28 111,95,51 115,101,43 63,58,46 82,70,40 101,129,202 103,131,204 101,137,207 94,149,255 105,138,211 108,145,233 104,169,255 117,170,255 115,170,255 115,167,255 100,156,255 88,124,210
92,128,202 92,127,204 95,131,205 92,127,204 87,124,201 88,125,204 86,126,199 105,77,50 116,93,64 87,62,45 143,131,72 188,170,70 215,183,57 170,137,71 138,106,51 73,64,58 43,37,28 64,49,38 84,97,125 96,131,208 100,133,208 113,159,251 108,144,228 105,139,221 108,124,192 135,115,152 98,130,208 104,80,54 92,128,210 88,124,208 86,122,206 83,119,201
93,129,211 92,129,208 104,141,220 101,138,226 99,137,220 255,239,198 255,226,163 218,185,137 79,61,42 65,54,49 164,143,91 180,152,53 180,149,40 138,108,50 85,61,37 141,117,66 71,55,40 51,50,43 65,64,55 92,127,204 87,123,205 90,126,208 89,125,207 86,126,213 142,71,47 132,65,40 123,68,39 103,57,29 94,52,41 92,124,204 88,125,202 91,126,203
89,125,207 89,123,207 90,126,208 96,132,216 255,228,160 255,228,168 219,189,147 170,147,116 74,55,41 52,40,30 123,101,63 167,141,61 227,189,54 130,103,30 64,52,26 129,107,44 51,41,29 54,50,42 56,50,27 95,125,204 92,127,204 92,128,202 62,62,74 129,125,177 149,75,52 124,66,40 120,64,38 105,60,37 70,40,25 67,37,20 86,122,204 87,123,205
91,125,207 92,127,206 92,127,204 95,129,211 255,225,157 177,149,111 118,109,101 97,91,86 66,52,34 40,29,24 53,44,36 119,99,53 188,156,40 93,77,23 146,116,47 161,137,57 119,100,63 79,72,45 71,67,59 50,39,46 93,129,211 89,123,205 79,69,70 91,77,77 146,71,42 134,70,44 103,54,32 97,58,44 68,37,29 66,38,27 93,113,184 89,126,205
94,131,210 93,129,211 98,130,208 255,240,163 209,173,124 120,106,88 70,68,69 62,62,59 53,41,29 40,29,24 42,35,33 60,49,32 84,72,31 160,130,36 176,147,46 146,116,29 197,147,101 118,100,68 34,32,30 52,45,45 119,129,165 95,93,115 88,82,87 83,72,69 153,75,47 112,58,38 84,48,30 68,37,25 59,33,19 60,34,22 62,48,65 252,225,191
102,140,221 98,139,221 255,223,178 255,229,161 165,140,110 79,72,70 69,68,71 58,54,48 50,39,36 35,26,22 23,16,16 41,34,34 46,38,27 42,35,19 108,88,27 57,45,17 58,50,26 47,49,32 31,24,27 59,49,50 100,102,116 93,86,86 59,55,64 209,174,147 101,54,31 67,35,21 88,49,35 56,33,20 58,30,17 60,37,22 141,111,85 243,210,173
63,56,68 255,229,181 255,236,171 208,176,132 136,118,97 95,79,48 83,85,85 65,58,56 48,37,30 33,24,16 26,16,17 37,28,22 47,39,26 44,36,25 44,39,27 49,40,32 50,49,54 21,19,20 43,37,32 60,55,54 74,72,82 132,129,133 150,135,124 221,185,154 100,62,41 60,37,22 55,32,17 58,30,17 60,32,19 61,33,22 255,222,183 242,209,172
49,45,54 255,222,158 198,170,130 142,132,120 126,109,58 72,68,58 94,92,88 40,29,24 39,28,21 41,30,23 37,26,21 31,24,24 47,42,41 45,36,32 58,48,47 55,49,54 23,20,24 29,22,25 50,39,34 65,63,61 69,67,75 98,98,110 48,42,33 100,88,76 74,69,68 228,151,95 43,34,28 45,91,57 35,62,42 224,195,162 241,209,175 243,209,175
255,234,160 215,176,119 134,113,72 135,109,55 78,70,46 97,93,85 39,29,28 34,28,23 38,29,23 44,33,28 36,25,22 26,20,15 24,23,16 49,47,48 34,29,26 27,20,23 35,25,26 40,31,27 44,33,28 65,60,59 72,71,76 76,79,88 118,128,93 221,161,40 255,199,131 255,168,105 182,122,79 42,67,36 123,73,58 83,59,37 236,204,170 208,179,148
255,226,159 135,121,53 97,86,40 39,28,21 51,45,36 255,213,136 71,67,61 48,47,38 38,32,25 40,31,25 43,30,25 62,48,48 76,75,66 41,40,33 47,41,36 41,34,32 42,33,29 51,40,35 57,52,49 70,68,66 72,66,61 47,116,68 105,114,54 222,163,46 255,184,120 238,161,105 151,96,67 211,134,83 147,78,49 73,41,27 71,63,39 255,237,200
212,175,120 123,110,49 122,103,48 124,105,52 127,104,44 255,220,144 70,66,60 60,55,54 55,54,47 52,46,41 58,54,46 79,75,65 77,76,65 83,78,64 60,50,38 60,51,43 54,45,39 55,44,41 68,65,71 73,72,61 83,159,106 43,101,61 90,92,46 179,134,43 238,161,105 212,144,101 142,97,74 212,141,88 122,69,44 111,64,43 88,65,25 38,57,46
158,134,97 122,110,53 70,57,25 48,37,20 50,42,31 137,120,96 72,67,69 67,66,59 72,70,66 82,80,81 81,80,83 78,78,75 96,97,102 95,95,92 85,87,84 81,80,83 83,83,83 60,59,64 94,82,72 179,160,137 57,116,71 42,90,58 48,86,46 45,89,54 175,114,51 176,116,77 125,84,64 127,79,50 125,72,49 62,32,17 85,63,25 21,47,34

84,120,194 82,117,194 82,118,192 83,119,193 87,120,195 86,119,194 93,121,194 87,120,193 90,123,196 87,118,194 88,124,198 85,121,195 78,115,192 79,116,193 79,116,193 78,117,193 79,116,193 79,116,193 81,116,193 90,123,196 90,126,200 89,125,199 84,120,194 80,115,192 76,113,190 81,118,195 87,124,203 103,139,221 95,131,213 99,135,219 102,148,228 109,152,233
83,119,193 91,123,201 85,121,195 83,119,193 87,120,195 88,119,195 91,122,194 93,126,197 86,119,194 83,119,193 81,117,189 81,116,193 79,116,195 81,116,193 79,116,193 79,116,193 79,116,193 79,116,195 81,116,193 80,115,192 79,116,193 80,115,192 80,116,190 78,115,192 76,118,193 75,117,192 80,117,194 79,116,193 79,116,193 82,117,196 81,119,193 80,118,192
93,126,197 93,126,197 89,152,255 90,141,255 94,131,221 99,136,224 97,128,200 94,142,255 87,120,195 91,122,194 82,118,192 87,118,190 83,119,193 90,123,194 90,123,194 107,125,142 81,118,197 79,115,197 81,116,193 78,115,192 80,115,192 80,115,192 79,116,193 78,115,192 81,116,193 79,116,193 79,116,193 79,116,193 80,117,194 79,116,193 79,116,193 81,116,193
92,163,255 93,160,255 88,158,255 89,165,255 91,167,255 87,166,255 88,163,255 89,156,255 92,127,204 92,128,200 100,134,202 102,130,205 97,133,203 99,133,201 229,206,77 206,173,38 185,156,35 168,156,90 79,116,193 79,115,197 79,116,193 79,116,193 80,117,194 80,117,194 80,117,194 80,117,194 81,118,195 85,120,197 90,122,200 93,126,201 88,123,200 85,120,197
106,153,240 109,159,255 115,162,255 116,163,255 111,179,255 94,166,255 104,169,255 117,168,255 109,168,255 105,166,255 106,149,255 111,84,23 67,72,50 220,200,68 230,204,82 165,145,55 151,126,37 153,134,52 128,133,109 84,119,198 97,74,43 92,124,202 91,124,199 93,124,196 94,125,197 97,130,201 98,129,201 96,129,200 100,131,205 94,157,255 96,135,231 95,145,253
87,123,205 88,124,206 90,126,210 90,126,208 99,137,218 92,128,210 90,126,208 77,96,145 101,135,217 100,132,212 106,106,145 47,35,37 219,201,81 69,57,27 146,121,44 89,71,39 79,67,28 108,92,50 117,98,43 64,67,57 108,131,194 102,133,209 99,132,203 96,157,255 104,137,212 106,146,244 110,168,255 106,164,255 113,167,255 107,163,255 100,150,249 87,125,208
92,128,202 94,130,204 94,129,206 90,127,204 89,126,203 87,123,205 120,122,149 246,203,147 85,73,63 59,44,33 107,96,50 181,156,83 234,207,73 199,165,65 166,136,67 113,87,64 45,37,26 48,42,37 41,25,21 109,132,184 101,134,209 119,164,249 108,144,228 105,140,219 93,131,212 122,123,184 143,96,101 116,122,182 72,46,21 111,97,99 86,122,206 83,119,201
93,130,209 95,130,209 108,145,224 102,140,223 103,137,221 255,241,165 255,214,151 230,193,140 46,37,33 46,33,26 134,112,65 176,149,84 214,184,57 181,146,49 112,82,56 88,70,38 130,104,63 64,50,36 54,51,38 58,55,42 87,124,203 90,126,208 89,125,207 92,124,204 105,65,67 137,77,56 123,66,37 123,65,39 107,58,36 81,42,28 89,125,207 91,126,205
92,126,208 89,123,207 91,125,207 99,135,217 255,240,168 255,221,161 206,177,142 168,145,116 72,53,39 48,33,24 47,35,23 147,123,72 183,155,30 177,144,35 109,87,38 61,48,25 120,99,45 49,43,34 57,55,37 66,60,37 91,127,201 94,130,204 62,61,76 92,131,207 129,76,60 161,81,47 139,68,42 136,73,49 111,70,50 71,39,25 65,37,24 87,125,208
92,126,208 92,127,206 92,127,204 110,131,197 255,216,156 169,140,107 114,104,92 86,79,77 58,43,34 49,34,25 29,23,18 105,89,56 141,120,48 187,155,43 70,53,18 131,107,43 141,121,60 132,113,74 88,81,50 51,45,38 47,39,47 89,124,203 79,69,70 89,79,83 77,66,75 152,79,51 149,74,43 110,59,35 90,52,35 62,36,26 70,40,25 85,75,106
95,132,211 93,129,211 97,129,209 255,237,165 181,150,113 106,95,76 72,69,73 63,61,62 68,53,44 40,27,22 26,16,15 44,39,27 86,72,45 148,126,32 206,173,38 201,173,63 207,156,80 173,137,104 153,135,91 33,26,26 45,35,39 103,101,113 88,82,87 79,67,67 120,73,50 148,78,47 138,71,44 81,42,28 74,41,30 58,32,20 65,37,24 66,41,24
115,101,74 91,78,73 255,234,162 240,201,144 146,125,98 79,74,73 72,71,74 58,57,48 48,35,28 50,41,33 23,16,16 41,34,32 46,37,29 41,38,25 90,73,26 72,53,14 60,46,17 68,57,22 58,54,33 33,26,29 65,61,70 88,93,103 61,60,65 193,172,147 255,216,152 108,54,34 68,38,23 88,42,24 59,33,21 57,31,17 65,37,24 77,49,36
60,45,23 54,51,38 255,215,163 188,161,129 121,111,101 90,89,94 74,74,74 67,63,57 47,34,27 36,25,22 24,17,17 32,22,21 50,44,37 45,37,24 50,40,30 44,37,21 44,37,17 45,45,31 28,21,19 47,38,32 71,70,75 72,72,80 140,127,120 209,183,158 245,165,110 143,92,64 55,32,17 54,31,18 57,31,17 61,30,18 63,32,20 245,211,177
113,94,41 63,59,38 145,124,101 88,87,90 84,82,78 102,102,99 92,91,84 39,30,26 45,34,31 36,26,16 21,15,10 37,27,28 33,23,22 43,39,33 39,29,19 48,41,41 49,47,48 23,17,22 33,27,22 47,36,31 67,67,67 73,71,79 90,93,102 166,147,135 69,69,79 255,171,111 121,80,53 57,47,35 49,87,58 16,42,29 239,210,175 244,210,176
106,91,44 90,81,66 72,65,68 83,87,100 94,94,94 92,89,76 61,54,54 30,23,21 33,24,18 36,25,20 32,23,19 30,20,19 24,22,18 53,48,47 84,82,78 34,28,23 30,23,23 35,25,26 46,37,33 55,44,39 67,62,59 74,72,80 81,86,94 214,170,72 171,133,116 255,205,134 182,117,78 50,33,25 34,38,23 54,31,28 236,204,172 208,179,148
61,57,49 58,52,45 56,58,74 72,74,88 79,77,73 255,217,157 69,67,63 54,50,44 33,29,23 35,26,20 53,42,37 44,35,31 43,37,30 72,69,56 54,50,40 35,26,22 45,36,32 57,44,39 49,36,29 60,55,54 72,68,58 67,154,95 70,94,43 149,136,63 202,134,64 228,155,96 167,107,66 177,117,76 165,104,68 152,79,51 173,153,123 255,233,194
65,58,42 55,53,33 55,54,59 66,64,74 81,78,84 235,193,141 68,66,62 62,57,56 57,52,49 53,49,43 55,51,43 68,64,54 83,80,65 84,81,68 77,72,58 56,47,39 45,36,30 58,49,43 51,44,44 148,132,115 59,75,54 41,104,60 38,83,52 44,88,53 181,134,43 227,152,103 146,100,72 124,78,48 165,91,57 133,80,57 71,45,24 57,56,29
63,59,42 61,57,47 31,29,27 80,78,86 93,86,96 255,230,175 71,65,70 70,69,62 70,66,60 81,79,77 79,78,81 79,79,76 89,88,91 95,96,99 95,95,95 90,90,90 76,73,77 86,85,88 128,113,102 190,169,146 86,157,108 44,94,61 39,80,50 68,80,42 174,128,42 192,123,83 121,84,60 108,72,50 202,123,84 95,52,33 89,51,30 36,43,27

84,120,192 81,117,191 82,118,192 83,119,193 87,120,195 86,119,194 88,119,191 86,119,190 91,124,197 89,117,190 88,123,200 85,121,195 78,115,192 79,116,193 78,117,193 79,118,194 79,116,193 78,115,192 79,116,193 91,124,197 89,125,197 88,124,196 83,118,195 80,115,192 76,113,190 83,120,197 88,125,204 106,142,224 102,139,218 107,145,228 107,150,231 105,153,233
84,120,194 89,122,197 84,120,194 84,120,194 90,123,198 87,120,193 89,125,195 92,125,196 87,120,195 82,118,192 80,116,190 80,115,192 79,116,193 79,116,193 82,117,194 80,117,194 79,117,191 79,115,197 79,116,193 81,116,193 78,115,192 81,116,193 80,116,190 76,113,190 76,118,193 76,118,193 80,118,192 79,116,195 81,117,191 81,116,193 81,119,193 81,119,193
93,126,197 96,129,200 89,151,255 91,144,255 94,134,223 97,139,227 99,130,202 94,130,225 86,119,192 90,121,193 83,119,193 87,120,191 84,120,192 90,123,196 90,123,194 179,178,72 155,150,41 81,115,201 79,116,193 78,115,192 80,115,192 81,116,193 79,116,193 79,116,193 78,117,193 79,116,193 78,115,192 79,116,193 82,117,196 79,116,193 79,116,193 82,117,194
93,165,255 91,161,255 88,163,255 89,165,255 91,167,255 89,165,255 88,164,255 93,154,255 92,127,204 91,127,199 101,133,202 100,131,205 102,124,196 98,131,204 239,214,84 214,184,48 189,152,30 146,121,32 84,115,198 79,115,197 80,117,194 79,116,193 80,117,194 80,117,194 79,116,193 81,118,195 81,118,195 84,119,196 91,123,201 93,126,201 85,120,197 85,120,197
109,156,243 106,155,255 114,161,255 120,167,255 108,177,255 90,163,255 108,170,255 113,163,255 113,167,255 103,167,255 103,151,255 93,124,167 74,64,42 217,198,61 232,207,81 157,138,56 138,117,34 141,119,43 153,141,86 87,123,197 135,105,61 92,124,202 90,126,200 95,123,196 97,128,202 97,128,200 100,128,201 96,129,200 101,136,215 91,154,255 94,133,227 96,146,255
88,124,206 88,124,206 89,125,209 89,125,207 101,139,220 94,132,213 90,126,210 90,117,188 109,103,94 98,86,91 109,80,49 96,87,81 211,202,85 64,50,25 150,123,46 69,56,24 67,54,22 85,71,44 108,91,42 78,66,40 99,130,204 104,135,211 100,133,206 99,159,255 103,136,209 104,150,253 114,168,255 99,160,255 115,170,255 105,161,255 99,145,239 86,127,211
92,128,202 94,130,204 94,130,204 92,127,204 91,126,203 88,125,204 255,235,166 245,204,143 89,78,73 45,28,18 92,79,47 173,149,83 231,206,78 194,162,50 156,121,56 128,94,60 61,48,41 54,46,33 46,37,31 87,80,51 101,136,215 124,165,249 105,146,226 103,140,219 96,130,212 119,124,191 148,93,91 134,112,145 129,76,31 78,60,55 85,121,205 85,121,203
94,128,210 96,130,212 109,147,228 103,139,221 99,139,226 255,231,159 255,225,167 219,181,133 45,33,33 51,37,23 82,64,34 174,148,96 199,170,51 185,156,51 128,96,64 83,62,37 136,111,65 75,55,35 48,43,42 60,61,53 88,125,204 90,126,208 88,126,207 92,127,206 76,62,67 132,81,82 129,65,37 131,73,47 113,60,37 92,53,39 103,122,198 91,126,203
91,125,209 88,124,208 90,127,206 98,136,217 255,246,170 239,197,145 194,167,133 143,124,99 80,59,44 53,37,24 41,35,28 138,113,69 179,154,40 199,162,36 115,95,36 64,52,26 125,105,46 50,40,28 48,49,39 61,53,31 120,113,125 94,130,204 64,61,76 92,131,207 126,77,66 150,72,42 128,61,34 127,63,37 108,61,38 70,40,25 67,36,24 87,123,209
92,127,206 94,129,208 92,127,206 239,219,212 255,215,156 170,141,108 104,93,90 76,71,68 56,41,32 49,37,25 52,40,30 68,54,36 122,106,50 179,147,31 79,62,27 151,121,36 164,141,54 105,86,51 63,66,35 82,80,49 49,42,42 90,125,204 80,68,70 89,79,83 70,61,74 150,79,53 154,77,44 115,59,33 111,73,54 67,39,30 65,37,26 74,45,41
95,132,211 95,129,211 96,128,208 255,223,151 178,151,117 100,89,74 70,64,69 61,59,60 69,52,42 45,32,27 26,19,19 44,40,30 84,70,41 117,103,37 160,131,28 185,155,61 142,108,36 99,78,26 68,59,28 32,31,24 49,42,42 136,136,136 88,82,87 78,68,67 82,65,68 155,77,47 138,71,44 79,40,26 70,42,29 59,31,22 60,34,24 68,40,27
89,69,60 104,132,205 255,239,167 227,195,138 145,124,97 82,80,81 74,71,75 60,59,50 47,35,23 44,33,26 28,18,19 34,27,27 45,37,26 41,38,25 60,53,24 102,81,25 57,45,19 69,57,27 64,58,35 29,23,28 52,45,43 84,84,96 74,71,75 193,172,147 239,162,104 113,59,39 74,42,28 97,48,26 59,33,21 57,31,17 63,37,23 66,40,28
52,45,25 243,215,159 228,190,142 175,148,114 120,111,103 93,92,97 76,76,76 68,63,60 47,34,27 60,47,40 31,21,25 31,21,22 37,33,27 44,36,23 47,39,26 47,42,28 43,39,22 43,41,23 25,20,22 40,34,27 53,48,50 68,66,74 89,87,95 208,184,158 255,175,118 142,91,63 56,33,18 54,31,18 55,32,17 59,31,18 62,31,21 241,208,181
57,46,29 209,185,159 170,146,122 81,83,78 88,88,83 97,95,91 90,89,80 40,30,29 44,35,27 37,27,17 30,21,17 30,20,21 26,19,17 37,33,27 34,27,27 66,60,53 56,50,55 23,17,22 37,30,30 51,40,37 67,65,61 72,73,78 76,78,92 163,144,130 72,72,82 255,187,125 143,96,64 60,43,33 43,88,57 21,45,32 239,210,175 242,208,174
109,92,55 60,49,42 59,55,68 89,93,108 94,89,88 91,88,75 70,63,63 26,20,15 39,30,24 43,32,27 32,23,17 35,26,22 27,22,21 30,28,29 76,74,70 34,28,23 28,21,24 33,26,26 49,40,34 45,34,27 65,60,59 69,70,73 85,83,93 92,88,99 66,62,75 255,219,142 176,115,81 49,34,25 43,69,46 51,34,26 233,201,169 208,179,148
55,53,49 52,51,40 55,57,71 81,81,93 72,66,73 253,214,157 69,67,65 54,55,47 50,46,40 49,40,34 39,28,21 42,33,25 42,34,23 68,63,51 51,47,39 35,25,24 42,33,29 54,43,40 56,41,32 103,93,92 74,70,60 61,89,64 126,126,54 194,164,79 215,143,79 226,150,92 174,114,73 161,105,67 167,109,72 164,83,54 255,229,200 255,236,197
65,58,42 49,46,33 55,53,63 72,68,77 81,77,88 201,167,133 68,66,64 61,59,57 54,52,48 52,51,42 56,52,46 72,69,56 85,82,69 82,79,66 80,72,59 50,42,29 45,39,30 49,40,34 51,41,40 149,133,116 66,65,56 46,109,65 40,88,58 68,83,44 178,131,42 231,155,99 165,111,75 116,74,50 181,104,67 117,68,46 65,40,21 87,76,41
62,58,39 44,43,34 82,81,86 81,77,86 93,86,96 255,226,163 67,65,66 72,71,64 69,65,59 77,75,71 74,73,76 87,87,87 87,86,89 94,95,98 95,95,95 95,95,95 80,80,80 83,84,89 72,62,63 191,170,147 83,156,109 43,98,64 37,80,52 75,87,42 160,118,28 191,124,79 125,85,62 105,74,53 201,130,86 127,71,47 86,52,32 34,41,25

84,120,194 82,117,194 83,119,193 83,119,193 87,120,195 86,119,194 87,118,190 86,119,194 91,124,199 87,118,190 89,125,199 83,119,193 79,116,193 79,116,193 78,115,192 79,116,193 79,116,193 79,116,193 79,116,193 93,124,196 89,125,197 91,124,195 83,118,195 78,115,192 78,115,192 89,126,203 90,127,206 102,138,220 103,139,221 107,145,230 111,154,237 108,153,240
87,120,193 89,122,195 85,121,195 85,121,195 90,123,198 87,120,191 90,126,196 93,126,197 84,120,194 82,118,192 81,117,191 80,115,192 79,116,193 78,115,192 79,116,193 80,117,194 79,116,193 79,117,191 79,116,195 81,116,195 78,115,192 80,115,192 80,115,192 78,115,192 75,119,193 79,116,193 80,117,194 79,116,195 80,115,192 83,115,193 81,118,195 82,119,198
94,127,198 101,134,207 90,154,255 92,145,255 95,136,231 98,137,233 98,131,206 97,129,209 87,120,193 88,119,193 82,118,192 87,120,191 84,120,194 90,123,194 91,124,195 195,183,76 171,157,42 87,112,195 79,116,193 80,115,192 80,115,192 80,115,192 79,117,191 79,116,193 79,116,193 79,116,193 79,116,193 79,116,193 82,117,194 80,117,194 79,116,193 82,117,194
92,164,255 90,163,255 89,165,255 89,165,255 89,165,255 91,167,255 89,165,255 93,147,255 94,130,204 91,127,199 101,133,202 100,133,208 71,81,101 92,128,202 238,213,85 212,182,44 190,153,29 159,133,40 88,115,184 80,117,196 79,116,193 79,116,193 81,118,195 80,117,194 80,117,194 81,118,195 81,118,195 83,118,195 92,124,202 91,124,199 85,120,197 88,124,198
109,155,247 105,152,248 115,162,255 119,168,255 100,174,255 92,163,255 114,169,255 112,162,255 114,164,255 103,167,255 100,148,255 85,116,199 72,56,39 221,204,66 238,213,87 176,158,71 142,118,38 146,122,42 153,138,75 87,123,197 181,149,74 92,124,202 92,125,200 96,124,197 95,126,200 98,129,201 96,129,200 96,129,200 105,136,223 94,153,255 96,135,229 92,150,255
88,125,204 89,125,207 89,125,207 89,125,207 97,139,216 93,129,211 90,126,210 93,125,203 112,106,97 130,96,66 105,78,60 85,74,69 210,199,85 65,51,24 154,125,49 76,64,27 72,56,25 87,75,47 103,86,49 78,60,18 100,131,207 103,138,217 99,132,205 98,151,255 105,138,209 101,156,255 116,171,255 99,162,255 117,170,255 108,164,255 95,139,229 86,127,207
92,128,202 92,128,202 94,130,204 91,126,203 90,125,202 88,124,206 255,236,171 248,208,144 85,79,74 53,36,26 87,73,46 168,145,76 225,200,72 195,163,47 161,126,61 130,97,49 68,57,52 52,42,30 53,45,34 82,74,52 100,137,225 120,161,243 105,149,225 101,139,220 94,130,212 113,129,197 149,94,90 141,107,119 255,200,83 78,60,57 85,121,203 83,119,201
91,125,207 101,135,217 108,149,229 106,141,220 110,133,226 255,229,155 255,218,159 215,179,130 47,33,33 52,36,21 87,72,50 168,144,93 194,164,50 183,156,50 130,98,66 84,60,36 151,131,70 82,63,40 48,45,51 62,63,55 88,125,204 89,125,207 88,126,207 92,127,204 63,63,75 129,99,132 140,74,44 116,61,32 107,56,32 92,54,35 159,131,118 91,126,203
92,126,208 88,124,208 94,128,210 100,138,219 255,250,176 237,199,151 185,158,126 140,121,98 75,56,40 53,37,22 37,31,26 131,109,62 181,155,44 202,165,39 118,95,35 64,52,26 124,99,42 51,42,23 43,46,38 62,54,32 119,83,73 94,130,204 60,59,74 93,133,204 115,77,69 175,94,58 128,70,46 127,68,40 107,59,34 73,41,27 67,37,22 97,123,189
94,129,208 94,129,206 92,127,204 255,249,200 242,203,144 165,138,102 97,85,85 75,73,69 55,40,31 54,42,30 55,42,35 53,44,29 120,103,52 183,148,40 74,57,29 156,131,44 177,145,59 109,93,51 76,74,52 63,58,26 59,49,50 89,126,203 80,68,68 89,79,83 67,68,73 161,81,47 134,67,40 121,64,35 98,55,38 64,38,28 64,38,26 69,39,22
94,131,210 95,130,209 105,137,217 255,221,152 173,147,108 99,87,75 70,64,69 60,58,56 62,45,35 44,33,28 26,19,17 43,39,31 79,66,45 128,110,37 156,126,30 182,152,58 224,164,78 150,118,86 121,107,89 30,25,13 41,34,37 130,132,132 88,82,87 78,68,67 78,67,76 163,79,44 126,66,41 92,49,32 68,35,24 63,37,23 62,36,26 67,39,26
68,63,60 101,137,219 255,244,160 221,189,134 143,124,99 80,78,79 75,72,76 60,59,48 46,34,22 43,32,25 29,19,20 33,26,26 45,37,24 42,37,25 76,66,24 76,59,12 60,46,19 68,57,22 67,60,29 28,21,24 48,41,39 83,86,97 126,124,125 193,172,147 121,79,55 112,63,41 78,43,30 104,53,29 54,31,16 59,31,18 56,33,20 62,36,26
56,47,39 255,230,160 215,182,134 175,147,118 114,105,99 93,91,99 78,78,78 60,55,52 48,36,26 59,47,35 32,22,26 30,23,23 37,36,29 42,37,23 47,39,26 49,41,30 48,40,16 48,46,26 23,18,20 31,25,20 50,40,41 69,67,75 78,81,92 207,184,155 225,155,108 108,61,40 63,35,22 54,31,16 57,31,17 57,31,17 61,33,22 85,58,40
58,50,39 203,176,142 156,135,110 83,84,76 87,87,82 99,97,93 87,86,75 39,29,28 45,37,24 36,26,16 33,24,20 30,20,21 26,19,19 40,33,31 32,30,31 64,58,53 57,51,56 21,16,18 30,23,23 41,30,27 69,68,59 65,66,71 74,77,88 165,153,143 71,71,83 255,205,160 158,106,74 62,43,31 53,90,59 24,47,30 173,148,120 242,208,174
79,70,62 85,75,65 71,69,79 90,94,109 99,94,96 92,87,73 69,64,63 28,23,20 43,34,30 40,29,24 35,26,22 40,30,29 26,24,22 31,28,32 77,75,71 38,31,29 27,20,23 30,23,23 39,30,26 45,34,27 67,62,61 74,73,76 76,79,90 82,87,97 62,62,74 255,198,132 160,105,74 50,33,25 31,70,38 35,43,31 223,198,168 208,179,148
59,57,53 49,47,43 58,58,70 83,81,91 75,71,80 254,215,158 69,67,65 55,54,47 48,44,38 44,35,29 39,28,23 46,35,28 39,30,22 68,63,51 53,49,43 35,25,24 43,34,30 46,35,30 56,41,32 109,100,94 75,69,60 72,74,57 127,125,55 186,162,82 208,142,69 227,151,93 175,115,72 151,100,63 151,96,65 173,92,63 101,75,52 255,234,192
61,53,42 27,25,21 61,59,67 115,112,116 80,76,85 185,157,128 68,66,62 60,58,56 53,51,47 52,51,42 56,52,46 71,67,57 83,80,67 80,80,66 81,72,55 52,44,33 34,28,19 63,54,48 49,39,38 151,135,118 62,61,52 44,110,65 40,88,58 75,87,38 188,139,49 232,156,98 168,112,74 107,70,46 191,119,82 101,52,32 67,37,22 96,81,43
64,62,40 37,32,29 55,53,61 81,79,89 93,86,96 255,236,164 67,65,66 72,71,64 66,65,58 77,75,71 74,73,76 86,86,86 87,86,89 93,97,99 96,96,96 94,94,94 81,81,81 85,84,87 65,62,66 191,172,145 77,136,91 45,100,66 39,82,54 83,88,43 162,120,30 194,127,82 129,86,67 104,73,54 196,129,84 167,92,63 78,43,28 27,42,28

93,59,29 79,45,15 92,51,24 100,55,22 94,50,22 110,61,25 114,84,58 174,157,110 178,160,116 188,170,126 177,159,115 186,170,128 187,172,136 154,140,111 124,117,99 120,113,93 34,27,27 43,32,29 49,38,23 92,132,221 92,132,221 92,131,223 91,133,219 143,124,85 135,117,73 127,108,69 138,120,78 136,117,78 152,135,98 165,148,113 171,153,109 190,173,126
76,42,24 85,48,22 85,44,24 92,50,26 96,51,16 100,53,21 103,58,25 153,134,97 183,166,119 171,153,109 178,159,120 171,152,113 166,150,117 143,130,107 106,101,89 90,80,68 38,27,34 51,42,27 96,126,191 97,138,222 98,139,221 103,141,224 100,141,221 100,121,171 132,113,76 159,140,101 127,109,67 136,118,76 155,137,95 138,121,86 161,143,101 176,159,112
82,52,26 88,48,23 84,55,31 89,48,21 95,54,23 102,59,26 101,58,25 100,64,42 156,138,96 174,156,114 164,147,112 157,138,103 159,143,112 144,134,110 90,89,82 32,27,29 54,40,26 72,83,121 98,139,223 97,138,222 124,139,198 148,95,27 127,132,210 111,138,220 107,140,213 129,118,111 129,109,77 127,109,67 148,129,90 146,127,88 131,112,75 154,135,98
68,39,15 71,41,15 71,40,19 91,50,21 91,50,21 95,51,25 92,48,18 108,63,30 140,121,84 154,135,98 168,149,114 151,134,99 146,127,100 145,130,108 98,94,88 47,39,28 100,120,175 105,145,232 115,136,211 163,88,61 162,84,38 88,45,26 65,35,18 117,57,34 144,160,239 106,156,255 123,150,209 159,140,101 135,117,75 132,113,74 125,109,78 127,109,79
255,251,194 61,40,25 73,42,19 91,50,23 93,52,23 95,54,27 90,46,20 93,49,19 136,118,88 142,123,88 153,134,107 150,133,105 129,110,87 144,130,112 80,90,110 119,160,240 112,153,237 111,154,237 94,56,39 65,35,20 67,48,32 97,72,55 84,62,56 60,39,26 147,76,50 121,180,255 114,185,255 106,154,236 136,121,85 134,115,76 128,109,74 142,123,88
255,239,190 229,215,170 70,44,21 89,54,29 89,48,21 86,45,18 68,37,14 85,40,17 99,60,32 167,149,107 149,135,106 150,136,107 150,136,109 122,118,97 115,154,232 107,154,241 107,154,241 109,157,239 92,54,37 64,41,26 124,86,67 125,89,69 120,84,66 74,50,44 91,50,32 203,136,136 119,186,255 113,187,255 118,183,255 130,156,193 139,121,79 133,114,75
248,231,182 199,182,133 56,40,27 76,43,18 89,49,24 79,44,19 70,39,18 63,34,14 78,38,13 170,151,112 164,146,116 151,137,110 154,142,116 135,124,105 111,157,239 114,160,242 112,158,240 113,161,243 83,49,31 121,87,67 91,66,47 158,97,65 88,65,54 109,79,64 72,42,27 145,75,49 215,229,250 200,223,255 177,209,255 163,206,255 143,185,255 129,139,159
254,237,190 225,208,157 248,231,184 67,43,21 70,41,19 70,41,19 70,41,21 66,37,17 81,41,18 126,105,78 168,152,119 141,127,100 140,125,105 123,117,110 112,157,242 112,158,240 114,160,242 125,166,248 68,38,23 111,80,61 133,88,67 222,141,91 230,142,90 255,177,126 62,41,30 142,73,44 198,217,250 209,225,252 224,230,247 237,242,250 230,237,251 191,216,255
190,173,124 238,221,172 235,218,171 145,130,108 64,43,20 68,42,19 62,32,17 64,38,17 78,42,20 89,54,29 154,138,107 147,133,108 126,115,96 136,132,126 179,199,252 187,207,251 181,206,248 180,204,251 92,50,37 121,83,64 135,88,67 122,79,62 241,156,99 255,175,115 72,51,40 148,74,51 151,186,245 164,192,246 177,203,249 193,214,251 193,214,251 204,221,252
239,219,169 218,203,156 214,198,154 230,214,172 60,40,22 64,40,18 61,34,16 64,40,16 71,40,17 82,47,20 153,137,104 152,138,113 104,97,79 131,130,133 171,196,249 167,195,249 183,207,252 192,215,253 142,123,141 75,36,22 145,94,66 205,140,101 255,173,118 221,139,94 47,28,14 199,102,78 147,178,236 187,210,248 200,215,247 179,203,248 157,182,237 191,209,249
227,210,161 217,200,153 182,165,128 197,181,139 119,104,84 63,42,19 58,33,16 57,36,13 67,41,18 73,47,24 167,151,120 109,100,83 133,120,99 94,87,90 146,176,239 151,181,244 159,189,243 161,191,245 159,189,241 134,76,66 136,88,61 133,88,65 134,93,66 113,76,52 137,76,60 168,193,244 172,196,245 180,205,245 171,197,245 169,195,243 170,196,242 178,203,245
218,201,154 202,183,144 211,195,153 215,198,159 185,172,140 55,35,15 61,39,19 62,43,20 72,43,21 65,41,19 118,99,72 123,114,99 129,116,93 122,147,187 155,200,255 186,212,255 169,205,255 151,197,255 133,193,255 127,192,255 128,192,255 133,87,61 192,118,84 114,76,59 89,135,129 166,196,250 171,194,246 153,184,240 169,200,247 172,196,243 162,192,242 161,191,245
209,191,149 202,185,146 215,199,157 189,173,140 186,173,139 53,37,20 56,36,18 54,32,12 69,40,16 57,36,11 113,98,76 121,110,91 107,96,79 168,186,222 137,199,255 147,191,255 145,193,255 161,195,255 166,199,255 142,198,255 173,203,255 142,96,66 212,130,85 255,163,107 175,167,186 160,191,249 161,193,246 151,185,240 148,183,242 158,189,247 162,192,246 159,189,243
197,180,145 205,188,151 187,172,134 185,173,136 182,169,137 58,44,30 54,34,14 56,37,14 64,38,15 56,34,16 146,130,99 99,90,82 128,115,94 165,191,235 166,201,253 182,211,255 178,207,255 175,205,255 159,197,255 176,201,254 142,102,77 137,91,63 205,126,82 255,164,102 255,206,137 175,207,255 171,202,255 170,202,251 174,206,255 162,202,255 139,194,255 157,202,255
225,209,167 216,198,154 199,184,146 193,177,144 177,163,136 143,130,109 61,40,17 52,32,12 66,40,17 54,35,12 109,95,77 103,95,82 109,104,90 159,197,255 158,198,255 162,197,255 153,196,255 16,45,36 31,40,23 118,87,66 127,83,57 215,140,95 244,152,99 255,172,107 255,188,119 213,139,46 161,142,47 163,197,252 173,204,255 169,204,255 146,199,255 137,195,255
189,172,133 198,182,140 166,152,123 169,156,124 151,139,113 165,156,129 60,36,14 53,33,13 55,35,15 51,33,14 113,102,85 110,102,89 144,165,211 172,207,255 158,201,255 152,200,255 24,42,29 22,39,31 44,42,13 172,115,84 237,155,99 245,157,101 255,170,109 255,182,119 255,179,113 140,104,28 47,82,43 49,95,57 164,207,255 166,203,255 150,200,255 150,198,255
201,184,145 222,205,166 185,172,138 150,136,111 155,142,121 140,131,114 66,40,15 60,39,16 55,33,15 52,33,19 103,95,82 113,105,94 168,209,255 168,208,255 169,211,255 128,165,216 25,42,32 24,44,30 128,87,26 229,158,103 227,150,92 220,140,85 255,176,112 255,203,138 219,148,37 112,107,54 37,66,38 45,87,52 52,107,61 167,207,255 170,210,255 172,210,255
214,197,158 191,178,144 187,174,142 159,149,127 128,121,103 125,119,96 58,36,16 53,33,15 55,35,17 94,78,65 101,100,91 178,220,255 176,218,255 179,219,255 175,220,255 19,49,32 24,41,33 21,36,24 71,75,19 70,79,35 78,87,43 160,119,47 186,123,20 221,142,30 50,94,57 37,72,35 31,50,30 41,73,42 49,99,57 171,212,255 179,223,255 180,221,255

82,47,22 92,52,27 86,44,22 90,48,24 96,51,18 98,51,19 105,62,29 138,123,85 161,143,101 170,152,108 152,133,94 157,142,106 177,159,117 125,116,99 92,86,77 56,40,25 93,134,218 92,133,215 92,132,219 92,132,221 93,133,222 92,131,223 92,132,221 92,132,221 93,133,220 97,138,222 133,117,86 135,117,75 136,118,76 119,102,67 145,126,89 134,117,82
87,54,27 82,49,24 86,52,30 90,48,24 96,55,24 102,59,26 97,54,21 102,76,51 142,123,86 165,144,103 164,147,112 159,141,109 158,141,113 144,131,108 106,101,89 97,136,228 97,138,220 96,137,221 99,140,222 97,138,222 98,139,221 101,142,224 99,140,222 99,140,224 103,144,226 102,145,226 105,146,228 112,111,102 141,120,79 148,130,88 124,104,72 116,97,70
65,39,18 71,40,17 73,39,19 89,48,21 89,47,23 92,53,25 91,50,23 98,50,21 131,111,79 148,131,96 140,122,92 147,128,101 138,121,95 157,143,116 102,145,228 99,139,226 97,137,224 97,137,226 96,136,225 97,137,224 133,139,181 154,99,27 142,144,198 116,141,212 98,136,219 103,146,227 103,146,227 109,159,255 109,145,229 138,121,95 132,114,72 120,101,62
255,239,197 65,40,21 75,44,21 87,51,22 92,51,22 86,50,21 83,46,20 91,47,21 114,97,69 134,116,84 142,125,101 156,142,115 143,126,102 118,113,101 99,146,231 96,143,230 102,148,230 105,146,230 118,134,200 158,88,62 154,75,34 89,46,29 60,33,17 115,57,31 148,160,236 109,156,255 111,167,255 109,180,255 116,163,248 112,162,243 124,144,186 146,128,96
216,200,156 192,177,139 70,41,19 86,51,26 89,47,23 82,42,19 62,32,17 82,45,21 89,50,22 156,137,100 144,131,99 162,148,121 139,122,98 154,140,115 133,176,248 120,161,241 112,153,237 111,154,237 87,48,34 59,33,19 81,62,46 100,75,58 89,67,61 61,38,27 146,76,50 121,180,255 110,183,255 112,186,255 110,186,255 108,185,255 110,184,255 111,181,255
255,244,193 240,223,174 64,48,35 75,44,21 86,49,23 75,42,17 59,33,12 64,37,19 82,42,19 145,127,95 151,134,106 172,159,127 134,119,97 128,118,108 111,154,237 107,154,241 107,154,241 111,157,237 86,50,30 86,61,44 171,117,83 125,89,69 135,92,73 74,51,40 95,52,35 196,143,156 119,186,255 115,186,255 113,187,255 113,187,255 113,187,255 113,187,255
255,240,184 242,225,174 242,225,178 60,42,23 67,41,18 64,39,20 66,42,20 63,33,16 70,36,14 110,89,62 147,130,102 121,106,84 119,105,87 129,127,135 110,158,240 114,160,242 112,158,240 119,158,236 75,44,25 119,85,67 76,60,47 219,136,87 116,82,62 108,78,63 73,38,23 149,76,48 216,229,248 200,223,255 178,208,255 163,206,255 141,191,255 116,188,255
233,216,165 253,237,183 241,224,173 221,206,166 53,34,11 67,43,19 57,31,17 60,36,14 70,39,16 87,53,31 146,130,99 134,121,98 117,108,89 123,119,102 114,157,240 112,158,238 114,160,240 125,168,249 59,31,18 112,81,60 116,74,52 94,40,6 241,151,102 255,176,126 64,41,28 162,81,54 197,219,249 210,226,253 224,230,247 237,242,250 230,237,251 194,219,255
241,224,173 233,213,163 220,200,154 230,212,168 58,44,28 57,35,17 55,33,15 63,38,19 73,44,22 77,43,23 137,120,94 168,151,127 132,121,102 102,101,92 175,195,252 187,209,252 183,205,248 182,203,251 81,45,27 128,86,64 133,86,65 90,55,42 253,165,111 255,173,118 67,47,40 174,92,63 150,186,242 162,192,246 176,202,248 194,215,252 193,214,251 200,219,250
240,221,166 204,186,142 212,196,154 223,207,165 215,199,166 54,34,16 57,35,17 60,38,18 65,41,19 59,34,15 123,109,80 108,99,82 101,92,77 122,130,137 169,197,249 168,196,250 183,207,252 193,216,254 138,109,119 70,33,20 143,95,68 180,124,88 255,167,115 228,149,101 54,31,18 232,121,86 148,177,236 187,210,246 200,215,247 179,203,248 157,181,239 192,210,250
221,204,153 239,222,175 216,200,156 217,201,159 206,191,153 50,31,15 53,33,15 54,34,14 66,40,17 61,40,15 128,114,89 121,111,89 119,108,89 144,149,159 146,176,239 151,181,244 159,191,244 160,190,244 161,189,241 133,69,52 139,93,65 131,86,63 138,97,70 108,72,50 142,99,93 169,192,244 174,195,245 180,205,245 171,197,245 169,195,243 170,196,242 178,203,243
240,223,176 234,217,170 204,185,146 218,200,156 186,171,135 103,88,68 52,32,14 56,36,16 63,39,15 60,39,16 118,101,75 140,131,112 144,132,106 140,170,224 155,199,255 186,212,255 172,203,255 149,196,255 133,193,255 126,194,255 133,188,255 132,86,60 209,131,87 118,76,52 143,182,217 166,196,250 171,194,246 153,184,240 169,200,247 172,196,243 162,192,242 161,191,245
223,208,161 203,187,145 212,196,152 217,202,164 199,186,154 147,132,110 50,35,15 54,34,16 56,34,14 60,36,12 118,105,82 99,91,80 108,99,84 148,189,253 137,199,255 147,191,255 144,191,255 161,195,255 166,199,255 142,198,255 173,204,255 141,93,66 216,132,86 255,165,109 173,193,235 158,192,249 161,193,246 151,185,240 148,183,242 158,189,247 162,192,246 159,189,243
195,177,135 234,217,170 217,198,159 206,191,151 192,175,149 170,156,129 52,34,13 55,35,17 56,36,16 54,32,14 113,100,79 107,97,85 108,107,112 158,192,249 166,201,253 182,211,255 178,208,255 173,204,255 160,200,255 183,204,241 141,101,76 137,91,65 210,131,87 255,164,100 255,206,135 172,207,255 168,202,255 170,202,251 174,206,255 162,202,255 139,194,255 157,201,255
199,182,135 205,189,145 221,205,163 187,172,134 173,159,132 154,141,120 56,34,14 55,35,15 55,33,15 50,32,13 114,103,86 111,101,89 166,201,251 160,195,255 158,198,255 163,198,255 154,192,255 26,53,56 28,41,27 120,89,70 133,85,58 218,142,102 244,152,99 255,180,113 255,193,125 220,150,32 47,105,56 181,197,224 169,203,255 168,203,255 146,199,255 137,195,255
230,214,170 202,186,144 211,193,151 198,185,151 163,148,126 129,122,104 61,38,23 54,34,16 51,31,13 55,34,19 112,107,95 151,164,190 169,205,255 172,207,255 160,200,255 152,199,255 24,44,30 21,40,31 55,53,31 176,119,88 238,153,98 245,157,101 255,170,109 255,184,121 184,112,25 149,133,75 40,74,40 48,90,53 87,154,118 166,203,255 150,200,255 150,198,255
210,194,150 221,205,163 178,161,124 193,181,144 135,131,114 135,128,112 93,79,63 51,30,15 54,33,18 84,73,54 106,105,98 165,210,255 168,209,255 168,208,255 170,210,255 172,212,255 24,42,29 24,44,30 121,87,24 230,155,106 227,147,92 219,141,90 255,180,116 255,202,137 223,157,55 82,80,31 37,63,38 43,80,45 48,100,55 167,207,255 170,210,255 170,210,255
215,199,157 210,194,152 198,186,149 182,168,143 109,104,90 111,107,90 55,40,20 53,33,15 55,36,20 115,101,83 171,216,255 177,219,255 177,219,255 177,219,255 176,220,255 122,165,192 23,42,33 21,35,26 102,97,42 78,80,36 65,82,35 142,111,47 177,116,28 220,142,27 65,87,32 35,67,34 28,48,30 39,65,40 47,96,57 174,228,255 178,222,255 180,221,255

66,39,23 80,47,22 84,50,28 92,48,22 92,48,18 98,55,22 95,51,21 81,70,51 119,107,81 154,135,98 161,142,107 147,129,99 149,132,104 112,106,97 107,148,232 98,142,234 93,134,218 92,133,217 91,131,220 92,132,221 92,132,221 92,131,223 92,132,221 92,132,221 93,133,222 98,139,221 102,137,216 139,121,100 132,113,76 109,92,57 117,95,61 121,102,65
82,54,27 80,49,30 74,45,23 96,55,28 88,44,18 91,49,25 91,47,21 90,51,23 105,90,70 154,131,100 135,118,92 144,127,101 140,121,94 177,157,125 97,139,225 98,138,225 97,138,220 96,136,223 98,139,221 97,138,222 98,139,221 103,144,228 98,139,221 100,141,223 103,144,224 103,146,227 103,146,227 104,140,226 128,138,172 136,117,80 127,109,67 124,105,66
152,136,105 60,36,14 76,45,24 84,44,19 84,42,18 89,53,24 78,44,22 86,45,18 98,84,57 131,113,83 139,122,96 152,138,109 143,129,104 128,130,127 101,142,224 99,139,226 99,136,226 97,136,228 96,136,225 97,138,222 99,135,228 175,129,90 96,130,212 102,135,226 98,139,221 103,146,227 104,146,232 109,162,255 116,163,255 112,148,220 128,133,157 146,126,96
255,250,201 128,113,91 68,42,19 80,44,22 82,42,17 82,45,21 60,33,15 79,43,23 89,50,22 147,128,93 138,124,95 157,143,118 136,123,100 153,140,119 99,146,233 98,145,232 102,147,232 105,148,231 115,153,234 165,150,183 178,98,57 85,59,47 97,50,29 135,59,35 137,160,241 110,155,254 113,168,255 110,180,255 115,162,249 114,156,244 110,155,240 112,137,190
224,208,154 245,228,179 116,101,81 72,46,23 79,42,18 75,44,21 60,34,13 58,31,15 79,41,20 132,114,84 143,126,100 168,155,121 131,116,96 142,138,130 133,172,248 119,160,240 111,154,237 111,154,237 144,126,153 65,40,23 78,43,28 63,37,23 49,32,22 52,31,18 131,73,38 138,178,255 110,186,255 108,185,255 110,186,255 108,184,255 110,183,255 110,184,255
254,238,182 247,228,175 244,227,178 53,35,16 59,35,13 63,41,21 57,36,13 54,32,14 69,38,15 93,72,45 138,124,97 135,121,96 109,100,83 125,121,100 110,152,238 107,154,241 108,155,242 109,157,239 81,42,28 51,30,17 106,80,59 122,88,68 117,87,70 92,69,56 91,55,37 174,90,59 120,186,255 113,187,255 113,187,255 113,187,255 113,187,255 113,187,255
240,224,168 235,218,169 232,215,164 247,232,183 52,34,15 60,40,20 51,28,13 55,35,15 73,42,21 80,47,22 130,114,83 120,105,85 109,102,84 116,108,97 116,159,240 112,160,242 114,159,246 119,167,249 87,46,28 58,33,16 114,76,59 132,91,71 132,93,65 128,92,72 62,38,30 107,55,36 217,227,247 200,223,255 176,208,255 163,205,255 141,193,255 114,189,255
255,248,193 252,235,184 255,237,187 246,229,180 86,72,58 59,39,21 52,31,16 58,38,20 67,43,19 72,43,23 125,108,82 110,100,78 156,142,117 127,120,100 112,157,242 112,158,240 112,159,244 126,172,254 107,60,37 66,39,23 48,47,50 134,89,66 101,74,56 104,75,55 76,56,47 102,55,32 195,194,211 210,226,253 223,231,247 237,242,250 230,237,251 193,218,255
195,175,125 230,210,162 250,235,184 213,195,151 234,220,175 50,31,15 53,33,15 54,33,18 60,41,18 56,34,14 137,120,92 107,98,81 109,99,77 91,85,78 175,195,250 189,209,253 185,207,250 181,202,248 167,153,168 70,37,26 123,75,48 109,68,50 211,129,82 235,148,105 88,57,45 86,50,32 134,150,202 162,192,246 176,202,248 194,215,252 193,214,251 200,219,250
245,224,168 248,229,174 230,213,162 182,166,124 215,198,159 119,104,82 49,33,18 49,33,16 64,40,18 62,38,16 123,109,82 112,99,78 101,93,80 150,141,124 169,197,249 168,196,250 183,208,248 193,216,254 176,194,234 77,45,29 140,94,66 69,46,47 162,88,63 243,156,97 255,164,114 95,46,26 151,179,241 185,208,244 200,215,247 179,203,248 157,181,239 192,209,252
255,253,202 234,217,166 249,232,181 216,200,156 223,206,167 182,169,137 40,28,16 52,33,17 55,35,15 57,36,13 126,109,85 102,93,78 114,100,86 134,137,146 146,176,239 151,181,244 158,190,243 160,190,244 158,190,243 160,153,192 139,91,64 137,91,65 217,142,93 224,146,95 100,64,46 166,189,241 176,195,244 180,206,241 171,197,245 169,195,243 170,196,242 178,202,247
255,239,188 207,190,141 190,175,135 247,230,183 160,143,108 197,181,150 47,37,25 52,34,15 55,36,13 55,36,13 120,106,81 123,113,101 110,103,87 140,183,255 155,199,255 186,212,255 169,205,255 149,197,255 133,193,255 126,194,255 130,193,255 145,94,66 118,76,54 120,78,54 44,47,37 166,196,250 171,194,246 153,184,240 169,200,247 172,196,243 162,192,242 161,191,245
246,229,182 241,225,171 215,199,157 236,221,174 220,205,165 173,159,130 52,41,24 54,34,14 54,34,16 56,36,18 142,128,103 125,114,97 115,117,117 145,201,255 137,199,255 147,191,255 144,191,255 160,197,255 170,201,255 142,198,255 170,205,255 160,105,74 146,90,64 237,149,95 255,201,130 158,192,249 161,193,244 151,185,240 148,183,242 158,189,247 162,192,246 159,189,243
231,215,161 210,192,148 217,200,151 219,203,161 213,198,160 179,167,139 140,131,112 62,41,18 56,34,16 52,34,15 122,109,86 106,100,91 154,189,250 158,192,249 166,201,253 182,211,255 178,208,255 174,203,255 173,202,247 58,52,29 107,81,58 140,96,70 187,118,82 251,154,101 255,187,119 255,214,146 193,174,149 171,201,251 174,206,255 160,200,255 139,194,255 157,201,255
223,206,159 221,204,157 218,201,154 210,194,152 179,166,132 169,155,128 132,128,111 55,36,13 53,35,16 60,37,22 114,107,91 118,126,135 169,203,255 160,195,255 158,198,255 163,198,255 147,195,255 22,44,34 22,36,29 85,62,20 119,88,69 226,148,104 245,157,103 255,179,119 255,193,126 233,157,48 68,95,52 48,100,55 164,207,248 168,203,255 146,199,255 137,195,255
220,203,154 228,211,162 218,202,160 242,224,182 204,187,150 148,134,109 135,128,108 55,36,11 50,34,17 51,32,18 108,104,98 171,204,255 169,205,255 172,206,255 160,200,255 149,200,255 42,77,70 23,42,31 26,39,23 103,69,35 240,160,101 239,154,97 255,165,104 255,186,122 255,197,123 98,77,21 39,73,39 44,81,46 47,98,58 164,203,255 150,200,255 150,198,255
237,220,173 220,203,156 216,198,154 210,193,154 205,193,156 126,115,96 120,116,99 62,43,20 54,35,19 116,105,90 145,177,217 167,210,255 168,208,255 168,208,255 169,211,255 173,213,255 24,41,33 24,43,32 52,64,30 165,111,32 172,115,30 179,117,41 231,158,97 255,205,139 219,151,35 195,150,77 40,68,43 41,67,42 42,88,54 72,145,82 170,210,255 172,210,255
245,228,177 253,236,189 224,206,162 196,181,143 184,171,137 122,113,94 112,103,86 63,42,17 54,32,12 113,111,107 172,217,255 177,219,255 177,219,255 179,219,255 174,220,255 177,219,255 24,41,33 20,37,27 47,72,41 72,78,39 51,71,28 39,76,41 45,78,40 75,88,47 65,98,44 46,70,28 27,42,30 26,46,30 43,87,52 63,123,71 178,221,255 180,221,255