13,11,19 13,14,19 13,13,13 36,18,27 23,21,29 13,18,24 16,19,26 24,30,47 32,54,86 10,18,23 11,14,25 12,12,12 18,18,26 19,23,27 15,23,30 13,12,15 17,17,25 21,30,41 11,16,22 16,15,20 11,11,19 11,11,19 14,14,22 12,15,24 12,15,22 13,13,21 12,20,27 21,15,20 31,55,86 16,19,26 13,21,28 37,51,74
14,17,24 13,12,17 13,11,19 59,19,21 19,16,22 8,13,19 13,16,23 22,29,43 38,68,106 16,14,22 22,26,41 15,14,19 14,17,24 15,18,29 31,31,41 13,11,12 17,17,25 29,37,53 13,18,24 12,15,22 13,13,21 11,11,19 12,11,16 14,14,22 14,17,24 12,15,22 14,19,27 22,16,23 39,63,94 15,20,26 12,20,27 28,46,72
13,14,19 13,11,19 13,9,18 44,22,25 25,19,26 15,20,26 17,17,25 28,38,58 41,61,89 11,16,22 11,19,28 16,17,22 12,17,23 12,17,23 25,38,55 9,13,15 17,17,25 29,35,54 20,22,36 14,16,32 45,30,40 19,12,26 13,12,17 12,11,16 11,16,22 57,63,91 61,40,66 33,19,21 24,50,83 11,16,22 14,17,24 33,57,86
14,14,22 13,11,19 14,14,22 42,19,16 23,21,29 17,17,25 17,18,23 28,41,60 45,76,109 13,13,21 20,27,39 21,17,26 16,19,26 15,18,27 32,45,64 11,12,15 15,18,25 32,40,58 17,15,23 45,40,56 91,48,44 118,80,82 57,42,64 33,24,35 23,19,30 53,37,62 26,29,40 27,14,24 40,68,104 15,18,25 16,20,24 34,57,84
11,11,19 12,10,18 14,14,22 54,21,21 20,20,30 12,17,23 13,18,24 22,29,41 41,64,102 15,16,21 22,31,42 26,18,26 18,18,26 16,19,26 36,43,55 13,12,15 15,18,25 35,42,65 19,17,25 69,52,72 173,81,17 137,42,0 76,50,69 26,24,36 22,16,23 61,42,56 55,55,65 39,20,27 35,62,92 14,17,24 16,20,24 29,54,80
15,14,19 13,11,19 10,10,18 36,22,22 16,19,28 12,16,20 14,14,26 11,16,22 39,51,73 11,15,19 27,31,44 36,17,19 27,19,25 14,17,24 29,37,46 11,15,17 16,19,26 43,52,77 15,15,23 61,28,32 101,42,14 78,24,0 61,36,50 80,83,101 38,19,33 67,51,68 42,40,60 48,20,20 29,53,84 11,16,22 13,18,24 27,49,79
13,11,19 12,10,18 26,12,12 41,22,24 11,14,21 16,19,26 19,22,33 30,43,69 60,91,136 13,16,23 26,28,42 12,12,12 21,18,22 16,17,22 23,33,53 12,11,16 15,18,25 41,54,80 15,18,27 17,23,24 232,129,33 122,42,26 16,13,19 14,14,24 36,17,33 43,31,45 37,45,63 48,20,18 39,65,100 15,18,25 31,45,68 15,23,30
13,11,19 12,11,16 41,13,13 45,17,17 13,16,23 29,39,59 12,20,25 24,36,60 67,99,139 17,14,18 17,17,27 10,11,14 28,20,28 13,18,26 20,18,28 18,21,32 28,46,72 35,52,95 11,16,26 6,15,17 175,85,20 47,29,38 54,62,82 16,15,20 46,30,45 14,14,22 39,54,72 70,23,14 37,63,96 13,18,24 15,23,32 30,53,80
13,11,19 12,11,16 55,17,19 48,20,20 16,19,26 18,18,26 19,24,30 14,18,33 58,84,128 18,14,23 17,18,23 14,12,13 33,20,28 22,22,30 18,23,31 33,42,53 52,75,113 65,90,130 13,18,24 14,18,22 30,26,48 38,31,34 32,30,50 18,14,25 10,11,16 14,14,22 40,55,73 64,23,23 36,62,95 16,19,26 16,19,26 31,42,69
13,12,17 13,11,19 26,10,8 25,19,26 17,17,25 17,17,25 19,27,36 30,44,65 48,73,99 20,18,16 20,20,32 10,12,12 61,23,29 51,64,90 53,70,90 66,83,114 62,79,110 72,85,111 66,76,82 50,55,79 93,38,36 44,27,33 71,55,70 68,54,69 22,14,31 15,18,27 32,40,60 67,25,30 32,59,89 11,19,24 39,62,96 16,27,40
13,11,19 12,10,18 54,21,21 15,23,32 22,22,32 22,22,30 18,25,37 21,29,47 47,71,100 15,16,21 17,17,25 14,11,15 38,47,60 41,51,69 61,77,104 47,62,80 37,46,59 62,68,89 70,82,106 72,88,115 137,44,37 44,30,45 55,41,54 40,26,39 33,21,33 69,48,74 38,52,73 63,34,39 31,55,84 10,15,21 18,23,31 30,46,73
12,11,16 12,10,18 36,22,27 16,19,26 15,20,28 20,20,28 22,31,42 32,48,73 27,42,60 19,16,22 17,16,19 17,14,20 33,36,47 20,26,43 62,76,97 54,64,84 43,51,67 37,30,40 50,53,73 56,66,86 50,46,66 48,30,41 40,31,42 45,29,42 21,13,19 28,23,41 35,17,28 50,82,108 39,63,92 11,16,22 20,27,39 28,42,65
13,11,19 12,10,18 17,17,27 20,20,30 21,21,29 18,21,28 21,29,45 37,63,100 11,24,39 21,13,19 22,23,28 38,30,36 51,66,82 67,80,99 75,102,132 78,104,139 63,76,95 19,13,20 48,24,28 51,57,76 45,43,63 50,33,39 40,31,44 70,54,71 23,15,23 58,49,75 24,23,38 66,50,67 25,49,80 18,16,24 16,24,29 22,42,68
12,12,12 13,11,19 21,21,29 20,20,28 20,20,28 16,19,28 19,24,32 31,58,86 33,30,45 32,35,44 45,47,72 34,26,34 41,34,46 64,73,84 77,95,123 80,108,140 77,97,125 16,16,28 41,24,30 69,80,109 62,60,82 46,31,39 41,34,44 61,49,63 16,13,19 35,24,33 38,56,82 51,68,101 62,27,30 21,18,22 17,15,23 27,30,48
12,11,14 12,10,18 11,14,21 17,16,19 20,25,35 28,36,54 17,22,32 28,36,52 69,108,161 24,38,50 34,66,67 29,37,44 62,69,83 66,78,102 88,112,143 79,99,127 82,104,136 24,28,43 28,18,22 56,58,74 64,73,96 51,26,27 40,31,42 36,27,38 48,50,64 50,21,28 22,40,64 47,80,122 25,43,67 8,20,42 13,18,24 30,37,49
27,37,57 55,80,120 13,13,23 13,13,21 15,15,23 21,36,52 14,31,35 13,30,32 14,31,35 11,31,34 10,16,17 52,33,37 52,38,51 38,23,12 35,24,9 26,36,56 41,62,101 26,30,45 29,29,39 28,37,60 57,64,87 19,26,40 93,36,35 42,30,42 85,67,92 32,18,31 26,20,25 20,16,25 13,16,25 28,17,24 20,25,33 21,35,45
15,22,47 53,86,128 18,21,30 20,18,28 20,20,28 13,24,37 9,34,31 14,31,35 15,47,48 16,70,71 14,72,62 42,17,18 68,19,0 55,20,7 46,18,9 29,25,19 19,25,28 21,25,38 32,39,53 14,24,32 31,31,39 35,53,79 46,64,92 43,73,113 38,69,112 9,26,48 16,16,28 20,16,25 15,18,29 20,17,23 47,22,21 20,18,26
8,16,23 45,70,110 36,19,25 20,21,26 17,17,25 17,22,28 38,73,107 31,80,87 58,67,78 24,32,41 24,21,27 15,13,23 56,18,12 33,24,18 81,67,80 48,37,22 47,36,43 17,23,26 16,32,57 21,39,65 31,59,93 31,57,90 43,74,117 46,83,132 51,82,140 51,88,139 52,92,140 45,80,128 49,86,133 36,62,99 20,31,42 61,27,23

13,11,19 13,14,19 13,13,13 36,18,27 23,21,29 13,18,24 16,19,26 24,30,47 32,54,86 10,18,23 11,14,25 12,12,12 18,18,26 19,23,27 15,23,30 13,12,15 17,17,25 21,30,41 11,16,22 13,12,17 11,11,19 11,11,19 14,14,22 12,15,24 12,15,22 13,13,21 12,20,27 21,15,20 31,55,86 16,19,26 13,21,28 37,51,74
14,17,24 13,12,17 13,11,19 59,19,21 19,16,22 8,13,19 13,16,23 22,29,43 38,68,106 16,14,22 22,26,41 15,14,19 14,17,24 15,18,29 31,31,41 13,11,12 17,17,25 29,37,53 13,18,24 12,15,22 13,13,21 12,10,18 12,11,16 14,14,22 14,17,24 12,15,22 12,20,25 18,14,23 39,63,94 15,20,26 12,20,27 28,46,72
13,14,19 13,11,19 13,9,18 44,22,25 25,19,26 15,20,26 17,17,25 28,38,58 43,60,91 11,16,22 11,19,28 18,17,22 15,15,23 19,18,21 25,38,57 9,13,15 15,18,25 29,35,54 14,17,24 18,15,32 18,12,19 24,13,22 14,11,15 12,11,16 11,16,22 17,17,25 18,26,33 33,19,21 53,69,94 10,15,21 14,17,24 33,57,86
14,14,22 13,11,19 14,14,22 42,19,16 23,21,29 18,18,26 19,17,25 28,41,60 45,76,109 13,13,21 20,27,39 21,17,26 26,23,29 32,27,26 34,47,66 11,12,15 15,18,25 32,40,58 25,18,28 21,24,35 33,19,24 35,17,12 27,13,13 12,11,14 14,14,22 15,15,23 27,34,48 27,28,58 38,66,102 24,20,29 16,20,24 34,57,84
11,11,19 12,10,18 14,14,22 54,21,21 20,20,30 14,17,24 13,18,24 22,29,41 41,64,102 15,16,21 22,31,42 26,18,24 29,24,26 57,38,26 44,44,52 13,12,15 17,17,25 37,42,66 43,28,36 45,25,16 47,25,17 50,28,8 39,23,6 27,13,13 12,11,14 11,11,19 51,49,71 61,46,68 35,62,92 25,22,26 16,20,24 29,53,82
15,14,19 13,11,19 10,10,18 36,22,22 16,19,28 12,16,20 14,14,26 11,16,22 39,51,73 11,15,19 27,31,44 38,16,19 28,18,22 39,28,25 33,36,45 17,14,18 29,22,22 51,52,73 58,29,23 78,38,15 70,39,16 73,39,5 64,31,6 44,23,10 22,15,25 37,36,51 32,18,31 42,31,38 31,55,86 32,23,19 18,19,22 27,49,79
13,11,19 12,10,18 26,12,12 41,22,24 11,14,21 16,19,26 19,22,33 30,43,69 60,91,136 13,16,23 26,28,42 12,12,12 23,18,20 50,34,17 86,61,44 27,16,11 44,27,19 63,58,74 80,44,22 116,53,22 91,59,17 109,61,43 94,65,61 64,38,24 41,22,8 51,42,66 60,45,55 46,24,29 39,65,98 38,29,25 34,43,68 15,23,30
13,11,19 12,11,16 41,13,13 45,17,17 13,16,23 29,39,59 12,20,25 26,36,56 67,99,139 17,14,18 17,17,27 10,11,14 27,19,25 64,42,22 89,63,40 45,24,11 63,37,16 77,56,43 101,62,30 131,73,20 143,80,47 133,81,19 166,119,126 90,54,48 57,31,6 58,51,54 42,30,42 49,32,24 37,63,98 43,59,97 19,25,44 16,16,26
13,11,19 12,11,16 55,17,19 48,20,20 18,18,26 18,18,26 19,24,30 19,24,34 59,83,128 18,14,23 17,18,23 14,12,13 38,24,24 90,58,26 90,57,32 64,34,8 89,51,14 117,85,82 137,81,16 158,91,23 204,108,21 255,178,32 181,107,30 129,78,43 94,62,48 77,50,43 48,43,61 69,19,27 35,49,72 33,42,65 33,37,50 42,43,46
13,12,17 13,11,19 26,10,8 25,19,26 18,18,26 17,17,25 19,27,36 40,47,61 50,75,101 20,18,16 20,20,32 10,12,12 63,24,21 94,55,25 110,70,36 89,46,1 127,69,14 153,90,21 184,118,36 255,216,107 246,171,37 255,252,101 195,148,116 139,113,130 119,64,19 89,58,39 53,49,62 76,30,32 42,41,58 46,53,76 18,25,37 18,18,28
13,11,19 12,10,18 54,21,21 15,23,32 22,22,32 22,22,30 21,24,35 31,30,47 49,71,101 16,17,22 16,16,24 23,13,14 67,28,16 90,50,16 129,79,37 114,62,2 158,90,18 196,120,26 255,235,80 255,182,39 255,168,14 255,189,41 163,98,38 155,126,150 139,147,193 95,93,105 47,40,40 30,26,35 28,26,22 28,27,18 22,25,13 19,26,21
12,11,16 12,10,18 36,22,27 16,19,26 15,20,28 20,20,28 26,31,41 45,55,75 31,44,63 19,16,22 19,16,20 24,12,14 76,27,16 105,61,31 129,79,35 132,67,3 255,182,30 255,148,33 255,140,4 255,157,5 255,222,49 255,176,7 155,95,54 134,74,35 120,63,44 141,112,136 104,116,151 52,49,53 34,33,36 41,40,31 32,31,22 28,26,27
13,11,19 12,10,18 17,17,27 20,20,30 21,21,29 18,21,28 25,29,44 43,66,102 16,25,38 21,14,17 15,16,19 37,16,14 85,32,18 109,63,22 121,70,31 138,64,12 244,110,0 255,167,20 255,135,17 255,150,3 255,190,41 222,118,10 145,84,23 119,64,12 82,61,50 64,53,62 111,129,183 92,109,142 29,29,41 22,22,30 49,54,64 56,64,52
12,12,12 13,12,17 21,21,29 20,20,28 20,20,28 20,20,30 19,24,32 33,57,86 20,15,12 16,15,18 13,14,19 26,15,10 80,33,24 99,56,23 116,69,37 121,64,35 174,90,12 255,178,36 255,249,74 255,240,79 223,126,24 173,90,25 125,70,29 88,73,81 73,44,11 74,75,96 57,66,91 114,134,191 66,79,109 25,23,24 20,23,34 61,73,97
12,11,14 12,10,18 11,14,21 17,16,19 20,25,35 26,36,54 17,22,30 33,42,55 71,107,161 29,39,59 12,15,24 28,14,14 29,22,25 71,40,17 85,54,35 111,42,9 125,63,7 155,81,27 170,85,7 169,85,9 151,82,17 127,69,16 97,53,27 71,45,24 68,30,11 86,88,113 68,61,71 108,124,176 58,73,105 35,25,24 35,37,51 57,70,89
27,37,57 54,81,120 14,14,24 13,13,21 15,15,23 35,48,74 14,19,25 13,16,23 41,18,19 66,63,78 61,70,95 52,54,79 33,20,17 71,45,31 100,66,46 98,67,57 88,40,13 111,61,30 117,59,4 118,69,31 110,61,23 81,45,27 104,46,24 53,33,13 46,29,21 62,56,63 96,60,70 93,72,91 79,59,71 55,53,65 60,64,79 79,95,122
12,19,42 54,85,128 18,21,28 20,18,26 20,20,28 16,24,40 19,22,40 35,21,23 37,18,22 57,18,17 43,25,20 46,43,49 62,55,58 89,82,85 101,99,121 87,56,35 89,49,13 101,57,19 109,70,42 92,51,22 87,43,17 88,69,71 85,78,90 38,32,9 71,80,105 52,32,44 77,51,70 110,113,151 68,38,37 72,42,43 71,67,87 71,83,105
10,15,23 45,70,110 36,19,25 15,19,23 15,15,23 13,18,24 48,86,128 44,73,102 28,28,38 28,48,76 24,22,18 17,14,20 44,70,116 48,75,116 24,30,58 53,80,110 100,70,28 120,81,40 144,100,62 133,92,63 137,98,84 103,80,77 96,81,103 63,44,60 59,26,28 38,10,10 63,50,69 82,71,96 54,47,57 54,57,68 39,26,21 43,46,57

13,12,17 20,18,19 26,22,12 43,28,17 51,37,19 58,43,21 74,51,22 65,57,35 71,63,69 77,50,14 77,56,29 80,55,11 81,54,18 79,55,20 66,52,25 63,46,11 55,44,25 48,43,42 39,26,19 32,21,18 22,17,14 23,15,21 16,14,22 12,15,24 12,15,22 11,11,19 12,20,27 21,15,20 31,55,86 16,19,26 13,21,28 37,51,72
17,18,21 19,19,14 28,24,16 60,35,18 61,44,18 70,48,14 89,62,28 91,66,36 93,85,104 89,64,20 96,67,36 97,68,15 96,70,20 91,64,21 91,64,28 78,55,15 71,51,19 58,51,49 49,35,17 35,22,15 30,19,14 25,15,19 16,10,15 14,14,22 14,17,24 12,15,22 12,20,25 19,15,24 40,64,95 15,20,26 12,20,27 28,46,70
23,21,17 28,22,13 39,30,15 70,44,21 80,58,20 97,70,27 117,85,41 116,86,44 114,97,73 116,84,29 118,85,33 122,86,26 124,88,28 120,86,27 111,82,47 100,71,20 89,66,24 79,65,49 68,44,7 43,33,23 38,24,6 32,21,14 21,14,12 14,12,13 11,16,22 17,17,25 18,26,33 29,15,20 29,39,59 11,14,21 14,17,24 33,57,86
32,23,15 41,31,19 57,44,21 84,60,25 98,76,29 120,91,42 138,99,42 142,107,53 151,119,85 147,108,39 157,111,41 160,116,38 164,115,34 157,110,29 145,106,47 128,93,28 115,83,28 103,76,44 93,59,27 69,50,25 58,34,10 44,27,3 32,20,8 25,14,11 15,13,21 15,15,23 25,32,46 31,27,40 43,71,105 24,21,27 16,20,24 32,55,82
43,32,13 60,41,14 77,58,21 105,75,31 125,94,41 147,111,51 167,125,62 179,130,63 192,143,78 197,148,58 227,171,59 248,176,59 255,214,85 235,178,68 186,135,41 172,120,31 153,108,35 131,95,44 114,80,37 97,63,18 80,51,20 63,38,8 50,29,6 32,19,12 22,11,18 14,10,19 34,30,50 68,51,71 35,62,92 25,23,24 16,20,24 29,53,82
59,42,16 79,57,21 103,76,31 130,97,45 163,123,57 189,144,69 242,189,92 255,214,113 255,255,119 255,255,114 255,255,108 255,255,113 255,245,72 255,254,67 255,216,58 255,209,84 201,143,45 168,123,50 144,98,30 130,79,22 103,67,18 80,50,8 67,38,7 46,26,6 29,18,11 27,26,31 49,37,49 43,32,39 29,56,86 32,23,19 22,21,24 27,49,79
72,53,14 100,75,29 128,94,33 164,123,55 200,153,64 255,255,137 255,255,174 255,255,133 255,255,101 255,244,70 255,249,70 255,236,57 255,247,64 255,255,59 255,255,67 255,255,99 255,238,69 255,169,40 187,121,35 168,103,25 128,80,26 105,65,13 87,48,18 74,54,36 42,26,9 30,25,52 61,46,56 48,26,31 39,65,98 39,28,25 34,43,68 15,23,30
90,65,17 115,87,29 156,113,39 205,153,64 255,243,91 255,255,107 255,255,107 255,245,67 255,243,62 255,255,76 255,230,49 255,244,63 255,255,109 255,255,82 255,234,41 255,209,44 255,255,77 255,191,33 254,178,51 197,126,37 156,107,67 124,81,46 100,68,24 81,51,25 59,33,10 64,45,52 39,26,36 52,30,24 37,63,96 43,30,27 33,21,26 30,53,80
101,75,21 136,97,28 178,125,41 242,186,68 255,255,113 255,255,79 255,236,57 255,241,50 255,255,54 255,234,38 255,203,32 255,218,39 255,226,33 255,219,38 255,255,75 255,216,53 255,255,75 255,214,54 255,209,40 255,172,48 214,119,40 159,96,20 164,105,59 136,87,90 81,64,56 74,53,51 51,49,57 65,25,20 38,61,95 56,36,16 45,32,29 32,40,60
115,81,22 154,104,30 221,159,51 255,255,99 255,255,117 255,255,56 255,205,40 255,191,34 255,205,24 255,230,38 255,219,37 255,245,36 255,167,28 255,187,30 255,196,40 255,255,98 255,255,93 255,226,43 255,255,79 255,213,39 255,143,22 213,122,16 152,86,11 126,77,41 102,64,43 75,54,43 55,46,61 71,31,26 34,58,89 49,33,18 33,62,91 25,27,41
121,82,21 164,111,27 255,227,87 255,224,50 255,255,103 255,246,50 255,193,33 255,183,32 255,184,17 255,192,27 255,255,162 255,255,87 255,200,62 255,166,33 255,189,36 255,199,35 255,255,75 255,254,59 255,255,69 255,193,39 255,191,31 255,213,70 196,114,22 134,79,27 101,68,57 79,43,12 68,55,76 78,32,34 43,63,91 56,36,16 45,34,29 37,47,65
124,85,26 168,113,30 248,164,35 255,231,38 255,255,77 255,243,49 255,207,33 255,195,33 255,200,32 255,194,32 255,255,48 255,232,68 255,219,60 255,146,20 253,136,16 255,172,36 255,183,33 255,160,16 255,159,27 255,183,36 255,173,23 255,240,60 194,109,13 133,75,22 112,64,39 124,91,112 64,48,73 55,81,118 43,62,93 49,34,14 35,31,42 29,41,63
128,88,24 174,117,30 255,221,75 255,255,61 255,235,44 255,231,43 255,255,55 255,255,69 255,239,39 255,229,55 255,255,103 255,218,40 255,181,30 255,138,9 249,131,18 255,163,30 255,169,26 255,138,11 255,140,20 255,171,35 255,170,19 255,158,21 171,91,23 123,68,16 93,51,9 68,40,13 69,34,35 42,43,64 30,48,76 51,38,17 36,29,27 27,45,71
124,85,26 172,115,30 255,210,76 255,241,62 255,207,30 255,197,30 255,241,52 255,229,51 255,223,40 255,205,32 255,221,36 255,183,27 255,149,12 255,126,11 255,132,15 255,149,20 255,180,27 255,142,9 255,127,8 255,136,13 255,151,21 255,131,20 149,85,23 118,70,27 85,42,9 67,37,20 51,47,71 46,25,25 25,48,73 59,34,17 33,21,21 24,32,48
123,82,21 167,109,27 255,181,35 255,255,97 255,219,35 255,225,48 255,191,30 255,200,34 255,221,53 255,211,38 255,251,81 255,168,17 255,160,15 246,119,14 255,139,14 255,138,6 255,137,11 255,214,48 255,139,5 255,138,12 255,132,15 255,161,35 142,81,20 111,63,20 82,42,6 72,34,17 46,41,57 53,84,119 23,41,65 39,37,35 30,25,27 27,31,44
151,97,36 220,151,97 246,168,48 255,234,90 255,233,53 255,231,32 255,182,25 255,154,20 255,175,19 255,187,19 255,143,14 255,153,4 255,134,8 255,128,22 218,101,6 255,130,6 255,134,0 255,200,40 255,144,10 255,161,17 255,173,29 207,122,28 141,75,18 98,54,26 112,82,97 60,29,21 46,24,27 28,20,26 49,38,23 41,27,29 21,24,31 29,35,54
130,78,18 210,146,102 195,117,35 255,234,102 255,195,35 255,211,32 255,162,12 255,164,14 255,165,13 255,145,8 255,128,12 255,147,11 255,126,5 255,115,8 253,112,0 255,130,12 255,150,14 255,185,35 255,139,5 255,221,47 241,131,18 159,93,43 130,84,66 108,87,85 94,80,95 75,53,47 62,41,16 54,35,12 44,28,22 42,26,22 46,21,22 72,40,10
112,68,17 187,131,84 172,106,24 244,165,48 255,194,36 255,198,35 255,184,28 255,190,33 255,177,19 255,163,10 255,147,13 255,158,10 255,141,0 255,147,0 255,157,8 255,118,0 255,158,20 255,133,16 255,204,36 207,113,16 184,105,43 133,91,67 119,94,95 106,93,114 78,90,125 80,94,133 84,95,133 77,87,121 68,86,124 49,67,95 107,73,32 115,70,26

16,14,22 17,15,23 12,11,14 25,32,46 30,40,60 38,50,72 37,55,83 17,13,22 16,14,22 16,13,17 27,34,48 45,42,57 128,61,13 38,27,22 50,31,17 64,37,19 85,41,15 117,64,23 132,70,28 47,33,17 103,53,20 21,18,22 38,31,31 122,64,38 77,48,28 42,30,18 26,24,34 15,13,21 12,11,16 12,11,16 29,38,51 36,27,42
16,14,22 16,14,22 10,10,10 18,19,24 31,44,61 37,50,76 32,52,76 17,22,30 10,9,12 14,6,12 22,27,37 47,44,59 130,63,15 11,9,10 20,13,13 47,30,31 60,41,27 82,53,22 78,45,20 41,28,23 81,44,18 33,16,19 47,31,27 75,38,23 57,41,26 58,32,20 18,18,26 15,13,21 16,13,19 14,17,26 37,45,65 118,63,7
45,43,51 17,17,25 18,17,22 10,9,12 29,37,53 33,50,72 34,56,86 39,61,93 17,15,23 17,15,25 16,13,19 43,45,59 83,44,14 52,33,17 68,42,19 82,43,15 89,47,25 91,47,19 90,46,20 82,50,34 65,43,25 44,21,18 68,37,18 107,56,21 41,20,16 53,29,5 20,19,24 15,14,17 13,12,17 29,33,48 28,22,17 70,42,13
43,44,49 44,47,56 20,18,26 24,22,30 26,29,40 33,41,57 37,56,87 34,56,88 22,22,34 20,20,30 34,32,40 37,38,59 73,44,24 96,60,31 97,51,25 91,50,23 104,62,40 105,54,30 94,50,20 99,62,22 49,26,23 67,37,22 119,59,16 98,40,3 97,45,13 31,24,27 17,13,22 15,13,21 38,38,50 31,46,60 103,57,18 11,6,5
36,35,40 39,39,47 20,20,30 22,20,30 11,11,11 32,35,53 35,49,72 35,51,80 23,23,33 20,25,35 27,11,7 33,43,59 78,58,49 121,61,20 88,50,29 91,46,25 87,50,26 103,58,25 61,34,18 122,60,22 71,35,17 97,48,8 164,86,17 151,81,21 144,73,20 53,29,21 36,20,16 28,18,22 33,39,56 51,21,4 15,10,12 10,10,10
25,13,18 32,33,38 42,42,50 21,21,31 11,10,15 19,22,33 29,37,53 37,51,74 42,56,79 31,27,38 47,34,42 28,33,43 41,32,17 87,36,1 104,63,36 88,51,27 67,46,46 118,74,44 124,66,40 151,73,22 98,47,8 147,83,14 255,222,61 204,115,14 110,60,18 77,38,8 56,30,18 45,26,28 40,54,75 78,36,12 12,12,9 63,37,25
18,18,28 9,8,13 31,31,39 27,27,35 22,30,37 11,12,15 36,49,68 38,54,79 37,59,89 26,29,40 50,38,43 21,21,29 98,69,65 87,57,40 129,66,44 90,49,33 97,56,36 99,53,35 139,84,55 150,81,41 115,60,4 203,110,17 255,221,27 255,182,30 140,76,7 99,49,5 72,37,12 64,45,47 133,73,19 30,9,9 87,49,32 52,31,18
21,21,33 21,24,35 22,21,26 39,38,43 28,24,33 12,11,16 20,27,41 35,50,68 37,54,85 21,34,51 41,32,43 31,31,39 68,58,59 112,69,50 87,53,35 91,54,41 129,68,50 119,73,55 124,66,44 154,92,63 108,55,0 255,147,24 255,179,12 203,91,0 119,61,6 92,46,20 64,46,43 67,53,70 75,37,18 17,10,8 180,32,5 71,45,35
24,28,43 22,27,37 22,25,36 25,25,25 27,26,31 23,20,24 15,14,19 43,51,69 42,58,83 38,61,84 53,40,48 15,10,12 37,47,65 89,58,50 97,62,47 109,73,55 122,78,52 112,67,46 122,76,50 126,81,76 75,38,14 156,87,56 155,87,47 106,57,19 81,41,16 53,30,19 43,41,61 102,53,13 19,9,10 110,67,52 115,63,33 63,41,33
25,29,42 21,25,38 26,28,42 9,9,17 18,17,20 13,10,14 25,23,31 33,39,56 40,54,75 47,67,95 42,34,42 37,26,33 28,32,47 113,72,70 113,77,69 81,52,46 115,68,47 102,64,54 111,68,51 28,10,5 51,35,29 131,73,38 148,96,75 73,38,13 51,27,19 36,25,32 108,54,20 17,11,6 40,18,21 91,66,63 91,63,54 66,48,45
24,28,43 23,30,44 25,32,44 27,30,48 10,10,10 15,14,17 30,30,40 23,15,23 28,40,62 36,52,77 38,49,76 15,18,29 36,39,59 71,55,68 105,73,70 94,64,67 101,71,56 32,36,49 48,25,10 21,18,22 40,35,34 47,30,31 102,68,66 49,27,21 36,24,26 33,41,59 55,29,19 12,7,9 21,24,35 48,46,56 64,51,61 59,46,54
26,28,44 40,27,35 20,27,39 22,28,45 25,29,44 24,30,47 24,30,47 23,38,52 33,43,63 34,53,84 42,63,98 35,52,74 35,43,59 71,54,60 76,58,55 85,56,52 74,62,62 59,56,60 70,57,76 18,26,33 32,38,55 46,38,55 35,21,23 31,19,21 20,17,21 85,71,84 94,66,57 53,41,55 40,39,44 34,37,55 43,44,63 58,49,62
25,33,42 41,26,34 26,32,51 32,38,57 27,34,48 32,38,57 31,41,61 27,39,63 29,17,19 30,45,63 34,52,80 33,39,56 41,44,55 56,47,60 76,60,75 60,51,73 35,37,51 116,78,59 38,56,82 35,47,69 99,70,66 91,59,54 22,21,26 17,18,23 36,42,63 105,72,76 110,78,75 84,59,56 89,66,65 59,55,75 34,47,66 35,44,67
29,35,52 26,33,47 30,38,56 25,34,45 33,39,56 31,43,65 31,47,76 31,44,63 35,43,61 33,43,61 40,59,92 41,62,97 33,37,52 47,42,60 37,38,57 35,43,59 33,36,54 48,46,66 38,47,70 29,42,59 84,61,62 98,70,70 24,22,30 14,14,24 77,49,47 81,53,42 69,44,43 73,57,70 70,58,74 68,56,72 51,39,44 33,53,79
26,33,47 32,34,48 23,22,37 27,24,28 29,28,33 32,34,50 36,53,84 39,52,78 35,44,67 39,19,10 36,48,70 41,60,91 27,33,50 30,38,54 33,40,54 35,39,54 38,34,47 33,47,68 32,48,73 35,48,76 76,59,65 24,22,30 33,36,47 43,49,68 83,55,53 83,55,55 67,49,48 54,44,62 72,59,69 45,43,65 31,21,20 59,39,49
36,46,64 37,43,60 33,39,58 25,23,31 25,24,27 26,24,34 23,23,33 31,38,52 38,50,72 31,55,84 26,29,49 41,60,91 50,59,84 39,55,82 30,39,62 35,43,63 26,31,55 38,44,72 36,44,62 41,40,55 51,49,61 34,26,32 15,15,25 58,51,65 61,56,74 50,41,56 60,45,53 45,36,47 43,31,33 36,39,57 117,34,17 39,18,18
30,39,62 36,43,66 31,35,48 39,50,77 32,40,58 31,39,48 32,38,55 39,44,68 34,46,68 32,40,58 31,28,43 39,51,73 44,60,85 33,53,81 40,59,90 39,62,96 31,38,61 35,47,69 32,40,58 37,43,60 41,25,23 20,17,23 32,44,68 49,47,67 52,59,84 44,52,68 45,57,81 32,23,19 34,36,50 34,32,33 24,16,22 19,17,25
30,27,33 28,30,44 24,33,44 22,25,36 32,50,78 35,51,78 33,46,65 34,48,71 30,38,58 33,37,52 47,21,25 37,39,55 39,59,87 45,68,102 42,67,107 37,54,85 40,53,81 33,49,76 28,42,65 31,41,59 28,17,24 21,23,37 44,62,98 31,43,65 31,45,66 38,52,73 30,37,60 36,42,61 36,45,68 15,14,19 18,16,24 23,21,19

73,51,43 43,19,13 10,8,16 11,10,15 11,11,11 16,10,17 38,48,66 44,62,88 41,59,85 17,10,10 23,11,16 39,48,61 120,58,18 30,10,3 61,30,9 100,49,21 97,48,10 106,52,14 105,49,13 210,111,33 60,36,28 61,29,15 102,47,16 95,50,29 37,21,19 31,21,25 32,18,23 39,45,66 38,25,20 23,17,22 138,75,26 20,9,4
57,40,41 119,68,40 19,17,25 18,16,24 20,19,24 15,9,14 24,28,41 31,41,57 46,60,83 83,43,18 25,11,13 35,48,67 121,56,19 89,43,13 116,62,28 107,56,21 120,58,16 123,62,17 128,60,15 190,92,17 78,37,17 82,40,16 117,59,22 116,60,22 47,23,15 38,20,19 44,32,34 47,53,81 61,39,21 50,34,28 119,64,19 11,9,7
23,17,22 46,35,32 31,19,21 22,20,28 34,26,32 23,13,17 44,50,67 41,53,75 32,50,78 97,51,33 22,22,22 43,45,61 59,28,9 128,77,42 105,51,15 131,67,23 144,78,28 166,82,20 161,77,15 181,89,9 109,52,8 115,59,10 157,81,16 132,67,30 68,31,18 61,28,17 68,46,54 82,41,25 62,39,28 159,82,31 10,8,9 67,40,22
17,17,25 31,28,32 130,72,37 21,21,29 29,22,32 48,29,31 22,14,20 31,39,55 39,57,83 74,71,86 71,51,42 32,35,53 106,53,26 157,81,21 142,73,35 144,73,29 158,81,21 188,98,22 208,104,0 255,196,8 147,73,3 187,90,10 255,154,9 132,65,17 100,49,14 91,39,9 87,57,58 94,37,8 94,30,15 106,57,21 18,9,5 102,55,23
21,21,31 9,10,15 65,41,33 53,25,14 34,26,32 25,22,37 30,29,34 45,51,70 47,62,96 43,61,89 123,72,44 30,28,40 134,77,48 133,73,34 188,103,50 168,87,24 192,102,10 246,120,0 255,127,0 255,161,9 170,83,0 232,124,1 255,161,12 152,69,4 117,48,8 113,60,35 245,116,0 249,119,17 151,74,16 59,21,11 51,24,8 68,39,17
20,20,30 25,23,33 27,22,21 147,76,32 47,33,38 79,51,38 85,52,41 24,16,24 33,45,67 36,54,78 98,54,28 25,13,15 96,61,62 145,73,36 157,76,24 255,129,8 255,168,10 255,133,0 255,149,0 255,143,0 161,73,0 245,111,0 255,132,0 131,61,0 114,49,12 114,62,41 255,175,21 255,170,11 146,72,20 62,24,7 111,64,41 62,36,24
21,25,38 23,26,35 11,10,13 55,36,24 44,34,24 134,99,100 73,65,73 31,17,17 29,37,55 34,47,73 92,49,30 24,14,13 65,58,72 129,70,40 150,79,35 190,100,24 205,111,23 198,93,20 217,105,23 181,87,33 120,56,12 168,93,48 153,84,44 99,40,12 82,34,20 85,63,68 149,74,45 170,83,40 77,36,16 105,64,48 140,34,9 81,49,33
22,29,41 21,26,36 21,24,35 17,15,16 100,50,17 22,11,6 84,59,60 60,32,23 19,23,38 29,41,65 76,55,51 32,19,14 38,42,55 124,71,48 143,85,61 136,67,34 169,94,47 162,84,33 148,70,26 106,50,1 84,42,18 131,65,31 83,42,22 74,42,39 54,43,50 112,74,68 142,78,32 141,63,12 43,14,8 99,61,53 114,75,61 77,45,31
22,26,41 26,30,45 25,29,44 12,10,11 48,32,19 24,14,15 66,39,23 85,49,39 32,20,20 34,48,71 44,61,92 20,23,30 46,49,71 103,70,72 129,81,65 123,71,52 129,73,51 86,50,42 84,39,18 77,34,15 59,39,32 59,31,20 57,28,22 43,23,16 41,40,57 101,63,65 84,51,44 72,34,13 20,13,13 33,55,85 72,58,71 82,61,59
26,32,49 28,32,47 26,30,45 33,37,52 69,52,53 66,43,40 95,64,54 84,57,39 39,18,14 32,38,55 35,54,85 31,37,58 62,49,59 119,67,46 115,68,57 116,68,52 118,72,58 124,76,49 71,52,70 35,25,29 39,35,55 43,34,45 36,22,22 20,17,23 106,66,57 117,82,83 35,24,31 94,62,57 137,78,30 38,41,61 37,46,59 33,41,59
38,34,45 32,31,46 42,35,47 49,38,45 56,42,42 65,46,48 81,56,55 37,39,55 29,33,46 29,27,35 36,54,80 69,56,64 106,69,56 101,64,49 125,81,69 97,64,55 108,73,60 51,35,33 109,74,79 39,47,67 38,54,79 57,44,54 20,19,24 22,25,43 88,54,52 98,61,60 111,74,71 107,70,67 98,65,65 96,64,61 102,77,78 43,35,41
25,28,46 33,35,51 39,35,46 62,47,57 59,54,72 39,45,64 39,50,77 48,49,70 35,48,65 42,19,16 37,51,74 57,64,87 101,66,51 84,48,38 87,51,41 52,43,56 97,61,32 58,55,59 113,70,55 98,61,60 32,47,65 33,23,24 17,16,21 41,50,75 121,78,61 92,56,46 100,63,60 111,71,66 98,68,69 77,54,55 57,39,50 36,55,76
29,35,52 26,32,49 27,24,28 25,24,29 26,23,29 30,38,56 40,47,72 34,46,68 73,56,62 51,30,30 45,54,79 41,63,93 89,57,52 83,52,42 44,37,51 91,58,51 25,28,37 100,69,61 104,63,61 117,76,60 34,45,72 29,16,24 36,46,66 75,67,84 88,61,54 111,68,49 99,61,44 100,64,54 70,52,49 96,64,61 88,62,79 140,65,34
35,43,61 36,39,59 40,49,72 33,37,52 24,23,28 28,32,47 47,38,51 71,56,64 73,54,56 77,63,68 36,44,60 38,51,77 103,79,83 86,79,93 55,46,57 55,40,60 27,30,48 77,49,47 74,49,48 32,31,46 41,36,52 22,16,21 24,34,54 30,36,55 80,59,57 84,59,56 82,51,41 81,51,36 75,44,23 59,43,30 118,55,20 54,34,25
29,33,46 25,31,48 20,20,30 37,43,62 32,40,58 38,42,57 63,52,61 68,55,65 71,54,57 59,42,45 37,35,43 41,50,75 114,85,92 74,60,73 98,71,85 37,60,94 29,34,58 90,62,60 69,46,45 33,39,56 55,38,30 20,14,21 39,56,87 37,53,78 66,53,63 95,69,73 80,57,58 85,48,33 31,19,24 83,43,20 68,46,26 13,17,21
22,16,21 25,30,40 21,26,36 33,49,74 38,51,81 43,49,70 52,57,81 53,61,81 41,44,62 72,54,51 45,38,41 37,47,67 63,71,101 29,41,63 94,72,80 36,52,79 35,44,67 91,67,71 69,55,68 26,40,63 26,15,24 37,43,60 39,66,96 31,40,63 35,48,74 74,60,73 77,58,65 80,60,70 52,48,61 47,48,67 17,18,23 20,20,28
11,8,14 16,15,18 21,24,33 36,54,80 32,46,67 36,43,66 37,53,78 43,51,71 43,46,64 19,17,27 39,56,76 22,32,50 39,57,85 59,54,72 74,59,79 42,51,74 79,65,93 83,66,72 69,51,62 36,55,86 35,48,67 30,40,60 19,32,47 30,47,67 34,56,86 35,48,67 51,47,67 69,55,70 64,55,70 51,46,62 43,50,75 33,46,65
39,39,47 33,35,51 30,37,51 29,39,57 33,40,54 42,45,65 37,44,58 37,43,60 32,50,76 33,43,63 31,48,70 34,54,80 52,60,88 54,51,66 58,54,76 54,45,67 71,72,95 75,66,81 63,59,72 44,61,83 41,60,91 33,55,85 41,59,85 34,52,76 33,54,89 41,58,91 49,58,81 56,57,78 48,51,69 42,43,64 41,42,63 33,39,58

11,10,13 70,47,36 47,26,24 20,16,25 33,26,29 92,51,24 46,23,20 27,21,28 32,48,73 45,61,88 42,10,5 51,46,64 144,68,12 137,62,13 155,71,9 172,82,8 178,83,2 198,94,3 204,92,0 187,90,0 135,60,0 135,66,12 123,48,1 81,35,19 66,28,18 61,48,56 64,21,15 59,29,12 48,26,18 153,80,19 12,10,11 17,17,17
16,16,24 30,24,31 157,85,35 38,26,31 54,34,25 38,22,16 182,108,56 32,31,36 36,46,66 47,68,103 53,25,14 63,44,46 119,52,4 175,85,18 208,98,4 238,141,21 242,137,22 255,210,25 255,184,15 255,179,6 169,73,0 198,91,3 218,117,22 108,46,17 84,42,29 81,60,75 127,61,31 92,45,22 63,35,24 73,33,8 11,11,11 62,41,28
20,20,28 20,17,21 108,60,33 25,20,22 24,24,34 39,29,28 142,76,26 38,17,13 33,39,56 50,66,91 133,75,38 87,49,41 150,73,13 198,97,16 255,127,0 255,149,0 255,147,0 255,157,0 255,148,0 255,180,4 176,77,0 255,122,6 175,74,0 120,51,15 104,49,38 165,79,45 115,49,1 107,41,7 148,76,10 45,17,4 41,21,14 79,42,18
28,22,29 34,27,30 32,22,21 200,109,38 85,42,36 100,72,61 114,61,36 36,20,14 36,33,48 56,56,82 146,79,29 103,53,20 192,95,26 246,140,21 255,143,0 255,120,0 255,116,0 255,180,6 255,171,4 255,116,0 163,66,0 255,106,0 142,60,6 118,46,7 117,58,39 255,130,0 251,97,0 255,148,0 158,81,23 61,23,6 75,41,21 54,31,16
35,28,31 48,32,28 29,24,23 107,63,25 77,53,45 152,98,89 89,60,40 87,51,29 36,17,19 62,53,75 119,75,65 104,52,22 176,98,29 255,171,14 255,153,16 207,91,4 238,100,0 222,110,2 226,105,11 194,75,0 129,52,15 159,77,32 108,49,21 94,39,10 99,53,53 212,86,6 155,66,14 167,78,29 74,28,2 54,21,10 94,56,35 78,46,30
41,49,58 26,24,34 13,13,21 41,28,23 53,32,28 119,83,73 149,109,100 92,52,29 51,21,20 41,38,55 67,63,83 83,37,7 98,60,52 160,85,38 158,81,25 178,91,30 182,94,33 183,88,27 160,74,26 123,49,0 93,41,20 130,66,38 78,35,18 70,46,52 88,57,63 131,73,49 131,74,57 182,95,29 48,15,8 81,48,37 81,50,38 65,42,29
42,46,59 28,31,42 29,33,46 24,17,17 105,50,19 112,70,48 82,47,32 103,62,44 49,22,17 37,44,58 47,60,86 51,34,37 62,46,71 87,40,29 133,70,50 144,74,48 141,80,48 116,58,32 94,41,14 89,34,5 64,40,34 63,28,15 44,21,18 45,34,43 99,64,65 101,65,59 95,54,36 105,49,13 28,12,10 24,27,45 45,48,68 73,50,51
42,47,55 47,50,59 27,31,46 45,37,43 75,51,45 77,54,43 106,63,44 120,74,58 116,71,50 29,31,45 41,60,93 36,39,57 78,57,57 126,74,55 131,75,53 130,74,52 89,55,62 122,65,34 104,70,68 49,30,37 40,37,52 57,31,21 30,20,24 33,41,57 116,77,74 98,64,62 131,82,42 95,61,57 53,46,60 38,46,64 34,38,51 39,46,60
44,60,85 45,49,62 63,53,57 71,47,41 73,44,40 95,58,45 109,70,56 64,46,45 35,39,54 37,45,61 39,56,78 84,60,54 95,57,40 89,54,41 121,78,63 117,75,64 118,75,58 50,34,47 125,76,56 45,44,61 112,69,65 48,27,25 31,38,52 46,61,104 66,45,41 120,81,78 102,70,67 108,72,66 88,61,56 86,65,63 78,59,66 44,32,46
46,62,89 44,51,63 46,48,62 27,26,29 65,72,97 70,54,69 31,39,59 30,39,62 37,46,69 21,15,20 29,42,61 62,61,78 101,64,49 91,56,41 70,38,22 69,48,46 90,64,68 107,69,59 125,77,61 88,54,50 104,61,55 38,24,24 17,17,27 34,44,64 36,42,61 121,75,57 108,75,68 80,51,47 91,54,51 90,71,78 77,60,66 25,30,38
46,58,80 46,59,76 46,49,58 43,41,49 27,26,31 29,33,46 33,40,52 38,47,72 80,63,66 58,36,39 31,40,63 51,73,103 118,78,69 87,59,48 87,59,48 79,50,46 36,39,50 46,46,54 108,66,53 55,38,30 75,51,60 31,24,27 35,45,63 35,48,67 35,51,78 31,40,63 77,46,34 88,56,42 77,51,41 49,42,56 34,32,44 25,25,35
37,57,83 38,55,75 48,57,80 43,48,56 29,35,52 29,35,54 36,38,54 85,58,53 81,54,49 97,72,69 25,29,44 40,54,77 16,23,37 76,57,71 97,63,59 101,66,53 92,61,67 112,72,74 101,62,50 36,39,57 67,35,19 26,21,23 36,42,61 39,51,73 37,46,69 32,52,80 33,47,70 68,59,74 96,55,26 26,29,40 22,25,32 21,21,29
35,58,85 40,60,86 49,73,118 47,61,84 46,50,63 45,54,77 59,44,52 64,47,50 66,48,47 78,46,32 14,17,26 40,56,83 86,73,92 61,62,85 73,59,83 80,64,77 84,66,77 73,57,70 66,47,51 31,39,57 41,24,16 28,28,38 32,49,71 51,44,58 31,43,67 34,44,64 35,52,74 31,39,59 43,46,68 26,31,39 24,24,32 18,18,26
35,55,83 34,56,86 49,77,129 37,56,87 45,50,60 55,57,82 46,49,67 48,51,73 47,57,77 33,43,61 35,34,51 34,48,71 42,55,81 70,62,81 76,55,55 83,58,59 100,74,78 81,58,69 85,66,70 39,56,89 33,41,59 27,37,53 35,51,76 24,31,54 34,46,68 29,38,61 32,54,84 32,54,86 32,40,56 24,24,34 21,21,29 18,18,26
36,52,77 42,59,90 39,58,89 40,63,88 46,60,81 43,47,60 48,46,66 32,49,80 28,38,56 38,48,68 35,49,72 33,50,72 64,62,84 67,55,67 88,72,85 70,54,69 67,52,72 73,68,86 84,66,77 75,62,81 35,48,78 33,52,83 29,39,57 35,49,72 60,56,69 39,62,98 35,57,89 36,54,82 24,29,35 21,21,29 20,20,28 18,18,26
34,44,62 37,53,80 36,55,86 35,54,85 50,68,104 42,50,66 35,45,65 28,41,60 37,46,69 34,44,62 90,39,42 124,45,38 115,39,28 97,47,53 102,52,62 86,39,46 58,50,69 51,42,64 105,36,39 79,65,82 60,54,75 35,51,78 40,61,96 35,51,76 38,54,79 44,54,74 35,45,65 27,31,44 24,24,32 21,22,27 23,23,31 20,20,28
32,36,51 33,45,67 37,53,78 41,67,104 42,63,98 34,56,88 45,50,60 45,28,34 48,31,37 35,34,49 32,45,64 38,36,56 49,50,71 44,40,60 44,42,52 38,50,72 31,34,52 38,36,58 59,53,76 67,62,80 61,35,44 52,43,58 34,52,80 38,52,75 35,52,74 52,65,95 29,34,40 23,26,35 22,22,32 23,21,29 18,18,26 28,28,38
25,28,39 37,43,60 38,47,70 36,45,68 34,57,84 39,58,89 41,46,56 38,45,68 33,45,69 27,31,44 37,35,36 35,31,40 32,32,44 31,34,52 31,40,53 33,40,54 25,37,59 26,29,47 45,51,70 53,54,73 42,45,65 57,63,91 81,35,35 43,60,93 37,53,80 44,52,72 22,22,32 21,21,31 22,22,30 17,17,25 18,18,26 17,17,25

39,59,87 43,60,91 39,55,80 43,47,60 20,12,18 53,33,24 78,34,8 64,32,18 56,35,22 76,61,83 111,67,41 131,77,41 227,141,6 252,172,0 255,159,0 255,154,0 255,149,0 255,218,8 255,186,0 255,191,0 164,70,0 255,125,0 120,52,16 99,45,9 108,59,60 170,83,24 64,25,22 46,19,14 145,76,20 16,15,18 23,23,31 18,18,26
35,58,85 40,62,94 39,58,91 45,55,71 51,34,26 21,7,7 182,86,14 100,50,19 80,39,19 79,55,59 108,73,74 137,77,27 248,165,0 255,152,0 255,170,3 255,190,5 255,220,0 255,231,23 255,142,0 255,140,0 168,72,0 255,162,12 120,51,15 116,54,43 248,131,13 143,63,0 88,36,15 66,28,20 142,75,23 34,31,37 21,21,29 20,20,28
32,45,64 39,61,93 41,59,95 42,52,72 20,20,30 37,21,17 151,85,37 127,70,10 100,49,10 84,56,54 105,73,70 137,65,15 255,185,13 255,172,1 255,154,0 255,132,0 255,143,0 255,118,0 255,112,0 219,85,0 152,68,8 249,103,0 118,46,9 123,52,33 255,107,0 176,65,0 126,47,0 87,31,5 80,42,21 26,22,31 34,34,42 32,32,40
33,41,57 38,48,66 37,57,85 43,67,96 51,47,60 124,67,38 103,55,12 255,208,49 122,64,0 91,62,58 100,70,71 127,57,8 193,78,0 255,197,46 230,100,0 255,117,0 249,122,0 235,103,0 255,99,0 177,73,0 128,54,16 138,54,8 103,35,13 116,57,52 255,140,0 212,76,0 122,46,6 167,81,31 50,22,20 27,21,28 21,21,29 20,20,28
38,45,68 35,43,63 34,56,88 37,59,91 38,51,66 72,49,46 131,83,58 123,68,23 87,42,19 62,39,38 74,53,70 119,57,17 126,70,48 191,91,28 184,89,28 190,91,25 185,87,25 177,79,15 183,94,40 133,58,11 89,42,21 90,42,13 74,46,46 75,51,60 141,69,48 123,52,31 138,79,49 151,76,29 35,31,40 23,21,29 20,20,28 21,21,29
22,27,37 32,40,56 32,48,77 41,63,95 42,53,80 115,57,24 105,62,45 108,64,36 92,45,22 52,40,45 57,59,84 78,42,34 84,58,64 138,73,34 160,83,48 161,81,40 137,70,43 123,56,29 93,43,12 82,34,9 63,35,24 77,37,14 52,24,26 55,49,74 99,54,47 102,62,55 66,27,13 103,54,18 23,23,31 22,22,30 20,20,28 17,17,25
23,23,33 34,41,55 34,54,82 36,54,80 39,57,85 45,42,59 99,57,35 105,60,39 123,75,57 42,42,54 35,43,61 53,40,59 134,74,49 127,64,33 125,74,50 159,88,67 99,59,54 100,60,64 145,85,71 52,39,36 118,73,52 64,38,17 26,20,27 41,42,61 101,69,66 118,78,80 84,55,51 65,54,61 23,23,31 21,21,29 18,18,26 18,18,26
19,17,25 32,31,46 39,47,67 35,53,79 37,54,85 40,43,52 88,57,47 50,38,54 53,46,60 11,16,26 37,53,80 104,61,57 111,64,41 142,79,48 132,79,54 104,63,45 106,63,59 93,65,63 134,78,56 100,64,58 125,82,74 55,31,23 27,30,48 37,45,61 35,42,65 76,49,42 97,69,67 30,30,40 18,18,26 21,21,29 18,18,26 17,18,23
16,16,24 25,25,33 31,39,57 37,56,87 41,62,97 38,56,84 30,38,54 33,39,56 44,54,72 26,19,22 37,47,65 78,76,96 124,78,50 86,55,43 78,45,38 119,66,41 109,64,57 113,75,67 115,67,40 71,48,37 88,58,61 39,26,23 32,40,58 40,41,60 32,48,77 25,37,59 32,34,50 25,28,37 18,18,26 20,20,28 18,18,26 16,17,22
20,18,28 17,17,25 31,40,51 35,51,78 39,62,96 40,62,94 44,46,62 39,40,59 84,57,50 95,60,61 40,52,74 41,63,95 44,52,80 75,67,75 122,84,76 107,70,57 112,71,55 117,69,51 114,66,50 32,38,55 87,52,27 24,17,20 42,52,72 93,63,62 39,42,60 36,53,86 26,29,38 27,27,35 18,18,26 20,20,28 20,20,30 26,29,40
21,26,34 13,16,23 28,32,47 38,48,68 37,54,85 35,51,76 43,49,66 54,43,50 76,54,57 57,31,35 32,36,51 37,51,74 77,71,96 21,22,43 80,67,86 71,59,75 33,36,45 63,62,93 49,44,60 36,39,61 50,31,15 44,36,53 43,66,104 50,46,66 50,38,50 45,44,59 20,23,32 23,21,29 21,21,29 25,25,33 26,29,40 22,21,36
20,23,30 26,33,45 30,37,51 39,58,89 35,54,85 47,70,108 42,55,81 40,48,57 10,9,12 34,52,78 37,53,78 37,55,81 86,75,100 73,55,64 72,54,53 83,57,61 84,69,77 79,70,81 67,53,68 65,61,83 38,46,66 21,32,43 29,42,61 38,47,72 58,50,69 48,47,64 22,22,30 18,18,26 18,18,26 20,25,33 32,55,82 35,43,61
27,33,50 30,37,51 20,23,34 28,37,60 36,52,81 35,58,85 32,39,53 34,49,67 35,45,63 31,47,72 37,53,80 38,59,96 52,48,61 56,51,67 59,50,65 78,66,80 74,59,79 36,43,66 59,49,69 73,62,85 43,51,71 50,59,84 45,51,81 28,42,65 35,50,66 31,34,52 18,18,26 18,18,26 18,18,26 30,33,44 27,41,64 34,46,70
36,34,56 39,36,63 37,36,51 26,33,45 35,53,79 51,73,114 39,63,94 39,54,70 42,36,59 41,47,64 34,40,59 51,49,71 50,53,73 44,42,64 46,53,78 47,52,76 47,39,56 31,37,58 59,55,77 59,50,61 65,39,48 43,51,71 31,48,70 20,30,48 36,51,83 22,30,39 18,18,26 20,20,28 18,18,26 37,45,65 34,58,89 36,56,84
32,40,56 32,44,66 27,33,50 50,22,20 43,69,104 54,80,124 46,72,109 41,65,96 37,45,65 28,37,50 51,44,44 33,40,54 41,38,53 27,27,37 40,43,61 33,43,61 23,32,55 30,38,54 40,46,67 49,50,69 44,50,67 54,61,86 90,48,53 37,60,96 40,52,74 25,23,33 41,41,49 19,22,31 26,29,38 34,48,71 37,65,101 38,54,81
32,44,66 34,44,62 31,39,57 31,35,48 69,40,50 45,61,88 38,64,99 46,71,111 45,51,68 30,38,56 34,30,39 29,35,52 34,38,53 31,37,54 35,38,56 32,40,60 24,30,47 24,30,47 37,43,60 21,23,37 38,43,67 45,61,90 31,45,68 37,55,81 123,39,31 21,21,29 18,18,26 30,32,46 36,48,70 41,62,99 42,60,96 65,41,57
30,36,55 31,38,52 31,35,48 33,41,57 89,27,18 48,44,64 40,64,95 48,77,122 43,51,71 31,37,54 33,42,65 33,46,65 33,41,59 34,40,59 36,46,66 33,41,59 23,29,48 26,32,51 33,41,57 35,43,63 25,23,24 32,40,60 33,40,54 37,45,61 19,22,33 20,20,28 20,20,28 20,18,26 35,38,56 36,47,76 35,52,83 40,52,74
32,35,53 33,36,56 33,42,67 31,43,67 43,42,59 66,36,35 37,57,83 48,75,114 46,68,100 30,38,54 30,38,54 31,40,63 32,40,58 25,31,48 35,44,67 31,37,54 31,39,57 28,38,56 33,41,57 29,39,59 32,44,68 32,38,55 33,41,57 37,45,65 18,21,30 20,20,28 17,17,25 21,22,27 36,52,79 31,41,61 45,43,55 53,45,64

16,16,24 17,17,25 28,28,36 39,51,73 40,63,99 31,54,81 170,90,22 73,44,24 68,29,17 72,48,52 90,68,71 132,75,44 255,178,31 249,190,23 255,144,0 255,151,0 255,159,0 233,127,0 216,113,0 166,72,4 109,45,17 94,42,12 72,34,24 79,50,57 181,97,37 61,18,10 36,29,39 19,18,21 21,21,29 16,16,24 28,32,45 42,50,66
14,14,22 15,15,23 22,22,30 34,43,66 42,60,88 45,62,95 122,63,33 77,41,19 82,36,10 81,48,48 102,69,71 143,75,16 255,156,0 255,154,0 255,172,0 255,201,9 255,194,8 255,146,0 255,164,0 182,76,0 125,54,28 108,41,14 91,41,26 172,95,21 161,89,23 68,27,7 45,26,28 28,22,29 20,20,28 18,18,26 33,40,54 15,13,21
16,14,22 19,17,25 20,23,32 36,44,62 43,60,93 45,58,86 105,53,34 106,55,18 108,52,14 87,51,33 105,51,15 148,73,5 255,189,0 255,198,5 255,139,0 255,149,0 255,114,0 255,105,0 228,87,0 161,70,1 136,52,17 111,41,10 100,41,22 255,117,0 255,115,0 98,37,5 59,29,28 36,24,26 20,18,26 22,23,28 25,27,41 16,15,20
16,14,22 22,20,28 31,31,41 40,46,63 47,56,79 61,53,72 104,67,66 255,130,0 236,145,26 97,50,16 105,71,69 135,62,5 194,80,0 255,172,0 255,164,0 255,146,0 255,177,16 255,123,2 174,72,0 143,61,7 111,41,15 89,34,5 90,44,44 201,67,0 255,111,0 123,39,4 66,24,27 43,24,28 31,31,39 32,38,55 14,14,22 16,14,22
33,22,29 40,30,34 20,18,26 34,44,64 41,51,71 64,72,100 94,65,72 158,72,0 183,75,10 85,39,21 85,45,40 130,55,10 158,72,24 239,101,0 198,87,11 197,87,6 207,98,12 156,55,0 175,73,10 123,51,14 122,59,37 68,29,17 70,40,53 115,45,35 161,59,0 87,33,13 51,26,27 35,21,21 20,23,30 35,55,81 34,27,37 19,15,26
42,33,44 50,43,57 16,14,24 20,28,37 37,51,72 48,54,75 63,44,58 124,63,29 140,82,49 63,25,17 56,47,69 88,45,37 102,62,66 181,98,47 189,97,46 167,78,29 155,75,39 109,43,9 133,63,14 87,40,19 65,39,29 48,24,18 51,47,60 90,52,35 131,80,70 56,28,26 38,21,24 20,19,24 25,30,40 41,60,91 39,37,47 34,27,39
25,21,32 30,28,40 45,36,47 27,25,33 36,52,77 50,76,113 47,50,72 74,50,59 126,73,46 43,15,17 48,51,69 54,41,62 144,75,44 137,68,39 153,86,61 132,68,42 112,59,45 130,80,74 130,82,66 56,48,67 84,53,34 22,17,19 36,56,84 60,55,73 79,54,53 36,22,27 22,20,30 17,17,25 33,35,49 40,55,87 29,25,45 31,15,9
44,33,40 29,23,28 25,22,28 49,24,23 46,67,104 49,78,121 45,67,97 46,49,69 43,53,71 65,25,27 37,45,61 71,62,84 90,47,28 103,55,37 73,24,4 75,51,57 116,75,73 118,76,65 147,80,37 89,61,48 74,38,16 16,17,22 46,49,67 41,39,59 32,40,60 19,17,25 18,18,26 18,18,26 33,43,63 40,45,69 29,18,41 53,29,35
40,32,40 48,75,116 20,20,28 74,23,13 58,44,59 40,64,95 39,62,100 42,55,83 32,38,59 77,52,49 34,44,64 44,65,102 30,33,44 110,70,61 105,64,48 88,56,42 111,68,62 117,69,55 103,64,50 45,43,55 68,39,17 12,17,25 57,58,77 66,49,52 41,47,64 39,39,49 34,34,42 29,29,39 36,46,66 10,10,18 16,13,17 17,19,19
28,29,34 30,29,44 32,38,55 32,40,60 85,28,29 56,57,76 44,62,90 49,74,116 11,10,15 25,38,57 42,51,76 36,55,76 37,51,74 58,66,86 77,60,80 75,67,86 51,52,71 75,64,87 69,60,75 40,48,64 47,32,23 31,40,51 34,56,88 34,41,55 47,42,58 17,17,25 16,19,26 34,38,53 37,53,78 29,35,52 23,21,31 28,21,31
29,35,52 33,39,58 31,38,50 30,36,55 85,26,19 47,45,57 46,69,105 49,74,114 21,13,19 36,45,68 37,43,64 31,45,68 58,54,76 64,54,72 77,67,85 64,60,82 58,54,74 57,54,71 66,62,84 65,66,89 38,50,72 34,47,75 41,37,57 31,49,66 23,26,33 18,18,26 15,15,23 24,22,30 38,52,75 33,42,67 36,46,64 32,44,68
31,34,52 24,30,47 32,35,53 34,38,53 107,30,15 68,34,43 44,65,100 48,74,109 33,46,63 69,36,36 56,37,51 65,60,78 66,49,52 93,45,57 67,52,60 30,29,46 45,44,59 40,43,52 65,24,22 105,43,41 51,49,57 37,47,67 33,49,78 33,37,52 20,20,28 18,18,26 17,17,25 27,30,41 30,47,69 37,54,87 35,53,79 34,56,88
34,44,62 34,43,66 31,34,54 27,39,61 97,26,23 79,39,41 41,59,85 50,77,118 36,44,62 32,36,51 35,37,51 32,41,54 39,38,55 33,25,31 37,36,53 26,29,38 41,44,66 45,48,66 45,51,70 48,51,71 36,44,64 52,43,58 39,50,81 37,56,87 18,18,26 34,34,42 18,18,26 31,37,54 23,43,71 35,52,83 39,61,93 35,52,85
33,43,63 26,33,47 29,35,54 29,35,52 46,43,58 79,31,27 43,62,93 41,64,102 46,62,87 31,39,55 31,38,61 26,34,50 33,39,56 33,37,52 33,39,56 36,44,64 25,31,48 28,36,54 29,35,52 13,15,29 28,31,42 40,56,85 34,46,70 33,45,69 21,17,28 21,21,29 16,19,26 39,51,75 32,48,75 39,60,97 34,52,80 91,29,29
30,36,53 31,37,54 33,45,69 33,43,63 30,39,62 66,39,32 57,53,75 40,61,96 36,55,88 29,35,52 33,39,56 32,40,56 38,46,64 38,46,62 35,45,65 26,28,42 26,34,52 27,30,52 32,38,55 31,43,67 30,36,55 22,25,36 32,39,51 34,44,60 20,20,28 18,18,26 21,25,38 40,54,77 54,44,64 37,58,93 40,63,99 37,55,79
29,39,57 31,39,57 32,44,66 28,42,63 30,38,56 96,29,31 79,41,43 41,62,97 52,74,115 29,36,50 30,38,58 26,32,49 35,43,59 32,44,66 34,43,68 24,27,45 23,30,44 32,40,56 36,42,61 25,37,59 30,38,56 24,31,45 35,43,61 28,31,38 20,20,28 18,18,26 26,28,42 35,48,74 37,52,70 36,49,68 36,42,61 34,47,75
31,39,59 30,38,54 27,33,52 33,42,65 31,38,52 30,37,60 71,31,33 40,49,74 50,75,115 36,46,66 33,40,52 32,40,60 34,36,52 28,38,58 31,41,61 33,40,63 32,38,57 27,33,52 29,39,55 29,41,63 34,46,70 33,43,63 15,16,19 29,29,37 21,21,29 16,16,24 31,38,52 32,45,64 30,40,58 33,42,65 31,39,55 34,47,64
182,32,1 26,44,61 31,39,57 29,39,59 22,24,40 38,35,52 94,27,16 45,43,63 52,75,111 36,62,95 38,64,99 36,42,59 35,47,71 32,36,51 33,42,55 31,37,54 27,40,57 28,36,54 32,40,60 26,32,49 30,38,56 33,39,60 18,18,26 24,24,32 19,22,29 28,31,38 28,44,69 45,66,101 16,19,28 37,47,67 33,46,72 31,49,75

19,17,25 19,17,25 15,13,21 17,16,21 24,31,45 35,43,61 46,69,103 41,56,72 44,29,20 48,24,18 57,64,87 80,42,25 149,71,18 153,77,14 158,71,10 149,70,8 133,56,19 102,45,16 125,60,23 54,31,18 63,35,24 21,15,20 44,60,85 20,18,30 21,22,27 20,20,28 17,17,25 31,47,72 18,18,26 18,18,26 17,15,23 74,19,17
19,17,25 19,17,25 18,16,24 25,24,29 21,26,36 38,51,70 34,40,59 38,48,66 48,33,24 54,20,16 67,61,82 96,48,21 233,184,64 250,162,37 249,165,34 255,100,0 152,71,8 130,57,14 134,65,25 72,33,19 66,35,16 29,18,27 45,53,62 30,19,28 25,24,29 20,20,28 22,22,30 35,53,81 18,18,26 19,17,25 17,15,23 28,17,26
19,17,25 19,17,25 20,18,26 20,19,24 23,16,26 45,61,86 44,64,92 41,38,53 53,34,22 60,33,26 82,46,40 121,49,12 255,106,0 255,163,0 255,140,0 255,143,0 221,89,0 161,60,4 203,70,0 87,34,7 64,35,29 55,41,46 104,69,4 53,29,21 21,18,24 17,17,25 21,21,29 38,55,88 20,18,26 19,17,25 17,15,23 26,20,25
19,17,25 18,16,24 20,18,26 11,12,17 59,25,23 38,54,79 48,77,122 44,63,96 54,29,26 61,28,19 83,56,82 129,54,7 242,77,0 255,117,0 255,143,0 255,104,0 213,90,0 190,67,0 175,59,0 80,33,10 75,38,25 41,23,22 118,36,11 170,60,0 36,24,24 18,18,26 26,28,42 37,56,89 20,18,26 17,15,23 16,17,22 13,16,23
19,17,25 19,17,25 18,18,26 11,11,19 78,23,12 60,45,55 53,75,116 47,65,103 88,31,14 69,26,11 77,51,60 121,48,7 185,46,0 255,116,0 255,152,0 216,85,0 255,127,0 162,58,0 116,44,5 65,30,17 69,37,23 42,28,30 118,36,7 96,24,7 35,21,23 20,18,26 30,32,46 41,54,71 18,16,24 17,15,23 98,25,18 16,16,24
19,17,25 20,18,26 24,22,30 13,10,16 55,24,16 60,34,40 47,50,68 49,60,91 65,53,67 68,23,18 62,52,72 119,51,15 129,54,27 229,88,0 202,70,0 186,65,0 137,53,7 132,55,22 115,52,28 52,26,14 65,34,24 35,26,37 68,18,3 83,24,7 24,21,27 23,26,37 35,47,71 39,52,78 22,21,26 17,15,25 26,15,22 18,17,22
40,38,48 33,30,34 31,29,39 19,14,11 34,12,17 71,26,19 35,52,74 47,73,117 48,56,88 47,24,11 44,43,60 62,54,71 80,49,60 162,84,40 174,85,38 135,58,21 143,73,44 105,59,45 66,35,16 42,29,26 55,35,26 35,44,57 75,53,58 71,52,59 20,20,28 17,17,25 29,32,43 20,19,36 28,32,45 25,29,44 28,18,22 17,16,21
35,31,44 47,38,51 26,24,25 25,24,27 59,36,35 93,26,15 38,47,70 48,71,107 91,57,53 55,35,45 38,48,64 51,56,80 140,76,50 157,86,60 148,81,36 76,36,29 92,57,58 97,58,46 105,62,54 74,56,55 45,29,23 23,31,49 41,38,55 22,26,41 20,20,28 18,18,26 34,39,49 39,38,53 41,42,61 29,30,49 21,15,22 15,16,21
30,28,38 33,31,32 33,36,47 22,22,32 22,25,34 92,27,15 55,51,75 47,73,117 49,67,91 35,49,61 33,37,52 53,51,73 56,38,47 93,53,44 100,63,60 86,55,47 119,74,71 81,54,49 33,27,34 78,52,40 33,27,32 28,33,43 43,41,51 18,18,26 17,17,25 18,18,26 28,38,56 22,22,34 14,10,19 13,14,19 27,26,31 31,30,35
21,21,29 26,24,34 30,40,56 38,41,59 30,36,55 91,26,16 53,50,67 41,65,96 49,66,97 34,46,70 35,48,67 32,44,66 51,51,77 65,61,81 62,58,71 48,51,71 53,56,78 55,49,70 66,63,90 38,52,75 26,24,34 38,47,72 38,50,72 20,20,28 20,20,28 18,19,24 37,53,78 27,46,77 31,44,61 27,40,57 24,30,47 16,18,34
29,36,50 27,34,48 26,34,50 26,34,50 29,37,53 85,29,21 72,48,66 39,62,96 55,76,115 43,51,79 55,47,66 45,58,88 45,48,66 43,51,71 59,47,61 43,60,82 50,58,78 49,56,81 41,50,73 40,54,77 38,48,66 40,62,92 36,52,81 19,17,25 22,22,30 40,47,61 35,52,83 30,49,70 29,42,59 34,44,64 39,55,84 35,53,77
36,44,62 31,40,63 30,39,52 34,46,68 31,34,56 88,38,34 83,41,44 40,64,95 54,77,115 33,37,52 26,31,41 33,41,61 30,37,51 39,42,53 39,43,58 31,41,59 35,51,76 36,45,70 33,46,63 39,47,65 39,52,80 49,37,49 37,53,82 18,18,26 18,18,26 20,20,30 40,56,85 35,56,93 35,52,83 39,62,100 38,47,70 62,43,57
32,40,58 31,37,54 29,36,48 37,47,67 29,45,72 30,35,59 68,26,29 36,47,74 48,70,111 30,40,58 31,44,70 30,38,56 35,38,56 33,45,67 35,43,61 37,44,67 13,19,38 30,40,56 34,48,71 27,40,59 26,28,44 20,23,30 36,44,60 20,18,26 21,21,29 23,23,33 67,53,68 37,64,94 28,45,65 33,49,76 48,41,53 38,59,96
29,37,55 30,38,56 31,43,65 27,39,61 28,36,52 27,33,50 98,30,26 41,47,64 46,76,116 31,37,56 30,40,60 27,34,48 33,38,48 32,44,66 26,34,52 17,17,27 15,15,25 25,20,22 24,30,49 30,40,60 33,41,59 27,31,46 22,22,32 20,20,30 18,18,26 29,32,43 35,49,72 33,49,78 40,49,74 39,42,60 28,38,58 46,44,56
32,40,58 28,36,52 27,33,50 36,43,68 29,35,52 29,33,48 93,26,19 48,54,71 48,73,113 50,73,107 36,44,53 33,41,59 34,46,70 30,40,58 29,35,54 37,39,55 38,41,59 31,39,57 33,39,58 32,45,64 32,47,65 28,32,47 17,17,25 39,37,45 20,20,28 42,45,54 54,72,108 33,39,58 30,38,54 29,42,61 34,46,68 32,47,65
177,25,2 161,34,14 27,39,61 31,41,61 29,27,35 72,24,22 53,39,54 41,58,89 39,63,92 40,68,100 32,50,74 31,43,67 35,45,65 7,11,24 26,35,48 27,33,50 26,32,51 22,25,43 33,39,56 29,35,52 32,38,55 25,42,64 25,29,33 48,59,90 38,51,70 45,59,82 41,60,93 36,46,66 34,46,68 34,47,73 36,54,82 32,52,80
28,36,54 30,44,65 124,32,22 25,32,44 30,37,51 63,37,46 53,37,50 38,60,92 40,63,99 46,69,107 31,55,86 32,44,68 36,52,81 35,53,81 32,49,71 27,41,64 28,41,67 28,31,49 39,52,67 30,50,76 30,46,73 39,56,87 34,40,59 39,56,99 30,38,54 37,53,82 31,48,70 37,58,93 34,49,67 34,46,68 30,48,72 32,50,76
31,44,63 30,55,79 33,43,63 61,18,14 47,43,56 32,40,58 30,40,60 21,25,40 39,52,71 33,51,91 29,39,55 34,44,62 37,59,91 31,41,61 35,47,71 27,40,66 31,42,69 26,33,56 39,51,75 31,49,77 39,46,69 41,44,64 27,40,59 30,39,64 41,63,95 29,35,52 23,22,39 36,43,57 35,55,81 37,61,92 37,50,78 32,44,68