10,10,10 10,10,10 10,10,10 10,10,10 10,10,10 10,10,10 10,10,10 10,10,10 10,10,10 10,10,10 10,10,10 10,10,10 10,10,10 10,10,10 10,10,10 10,10,10 10,10,10 10,10,10 10,10,10 10,10,10 10,10,10 10,10,10 10,10,10 11,11,11 10,10,10 10,10,10 10,10,10 11,11,11 10,10,10 10,10,10 10,10,10 10,10,10 10,10,10 10,10,10 8,8,8 10,10,10 10,10,10 10,10,10 10,10,10 11,11,11 10,10,10 10,10,10 10,10,10 10,10,10 10,10,10 10,10,10 10,10,10 10,10,10 10,10,10 10,10,10 10,10,10 10,10,10 10,10,10 10,10,10 10,10,10 10,10,10 10,10,10 10,10,10 10,10,10 10,10,10 10,10,10 10,10,10 10,10,10 10,10,10
10,10,10 10,10,10 10,10,10 10,10,10 10,10,10 10,10,10 10,10,10 10,10,10 10,10,10 10,10,10 10,10,10 10,10,10 10,10,10 10,10,10 10,10,10 10,10,10 10,10,10 10,10,10 10,10,10 10,10,10 10,10,10 10,10,10 10,10,10 12,12,12 10,10,10 10,10,10 10,10,10 10,10,10 12,12,12 10,10,10 10,10,10 10,10,10 10,10,10 10,10,10 11,11,11 10,10,10 11,11,11 11,11,11 10,10,10 10,10,10 10,10,10 10,10,10 10,10,10 10,10,10 10,10,10 11,11,11 10,10,10 10,10,10 10,10,10 10,10,10 10,10,10 10,10,10 10,10,10 10,10,10 10,10,10 10,10,10 10,10,10 10,10,10 10,10,10 10,10,10 10,10,10 10,10,10 10,10,10 10,10,10
10,10,10 10,10,10 10,10,10 10,10,10 10,10,10 10,10,10 10,10,10 10,10,10 10,10,10 10,10,10 10,10,10 10,10,10 10,10,10 10,10,10 10,10,10 10,10,10 10,10,10 10,10,10 10,10,10 17,17,17 244,244,244 200,200,200 57,57,57 214,214,214 194,194,194 195,195,195 236,236,236 36,36,36 118,118,118 102,102,102 172,172,172 10,10,10 10,10,10 10,10,10 10,10,10 110,110,110 91,91,91 103,103,103 0,0,0 16,16,16 0,0,0 58,58,58 229,229,229 115,115,115 62,62,62 151,151,151 10,10,10 10,10,10 10,10,10 10,10,10 10,10,10 10,10,10 10,10,10 10,10,10 10,10,10 10,10,10 10,10,10 10,10,10 10,10,10 10,10,10 10,10,10 10,10,10 10,10,10 10,10,10
10,10,10 10,10,10 10,10,10 10,10,10 10,10,10 10,10,10 10,10,10 10,10,10 10,10,10 10,10,10 10,10,10 10,10,10 10,10,10 10,10,10 10,10,10 10,10,10 10,10,10 10,10,10 10,10,10 10,10,10 0,0,0 0,0,0 0,0,0 0,0,0 0,0,0 0,0,0 2,2,2 11,11,11 2,2,2 10,10,10 0,0,0 10,10,10 10,10,10 9,9,9 6,6,6 0,0,0 10,10,10 0,0,0 9,9,9 11,11,11 6,6,6 0,0,0 5,5,5 0,0,0 0,0,0 15,15,15 11,11,11 10,10,10 10,10,10 10,10,10 10,10,10 10,10,10 10,10,10 10,10,10 10,10,10 10,10,10 10,10,10 10,10,10 10,10,10 10,10,10 10,10,10 10,10,10 10,10,10 10,10,10
10,10,10 10,10,10 10,10,10 10,10,10 10,10,10 10,10,10 10,10,10 10,10,10 10,10,10 10,10,10 10,10,10 10,10,10 10,10,10 10,10,10 10,10,10 10,10,10 10,10,10 10,10,10 10,10,10 10,10,10 10,10,10 10,10,10 10,10,10 10,10,10 10,10,10 10,10,10 10,10,10 10,10,10 10,10,10 10,10,10 10,10,10 10,10,10 10,10,10 10,10,10 16,16,16 187,187,187 194,194,194 251,251,251 201,201,201 16,16,16 55,55,55 201,201,201 253,253,253 8,8,8 172,172,172 144,144,144 255,255,255 26,26,26 10,10,10 10,10,10 10,10,10 10,10,10 10,10,10 10,10,10 10,10,10 10,10,10 10,10,10 10,10,10 10,10,10 10,10,10 10,10,10 10,10,10 10,10,10 10,10,10
10,10,10 10,10,10 10,10,10 10,10,10 10,10,10 10,10,10 10,10,10 10,10,10 10,10,10 10,10,10 10,10,10 10,10,10 10,10,10 10,10,10 10,10,10 10,10,10 10,10,10 10,10,10 10,10,10 10,10,10 10,10,10 10,10,10 10,10,10 10,10,10 10,10,10 10,10,10 10,10,10 10,10,10 10,10,10 10,10,10 10,10,10 10,10,10 10,10,10 9,9,9 10,10,10 9,9,9 3,3,3 17,17,17 3,3,3 8,8,8 10,10,10 0,0,0 15,15,15 11,11,11 10,10,10 0,0,0 4,4,4 13,13,13 10,10,10 10,10,10 10,10,10 10,10,10 10,10,10 10,10,10 10,10,10 10,10,10 10,10,10 10,10,10 10,10,10 10,10,10 10,10,10 10,10,10 10,10,10 10,10,10
10,10,10 10,10,10 10,10,10 10,10,10 10,10,10 10,10,10 10,10,10 10,10,10 10,10,10 10,10,10 10,10,10 10,10,10 10,10,10 10,10,10 10,10,10 10,10,10 10,10,10 10,10,10 10,10,10 10,10,10 10,10,10 10,10,10 10,10,10 10,10,10 10,10,10 10,10,10 10,10,10 10,10,10 10,10,10 10,10,10 10,10,10 10,10,10 10,10,10 10,10,10 109,109,109 216,216,216 0,0,0 145,145,145 22,22,22 9,9,9 111,111,111 69,69,69 67,67,67 123,123,123 168,168,168 10,10,10 10,10,10 10,10,10 10,10,10 10,10,10 10,10,10 10,10,10 10,10,10 10,10,10 10,10,10 10,10,10 10,10,10 10,10,10 10,10,10 10,10,10 10,10,10 10,10,10 10,10,10 10,10,10
10,10,10 10,10,10 10,10,10 10,10,10 10,10,10 10,10,10 10,10,10 10,10,10 10,10,10 10,10,10 10,10,10 10,10,10 10,10,10 10,10,10 10,10,10 10,10,10 10,10,10 10,10,10 10,10,10 10,10,10 10,10,10 10,10,10 10,10,10 10,10,10 10,10,10 10,10,10 10,10,10 10,10,10 10,10,10 10,10,10 10,10,10 10,10,10 10,10,10 11,11,11 9,9,9 96,96,96 48,48,48 118,118,118 98,98,98 23,23,23 225,225,225 54,54,54 65,65,65 10,10,10 93,93,93 10,10,10 10,10,10 10,10,10 10,10,10 10,10,10 10,10,10 10,10,10 10,10,10 10,10,10 10,10,10 10,10,10 10,10,10 10,10,10 10,10,10 10,10,10 10,10,10 10,10,10 10,10,10 10,10,10
10,10,10 10,10,10 10,10,10 10,10,10 10,10,10 10,10,10 10,10,10 10,10,10 10,10,10 10,10,10 10,10,10 10,10,10 10,10,10 10,10,10 10,10,10 10,10,10 10,10,10 10,10,10 10,10,10 10,10,10 10,10,10 10,10,10 10,10,10 10,10,10 10,10,10 10,10,10 10,10,10 10,10,10 10,10,10 10,10,10 10,10,10 10,10,10 10,10,10 10,10,10 10,10,10 10,10,10 10,10,10 10,10,10 10,10,10 10,10,10 10,10,10 10,10,10 10,10,10 10,10,10 10,10,10 10,10,10 10,10,10 10,10,10 10,10,10 10,10,10 10,10,10 10,10,10 10,10,10 10,10,10 10,10,10 10,10,10 10,10,10 10,10,10 10,10,10 10,10,10 10,10,10 10,10,10 10,10,10 10,10,10
10,10,10 10,10,10 10,10,10 10,10,10 10,10,10 10,10,10 10,10,10 10,10,10 10,10,10 10,10,10 10,10,10 10,10,10 10,10,10 10,10,10 10,10,10 10,10,10 10,10,10 10,10,10 10,10,10 10,10,10 10,10,10 10,10,10 10,10,10 10,10,10 10,10,10 10,10,10 10,10,10 10,10,10 10,10,10 10,10,10 10,10,10 10,10,10 10,10,10 10,10,10 10,10,10 10,10,10 10,10,10 10,10,10 10,10,10 10,10,10 10,10,10 10,10,10 10,10,10 10,10,10 10,10,10 10,10,10 10,10,10 10,10,10 10,10,10 10,10,10 10,10,10 10,10,10 10,10,10 10,10,10 10,10,10 10,10,10 10,10,10 10,10,10 10,10,10 10,10,10 10,10,10 10,10,10 10,10,10 10,10,10
10,10,10 10,10,10 10,10,10 10,10,10 10,10,10 10,10,10 10,10,10 10,10,10 10,10,10 10,10,10 10,10,10 10,10,10 10,10,10 10,10,10 10,10,10 10,10,10 10,10,10 10,10,10 19,19,19 11,11,11 10,10,10 10,10,10 12,12,12 11,11,11 10,10,10 10,10,10 9,9,9 10,10,10 10,10,10 10,10,10 11,11,11 10,10,10 10,10,10 12,12,12 10,10,10 10,10,10 12,12,12 10,10,10 11,11,11 10,10,10 10,10,10 10,10,10 10,10,10 10,10,10 17,17,17 10,10,10 10,10,10 10,10,10 10,10,10 10,10,10 10,10,10 10,10,10 10,10,10 10,10,10 10,10,10 10,10,10 10,10,10 10,10,10 10,10,10 10,10,10 10,10,10 10,10,10 10,10,10 10,10,10
10,10,10 10,10,10 10,10,10 10,10,10 10,10,10 10,10,10 10,10,10 10,10,10 10,10,10 10,10,10 10,10,10 10,10,10 10,10,10 9,9,9 0,0,0 0,0,0 121,121,121 105,105,105 133,133,133 112,112,112 245,245,245 15,15,15 24,24,24 33,33,33 43,43,43 0,0,0 20,20,20 9,9,9 242,242,242 237,237,237 216,216,216 9,9,9 10,10,10 11,11,11 221,221,221 0,0,0 255,255,255 10,10,10 2,2,2 160,160,160 109,109,109 16,16,16 22,22,22 93,93,93 236,236,236 10,10,10 10,10,10 10,10,10 10,10,10 10,10,10 10,10,10 10,10,10 10,10,10 10,10,10 10,10,10 10,10,10 10,10,10 10,10,10 10,10,10 10,10,10 10,10,10 10,10,10 10,10,10 10,10,10
10,10,10 10,10,10 10,10,10 10,10,10 10,10,10 10,10,10 10,10,10 10,10,10 10,10,10 10,10,10 10,10,10 10,10,10 10,10,10 10,10,10 10,10,10 9,9,9 10,10,10 8,8,8 11,11,11 9,9,9 9,9,9 8,8,8 11,11,11 17,17,17 17,17,17 10,10,10 10,10,10 11,11,11 11,11,11 8,8,8 12,12,12 10,10,10 11,11,11 11,11,11 10,10,10 16,16,16 10,10,10 9,9,9 11,11,11 16,16,16 10,10,10 8,8,8 10,10,10 10,10,10 8,8,8 10,10,10 10,10,10 10,10,10 10,10,10 10,10,10 10,10,10 10,10,10 10,10,10 10,10,10 10,10,10 10,10,10 10,10,10 10,10,10 10,10,10 10,10,10 10,10,10 10,10,10 10,10,10 10,10,10
10,10,10 10,10,10 10,10,10 10,10,10 10,10,10 10,10,10 10,10,10 10,10,10 10,10,10 10,10,10 10,10,10 10,10,10 10,10,10 10,10,10 10,10,10 9,9,9 16,16,16 248,248,248 255,255,255 185,185,185 199,199,199 25,25,25 11,11,11 0,0,0 255,255,255 108,108,108 0,0,0 255,255,255 0,0,0 224,224,224 156,156,156 10,10,10 10,10,10 11,11,11 101,101,101 193,193,193 186,186,186 173,173,173 15,15,15 95,95,95 78,78,78 249,249,249 146,146,146 11,11,11 166,166,166 190,190,190 248,248,248 10,10,10 10,10,10 10,10,10 10,10,10 10,10,10 10,10,10 10,10,10 10,10,10 10,10,10 10,10,10 10,10,10 10,10,10 10,10,10 10,10,10 10,10,10 10,10,10 10,10,10
10,10,10 10,10,10 10,10,10 10,10,10 10,10,10 10,10,10 10,10,10 10,10,10 10,10,10 10,10,10 10,10,10 10,10,10 10,10,10 10,10,10 10,10,10 10,10,10 6,6,6 10,10,10 10,10,10 10,10,10 16,16,16 8,8,8 12,12,12 10,10,10 10,10,10 12,12,12 10,10,10 10,10,10 13,13,13 12,12,12 11,11,11 10,10,10 10,10,10 10,10,10 11,11,11 8,8,8 11,11,11 11,11,11 5,5,5 16,16,16 5,5,5 10,10,10 9,9,9 12,12,12 10,10,10 6,6,6 9,9,9 10,10,10 10,10,10 10,10,10 10,10,10 10,10,10 10,10,10 10,10,10 10,10,10 10,10,10 10,10,10 10,10,10 10,10,10 10,10,10 10,10,10 10,10,10 10,10,10 10,10,10
10,10,10 10,10,10 10,10,10 10,10,10 10,10,10 10,10,10 10,10,10 10,10,10 10,10,10 10,10,10 10,10,10 10,10,10 10,10,10 10,10,10 10,10,10 10,10,10 10,10,10 10,10,10 10,10,10 10,10,10 10,10,10 10,10,10 10,10,10 10,10,10 10,10,10 10,10,10 10,10,10 10,10,10 10,10,10 10,10,10 10,10,10 10,10,10 10,10,10 10,10,10 10,10,10 10,10,10 10,10,10 10,10,10 10,10,10 10,10,10 10,10,10 10,10,10 10,10,10 10,10,10 10,10,10 10,10,10 10,10,10 10,10,10 10,10,10 10,10,10 10,10,10 10,10,10 10,10,10 10,10,10 10,10,10 10,10,10 10,10,10 10,10,10 10,10,10 10,10,10 10,10,10 10,10,10 10,10,10 10,10,10
10,10,10 10,10,10 10,10,10 10,10,10 10,10,10 10,10,10 10,10,10 10,10,10 10,10,10 10,10,10 10,10,10 10,10,10 10,10,10 10,10,10 10,10,10 10,10,10 10,10,10 10,10,10 10,10,10 10,10,10 10,10,10 10,10,10 10,10,10 10,10,10 10,10,10 10,10,10 10,10,10 10,10,10 10,10,10 10,10,10 10,10,10 10,10,10 10,10,10 10,10,10 10,10,10 10,10,10 10,10,10 10,10,10 10,10,10 10,10,10 10,10,10 10,10,10 10,10,10 10,10,10 10,10,10 10,10,10 10,10,10 10,10,10 10,10,10 10,10,10 10,10,10 10,10,10 10,10,10 10,10,10 10,10,10 10,10,10 10,10,10 10,10,10 10,10,10 10,10,10 10,10,10 10,10,10 10,10,10 10,10,10
10,10,10 10,10,10 10,10,10 10,10,10 10,10,10 10,10,10 10,10,10 10,10,10 10,10,10 10,10,10 10,10,10 10,10,10 10,10,10 10,10,10 10,10,10 10,10,10 10,10,10 10,10,10 10,10,10 10,10,10 10,10,10 10,10,10 10,10,10 10,10,10 10,10,10 10,10,10 10,10,10 10,10,10 10,10,10 10,9,14 9,25,52 8,10,10 10,9,12 23,37,74 9,11,11 10,10,10 10,10,10 10,10,10 10,10,10 10,10,10 10,10,10 10,10,10 10,10,10 10,10,10 10,10,10 10,10,10 10,10,10 10,10,10 10,10,10 10,10,10 10,10,10 10,10,10 10,10,10 10,10,10 10,10,10 10,10,10 10,10,10 10,10,10 10,10,10 10,10,10 10,10,10 10,10,10 10,10,10 10,10,10
10,10,10 10,10,10 10,10,10 10,10,10 10,10,10 10,10,10 10,10,10 10,10,10 10,10,10 10,10,10 10,10,10 10,10,10 10,10,10 10,10,10 10,10,10 10,10,10 10,10,10 10,10,10 10,10,10 10,10,10 10,10,10 10,10,10 10,10,10 10,10,10 10,10,10 10,10,10 10,10,10 10,10,10 10,10,10 8,9,12 184,152,40 24,3,0 61,50,35 43,0,0 217,180,95 8,10,7 10,10,10 10,10,10 10,10,10 10,10,10 10,10,10 10,10,10 10,10,10 10,10,10 10,10,10 10,10,10 10,10,10 10,10,10 10,10,10 10,10,10 10,10,10 10,10,10 10,10,10 10,10,10 10,10,10 10,10,10 10,10,10 10,10,10 10,10,10 10,10,10 10,10,10 10,10,10 10,10,10 10,10,10
10,10,10 10,10,10 10,10,10 10,10,10 10,10,10 10,10,10 10,10,10 10,10,10 10,10,10 10,10,10 10,10,10 10,10,10 10,10,10 10,10,10 10,10,10 10,10,10 10,10,10 10,10,10 10,10,10 10,10,10 10,10,10 10,10,10 10,10,10 10,10,10 10,10,10 10,10,10 10,10,10 10,10,10 10,10,10 10,9,12 191,156,102 210,167,50 81,78,63 236,184,65 147,105,11 10,10,10 10,10,10 10,10,10 10,10,10 10,10,10 10,10,10 10,10,10 10,10,10 10,10,10 10,10,10 10,10,10 10,10,10 10,10,10 10,10,10 10,10,10 10,10,10 10,10,10 10,10,10 10,10,10 10,10,10 10,10,10 10,10,10 10,10,10 10,10,10 10,10,10 10,10,10 10,10,10 10,10,10 10,10,10
10,10,10 10,10,10 10,10,10 10,10,10 10,10,10 10,10,10 10,10,10 10,10,10 10,10,10 10,10,10 10,10,10 10,10,10 10,10,10 10,10,10 10,10,10 10,10,10 10,10,10 10,10,10 10,10,10 10,10,10 10,10,10 10,10,10 10,10,10 10,10,10 10,10,10 10,10,10 10,10,10 10,10,10 10,10,10 10,10,10 187,167,121 214,169,55 194,148,39 177,135,23 48,19,0 11,8,12 10,10,10 10,10,10 10,10,10 10,10,10 10,10,10 10,10,10 10,10,10 10,10,10 10,10,10 10,10,10 10,10,10 10,10,10 10,10,10 10,10,10 10,10,10 10,10,10 10,10,10 10,10,10 10,10,10 10,10,10 10,10,10 10,10,10 10,10,10 10,10,10 10,10,10 10,10,10 10,10,10 10,10,10
10,10,10 10,10,10 10,10,10 10,10,10 10,10,10 10,10,10 10,10,10 10,10,10 10,10,10 10,10,10 10,10,10 10,10,10 10,10,10 10,10,10 10,10,10 10,10,10 10,10,10 10,10,10 10,10,10 10,10,10 10,10,10 10,10,10 10,10,10 10,10,10 10,10,10 10,10,10 10,10,10 10,10,10 10,10,10 10,9,12 219,170,101 228,178,45 4,5,26 176,126,14 60,5,0 11,9,7 10,10,10 10,10,10 10,10,10 10,10,10 10,10,10 10,10,10 10,10,10 10,10,10 10,10,10 10,10,10 10,10,10 10,10,10 10,10,10 10,10,10 10,10,10 10,10,10 10,10,10 10,10,10 10,10,10 10,10,10 10,10,10 10,10,10 10,10,10 10,10,10 10,10,10 10,10,10 10,10,10 10,10,10
10,10,10 10,10,10 10,10,10 10,10,10 10,10,10 10,10,10 10,10,10 10,10,10 10,10,10 10,10,10 10,10,10 10,10,10 10,10,10 10,10,10 10,10,10 10,10,10 10,10,10 10,10,10 10,10,10 10,10,10 10,10,10 10,10,10 10,10,10 10,10,10 10,10,10 10,10,10 10,10,10 10,10,10 10,10,10 10,10,10 12,12,12 11,9,10 10,10,10 10,10,10 8,9,14 8,10,10 11,11,11 10,10,10 10,10,10 10,10,10 10,10,10 10,10,10 10,10,10 10,10,10 10,10,10 10,10,10 10,10,10 10,10,10 10,10,10 10,10,10 10,10,10 10,10,10 10,10,10 10,10,10 10,10,10 10,10,10 10,10,10 10,10,10 10,10,10 10,10,10 10,10,10 10,10,10 10,10,10 10,10,10
10,10,10 10,10,10 10,10,10 10,10,10 10,10,10 10,10,10 10,10,10 10,10,10 10,10,10 10,10,10 10,10,10 10,10,10 10,10,10 10,10,10 10,10,10 10,10,10 10,10,10 10,10,10 10,10,10 10,10,10 10,10,10 10,10,10 10,10,10 10,10,10 10,10,10 10,10,10 200,200,200 6,6,6 164,164,164 9,9,9 5,5,5 140,140,140 9,8,11 255,255,255 230,229,232 62,63,66 16,16,16 39,39,39 16,16,16 10,10,10 10,10,10 10,10,10 10,10,10 10,10,10 10,10,10 10,10,10 10,10,10 10,10,10 10,10,10 10,10,10 10,10,10 10,10,10 10,10,10 10,10,10 10,10,10 10,10,10 10,10,10 10,10,10 10,10,10 10,10,10 10,10,10 10,10,10 10,10,10 10,10,10
10,10,10 10,10,10 10,10,10 10,10,10 10,10,10 10,10,10 10,10,10 10,10,10 10,10,10 10,10,10 10,10,10 10,10,10 10,10,10 10,10,10 10,10,10 10,10,10 10,10,10 10,10,10 10,10,10 10,10,10 10,10,10 10,10,10 10,10,10 10,10,10 10,10,10 10,10,10 199,199,199 0,0,0 90,90,90 50,50,50 4,4,4 0,0,0 11,10,13 41,40,43 20,21,24 0,0,0 8,8,8 0,0,0 11,11,11 10,10,10 10,10,10 10,10,10 10,10,10 10,10,10 10,10,10 10,10,10 10,10,10 10,10,10 10,10,10 10,10,10 10,10,10 10,10,10 10,10,10 10,10,10 10,10,10 10,10,10 10,10,10 10,10,10 10,10,10 10,10,10 10,10,10 10,10,10 10,10,10 10,10,10
10,10,10 10,10,10 10,10,10 10,10,10 10,10,10 10,10,10 10,10,10 10,10,10 10,10,10 10,10,10 10,10,10 10,10,10 10,10,10 10,10,10 10,10,10 10,10,10 10,10,10 10,10,10 10,10,10 10,10,10 10,10,10 10,10,10 10,10,10 10,10,10 10,10,10 10,10,10 9,9,9 8,8,8 10,10,10 11,11,11 11,11,11 10,10,10 9,9,9 10,10,10 10,10,10 10,10,10 11,11,11 10,10,10 10,10,10 10,10,10 10,10,10 10,10,10 10,10,10 10,10,10 10,10,10 10,10,10 10,10,10 10,10,10 10,10,10 10,10,10 10,10,10 10,10,10 10,10,10 10,10,10 10,10,10 10,10,10 10,10,10 10,10,10 10,10,10 10,10,10 10,10,10 10,10,10 10,10,10 10,10,10
10,10,10 10,10,10 10,10,10 10,10,10 10,10,10 10,10,10 10,10,10 10,10,10 10,10,10 10,10,10 10,10,10 10,10,10 10,10,10 10,10,10 10,10,10 10,10,10 10,10,10 10,10,10 11,11,11 10,10,10 12,12,12 10,10,10 10,10,10 15,15,15 10,10,10 10,10,10 17,17,17 11,11,11 13,13,13 10,10,10 10,10,10 10,10,10 10,10,10 23,23,23 11,11,11 11,11,11 11,11,11 10,10,10 10,10,10 10,10,10 10,10,10 10,10,10 10,10,10 10,10,10 10,10,10 10,10,10 10,10,10 10,10,10 10,10,10 10,10,10 10,10,10 10,10,10 10,10,10 10,10,10 10,10,10 10,10,10 10,10,10 10,10,10 10,10,10 10,10,10 10,10,10 10,10,10 10,10,10 10,10,10
10,10,10 10,10,10 10,10,10 10,10,10 10,10,10 10,10,10 10,10,10 10,10,10 10,10,10 10,10,10 10,10,10 10,10,10 10,10,10 10,10,10 10,10,10 10,10,10 10,10,10 10,10,10 252,252,252 48,48,48 59,59,59 181,181,181 10,10,10 69,69,69 93,93,93 26,26,26 74,74,74 25,25,25 199,199,199 213,213,213 217,216,219 112,112,112 104,104,104 118,118,118 230,229,232 208,208,208 124,124,124 4,4,4 26,26,26 122,119,123 15,15,15 139,139,139 16,16,16 20,20,20 10,10,10 10,10,10 10,10,10 10,10,10 10,10,10 10,10,10 10,10,10 10,10,10 10,10,10 10,10,10 10,10,10 10,10,10 10,10,10 10,10,10 10,10,10 10,10,10 10,10,10 10,10,10 10,10,10 10,10,10
10,10,10 10,10,10 10,10,10 10,10,10 10,10,10 10,10,10 10,10,10 10,10,10 10,10,10 10,10,10 10,10,10 10,10,10 10,10,10 10,10,10 10,10,10 10,10,10 10,10,10 10,10,10 10,10,10 10,10,10 10,10,10 10,10,10 11,11,11 11,11,11 10,10,10 10,10,10 13,13,13 12,12,12 10,10,10 11,11,11 12,12,12 10,10,10 10,10,10 10,10,10 10,10,10 10,10,10 10,10,10 11,11,11 9,9,9 8,7,10 10,9,12 9,9,9 9,9,9 10,10,10 10,10,10 10,10,10 10,10,10 10,10,10 10,10,10 10,10,10 10,10,10 10,10,10 10,10,10 10,10,10 10,10,10 10,10,10 10,10,10 10,10,10 10,10,10 10,10,10 10,10,10 10,10,10 10,10,10 10,10,10
10,10,10 10,10,10 10,10,10 10,10,10 10,10,10 10,10,10 10,10,10 10,10,10 10,10,10 10,10,10 10,10,10 10,10,10 9,9,9 10,10,10 10,10,10 10,10,10 10,10,10 10,10,10 10,10,10 10,10,10 10,10,10 11,11,11 10,10,10 10,10,10 10,10,10 10,10,10 10,10,10 10,10,10 10,10,10 10,10,10 10,10,10 10,10,10 10,10,10 10,10,10 11,11,11 10,10,10 10,10,10 11,11,11 12,12,12 10,9,12 11,10,13 10,10,10 10,10,10 10,10,10 10,10,10 10,10,10 10,10,10 10,10,10 10,10,10 10,10,10 10,10,10 10,10,10 10,10,10 10,10,10 10,10,10 10,10,10 10,10,10 10,10,10 10,10,10 10,10,10 10,10,10 10,10,10 10,10,10 10,10,10
10,10,10 10,10,10 10,10,10 10,10,10 10,10,10 10,10,10 10,10,10 10,10,10 10,10,10 10,10,10 10,10,10 10,10,10 0,0,0 217,217,217 185,185,185 189,189,189 96,96,96 0,0,0 8,8,8 0,0,0 0,0,0 125,125,125 50,50,50 206,206,206 6,6,6 209,209,209 241,241,241 228,228,228 3,3,3 102,102,102 255,255,255 11,11,11 10,10,10 10,10,10 0,0,0 58,58,58 98,98,98 20,20,20 31,31,31 60,60,60 40,40,40 160,160,160 66,66,66 10,10,10 10,10,10 10,10,10 10,10,10 10,10,10 10,10,10 10,10,10 10,10,10 10,10,10 10,10,10 10,10,10 10,10,10 10,10,10 10,10,10 10,10,10 10,10,10 10,10,10 10,10,10 10,10,10 10,10,10 10,10,10
10,10,10 10,10,10 10,10,10 10,10,10 10,10,10 10,10,10 10,10,10 10,10,10 10,10,10 10,10,10 10,10,10 10,10,10 15,15,15 12,12,12 16,16,16 19,19,19 12,12,12 10,10,10 11,11,11 9,9,9 11,11,11 10,10,10 18,18,18 10,10,10 12,12,12 6,6,6 19,19,19 11,11,11 6,6,6 15,15,15 15,15,15 10,10,10 10,10,10 10,10,10 11,11,11 20,20,20 9,9,9 13,13,13 11,11,11 12,11,14 13,12,15 22,22,22 25,25,25 10,10,10 10,10,10 10,10,10 10,10,10 10,10,10 10,10,10 10,10,10 10,10,10 10,10,10 10,10,10 10,10,10 10,10,10 10,10,10 10,10,10 10,10,10 10,10,10 10,10,10 10,10,10 10,10,10 10,10,10 10,10,10
10,10,10 10,10,10 10,10,10 10,10,10 10,10,10 10,10,10 10,10,10 10,10,10 10,10,10 10,10,10 10,10,10 10,10,10 10,10,10 10,10,10 10,10,10 10,10,10 10,10,10 10,10,10 10,10,10 10,10,10 10,10,10 10,10,10 10,10,10 10,10,10 10,10,10 10,10,10 10,10,10 10,10,10 10,10,10 10,10,10 10,10,10 10,10,10 10,10,10 10,10,10 10,10,10 10,10,10 10,10,10 10,10,10 10,10,10 10,10,10 10,10,10 10,10,10 11,11,11 10,10,10 10,10,10 10,10,10 10,10,10 10,10,10 10,10,10 10,10,10 10,10,10 10,10,10 10,10,10 10,10,10 10,10,10 10,10,10 10,10,10 10,10,10 10,10,10 10,10,10 10,10,10 10,10,10 10,10,10 10,10,10
10,10,10 10,10,10 10,10,10 10,10,10 10,10,10 10,10,10 10,10,10 10,10,10 10,10,10 10,10,10 10,10,10 10,10,10 10,10,10 10,10,10 10,10,10 10,10,10 10,10,10 10,10,10 10,10,10 10,10,10 10,10,10 10,10,10 11,11,11 9,9,9 11,11,11 12,12,12 9,9,9 11,11,11 0,0,0 11,11,11 8,8,8 10,10,10 10,10,10 11,11,11 0,0,0 11,11,11 10,10,10 9,9,9 10,10,10 0,0,0 0,0,0 10,10,10 3,3,3 13,13,13 10,10,10 10,10,10 10,10,10 10,10,10 10,10,10 10,10,10 10,10,10 10,10,10 10,10,10 10,10,10 10,10,10 10,10,10 10,10,10 10,10,10 10,10,10 10,10,10 10,10,10 10,10,10 10,10,10 10,10,10
10,10,10 10,10,10 10,10,10 10,10,10 10,10,10 10,10,10 10,10,10 10,10,10 10,10,10 10,10,10 10,10,10 10,10,10 10,10,10 10,10,10 10,10,10 10,10,10 10,10,10 10,10,10 10,10,10 10,10,10 10,10,10 10,10,10 16,16,16 152,152,152 76,76,76 243,243,243 232,232,232 9,9,9 25,25,25 159,159,159 255,255,255 9,9,9 10,10,10 10,10,10 20,20,20 66,66,66 175,175,175 97,97,97 16,16,16 5,5,5 229,229,229 24,24,24 172,172,172 17,17,17 243,243,243 10,10,10 10,10,10 10,10,10 10,10,10 10,10,10 10,10,10 10,10,10 10,10,10 10,10,10 10,10,10 10,10,10 10,10,10 10,10,10 10,10,10 10,10,10 10,10,10 10,10,10 10,10,10 10,10,10
10,10,10 10,10,10 10,10,10 10,10,10 10,10,10 10,10,10 10,10,10 10,10,10 10,10,10 10,10,10 10,10,10 10,10,10 10,10,10 10,10,10 10,10,10 10,10,10 10,10,10 10,10,10 11,11,11 9,9,9 11,11,11 10,10,10 15,15,15 8,8,8 10,10,10 12,12,12 16,16,16 10,10,10 5,5,5 10,10,10 11,11,11 10,10,10 10,10,10 10,10,10 6,6,6 11,11,11 10,10,10 11,11,11 6,6,6 9,9,9 10,10,10 9,9,9 13,13,13 11,11,11 10,10,10 10,10,10 10,10,10 10,10,10 10,10,10 10,10,10 10,10,10 10,10,10 10,10,10 10,10,10 10,10,10 10,10,10 10,10,10 10,10,10 10,10,10 10,10,10 10,10,10 10,10,10 10,10,10 10,10,10