10,10,10 10,10,10 10,10,10 10,10,10 10,10,10 10,10,10 10,10,10 10,10,10 10,10,10 10,10,10 10,10,10 9,9,9 10,10,10 10,10,10 10,10,10 10,10,10 9,9,9 10,10,10 5,5,5 9,9,9 10,10,10 10,10,10 11,11,11 16,16,16 10,10,10 10,10,10 10,10,10 10,10,10 8,8,8 10,10,10 10,10,10 10,10,10 10,10,10 10,10,10 13,13,13 9,9,9 10,10,10 10,10,10 10,10,10 13,13,13 9,9,9 10,10,10 10,10,10 13,13,13 9,9,9 9,9,9 10,10,10 10,10,10 10,10,10 10,10,10 11,11,11 10,10,10 10,10,10 10,10,10 10,10,10 10,10,10 10,10,10 10,10,10 10,10,10 10,10,10 10,10,10 10,10,10 10,10,10 10,10,10
10,10,10 10,10,10 10,10,10 10,10,10 10,10,10 10,10,10 10,10,10 10,10,10 10,10,10 10,10,10 10,10,10 11,11,11 3,3,3 22,22,22 190,190,190 37,37,37 54,54,54 5,5,5 173,173,173 0,0,0 185,185,185 17,17,17 30,30,30 100,100,100 3,3,3 215,215,215 211,211,211 193,193,193 133,133,133 59,59,59 0,0,0 12,12,12 10,10,10 10,10,10 0,0,0 0,0,0 0,0,0 24,24,24 11,11,11 4,4,4 251,251,251 2,2,2 34,34,34 185,185,185 183,183,183 176,176,176 190,190,190 239,239,239 255,255,255 243,243,243 6,6,6 10,10,10 10,10,10 10,10,10 10,10,10 10,10,10 10,10,10 10,10,10 10,10,10 10,10,10 10,10,10 10,10,10 10,10,10 10,10,10
10,10,10 10,10,10 10,10,10 10,10,10 10,10,10 10,10,10 10,10,10 10,10,10 10,10,10 10,10,10 10,10,10 11,11,11 9,9,9 12,12,12 20,20,20 16,16,16 9,9,9 10,10,10 12,12,12 12,12,12 15,15,15 12,12,12 9,9,9 13,13,13 10,10,10 8,8,8 12,12,12 9,9,9 12,12,12 17,17,17 9,9,9 10,10,10 10,10,10 11,11,11 10,10,10 18,18,18 10,10,10 8,8,8 13,13,13 11,11,11 19,19,19 171,171,171 82,82,82 251,251,251 8,8,8 13,13,13 12,12,12 13,13,13 11,11,11 11,11,11 8,8,8 10,10,10 10,10,10 10,10,10 10,10,10 10,10,10 10,10,10 10,10,10 10,10,10 10,10,10 10,10,10 10,10,10 10,10,10 10,10,10
10,10,10 10,10,10 10,10,10 10,10,10 10,10,10 10,10,10 10,10,10 10,10,10 10,10,10 10,10,10 10,10,10 10,10,10 10,10,10 10,10,10 10,10,10 10,10,10 10,10,10 10,10,10 10,10,10 10,10,10 10,10,10 10,10,10 10,10,10 10,10,10 10,10,10 10,10,10 10,10,10 10,10,10 10,10,10 10,10,10 10,10,10 10,10,10 10,10,10 10,10,10 10,10,10 10,10,10 10,10,10 11,11,11 10,10,10 10,10,10 10,10,10 10,10,10 10,10,10 10,10,10 10,10,10 10,10,10 10,10,10 10,10,10 10,10,10 10,10,10 10,10,10 10,10,10 10,10,10 10,10,10 10,10,10 10,10,10 10,10,10 10,10,10 10,10,10 10,10,10 10,10,10 10,10,10 10,10,10 10,10,10
10,10,10 10,10,10 10,10,10 10,10,10 10,10,10 10,10,10 10,10,10 10,10,10 10,10,10 10,10,10 10,10,10 10,10,10 10,10,10 10,10,10 10,10,10 10,10,10 10,10,10 10,10,10 10,10,10 10,10,10 10,10,10 10,10,10 10,10,10 10,10,10 10,10,10 10,10,10 10,10,10 10,10,10 10,10,10 10,10,10 10,10,10 10,10,10 9,9,9 10,10,10 10,10,10 10,10,10 10,10,10 11,11,11 11,11,11 10,10,10 10,10,10 10,10,10 10,10,10 10,10,10 10,10,10 10,10,10 10,10,10 10,10,10 10,10,10 10,10,10 10,10,10 10,10,10 10,10,10 10,10,10 10,10,10 10,10,10 10,10,10 10,10,10 10,10,10 10,10,10 10,10,10 10,10,10 10,10,10 10,10,10
10,10,10 10,10,10 10,10,10 10,10,10 10,10,10 10,10,10 10,10,10 10,10,10 10,10,10 10,10,10 10,10,10 10,10,10 10,10,10 10,10,10 10,10,10 10,10,10 10,10,10 10,10,10 10,10,10 10,10,10 10,10,10 10,10,10 10,10,10 10,10,10 10,10,10 10,10,10 10,10,10 10,10,10 1,1,1 0,0,0 124,124,124 5,5,5 0,0,0 17,17,17 157,157,157 174,174,174 17,17,17 11,11,11 10,10,10 10,10,10 10,10,10 10,10,10 10,10,10 10,10,10 10,10,10 10,10,10 10,10,10 10,10,10 10,10,10 10,10,10 10,10,10 10,10,10 10,10,10 10,10,10 10,10,10 10,10,10 10,10,10 10,10,10 10,10,10 10,10,10 10,10,10 10,10,10 10,10,10 10,10,10
10,10,10 10,10,10 10,10,10 10,10,10 10,10,10 10,10,10 10,10,10 10,10,10 10,10,10 10,10,10 10,10,10 10,10,10 10,10,10 10,10,10 10,10,10 10,10,10 10,10,10 10,10,10 10,10,10 10,10,10 10,10,10 10,10,10 10,10,10 10,10,10 10,10,10 10,10,10 10,10,10 10,10,10 15,15,15 11,11,11 0,0,0 0,0,0 3,3,3 12,12,12 9,9,9 6,6,6 13,13,13 10,10,10 10,10,10 10,10,10 10,10,10 10,10,10 10,10,10 10,10,10 10,10,10 10,10,10 10,10,10 10,10,10 10,10,10 10,10,10 10,10,10 10,10,10 10,10,10 10,10,10 10,10,10 10,10,10 10,10,10 10,10,10 10,10,10 10,10,10 10,10,10 10,10,10 10,10,10 10,10,10
10,10,10 10,10,10 10,10,10 10,10,10 10,10,10 10,10,10 10,10,10 10,10,10 10,10,10 10,10,10 10,10,10 10,10,10 10,10,10 10,10,10 10,10,10 10,10,10 10,10,10 10,10,10 10,10,10 10,10,10 11,11,11 4,4,4 6,6,6 0,0,0 11,11,11 10,10,10 11,11,11 8,8,8 11,11,11 13,13,13 10,10,10 10,10,10 10,10,10 11,11,11 15,15,15 10,10,10 10,10,10 11,11,11 10,10,10 6,6,6 8,8,8 13,13,13 9,9,9 10,10,10 10,10,10 10,10,10 10,10,10 10,10,10 10,10,10 10,10,10 10,10,10 10,10,10 10,10,10 10,10,10 10,10,10 10,10,10 10,10,10 10,10,10 10,10,10 10,10,10 10,10,10 10,10,10 10,10,10 10,10,10
10,10,10 10,10,10 10,10,10 10,10,10 10,10,10 10,10,10 10,10,10 10,10,10 10,10,10 10,10,10 10,10,10 10,10,10 10,10,10 10,10,10 10,10,10 10,10,10 10,10,10 10,10,10 10,10,10 10,10,10 16,16,16 255,255,255 0,0,0 214,214,214 57,57,57 136,136,136 0,0,0 5,5,5 0,0,0 29,29,29 238,238,238 12,12,12 10,10,10 10,10,10 33,33,33 34,34,34 10,10,10 10,10,10 22,22,22 59,59,59 3,3,3 17,17,17 144,144,144 9,9,9 10,10,10 10,10,10 10,10,10 10,10,10 10,10,10 10,10,10 10,10,10 10,10,10 10,10,10 10,10,10 10,10,10 10,10,10 10,10,10 10,10,10 10,10,10 10,10,10 10,10,10 10,10,10 10,10,10 10,10,10
10,10,10 10,10,10 10,10,10 10,10,10 10,10,10 10,10,10 10,10,10 10,10,10 10,10,10 10,10,10 10,10,10 10,10,10 10,10,10 10,10,10 10,10,10 10,10,10 10,10,10 13,13,13 9,9,9 9,9,9 10,10,10 12,12,12 11,11,11 11,11,11 22,22,22 10,10,10 8,8,8 9,9,9 8,8,8 9,9,9 11,11,11 11,11,11 10,10,10 10,10,10 18,18,18 16,16,16 11,11,11 12,12,12 10,10,10 11,11,11 11,11,11 9,9,9 15,15,15 9,9,9 10,10,10 10,10,10 10,10,10 10,10,10 10,10,10 10,10,10 10,10,10 10,10,10 10,10,10 10,10,10 10,10,10 10,10,10 10,10,10 10,10,10 10,10,10 10,10,10 10,10,10 10,10,10 10,10,10 10,10,10
10,10,10 10,10,10 10,10,10 10,10,10 10,10,10 10,10,10 10,10,10 10,10,10 10,10,10 10,10,10 10,10,10 10,10,10 10,10,10 10,10,10 10,10,10 10,10,10 10,10,10 19,19,19 119,119,119 250,250,250 246,246,246 30,30,30 255,255,255 25,25,25 0,0,0 19,19,19 215,215,215 209,209,209 249,249,249 81,81,81 164,164,164 10,10,10 10,10,10 10,10,10 112,112,112 17,17,17 3,3,3 101,101,101 30,30,30 13,13,13 255,255,255 1,1,1 4,4,4 19,19,19 10,10,10 10,10,10 10,10,10 10,10,10 10,10,10 10,10,10 10,10,10 10,10,10 10,10,10 10,10,10 10,10,10 10,10,10 10,10,10 10,10,10 10,10,10 10,10,10 10,10,10 10,10,10 10,10,10 10,10,10
10,10,10 10,10,10 10,10,10 10,10,10 10,10,10 10,10,10 10,10,10 10,10,10 10,10,10 10,10,10 10,10,10 10,10,10 10,10,10 10,10,10 10,10,10 10,10,10 1,1,1 10,10,10 10,10,10 10,10,10 10,10,10 15,15,15 3,3,3 10,10,10 10,10,10 10,10,10 11,11,11 12,12,12 8,8,8 12,12,12 11,11,11 10,10,10 10,10,10 11,11,11 0,0,0 10,10,10 8,8,8 13,13,13 11,11,11 6,6,6 12,12,12 10,10,10 12,12,12 10,10,10 11,11,11 10,10,10 10,10,10 10,10,10 10,10,10 10,10,10 10,10,10 10,10,10 10,10,10 10,10,10 10,10,10 10,10,10 10,10,10 10,10,10 10,10,10 10,10,10 10,10,10 10,10,10 10,10,10 10,10,10
10,10,10 10,10,10 10,10,10 10,10,10 10,10,10 10,10,10 10,10,10 10,10,10 10,10,10 10,10,10 10,10,10 10,10,10 10,10,10 10,10,10 10,10,10 10,10,10 255,255,255 255,255,255 255,255,255 183,183,183 166,166,166 203,203,203 255,255,255 179,179,179 20,20,20 0,0,0 0,0,0 69,69,69 48,48,48 255,255,255 255,255,255 11,11,11 10,10,10 10,10,10 103,103,103 10,10,10 13,13,13 0,0,0 12,12,12 88,88,88 30,30,30 1,1,1 174,174,174 0,0,0 231,231,231 0,0,0 249,249,249 10,10,10 10,10,10 10,10,10 10,10,10 10,10,10 10,10,10 10,10,10 10,10,10 10,10,10 10,10,10 10,10,10 10,10,10 10,10,10 10,10,10 10,10,10 10,10,10 10,10,10
10,10,10 10,10,10 10,10,10 10,10,10 10,10,10 10,10,10 10,10,10 10,10,10 10,10,10 10,10,10 10,10,10 10,10,10 10,10,10 10,10,10 10,10,10 10,10,10 10,10,10 10,10,10 0,0,0 10,10,10 10,10,10 10,10,10 11,11,11 9,9,9 11,11,11 10,10,10 8,8,8 10,10,10 18,18,18 11,11,11 9,9,9 10,10,10 10,10,10 10,10,10 12,12,12 11,11,11 12,12,12 11,11,11 12,12,12 11,11,11 9,9,9 10,10,10 12,12,12 13,13,13 11,11,11 10,10,10 10,10,10 10,10,10 10,10,10 10,10,10 10,10,10 10,10,10 10,10,10 10,10,10 10,10,10 10,10,10 10,10,10 10,10,10 10,10,10 10,10,10 10,10,10 10,10,10 10,10,10 10,10,10
10,10,10 10,10,10 10,10,10 10,10,10 10,10,10 10,10,10 10,10,10 10,10,10 10,10,10 10,10,10 10,10,10 10,10,10 10,10,10 10,10,10 10,10,10 10,10,10 10,10,10 10,10,10 10,10,10 10,10,10 10,10,10 10,10,10 11,11,11 0,0,0 83,83,83 0,0,0 13,13,13 71,71,71 79,79,79 227,227,227 50,50,50 9,9,9 10,10,10 10,10,10 255,255,255 0,0,0 0,0,0 111,111,111 53,53,53 11,11,11 25,25,25 69,69,69 0,0,0 0,0,0 126,126,126 10,10,10 10,10,10 10,10,10 10,10,10 10,10,10 10,10,10 10,10,10 10,10,10 10,10,10 10,10,10 10,10,10 10,10,10 10,10,10 10,10,10 10,10,10 10,10,10 10,10,10 10,10,10 10,10,10
10,10,10 10,10,10 10,10,10 10,10,10 10,10,10 10,10,10 10,10,10 10,10,10 10,10,10 10,10,10 10,10,10 10,10,10 10,10,10 10,10,10 10,10,10 10,10,10 10,10,10 10,10,10 10,10,10 3,3,3 10,10,10 11,11,11 10,10,10 11,11,11 17,17,17 11,11,11 11,11,11 9,9,9 9,9,9 9,9,9 10,10,10 10,10,10 10,10,10 10,10,10 8,8,8 11,11,11 10,10,10 8,8,8 11,11,11 11,11,11 6,6,6 2,2,2 8,8,8 11,11,11 10,10,10 10,10,10 10,10,10 10,10,10 10,10,10 10,10,10 10,10,10 10,10,10 10,10,10 10,10,10 10,10,10 10,10,10 10,10,10 10,10,10 10,10,10 10,10,10 10,10,10 10,10,10 10,10,10 10,10,10
10,10,10 10,10,10 10,10,10 10,10,10 10,10,10 10,10,10 10,10,10 10,10,10 10,10,10 10,10,10 10,10,10 10,10,10 10,10,10 10,10,10 10,10,10 10,10,10 10,10,10 10,10,10 13,13,13 1,1,1 72,72,72 86,86,86 0,0,0 11,11,11 15,15,15 255,255,255 241,241,241 75,75,75 182,182,182 72,72,72 83,83,83 11,11,11 10,10,10 10,10,10 19,19,19 201,201,201 203,203,203 255,255,255 22,22,22 0,0,0 255,255,255 255,255,255 243,243,243 3,3,3 10,10,10 10,10,10 10,10,10 10,10,10 10,10,10 10,10,10 10,10,10 10,10,10 10,10,10 10,10,10 10,10,10 10,10,10 10,10,10 10,10,10 10,10,10 10,10,10 10,10,10 10,10,10 10,10,10 10,10,10
10,10,10 10,10,10 10,10,10 10,10,10 10,10,10 10,10,10 10,10,10 10,10,10 10,10,10 10,10,10 10,10,10 10,10,10 10,10,10 10,10,10 10,10,10 10,10,10 10,10,10 10,10,10 10,10,10 18,18,18 20,20,20 18,18,18 110,110,110 12,12,12 24,24,24 9,9,9 18,18,18 6,6,6 18,18,18 22,22,22 8,8,8 10,10,10 10,10,10 10,10,10 17,17,17 16,16,16 10,10,10 20,20,20 12,12,12 17,17,17 18,18,18 23,23,23 19,19,19 12,12,12 12,12,12 10,10,10 15,15,15 10,10,10 10,10,10 10,10,10 10,10,10 10,10,10 10,10,10 10,10,10 10,10,10 10,10,10 10,10,10 10,10,10 10,10,10 10,10,10 10,10,10 10,10,10 10,10,10 10,10,10
10,10,10 10,10,10 10,10,10 10,10,10 10,10,10 10,10,10 10,10,10 10,10,10 10,10,10 10,10,10 10,10,10 10,10,10 10,10,10 10,10,10 10,10,10 10,10,10 10,10,10 10,10,10 10,10,10 187,187,187 32,32,32 124,124,124 194,194,194 9,9,9 255,255,255 2,2,2 58,58,58 255,255,255 0,0,0 43,43,43 9,9,9 11,11,11 10,10,10 10,10,10 17,17,17 37,37,37 60,60,60 255,255,255 255,255,255 145,145,145 246,246,246 51,51,51 6,6,6 11,11,11 58,58,58 0,0,0 107,107,107 2,2,2 23,23,23 100,100,100 98,98,98 10,10,10 10,10,10 10,10,10 10,10,10 10,10,10 10,10,10 10,10,10 10,10,10 10,10,10 10,10,10 10,10,10 10,10,10 10,10,10
10,10,10 10,10,10 10,10,10 10,10,10 10,10,10 10,10,10 10,10,10 10,10,10 10,10,10 10,10,10 10,10,10 10,10,10 10,10,10 10,10,10 10,10,10 10,10,10 10,10,10 10,10,10 10,10,10 10,10,10 9,9,9 9,9,9 11,11,11 25,25,25 9,9,9 18,18,18 13,13,13 10,10,10 10,10,10 12,12,12 248,248,248 10,10,10 10,10,10 9,9,9 0,0,0 4,4,4 8,8,8 6,6,6 16,16,16 15,15,15 2,2,2 9,9,9 9,9,9 12,12,12 9,9,9 12,12,12 12,12,12 0,0,0 4,4,4 13,13,13 10,10,10 10,10,10 10,10,10 10,10,10 10,10,10 10,10,10 10,10,10 10,10,10 10,10,10 10,10,10 10,10,10 10,10,10 10,10,10 10,10,10
10,10,10 10,10,10 10,10,10 10,10,10 10,10,10 10,10,10 10,10,10 10,10,10 10,10,10 10,10,10 10,10,10 10,10,10 10,10,10 10,10,10 10,10,10 10,10,10 10,10,10 10,10,10 10,10,10 10,10,10 10,10,10 10,10,10 20,20,20 64,64,64 217,217,217 172,172,172 159,159,159 0,0,0 166,166,166 215,215,215 96,96,96 10,10,10 10,10,10 10,10,10 114,114,114 189,189,189 210,210,210 37,37,37 182,182,182 129,129,129 238,238,238 12,12,12 10,10,10 10,10,10 10,10,10 10,10,10 10,10,10 10,10,10 10,10,10 10,10,10 10,10,10 10,10,10 10,10,10 10,10,10 10,10,10 10,10,10 10,10,10 10,10,10 10,10,10 10,10,10 10,10,10 10,10,10 10,10,10 10,10,10
10,10,10 10,10,10 10,10,10 10,10,10 10,10,10 10,10,10 10,10,10 10,10,10 10,10,10 10,10,10 10,10,10 10,10,10 10,10,10 10,10,10 10,10,10 10,10,10 10,10,10 10,10,10 10,10,10 10,10,10 10,10,10 10,10,10 0,0,0 10,10,10 0,0,0 8,8,8 10,10,10 3,3,3 13,13,13 2,2,2 16,16,16 12,12,12 10,10,10 10,10,10 11,11,11 0,0,0 18,18,18 5,5,5 1,1,1 0,0,0 4,4,4 12,12,12 10,10,10 10,10,10 10,10,10 10,10,10 10,10,10 10,10,10 10,10,10 10,10,10 10,10,10 10,10,10 10,10,10 10,10,10 10,10,10 10,10,10 10,10,10 10,10,10 10,10,10 10,10,10 10,10,10 10,10,10 10,10,10 10,10,10
10,10,10 10,10,10 10,10,10 10,10,10 10,10,10 10,10,10 10,10,10 10,10,10 10,10,10 10,10,10 10,10,10 10,10,10 10,10,10 10,10,10 10,10,10 10,10,10 10,10,10 10,10,10 10,10,10 10,10,10 244,244,244 143,143,143 86,86,86 46,46,46 0,0,0 142,142,142 90,90,90 132,132,132 0,0,0 168,168,168 179,179,179 10,10,10 10,10,10 10,10,10 5,5,5 33,33,33 3,3,3 130,130,130 228,228,228 251,251,251 9,9,9 29,29,29 175,175,175 128,128,128 10,10,10 10,10,10 10,10,10 10,10,10 10,10,10 10,10,10 10,10,10 10,10,10 10,10,10 10,10,10 10,10,10 10,10,10 10,10,10 10,10,10 10,10,10 10,10,10 10,10,10 10,10,10 10,10,10 10,10,10
10,10,10 10,10,10 10,10,10 10,10,10 10,10,10 10,10,10 10,10,10 10,10,10 10,10,10 10,10,10 10,10,10 10,10,10 10,10,10 10,10,10 10,10,10 10,10,10 10,10,10 10,10,10 10,10,10 10,10,10 108,108,108 95,95,95 65,65,65 108,108,108 22,22,22 6,6,6 62,62,62 10,10,10 10,10,10 143,143,143 119,119,119 10,10,10 10,10,10 10,10,10 96,96,96 47,47,47 3,3,3 83,83,83 76,76,76 66,66,66 2,2,2 24,24,24 138,138,138 16,16,16 10,10,10 10,10,10 10,10,10 10,10,10 10,10,10 10,10,10 10,10,10 10,10,10 10,10,10 10,10,10 10,10,10 10,10,10 10,10,10 10,10,10 10,10,10 10,10,10 10,10,10 10,10,10 10,10,10 10,10,10
10,10,10 10,10,10 10,10,10 10,10,10 10,10,10 10,10,10 10,10,10 10,10,10 10,10,10 10,10,10 10,10,10 10,10,10 10,10,10 10,10,10 10,10,10 10,10,10 10,10,10 10,10,10 10,10,10 17,17,17 10,10,10 249,249,249 3,3,3 11,11,11 19,19,19 16,16,16 0,0,0 13,13,13 5,5,5 8,8,8 16,16,16 11,11,11 10,10,10 10,10,10 0,0,0 11,11,11 0,0,0 0,0,0 0,0,0 0,0,0 0,0,0 18,18,18 6,6,6 5,5,5 0,0,0 10,10,10 10,10,10 10,10,10 10,10,10 10,10,10 10,10,10 10,10,10 10,10,10 10,10,10 10,10,10 10,10,10 10,10,10 10,10,10 10,10,10 10,10,10 10,10,10 10,10,10 10,10,10 10,10,10
10,10,10 10,10,10 10,10,10 10,10,10 10,10,10 10,10,10 10,10,10 10,10,10 10,10,10 10,10,10 10,10,10 10,10,10 10,10,10 10,10,10 10,10,10 10,10,10 10,10,10 10,10,10 10,10,10 10,10,10 30,30,30 242,242,242 213,213,213 33,33,33 232,232,232 0,0,0 0,0,0 80,80,80 223,223,223 8,8,8 173,173,173 9,9,9 10,10,10 10,10,10 12,12,12 213,213,213 203,203,203 214,214,214 50,50,50 13,13,13 236,236,236 192,192,192 216,216,216 224,224,224 103,103,103 10,10,10 10,10,10 10,10,10 10,10,10 10,10,10 10,10,10 10,10,10 10,10,10 10,10,10 10,10,10 10,10,10 10,10,10 10,10,10 10,10,10 10,10,10 10,10,10 10,10,10 10,10,10 10,10,10
10,10,10 10,10,10 10,10,10 10,10,10 10,10,10 10,10,10 10,10,10 10,10,10 10,10,10 10,10,10 10,10,10 10,10,10 10,10,10 10,10,10 10,10,10 10,10,10 10,10,10 10,10,10 10,10,10 10,10,10 10,10,10 10,10,10 32,32,32 0,0,0 0,0,0 11,11,11 12,12,12 8,8,8 137,137,137 3,3,3 51,51,51 12,12,12 10,10,10 10,10,10 2,2,2 23,23,23 13,13,13 11,11,11 131,131,131 165,165,165 16,16,16 15,15,15 10,10,10 3,3,3 4,4,4 15,15,15 16,16,16 10,10,10 10,10,10 10,10,10 10,10,10 10,10,10 10,10,10 10,10,10 10,10,10 10,10,10 10,10,10 10,10,10 10,10,10 10,10,10 10,10,10 10,10,10 10,10,10 10,10,10
10,10,10 10,10,10 10,10,10 10,10,10 10,10,10 10,10,10 10,10,10 10,10,10 10,10,10 10,10,10 10,10,10 10,10,10 10,10,10 10,10,10 10,10,10 10,10,10 10,10,10 10,10,10 10,10,10 10,10,10 10,10,10 10,10,10 31,31,31 89,89,89 61,61,61 40,40,40 30,30,30 13,13,13 12,12,12 167,167,167 66,66,66 11,11,11 10,10,10 10,10,10 4,4,4 0,0,0 62,62,62 196,196,196 223,223,223 174,174,174 210,210,210 16,16,16 216,216,216 51,51,51 57,57,57 110,110,110 202,202,202 10,10,10 10,10,10 10,10,10 10,10,10 10,10,10 10,10,10 10,10,10 10,10,10 10,10,10 10,10,10 10,10,10 10,10,10 10,10,10 10,10,10 10,10,10 10,10,10 10,10,10
10,10,10 10,10,10 10,10,10 10,10,10 10,10,10 10,10,10 10,10,10 10,10,10 10,10,10 10,10,10 10,10,10 10,10,10 10,10,10 10,10,10 10,10,10 10,10,10 10,10,10 10,10,10 10,10,10 10,10,10 10,10,10 10,10,10 11,11,11 10,10,10 10,10,10 10,10,10 22,22,22 19,19,19 6,6,6 9,9,9 23,23,23 20,20,20 18,18,18 12,12,12 22,22,22 19,19,19 10,10,10 16,16,16 15,15,15 10,10,10 10,10,10 10,10,10 10,10,10 10,10,10 10,10,10 10,10,10 10,10,10 10,10,10 10,10,10 10,10,10 10,10,10 10,10,10 10,10,10 10,10,10 10,10,10 10,10,10 10,10,10 10,10,10 10,10,10 10,10,10 10,10,10 10,10,10 10,10,10 10,10,10
10,10,10 10,10,10 10,10,10 10,10,10 10,10,10 10,10,10 10,10,10 10,10,10 10,10,10 10,10,10 10,10,10 10,10,10 10,10,10 10,10,10 10,10,10 10,10,10 10,10,10 10,10,10 10,10,10 10,10,10 10,10,10 10,10,10 10,10,10 10,10,10 10,10,10 10,10,10 72,72,72 72,72,72 0,0,0 194,194,194 149,149,149 250,250,250 10,10,10 229,229,229 96,96,96 0,0,0 57,57,57 200,200,200 255,255,255 10,10,10 10,10,10 10,10,10 10,10,10 10,10,10 10,10,10 10,10,10 10,10,10 10,10,10 10,10,10 10,10,10 10,10,10 10,10,10 10,10,10 10,10,10 10,10,10 10,10,10 10,10,10 10,10,10 10,10,10 10,10,10 10,10,10 10,10,10 10,10,10 10,10,10
10,10,10 10,10,10 10,10,10 10,10,10 10,10,10 10,10,10 10,10,10 10,10,10 10,10,10 10,10,10 10,10,10 10,10,10 10,10,10 10,10,10 10,10,10 10,10,10 10,10,10 10,10,10 10,10,10 10,10,10 10,10,10 10,10,10 10,10,10 10,10,10 10,10,10 10,10,10 10,10,10 10,10,10 10,10,10 10,10,10 10,10,10 10,10,10 10,10,10 10,10,10 10,10,10 10,10,10 10,10,10 11,11,11 10,10,10 10,10,10 10,10,10 10,10,10 10,10,10 10,10,10 10,10,10 10,10,10 10,10,10 10,10,10 10,10,10 10,10,10 10,10,10 10,10,10 10,10,10 10,10,10 10,10,10 10,10,10 10,10,10 10,10,10 10,10,10 10,10,10 10,10,10 10,10,10 10,10,10 10,10,10
10,10,10 10,10,10 10,10,10 10,10,10 10,10,10 10,10,10 10,10,10 10,10,10 10,10,10 10,10,10 8,8,8 16,16,16 19,19,19 2,2,2 11,11,11 8,8,8 10,10,10 11,11,11 0,0,0 11,11,11 9,9,9 10,10,10 0,0,0 12,12,12 8,8,8 6,6,6 10,10,10 9,9,9 8,8,8 10,10,10 11,11,11 10,10,10 10,10,10 10,10,10 11,11,11 29,29,29 73,73,73 15,15,15 10,10,10 15,15,15 18,18,18 10,10,10 4,4,4 9,9,9 10,10,10 10,10,10 10,10,10 10,10,10 10,10,10 10,10,10 10,10,10 10,10,10 10,10,10 10,10,10 10,10,10 10,10,10 10,10,10 10,10,10 10,10,10 10,10,10 10,10,10 10,10,10 10,10,10 10,10,10
10,10,10 10,10,10 10,10,10 10,10,10 10,10,10 10,10,10 10,10,10 10,10,10 10,10,10 1,1,1 103,103,103 167,167,167 231,231,231 209,209,209 0,0,0 107,107,107 67,67,67 10,10,10 158,158,158 249,249,249 234,234,234 154,154,154 12,12,12 192,192,192 0,0,0 76,76,76 0,0,0 0,0,0 255,255,255 17,17,17 12,12,12 10,10,10 10,10,10 10,10,10 0,0,0 9,9,9 72,72,72 78,78,78 41,41,41 37,37,37 6,6,6 144,144,144 180,180,180 229,229,229 10,10,10 10,10,10 10,10,10 10,10,10 10,10,10 10,10,10 10,10,10 10,10,10 10,10,10 10,10,10 10,10,10 10,10,10 10,10,10 10,10,10 10,10,10 10,10,10 10,10,10 10,10,10 10,10,10 10,10,10
10,10,10 10,10,10 10,10,10 10,10,10 10,10,10 10,10,10 10,10,10 10,10,10 10,10,10 10,10,10 10,10,10 10,10,10 10,10,10 10,10,10 11,11,11 10,10,10 10,10,10 10,10,10 10,10,10 10,10,10 10,10,10 10,10,10 10,10,10 11,11,11 10,10,10 10,10,10 10,10,10 10,10,10 10,10,10 10,10,10 10,10,10 10,10,10 10,10,10 11,11,11 15,15,15 9,9,9 9,9,9 10,10,10 17,17,17 10,10,10 10,10,10 10,10,10 10,10,10 9,9,9 10,10,10 10,10,10 10,10,10 10,10,10 10,10,10 10,10,10 10,10,10 10,10,10 10,10,10 10,10,10 10,10,10 10,10,10 10,10,10 10,10,10 10,10,10 10,10,10 10,10,10 10,10,10 10,10,10 10,10,10
10,10,10 10,10,10 10,10,10 10,10,10 10,10,10 10,10,10 10,10,10 10,10,10 10,10,10 10,10,10 10,10,10 10,10,10 10,10,10 10,10,10 11,11,11 8,8,8 9,9,9 10,10,10 10,10,10 10,10,10 10,10,10 10,10,10 10,10,10 10,10,10 13,13,13 10,10,10 15,15,15 11,11,11 10,10,10 10,10,10 10,10,10 10,10,10 10,10,10 10,10,10 2,2,2 10,10,10 10,10,10 11,11,11 11,11,11 6,6,6 4,4,4 2,2,2 10,10,10 6,6,6 10,10,10 10,10,10 9,9,9 9,9,9 10,10,10 10,10,10 10,10,10 10,10,10 10,10,10 10,10,10 10,10,10 10,10,10 10,10,10 10,10,10 10,10,10 10,10,10 10,10,10 10,10,10 10,10,10 10,10,10
10,10,10 10,10,10 10,10,10 10,10,10 10,10,10 10,10,10 10,10,10 10,10,10 10,10,10 10,10,10 10,10,10 10,10,10 10,10,10 10,10,10 11,11,11 23,23,23 201,201,201 252,252,252 244,244,244 251,251,251 13,13,13 0,0,0 9,9,9 11,11,11 202,202,202 76,76,76 224,224,224 0,0,0 187,187,187 26,26,26 104,104,104 10,10,10 10,10,10 10,10,10 122,122,122 25,25,25 0,0,0 211,211,211 66,66,66 209,209,209 40,40,40 0,0,0 11,11,11 0,0,0 244,244,244 186,186,186 147,147,147 31,31,31 10,10,10 10,10,10 10,10,10 10,10,10 10,10,10 10,10,10 10,10,10 10,10,10 10,10,10 10,10,10 10,10,10 10,10,10 10,10,10 10,10,10 10,10,10 10,10,10