10,10,10 10,10,10 10,10,10 10,10,10 10,10,10 10,10,10 10,10,10 10,10,10 10,10,10 10,10,10 10,10,10 10,10,10 10,10,10 10,10,10 10,10,10 10,10,10 10,10,10 11,11,11 231,231,231 74,74,74 53,53,53 203,203,203 6,6,6 123,123,123 217,217,217 204,204,204 220,220,220 166,166,166 87,87,87 160,160,160 213,213,213 10,10,10 10,10,10 10,10,10 13,13,13 171,171,171 159,159,159 100,100,100 110,110,110 20,20,20 11,11,11 118,118,118 216,216,216 0,0,0 11,11,11 10,10,10 10,10,10 10,10,10 10,10,10 10,10,10 10,10,10 10,10,10 10,10,10 10,10,10 10,10,10 10,10,10 10,10,10 10,10,10 10,10,10 10,10,10 10,10,10 10,10,10 10,10,10 10,10,10
10,10,10 10,10,10 10,10,10 10,10,10 10,10,10 10,10,10 10,10,10 10,10,10 10,10,10 10,10,10 10,10,10 10,10,10 10,10,10 10,10,10 10,10,10 10,10,10 10,10,10 10,10,10 10,10,10 10,10,10 10,10,10 10,10,10 13,13,13 217,217,217 0,0,0 10,10,10 217,217,217 18,18,18 16,16,16 6,6,6 19,19,19 10,10,10 10,10,10 13,13,13 122,122,122 10,10,10 18,18,18 15,15,15 217,217,217 29,29,29 16,16,16 8,8,8 12,12,12 16,16,16 18,18,18 10,10,10 10,10,10 10,10,10 10,10,10 10,10,10 10,10,10 10,10,10 10,10,10 10,10,10 10,10,10 10,10,10 10,10,10 10,10,10 10,10,10 10,10,10 10,10,10 10,10,10 10,10,10 10,10,10
10,10,10 10,10,10 10,10,10 10,10,10 10,10,10 10,10,10 10,10,10 10,10,10 10,10,10 10,10,10 10,10,10 10,10,10 10,10,10 10,10,10 10,10,10 10,10,10 10,10,10 10,10,10 10,10,10 10,10,10 10,10,10 10,10,10 15,15,15 255,255,255 88,88,88 32,32,32 0,0,0 128,128,128 234,234,234 83,83,83 255,255,255 9,9,9 10,10,10 10,10,10 60,60,60 139,139,139 4,4,4 10,10,10 217,217,217 126,126,126 237,237,237 255,255,255 95,95,95 255,255,255 10,10,10 10,10,10 10,10,10 10,10,10 10,10,10 10,10,10 10,10,10 10,10,10 10,10,10 10,10,10 10,10,10 10,10,10 10,10,10 10,10,10 10,10,10 10,10,10 10,10,10 10,10,10 10,10,10 10,10,10
10,10,10 10,10,10 10,10,10 10,10,10 10,10,10 10,10,10 10,10,10 10,10,10 10,10,10 10,10,10 10,10,10 10,10,10 10,10,10 10,10,10 10,10,10 10,10,10 10,10,10 10,10,10 10,10,10 10,10,10 12,12,12 39,39,39 10,10,10 15,15,15 15,15,15 8,8,8 17,17,17 12,12,12 12,12,12 9,9,9 13,13,13 10,10,10 10,10,10 10,10,10 44,44,44 18,18,18 15,15,15 10,10,10 18,18,18 5,5,5 20,20,20 16,16,16 16,16,16 11,11,11 13,13,13 11,11,11 10,10,10 8,8,8 39,39,39 65,65,65 8,8,8 10,10,10 10,10,10 10,10,10 10,10,10 10,10,10 10,10,10 10,10,10 10,10,10 10,10,10 10,10,10 10,10,10 10,10,10 10,10,10
10,10,10 10,10,10 10,10,10 10,10,10 10,10,10 10,10,10 10,10,10 10,10,10 10,10,10 10,10,10 10,10,10 10,10,10 10,10,10 10,10,10 10,10,10 10,10,10 10,10,10 10,10,10 10,10,10 10,10,10 11,11,11 122,122,122 250,250,250 81,81,81 209,209,209 0,0,0 255,255,255 0,0,0 217,217,217 227,227,227 255,255,255 10,10,10 10,10,10 11,11,11 186,186,186 0,0,0 0,0,0 9,9,9 0,0,0 1,1,1 0,0,0 0,0,0 9,9,9 9,9,9 178,178,178 31,31,31 0,0,0 189,189,189 166,166,166 90,90,90 9,9,9 10,10,10 10,10,10 10,10,10 10,10,10 10,10,10 10,10,10 10,10,10 10,10,10 10,10,10 10,10,10 10,10,10 10,10,10 10,10,10
10,10,10 10,10,10 10,10,10 10,10,10 10,10,10 10,10,10 10,10,10 10,10,10 10,10,10 10,10,10 10,10,10 10,10,10 10,10,10 10,10,10 12,12,12 11,11,11 10,10,10 10,10,10 10,10,10 10,10,10 11,11,11 15,15,15 11,11,11 5,5,5 16,16,16 11,11,11 13,13,13 9,9,9 9,9,9 12,12,12 8,8,8 10,10,10 10,10,10 11,11,11 0,0,0 8,8,8 11,11,11 0,0,0 15,15,15 20,20,20 17,17,17 5,5,5 10,10,10 10,10,10 8,8,8 10,10,10 10,10,10 10,10,10 10,10,10 11,11,11 9,9,9 10,10,10 10,10,10 10,10,10 10,10,10 10,10,10 10,10,10 10,10,10 10,10,10 10,10,10 10,10,10 10,10,10 10,10,10 10,10,10
10,10,10 10,10,10 10,10,10 10,10,10 10,10,10 10,10,10 10,10,10 10,10,10 10,10,10 10,10,10 10,10,10 10,10,10 10,10,10 10,10,10 17,17,17 0,0,0 0,0,0 255,255,255 5,5,5 0,0,0 206,206,206 0,0,0 2,2,2 165,165,165 143,143,143 0,0,0 0,0,0 0,0,0 0,0,0 196,196,196 255,255,255 10,10,10 10,10,10 12,12,12 0,0,0 18,18,18 17,17,17 3,3,3 52,52,52 71,71,71 0,0,0 150,150,150 6,6,6 255,255,255 124,124,124 10,10,10 10,10,10 10,10,10 10,10,10 10,10,10 10,10,10 10,10,10 10,10,10 10,10,10 10,10,10 10,10,10 10,10,10 10,10,10 10,10,10 10,10,10 10,10,10 10,10,10 10,10,10 10,10,10
10,10,10 10,10,10 10,10,10 10,10,10 10,10,10 10,10,10 10,10,10 10,10,10 10,10,10 10,10,10 10,10,10 10,10,10 10,10,10 10,10,10 10,10,10 11,11,11 10,10,10 10,10,10 10,10,10 10,10,10 1,1,1 12,12,12 8,8,8 11,11,11 9,9,9 10,10,10 20,20,20 10,10,10 4,4,4 9,9,9 5,5,5 10,10,10 10,10,10 9,9,9 18,18,18 8,8,8 12,12,12 9,9,9 10,10,10 11,11,11 17,17,17 10,10,10 9,9,9 11,11,11 13,13,13 11,11,11 10,10,10 10,10,10 8,8,8 11,11,11 10,10,10 9,9,9 8,8,8 10,10,10 10,10,10 10,10,10 10,10,10 10,10,10 10,10,10 10,10,10 10,10,10 10,10,10 10,10,10 10,10,10
10,10,10 10,10,10 10,10,10 10,10,10 10,10,10 10,10,10 10,10,10 10,10,10 10,10,10 10,10,10 10,10,10 10,10,10 10,10,10 10,10,10 10,10,10 10,10,10 10,10,10 10,10,10 10,10,10 10,10,10 241,241,241 75,75,75 166,166,166 6,6,6 11,11,11 255,255,255 231,231,231 25,25,25 24,24,24 189,189,189 50,50,50 10,10,10 10,10,10 9,9,9 202,202,202 214,214,214 194,194,194 6,6,6 10,10,10 16,16,16 24,24,24 175,175,175 9,9,9 30,30,30 6,6,6 225,225,225 2,2,2 0,0,0 0,0,0 6,6,6 1,1,1 199,199,199 0,0,0 0,0,0 173,173,173 181,181,181 10,10,10 10,10,10 10,10,10 10,10,10 10,10,10 10,10,10 10,10,10 10,10,10
10,10,10 10,10,10 10,10,10 10,10,10 10,10,10 10,10,10 10,10,10 10,10,10 10,10,10 10,10,10 10,10,10 10,10,10 10,10,10 10,10,10 10,10,10 10,10,10 10,10,10 10,10,10 10,10,10 0,0,0 10,10,10 10,10,10 9,9,9 10,10,10 12,12,12 11,11,11 10,10,10 13,13,13 9,9,9 11,11,11 11,11,11 10,10,10 10,10,10 10,10,10 9,9,9 10,10,10 8,8,8 9,9,9 10,10,10 4,4,4 17,17,17 4,4,4 15,15,15 12,12,12 11,11,11 10,10,10 11,11,11 10,10,10 10,10,10 10,10,10 10,10,10 10,10,10 10,10,10 10,10,10 10,10,10 10,10,10 10,10,10 10,10,10 10,10,10 10,10,10 10,10,10 10,10,10 10,10,10 10,10,10
10,10,10 10,10,10 10,10,10 10,10,10 10,10,10 10,10,10 10,10,10 10,10,10 10,10,10 10,10,10 10,10,10 10,10,10 10,10,10 10,10,10 10,10,10 10,10,10 10,10,10 10,10,10 10,10,10 161,161,161 11,11,11 231,231,231 138,138,138 0,0,0 255,255,255 130,130,130 22,22,22 156,156,156 136,136,136 2,2,2 6,6,6 10,10,10 10,10,10 10,10,10 22,22,22 175,175,175 193,193,193 54,54,54 129,129,129 143,143,143 9,9,9 9,9,9 130,130,130 158,158,158 6,6,6 0,0,0 10,10,10 10,10,10 10,10,10 10,10,10 10,10,10 10,10,10 10,10,10 10,10,10 10,10,10 10,10,10 10,10,10 10,10,10 10,10,10 10,10,10 10,10,10 10,10,10 10,10,10 10,10,10
10,10,10 10,10,10 10,10,10 10,10,10 10,10,10 10,10,10 10,10,10 10,10,10 10,10,10 10,10,10 10,10,10 10,10,10 10,10,10 10,10,10 10,10,10 10,10,10 10,10,10 10,10,10 10,10,10 0,0,0 11,11,11 10,10,10 11,11,11 11,11,11 11,11,11 11,11,11 16,16,16 13,13,13 13,13,13 11,11,11 10,10,10 10,10,10 10,10,10 11,11,11 19,19,19 10,10,10 10,10,10 8,8,8 9,9,9 9,9,9 15,15,15 11,11,11 11,11,11 12,12,12 15,15,15 11,11,11 10,10,10 10,10,10 10,10,10 10,10,10 10,10,10 10,10,10 10,10,10 10,10,10 10,10,10 10,10,10 10,10,10 10,10,10 10,10,10 10,10,10 10,10,10 10,10,10 10,10,10 10,10,10
10,10,10 10,10,10 10,10,10 10,10,10 10,10,10 10,10,10 10,10,10 10,10,10 10,10,10 10,10,10 10,10,10 10,10,10 10,10,10 10,10,10 10,10,10 10,10,10 10,10,10 10,10,10 10,10,10 10,10,10 255,255,255 0,0,0 2,2,2 0,0,0 0,0,0 78,78,78 0,0,0 0,0,0 85,85,85 58,58,58 4,4,4 10,10,10 10,10,10 11,11,11 10,10,10 0,0,0 0,0,0 0,0,0 33,33,33 8,8,8 51,51,51 222,222,222 15,15,15 125,125,125 156,156,156 13,13,13 10,10,10 10,10,10 10,10,10 10,10,10 10,10,10 10,10,10 10,10,10 10,10,10 10,10,10 10,10,10 10,10,10 10,10,10 10,10,10 10,10,10 10,10,10 10,10,10 10,10,10 10,10,10
10,10,10 10,10,10 10,10,10 10,10,10 10,10,10 10,10,10 10,10,10 10,10,10 10,10,10 10,10,10 10,10,10 10,10,10 10,10,10 10,10,10 10,10,10 10,10,10 10,10,10 10,10,10 10,10,10 10,10,10 9,9,9 12,12,12 8,8,8 11,11,11 9,9,9 10,10,10 11,11,11 11,11,11 12,12,12 9,9,9 10,10,10 10,10,10 10,10,10 10,10,10 10,10,10 6,6,6 11,11,11 11,11,11 11,11,11 10,10,10 9,9,9 11,11,11 6,6,6 11,11,11 10,10,10 10,10,10 10,10,10 10,10,10 10,10,10 10,10,10 10,10,10 10,10,10 10,10,10 10,10,10 10,10,10 10,10,10 10,10,10 10,10,10 10,10,10 10,10,10 10,10,10 10,10,10 10,10,10 10,10,10
10,10,10 10,10,10 10,10,10 10,10,10 10,10,10 10,10,10 10,10,10 10,10,10 10,10,10 10,10,10 10,10,10 10,10,10 10,10,10 10,10,10 10,10,10 10,10,10 10,10,10 10,10,10 10,10,10 10,10,10 10,10,10 10,10,10 10,10,10 10,10,10 10,10,10 10,10,10 10,10,10 10,10,10 10,10,10 10,10,10 10,10,10 10,10,10 10,10,10 10,10,10 10,10,10 10,10,10 10,10,10 10,10,10 10,10,10 10,10,10 10,10,10 10,10,10 10,10,10 10,10,10 10,10,10 10,10,10 10,10,10 10,10,10 10,10,10 10,10,10 10,10,10 10,10,10 10,10,10 10,10,10 10,10,10 10,10,10 10,10,10 10,10,10 10,10,10 10,10,10 10,10,10 10,10,10 10,10,10 10,10,10
10,10,10 10,10,10 10,10,10 10,10,10 10,10,10 10,10,10 10,10,10 10,10,10 10,10,10 10,10,10 10,10,10 10,10,10 10,10,10 10,10,10 10,10,10 10,10,10 10,10,10 10,10,10 10,10,10 10,10,10 10,10,10 10,10,10 10,10,10 10,10,10 10,10,10 10,10,10 10,10,10 10,10,10 10,10,10 10,10,10 10,10,10 10,10,10 10,10,10 10,10,10 10,10,10 10,10,10 10,10,10 10,10,10 10,10,10 10,10,10 10,10,10 10,10,10 10,10,10 10,10,10 10,10,10 10,10,10 10,10,10 10,10,10 10,10,10 10,10,10 10,10,10 10,10,10 10,10,10 10,10,10 10,10,10 10,10,10 10,10,10 10,10,10 10,10,10 10,10,10 10,10,10 10,10,10 10,10,10 10,10,10
10,10,10 10,10,10 10,10,10 10,10,10 10,10,10 10,10,10 10,10,10 10,10,10 10,10,10 10,10,10 10,10,10 10,10,10 10,10,10 10,10,10 10,10,10 10,10,10 10,10,10 10,10,10 10,10,10 10,10,10 10,10,10 10,10,10 10,10,10 10,10,10 10,10,10 10,10,10 10,10,10 10,10,10 10,10,10 10,10,10 10,10,7 10,10,5 12,10,8 10,8,9 10,10,10 10,10,10 10,10,10 10,10,10 10,10,10 10,10,10 10,10,10 10,10,10 10,10,10 10,10,10 10,10,10 10,10,10 10,10,10 10,10,10 10,10,10 10,10,10 10,10,10 10,10,10 10,10,10 10,10,10 10,10,10 10,10,10 10,10,10 10,10,10 10,10,10 10,10,10 10,10,10 10,10,10 10,10,10 10,10,10
10,10,10 10,10,10 10,10,10 10,10,10 10,10,10 10,10,10 10,10,10 10,10,10 10,10,10 10,10,10 10,10,10 10,10,10 10,10,10 10,10,10 10,10,10 10,10,10 10,10,10 10,10,10 10,10,10 10,10,10 10,10,10 10,10,10 10,10,10 10,10,10 10,10,10 10,10,10 10,10,10 10,10,10 10,10,10 10,10,10 237,232,193 184,155,102 207,163,65 205,172,95 12,9,13 10,10,10 10,10,10 10,10,10 10,10,10 10,10,10 10,10,10 10,10,10 10,10,10 10,10,10 10,10,10 10,10,10 10,10,10 10,10,10 10,10,10 10,10,10 10,10,10 10,10,10 10,10,10 10,10,10 10,10,10 10,10,10 10,10,10 10,10,10 10,10,10 10,10,10 10,10,10 10,10,10 10,10,10 10,10,10
10,10,10 10,10,10 10,10,10 10,10,10 10,10,10 10,10,10 10,10,10 10,10,10 10,10,10 10,10,10 10,10,10 10,10,10 10,10,10 10,10,10 10,10,10 10,10,10 10,10,10 10,10,10 10,10,10 10,10,10 10,10,10 10,10,10 10,10,10 10,10,10 10,10,10 10,10,10 10,10,10 10,10,10 10,10,10 10,10,10 146,124,48 116,102,77 158,163,143 255,193,41 17,2,22 10,10,10 10,10,10 10,10,10 10,10,10 10,10,10 10,10,10 10,10,10 10,10,10 10,10,10 10,10,10 10,10,10 10,10,10 10,10,10 10,10,10 10,10,10 10,10,10 10,10,10 10,10,10 10,10,10 10,10,10 10,10,10 10,10,10 10,10,10 10,10,10 10,10,10 10,10,10 10,10,10 10,10,10 10,10,10
10,10,10 10,10,10 10,10,10 10,10,10 10,10,10 10,10,10 10,10,10 10,10,10 10,10,10 10,10,10 10,10,10 10,10,10 10,10,10 10,10,10 10,10,10 10,10,10 10,10,10 10,10,10 10,10,10 10,10,10 10,10,10 10,10,10 10,10,10 10,10,10 10,10,10 10,10,10 10,10,10 10,10,10 10,10,10 10,10,10 13,13,10 107,96,61 142,128,31 239,179,42 175,143,41 10,10,7 10,10,10 10,10,10 10,10,10 10,10,10 10,10,10 10,10,10 10,10,10 10,10,10 10,10,10 10,10,10 10,10,10 10,10,10 10,10,10 10,10,10 10,10,10 10,10,10 10,10,10 10,10,10 10,10,10 10,10,10 10,10,10 10,10,10 10,10,10 10,10,10 10,10,10 10,10,10 10,10,10 10,10,10
10,10,10 10,10,10 10,10,10 10,10,10 10,10,10 10,10,10 10,10,10 10,10,10 10,10,10 10,10,10 10,10,10 10,10,10 10,10,10 10,10,10 10,10,10 10,10,10 10,10,10 10,10,10 10,10,10 10,10,10 10,10,10 10,10,10 10,10,10 10,10,10 10,10,10 10,10,10 10,10,10 10,10,10 10,10,10 8,10,10 184,166,106 54,38,0 45,30,8 193,177,123 204,179,104 10,10,10 10,10,10 10,10,10 10,10,10 10,10,10 10,10,10 10,10,10 10,10,10 10,10,10 10,10,10 10,10,10 10,10,10 10,10,10 10,10,10 10,10,10 10,10,10 10,10,10 10,10,10 10,10,10 10,10,10 10,10,10 10,10,10 10,10,10 10,10,10 10,10,10 10,10,10 10,10,10 10,10,10 10,10,10
10,10,10 10,10,10 10,10,10 10,10,10 10,10,10 10,10,10 10,10,10 10,10,10 10,10,10 10,10,10 10,10,10 10,10,10 10,10,10 10,10,10 10,10,10 10,10,10 10,10,10 10,10,10 10,10,10 10,10,10 10,10,10 10,10,10 10,10,10 10,10,10 10,10,10 10,10,10 10,10,10 10,10,10 10,10,10 10,10,10 4,4,4 8,8,16 10,8,4 13,13,8 14,7,17 10,10,10 10,10,10 10,10,10 10,10,10 10,10,10 10,10,10 10,10,10 10,10,10 10,10,10 10,10,10 10,10,10 10,10,10 10,10,10 10,10,10 10,10,10 10,10,10 10,10,10 10,10,10 10,10,10 10,10,10 10,10,10 10,10,10 10,10,10 10,10,10 10,10,10 10,10,10 10,10,10 10,10,10 10,10,10
10,10,10 10,10,10 10,10,10 10,10,10 10,10,10 10,10,10 10,10,10 10,10,10 10,10,10 10,10,10 10,10,10 10,10,10 10,10,10 10,10,10 10,10,10 10,10,10 10,10,10 10,10,10 10,10,10 10,10,10 10,10,10 10,10,10 10,10,10 10,10,10 10,10,10 9,9,9 13,13,13 17,17,17 16,16,16 9,9,9 16,16,16 16,16,16 19,19,19 22,22,22 18,18,18 15,15,15 17,17,17 13,13,13 10,10,10 9,9,9 10,10,10 10,10,10 10,10,10 10,10,10 10,10,10 10,10,10 10,10,10 10,10,10 10,10,10 10,10,10 10,10,10 10,10,10 10,10,10 10,10,10 10,10,10 10,10,10 10,10,10 10,10,10 10,10,10 10,10,10 10,10,10 10,10,10 10,10,10 10,10,10
10,10,10 10,10,10 10,10,10 10,10,10 10,10,10 10,10,10 10,10,10 10,10,10 10,10,10 10,10,10 10,10,10 10,10,10 10,10,10 10,10,10 10,10,10 10,10,10 10,10,10 10,10,10 10,10,10 10,10,10 10,10,10 10,10,10 10,10,10 10,10,10 10,10,10 10,10,10 214,214,214 75,75,75 5,5,5 143,143,143 4,4,4 131,131,131 255,255,255 18,18,18 58,58,58 255,255,255 11,11,11 195,195,195 18,18,18 10,10,10 10,10,10 10,10,10 10,10,10 10,10,10 10,10,10 10,10,10 10,10,10 10,10,10 10,10,10 10,10,10 10,10,10 10,10,10 10,10,10 10,10,10 10,10,10 10,10,10 10,10,10 10,10,10 10,10,10 10,10,10 10,10,10 10,10,10 10,10,10 10,10,10
10,10,10 10,10,10 10,10,10 10,10,10 10,10,10 10,10,10 10,10,10 10,10,10 10,10,10 10,10,10 10,10,10 10,10,10 10,10,10 10,10,10 10,10,10 10,10,10 10,10,10 10,10,10 10,10,10 10,10,10 10,10,10 10,10,10 10,10,10 10,10,10 10,10,10 10,10,10 9,9,9 12,12,12 17,17,17 13,13,13 10,10,10 9,9,9 5,5,5 3,3,3 0,0,0 1,1,1 0,0,0 10,10,10 11,11,11 9,9,9 10,10,10 10,10,10 10,10,10 10,10,10 10,10,10 10,10,10 10,10,10 10,10,10 10,10,10 10,10,10 10,10,10 10,10,10 10,10,10 10,10,10 10,10,10 10,10,10 10,10,10 10,10,10 10,10,10 10,10,10 10,10,10 10,10,10 10,10,10 10,10,10
10,10,10 10,10,10 10,10,10 10,10,10 10,10,10 10,10,10 10,10,10 10,10,10 10,10,10 10,10,10 10,10,10 10,10,10 10,10,10 10,10,10 10,10,10 10,10,10 10,10,10 10,10,10 10,10,10 10,10,10 10,10,10 10,10,10 10,10,10 10,10,10 10,10,10 10,10,10 10,10,10 10,10,10 11,11,11 10,10,10 10,10,10 10,10,10 11,11,11 11,11,11 11,11,11 11,11,11 11,11,11 10,10,10 10,10,10 10,10,10 10,10,10 10,10,10 10,10,10 10,10,10 10,10,10 10,10,10 10,10,10 10,10,10 10,10,10 10,10,10 10,10,10 10,10,10 10,10,10 10,10,10 10,10,10 10,10,10 10,10,10 10,10,10 10,10,10 10,10,10 10,10,10 10,10,10 10,10,10 10,10,10
10,10,10 10,10,10 10,10,10 10,10,10 10,10,10 10,10,10 10,10,10 10,10,10 10,10,10 10,10,10 10,10,10 10,10,10 10,10,10 10,10,10 10,10,10 185,185,185 22,22,22 13,13,13 4,4,4 17,17,17 22,22,22 0,0,0 3,3,3 16,16,16 133,133,133 15,15,15 13,13,13 9,9,9 24,24,24 0,0,0 3,3,3 10,10,10 11,11,11 11,11,11 0,0,0 2,2,2 0,0,0 2,2,2 206,206,206 0,0,0 3,3,3 29,29,29 30,30,30 0,0,0 0,0,0 0,0,0 0,0,0 10,10,10 10,10,10 10,10,10 10,10,10 10,10,10 10,10,10 10,10,10 10,10,10 10,10,10 10,10,10 10,10,10 10,10,10 10,10,10 10,10,10 10,10,10 10,10,10 10,10,10
10,10,10 10,10,10 10,10,10 10,10,10 10,10,10 10,10,10 10,10,10 10,10,10 10,10,10 10,10,10 10,10,10 10,10,10 10,10,10 10,10,10 10,10,10 12,12,12 8,8,8 1,1,1 15,15,15 1,1,1 144,144,144 111,111,111 8,8,8 9,9,9 38,38,38 0,0,0 27,27,27 41,41,41 0,0,0 30,30,30 51,51,51 11,11,11 11,11,11 11,11,11 124,124,124 128,128,128 18,18,18 0,0,0 16,16,16 41,41,41 143,143,143 48,48,48 25,25,25 91,91,91 149,149,149 57,57,57 13,13,13 10,10,10 10,10,10 10,10,10 10,10,10 10,10,10 10,10,10 10,10,10 10,10,10 10,10,10 10,10,10 10,10,10 10,10,10 10,10,10 10,10,10 10,10,10 10,10,10 10,10,10
10,10,10 10,10,10 10,10,10 10,10,10 10,10,10 10,10,10 10,10,10 10,10,10 10,10,10 10,10,10 10,10,10 10,10,10 10,10,10 10,10,10 5,5,5 22,22,22 20,20,20 6,6,6 12,12,12 17,17,17 20,20,20 18,18,18 15,15,15 13,13,13 12,12,12 20,20,20 17,17,17 17,17,17 13,13,13 10,10,10 5,5,5 11,11,11 11,11,11 11,11,11 146,146,146 15,15,15 2,2,2 6,6,6 10,10,10 150,150,150 17,17,17 3,3,3 12,12,12 2,2,2 12,12,12 11,11,11 10,10,10 10,10,10 10,10,10 10,10,10 10,10,10 10,10,10 10,10,10 10,10,10 10,10,10 10,10,10 10,10,10 10,10,10 10,10,10 10,10,10 10,10,10 10,10,10 10,10,10 10,10,10
10,10,10 10,10,10 10,10,10 10,10,10 10,10,10 10,10,10 10,10,10 10,10,10 10,10,10 10,10,10 10,10,10 10,10,10 10,10,10 11,11,11 1,1,1 232,232,232 221,221,221 255,255,255 220,220,220 31,31,31 224,224,224 40,40,40 221,221,221 194,194,194 40,40,40 211,211,211 255,255,255 81,81,81 167,167,167 132,132,132 0,0,0 11,11,11 11,11,11 11,11,11 218,218,218 47,47,47 0,0,0 6,6,6 4,4,4 222,222,222 64,64,64 13,13,13 39,39,39 208,208,208 221,221,221 214,214,214 10,10,10 10,10,10 10,10,10 10,10,10 10,10,10 10,10,10 10,10,10 10,10,10 10,10,10 10,10,10 10,10,10 10,10,10 10,10,10 10,10,10 10,10,10 10,10,10 10,10,10 10,10,10
10,10,10 10,10,10 10,10,10 10,10,10 10,10,10 10,10,10 11,11,11 10,10,10 9,9,9 11,11,11 5,5,5 6,6,6 8,8,8 11,11,11 9,9,9 6,6,6 3,3,3 12,12,12 12,12,12 6,6,6 11,11,11 16,16,16 5,5,5 16,16,16 12,12,12 13,13,13 10,10,10 8,8,8 11,11,11 10,10,10 6,6,6 11,11,11 11,11,11 10,10,10 255,255,255 5,5,5 16,16,16 15,15,15 12,12,12 218,218,218 4,4,4 12,12,12 11,11,11 208,208,208 10,10,10 10,10,10 10,10,10 10,10,10 10,10,10 10,10,10 10,10,10 10,10,10 10,10,10 10,10,10 10,10,10 10,10,10 10,10,10 10,10,10 10,10,10 10,10,10 10,10,10 10,10,10 10,10,10 10,10,10
10,10,10 10,10,10 10,10,10 10,10,10 10,10,10 10,10,10 253,253,253 90,90,90 75,75,75 25,25,25 228,228,228 246,246,246 26,26,26 11,11,11 0,0,0 129,129,129 58,58,58 192,192,192 52,52,52 0,0,0 144,144,144 20,20,20 244,244,244 117,117,117 168,168,168 255,255,255 176,176,176 71,71,71 41,41,41 37,37,37 0,0,0 11,11,11 11,11,11 10,10,10 213,213,213 96,96,96 238,238,238 255,255,255 209,209,209 255,255,255 206,206,206 91,91,91 220,220,220 255,255,255 12,12,12 10,10,10 10,10,10 10,10,10 10,10,10 10,10,10 10,10,10 10,10,10 10,10,10 10,10,10 10,10,10 10,10,10 10,10,10 10,10,10 10,10,10 10,10,10 10,10,10 10,10,10 10,10,10 10,10,10
10,10,10 10,10,10 10,10,10 10,10,10 10,10,10 10,10,10 10,10,10 10,10,10 10,10,10 10,10,10 10,10,10 10,10,10 11,11,11 10,10,10 10,10,10 10,10,10 10,10,10 10,10,10 10,10,10 10,10,10 10,10,10 15,15,15 10,10,10 10,10,10 9,9,9 10,10,10 10,10,10 10,10,10 11,11,11 10,10,10 10,10,10 10,10,10 11,11,11 11,11,11 9,9,9 10,10,10 10,10,10 9,9,9 10,10,10 10,10,10 10,10,10 13,13,13 9,9,9 10,10,10 10,10,10 10,10,10 10,10,10 10,10,10 10,10,10 10,10,10 10,10,10 10,10,10 10,10,10 10,10,10 10,10,10 10,10,10 10,10,10 10,10,10 10,10,10 10,10,10 10,10,10 10,10,10 10,10,10 10,10,10
10,10,10 10,10,10 10,10,10 10,10,10 10,10,10 10,10,10 10,10,10 0,0,0 9,9,9 11,11,11 9,9,9 10,10,10 10,10,10 11,11,11 6,6,6 8,8,8 11,11,11 8,8,8 0,0,0 8,8,8 11,11,11 17,17,17 9,9,9 10,10,10 11,11,11 9,9,9 11,11,11 10,10,10 8,8,8 10,10,10 5,5,5 10,10,10 11,11,11 11,11,11 81,81,81 11,11,11 10,10,10 10,10,10 15,15,15 12,12,12 69,69,69 17,17,17 0,0,0 9,9,9 3,3,3 15,15,15 17,17,17 11,11,11 11,11,11 12,12,12 9,9,9 8,8,8 9,9,9 15,15,15 10,10,10 11,11,11 10,10,10 10,10,10 10,10,10 10,10,10 10,10,10 10,10,10 10,10,10 10,10,10
10,10,10 10,10,10 10,10,10 10,10,10 10,10,10 10,10,10 11,11,11 11,11,11 72,72,72 138,138,138 245,245,245 227,227,227 12,12,12 17,17,17 18,18,18 0,0,0 0,0,0 0,0,0 57,57,57 8,8,8 110,110,110 255,255,255 244,244,244 232,232,232 229,229,229 13,13,13 236,236,236 224,224,224 53,53,53 97,97,97 143,143,143 9,9,9 11,11,11 10,10,10 24,24,24 249,249,249 180,180,180 0,0,0 10,10,10 1,1,1 175,175,175 3,3,3 187,187,187 249,249,249 76,76,76 30,30,30 0,0,0 95,95,95 73,73,73 227,227,227 0,0,0 199,199,199 0,0,0 161,161,161 255,255,255 11,11,11 10,10,10 10,10,10 10,10,10 10,10,10 10,10,10 10,10,10 10,10,10 10,10,10
10,10,10 10,10,10 10,10,10 10,10,10 10,10,10 10,10,10 10,10,10 10,10,10 10,10,10 10,10,10 10,10,10 10,10,10 10,10,10 11,11,11 10,10,10 10,10,10 10,10,10 10,10,10 10,10,10 10,10,10 10,10,10 10,10,10 10,10,10 10,10,10 10,10,10 12,12,12 10,10,10 10,10,10 10,10,10 10,10,10 10,10,10 10,10,10 11,11,11 11,11,11 0,0,0 12,12,12 11,11,11 4,4,4 10,10,10 11,11,11 0,0,0 0,0,0 11,11,11 0,0,0 4,4,4 5,5,5 10,10,10 10,10,10 10,10,10 10,10,10 10,10,10 10,10,10 10,10,10 13,13,13 10,10,10 10,10,10 10,10,10 10,10,10 10,10,10 10,10,10 10,10,10 10,10,10 10,10,10 10,10,10