10,10,10 10,10,10 10,10,10 10,10,10 10,10,10 10,10,10 10,10,10 10,10,10 10,10,10 10,10,10 10,10,10 10,10,10 10,10,10 10,10,10 10,10,10 10,10,10 10,10,10 10,10,10 10,10,10 10,10,10 10,10,10 10,10,10 10,10,10 10,10,10 10,10,10 10,10,10 10,10,10 10,10,10 10,10,10 10,10,7 189,157,84 112,97,77 7,0,0 6,11,7 8,10,10 10,10,10 10,10,10 10,10,10 10,10,10 10,10,10 10,10,10 10,10,10 10,10,10 10,10,10 10,10,10 10,10,10 10,10,10 10,10,10 10,10,10 10,10,10 10,10,10 10,10,10 10,10,10 10,10,10 10,10,10 10,10,10 10,10,10 10,10,10 10,10,10 10,10,10 10,10,10 10,10,10 10,10,10 10,10,10
10,10,10 10,10,10 10,10,10 10,10,10 10,10,10 10,10,10 10,10,10 10,10,10 10,10,10 10,10,10 10,10,10 10,10,10 10,10,10 10,10,10 10,10,10 10,10,10 10,10,10 10,10,10 10,10,10 10,10,10 10,10,10 10,10,10 10,10,10 10,10,10 10,10,10 10,10,10 10,10,10 10,10,10 10,10,10 10,9,12 178,140,51 213,187,117 153,116,72 12,12,9 133,109,85 13,8,7 10,10,10 10,10,10 10,10,10 10,10,10 10,10,10 10,10,10 10,10,10 10,10,10 10,10,10 10,10,10 10,10,10 10,10,10 10,10,10 10,10,10 10,10,10 10,10,10 10,10,10 10,10,10 10,10,10 10,10,10 10,10,10 10,10,10 10,10,10 10,10,10 10,10,10 10,10,10 10,10,10 10,10,10
10,10,10 10,10,10 10,10,10 10,10,10 10,10,10 10,10,10 10,10,10 10,10,10 10,10,10 10,10,10 10,10,10 10,10,10 10,10,10 10,10,10 10,10,10 10,10,10 10,10,10 10,10,10 10,10,10 10,10,10 10,10,10 10,10,10 10,10,10 10,10,10 10,10,10 10,10,10 10,10,10 10,10,10 10,10,10 10,10,7 187,130,23 223,191,116 206,188,146 114,104,82 179,139,62 11,8,14 10,10,10 10,10,10 10,10,10 10,10,10 10,10,10 10,10,10 10,10,10 10,10,10 10,10,10 10,10,10 10,10,10 10,10,10 10,10,10 10,10,10 10,10,10 10,10,10 10,10,10 10,10,10 10,10,10 10,10,10 10,10,10 10,10,10 10,10,10 10,10,10 10,10,10 10,10,10 10,10,10 10,10,10
10,10,10 10,10,10 10,10,10 10,10,10 10,10,10 10,10,10 10,10,10 10,10,10 10,10,10 10,10,10 10,10,10 10,10,10 10,10,10 10,10,10 10,10,10 10,10,10 10,10,10 10,10,10 10,10,10 10,10,10 10,10,10 10,10,10 10,10,10 10,10,10 10,10,10 10,10,10 10,10,10 10,10,10 10,10,10 8,10,10 127,83,1 106,100,77 224,192,117 115,104,97 211,162,52 10,10,10 10,10,10 10,10,10 10,10,10 10,10,10 10,10,10 10,10,10 10,10,10 10,10,10 10,10,10 10,10,10 10,10,10 10,10,10 10,10,10 10,10,10 10,10,10 10,10,10 10,10,10 10,10,10 10,10,10 10,10,10 10,10,10 10,10,10 10,10,10 10,10,10 10,10,10 10,10,10 10,10,10 10,10,10
10,10,10 10,10,10 10,10,10 10,10,10 10,10,10 10,10,10 10,10,10 10,10,10 10,10,10 10,10,10 10,10,10 10,10,10 10,10,10 10,10,10 10,10,10 10,10,10 10,10,10 10,10,10 10,10,10 10,10,10 10,10,10 10,10,10 10,10,10 10,10,10 10,10,10 10,10,10 10,10,10 10,10,10 10,10,10 11,8,14 32,24,0 17,6,3 181,148,96 103,92,77 162,142,92 11,9,10 10,10,10 10,10,10 10,10,10 10,10,10 10,10,10 10,10,10 10,10,10 10,10,10 10,10,10 10,10,10 10,10,10 10,10,10 10,10,10 10,10,10 10,10,10 10,10,10 10,10,10 10,10,10 10,10,10 10,10,10 10,10,10 10,10,10 10,10,10 10,10,10 10,10,10 10,10,10 10,10,10 10,10,10
10,10,10 10,10,10 10,10,10 10,10,10 10,10,10 10,10,10 10,10,10 10,10,10 10,10,10 10,10,10 10,10,10 10,10,10 10,10,10 10,10,10 10,10,10 10,10,10 10,10,10 10,10,10 10,10,10 10,10,10 10,10,10 10,10,10 10,10,10 10,10,10 10,10,10 10,10,10 10,10,10 10,10,10 10,10,10 10,10,10 10,9,12 11,11,11 13,13,10 12,10,11 12,12,12 11,11,11 10,10,10 10,10,10 10,10,10 10,10,10 10,10,10 10,10,10 10,10,10 10,10,10 10,10,10 10,10,10 10,10,10 10,10,10 10,10,10 10,10,10 10,10,10 10,10,10 10,10,10 10,10,10 10,10,10 10,10,10 10,10,10 10,10,10 10,10,10 10,10,10 10,10,10 10,10,10 10,10,10 10,10,10
10,10,10 10,10,10 10,10,10 10,10,10 10,10,10 10,10,10 10,10,10 10,10,10 10,10,10 10,10,10 10,10,10 10,10,10 10,10,10 10,10,10 10,10,10 10,10,10 10,10,10 10,10,10 10,10,10 10,10,10 10,10,10 10,10,10 10,10,10 10,10,10 10,10,10 10,10,10 10,10,10 10,10,10 10,10,10 248,247,250 18,16,17 30,30,30 0,0,0 106,104,102 0,0,0 241,241,241 10,10,10 10,10,10 10,10,10 10,10,10 10,10,10 10,10,10 10,10,10 10,10,10 10,10,10 10,10,10 10,10,10 10,10,10 10,10,10 10,10,10 10,10,10 10,10,10 10,10,10 10,10,10 10,10,10 10,10,10 10,10,10 10,10,10 10,10,10 10,10,10 10,10,10 10,10,10 10,10,10 10,10,10
10,10,10 10,10,10 10,10,10 10,10,10 10,10,10 10,10,10 10,10,10 10,10,10 10,10,10 10,10,10 10,10,10 10,10,10 10,10,10 10,10,10 10,10,10 10,10,10 10,10,10 10,10,10 10,10,10 10,10,10 10,10,10 10,10,10 10,10,10 10,10,10 10,10,10 10,10,10 10,10,10 10,10,10 10,10,10 97,96,99 5,5,5 19,19,19 0,0,0 104,104,104 0,0,0 15,15,15 10,10,10 10,10,10 10,10,10 10,10,10 10,10,10 10,10,10 10,10,10 10,10,10 10,10,10 10,10,10 10,10,10 10,10,10 10,10,10 10,10,10 10,10,10 10,10,10 10,10,10 10,10,10 10,10,10 10,10,10 10,10,10 10,10,10 10,10,10 10,10,10 10,10,10 10,10,10 10,10,10 10,10,10
10,10,10 10,10,10 10,10,10 10,10,10 10,10,10 10,10,10 10,10,10 10,10,10 10,10,10 10,10,10 10,10,10 10,10,10 10,10,10 10,10,10 10,10,10 10,10,10 10,10,10 10,10,10 10,10,10 10,10,10 10,10,10 10,10,10 10,10,10 10,10,10 10,10,10 10,10,10 10,10,10 10,10,10 10,10,10 10,10,10 10,10,10 10,10,10 11,11,11 10,10,10 11,11,11 10,10,10 10,10,10 10,10,10 10,10,10 10,10,10 10,10,10 10,10,10 10,10,10 10,10,10 10,10,10 10,10,10 10,10,10 10,10,10 10,10,10 10,10,10 10,10,10 10,10,10 10,10,10 10,10,10 10,10,10 10,10,10 10,10,10 10,10,10 10,10,10 10,10,10 10,10,10 10,10,10 10,10,10 10,10,10
10,10,10 10,10,10 10,10,10 10,10,10 10,10,10 10,10,10 10,10,10 10,10,10 10,10,10 10,10,10 10,10,10 10,10,10 10,10,10 10,10,10 10,10,10 10,10,10 0,0,0 11,11,11 11,11,11 11,11,11 13,13,13 11,11,11 10,10,10 5,5,5 6,6,6 6,6,6 6,6,6 10,10,10 10,10,10 9,9,9 10,10,10 10,10,10 10,10,10 9,9,9 34,34,34 13,13,13 11,11,11 12,12,12 10,10,10 37,37,37 9,9,9 8,8,8 12,12,12 9,9,9 11,11,11 9,9,9 10,10,10 10,10,10 10,10,10 10,10,10 10,10,10 10,10,10 10,10,10 10,10,10 10,10,10 10,10,10 10,10,10 10,10,10 10,10,10 10,10,10 10,10,10 10,10,10 10,10,10 10,10,10
10,10,10 10,10,10 10,10,10 10,10,10 10,10,10 10,10,10 10,10,10 10,10,10 10,10,10 10,10,10 10,10,10 10,10,10 10,10,10 10,10,10 10,10,10 10,10,10 167,167,167 29,29,29 0,0,0 239,239,239 68,68,68 255,255,255 11,11,11 11,11,11 248,248,248 130,130,130 239,239,239 98,98,98 190,190,190 236,236,236 143,143,143 9,9,9 10,10,10 11,11,11 17,17,17 12,12,12 11,11,11 27,27,27 10,10,10 18,18,18 140,140,140 12,12,12 9,9,9 61,61,61 0,0,0 255,255,255 10,10,10 10,10,10 10,10,10 10,10,10 10,10,10 10,10,10 10,10,10 10,10,10 10,10,10 10,10,10 10,10,10 10,10,10 10,10,10 10,10,10 10,10,10 10,10,10 10,10,10 10,10,10
10,10,10 10,10,10 10,10,10 10,10,10 10,10,10 10,10,10 10,10,10 10,10,10 10,10,10 10,10,10 10,10,10 10,10,10 10,10,10 10,10,10 10,10,10 10,10,10 10,10,10 8,8,8 10,10,10 10,10,10 10,10,10 11,11,11 10,10,10 10,10,10 9,9,9 8,8,8 9,9,9 10,10,10 6,6,6 10,10,10 11,11,11 10,10,10 10,10,10 10,10,10 0,0,0 5,5,5 12,12,12 12,12,12 13,13,13 9,9,9 13,13,13 0,0,0 12,12,12 10,10,10 10,10,10 10,10,10 10,10,10 10,10,10 10,10,10 10,10,10 10,10,10 10,10,10 10,10,10 10,10,10 10,10,10 10,10,10 10,10,10 10,10,10 10,10,10 10,10,10 10,10,10 10,10,10 10,10,10 10,10,10
10,10,10 10,10,10 10,10,10 10,10,10 10,10,10 10,10,10 10,10,10 10,10,10 10,10,10 10,10,10 10,10,10 10,10,10 10,10,10 10,10,10 10,10,10 10,10,10 10,10,10 10,10,10 10,10,10 10,10,10 10,10,10 10,10,10 10,10,10 10,10,10 10,10,10 10,10,10 10,10,10 10,10,10 10,10,10 10,10,10 10,10,10 10,10,10 10,10,10 11,11,11 27,27,27 86,86,86 61,61,61 246,246,246 12,12,12 18,18,18 249,249,249 255,255,255 220,220,220 4,4,4 10,10,10 10,10,10 10,10,10 10,10,10 10,10,10 10,10,10 10,10,10 10,10,10 10,10,10 10,10,10 10,10,10 10,10,10 10,10,10 10,10,10 10,10,10 10,10,10 10,10,10 10,10,10 10,10,10 10,10,10
10,10,10 10,10,10 10,10,10 10,10,10 10,10,10 10,10,10 10,10,10 10,10,10 10,10,10 10,10,10 10,10,10 10,10,10 10,10,10 10,10,10 10,10,10 10,10,10 10,10,10 10,10,10 10,10,10 10,10,10 10,10,10 10,10,10 10,10,10 10,10,10 10,10,10 10,10,10 10,10,10 10,10,10 10,10,10 10,10,10 10,10,10 10,10,10 10,10,10 10,10,10 13,13,13 6,6,6 10,10,10 11,11,11 12,12,12 11,11,11 16,16,16 17,17,17 10,10,10 11,11,11 11,11,11 10,10,10 10,10,10 10,10,10 10,10,10 10,10,10 10,10,10 10,10,10 10,10,10 10,10,10 10,10,10 10,10,10 10,10,10 10,10,10 10,10,10 10,10,10 10,10,10 10,10,10 10,10,10 10,10,10
10,10,10 10,10,10 10,10,10 10,10,10 10,10,10 10,10,10 10,10,10 10,10,10 10,10,10 10,10,10 10,10,10 10,10,10 10,10,10 10,10,10 10,10,10 10,10,10 10,10,10 10,10,10 10,10,10 10,10,10 10,10,10 10,10,10 10,10,10 10,10,10 10,10,10 10,10,10 10,10,10 10,10,10 10,10,10 10,10,10 10,10,10 10,10,10 10,10,10 11,11,11 22,22,22 60,60,60 124,124,124 238,238,238 255,255,255 2,2,2 3,3,3 0,0,0 165,165,165 249,249,249 178,178,178 151,151,151 18,18,18 10,10,10 10,10,10 10,10,10 10,10,10 10,10,10 10,10,10 10,10,10 10,10,10 10,10,10 10,10,10 10,10,10 10,10,10 10,10,10 10,10,10 10,10,10 10,10,10 10,10,10
10,10,10 10,10,10 10,10,10 10,10,10 10,10,10 10,10,10 10,10,10 10,10,10 10,10,10 10,10,10 10,10,10 10,10,10 10,10,10 10,10,10 10,10,10 10,10,10 10,10,10 10,10,10 10,10,10 10,10,10 10,10,10 10,10,10 10,10,10 10,10,10 10,10,10 10,10,10 10,10,10 10,10,10 10,10,10 10,10,10 10,10,10 10,10,10 10,10,10 10,10,10 9,9,9 9,9,9 9,9,9 10,10,10 9,9,9 11,11,11 9,9,9 11,11,11 10,10,10 10,10,10 10,10,10 10,10,10 10,10,10 10,10,10 10,10,10 10,10,10 10,10,10 10,10,10 10,10,10 10,10,10 10,10,10 10,10,10 10,10,10 10,10,10 10,10,10 10,10,10 10,10,10 10,10,10 10,10,10 10,10,10
10,10,10 10,10,10 10,10,10 10,10,10 10,10,10 10,10,10 10,10,10 10,10,10 10,10,10 10,10,10 10,10,10 10,10,10 10,10,10 10,10,10 10,10,10 10,10,10 10,10,10 10,10,10 9,9,9 10,10,10 10,10,10 10,10,10 10,10,10 11,11,11 10,10,10 10,10,10 10,10,10 8,8,8 10,10,10 10,10,10 10,10,10 10,10,10 10,10,10 10,10,10 9,9,9 10,10,10 10,10,10 10,10,10 11,11,11 10,10,10 12,12,12 10,10,10 11,11,11 10,10,10 10,10,10 10,10,10 11,11,11 10,10,10 10,10,10 10,10,10 10,10,10 10,10,10 10,10,10 10,10,10 10,10,10 10,10,10 10,10,10 10,10,10 10,10,10 10,10,10 10,10,10 10,10,10 10,10,10 10,10,10
10,10,10 10,10,10 10,10,10 10,10,10 10,10,10 10,10,10 10,10,10 10,10,10 10,10,10 10,10,10 10,10,10 10,10,10 10,10,10 10,10,10 10,10,10 10,10,10 10,10,10 220,220,220 190,190,190 9,9,9 133,133,133 222,222,222 126,126,126 133,133,133 171,171,171 207,207,207 201,201,201 255,255,255 171,171,171 186,186,186 5,5,5 10,10,10 10,10,10 11,11,11 125,125,125 4,4,4 54,54,54 34,34,34 4,4,4 4,4,4 15,15,15 244,244,244 255,255,255 32,32,32 88,88,88 0,0,0 22,22,22 223,223,223 13,13,13 10,10,10 10,10,10 10,10,10 10,10,10 10,10,10 10,10,10 10,10,10 10,10,10 10,10,10 10,10,10 10,10,10 10,10,10 10,10,10 10,10,10 10,10,10
10,10,10 10,10,10 10,10,10 10,10,10 10,10,10 10,10,10 10,10,10 10,10,10 10,10,10 10,10,10 10,10,10 10,10,10 10,10,10 10,10,10 10,10,10 10,10,10 10,10,10 10,10,10 10,10,10 10,10,10 9,9,9 11,11,11 10,10,10 15,15,15 13,13,13 10,10,10 19,19,19 22,22,22 20,20,20 12,12,12 105,105,105 10,10,10 10,10,10 11,11,11 8,8,8 24,24,24 11,11,11 20,20,20 36,36,36 10,10,10 24,24,24 19,19,19 11,11,11 15,15,15 17,17,17 15,15,15 22,22,22 11,11,11 10,10,10 10,10,10 10,10,10 10,10,10 10,10,10 10,10,10 10,10,10 10,10,10 10,10,10 10,10,10 10,10,10 10,10,10 10,10,10 10,10,10 10,10,10 10,10,10
10,10,10 10,10,10 10,10,10 10,10,10 10,10,10 10,10,10 10,10,10 10,10,10 10,10,10 10,10,10 10,10,10 10,10,10 10,10,10 10,10,10 10,10,10 10,10,10 10,10,10 10,10,10 10,10,10 10,10,10 10,10,10 10,10,10 10,10,10 10,10,10 10,10,10 10,10,10 10,10,10 10,10,10 10,10,10 10,10,10 10,10,10 10,10,10 10,10,10 11,11,11 13,13,13 78,78,78 16,16,16 237,237,237 255,255,255 64,64,64 89,89,89 171,171,171 0,0,0 186,186,186 201,201,201 110,110,110 10,10,10 10,10,10 10,10,10 10,10,10 10,10,10 10,10,10 10,10,10 10,10,10 10,10,10 10,10,10 10,10,10 10,10,10 10,10,10 10,10,10 10,10,10 10,10,10 10,10,10 10,10,10
10,10,10 10,10,10 10,10,10 10,10,10 10,10,10 10,10,10 10,10,10 10,10,10 10,10,10 10,10,10 10,10,10 10,10,10 10,10,10 10,10,10 10,10,10 10,10,10 10,10,10 10,10,10 10,10,10 10,10,10 10,10,10 10,10,10 10,10,10 10,10,10 10,10,10 10,10,10 10,10,10 10,10,10 10,10,10 10,10,10 10,10,10 10,10,10 10,10,10 10,10,10 11,11,11 12,12,12 12,12,12 8,8,8 19,19,19 10,10,10 15,15,15 10,10,10 9,9,9 15,15,15 133,133,133 11,11,11 10,10,10 10,10,10 10,10,10 10,10,10 10,10,10 10,10,10 10,10,10 10,10,10 10,10,10 10,10,10 10,10,10 10,10,10 10,10,10 10,10,10 10,10,10 10,10,10 10,10,10 10,10,10
10,10,10 10,10,10 10,10,10 10,10,10 10,10,10 10,10,10 10,10,10 10,10,10 10,10,10 10,10,10 10,10,10 10,10,10 10,10,10 10,10,10 10,10,10 10,10,10 10,10,10 10,10,10 10,10,10 10,10,10 10,10,10 10,10,10 10,10,10 10,10,10 10,10,10 10,10,10 10,10,10 10,10,10 10,10,10 10,10,10 10,10,10 10,10,10 10,10,10 10,10,10 11,11,11 11,11,11 10,10,10 9,9,9 10,10,10 11,11,11 10,10,10 10,10,10 10,10,10 11,11,11 10,10,10 10,10,10 10,10,10 10,10,10 10,10,10 10,10,10 10,10,10 10,10,10 10,10,10 10,10,10 10,10,10 10,10,10 10,10,10 10,10,10 10,10,10 10,10,10 10,10,10 10,10,10 10,10,10 10,10,10
10,10,10 10,10,10 10,10,10 10,10,10 10,10,10 10,10,10 10,10,10 10,10,10 10,10,10 10,10,10 10,10,10 10,10,10 0,0,0 8,8,8 26,26,26 19,19,19 39,39,39 10,10,10 94,94,94 17,17,17 41,41,41 6,6,6 32,32,32 0,0,0 11,11,11 43,43,43 50,50,50 46,46,46 81,81,81 3,3,3 9,9,9 11,11,11 10,10,10 11,11,11 3,3,3 2,2,2 13,13,13 5,5,5 11,11,11 0,0,0 144,144,144 6,6,6 50,50,50 192,192,192 185,185,185 104,104,104 146,146,146 85,85,85 112,112,112 119,119,119 6,6,6 10,10,10 10,10,10 10,10,10 10,10,10 10,10,10 10,10,10 10,10,10 10,10,10 10,10,10 10,10,10 10,10,10 10,10,10 10,10,10
10,10,10 10,10,10 10,10,10 10,10,10 10,10,10 10,10,10 10,10,10 10,10,10 10,10,10 10,10,10 10,10,10 10,10,10 1,1,1 0,0,0 89,89,89 1,1,1 50,50,50 0,0,0 88,88,88 5,5,5 89,89,89 26,26,26 39,39,39 164,164,164 136,136,136 139,139,139 153,153,153 5,5,5 89,89,89 1,1,1 10,10,10 10,10,10 10,10,10 11,11,11 4,4,4 12,12,12 16,16,16 69,69,69 22,22,22 22,22,22 101,101,101 95,95,95 58,58,58 255,255,255 86,86,86 34,34,34 140,140,140 74,74,74 76,76,76 0,0,0 8,8,8 10,10,10 10,10,10 10,10,10 10,10,10 10,10,10 10,10,10 10,10,10 10,10,10 10,10,10 10,10,10 10,10,10 10,10,10 10,10,10
10,10,10 10,10,10 10,10,10 10,10,10 10,10,10 10,10,10 10,10,10 10,10,10 10,10,10 10,10,10 10,10,10 10,10,10 10,10,10 10,10,10 10,10,10 10,10,10 10,10,10 10,10,10 10,10,10 10,10,10 10,10,10 10,10,10 10,10,10 10,10,10 10,10,10 10,10,10 10,10,10 10,10,10 10,10,10 10,10,10 10,10,10 10,10,10 10,10,10 10,10,10 10,10,10 10,10,10 10,10,10 10,10,10 10,10,10 10,10,10 10,10,10 10,10,10 10,10,10 10,10,10 10,10,10 10,10,10 10,10,10 10,10,10 10,10,10 10,10,10 10,10,10 10,10,10 10,10,10 10,10,10 10,10,10 10,10,10 10,10,10 10,10,10 10,10,10 10,10,10 10,10,10 10,10,10 10,10,10 10,10,10
10,10,10 10,10,10 10,10,10 10,10,10 10,10,10 10,10,10 10,10,10 10,10,10 10,10,10 10,10,10 10,10,10 10,10,10 10,10,10 10,10,10 10,10,10 10,10,10 10,10,10 10,10,10 10,10,10 10,10,10 10,10,10 10,10,10 10,10,10 10,10,10 10,10,10 10,10,10 10,10,10 10,10,10 10,10,10 10,10,10 10,10,10 10,10,10 10,10,10 10,10,10 10,10,10 10,10,10 10,10,10 10,10,10 10,10,10 10,10,10 10,10,10 10,10,10 10,10,10 10,10,10 10,10,10 10,10,10 10,10,10 10,10,10 10,10,10 10,10,10 10,10,10 10,10,10 10,10,10 10,10,10 10,10,10 10,10,10 10,10,10 10,10,10 10,10,10 10,10,10 10,10,10 10,10,10 10,10,10 10,10,10
10,10,10 10,10,10 10,10,10 10,10,10 10,10,10 10,10,10 10,10,10 10,10,10 10,10,10 10,10,10 10,10,10 10,10,10 10,10,10 10,10,10 10,10,10 10,10,10 10,10,10 10,10,10 10,10,10 10,10,10 10,10,10 10,10,10 10,10,10 10,10,10 10,10,10 10,10,10 10,10,10 11,11,11 17,17,17 18,18,18 12,12,12 13,13,13 9,9,9 10,10,10 12,12,12 15,15,15 6,6,6 10,10,10 10,10,10 10,10,10 10,10,10 10,10,10 10,10,10 10,10,10 10,10,10 10,10,10 10,10,10 10,10,10 10,10,10 10,10,10 10,10,10 10,10,10 10,10,10 10,10,10 10,10,10 10,10,10 10,10,10 10,10,10 10,10,10 10,10,10 10,10,10 10,10,10 10,10,10 10,10,10
10,10,10 10,10,10 10,10,10 10,10,10 10,10,10 10,10,10 10,10,10 10,10,10 10,10,10 10,10,10 10,10,10 10,10,10 10,10,10 10,10,10 10,10,10 10,10,10 10,10,10 10,10,10 10,10,10 10,10,10 10,10,10 10,10,10 10,10,10 10,10,10 10,10,10 10,10,10 10,10,10 10,10,10 0,0,0 10,10,10 2,2,2 40,40,40 3,3,3 12,12,12 15,15,15 12,12,12 0,0,0 10,10,10 10,10,10 10,10,10 10,10,10 10,10,10 10,10,10 10,10,10 10,10,10 10,10,10 10,10,10 10,10,10 10,10,10 10,10,10 10,10,10 10,10,10 10,10,10 10,10,10 10,10,10 10,10,10 10,10,10 10,10,10 10,10,10 10,10,10 10,10,10 10,10,10 10,10,10 10,10,10
10,10,10 10,10,10 10,10,10 10,10,10 10,10,10 10,10,10 10,10,10 10,10,10 10,10,10 10,10,10 10,10,10 10,10,10 10,10,10 10,10,10 10,10,10 10,10,10 10,10,10 10,10,10 10,10,10 10,10,10 9,9,9 6,6,6 10,10,10 6,6,6 10,10,10 10,10,10 9,9,9 9,9,9 10,10,10 11,11,11 9,9,9 9,9,9 10,10,10 10,10,10 10,10,10 12,12,12 10,10,10 10,10,10 10,10,10 11,11,11 10,10,10 11,11,11 9,9,9 10,10,10 10,10,10 10,10,10 10,10,10 10,10,10 10,10,10 10,10,10 10,10,10 10,10,10 10,10,10 10,10,10 10,10,10 10,10,10 10,10,10 10,10,10 10,10,10 10,10,10 10,10,10 10,10,10 10,10,10 10,10,10
10,10,10 10,10,10 10,10,10 10,10,10 10,10,10 10,10,10 10,10,10 10,10,10 10,10,10 10,10,10 10,10,10 10,10,10 10,10,10 10,10,10 10,10,10 10,10,10 10,10,10 10,10,10 10,10,10 10,10,10 12,12,12 122,122,122 116,116,116 217,217,217 160,160,160 58,58,58 4,4,4 0,0,0 17,17,17 23,23,23 157,157,157 10,10,10 10,10,10 10,10,10 161,161,161 115,115,115 4,4,4 11,11,11 0,0,0 214,214,214 16,16,16 0,0,0 26,26,26 10,10,10 10,10,10 10,10,10 10,10,10 10,10,10 10,10,10 10,10,10 10,10,10 10,10,10 10,10,10 10,10,10 10,10,10 10,10,10 10,10,10 10,10,10 10,10,10 10,10,10 10,10,10 10,10,10 10,10,10 10,10,10
10,10,10 10,10,10 10,10,10 10,10,10 10,10,10 10,10,10 10,10,10 10,10,10 10,10,10 10,10,10 10,10,10 10,10,10 10,10,10 10,10,10 10,10,10 10,10,10 10,10,10 10,10,10 8,8,8 10,10,10 11,11,11 9,9,9 13,13,13 11,11,11 11,11,11 5,5,5 3,3,3 9,9,9 11,11,11 13,13,13 0,0,0 9,9,9 10,10,10 10,10,10 9,9,9 18,18,18 8,8,8 10,10,10 9,9,9 6,6,6 9,9,9 13,13,13 8,8,8 10,10,10 10,10,10 10,10,10 10,10,10 10,10,10 10,10,10 10,10,10 10,10,10 10,10,10 10,10,10 10,10,10 10,10,10 10,10,10 10,10,10 10,10,10 10,10,10 10,10,10 10,10,10 10,10,10 10,10,10 10,10,10
10,10,10 10,10,10 10,10,10 10,10,10 10,10,10 10,10,10 10,10,10 10,10,10 10,10,10 10,10,10 10,10,10 10,10,10 10,10,10 10,10,10 10,10,10 10,10,10 10,10,10 16,16,16 110,110,110 255,255,255 248,248,248 5,5,5 179,179,179 32,32,32 0,0,0 10,10,10 115,115,115 109,109,109 244,244,244 110,110,110 255,255,255 11,11,11 10,10,10 10,10,10 255,255,255 3,3,3 0,0,0 194,194,194 8,8,8 10,10,10 255,255,255 0,0,0 0,0,0 16,16,16 10,10,10 10,10,10 10,10,10 10,10,10 10,10,10 10,10,10 10,10,10 10,10,10 10,10,10 10,10,10 10,10,10 10,10,10 10,10,10 10,10,10 10,10,10 10,10,10 10,10,10 10,10,10 10,10,10 10,10,10
10,10,10 10,10,10 10,10,10 10,10,10 10,10,10 10,10,10 10,10,10 10,10,10 10,10,10 10,10,10 10,10,10 10,10,10 10,10,10 10,10,10 10,10,10 10,10,10 10,10,10 12,12,12 11,11,11 8,8,8 16,16,16 6,6,6 8,8,8 6,6,6 17,17,17 10,10,10 17,17,17 10,10,10 13,13,13 4,4,4 11,11,11 9,9,9 10,10,10 10,10,10 9,9,9 1,1,1 13,13,13 13,13,13 5,5,5 10,10,10 10,10,10 16,16,16 18,18,18 11,11,11 10,10,10 10,10,10 10,10,10 10,10,10 10,10,10 10,10,10 10,10,10 10,10,10 10,10,10 10,10,10 10,10,10 10,10,10 10,10,10 10,10,10 10,10,10 10,10,10 10,10,10 10,10,10 10,10,10 10,10,10
10,10,10 10,10,10 10,10,10 10,10,10 10,10,10 10,10,10 10,10,10 10,10,10 10,10,10 10,10,10 10,10,10 10,10,10 10,10,10 10,10,10 10,10,10 10,10,10 255,255,255 255,255,255 255,255,255 118,118,118 181,181,181 253,253,253 255,255,255 101,101,101 22,22,22 0,0,0 0,0,0 0,0,0 36,36,36 255,255,255 164,164,164 8,8,8 10,10,10 10,10,10 111,111,111 0,0,0 0,0,0 0,0,0 10,10,10 0,0,0 15,15,15 0,0,0 95,95,95 13,13,13 255,255,255 0,0,0 255,255,255 10,10,10 10,10,10 10,10,10 10,10,10 10,10,10 10,10,10 10,10,10 10,10,10 10,10,10 10,10,10 10,10,10 10,10,10 10,10,10 10,10,10 10,10,10 10,10,10 10,10,10
10,10,10 10,10,10 10,10,10 10,10,10 10,10,10 10,10,10 10,10,10 10,10,10 10,10,10 10,10,10 10,10,10 10,10,10 10,10,10 10,10,10 10,10,10 10,10,10 17,17,17 8,8,8 211,211,211 6,6,6 15,15,15 13,13,13 15,15,15 10,10,10 12,12,12 16,16,16 16,16,16 16,16,16 125,125,125 17,17,17 6,6,6 9,9,9 10,10,10 10,10,10 11,11,11 8,8,8 11,11,11 15,15,15 11,11,11 15,15,15 24,24,24 9,9,9 10,10,10 15,15,15 9,9,9 12,12,12 13,13,13 10,10,10 10,10,10 10,10,10 10,10,10 10,10,10 10,10,10 10,10,10 10,10,10 10,10,10 10,10,10 10,10,10 10,10,10 10,10,10 10,10,10 10,10,10 10,10,10 10,10,10
10,10,10 10,10,10 10,10,10 10,10,10 10,10,10 10,10,10 10,10,10 10,10,10 10,10,10 10,10,10 10,10,10 10,10,10 10,10,10 10,10,10 10,10,10 10,10,10 10,10,10 10,10,10 9,9,9 10,10,10 10,10,10 10,10,10 16,16,16 0,0,0 151,151,151 103,103,103 12,12,12 0,0,0 81,81,81 250,250,250 71,71,71 11,11,11 10,10,10 10,10,10 62,62,62 108,108,108 74,74,74 199,199,199 186,186,186 10,10,10 12,12,12 65,65,65 143,143,143 82,82,82 196,196,196 10,10,10 10,10,10 10,10,10 10,10,10 10,10,10 10,10,10 10,10,10 10,10,10 10,10,10 10,10,10 10,10,10 10,10,10 10,10,10 10,10,10 10,10,10 10,10,10 10,10,10 10,10,10 10,10,10