31,26,44 18,23,33 22,20,28 22,20,30 40,48,68 24,23,38 24,30,47 20,22,38 22,20,30 22,20,30 22,21,36 23,21,31 19,17,29 17,15,25 19,17,25 19,17,25 25,24,39 22,21,38 20,18,28 23,16,26 21,17,26 21,17,26 21,17,26 13,11,19 12,10,20 13,9,20 16,14,24 17,17,25 19,17,25 17,15,23 18,14,23 18,14,23
79,29,25 59,25,23 27,23,36 21,23,37 22,29,43 23,23,35 27,30,48 28,29,48 27,24,39 29,26,41 23,22,37 23,21,31 17,17,25 16,16,26 20,18,26 19,17,25 22,24,38 24,23,38 20,20,30 21,17,26 21,17,26 21,17,26 21,17,26 13,11,19 13,11,19 13,11,19 13,9,20 20,18,26 19,17,25 19,17,25 19,15,24 18,14,23
90,28,26 84,29,27 66,25,25 46,21,22 23,23,33 27,34,48 23,25,41 25,27,43 20,18,30 25,24,39 25,27,43 23,21,31 22,20,30 23,21,31 22,20,28 19,17,25 27,30,48 23,22,37 32,44,66 20,18,26 21,17,26 21,17,26 23,19,28 16,14,24 13,11,21 13,11,21 13,11,19 13,11,19 22,20,30 19,17,25 19,17,25 19,17,25
80,30,28 69,25,24 46,23,24 31,18,26 28,17,24 28,19,30 24,22,30 32,33,52 18,18,26 31,25,46 37,43,62 55,57,52 24,22,32 24,20,31 20,18,26 19,18,23 31,34,54 33,30,45 29,26,53 58,26,40 53,29,45 50,33,53 55,38,58 47,41,64 55,41,58 100,43,53 105,37,44 66,25,25 22,20,30 24,22,32 20,18,28 19,17,25
62,24,26 65,26,25 69,25,26 66,25,25 52,24,26 36,21,29 24,20,29 32,40,60 20,18,28 40,35,64 55,56,88 40,31,55 37,27,45 23,21,31 23,21,29 20,20,30 39,44,70 26,26,54 25,22,28 63,41,65 47,22,34 92,36,41 77,48,72 83,43,60 18,22,24 13,13,21 15,13,21 15,13,21 15,13,21 24,22,32 23,21,31 19,17,25
23,21,31 24,22,30 68,24,23 51,26,27 51,23,25 31,20,29 30,19,26 32,40,60 34,37,55 38,29,44 39,36,53 29,22,34 43,30,51 32,29,44 24,22,32 24,23,38 34,49,94 87,37,45 41,26,34 53,37,50 93,42,55 36,34,44 97,51,62 108,25,28 16,14,22 15,15,23 14,14,24 14,14,24 19,17,27 21,21,33 22,22,32 22,20,28
23,21,31 27,25,37 24,22,32 49,25,31 24,21,27 30,23,33 29,21,29 37,33,53 27,25,33 23,21,33 34,39,63 34,55,90 29,27,37 32,33,52 24,22,34 24,29,53 91,34,35 52,31,48 53,29,38 93,43,53 101,46,60 89,41,53 50,29,46 18,15,21 12,15,24 14,14,24 12,15,24 15,15,23 23,21,31 23,22,37 23,22,39 24,23,38
24,22,34 25,24,41 29,20,33 35,38,58 55,26,36 25,21,32 22,20,28 22,20,30 22,20,30 24,23,38 27,21,28 41,32,47 25,21,34 29,23,30 19,22,40 43,29,44 111,44,48 63,34,44 60,34,51 141,49,53 32,38,59 23,16,26 29,26,43 18,16,24 19,17,27 15,15,25 13,16,25 14,17,26 25,27,43 23,22,37 23,22,37 23,23,35
24,23,38 27,24,41 26,22,33 39,50,79 20,32,56 28,27,44 25,23,33 18,18,28 22,20,28 21,20,35 24,20,29 38,32,53 27,38,65 22,30,62 66,37,47 27,36,59 22,25,32 67,59,96 37,26,33 64,36,53 29,39,59 21,17,26 21,23,37 18,14,27 15,15,25 17,15,25 13,18,26 14,17,26 23,22,37 23,22,37 23,23,35 23,22,39
25,29,44 29,41,65 27,27,39 33,41,57 28,40,64 21,21,29 27,25,35 25,24,39 25,24,39 23,23,35 22,20,28 37,34,51 37,32,50 26,23,40 19,17,27 33,44,73 21,25,40 55,30,53 61,46,66 25,18,28 23,22,27 37,35,45 51,31,41 13,16,23 10,18,23 12,17,25 20,18,26 23,21,33 23,22,37 24,23,38 23,22,37 22,21,36
23,25,41 31,40,63 29,32,50 20,23,34 23,25,39 34,25,38 34,25,38 23,18,36 60,50,95 42,32,52 20,18,26 32,28,41 42,36,59 37,27,45 69,56,91 75,64,100 50,27,38 82,36,36 29,16,26 27,31,44 28,40,62 36,39,59 58,28,29 15,18,27 12,17,23 12,17,25 19,17,27 29,27,39 26,24,36 28,23,39 40,22,31 26,22,35
24,21,36 32,44,68 34,40,59 24,24,36 24,24,34 25,23,35 23,21,33 23,22,37 22,20,30 22,20,28 25,18,28 31,28,43 36,34,58 39,31,48 40,30,50 78,31,38 82,28,21 20,22,36 31,29,49 21,17,26 22,20,28 43,21,26 19,16,22 23,23,35 22,20,30 22,20,30 20,18,28 20,18,28 38,26,40 43,27,40 17,14,20 57,22,25
25,24,39 25,23,33 24,22,32 25,21,30 25,27,41 25,23,35 22,21,36 30,31,50 24,20,29 20,18,30 26,22,33 31,29,41 38,36,60 38,35,52 91,79,122 24,22,32 23,21,31 24,22,32 25,18,28 63,28,31 24,22,30 31,20,27 23,23,35 24,22,32 22,20,30 22,20,30 22,20,30 22,20,30 48,26,34 46,26,36 15,15,23 17,16,21
24,22,32 24,22,32 24,22,32 24,22,32 28,31,49 26,24,34 23,22,37 25,22,37 65,76,155 20,20,32 27,20,34 30,28,40 37,33,55 39,35,55 63,52,90 51,40,74 24,22,32 25,23,35 25,27,43 79,22,21 24,28,41 68,26,29 23,21,29 23,25,41 21,23,37 20,16,25 23,23,33 24,22,32 29,31,47 38,20,31 23,21,29 17,13,22
24,22,32 26,23,38 24,22,32 24,24,36 27,24,39 38,25,35 25,25,35 31,27,38 49,39,70 23,19,28 24,20,33 29,26,43 36,32,54 39,35,55 30,25,41 28,23,39 27,25,37 32,20,32 24,23,38 65,20,17 26,23,38 87,30,29 22,22,30 28,24,37 22,22,34 23,23,35 24,22,32 23,21,31 29,27,39 43,28,36 22,20,30 23,19,28
26,23,38 39,26,34 33,18,28 23,23,35 25,23,33 53,27,33 35,19,32 64,38,47 47,37,66 22,20,28 25,21,32 27,25,37 32,29,46 37,33,53 33,28,44 27,23,36 28,27,44 25,23,35 21,17,26 69,26,20 22,20,28 36,21,31 26,24,32 40,25,33 25,24,41 21,24,35 23,22,37 23,22,37 31,28,43 44,26,35 23,21,29 18,14,23
22,22,30 68,26,31 89,29,27 23,23,33 25,23,33 68,26,29 46,42,64 48,39,61 25,18,28 20,18,28 44,27,30 43,29,34 43,30,40 70,36,45 43,30,38 65,26,23 25,23,35 31,22,37 23,19,28 44,16,16 20,18,26 34,21,31 25,23,33 20,17,21 26,28,44 18,14,23 20,18,28 24,23,38 32,25,37 51,27,36 22,22,34 19,15,24
26,25,30 25,21,32 112,30,26 25,23,33 25,23,33 84,29,25 121,36,28 89,36,49 24,20,29 25,21,30 69,25,26 70,25,29 96,30,27 128,31,30 36,28,34 24,20,31 27,20,32 34,25,38 22,21,26 29,18,27 20,18,26 32,21,28 26,24,32 19,18,21 27,25,37 19,15,24 18,16,24 24,23,38 25,23,35 48,26,31 26,23,40 19,17,25

22,20,28 22,20,28 23,21,29 22,20,28 29,47,87 27,23,34 26,29,47 24,23,40 23,21,31 22,20,30 22,21,36 22,20,30 19,17,29 17,15,25 19,17,25 19,17,25 26,23,38 26,22,33 22,20,30 20,18,26 21,17,26 21,17,26 21,17,26 12,10,18 12,10,20 13,9,20 19,17,25 178,101,41 166,100,14 102,59,14 154,82,2 62,38,16
22,20,28 22,20,28 23,21,29 23,21,29 23,29,46 26,24,34 25,28,46 29,30,49 26,23,38 22,20,30 22,21,36 22,20,30 18,16,26 20,20,30 20,18,26 19,17,25 24,23,38 26,22,35 22,23,42 22,20,28 21,17,26 21,17,26 22,20,28 13,11,19 13,12,17 13,11,21 15,13,21 160,88,0 104,57,7 132,72,22 180,95,0 72,44,15
22,20,28 22,20,28 23,21,31 24,22,30 23,21,31 23,33,51 25,24,41 31,34,54 22,26,41 24,28,41 27,26,43 23,21,31 22,20,30 23,21,31 20,18,26 19,17,25 25,31,50 24,24,36 35,51,80 23,19,28 21,17,26 21,17,26 22,20,28 13,11,19 13,11,21 13,11,19 13,11,19 19,17,25 104,58,1 95,59,10 185,101,0 90,48,6
22,20,28 23,21,29 24,22,30 24,22,30 25,23,33 35,47,71 27,26,41 33,34,55 23,21,29 22,22,34 23,25,41 24,22,34 22,20,30 22,20,30 23,19,28 19,17,25 28,31,51 28,27,44 34,47,77 22,20,28 21,17,26 21,17,26 15,15,25 15,13,23 15,13,23 15,13,23 13,11,19 13,11,21 23,21,31 24,20,29 175,91,0 101,53,0
22,20,30 24,22,32 24,22,30 24,22,32 41,62,101 24,22,32 25,27,43 32,40,60 22,20,30 22,22,32 39,41,68 68,72,112 42,38,49 26,22,35 23,21,31 20,20,30 33,39,58 24,22,34 27,29,45 23,21,29 21,17,26 21,17,26 14,14,24 13,13,23 14,14,24 15,13,23 13,11,21 13,11,19 23,21,31 25,21,30 201,109,0 95,54,7
23,21,31 25,23,31 24,22,32 24,22,32 24,32,60 30,30,42 28,27,42 31,39,59 23,21,31 24,22,34 50,35,68 68,51,71 48,46,66 34,27,30 23,21,31 22,21,36 37,46,69 32,31,46 24,22,32 25,23,33 21,17,26 22,20,28 14,14,22 14,14,24 14,14,24 12,15,24 14,14,24 14,14,24 23,21,31 25,21,30 190,100,0 131,69,0
22,20,30 26,24,34 24,22,30 33,30,45 20,22,36 28,44,73 36,55,88 28,27,42 22,20,28 31,26,42 62,55,94 143,87,53 115,68,45 109,65,37 23,16,28 31,29,49 24,22,32 24,22,32 23,22,27 24,22,34 18,18,26 22,20,28 23,22,37 14,14,24 14,14,22 15,15,23 12,15,24 12,17,23 24,22,32 23,22,37 108,55,12 157,84,0
22,20,28 25,23,33 24,21,36 27,31,46 23,21,29 32,50,78 20,22,36 32,38,59 20,20,28 25,21,32 45,34,57 148,77,22 133,63,12 145,71,19 30,19,28 29,30,51 30,28,38 24,22,32 24,22,32 24,20,40 30,36,55 22,20,28 25,23,35 19,17,27 15,15,25 19,17,27 12,17,25 15,15,25 24,23,38 23,22,37 36,30,23 182,97,0
22,20,30 27,30,48 28,31,49 25,32,46 27,25,35 37,51,74 26,24,34 27,30,39 41,69,105 43,51,79 36,18,29 124,64,23 255,167,6 255,209,48 40,24,20 27,23,36 26,21,37 52,26,47 21,23,37 29,37,53 31,37,56 22,20,28 20,23,34 17,15,25 15,15,25 15,15,25 14,17,26 21,21,33 22,24,38 24,23,38 27,21,46 170,100,1
20,20,28 27,33,50 28,31,49 25,30,56 21,29,45 24,24,32 26,29,51 51,90,166 54,101,186 42,55,101 22,29,52 123,59,31 255,193,25 255,243,64 67,40,33 34,20,33 66,32,30 89,27,37 70,31,40 24,24,34 20,23,43 20,21,26 24,23,40 13,16,23 12,17,23 13,16,23 22,20,30 25,23,35 25,24,39 23,22,37 20,25,35 169,96,0
24,22,32 30,39,62 30,36,55 34,36,63 40,48,68 32,36,65 27,46,95 30,66,136 37,67,130 41,71,152 18,43,69 39,34,50 255,129,0 248,117,0 33,23,24 23,19,30 24,22,32 34,31,48 89,32,42 67,33,45 65,39,48 79,39,34 27,24,39 12,17,25 12,17,25 12,17,25 20,18,28 28,30,46 29,26,41 30,27,42 30,23,33 178,96,0
27,24,39 30,36,57 32,39,64 24,23,38 36,42,59 23,22,37 23,22,37 31,45,66 21,17,26 26,21,37 51,46,87 50,46,68 121,73,46 153,89,45 25,19,26 22,22,30 26,24,36 24,22,32 24,22,34 41,22,29 36,27,49 26,22,31 19,22,33 22,20,32 22,20,30 20,18,28 20,18,28 38,22,35 36,27,38 41,27,40 19,13,20 177,87,0
24,21,36 24,23,38 24,22,32 26,22,35 23,31,51 21,24,35 23,22,37 32,34,50 21,17,28 53,55,100 30,23,37 32,28,41 58,50,58 127,77,33 27,19,27 77,42,29 21,17,26 26,24,32 23,16,26 53,19,17 27,19,27 48,23,24 25,23,35 23,21,31 22,20,30 23,21,31 22,20,30 24,20,31 45,30,38 39,28,37 16,15,20 64,30,8
26,23,38 25,23,33 24,22,32 24,22,32 23,25,39 24,23,38 23,22,37 26,24,34 77,107,186 30,28,50 21,17,28 21,17,26 21,17,26 128,78,36 31,24,27 98,42,18 21,17,26 29,21,38 26,27,46 30,27,42 71,26,23 21,24,33 19,18,23 25,24,41 21,23,37 23,19,28 25,23,35 21,21,31 37,28,43 33,21,33 18,14,23 20,16,25
25,23,33 25,23,33 24,22,30 24,22,34 26,28,44 34,25,38 25,22,37 52,42,60 51,46,85 42,28,52 46,41,68 21,17,26 20,16,27 20,16,27 20,16,27 43,25,34 21,17,26 33,24,35 26,23,38 23,23,33 81,26,22 30,23,33 24,20,29 29,26,41 22,21,36 23,23,35 23,21,31 22,20,30 39,28,37 29,22,34 20,18,28 24,33,35
26,22,33 30,24,31 26,22,35 28,27,42 25,23,35 46,26,36 23,23,31 77,56,71 23,19,30 46,43,58 25,21,34 21,17,26 24,20,31 26,22,33 27,25,35 28,24,35 23,16,26 22,15,27 21,17,26 23,19,28 32,21,30 18,14,23 25,23,31 27,24,39 23,25,41 23,23,35 23,22,37 22,22,34 36,24,36 40,25,35 23,21,31 41,24,25
21,21,31 45,26,33 54,21,25 25,24,41 26,24,34 58,53,82 20,25,35 70,49,22 40,17,16 47,37,55 20,18,26 25,18,28 25,18,30 75,52,41 57,38,42 28,24,35 45,24,22 20,17,23 21,17,26 22,20,28 38,20,31 20,13,23 26,22,31 24,16,24 27,27,39 18,14,23 25,23,35 21,23,37 39,27,41 23,19,28 24,22,32 26,16,20
25,21,32 25,21,34 101,31,23 26,23,38 25,23,33 83,28,24 42,42,70 39,36,63 20,18,26 22,20,30 20,19,24 75,46,26 33,25,33 27,25,35 29,27,39 31,24,27 26,18,26 91,44,10 16,19,30 19,17,29 71,31,26 18,14,25 26,24,36 20,19,24 20,16,27 26,22,31 19,15,24 20,22,36 29,27,39 24,16,22 23,22,37 15,19,23

50,35,24 24,20,29 23,19,30 22,20,30 32,49,80 34,37,48 24,30,47 29,27,47 26,24,34 23,21,31 23,22,37 22,20,30 17,17,29 15,15,25 19,17,25 19,17,25 24,23,38 25,23,33 25,22,28 75,46,22 105,52,7 114,66,10 78,47,24 13,9,20 15,10,12 160,87,3 192,93,0 175,94,0 232,122,0 198,102,0 194,96,0 92,50,8
51,35,22 24,20,29 23,19,30 23,21,31 22,21,38 25,23,33 23,32,45 30,31,52 23,21,31 22,20,30 21,20,35 23,21,31 16,16,26 15,18,27 20,18,26 19,17,25 26,23,40 25,23,35 34,27,41 85,45,9 105,55,9 96,52,14 63,39,13 13,11,21 14,10,21 168,90,8 223,122,0 151,75,0 161,91,0 186,106,2 193,108,2 95,45,12
54,33,22 22,21,26 23,21,31 24,22,30 23,21,31 23,23,35 25,29,44 32,35,57 23,25,41 25,27,41 24,23,40 23,21,31 33,21,33 38,21,27 39,20,24 39,21,18 37,35,55 37,33,46 45,44,47 91,50,21 104,57,7 93,48,15 27,15,20 13,11,19 13,11,19 13,11,19 197,112,0 177,96,0 148,84,0 197,102,0 187,103,0 68,37,18
55,32,21 22,20,28 24,22,32 24,22,30 24,22,32 37,45,75 24,28,43 34,35,56 23,21,29 21,21,33 27,26,41 36,21,29 53,25,25 65,26,25 68,25,21 66,27,24 62,37,51 47,30,33 81,44,18 69,39,13 113,62,9 101,56,23 11,11,19 15,13,23 15,13,23 13,11,19 65,26,0 201,107,0 197,100,0 222,112,0 195,107,2 104,60,9
45,29,23 21,21,31 24,22,30 24,22,32 36,45,70 22,22,34 26,28,44 33,40,63 22,20,30 21,21,33 36,24,29 63,26,25 82,34,20 92,38,18 103,42,10 95,39,17 92,43,32 76,34,23 71,34,10 53,35,30 122,65,7 84,43,12 13,11,21 14,14,24 11,11,21 13,11,19 13,11,19 16,10,17 115,62,7 219,121,0 160,88,0 128,74,0
30,29,34 24,22,30 24,22,32 24,22,32 19,22,40 22,21,38 30,32,48 30,37,60 23,21,31 37,24,34 65,26,25 92,38,20 127,53,15 141,64,8 144,62,6 148,63,10 130,69,51 120,52,32 79,36,17 89,51,32 113,58,2 56,37,14 10,15,21 11,16,22 14,14,22 14,14,24 14,14,24 14,14,24 44,26,23 173,88,0 202,108,0 156,84,0
22,20,30 24,22,30 24,22,32 24,22,34 27,20,32 35,51,80 31,34,54 25,27,41 36,21,29 64,28,36 92,39,14 146,70,7 210,91,0 207,93,0 255,136,0 255,142,0 241,98,0 179,76,0 131,73,49 116,54,14 111,62,11 58,35,20 13,13,23 14,14,22 14,14,22 14,14,24 13,16,23 14,14,24 25,23,35 203,116,0 227,123,0 180,94,0
23,21,31 23,21,31 26,24,36 24,22,34 25,21,30 34,51,84 23,22,39 37,35,55 59,24,25 90,43,32 129,59,1 225,109,7 255,165,3 255,254,74 255,239,56 255,219,44 255,252,77 255,157,2 204,113,24 134,63,19 111,54,10 59,34,15 23,19,30 14,14,24 14,14,24 14,14,22 18,16,26 18,16,26 23,22,37 228,119,0 225,113,0 219,109,0
22,20,28 28,27,42 36,45,70 24,22,30 24,22,30 32,48,73 25,23,33 45,33,45 71,31,33 108,48,23 160,70,5 255,216,43 255,201,35 255,239,46 255,209,0 255,185,8 255,255,75 255,255,85 207,105,1 143,72,48 109,53,17 65,28,27 36,27,38 12,17,25 12,17,25 10,18,25 12,17,25 27,26,41 23,22,37 216,116,0 249,134,0 242,128,0
24,20,29 29,30,49 35,48,76 31,34,52 34,32,52 24,28,43 26,24,34 48,31,37 75,31,32 115,48,23 170,72,0 255,175,11 255,241,60 255,236,50 255,190,0 255,200,10 255,239,57 255,255,82 255,145,7 240,143,8 115,62,17 72,32,25 38,26,40 12,17,25 12,17,25 13,16,25 20,18,28 24,23,38 24,23,38 183,96,0 191,108,0 255,138,0
23,21,29 26,32,51 33,42,67 21,32,61 32,30,50 26,28,44 23,22,37 40,30,48 69,27,32 101,51,36 165,74,16 255,174,23 255,162,2 255,230,46 255,194,7 255,206,39 255,255,82 255,233,52 255,135,0 146,65,2 107,46,14 81,33,19 36,29,39 10,18,25 12,17,25 13,18,26 20,18,28 24,23,38 27,24,39 191,102,3 217,109,0 226,119,0
21,21,29 25,24,39 35,44,67 23,24,43 24,36,60 27,24,39 23,22,37 38,43,67 63,24,23 91,36,21 145,63,0 255,126,0 255,133,0 255,255,92 255,176,0 255,170,0 255,145,0 255,199,25 255,127,6 143,60,0 118,70,27 112,51,17 33,31,41 22,20,30 22,20,30 19,17,27 22,20,28 33,24,37 37,25,39 213,112,3 227,121,0 207,115,0
23,21,31 24,22,34 24,22,32 24,22,34 35,43,63 27,25,35 23,22,37 32,31,48 55,22,26 194,162,189 234,146,39 255,123,0 255,138,0 255,194,38 255,190,10 255,216,37 255,234,56 255,211,47 255,156,8 117,50,5 105,49,15 76,37,5 28,21,31 23,21,31 22,20,30 23,21,31 22,20,30 52,30,35 39,26,36 131,62,26 224,112,0 208,109,0
25,21,32 24,22,32 24,22,32 24,21,36 23,23,33 30,32,48 26,29,49 120,82,116 142,76,19 122,50,15 164,71,14 228,122,14 255,155,7 253,126,1 255,205,48 255,168,17 255,160,0 255,124,5 146,71,3 106,41,18 102,57,13 36,25,32 21,17,26 25,22,37 25,23,35 23,22,27 22,22,32 22,20,30 49,30,37 22,20,30 243,131,0 216,111,0
24,22,32 25,23,33 23,21,29 24,22,34 113,69,59 123,57,9 81,40,20 85,49,20 131,50,21 169,97,131 110,57,72 154,87,80 204,100,40 179,77,0 214,103,68 206,103,90 233,133,170 182,93,80 115,40,13 74,27,18 103,53,22 23,19,30 29,22,32 25,24,39 23,23,35 23,23,35 23,21,33 27,25,37 41,27,29 22,20,28 190,95,0 174,100,0
26,22,33 24,22,32 33,29,42 37,35,47 84,34,19 113,42,16 159,57,10 92,34,20 177,88,77 182,92,43 176,75,21 165,81,21 191,93,22 168,72,0 107,48,41 182,108,141 237,125,138 222,113,116 64,26,9 53,23,26 95,53,15 19,15,24 23,21,29 25,25,37 24,23,38 24,24,36 22,21,36 22,21,36 45,28,34 24,20,31 255,132,0 255,144,2
24,22,32 26,22,33 25,21,32 58,29,25 117,46,22 60,30,31 30,21,34 163,87,76 188,88,29 194,96,34 171,71,23 168,85,18 214,106,11 255,129,15 93,29,12 208,86,39 239,109,53 255,140,59 40,26,28 22,15,25 106,56,14 18,15,21 25,23,31 32,21,28 27,25,37 18,14,23 24,23,38 25,22,37 40,25,33 24,22,32 243,121,0 217,104,0
25,21,32 40,25,35 61,21,23 55,32,29 25,23,33 82,31,32 27,25,35 165,76,47 191,92,55 148,61,18 60,33,47 128,52,12 240,120,17 255,131,16 143,73,22 148,77,35 200,84,12 223,95,12 32,16,29 20,16,25 93,48,15 18,14,23 24,22,32 20,18,26 18,14,23 24,20,29 20,16,27 15,15,27 39,25,40 18,16,24 239,122,0 245,127,0

61,39,19 45,32,27 22,20,30 23,21,31 20,32,56 31,40,65 27,28,47 27,25,45 29,23,28 46,24,32 57,27,26 70,35,22 88,42,14 97,46,11 106,49,5 111,49,7 108,48,23 101,41,18 96,45,19 112,56,7 125,66,7 114,56,3 99,49,18 147,78,0 159,82,0 114,62,0 234,122,0 229,128,0 213,111,0 151,82,1 159,87,5 191,110,0
57,38,24 44,28,24 22,20,30 23,21,31 31,39,59 30,26,39 24,28,43 31,34,54 41,22,29 60,25,26 75,38,25 97,47,16 115,50,9 130,60,9 138,66,2 143,67,2 137,61,19 129,59,12 120,51,11 124,61,10 134,66,7 127,58,4 95,40,9 65,29,19 182,97,0 156,75,0 162,82,0 149,77,0 224,118,0 200,100,0 147,75,0 151,79,0
56,35,22 45,32,29 22,20,30 24,22,30 24,22,30 24,24,36 23,24,43 43,34,56 61,31,32 83,41,30 113,52,16 141,72,5 202,104,0 255,153,18 255,143,13 200,96,0 195,95,9 200,97,1 196,94,0 163,75,0 170,77,0 156,72,0 129,56,0 111,46,7 160,83,0 179,93,0 154,82,16 178,96,0 176,87,0 180,90,0 151,81,5 194,99,0
58,36,18 43,30,25 23,21,29 23,21,29 24,22,32 19,24,48 38,28,46 59,40,47 83,41,19 117,52,11 150,75,7 255,162,20 255,182,36 255,131,0 255,237,76 255,224,58 255,252,80 255,168,5 255,154,0 255,146,11 255,135,3 255,195,47 206,106,0 145,71,0 92,41,4 153,83,5 157,90,0 156,84,2 234,127,0 154,82,0 77,38,0 159,82,0
56,35,20 39,25,27 24,22,30 24,22,32 25,25,37 29,21,38 60,36,45 85,50,51 121,53,8 151,72,10 233,118,0 255,134,9 255,151,8 255,186,28 255,251,83 255,255,73 255,227,36 255,198,24 255,143,0 255,188,30 255,130,0 255,162,3 255,180,31 216,110,0 151,70,0 169,93,14 179,97,0 194,102,2 213,112,0 152,82,6 19,17,25 130,76,17
51,36,27 24,22,30 24,22,32 24,22,32 33,21,33 50,28,33 79,41,43 111,57,39 155,75,16 205,99,22 255,117,0 255,213,52 255,191,29 255,217,48 255,211,36 255,234,10 255,230,33 255,181,0 255,189,0 255,211,5 255,196,0 255,183,10 255,250,79 255,223,65 210,115,0 138,63,0 95,39,13 183,94,0 177,97,0 169,91,0 19,17,25 55,36,24
54,35,23 24,22,30 24,22,32 30,23,35 46,25,25 77,50,64 109,51,18 150,77,18 211,101,0 255,126,0 255,226,44 255,255,85 255,255,81 255,255,86 255,215,31 255,255,72 255,208,8 255,229,37 255,237,59 255,238,47 255,208,15 255,237,62 255,254,87 255,237,68 255,201,52 157,73,0 111,49,9 199,106,0 174,90,0 174,90,0 24,22,32 21,23,23
22,20,30 24,22,30 25,23,35 40,24,37 66,29,28 92,65,77 139,64,19 210,105,21 255,229,59 255,255,85 255,225,39 255,228,45 255,255,121 255,224,38 255,235,50 255,196,17 255,154,0 255,174,0 255,163,0 255,152,0 255,180,0 255,188,8 255,207,33 255,233,58 255,170,25 159,75,0 111,49,9 175,94,0 231,121,0 198,106,0 23,23,31 17,25,34
20,20,28 56,49,61 96,44,14 69,31,12 123,54,25 105,57,51 156,72,10 226,105,9 255,183,26 255,243,64 255,198,27 255,196,28 255,250,69 255,216,33 255,242,66 255,183,4 255,155,0 255,146,0 255,130,0 255,168,0 255,255,79 255,221,40 255,255,85 255,253,76 255,223,73 163,76,0 113,51,11 174,96,0 238,127,0 230,114,0 23,26,37 20,24,37
51,30,28 37,24,32 55,24,16 69,29,22 108,45,14 146,71,6 176,83,8 255,202,40 255,255,81 255,231,39 255,255,60 255,255,97 255,255,101 255,253,61 255,218,39 255,180,4 255,178,0 255,160,0 255,151,0 255,141,0 255,164,0 255,211,33 255,164,0 255,208,45 210,105,0 144,66,0 97,45,15 77,41,31 210,113,0 238,125,0 58,36,28 25,22,37
22,22,30 27,19,25 92,45,22 60,30,31 115,49,15 129,57,7 187,90,0 255,220,62 255,246,65 255,255,77 255,221,36 255,255,88 255,228,56 255,242,64 255,255,77 255,245,60 255,152,0 255,170,0 255,174,0 255,209,29 255,154,0 255,199,5 255,193,25 255,156,6 211,104,0 138,62,2 95,39,15 66,28,32 160,88,0 222,117,0 132,72,20 22,22,34
23,21,29 28,27,42 108,57,20 46,48,64 84,46,52 130,63,15 156,74,2 255,175,31 255,216,55 255,252,81 255,198,37 255,255,70 255,255,97 255,235,46 255,214,29 255,250,78 255,190,20 255,192,16 255,197,5 255,188,0 255,176,0 255,253,74 255,235,63 255,167,9 255,137,13 138,61,3 91,37,19 70,30,32 194,98,0 194,102,0 167,92,4 33,26,36
23,21,29 25,24,39 25,23,33 45,31,36 63,39,48 93,48,25 135,65,14 199,102,12 255,227,62 255,216,38 255,215,44 255,247,71 255,255,73 255,255,111 255,203,20 255,156,0 255,173,1 255,219,36 255,255,34 255,205,0 255,184,9 255,250,86 255,201,42 255,182,10 255,143,22 134,56,10 86,39,18 70,24,24 215,122,3 182,100,5 182,101,2 60,27,31
24,20,29 25,22,37 24,22,32 27,27,39 56,26,25 76,42,40 116,51,12 166,77,5 254,136,76 255,210,44 255,204,33 255,215,49 255,224,52 255,245,66 255,246,69 255,192,11 255,190,11 255,223,41 255,250,17 255,234,38 255,177,9 255,176,8 255,180,20 255,146,0 196,100,1 119,50,10 75,36,24 57,27,28 155,87,0 158,83,0 160,87,10 32,25,35
23,21,31 24,22,34 24,22,32 24,22,32 43,31,47 63,33,34 98,47,19 189,79,12 210,99,25 255,202,64 255,231,65 255,222,59 255,188,24 255,255,81 255,200,20 255,204,28 255,237,63 255,200,11 255,251,60 255,185,5 255,223,50 255,154,0 255,166,12 255,119,0 170,90,6 96,40,16 64,30,28 47,29,40 153,75,0 162,84,0 228,120,0 44,27,33
26,22,33 24,22,32 36,34,46 24,21,36 26,24,32 53,27,33 186,72,13 181,83,12 229,118,33 219,109,0 255,173,23 255,218,59 255,254,81 255,229,59 255,204,30 255,215,25 255,223,34 255,251,74 255,213,39 255,173,3 255,192,25 255,164,10 255,174,38 255,137,1 127,57,24 86,37,26 57,29,31 38,24,37 168,83,0 174,94,0 220,115,0 30,30,42
24,22,32 24,22,32 46,27,34 80,29,32 25,23,33 127,72,41 179,68,6 181,71,0 177,74,7 178,83,0 238,114,0 255,209,46 255,239,73 255,255,77 255,255,81 255,255,83 255,223,49 255,255,77 255,188,6 255,165,0 255,227,57 255,213,58 255,173,31 180,81,0 115,48,5 76,32,20 48,26,29 33,26,38 165,82,0 172,90,0 220,108,0 56,23,23
24,22,32 26,22,33 26,24,32 66,32,39 25,23,33 141,52,0 151,68,19 171,81,32 171,79,15 139,62,2 213,107,12 255,140,13 255,156,5 255,255,95 255,225,50 255,255,83 255,230,60 255,221,53 255,246,78 255,219,52 255,203,36 255,232,66 198,101,0 130,58,10 91,37,17 61,28,21 38,27,36 19,17,25 178,75,0 217,116,0 200,106,0 84,45,2

11,11,11 11,11,11 11,11,11 11,10,13 11,11,11 13,11,12 23,14,10 20,14,9 20,13,13 22,39,61 45,85,145 57,88,135 40,73,119 33,51,87 31,41,61 36,44,72 32,50,78 18,25,39 38,49,76 26,45,76 31,37,56 40,62,94 34,52,80 36,59,95 31,38,61 31,43,67 32,35,53 34,38,53 32,31,46 33,41,59 27,37,57 22,35,52
11,11,11 11,11,11 11,11,11 11,10,13 11,11,11 19,12,10 23,14,10 21,15,10 17,15,16 67,97,151 35,64,111 33,55,96 29,52,86 28,45,76 28,36,52 29,46,68 35,55,83 23,24,43 36,51,83 29,45,74 43,65,106 38,61,95 32,45,73 22,37,71 28,36,54 40,62,105 37,35,55 34,35,54 30,32,48 29,36,50 26,36,56 25,36,63
11,11,11 11,11,11 11,11,11 11,11,11 11,11,11 19,12,12 25,16,10 20,13,13 35,54,87 33,64,109 50,82,135 42,71,114 29,47,73 30,40,60 23,23,33 31,37,58 42,58,87 38,51,77 37,53,80 36,53,86 25,43,69 41,60,91 30,48,76 39,61,91 47,65,103 27,39,61 36,35,52 32,36,51 24,23,40 30,40,56 25,31,52 24,37,56
11,11,11 11,11,11 11,11,11 11,11,11 11,11,11 21,11,12 27,16,11 15,10,9 37,59,100 32,53,88 39,65,102 32,55,91 28,45,65 28,37,60 26,30,45 28,38,58 32,38,57 35,43,59 33,47,68 28,44,73 26,36,56 27,33,50 27,33,50 30,40,60 28,40,64 26,29,47 37,34,51 39,36,53 26,28,44 35,38,56 29,35,54 27,37,57
11,11,11 11,11,11 11,11,11 13,11,12 12,10,11 21,11,12 25,16,10 23,22,27 51,68,101 36,55,86 27,40,66 23,40,62 27,38,65 24,34,54 26,33,47 26,29,49 29,33,48 28,32,47 31,37,54 35,44,67 26,32,49 29,37,55 25,31,48 24,31,45 30,36,53 26,36,54 28,28,40 39,36,51 32,34,50 37,38,57 27,33,50 26,38,60
12,10,11 11,11,11 11,11,11 11,11,11 15,10,12 20,13,13 27,16,9 36,20,14 34,36,52 33,47,70 31,43,67 30,40,60 26,39,56 25,38,55 27,33,50 24,33,46 24,33,46 30,38,54 31,39,59 23,30,42 25,29,42 25,32,46 31,37,54 29,35,52 25,32,44 24,31,45 36,36,48 41,38,55 37,34,49 35,34,51 33,39,56 29,39,57
15,10,12 15,10,12 11,11,11 11,11,11 16,9,12 20,13,11 25,16,8 32,21,6 33,21,11 44,45,66 28,40,62 31,43,65 40,24,20 53,70,65 30,37,51 33,36,54 34,38,51 32,38,55 33,39,58 32,36,51 34,38,53 35,38,56 30,37,51 30,36,53 34,41,55 28,29,48 35,31,44 39,36,53 36,34,46 35,36,55 25,30,40 26,33,45
12,10,11 12,10,11 12,12,12 16,9,9 21,11,12 21,14,12 29,17,7 33,14,2 35,21,7 43,36,48 35,51,78 39,46,71 56,29,22 27,25,21 35,33,31 49,79,142 39,40,59 43,46,68 43,44,65 40,37,52 47,43,56 41,42,61 36,40,55 35,37,53 39,38,55 40,33,45 43,36,48 41,36,54 35,31,44 35,34,49 31,43,65 26,34,50
12,10,8 11,11,11 9,10,13 15,9,16 18,12,17 20,14,9 27,17,7 39,18,5 33,21,9 55,32,43 40,39,42 49,41,58 24,16,22 63,57,78 43,41,51 26,22,31 54,44,45 55,51,71 52,46,71 45,54,77 52,50,74 52,50,72 55,46,68 52,48,68 44,42,62 55,44,67 39,32,42 38,35,50 38,35,50 41,40,57 29,38,61 30,38,58
19,13,20 17,15,23 17,17,25 22,16,23 13,10,16 22,12,13 26,15,8 31,18,13 35,21,21 65,43,51 53,64,91 52,59,82 68,38,37 77,87,132 56,56,82 173,145,176 111,52,0 57,55,77 46,47,70 60,56,80 55,60,84 49,62,88 53,49,69 60,54,77 48,51,73 59,46,67 39,35,48 41,38,53 39,37,49 41,38,55 24,32,50 26,36,56
15,14,19 18,21,28 18,21,28 18,16,24 18,14,23 26,16,15 30,18,18 32,19,16 38,20,19 42,57,89 66,59,87 76,65,90 52,35,38 45,41,52 51,67,94 101,68,57 99,51,4 66,68,95 64,72,102 45,52,75 48,65,98 47,66,99 48,66,94 56,72,101 51,67,94 47,60,86 32,30,40 42,41,56 45,41,61 46,44,64 25,28,48 22,32,52
19,17,25 23,23,31 17,22,28 19,17,25 23,21,29 36,26,30 44,29,18 47,24,9 45,24,11 63,26,23 28,38,74 90,59,79 40,46,78 81,58,71 46,31,41 36,43,55 99,52,0 77,38,10 38,46,64 38,50,74 34,47,66 40,49,72 40,48,68 32,38,59 31,37,54 9,27,44 43,36,48 35,32,38 50,41,56 48,45,62 27,31,46 18,31,50
20,18,28 24,24,32 26,23,29 26,21,23 19,17,25 37,27,31 62,50,52 62,37,20 43,27,40 79,29,23 59,75,111 101,58,80 42,69,110 34,61,91 22,15,25 41,40,57 133,64,8 79,46,21 102,73,99 65,99,154 54,80,128 65,94,153 36,54,90 55,85,135 65,82,115 17,27,43 37,33,42 35,26,39 53,46,60 48,45,62 24,31,43 34,37,57
38,20,15 56,31,30 74,38,7 39,34,33 46,76,114 57,32,15 102,49,8 87,42,9 33,41,61 41,60,107 48,82,137 62,84,145 66,96,161 67,105,163 64,86,147 119,58,11 107,49,0 139,65,0 80,74,97 119,87,112 67,94,153 59,94,155 70,100,152 69,108,161 42,56,77 43,46,64 89,51,41 94,66,66 109,69,64 32,39,62 69,47,41 126,66,43
55,74,105 63,79,119 59,81,113 58,80,112 69,92,130 154,53,42 122,57,47 61,66,92 57,73,123 56,75,122 61,82,121 70,85,140 70,86,134 69,89,142 67,88,136 63,86,138 114,56,32 101,49,0 52,38,24 62,57,75 77,52,64 69,63,86 61,49,51 59,50,63 54,49,65 54,50,63 61,47,52 80,41,13 56,38,33 50,42,59 84,44,21 111,49,7
68,86,126 63,80,113 46,58,91 68,81,109 71,82,109 65,72,97 80,64,79 77,68,90 77,74,101 69,74,98 69,79,115 65,76,114 69,88,135 75,91,141 59,74,117 76,90,131 86,112,176 160,94,10 84,66,77 72,64,72 68,51,57 90,67,78 90,70,80 74,41,30 81,41,32 72,44,31 77,44,37 75,44,36 70,44,50 68,45,44 88,50,42 134,72,34
94,48,7 120,60,8 125,66,9 125,68,8 123,64,5 142,72,10 161,73,0 172,87,9 130,65,3 109,56,3 115,57,2 134,70,10 130,65,8 130,66,0 131,64,12 116,57,0 142,74,2 142,68,0 140,69,0 155,77,8 150,76,6 143,78,14 130,71,14 162,86,23 146,75,22 127,68,20 145,74,19 156,80,24 171,89,31 170,90,33 144,69,24 126,65,29
108,48,5 108,55,2 118,57,10 113,53,3 116,62,14 138,74,5 95,51,11 118,55,6 96,47,11 101,50,15 93,44,8 69,37,7 96,53,6 127,64,13 112,59,6 134,69,12 120,59,14 105,53,5 163,87,24 110,54,7 134,68,13 131,64,19 154,86,23 147,75,11 142,69,10 142,68,14 147,71,11 157,77,20 172,88,26 149,72,21 140,70,23 163,86,35

51,30,7 68,33,6 83,44,12 72,31,4 80,41,9 66,31,6 71,35,17 66,104,162 54,89,152 37,74,125 54,97,165 70,115,200 44,72,108 27,40,59 19,29,49 33,45,67 39,53,90 17,30,56 44,59,91 29,36,50 30,38,56 16,42,79 37,50,78 27,53,88 30,39,62 38,54,90 19,42,76 53,30,27 93,62,50 84,56,45 75,52,41 70,47,44
42,21,0 56,26,0 84,43,12 78,37,6 72,36,7 53,32,7 57,72,117 56,89,131 57,93,149 41,72,115 45,86,139 37,63,107 37,65,99 27,40,59 20,30,50 30,45,77 38,48,82 17,29,51 27,40,66 25,34,47 31,41,61 34,57,91 25,44,75 34,60,95 29,39,55 34,40,59 30,57,87 50,34,19 91,58,47 84,53,43 88,60,49 76,52,46
61,30,7 53,29,5 88,43,10 78,37,8 48,31,7 59,30,8 40,73,115 59,91,144 63,92,149 45,71,117 48,77,120 31,49,75 29,42,61 27,37,53 19,26,40 23,33,51 20,24,37 21,23,39 19,22,40 23,32,55 26,42,71 38,59,96 22,40,78 25,44,77 29,36,50 32,46,69 34,60,93 53,34,18 96,61,48 82,51,39 91,56,43 80,53,46
57,31,6 60,31,7 71,35,6 65,32,5 77,35,11 46,28,9 25,50,92 49,81,132 27,49,90 36,62,106 32,57,99 37,59,100 27,37,55 28,36,54 40,31,42 32,39,62 23,30,44 25,29,42 25,31,48 22,26,41 27,37,57 22,30,39 21,26,34 19,27,36 20,25,33 26,34,52 24,28,41 59,38,27 65,39,29 89,57,43 104,65,53 82,53,49
62,33,11 61,32,10 85,49,16 69,36,11 86,49,23 67,73,101 6,28,58 36,61,101 32,55,91 27,49,79 31,49,77 28,44,69 27,37,57 30,38,56 28,29,48 22,26,39 25,33,49 28,32,45 25,32,46 26,34,54 24,32,48 25,32,46 23,30,42 26,31,41 30,40,60 28,32,47 24,37,56 44,29,18 81,54,38 90,58,44 100,61,47 91,65,55
61,32,8 62,31,8 88,45,10 70,41,10 86,45,16 81,72,94 53,27,15 42,35,45 30,50,78 28,47,78 28,42,63 29,40,67 25,38,57 27,38,51 28,32,47 26,30,45 23,30,42 31,37,54 31,39,55 26,32,49 25,32,46 22,28,45 28,36,56 30,36,55 25,32,44 27,33,50 25,32,46 50,36,22 92,60,46 96,59,44 106,65,49 93,57,49
72,36,7 78,42,11 95,50,6 73,37,4 85,42,7 89,42,10 95,46,6 29,36,50 33,49,76 30,46,71 32,40,58 31,43,65 17,15,27 63,53,73 37,43,64 33,42,65 31,37,54 34,40,61 32,35,55 22,28,45 24,30,47 31,37,56 27,33,50 29,35,52 23,30,44 22,32,52 27,34,48 56,35,20 80,49,37 94,57,42 111,65,49 91,58,49
72,36,5 74,38,7 98,52,11 83,39,11 86,41,6 95,49,8 93,45,0 46,42,62 32,40,60 33,47,70 29,41,63 21,29,45 40,28,18 108,51,22 39,79,168 34,31,46 33,34,53 41,44,64 36,39,57 34,32,44 36,35,52 30,38,54 32,36,51 34,37,55 35,39,54 31,30,45 31,35,50 55,35,17 86,51,36 100,63,48 106,63,48 69,42,35
63,33,7 70,35,10 99,51,4 80,41,9 88,42,3 105,51,1 88,43,10 56,47,60 40,50,70 32,46,67 43,51,71 71,49,31 90,44,26 44,36,69 56,35,24 33,45,78 46,43,58 46,47,70 49,47,71 42,40,62 43,44,63 50,46,66 41,39,59 36,35,52 40,41,60 48,40,59 37,36,53 55,35,15 104,66,45 95,58,43 106,63,48 86,55,45
58,32,7 71,34,8 87,40,6 67,33,3 93,47,10 105,51,1 83,40,7 54,45,56 41,54,80 45,59,82 37,54,76 130,74,52 82,56,88 49,43,34 50,43,57 105,67,71 63,49,73 49,47,69 46,47,68 44,53,76 50,55,79 54,55,78 56,45,68 52,46,67 47,48,69 42,50,70 43,46,64 59,41,36 89,55,37 102,59,42 107,64,47 82,51,41
62,31,8 66,35,14 83,42,11 65,32,7 91,44,10 101,51,5 83,45,10 52,46,67 45,57,81 52,63,90 54,60,81 115,56,39 100,64,44 75,34,3 100,88,102 105,70,85 65,50,28 50,53,75 58,56,80 55,56,77 49,62,90 47,62,94 51,49,69 58,54,74 47,53,74 65,51,75 55,46,61 48,31,21 77,44,33 101,60,42 115,68,45 82,54,45
58,33,14 63,37,16 87,41,4 73,39,9 79,33,5 87,42,7 85,43,21 57,53,77 64,55,79 70,59,84 83,58,81 115,60,31 110,63,40 119,67,37 85,62,73 112,45,2 72,68,92 68,59,85 61,63,90 47,61,98 54,71,114 54,75,123 48,71,107 44,62,88 35,57,89 30,52,93 42,72,112 52,36,19 77,49,38 88,56,51 100,60,55 85,58,51
58,37,14 34,23,20 89,47,25 100,51,11 110,55,3 108,51,7 105,53,5 66,35,25 31,52,98 85,58,70 86,56,71 83,56,70 95,65,66 122,68,48 42,43,66 97,60,36 71,52,54 73,51,45 39,51,73 40,52,76 34,44,62 38,50,74 41,51,69 38,44,65 32,39,53 31,38,52 50,76,120 54,34,14 113,67,37 89,53,35 108,63,42 93,54,42
48,29,13 37,30,28 66,43,44 105,52,11 103,53,7 110,56,8 115,56,8 87,39,23 73,40,44 51,75,120 114,46,44 74,71,100 65,97,146 51,57,85 107,57,26 123,59,13 95,54,23 104,58,17 56,98,157 55,91,147 65,91,135 61,92,135 50,66,95 73,59,72 65,47,26 54,40,42 33,34,55 54,34,16 96,58,39 84,52,36 112,67,46 105,62,47
39,26,23 49,29,39 101,50,0 115,57,4 71,45,31 107,62,39 55,53,77 39,61,91 57,84,114 41,54,80 50,49,66 46,35,42 52,42,46 62,58,52 70,57,52 137,63,0 205,97,0 54,32,12 40,50,84 106,80,86 110,82,84 74,85,125 84,86,129 63,94,139 73,103,166 55,58,69 68,79,106 66,48,47 67,43,35 81,54,38 105,62,43 110,68,55
45,29,42 157,77,7 161,78,9 134,69,7 72,85,129 68,83,115 58,74,112 85,101,141 88,97,147 59,62,84 79,94,139 99,108,158 86,106,161 70,84,132 68,83,117 122,60,4 91,74,77 88,94,97 88,95,132 58,58,66 84,97,164 86,101,158 86,105,165 75,83,115 92,96,140 81,95,143 80,59,59 74,52,57 66,49,52 45,38,41 96,58,52 136,82,62
41,37,31 109,105,141 106,116,181 93,105,156 93,104,160 103,121,177 90,97,148 105,106,156 84,99,142 81,75,109 87,95,123 97,103,143 92,97,132 97,76,93 103,68,69 105,68,55 97,87,105 143,85,75 172,69,13 184,79,24 69,71,112 85,89,131 73,62,71 83,59,53 69,52,44 73,48,31 93,71,65 101,72,68 91,64,59 87,59,59 181,92,20 171,93,40
167,68,31 142,58,27 89,67,70 108,101,131 91,85,119 93,88,117 101,89,119 89,78,103 105,94,119 110,94,123 112,100,132 111,101,132 111,99,129 112,101,128 91,66,80 111,68,49 101,47,13 90,62,62 105,51,15 98,63,48 127,58,27 90,44,28 132,84,59 110,77,66 119,65,27 98,54,26 113,58,29 88,55,44 89,56,45 90,59,51 81,48,39 76,42,20

104,56,9 107,56,1 107,52,7 30,26,46 37,43,60 40,60,104 62,101,166 62,100,172 40,76,130 54,102,182 39,88,161 60,91,149 40,59,92 27,39,61 32,48,73 30,48,76 24,31,54 18,24,45 34,51,94 30,38,56 26,36,54 26,54,88 24,51,90 18,39,78 29,48,79 21,40,73 32,55,91 26,49,85 47,82,134 102,54,25 139,72,27 153,77,35
125,68,26 109,54,2 120,60,6 31,30,33 28,47,78 40,67,106 51,84,128 46,84,146 40,71,116 38,76,134 48,74,120 43,70,109 31,47,76 28,38,58 28,40,62 27,46,79 22,23,46 19,30,57 41,66,106 28,36,52 27,40,66 32,58,91 34,57,93 33,61,93 32,51,82 29,38,61 27,57,95 24,46,76 27,57,95 103,52,17 137,73,29 117,60,18
122,66,17 100,60,55 85,42,7 45,26,10 30,47,67 47,76,119 47,84,133 43,79,133 43,69,117 43,69,113 38,54,83 35,53,81 27,39,61 23,29,46 26,34,52 21,34,49 24,23,40 38,50,74 23,41,67 29,45,81 31,47,83 38,60,92 30,48,84 19,38,71 23,37,58 30,52,84 34,62,96 36,58,99 30,57,96 110,60,18 101,54,20 122,68,34
151,74,0 94,70,76 116,66,51 37,33,46 31,46,80 40,67,108 59,94,146 36,66,106 44,75,122 39,68,115 32,53,88 28,41,67 31,40,63 25,27,41 24,34,52 15,25,43 19,25,44 20,27,39 19,28,41 30,38,68 27,40,59 17,27,47 20,29,52 15,27,51 22,30,50 28,36,52 24,34,54 27,40,68 26,38,73 90,49,22 112,56,22 133,73,30
152,72,6 158,85,24 91,83,116 58,29,7 48,33,43 36,59,95 34,62,98 34,57,93 32,54,86 32,49,82 35,53,81 25,39,60 28,44,82 24,49,102 26,32,49 31,34,52 26,35,48 30,32,46 31,40,65 29,37,57 28,36,54 25,32,46 21,25,38 28,36,54 22,28,45 25,28,46 31,40,63 27,33,50 21,30,53 92,47,14 133,77,39 142,74,34
131,66,4 141,66,0 153,75,0 131,66,27 29,41,63 18,41,66 21,30,53 32,54,86 27,45,73 34,52,80 27,39,63 42,65,121 50,31,15 91,48,29 44,67,103 26,32,49 29,31,47 29,33,48 22,27,37 27,34,48 26,32,49 22,29,41 26,33,47 24,32,41 20,23,41 28,36,56 23,30,44 26,33,45 23,31,38 85,44,13 121,70,35 119,63,25
136,68,7 154,75,2 166,76,0 141,65,5 25,24,39 27,29,43 41,52,79 36,53,84 29,42,61 36,29,39 56,92,148 127,52,0 99,42,0 127,56,3 43,50,75 27,33,50 30,36,53 32,38,55 30,36,53 25,29,44 24,28,41 27,33,50 27,33,50 26,33,47 20,24,39 24,30,47 26,33,47 29,35,52 30,36,53 74,45,23 137,76,31 114,60,22
124,59,2 174,87,5 152,72,2 135,65,3 40,43,61 25,32,46 30,31,50 32,44,77 33,47,70 40,28,16 73,95,167 76,43,34 198,82,0 172,74,1 57,39,36 31,35,50 34,37,55 34,40,59 29,36,50 27,34,48 32,40,60 27,33,50 26,33,47 33,36,56 29,32,50 25,39,62 25,31,48 30,36,53 32,38,55 55,37,36 157,84,27 161,84,33
125,64,3 184,92,8 134,72,14 122,58,0 52,50,70 39,45,62 38,48,68 34,44,64 57,28,38 206,113,90 192,129,146 81,40,9 186,79,0 77,46,54 43,34,45 41,36,52 42,43,66 48,46,70 39,45,62 50,34,47 48,45,62 36,39,57 35,38,56 35,37,53 37,34,51 39,35,55 34,38,53 34,37,57 31,37,54 34,39,49 135,68,16 161,86,37
127,62,0 182,87,6 128,63,1 123,57,5 46,49,71 40,50,70 36,48,70 41,52,79 62,36,53 35,18,8 84,42,4 74,44,29 96,28,0 65,52,73 118,58,35 156,75,39 36,25,32 53,44,66 53,47,68 55,51,73 55,49,72 57,53,75 53,47,68 52,46,67 42,44,58 50,40,58 43,44,67 36,37,56 34,38,51 34,37,57 128,64,18 148,73,26
126,61,4 172,84,7 146,72,4 136,66,6 47,50,70 38,48,68 38,52,73 48,59,86 72,38,50 65,31,40 30,19,26 84,54,28 182,96,48 74,41,34 74,53,68 133,59,0 48,53,77 56,49,63 53,55,80 61,55,76 67,61,84 52,61,84 59,49,69 57,49,68 47,48,67 57,53,73 51,47,67 44,45,66 41,39,59 36,39,46 126,66,25 139,72,29
132,67,5 170,85,9 146,71,3 122,63,15 44,60,87 42,53,80 43,53,73 52,59,82 78,38,42 57,35,43 30,36,57 132,75,44 193,115,89 34,17,18 69,61,80 55,34,7 52,57,81 54,59,83 52,58,86 48,59,86 47,63,92 49,65,92 58,54,78 45,54,77 46,58,80 44,49,73 42,50,68 36,47,74 41,40,55 47,49,65 114,60,24 124,69,28
132,67,3 150,68,0 171,84,0 130,62,22 59,56,83 60,53,81 48,38,58 88,64,84 162,74,18 99,56,41 54,18,10 149,70,31 106,78,109 106,59,64 118,60,9 72,45,27 107,66,35 62,60,84 57,57,83 38,50,74 38,51,79 35,49,72 34,47,77 35,53,81 34,47,73 25,41,66 27,36,59 28,36,56 27,37,53 44,44,54 125,63,23 103,62,35
140,64,6 157,72,0 167,77,3 147,73,21 73,45,36 42,35,47 52,37,57 54,44,62 56,46,64 68,27,11 184,94,47 202,106,64 29,34,44 35,38,47 142,71,0 173,77,0 125,65,13 37,45,63 36,46,64 37,47,67 38,51,70 35,47,71 29,39,57 33,39,60 39,35,44 41,38,53 30,39,52 32,44,68 47,65,121 116,61,18 152,78,24 180,99,38
113,50,0 171,81,5 175,82,5 123,57,9 102,54,29 70,40,41 82,44,48 51,76,118 77,49,80 28,53,104 34,37,59 66,55,80 68,86,124 69,80,107 134,67,0 122,65,5 91,64,48 90,100,118 104,93,118 106,121,153 104,109,146 101,118,163 65,54,61 82,75,89 117,95,100 92,82,113 113,62,38 61,96,155 41,31,19 108,54,16 185,96,40 164,87,31
155,68,7 154,74,6 167,79,2 126,51,6 91,62,69 86,85,120 94,56,62 84,92,124 81,87,127 54,31,32 81,84,120 74,71,98 57,28,22 98,81,101 113,72,72 90,75,95 92,76,101 106,101,140 119,124,171 79,94,128 87,106,157 64,75,106 82,98,150 80,96,148 118,99,117 73,93,135 71,77,105 81,89,119 71,79,107 113,56,16 157,85,35 136,69,26
158,88,28 151,95,69 80,82,109 93,87,121 102,98,130 102,93,108 83,49,45 84,53,41 100,51,13 84,47,44 119,58,22 136,110,140 135,113,137 114,75,63 129,68,34 103,63,38 99,61,55 80,52,54 69,46,57 107,77,76 182,92,70 160,101,110 129,101,120 150,103,108 164,97,88 98,93,120 102,95,136 99,85,111 99,56,39 103,50,27 92,33,5 55,36,24
122,114,158 121,108,147 133,128,169 118,77,61 120,57,22 106,56,25 83,31,0 128,59,5 147,74,15 148,80,42 143,71,21 119,92,116 139,114,139 84,50,30 143,86,55 166,98,76 132,96,106 152,139,185 158,140,181 144,129,162 141,121,158 141,121,158 156,136,173 171,147,181 148,116,141 134,102,116 99,71,62 95,73,76 129,95,107 117,74,66 120,74,48 117,71,45

25,23,47 16,19,28 16,25,36 34,53,86 40,62,103 62,100,158 64,98,155 43,80,127 59,94,155 51,92,156 49,81,132 28,49,84 30,44,65 29,38,61 32,45,71 25,39,78 20,25,49 32,55,91 25,31,48 24,34,52 15,40,82 25,48,84 24,55,90 22,32,50 33,51,89 30,52,84 37,64,94 56,77,112 31,45,68 24,33,46 20,28,37 35,22,43
88,46,8 88,50,13 19,24,34 28,47,80 43,76,122 47,78,125 48,83,133 38,67,114 43,73,127 38,64,112 33,56,94 35,52,85 28,36,56 21,29,49 28,45,78 23,29,57 35,56,91 37,53,91 23,29,46 29,37,57 32,58,93 27,46,77 30,58,94 24,39,57 27,37,55 28,49,84 26,57,100 30,57,96 34,47,75 24,32,48 57,38,22 109,61,18
88,80,99 24,16,22 15,24,35 32,50,78 33,62,107 44,79,129 54,89,141 46,78,131 33,62,107 22,44,87 22,40,66 22,30,48 23,31,49 24,28,43 32,38,57 22,24,38 26,34,50 20,26,47 20,29,52 24,43,64 26,49,83 38,59,94 32,55,91 26,32,49 26,46,74 25,48,73 32,58,95 31,56,96 41,49,77 20,28,37 27,30,41 73,37,27
105,60,16 97,47,16 20,26,45 35,53,91 34,59,101 40,71,118 41,67,104 34,59,101 38,62,107 41,63,104 30,43,71 27,36,59 25,29,44 29,35,54 31,37,58 20,25,33 24,28,41 26,30,43 17,24,38 27,39,63 19,24,32 19,22,29 22,22,34 19,21,35 26,34,54 22,31,44 20,24,39 20,26,45 19,26,40 21,26,32 104,53,29 104,53,14
101,51,5 29,20,31 18,21,32 31,49,75 42,59,90 34,59,99 30,52,93 29,48,81 29,49,75 28,46,74 25,37,59 33,41,59 24,30,47 24,31,43 19,22,31 25,32,44 28,32,45 31,39,55 24,31,45 23,31,47 22,29,43 24,28,41 23,34,47 28,40,64 24,30,47 23,29,46 30,39,62 21,25,40 25,32,46 24,29,39 31,29,41 93,47,17
106,49,5 25,24,29 21,30,55 31,42,69 34,43,66 27,40,59 29,47,83 35,52,83 31,47,76 36,48,72 33,45,69 25,33,49 27,33,50 24,28,41 29,32,50 10,10,22 72,61,86 43,63,134 22,30,48 25,31,48 20,28,37 27,33,50 24,31,45 31,37,54 25,31,50 26,33,47 22,29,43 26,30,45 25,28,37 25,29,42 24,28,43 105,50,9
108,53,8 26,34,50 26,30,43 25,25,35 25,28,39 33,42,65 31,49,77 31,45,68 31,43,65 27,40,66 29,38,61 30,38,58 108,84,102 116,89,115 124,76,72 194,96,23 61,47,52 52,31,50 26,28,42 22,27,37 27,33,50 30,36,53 29,35,52 19,28,39 26,33,47 25,32,46 26,32,49 26,32,49 26,33,47 24,28,41 23,30,42 102,49,6
110,55,10 29,36,50 42,45,63 36,39,57 26,33,45 26,32,49 31,47,74 32,49,71 34,46,70 31,44,63 29,49,75 80,57,68 122,59,39 255,162,69 255,149,45 211,97,42 108,100,119 36,25,10 28,30,44 34,35,56 30,37,51 29,36,50 30,36,55 29,36,48 27,35,65 41,47,64 29,35,52 30,36,53 30,36,53 27,31,46 24,31,45 78,42,13
106,53,12 35,43,61 48,44,64 63,49,73 40,48,66 37,47,67 35,44,67 35,44,67 36,54,78 38,46,64 200,113,70 125,62,31 255,161,49 255,133,21 255,132,7 255,149,24 74,85,145 52,33,21 48,44,57 40,44,59 41,44,62 36,40,55 35,39,54 37,36,53 43,39,59 34,37,55 34,37,55 34,40,59 32,38,57 31,35,50 26,35,48 38,34,47
96,46,15 37,46,71 42,50,70 40,48,66 36,45,68 43,52,75 39,53,76 35,47,69 40,51,78 46,53,76 250,116,15 255,122,11 143,68,23 152,66,16 214,105,31 255,124,18 37,22,13 64,40,56 67,54,62 55,48,60 56,47,71 52,50,74 53,49,69 48,46,66 57,44,63 39,38,53 40,41,60 36,37,56 33,37,52 34,35,56 31,38,52 77,48,42
100,45,16 45,53,81 38,51,70 37,47,67 37,47,65 42,54,76 47,63,88 47,60,86 78,64,90 137,83,65 118,41,4 255,131,27 255,149,25 255,137,17 71,47,39 205,99,33 202,108,56 173,94,71 95,41,0 64,59,86 50,62,86 53,59,80 63,50,71 49,47,69 48,51,69 58,53,71 44,45,68 46,49,71 42,43,62 34,41,55 27,27,35 71,45,33
78,56,64 86,56,71 45,58,84 44,57,85 43,52,77 50,59,84 57,62,86 64,62,86 140,77,42 174,82,18 255,138,43 110,31,0 255,130,15 255,125,13 64,62,86 59,48,57 237,110,33 192,96,24 25,23,45 79,67,83 49,65,92 53,58,82 63,54,78 57,60,82 44,59,77 44,50,71 40,48,68 49,56,81 37,43,64 23,42,73 32,30,40 80,48,34
85,44,24 43,60,82 51,60,85 51,49,73 60,53,81 74,61,82 83,62,81 92,65,79 101,64,80 100,62,52 181,88,29 255,131,31 96,58,48 127,61,31 71,55,80 67,61,86 58,57,74 16,23,46 21,15,10 121,41,7 90,56,54 79,56,57 50,67,98 44,65,102 42,59,92 36,59,97 32,43,74 32,48,77 26,32,49 33,46,72 29,38,49 58,38,31
114,60,42 96,62,40 110,86,106 77,55,49 63,47,64 68,49,65 80,54,71 83,56,70 96,60,73 94,52,69 33,21,9 33,16,19 255,134,37 195,95,24 30,37,49 31,38,50 38,46,64 37,47,67 43,53,73 34,27,25 141,66,0 177,87,0 47,50,68 46,52,71 35,43,59 33,41,57 32,35,53 29,33,48 27,34,48 27,31,46 29,32,50 93,57,39
67,44,31 47,33,33 80,66,83 71,49,52 40,37,54 35,36,55 34,37,55 47,50,70 110,62,48 57,54,71 15,17,17 63,38,39 117,52,15 33,16,17 67,52,62 90,67,68 76,62,79 68,59,74 92,83,107 97,82,104 87,81,106 97,63,70 69,68,85 72,67,85 72,67,85 151,87,43 119,63,37 58,46,62 61,55,76 62,58,78 56,65,108 70,47,36
90,58,44 75,42,33 76,33,29 98,41,38 69,73,104 95,69,88 139,48,45 88,89,121 93,102,141 91,101,137 34,22,12 85,42,27 120,41,0 122,116,141 136,111,136 121,117,153 99,80,82 99,78,74 100,79,77 109,87,92 121,100,117 117,109,146 117,104,123 116,73,67 80,60,70 142,87,56 162,101,65 198,112,62 148,78,18 127,69,55 65,40,21 28,21,24
102,74,63 111,85,89 137,103,112 123,87,95 139,75,74 100,77,104 87,70,90 131,76,47 124,74,61 151,101,88 51,25,15 117,76,60 123,61,23 141,92,95 136,91,88 138,107,127 93,57,47 124,88,98 129,88,88 118,94,100 106,78,69 128,90,96 122,102,125 138,122,158 131,122,164 172,120,115 129,117,129 149,93,44 130,121,161 111,111,137 108,80,99 119,76,68
142,102,95 101,72,82 127,106,125 127,98,105 131,101,116 151,116,133 162,100,62 141,73,33 129,73,24 183,96,30 83,37,19 67,26,0 74,38,20 80,45,32 157,84,56 185,115,84 189,118,94 166,108,94 174,124,122 157,92,82 160,119,128 189,143,154 121,80,80 166,131,146 174,137,164 195,155,188 185,149,173 126,97,107 112,94,119 89,52,39 128,100,102 115,89,95

148,80,19 132,68,24 23,50,89 23,51,87 23,51,87 27,54,95 45,84,137 39,79,127 43,58,90 28,54,89 27,53,90 32,53,88 31,54,88 31,55,86 30,54,85 28,37,62 27,44,75 30,55,95 34,53,86 30,53,91 32,53,88 29,52,88 35,52,85 32,54,86 27,52,92 51,62,100 37,62,113 30,58,94 23,49,86 32,55,91 22,36,48 32,63,108
159,84,19 144,72,26 27,53,90 23,51,87 23,51,87 23,51,87 19,51,89 19,51,89 27,54,95 28,54,89 27,50,84 27,53,86 37,53,80 36,53,86 30,53,87 37,53,91 30,45,77 36,53,96 34,52,90 37,54,85 31,53,85 37,63,111 30,52,95 27,57,95 31,55,100 26,39,69 30,54,99 40,66,112 36,62,110 40,69,112 32,49,80 29,53,98
161,88,11 151,81,32 29,57,93 33,62,105 24,36,58 25,33,51 41,68,107 46,79,123 39,57,83 28,56,88 28,54,91 31,55,86 31,40,63 34,61,100 31,54,92 26,32,49 29,44,76 46,67,117 37,58,97 32,57,97 19,41,73 31,54,92 25,42,73 27,50,86 30,51,90 23,39,66 25,47,79 33,51,87 27,44,75 26,46,72 26,40,63 29,37,65
145,73,9 151,81,19 16,26,44 19,32,62 14,14,22 25,31,48 34,60,97 44,74,124 47,84,135 45,66,103 40,73,119 54,84,138 20,28,37 36,62,99 34,56,97 31,37,54 37,53,89 52,75,131 63,87,145 20,31,62 25,48,86 32,55,93 35,56,95 31,49,77 24,34,54 34,48,69 29,55,90 28,50,82 33,51,89 28,42,65 32,38,55 25,32,55
169,95,41 152,77,30 14,22,38 25,37,61 14,17,24 19,28,41 32,54,86 36,64,100 37,64,105 41,68,109 37,73,118 63,100,165 32,52,78 40,69,112 32,55,89 25,40,72 39,57,95 44,65,111 32,49,82 27,50,84 22,39,61 32,57,99 33,54,89 43,69,106 27,49,81 26,38,60 31,47,83 28,48,76 28,54,87 31,52,87 27,37,55 23,33,51
152,77,14 141,74,8 87,75,89 12,22,40 17,17,27 24,34,54 32,58,95 49,82,124 54,94,156 53,91,151 59,99,170 66,116,197 59,99,157 39,62,96 54,37,38 143,74,18 102,85,105 33,54,104 22,30,50 33,56,90 25,31,50 24,38,59 31,53,94 35,54,85 18,39,74 19,35,60 32,51,84 33,54,91 47,79,130 44,70,114 36,52,88 21,30,41
159,103,77 140,79,47 24,29,55 9,16,28 16,19,26 33,47,70 37,63,98 52,84,133 59,98,165 47,79,130 47,80,140 42,74,125 41,66,108 35,30,32 255,149,0 242,92,0 41,23,2 17,24,36 25,42,75 33,55,96 25,28,46 26,36,56 30,56,93 28,50,82 29,56,95 30,45,77 29,39,59 24,42,70 29,58,101 31,59,95 31,58,97 22,27,37
167,84,15 173,88,8 154,96,74 10,10,18 20,18,28 34,43,66 40,69,112 56,85,130 45,80,132 46,76,126 36,63,104 31,54,90 32,47,79 39,28,13 83,37,0 182,82,7 120,58,45 29,25,6 23,30,53 32,39,64 23,31,49 26,45,76 29,52,90 36,54,90 30,56,91 23,40,62 26,45,76 22,41,72 35,61,98 32,58,95 37,60,94 22,27,35
158,83,11 139,71,12 188,99,16 13,11,23 20,18,26 33,47,70 36,62,99 56,88,139 43,69,113 47,76,121 34,60,106 36,57,107 255,173,0 255,143,34 72,35,20 185,98,32 22,10,10 26,25,30 27,33,52 25,38,55 23,29,46 29,36,59 20,26,43 20,24,37 18,25,37 21,24,44 27,36,59 23,30,44 25,27,41 23,26,37 22,26,39 25,27,41
150,76,8 183,86,8 21,25,38 12,20,29 16,19,28 28,40,64 38,60,101 44,67,105 33,56,94 33,52,85 29,52,86 71,43,30 151,81,32 249,121,0 255,144,9 146,102,133 18,16,17 25,30,40 28,32,45 31,34,52 28,36,52 25,31,48 23,30,44 22,26,39 21,25,38 30,38,56 26,36,54 23,29,46 27,33,54 22,25,43 25,27,41 22,29,41
177,89,10 183,86,8 23,25,39 23,23,31 23,31,51 31,40,63 30,53,80 27,33,50 30,53,80 30,50,78 131,53,2 67,33,29 70,33,18 147,72,4 255,197,0 209,154,170 22,24,40 25,28,48 29,37,53 31,40,53 34,44,64 25,31,48 26,32,49 26,33,47 27,33,50 21,26,36 24,30,47 24,30,47 24,28,43 27,31,46 24,28,41 25,32,46
179,95,12 180,84,10 27,33,50 27,34,48 28,32,45 25,25,35 23,25,39 40,50,70 30,49,80 34,44,64 189,83,6 66,37,44 60,38,46 38,31,29 185,85,0 179,119,94 91,94,130 30,36,53 31,37,58 33,36,56 23,23,35 24,28,41 22,29,43 27,33,50 29,35,52 29,33,48 22,26,39 24,30,47 27,34,48 27,33,50 27,33,50 29,36,50
164,83,22 172,87,14 27,38,51 28,38,54 35,43,59 32,39,53 25,29,44 27,30,48 32,48,73 155,65,16 76,50,69 62,38,44 122,64,29 130,72,46 56,33,30 79,75,97 75,42,35 31,38,52 40,48,66 37,43,64 255,151,66 40,43,63 33,36,56 31,34,52 32,35,53 32,35,53 26,30,45 28,40,62 29,36,50 29,35,52 29,35,52 33,39,56
165,90,22 142,76,21 34,41,55 31,39,55 47,48,69 54,48,69 39,45,64 37,45,65 36,45,68 80,37,29 125,59,4 126,51,2 44,27,33 194,103,45 255,161,24 255,192,70 255,215,183 72,54,63 40,47,70 193,70,10 185,73,16 127,73,39 38,45,57 36,37,56 37,36,53 36,39,57 39,36,53 41,38,55 34,37,55 34,37,55 30,36,53 33,39,58
157,82,12 80,50,51 41,45,60 43,49,70 40,48,66 43,49,68 38,47,70 41,53,77 36,54,69 150,75,28 255,130,18 224,107,10 29,39,57 98,55,51 225,114,10 255,177,52 255,191,91 255,144,23 93,88,129 255,150,77 176,69,1 62,36,24 69,46,59 54,50,72 70,47,36 48,46,66 44,42,62 51,48,65 38,36,56 37,38,57 33,35,51 33,36,54
163,84,20 57,49,68 43,52,75 42,56,79 39,45,64 40,46,67 40,50,70 46,59,85 48,62,85 82,42,35 255,134,16 255,134,21 153,78,31 23,32,45 77,48,42 255,140,42 255,147,25 255,147,28 13,19,10 11,17,20 44,23,12 50,32,43 87,68,82 63,51,81 129,70,24 56,48,67 45,48,68 50,51,74 63,54,76 45,48,68 40,43,61 40,43,63
132,74,21 64,51,72 52,51,68 44,52,70 41,53,75 42,54,76 42,51,74 49,62,81 53,66,94 255,132,8 80,39,21 225,113,14 239,120,23 24,30,47 28,37,60 62,43,45 96,62,40 67,44,41 15,16,21 51,49,73 57,60,80 52,50,70 52,63,90 179,98,21 144,74,23 57,53,73 47,50,70 51,52,73 53,51,73 40,46,65 47,44,61 42,49,74
149,82,30 53,49,73 42,54,78 46,59,85 47,61,84 50,52,77 60,58,82 69,60,84 71,52,86 255,138,10 255,148,6 255,122,2 77,46,27 29,36,48 23,34,47 23,34,47 61,62,85 59,62,84 64,69,93 60,66,94 60,65,91 53,71,109 52,74,115 55,82,123 85,70,92 82,57,56 49,62,92 43,59,95 44,59,93 41,59,87 46,77,120 42,63,98