28,39,52 33,43,61 30,37,51 93,48,13 88,43,10 38,21,11 8,29,27 10,30,33 42,51,64 39,56,76 91,63,65 48,54,71 64,73,84 51,61,81 49,63,84 58,68,84 71,104,148 77,117,165 76,121,190 69,121,188 65,120,188 61,111,177 58,108,174 57,109,165 20,31,44 6,19,18 8,19,18 7,22,27 6,23,27 45,33,35 59,43,37 43,27,21
34,45,58 30,38,54 35,43,59 83,49,31 44,32,32 30,20,19 10,30,31 10,38,34 42,52,70 40,57,77 44,61,81 51,59,77 48,60,82 58,76,104 50,92,140 59,92,138 77,117,167 75,121,183 66,122,192 63,125,195 66,122,194 62,114,179 60,110,176 64,120,190 9,28,38 10,21,22 9,21,27 7,22,27 7,24,30 56,42,42 52,39,32 49,25,17
28,41,60 28,41,60 38,48,64 41,51,69 49,32,24 18,15,21 6,30,30 20,52,51 44,54,74 46,60,81 48,62,85 47,61,82 45,63,91 69,89,117 57,97,143 62,103,146 71,117,179 63,126,194 60,125,199 62,124,197 63,124,197 63,115,182 62,114,181 61,120,189 31,68,88 4,21,25 13,29,38 8,21,22 8,22,32 44,38,33 57,41,39 41,25,21
34,47,66 32,43,70 34,47,66 23,33,49 61,47,33 66,33,6 17,51,49 11,43,44 41,55,76 85,68,71 50,62,86 45,63,89 42,64,94 62,81,102 45,43,55 13,14,17 18,17,20 12,16,31 35,81,132 19,23,27 22,22,22 68,101,143 62,121,192 62,127,199 58,114,173 28,63,74 18,34,45 7,18,17 6,23,27 52,38,43 45,31,33 44,33,30
17,26,37 17,30,49 34,54,78 30,58,83 52,40,40 53,44,25 9,33,35 39,54,72 43,60,82 49,61,85 42,65,90 55,61,78 44,64,92 28,23,20 21,24,31 13,14,17 21,16,15 7,11,15 16,16,24 37,46,59 31,39,48 57,61,76 60,128,196 61,126,200 62,114,179 20,68,109 9,20,21 6,18,22 8,23,26 52,41,38 52,36,34 41,30,27
22,35,52 24,37,56 34,47,66 29,38,61 44,35,29 15,36,34 9,33,33 47,61,82 42,62,90 24,37,56 22,28,31 16,18,18 35,41,44 44,54,58 26,30,34 36,36,31 16,20,22 13,12,17 106,126,154 39,48,61 29,36,48 25,30,38 71,133,208 63,130,203 63,115,180 66,123,190 9,19,16 5,20,25 8,23,26 43,36,36 51,40,37 46,33,28
32,59,73 28,42,65 31,45,66 32,49,71 45,36,32 6,34,30 12,36,36 43,59,84 37,65,97 33,38,48 28,33,39 21,21,29 13,11,12 35,47,51 40,48,53 40,48,53 23,24,27 56,49,47 33,31,39 33,37,52 28,33,43 40,39,44 58,82,113 78,139,212 60,112,177 64,119,185 36,85,99 10,26,35 9,21,27 52,38,40 48,34,36 46,29,19
32,53,72 34,53,72 34,57,80 33,72,96 38,29,25 10,37,40 8,37,37 35,58,83 72,70,71 31,40,51 38,45,57 25,28,35 15,14,19 38,44,47 41,53,57 55,57,57 59,62,52 32,32,32 30,30,16 29,37,46 27,25,26 81,149,217 47,55,73 108,170,243 69,121,188 64,120,190 61,126,202 13,28,33 10,25,32 76,61,25 47,35,37 51,35,31
35,53,66 31,57,76 39,51,75 32,55,82 45,34,31 19,48,46 24,42,57 37,65,90 50,68,92 24,23,26 47,57,75 27,30,41 17,16,21 52,50,48 45,55,63 23,33,39 33,41,46 66,56,46 37,37,21 23,23,33 26,21,20 123,196,255 173,251,255 166,245,255 93,145,212 61,117,189 61,131,203 6,23,29 13,27,39 32,31,34 47,34,31 53,40,37
40,54,64 33,52,60 36,69,92 40,78,109 44,34,33 11,38,39 42,56,79 36,61,85 62,71,94 32,28,22 17,23,26 35,38,45 26,21,23 23,21,19 25,27,27 23,25,25 26,21,23 43,36,36 34,37,25 27,41,51 45,50,56 161,235,255 177,255,255 171,249,255 104,161,228 64,119,185 62,127,199 48,58,36 19,32,31 32,39,34 54,40,42 50,34,28
33,50,45 35,53,52 40,70,94 31,53,83 43,31,31 18,45,44 42,60,86 40,60,88 68,76,92 133,92,24 26,21,23 34,28,23 40,34,29 36,32,26 42,44,44 23,25,25 41,36,35 61,55,48 59,136,215 45,68,95 83,156,225 166,241,255 177,255,255 174,252,255 115,175,241 65,120,188 63,126,196 46,65,56 13,29,38 16,25,36 50,36,41 57,42,33
23,43,67 26,43,65 35,46,73 24,37,54 45,31,31 10,39,39 44,66,98 43,62,93 81,81,91 67,48,32 24,22,18 35,31,25 38,32,27 40,34,29 40,31,25 44,53,53 40,33,36 84,94,114 53,133,215 75,149,236 92,162,236 169,244,255 177,255,255 175,252,255 119,182,247 67,122,186 66,125,194 43,56,55 13,27,37 12,29,35 56,42,42 38,25,22
26,48,64 34,59,72 29,41,63 32,42,50 36,26,25 31,43,36 43,67,96 44,63,94 81,74,58 49,61,65 57,58,61 38,32,27 33,26,24 37,28,24 45,36,30 33,29,23 96,89,71 72,146,237 58,135,216 67,143,229 81,151,225 160,237,255 175,253,255 172,248,255 119,181,249 68,123,189 64,126,194 44,57,58 11,30,40 12,27,41 55,41,41 58,43,34
32,46,67 19,36,56 34,57,82 34,40,43 45,28,29 20,31,20 75,72,89 47,66,99 71,76,72 46,57,58 43,53,57 30,26,18 30,21,17 36,31,28 30,25,24 28,26,22 130,121,104 67,148,239 56,136,214 63,143,225 72,142,216 112,193,255 171,144,126 133,189,255 98,153,221 66,118,185 66,122,192 43,57,53 12,31,39 13,29,40 50,36,36 52,39,34
28,42,65 21,34,60 38,56,80 76,50,36 43,30,27 13,36,31 72,69,86 46,66,94 50,62,68 41,53,57 42,48,49 25,25,22 25,26,29 32,34,34 23,28,24 71,81,85 122,113,98 65,150,242 57,130,208 59,138,223 58,138,216 70,145,229 168,141,109 140,112,74 62,124,199 115,133,159 90,124,181 50,53,41 13,35,35 14,31,37 61,44,45 49,33,27
32,53,62 29,41,63 35,49,72 93,51,29 35,25,24 6,35,33 65,66,85 49,68,99 50,68,94 41,41,27 45,51,52 46,55,57 60,59,50 109,80,47 32,31,36 71,83,89 35,110,104 39,124,128 24,174,185 34,111,122 52,76,65 85,100,76 52,65,64 57,84,114 161,159,181 95,58,45 69,45,39 57,61,46 17,33,33 15,27,31 50,39,36 55,42,39
31,47,56 31,44,63 33,43,59 72,53,41 26,14,14 8,41,35 61,66,90 50,68,94 97,77,47 25,23,24 34,30,20 28,25,10 36,42,43 74,66,55 98,79,56 75,74,63 28,57,48 29,55,47 27,56,47 29,54,49 31,80,75 40,55,43 22,55,49 64,72,47 158,100,67 99,83,81 81,48,39 68,63,35 26,42,40 13,28,35 55,38,39 58,40,35
22,32,48 27,37,53 35,49,72 50,36,22 40,27,20 11,43,40 31,44,63 124,79,15 25,22,26 23,21,22 33,22,15 33,25,12 31,23,10 27,24,9 37,28,13 137,124,103 28,52,52 29,51,53 25,47,47 21,44,51 33,63,56 33,59,46 30,65,46 30,54,41 44,82,115 58,82,111 113,107,102 69,69,35 36,42,33 12,27,34 61,45,43 56,40,34

12,10,11 12,10,11 27,27,27 40,37,41 40,39,42 45,36,32 44,35,29 12,10,8 29,22,22 26,19,19 12,10,11 34,27,27 131,121,120 131,121,122 134,120,120 107,125,142 96,133,182 101,133,184 105,142,191 101,146,204 99,144,202 101,141,191 104,139,187 118,147,194 138,154,194 145,161,188 138,151,179 160,165,189 183,173,193 188,174,189 204,186,185 205,187,186
12,10,11 12,10,11 22,23,26 36,30,35 42,39,43 42,39,43 45,36,32 43,34,30 34,27,27 28,21,21 12,10,11 36,29,32 136,129,129 137,128,124 142,129,126 142,125,117 140,117,104 89,129,177 95,137,187 99,144,200 102,143,196 108,141,187 117,141,186 128,150,191 153,161,189 166,164,188 153,153,179 182,172,192 198,181,182 204,183,183 219,195,187 221,194,187
12,10,11 12,10,11 12,10,11 14,9,11 24,24,34 44,41,45 50,43,46 42,32,31 38,31,31 33,26,26 12,10,11 35,28,28 150,140,144 146,136,137 151,136,127 150,135,124 149,134,123 152,131,116 98,132,187 100,141,194 112,142,192 120,145,187 129,146,179 139,152,178 171,162,184 183,169,182 166,158,175 191,177,179 208,186,180 216,190,180 228,198,181 228,197,185
12,10,11 12,10,11 12,10,11 12,10,11 12,10,11 39,44,54 43,38,40 57,47,48 55,43,43 36,29,29 18,23,29 34,27,30 151,144,147 157,147,151 154,142,144 157,142,131 157,142,131 158,139,123 157,136,121 130,130,142 121,146,186 128,143,175 134,143,168 156,154,176 183,167,180 191,175,171 173,160,179 201,180,176 214,188,176 223,192,180 229,200,180 228,199,179
21,20,13 13,11,9 12,10,11 12,10,11 12,10,11 12,10,11 11,11,11 20,16,25 68,55,52 48,37,34 19,22,29 54,44,48 161,153,159 162,151,158 159,148,155 164,149,140 161,146,137 160,145,136 164,143,128 164,143,128 162,132,106 98,88,106 114,96,95 153,138,148 190,169,167 197,175,167 178,160,171 208,182,172 218,188,173 224,195,175 229,200,178 228,199,179
27,29,14 27,28,18 19,19,14 12,10,8 12,10,11 12,10,11 12,10,11 15,10,12 32,42,50 78,63,52 19,22,29 63,57,62 163,161,171 159,156,162 162,154,160 170,156,158 167,153,155 165,152,145 165,149,136 127,106,93 67,46,44 70,47,44 76,42,40 104,49,38 197,171,161 148,104,94 178,161,164 211,180,170 217,187,172 223,194,174 228,199,177 226,197,177
34,35,16 32,32,16 30,30,14 26,25,16 14,12,10 12,10,11 12,10,11 12,10,11 39,30,13 41,59,83 18,23,29 63,60,64 166,164,176 165,163,171 166,163,167 70,154,226 150,140,144 178,152,131 213,165,120 74,56,53 74,48,38 96,66,51 73,44,38 77,45,42 67,42,39 91,55,37 160,128,114 211,181,164 217,186,167 222,193,171 225,194,171 223,194,174
46,39,19 49,38,19 44,37,17 38,33,19 25,26,14 12,10,8 27,21,12 13,11,9 23,26,18 17,25,32 19,24,32 17,17,25 171,169,189 173,170,185 72,176,255 69,125,186 98,117,148 136,124,138 133,109,103 102,89,82 124,93,74 114,76,57 115,74,56 70,48,40 69,42,37 94,46,32 150,119,111 210,178,164 216,185,164 227,191,169 228,192,170 223,192,171
66,47,20 67,48,13 65,45,13 63,43,13 59,40,15 55,37,7 51,32,7 21,24,12 19,25,28 19,24,32 20,23,30 31,35,48 172,178,197 56,102,155 74,140,209 70,133,201 65,110,166 110,83,76 108,75,66 82,59,48 121,94,78 122,79,60 112,72,49 90,55,42 79,42,39 98,43,28 173,142,121 210,179,160 227,182,161 233,189,163 234,189,166 227,189,168
67,49,17 69,49,17 68,48,16 63,45,13 63,43,11 60,41,14 52,38,13 24,29,35 19,24,32 19,24,30 16,8,14 151,169,193 160,167,190 67,120,171 67,121,176 72,124,182 76,109,151 134,137,157 123,95,86 91,55,45 145,79,47 87,61,51 111,68,49 101,60,44 91,48,33 94,44,27 179,159,152 183,157,136 225,180,157 229,185,159 233,189,163 226,184,160
66,47,20 67,47,15 67,47,15 61,42,15 54,37,13 53,36,12 47,42,14 130,170,218 117,166,227 95,146,197 99,143,192 82,140,200 75,131,190 65,110,150 68,109,148 70,114,159 80,106,139 117,103,108 114,66,48 163,94,54 136,74,45 144,78,48 104,63,47 69,37,34 91,46,39 91,45,29 185,134,97 182,136,110 186,146,121 230,184,154 228,184,156 227,182,159
66,47,20 67,47,15 65,45,13 58,41,17 36,27,12 43,38,26 71,159,241 73,158,232 77,145,211 77,150,219 73,142,205 71,138,198 67,137,193 67,134,196 60,97,133 63,102,137 70,101,144 117,80,54 155,86,53 142,81,45 141,80,48 161,89,50 90,55,40 84,48,40 79,41,35 102,45,28 170,131,90 183,135,88 182,134,91 179,137,99 193,149,119 218,176,152
62,48,21 62,43,16 63,42,15 52,39,18 49,35,10 84,158,224 73,162,241 74,151,219 72,156,230 73,146,215 75,152,224 69,134,192 73,140,204 68,137,200 78,121,164 59,92,123 151,164,194 116,76,53 94,62,46 134,75,45 151,83,43 148,80,44 65,38,33 95,47,33 81,41,34 119,49,23 165,119,91 173,128,93 182,134,89 184,136,91 181,137,95 184,143,116
45,41,20 42,38,19 37,33,14 40,31,25 40,25,14 71,38,11 108,92,77 106,134,170 75,160,232 32,85,79 35,72,69 33,53,56 55,62,57 65,63,41 54,37,43 141,167,202 125,88,73 128,75,48 127,71,45 92,50,37 133,83,52 48,36,41 79,41,33 98,46,25 106,45,27 46,48,62 99,73,52 157,108,70 168,126,88 178,132,91 184,136,91 184,140,98
33,36,16 33,36,16 27,28,16 55,40,31 34,21,14 40,27,22 11,12,15 19,8,15 33,53,56 33,50,56 37,82,70 78,76,47 119,113,118 119,86,79 105,82,79 114,79,64 130,75,46 145,82,51 158,86,49 126,70,46 56,39,40 77,39,33 93,45,29 99,44,29 80,47,49 103,72,51 93,70,57 101,73,60 139,92,60 188,133,79 182,138,98 185,141,101
26,19,19 26,26,23 21,19,15 45,30,19 36,24,12 16,16,16 17,15,16 13,15,15 11,13,13 16,9,12 68,58,46 92,55,31 135,83,53 139,82,51 142,84,47 140,82,49 140,78,49 156,84,47 176,101,52 27,35,42 37,48,59 42,52,70 56,49,63 42,55,74 42,52,70 44,52,72 57,60,69 102,82,75 130,91,63 216,161,107 200,147,102 176,133,98
19,12,15 23,16,19 74,54,36 37,28,22 41,26,15 22,21,24 20,19,22 16,15,18 13,15,15 15,15,15 29,28,31 60,60,72 102,66,44 138,81,50 150,84,50 149,86,53 153,88,51 153,85,47 169,95,57 57,43,43 43,53,73 43,56,75 46,59,78 45,55,75 45,58,77 47,60,79 48,63,79 133,119,119 120,107,104 122,107,98 236,167,100 161,120,89
21,19,20 20,13,16 58,41,31 33,24,18 29,22,25 25,25,33 22,21,24 20,20,20 20,19,22 17,17,17 24,24,24 37,36,39 46,46,56 89,72,73 161,94,51 160,96,50 150,89,53 111,65,37 118,71,21 114,65,25 45,55,71 45,55,75 45,55,75 45,58,77 52,62,82 63,81,119 97,103,120 95,95,105 88,88,100 92,89,93 130,92,71 135,95,70

12,10,11 35,33,34 33,32,35 39,38,41 40,37,41 51,40,37 44,35,29 11,11,11 29,22,22 24,17,20 13,11,12 38,31,31 129,122,122 129,122,122 131,117,117 107,139,188 96,133,182 102,134,185 102,144,194 101,146,206 100,141,194 101,141,191 105,140,188 121,147,195 138,153,196 148,161,189 138,149,178 167,168,191 186,174,190 189,175,190 205,187,186 205,187,186
12,10,11 12,9,13 16,13,17 35,32,36 45,42,46 42,37,39 46,37,33 44,34,33 30,23,23 27,20,23 16,11,10 39,29,33 139,129,130 143,132,129 142,129,126 142,128,114 102,114,136 87,128,181 100,142,192 99,144,202 106,143,194 110,141,188 119,143,188 130,151,190 154,162,190 170,166,190 152,155,177 185,172,191 198,181,184 206,185,183 219,195,187 219,195,187
12,10,11 12,10,11 12,10,11 23,24,29 19,16,20 48,45,49 48,41,44 45,33,33 37,30,30 30,23,26 23,22,25 38,31,31 144,137,137 145,136,132 149,136,133 150,135,124 146,132,118 150,130,112 94,135,188 101,140,193 116,145,190 122,144,185 130,146,175 144,155,182 173,164,186 183,169,182 161,158,175 199,181,180 211,187,181 218,192,182 228,198,183 226,196,181
12,10,11 12,10,11 12,10,11 12,10,11 12,10,11 27,32,42 57,47,51 56,46,47 50,38,38 31,24,27 19,22,29 52,45,48 153,146,149 151,144,147 154,142,144 158,143,132 154,139,128 157,138,124 159,137,119 112,136,183 123,146,184 126,139,167 135,144,169 161,157,179 183,167,180 192,174,173 168,158,176 206,182,174 215,187,176 222,194,181 229,200,180 229,198,179
16,15,8 12,10,11 12,10,11 12,10,11 12,10,11 12,10,11 38,48,68 58,48,47 66,53,50 40,30,31 18,23,29 65,61,70 160,153,156 160,152,160 160,149,156 163,147,143 161,146,137 161,145,132 161,145,130 164,141,126 148,116,100 113,104,119 111,88,87 154,139,149 192,171,169 196,173,170 172,158,173 211,185,175 216,189,173 224,194,177 229,198,179 228,198,183
27,28,16 24,25,15 15,15,12 12,10,11 12,10,11 12,10,11 12,10,11 20,27,39 48,37,34 63,50,43 20,23,32 71,69,77 164,162,170 164,163,168 165,154,161 163,149,151 165,151,151 165,150,139 165,149,136 112,92,83 67,46,44 69,46,45 89,49,44 94,47,38 188,166,160 206,170,160 172,157,167 212,184,173 217,187,170 224,195,175 226,197,175 225,196,176
34,35,16 31,31,17 26,28,13 22,23,13 12,10,11 12,10,11 12,10,11 12,10,11 40,31,16 26,24,36 19,24,32 67,66,71 167,165,175 167,165,175 165,162,168 67,138,205 149,139,143 186,152,132 181,135,96 69,53,51 91,63,52 97,65,49 70,43,38 80,48,45 65,40,39 102,54,36 172,152,162 213,181,167 214,188,167 222,193,171 225,194,173 223,194,174
46,37,18 45,36,17 37,35,17 31,31,15 23,24,14 12,10,11 19,14,13 16,10,15 21,26,25 18,23,31 18,23,29 59,59,67 173,170,187 174,167,181 71,163,255 67,123,184 96,118,148 136,125,134 93,73,64 106,83,68 122,86,68 113,75,56 108,70,51 64,43,43 71,44,39 95,47,33 168,154,156 213,178,165 216,185,164 224,193,170 226,192,170 223,192,173
66,47,20 63,45,15 61,42,15 57,40,16 48,35,12 51,34,8 44,28,13 20,21,13 18,23,29 19,24,32 21,24,31 85,89,102 169,175,196 71,164,251 74,140,209 71,131,197 61,113,167 105,78,71 104,72,58 76,55,44 114,71,52 122,79,60 113,72,52 75,52,39 85,47,41 106,49,30 164,141,128 209,178,159 225,183,161 232,191,164 230,190,165 221,187,165
69,51,19 67,48,13 68,48,16 66,44,10 61,43,13 59,41,9 48,33,13 25,30,29 19,24,32 19,24,30 9,8,13 157,170,196 161,167,186 69,120,171 70,124,179 69,125,184 79,102,140 123,113,117 117,86,78 100,69,61 137,76,42 96,66,51 108,67,51 80,44,34 91,48,33 97,44,30 177,158,144 184,158,137 222,177,154 229,185,159 233,188,165 224,184,161
68,50,20 68,49,14 68,48,16 64,44,14 55,38,12 55,36,9 44,40,19 144,172,208 51,68,88 85,108,135 96,146,200 80,141,200 76,133,189 66,108,144 66,109,150 70,115,157 77,95,121 114,90,82 127,70,51 158,90,52 136,72,44 140,79,47 106,63,44 63,33,34 82,42,35 94,46,28 186,135,100 180,136,108 184,148,119 228,184,156 230,183,160 223,181,159
66,47,20 67,47,15 65,45,13 57,40,16 39,30,15 46,37,22 76,160,232 76,161,233 79,147,213 78,152,221 69,138,199 70,134,192 66,135,194 49,103,149 59,96,132 64,103,138 68,101,145 121,75,59 156,87,54 137,75,46 141,80,48 158,86,49 83,50,41 82,46,38 79,41,35 107,49,27 174,130,92 182,134,89 181,136,92 179,134,99 193,149,119 217,177,154
65,48,22 65,45,13 62,44,14 52,39,16 53,36,12 75,160,225 79,168,247 75,143,209 74,158,232 75,144,207 76,150,223 64,129,185 73,140,204 68,137,200 55,75,103 59,92,123 150,155,181 109,73,53 102,66,48 135,76,46 149,81,41 139,73,39 76,43,36 85,43,30 83,38,33 106,43,21 161,117,87 174,129,94 181,133,88 180,135,91 180,134,97 184,143,116
47,43,22 45,38,20 40,30,18 38,32,25 41,26,15 66,33,6 90,83,95 78,157,228 76,155,226 29,74,73 34,68,66 34,51,57 45,57,53 66,51,42 44,36,42 143,161,187 124,84,61 130,74,48 120,67,42 93,53,44 131,81,50 48,36,38 80,42,34 95,45,30 109,48,30 54,51,66 101,74,56 160,109,72 166,126,90 174,130,92 181,136,92 184,140,98
32,35,15 32,34,17 27,28,16 54,39,28 35,23,13 41,26,17 11,10,13 17,10,8 33,49,58 32,54,54 75,127,113 88,81,54 118,115,121 114,81,70 116,102,107 117,80,65 129,74,45 145,82,49 155,86,50 103,54,34 57,38,40 85,45,38 95,45,30 99,44,29 81,53,51 103,74,54 95,72,57 102,74,61 140,93,61 187,127,73 179,135,95 185,141,103
27,20,20 26,26,21 14,13,6 47,32,21 36,24,12 16,16,16 17,15,16 13,15,15 16,14,15 16,9,9 71,63,41 120,76,50 135,83,53 137,82,51 142,84,49 138,78,53 140,78,49 156,84,47 173,101,53 26,36,44 40,50,66 42,52,72 56,49,61 43,56,75 41,51,71 45,51,72 63,59,70 105,85,78 166,125,94 214,159,103 210,154,105 175,132,97
19,12,12 25,15,16 61,50,35 39,28,23 40,28,16 23,22,25 20,19,22 16,16,16 13,15,15 15,15,15 30,27,31 63,63,75 89,53,33 138,82,48 146,85,49 148,85,52 154,88,54 154,85,47 166,95,51 67,42,41 42,52,72 43,56,75 45,58,77 47,57,77 43,56,75 48,61,80 46,59,78 133,119,119 117,103,103 121,106,95 190,134,87 161,120,91
20,18,19 20,13,16 65,49,34 33,24,18 35,25,26 25,24,29 22,21,24 19,18,21 20,19,22 17,17,17 26,25,28 37,38,43 49,49,59 113,86,68 159,94,53 161,94,51 147,86,50 109,62,30 119,68,15 122,76,35 42,56,68 45,55,75 45,55,75 46,59,78 50,63,82 58,75,106 96,105,118 94,94,104 88,88,100 98,90,98 129,91,70 138,98,73

12,10,11 35,27,33 36,35,38 40,39,42 42,35,33 52,41,36 42,32,31 15,10,12 28,21,21 21,14,17 13,11,12 67,64,70 131,121,122 134,120,122 130,114,110 96,138,184 101,133,186 100,135,185 99,144,200 101,146,206 104,143,196 103,140,189 108,140,189 124,148,195 143,155,188 149,160,189 140,151,182 175,169,190 188,176,192 196,181,191 206,188,185 210,189,187
12,10,11 12,9,13 13,10,16 39,36,40 45,42,46 44,34,38 45,36,32 37,27,28 31,24,24 26,19,22 20,17,21 71,65,72 139,127,129 145,132,129 142,130,120 143,127,114 86,119,163 89,129,179 99,142,194 99,144,200 107,142,190 112,141,186 120,145,187 138,153,187 161,163,188 174,170,190 158,156,180 194,179,187 202,184,181 211,188,185 222,196,186 224,196,187
12,10,11 12,10,11 14,9,11 38,43,53 34,31,35 54,48,55 49,39,40 40,30,31 37,30,30 27,20,23 17,16,21 76,70,75 150,138,140 149,137,137 154,139,130 151,136,125 149,133,120 155,131,107 99,141,191 105,145,193 120,144,189 122,143,182 134,147,177 150,157,180 179,167,181 190,172,181 168,160,179 207,185,179 216,193,182 222,194,181 229,199,182 229,199,184
12,10,11 12,10,11 12,10,11 12,10,11 12,11,14 13,12,17 59,49,53 52,42,43 41,34,32 28,21,24 17,14,20 86,82,93 156,149,152 157,147,151 156,142,144 157,142,131 157,143,129 157,141,126 162,138,114 112,143,190 126,144,184 129,137,167 139,145,166 165,160,178 187,170,173 191,173,170 173,160,179 214,188,178 219,191,178 224,194,179 231,200,179 231,197,179
16,14,10 12,10,11 12,10,11 12,10,11 12,10,11 12,10,11 37,44,58 68,54,54 66,53,50 35,25,26 15,14,17 87,86,101 164,154,158 155,149,154 161,149,154 167,151,147 161,146,137 159,143,130 165,144,133 168,146,126 122,90,85 94,80,93 92,62,63 163,143,153 192,171,167 197,175,169 171,157,172 217,187,172 221,191,176 226,197,177 229,200,176 227,196,177
27,28,16 22,23,15 13,11,12 12,10,11 12,10,11 12,10,11 12,10,8 43,53,73 75,59,57 50,39,36 18,17,22 81,83,97 161,159,167 160,157,163 168,156,161 170,156,158 168,152,148 166,149,141 167,148,136 88,68,61 67,46,42 62,41,41 101,50,40 85,47,39 68,53,44 166,133,122 175,157,168 216,186,169 219,190,170 224,195,175 228,199,177 225,196,176
34,34,18 31,31,17 25,26,14 21,20,13 12,10,11 12,10,11 12,10,11 18,13,12 52,55,75 69,58,51 19,22,29 88,85,100 167,165,175 167,163,172 157,164,176 101,132,175 156,143,140 194,156,135 139,104,91 64,48,46 101,67,49 105,69,51 70,43,38 72,43,39 71,41,40 155,93,64 175,157,166 215,186,166 218,187,168 227,193,171 226,195,172 224,195,175
47,38,19 44,38,15 36,34,14 26,28,13 20,18,14 14,9,8 15,10,12 23,19,13 18,23,31 18,23,29 19,24,30 94,96,112 169,168,185 161,169,178 66,146,228 64,120,179 102,118,145 150,132,127 78,53,52 113,82,70 115,76,62 117,76,58 104,70,52 57,38,45 77,45,42 100,47,35 172,153,155 212,181,160 218,184,162 231,190,170 229,193,171 222,193,171
65,46,19 65,46,21 61,42,17 52,37,15 43,33,11 52,33,8 30,22,11 23,26,18 19,24,32 19,24,32 19,18,21 169,175,192 168,174,195 74,154,234 73,139,208 69,126,189 68,112,159 82,59,60 98,68,53 65,45,36 124,78,50 124,82,60 116,70,52 66,46,37 88,46,35 113,50,26 171,152,140 212,181,160 227,185,161 234,190,164 232,191,164 228,190,171
70,51,16 69,50,15 67,47,15 64,44,12 64,44,12 56,35,10 43,34,15 18,23,29 19,24,32 19,24,32 11,11,19 154,167,193 173,169,191 69,120,171 71,125,180 69,125,184 93,86,100 128,114,119 117,76,58 135,89,63 136,75,43 106,71,58 103,65,44 100,63,60 93,47,31 106,49,30 180,154,144 188,154,134 225,180,157 237,191,161 234,190,164 232,187,166
69,49,17 69,50,15 67,47,15 64,44,12 55,40,18 59,40,13 34,40,29 18,27,38 20,23,32 33,43,61 97,142,200 82,140,200 77,131,188 66,105,140 65,112,156 68,113,155 85,63,71 108,76,60 131,78,62 148,85,50 146,80,48 137,79,44 105,63,41 67,40,35 84,42,31 101,47,27 186,140,99 183,139,111 188,149,121 231,186,153 234,188,158 225,184,157
67,47,15 68,48,16 69,46,15 57,40,14 45,34,17 45,38,22 79,160,233 73,154,227 78,149,214 74,148,217 72,141,200 71,136,194 69,138,199 59,94,128 61,100,135 65,102,138 78,97,130 120,74,56 158,93,56 129,74,43 150,84,50 162,88,52 74,46,37 85,47,39 81,40,40 122,55,28 180,134,93 186,136,92 188,140,95 184,140,102 192,148,118 220,178,154
66,49,23 65,45,15 65,44,17 33,23,11 53,36,12 74,154,236 78,167,246 75,146,211 75,158,235 75,144,207 79,152,221 72,136,194 70,142,204 68,135,199 59,82,107 60,93,124 144,142,164 103,67,49 110,67,48 141,78,45 157,85,48 134,71,38 80,43,40 80,40,33 85,42,27 119,53,37 165,121,91 179,133,96 188,140,93 184,136,91 179,133,94 183,144,116
45,41,20 45,38,18 39,31,18 47,37,25 38,23,14 65,39,18 99,98,91 75,162,238 73,145,207 33,71,63 32,64,63 34,46,52 43,56,57 52,35,38 42,31,38 138,145,159 119,75,49 130,74,48 121,65,41 94,55,41 126,78,51 52,35,38 85,40,33 99,46,30 110,47,27 55,55,67 104,74,59 162,111,72 173,129,91 178,132,91 183,135,90 185,141,99
33,35,18 31,33,16 24,27,17 50,35,24 36,21,12 23,13,12 15,9,14 13,13,10 32,49,55 30,57,58 93,123,118 80,73,46 122,115,125 116,83,74 129,117,129 120,83,68 135,76,48 151,85,53 159,87,50 54,32,26 61,37,41 88,45,37 107,49,35 109,50,31 86,59,52 103,73,56 95,69,57 103,76,60 142,97,62 195,130,73 179,135,95 188,143,99
27,20,20 24,25,15 35,29,20 45,30,21 38,26,14 15,15,15 17,15,16 13,15,15 16,11,13 15,10,12 103,64,32 139,83,49 136,84,52 141,85,51 144,86,49 137,78,50 147,78,45 164,90,52 184,106,53 24,36,40 41,51,69 41,51,69 55,51,64 42,55,74 41,51,69 46,52,73 70,61,74 110,88,82 204,153,114 218,158,104 186,134,84 176,133,100
19,12,12 23,16,16 74,59,37 36,25,20 41,27,13 23,22,25 20,19,22 16,16,16 13,15,15 15,15,15 34,33,38 67,65,75 112,68,42 140,84,48 151,85,51 146,85,49 161,93,57 156,87,47 168,98,51 68,45,42 43,53,73 46,59,78 48,58,78 47,57,77 43,56,75 48,61,80 50,60,80 138,120,117 117,104,101 124,108,95 135,91,51 161,120,89
19,17,18 19,12,12 61,47,33 35,26,18 29,24,26 25,24,29 23,22,25 19,18,21 20,19,22 17,17,17 26,25,28 39,40,45 46,49,60 145,105,82 163,99,55 161,97,53 146,89,47 109,65,27 129,81,25 115,70,24 45,55,71 47,57,77 45,55,75 46,59,78 49,64,82 54,68,91 102,106,121 95,95,105 88,88,100 103,92,99 133,92,72 142,97,74

12,10,11 29,23,28 39,36,40 41,40,43 42,32,31 58,43,34 40,30,31 23,18,17 27,20,20 15,10,12 27,22,24 88,87,102 132,122,121 137,123,123 127,115,103 98,132,187 99,134,182 98,135,184 99,144,202 101,145,208 102,141,194 101,138,187 110,141,188 129,151,194 147,160,190 154,162,190 142,154,178 177,171,192 191,175,188 198,181,187 206,188,185 210,189,185
12,10,11 14,11,15 23,17,24 43,37,42 42,39,43 45,35,34 48,35,32 37,27,28 30,23,23 20,13,16 24,21,27 96,99,110 143,131,133 142,129,126 146,131,120 141,127,111 91,128,175 90,130,180 97,144,199 103,146,200 107,142,192 115,141,189 124,147,185 141,154,184 168,166,188 171,165,186 165,161,181 198,181,184 206,185,181 210,188,180 223,197,187 223,195,186
12,10,11 12,10,11 12,10,11 35,39,54 41,35,40 54,47,50 45,35,36 38,28,29 37,30,30 21,16,18 26,25,28 104,106,120 148,138,139 151,138,135 151,136,127 151,136,125 149,135,119 150,124,103 99,140,193 109,141,192 122,144,185 125,143,181 138,149,180 159,160,183 183,167,180 187,172,180 169,161,180 208,186,180 216,190,180 222,194,181 228,199,179 228,198,183
12,10,11 12,10,11 12,10,11 12,10,11 23,25,39 24,21,25 57,47,46 50,40,39 38,31,31 21,13,21 24,23,26 104,105,124 157,147,151 156,146,150 156,144,134 157,142,131 156,142,128 159,138,123 162,136,111 121,145,190 127,144,175 122,129,154 142,143,164 169,161,180 190,172,171 192,174,171 173,159,176 213,187,177 220,192,179 225,195,178 229,198,179 226,197,177
13,11,9 12,10,11 12,10,11 12,10,11 12,10,11 12,10,11 22,25,36 69,55,55 61,48,45 26,19,22 20,19,22 110,109,126 160,149,156 160,152,158 163,150,147 163,147,141 161,146,137 163,144,130 165,144,129 168,144,122 112,93,95 67,48,50 92,51,49 169,154,162 195,175,166 198,172,162 174,158,171 217,187,172 219,189,174 226,197,177 227,196,177 226,197,177
23,24,14 20,21,13 12,10,11 12,10,11 12,10,11 12,10,11 12,10,11 40,50,70 71,58,51 29,24,23 12,10,11 71,73,87 165,161,170 167,161,168 169,155,157 166,152,154 165,152,149 166,149,139 173,152,141 72,52,45 67,46,44 58,40,39 102,49,35 67,40,35 90,35,33 112,63,41 177,159,168 217,186,167 217,188,168 224,193,172 226,197,175 224,195,175
32,32,16 30,30,14 22,25,13 18,16,12 12,10,11 12,10,11 12,10,11 32,21,14 42,58,83 43,33,23 16,15,20 137,136,151 170,168,178 167,163,172 97,138,177 114,132,160 161,143,138 196,156,133 103,78,79 65,44,40 104,70,50 109,71,52 71,44,39 74,46,46 71,43,41 193,134,104 179,157,160 216,185,166 218,187,166 224,193,172 226,195,174 223,194,172
45,38,18 41,37,16 35,33,15 25,26,14 17,15,13 14,9,11 12,10,11 28,23,11 18,23,31 19,24,30 22,22,32 171,173,189 171,170,185 89,118,161 70,140,214 66,118,174 108,117,140 133,107,93 91,76,84 102,71,50 107,73,55 122,76,60 105,68,53 47,36,43 85,46,43 105,48,29 181,158,157 212,181,160 217,186,165 231,190,170 225,195,169 221,192,170
66,48,18 62,45,10 60,41,14 54,37,11 38,29,14 51,32,7 23,22,15 21,27,16 19,24,32 19,24,32 16,16,26 171,177,194 174,172,194 73,150,222 68,133,205 71,124,186 97,106,131 134,137,155 94,63,53 62,45,48 121,77,51 125,78,55 118,71,50 39,36,40 93,51,29 126,56,30 178,161,153 214,180,160 228,183,160 236,190,164 232,190,166 226,190,168
68,48,16 68,49,14 68,48,16 67,45,11 61,43,13 59,41,9 32,33,14 18,23,31 19,24,32 19,24,30 36,44,64 159,170,197 69,133,191 69,120,171 72,124,182 70,126,185 101,68,68 128,119,130 113,70,51 170,109,62 117,71,43 107,71,51 91,48,31 40,30,34 90,46,34 105,46,27 178,156,138 187,156,133 223,178,155 238,192,162 233,189,163 229,184,163
68,49,14 68,49,12 65,45,13 60,40,10 55,38,14 57,40,14 45,55,59 19,24,32 20,25,33 35,50,66 96,146,200 78,136,194 71,130,185 68,107,142 65,112,156 70,114,159 150,174,203 110,72,53 119,68,58 137,79,46 143,77,47 133,77,43 95,57,40 83,46,43 79,41,33 102,46,24 181,132,94 180,136,106 190,146,120 234,189,156 230,186,156 227,183,157
65,47,15 68,48,16 64,44,14 53,36,12 49,33,18 50,41,24 75,159,233 80,151,218 77,152,218 77,148,213 73,140,200 68,133,191 69,138,197 61,96,126 63,102,137 65,104,139 88,91,111 131,79,58 158,90,54 121,74,42 144,81,46 154,82,47 67,40,33 91,49,38 82,39,35 123,52,26 178,132,93 182,134,91 185,136,96 186,142,104 194,150,120 219,177,153
66,47,20 65,45,13 64,43,16 30,23,21 51,34,8 75,159,238 78,165,243 77,146,209 76,157,230 75,150,209 76,142,209 65,129,187 70,139,198 70,134,199 62,89,117 60,93,124 137,126,135 98,62,42 114,69,46 143,80,45 154,82,45 119,60,32 80,43,40 82,42,37 91,45,29 154,94,71 166,123,88 180,131,93 185,137,90 184,136,91 180,134,95 184,143,116
46,39,21 44,37,17 40,32,19 50,35,24 38,23,12 116,89,71 83,130,176 74,164,236 72,141,202 38,75,72 33,57,59 32,42,46 35,52,47 48,35,43 44,32,44 133,129,138 122,74,47 131,73,47 117,64,41 103,62,44 99,65,47 60,37,38 87,39,33 91,41,26 106,45,29 60,58,70 106,74,58 161,111,69 173,128,93 179,133,92 182,134,91 182,137,102
32,35,15 31,33,16 17,15,11 43,31,21 38,23,12 15,9,14 17,9,15 12,11,16 33,50,56 26,53,52 44,75,62 68,58,36 119,113,120 120,84,78 124,110,112 118,80,63 133,76,47 144,81,46 153,84,48 49,38,45 66,38,38 85,40,33 103,46,29 110,47,27 90,64,52 100,74,53 97,71,59 105,78,62 143,98,63 196,132,70 181,135,96 186,142,102
22,15,15 30,31,19 54,43,26 44,29,20 38,24,10 17,16,19 16,16,16 13,15,15 12,9,13 15,8,11 100,64,35 137,82,51 134,82,52 140,83,54 141,83,50 135,76,48 146,80,46 158,86,49 180,106,52 28,40,44 44,52,70 40,50,70 45,51,68 42,55,74 40,50,66 45,53,69 71,64,74 106,82,76 208,159,119 217,157,103 178,129,78 172,129,96
19,12,12 22,15,18 68,49,33 35,26,20 36,24,14 23,22,25 22,21,24 16,16,16 13,15,15 13,13,13 38,37,42 64,64,74 124,77,43 140,84,46 144,86,49 144,83,47 149,84,47 155,86,48 165,95,48 72,42,45 44,54,74 47,57,77 47,57,77 45,55,75 42,55,74 49,62,81 52,63,76 138,121,111 117,104,101 124,108,95 154,111,76 162,121,90
16,16,16 15,10,12 55,41,25 34,24,14 25,22,26 24,22,30 22,21,24 19,18,21 19,18,21 18,17,20 27,26,29 39,40,45 45,50,60 145,96,74 155,93,51 157,96,51 140,84,48 98,55,22 132,80,30 109,65,25 47,57,75 45,55,75 47,57,77 46,59,78 51,60,83 47,55,83 102,106,121 94,94,104 88,87,102 104,93,100 131,93,72 144,99,76

16,14,15 32,26,31 40,37,41 42,39,43 46,36,35 47,36,31 15,10,12 30,25,24 27,20,20 12,10,11 31,24,24 115,123,143 137,123,125 135,122,119 124,111,106 93,136,190 101,133,182 94,134,184 99,146,205 101,146,206 101,141,191 105,140,188 119,145,191 135,153,193 151,162,189 154,159,183 152,157,181 192,176,191 199,182,183 207,186,184 218,194,188 220,191,185
12,10,11 20,21,24 30,23,26 42,39,43 42,39,43 44,35,31 49,36,31 34,27,27 30,23,26 12,10,11 33,26,29 128,141,160 147,131,125 149,134,125 145,129,116 143,123,114 89,129,179 92,131,184 98,143,199 104,145,198 111,142,189 116,143,184 132,147,179 152,158,186 175,167,186 175,167,184 169,160,182 207,186,182 214,190,182 220,192,179 228,198,181 228,198,181
12,10,11 12,10,11 12,10,11 26,30,43 46,41,43 51,45,50 46,34,34 40,30,31 34,27,27 15,9,14 33,26,26 124,132,150 154,141,136 155,140,131 151,136,125 153,138,127 159,138,123 136,116,107 101,141,191 119,148,195 126,144,184 132,145,173 142,151,176 168,162,185 190,173,176 188,169,173 177,164,174 220,192,179 223,193,176 230,199,178 236,202,182 232,201,180
12,10,11 12,10,11 12,10,11 11,10,13 36,40,55 35,27,33 58,48,47 49,39,38 37,30,30 12,9,13 33,26,26 125,126,145 159,149,153 159,145,147 162,145,135 162,146,133 159,143,126 157,137,119 172,139,114 124,149,189 126,137,164 132,133,156 152,146,167 177,166,175 197,174,171 191,174,166 184,167,170 223,193,176 225,194,175 232,198,178 239,201,180 238,202,180
12,10,11 12,10,11 12,10,11 12,10,11 14,9,11 12,10,11 18,16,26 70,57,54 57,44,41 17,18,23 32,22,23 148,148,158 164,152,157 158,150,156 165,152,145 168,153,142 165,148,138 168,149,135 169,147,127 155,128,110 81,63,60 65,42,39 101,55,41 172,160,150 163,140,129 200,174,160 188,167,165 223,192,171 224,193,172 235,197,176 240,200,177 232,198,178
23,24,14 20,21,13 12,10,11 12,10,11 12,10,11 12,10,11 14,9,11 32,39,53 75,60,51 17,22,28 27,22,19 168,161,175 164,161,167 170,160,164 174,158,154 172,159,152 172,159,152 172,152,143 106,83,68 72,51,49 59,42,43 59,41,40 92,45,34 58,35,36 78,46,32 210,169,149 191,167,159 224,190,168 226,192,172 234,197,173 239,197,173 227,196,175
30,30,14 28,28,14 24,25,15 16,11,10 12,10,11 12,10,11 12,10,11 42,28,12 43,59,84 19,24,32 11,9,10 170,168,178 167,165,173 166,163,169 83,159,236 130,133,153 173,151,133 208,161,127 76,55,53 110,79,71 109,73,53 116,73,54 77,47,46 58,39,41 76,44,39 167,109,76 188,167,156 226,186,163 228,191,165 237,193,167 238,196,172 231,193,172
42,38,17 41,37,18 34,34,18 25,26,14 12,9,13 22,18,12 12,10,11 31,23,12 19,24,32 18,23,31 27,30,41 173,170,187 173,171,181 93,178,255 73,132,201 75,117,165 121,120,135 127,104,101 78,75,90 103,68,53 111,70,54 120,74,60 103,69,51 46,35,42 84,48,40 127,58,29 186,164,156 222,184,163 231,190,163 243,197,167 237,196,169 231,192,164
65,45,13 65,45,15 59,40,13 52,38,13 45,32,11 51,32,7 21,20,13 17,22,28 19,24,32 19,24,32 36,49,68 173,176,194 157,179,220 73,146,217 77,140,208 70,121,182 108,80,80 116,93,92 92,57,44 128,90,71 117,75,53 120,75,54 125,72,47 45,34,41 101,54,33 132,54,26 198,167,157 227,183,157 236,191,158 245,196,158 242,196,166 233,192,165
69,50,15 69,50,15 65,45,13 63,43,11 60,40,10 53,36,10 26,33,17 19,24,30 19,24,32 19,24,32 40,51,78 164,171,196 69,128,181 69,120,169 74,124,182 71,125,180 73,78,102 117,108,130 112,70,46 185,115,66 116,71,48 117,75,53 121,75,47 47,33,38 89,44,37 120,52,30 180,158,138 193,158,131 231,186,153 244,195,157 244,195,157 236,190,160
70,51,16 68,48,16 62,44,12 58,39,12 60,41,14 53,39,12 67,81,102 19,24,34 18,23,31 107,138,173 88,142,199 78,132,189 69,116,164 68,107,144 68,112,157 71,114,155 145,142,159 111,70,52 106,64,51 124,73,49 152,82,49 139,83,49 93,54,40 89,46,38 80,40,35 132,59,29 186,136,94 184,140,110 194,146,119 240,192,149 241,192,152 230,187,154
67,47,17 65,45,13 61,42,15 47,36,17 44,35,20 50,86,113 74,159,233 80,149,210 74,149,215 72,141,204 71,138,198 66,131,189 71,138,200 59,97,128 63,102,137 66,105,142 117,96,92 147,89,56 162,93,57 139,81,48 155,86,48 153,79,45 75,41,37 85,45,38 85,41,29 127,52,25 182,134,89 188,138,92 188,138,94 187,141,102 203,157,120 225,181,155
65,47,15 63,43,11 62,41,14 48,37,20 49,30,7 74,163,240 75,153,227 79,152,221 78,152,225 77,152,213 74,141,203 70,137,197 69,138,197 69,133,194 59,91,119 54,87,120 125,101,95 99,65,45 121,73,46 150,84,50 158,86,49 106,54,33 78,39,36 82,42,37 106,45,27 180,124,90 170,125,90 178,130,87 186,137,86 193,140,95 186,141,97 189,148,119
46,39,21 42,35,19 39,28,23 45,30,19 35,23,11 98,84,86 76,149,218 74,163,238 82,150,189 36,75,72 34,51,55 36,46,50 61,76,41 44,32,44 57,61,76 137,122,132 130,75,46 134,72,45 120,67,40 110,64,36 70,53,45 65,40,39 99,46,30 92,44,28 105,47,37 69,61,69 113,79,61 171,116,73 174,128,89 189,140,91 187,139,92 188,140,95
33,35,18 30,32,15 36,30,21 40,28,18 38,23,14 13,12,15 14,11,15 8,11,18 33,50,56 30,69,68 51,75,62 66,52,38 115,108,111 112,76,66 119,91,89 120,74,58 140,79,45 161,89,52 162,90,53 69,51,60 75,42,42 89,45,33 105,46,29 111,48,28 98,71,55 101,75,54 98,73,56 106,80,59 152,103,65 212,144,74 187,139,96 188,143,97
24,23,16 28,32,15 72,53,37 38,26,16 42,28,12 17,16,19 13,13,13 13,15,15 14,8,13 16,9,12 101,60,40 145,87,52 139,84,53 145,87,52 141,85,49 139,80,50 154,85,47 172,97,52 191,124,74 30,43,42 40,53,68 41,51,69 41,50,73 45,55,75 43,51,67 43,51,69 75,66,77 106,80,70 214,162,112 225,160,105 181,128,83 181,137,99
22,15,13 21,16,18 56,40,27 39,28,13 27,20,20 23,22,25 19,18,21 17,15,16 13,15,15 16,14,15 44,43,48 66,63,69 137,82,51 148,86,48 155,86,53 154,86,50 155,87,49 167,93,55 182,109,50 68,43,42 45,55,75 48,58,78 45,55,75 45,55,75 42,55,74 49,62,81 69,67,77 142,122,113 117,103,103 126,110,95 167,126,95 168,122,92
19,14,16 29,24,23 48,36,26 39,26,19 25,22,26 24,22,30 20,19,22 20,19,22 19,18,21 17,17,17 30,29,32 40,39,44 50,50,62 142,101,85 166,99,56 161,96,55 138,80,45 136,88,43 130,82,24 115,74,29 45,58,77 47,57,77 43,56,75 46,59,78 50,62,84 46,59,76 103,107,120 94,94,106 88,87,102 114,95,97 138,98,75 148,104,78

19,13,18 32,31,34 44,41,45 38,36,37 45,35,34 44,33,30 38,28,29 31,24,24 23,16,19 16,14,15 53,47,52 134,124,123 136,124,124 137,124,121 109,107,129 100,132,183 98,133,183 95,136,189 100,145,203 102,143,198 104,141,190 112,140,190 121,145,190 137,153,191 151,163,187 153,160,183 157,158,181 195,180,188 200,181,183 207,186,186 218,191,186 214,190,182
12,9,13 29,32,43 34,27,30 42,39,43 47,41,46 47,37,36 38,28,29 34,27,27 24,17,20 14,11,15 60,49,56 141,131,132 149,133,127 147,132,121 143,128,117 142,126,111 90,126,180 97,137,187 98,143,201 110,147,198 116,142,190 119,144,186 135,150,184 153,161,189 173,165,184 169,164,182 174,164,184 206,185,183 207,185,179 221,193,184 226,195,183 228,197,185
12,10,11 12,10,11 12,10,11 25,32,46 51,46,48 53,43,44 46,36,37 41,34,34 29,22,25 15,14,19 67,63,74 151,140,147 152,140,140 154,139,130 153,138,127 152,135,127 152,134,115 113,129,156 102,141,194 115,146,193 122,142,184 133,146,176 144,153,178 169,163,184 187,169,178 179,165,178 185,170,180 216,187,181 217,189,180 227,195,179 231,200,181 229,198,177
12,10,11 12,10,11 12,10,11 12,10,11 40,48,66 38,30,36 67,53,53 60,47,42 31,24,27 11,11,19 81,79,89 155,148,151 157,147,151 158,146,146 160,145,134 158,141,131 156,140,123 158,138,120 172,134,113 126,148,189 125,130,156 122,116,139 148,143,159 178,164,177 194,173,171 182,165,168 193,172,170 219,192,176 224,192,176 228,199,177 230,199,180 227,196,177
12,10,11 12,10,11 12,10,11 12,10,11 14,9,11 15,14,19 20,20,28 70,57,52 48,34,34 21,21,29 78,78,90 164,153,162 163,152,159 164,153,160 163,147,141 162,147,138 164,148,135 164,143,130 166,145,130 109,78,68 68,47,47 61,38,37 101,53,39 117,108,89 97,71,61 187,164,163 197,173,165 219,189,174 224,192,176 227,196,175 230,201,179 228,199,177
25,26,16 20,18,14 12,10,11 12,10,11 12,10,11 12,10,11 13,11,9 37,47,63 80,63,53 19,24,32 75,73,85 162,158,169 168,162,169 170,160,164 171,154,157 168,154,154 165,149,143 171,152,138 127,105,97 63,46,47 56,39,42 62,41,41 82,46,40 53,34,38 175,144,132 185,160,161 201,174,169 219,188,169 221,192,170 228,199,177 226,197,175 225,196,176
31,31,15 29,31,16 24,23,14 12,10,11 12,10,11 12,10,11 28,19,13 22,23,26 43,53,71 19,24,32 80,78,90 171,169,179 169,165,176 170,162,170 64,137,210 129,131,147 175,149,135 194,153,124 71,52,56 105,72,63 113,75,54 116,71,48 69,44,41 57,38,42 76,43,36 181,145,127 200,173,166 217,188,166 222,188,168 233,192,172 225,194,173 223,194,172
52,38,20 45,36,17 37,35,15 22,23,13 33,23,11 26,17,11 18,13,10 19,24,34 19,24,32 19,24,32 66,63,78 173,172,189 175,173,185 69,174,255 72,124,189 82,115,157 123,121,133 90,67,68 64,55,68 110,83,67 110,74,56 117,74,57 100,65,50 39,35,46 88,45,39 154,74,38 202,171,161 218,184,166 227,186,166 239,195,169 230,193,169 222,193,171
68,49,14 65,45,15 65,45,13 62,44,12 60,41,6 42,28,10 22,30,18 19,24,32 19,24,32 20,20,28 179,180,201 173,176,196 35,108,184 74,141,214 70,134,197 66,120,177 102,76,80 113,82,72 86,66,76 166,97,59 108,70,49 120,75,54 119,71,44 80,47,47 99,53,35 135,54,25 198,167,155 224,183,156 230,186,160 238,192,164 235,191,165 227,189,168
69,50,15 67,47,15 64,44,12 61,40,13 58,40,10 49,39,15 18,23,33 19,24,32 16,26,30 39,47,63 157,166,191 167,172,198 67,121,174 69,120,169 72,123,184 66,113,161 159,160,183 109,69,73 145,83,45 148,87,51 115,70,49 110,70,45 118,70,43 74,46,44 84,41,33 133,55,27 178,153,136 193,156,132 232,186,158 236,191,156 236,190,160 227,185,161
69,50,13 67,47,15 62,41,16 50,36,18 52,38,11 146,169,192 133,171,215 120,166,217 110,152,200 104,143,196 86,142,201 79,133,190 66,109,148 68,107,144 68,112,157 71,112,151 132,116,114 116,73,56 108,60,58 124,77,56 151,82,49 125,72,45 70,46,38 88,45,39 83,39,38 138,56,27 185,136,98 183,139,109 189,145,119 235,188,156 231,185,155 227,183,157
65,45,13 65,45,13 52,38,11 55,38,14 36,48,39 80,159,230 75,159,233 78,144,211 76,150,219 74,143,206 71,138,198 71,136,194 76,134,192 61,95,132 63,102,137 68,106,146 116,83,72 144,86,53 151,86,49 140,84,46 153,84,46 134,71,38 88,50,40 79,40,37 90,44,30 117,59,33 183,135,92 187,139,94 184,133,94 182,138,100 199,153,123 220,178,156
61,42,15 64,43,16 22,13,9 47,33,15 23,69,122 73,164,245 78,152,218 80,158,232 79,150,215 78,152,221 70,134,195 72,142,198 69,138,199 66,129,190 58,93,123 157,184,214 119,84,69 98,63,48 118,70,45 146,80,48 155,83,46 75,44,32 76,42,38 83,40,36 116,48,28 181,131,100 168,125,92 180,132,89 186,137,88 184,136,91 185,141,101 187,145,121
39,37,19 33,27,18 50,39,24 37,22,11 71,38,13 36,42,45 76,154,228 76,163,239 67,133,145 35,76,72 33,50,56 33,46,47 104,104,72 46,34,39 92,110,134 132,111,109 129,74,45 132,73,45 119,68,44 109,64,43 51,39,41 66,39,34 103,46,29 85,38,27 95,48,37 68,62,69 113,79,59 167,114,73 173,126,92 188,138,94 185,137,92 185,139,100
32,34,17 27,26,17 49,37,25 34,22,12 36,23,18 9,13,15 15,9,14 12,9,13 31,53,57 37,80,80 37,49,40 84,71,64 117,99,98 100,72,59 115,84,74 118,73,52 141,79,50 157,88,52 153,85,49 65,42,43 85,48,45 92,48,38 108,49,32 98,45,33 96,68,55 99,71,58 99,71,58 106,80,59 156,105,66 234,161,86 185,136,96 185,139,102
29,30,20 34,27,25 47,32,21 38,26,14 17,14,18 17,15,16 11,16,15 13,12,15 13,10,14 25,24,29 132,81,53 137,85,53 136,84,54 143,86,55 135,80,49 139,77,48 148,80,44 167,94,51 42,43,46 36,50,46 42,52,70 39,52,71 42,51,74 44,54,74 42,50,66 45,53,71 78,66,80 107,81,71 206,151,108 221,158,105 175,126,90 177,134,99
23,18,15 71,57,41 39,30,24 42,27,16 22,21,24 22,21,24 20,19,22 16,16,16 16,16,16 26,25,30 46,46,56 55,58,69 137,83,49 142,84,47 145,87,50 148,87,51 144,81,48 161,89,52 179,104,57 44,51,63 45,58,77 46,59,78 45,55,75 47,57,77 42,55,74 49,62,81 80,76,85 140,120,111 117,103,103 126,110,95 156,115,86 165,121,91
19,14,16 64,51,28 36,27,21 38,25,18 27,26,31 24,23,26 20,19,22 20,19,22 20,20,20 17,17,17 27,26,29 38,37,42 45,49,62 131,100,92 155,93,53 156,92,48 134,75,45 121,73,30 126,77,28 96,68,41 45,58,77 48,58,78 46,59,78 46,58,80 52,64,86 54,63,86 103,105,119 93,93,105 90,87,102 112,98,98 132,92,69 143,102,75

13,12,17 37,36,39 44,41,45 42,36,41 50,38,38 50,34,32 34,27,27 29,22,20 12,10,11 31,24,27 128,137,160 130,123,123 138,124,124 135,122,119 100,124,173 101,132,179 91,131,181 99,142,194 99,146,203 99,142,194 103,140,187 111,140,187 123,148,190 142,157,191 155,164,189 147,155,183 168,164,186 193,180,190 198,181,187 207,186,186 216,192,186 216,192,186
11,11,11 36,40,55 29,24,26 48,42,47 48,41,44 42,32,31 38,31,31 31,24,27 13,10,14 31,24,27 128,136,156 137,127,128 145,132,129 148,133,124 143,128,119 142,123,109 91,128,177 99,140,193 102,143,198 104,144,194 113,142,187 122,144,185 137,149,182 156,161,187 175,167,186 164,160,180 183,169,186 204,183,179 207,187,180 223,195,186 226,196,181 225,195,180
12,10,11 12,10,11 13,10,14 25,33,49 51,44,47 52,42,43 54,42,42 35,28,28 13,10,14 30,24,29 118,121,141 150,138,140 154,140,142 149,138,135 151,136,125 149,134,125 155,132,117 104,135,180 103,143,193 114,143,188 122,143,182 133,145,178 147,152,176 174,165,187 187,172,180 169,159,177 193,175,172 211,188,177 216,190,180 229,197,183 229,198,179 229,199,182
12,10,11 12,10,11 12,10,11 12,10,11 39,52,71 42,37,39 67,54,51 52,39,36 21,25,29 30,24,29 111,109,121 156,149,152 154,146,152 161,147,147 157,142,131 159,142,132 159,140,124 162,140,122 166,135,125 125,145,187 120,121,142 115,102,121 147,142,160 183,167,182 192,174,171 174,160,177 200,178,172 217,189,176 221,194,178 228,199,179 229,198,179 228,198,181
12,10,11 12,10,11 12,10,11 12,10,11 14,9,11 12,9,15 22,22,30 69,56,51 19,24,32 15,10,12 147,142,158 162,154,160 159,153,158 160,150,154 167,151,149 165,149,143 163,146,136 164,143,132 164,142,124 95,68,61 66,45,43 65,42,43 103,53,38 166,153,146 180,154,144 179,157,165 203,180,169 217,187,172 221,191,174 229,200,178 228,199,179 226,197,177
22,25,17 19,17,13 12,10,11 12,10,11 12,10,11 12,10,11 44,29,9 43,56,75 20,24,28 12,9,15 164,162,174 166,162,173 163,156,166 166,154,159 168,154,154 166,154,156 166,153,146 171,152,140 106,79,72 61,44,45 53,39,41 59,41,40 73,41,36 52,38,40 185,157,146 180,157,156 206,178,165 217,186,167 223,192,173 224,195,173 226,195,176 224,194,177
38,33,19 27,27,13 21,20,11 12,10,11 24,18,11 14,9,11 22,25,13 19,24,30 20,25,31 29,34,44 168,167,182 168,166,178 166,162,173 168,162,167 78,135,191 137,135,147 176,149,133 171,135,115 53,42,49 85,52,43 113,72,54 116,70,52 68,43,42 57,40,41 79,42,39 172,143,137 208,177,165 216,185,164 220,189,168 228,194,172 224,193,172 221,192,172
55,41,16 49,39,17 44,37,17 48,35,14 50,33,9 21,20,13 20,26,29 19,24,32 19,24,32 30,32,46 169,170,189 170,169,186 170,169,184 70,162,255 67,123,184 90,117,158 130,119,128 83,62,60 64,47,50 116,90,76 110,74,54 116,73,54 101,66,53 40,33,45 84,46,40 158,82,40 205,174,162 219,185,165 226,190,170 234,193,166 223,192,171 222,191,170
65,45,13 64,44,12 63,43,11 58,42,9 58,38,8 27,29,12 19,24,32 19,24,32 19,22,31 47,56,79 171,174,196 171,174,194 79,166,255 73,139,208 69,132,197 62,112,166 99,77,80 111,76,63 159,135,139 181,106,59 101,70,51 117,77,54 121,70,44 73,50,47 99,51,33 139,59,25 204,169,154 224,181,162 227,186,157 236,192,166 231,191,166 222,186,164
67,47,15 65,45,13 62,42,10 58,39,14 60,43,17 147,173,217 47,63,90 22,34,58 140,161,196 151,169,195 158,171,197 160,168,188 67,120,171 70,120,174 71,123,179 76,114,158 134,122,136 95,50,45 166,99,51 117,65,35 124,73,47 110,69,49 118,69,47 80,45,46 85,40,33 143,59,28 176,151,132 193,153,128 227,182,159 235,190,157 226,185,158 221,184,160
68,48,18 64,44,12 52,37,17 48,37,18 45,45,29 142,171,216 134,169,217 120,165,221 115,155,203 102,145,197 83,139,200 79,133,190 66,108,144 68,109,148 70,114,159 77,105,141 125,92,81 126,78,53 156,93,69 138,81,52 160,91,55 124,68,42 67,40,33 87,44,38 84,41,37 135,54,22 180,134,95 181,140,109 190,145,122 232,186,156 227,182,159 220,180,157
67,44,13 61,42,15 26,15,8 55,36,11 89,164,228 80,156,231 78,159,232 76,145,208 76,149,218 73,140,202 67,135,192 66,136,192 63,107,152 61,95,132 64,103,138 69,103,140 120,83,70 143,86,55 147,86,52 144,83,47 159,85,49 131,70,38 89,51,43 76,40,34 92,43,32 163,107,81 179,133,94 185,137,92 183,138,94 180,135,100 196,152,122 212,176,154
61,44,18 58,41,17 50,36,18 39,27,17 77,158,231 79,167,251 68,140,202 74,155,230 74,143,204 75,149,220 65,129,187 74,141,203 69,138,197 48,84,127 59,92,123 145,163,189 117,76,60 96,64,50 116,69,46 144,78,44 153,84,46 58,34,28 76,43,36 82,39,35 112,47,26 175,128,94 168,124,96 178,132,91 184,136,91 178,134,92 184,140,102 182,142,117
33,33,19 26,21,20 44,29,18 33,21,11 12,12,9 7,0,5 76,160,234 72,156,230 44,96,95 35,70,63 30,50,55 42,59,54 86,76,66 49,39,40 165,183,207 124,91,80 133,76,47 136,74,45 129,70,42 105,62,43 53,39,44 71,42,36 104,45,26 89,40,29 87,50,47 70,62,68 111,80,61 166,112,74 171,126,93 180,132,89 184,136,91 182,138,100
30,32,17 62,51,34 39,27,17 35,23,13 16,16,16 11,16,15 13,10,14 14,9,11 30,53,60 33,76,76 67,80,66 109,95,97 108,86,80 115,93,87 118,82,72 121,75,49 144,81,48 157,85,48 136,79,48 67,44,43 84,41,37 83,38,31 105,48,31 86,41,36 93,67,55 98,70,57 97,71,59 106,80,59 160,109,72 249,176,96 183,137,98 184,140,102
30,29,20 55,44,25 34,24,14 40,25,14 22,21,24 17,15,16 11,12,15 13,12,15 17,15,16 49,49,61 141,89,59 135,83,53 135,85,54 138,83,52 134,78,44 139,77,48 153,84,48 169,97,51 28,38,46 43,60,55 43,53,71 38,51,70 44,53,76 43,56,75 40,50,66 44,52,70 78,66,80 108,82,70 199,146,103 213,155,102 174,129,94 176,133,98
30,24,19 50,38,28 35,26,20 26,19,22 23,22,25 20,19,22 19,16,20 16,16,16 18,17,20 37,36,41 43,43,51 54,57,68 135,82,41 146,86,47 145,87,50 148,87,51 150,84,50 163,91,52 179,117,77 45,54,77 45,58,77 46,59,78 47,55,75 45,55,75 43,56,75 49,61,83 92,83,94 137,117,110 118,104,104 124,105,91 153,112,85 162,121,92
67,56,37 40,29,22 31,26,14 27,24,28 25,23,31 20,19,22 20,19,22 20,19,22 18,17,20 17,15,16 21,18,22 35,38,47 52,55,73 141,98,79 155,93,53 156,92,48 133,76,45 115,72,27 111,66,22 67,62,64 46,59,78 46,59,78 45,58,77 46,58,80 52,64,88 54,71,93 103,105,119 94,92,104 88,87,102 109,98,95 131,93,72 143,99,73

12,11,14 34,34,34 44,42,43 42,36,41 45,36,30 49,36,33 35,28,28 30,23,21 18,12,17 26,23,29 107,115,135 132,122,126 138,124,124 132,119,114 99,131,180 101,131,183 92,128,182 101,144,198 101,146,204 102,141,194 106,138,187 112,143,190 128,150,191 146,159,187 156,165,190 141,152,179 173,167,188 196,177,191 198,182,180 210,189,185 216,191,188 212,190,182
11,11,8 29,38,49 28,23,22 48,42,47 44,39,41 47,36,33 38,28,29 33,26,26 16,14,15 27,24,28 100,111,124 141,131,130 142,129,126 148,132,126 141,129,117 143,123,105 91,128,177 100,141,194 100,143,197 106,141,191 116,142,188 124,147,185 140,153,183 166,164,188 177,167,187 159,155,177 186,173,183 202,185,177 211,187,181 223,197,185 226,199,183 226,196,181
12,10,11 12,10,11 13,10,14 23,30,44 52,45,48 57,47,48 46,34,34 37,30,30 19,13,18 26,23,27 107,113,130 149,139,143 151,138,135 149,136,131 151,136,125 149,132,122 149,131,112 95,138,190 107,142,192 119,143,190 123,144,181 134,147,175 154,156,181 179,167,183 185,171,176 166,158,177 200,179,177 212,189,178 219,191,180 229,199,182 229,198,179 228,198,183
12,10,11 12,10,11 12,10,11 12,10,11 38,53,71 46,36,40 69,56,53 52,38,38 21,13,19 20,19,22 107,110,128 151,144,147 153,146,149 158,147,142 157,143,129 159,142,132 158,139,123 163,138,121 142,134,142 125,143,181 110,105,123 98,82,95 145,140,158 186,168,177 193,175,172 171,159,175 204,180,172 215,189,177 222,195,177 229,198,177 229,198,179 226,196,179
12,10,11 12,10,11 12,10,11 12,10,11 14,9,11 21,21,31 20,17,23 68,55,50 24,23,28 12,9,13 92,91,106 156,145,152 157,151,156 160,150,154 165,149,145 161,145,141 160,145,134 164,145,131 166,144,124 80,57,54 66,43,40 64,43,43 103,53,36 154,143,138 203,180,169 178,158,168 209,181,168 218,188,173 222,193,173 228,199,177 228,199,179 225,195,180
21,24,16 18,16,12 12,10,11 12,10,11 12,10,11 12,10,11 35,27,14 31,35,48 22,22,30 15,16,21 101,100,117 162,158,167 162,159,165 168,156,161 170,156,158 169,152,153 163,148,139 168,149,133 85,58,53 64,47,48 56,39,42 60,42,41 69,37,32 57,40,43 187,161,147 171,146,143 209,182,166 218,187,168 223,192,171 225,196,174 225,196,176 223,193,176
31,31,15 27,29,12 20,19,12 12,10,11 12,10,11 12,10,11 32,24,11 19,23,27 19,24,30 18,21,28 158,157,172 167,165,175 166,164,174 166,162,175 91,129,173 143,136,146 178,148,131 128,104,98 98,91,103 91,58,49 110,72,53 120,72,56 68,45,42 57,38,40 80,44,36 163,145,144 210,180,163 216,187,165 222,188,168 228,192,170 225,194,175 222,193,173
49,38,19 51,37,19 38,31,13 26,22,14 36,25,10 18,16,12 23,27,12 19,24,32 19,24,32 9,12,19 170,168,188 168,172,187 170,169,184 64,152,238 69,122,184 89,115,150 140,127,124 66,49,50 63,40,37 131,111,102 118,77,59 114,71,56 101,66,53 35,31,44 83,43,36 169,97,49 210,179,160 220,184,162 224,188,166 233,193,170 222,191,170 219,190,170
67,47,15 65,45,13 65,48,13 61,44,16 55,35,3 30,25,13 19,24,30 19,24,32 19,24,32 14,18,22 170,173,193 169,175,196 77,157,237 72,135,203 67,130,191 69,115,166 72,73,94 106,71,56 129,83,65 178,103,56 96,64,48 119,76,57 123,72,46 67,48,52 95,47,29 145,64,28 208,179,157 225,183,159 230,186,160 234,190,164 229,188,168 218,187,166
68,48,16 67,47,15 62,42,12 58,39,12 52,38,11 29,32,20 19,24,34 17,25,32 16,24,29 157,170,196 155,171,196 168,171,189 71,119,171 71,123,179 72,124,180 76,106,146 132,141,154 117,69,55 185,104,54 121,70,42 127,74,47 111,70,52 113,66,45 83,49,45 85,43,32 148,62,28 179,154,135 192,155,129 227,182,159 230,186,158 225,183,159 220,184,162
68,48,18 64,44,12 58,39,12 50,37,16 54,41,18 140,171,214 127,167,213 117,160,214 112,152,200 99,145,196 85,141,202 79,133,188 63,105,139 68,109,150 68,112,157 77,99,142 123,84,70 142,87,58 147,86,52 145,82,51 165,93,56 122,69,44 62,38,30 85,42,34 82,39,31 131,53,25 179,135,95 182,138,108 189,148,119 227,183,157 224,182,158 213,179,157
65,45,15 62,43,18 49,36,15 44,35,20 92,164,222 80,156,233 76,152,227 77,146,209 74,145,210 72,141,202 70,134,192 69,136,196 60,98,129 64,98,135 62,104,138 64,106,140 114,77,62 135,80,51 144,81,46 146,85,49 158,84,48 120,65,36 94,52,41 78,42,36 93,43,30 176,126,95 178,132,93 188,138,94 183,138,94 179,136,103 190,149,120 204,173,152
65,45,15 63,42,17 45,34,19 55,36,11 74,157,234 77,168,249 77,144,206 75,159,233 75,144,203 76,150,219 65,129,185 72,141,204 71,138,200 59,84,110 58,93,123 139,148,173 113,70,55 94,62,48 109,67,43 142,76,42 148,80,44 59,38,34 80,40,33 84,41,35 116,48,26 177,125,95 171,126,93 177,133,91 185,137,92 178,134,92 182,138,100 184,145,117
59,42,18 55,40,18 36,28,15 42,28,14 35,47,69 72,156,230 74,158,235 74,153,224 33,77,81 35,67,66 32,47,52 51,61,58 56,41,49 71,50,46 152,155,175 121,80,62 135,76,48 139,78,46 134,72,43 103,60,41 61,39,42 79,43,37 109,51,29 90,40,27 76,52,58 73,62,69 111,80,59 167,113,75 168,123,88 178,132,93 181,135,94 185,141,103
30,32,17 25,24,17 52,37,26 35,23,13 61,41,21 11,9,10 85,116,133 31,53,53 31,57,63 50,100,98 88,98,74 121,114,114 110,86,80 128,118,122 121,85,67 126,75,49 144,81,48 157,85,48 118,74,48 68,44,48 90,47,41 88,41,32 101,46,31 82,41,41 92,66,54 96,68,55 95,72,59 106,80,59 163,112,73 255,187,107 186,140,101 182,138,100
29,31,14 19,17,13 46,34,22 33,22,17 21,19,20 13,15,15 12,11,14 12,9,13 48,56,42 97,60,36 139,84,53 135,85,54 134,84,53 139,85,51 137,80,49 139,77,48 153,84,48 170,98,52 28,39,38 42,57,64 44,54,74 41,51,69 45,55,75 44,54,74 41,51,67 45,53,71 81,67,82 114,86,75 193,148,104 212,154,103 173,127,99 177,134,99
28,32,15 54,45,30 42,30,20 35,23,11 17,16,19 17,17,17 15,15,15 11,15,17 14,11,15 38,39,44 77,59,54 117,76,49 138,84,48 144,86,49 145,87,50 147,86,50 150,84,50 163,91,54 120,79,63 47,59,81 45,58,77 46,59,78 47,57,77 45,55,75 47,60,79 52,64,88 105,99,106 134,116,111 120,104,102 126,107,93 156,111,88 161,120,93
22,22,19 70,57,34 37,28,22 38,26,14 24,23,26 23,22,25 19,18,21 16,16,16 18,16,17 30,29,34 43,41,49 50,50,62 132,91,71 154,92,52 155,93,53 152,87,46 132,77,48 116,68,25 118,75,30 52,56,69 47,60,79 49,59,79 45,55,75 46,58,80 52,66,89 54,74,102 103,105,119 93,91,103 88,87,102 109,98,93 130,94,72 142,101,74