72,38,18 42,19,6 203,150,0 119,89,43 51,23,10 111,50,5 105,43,1 133,63,1 133,63,1 139,62,2 147,65,0 143,60,0 127,58,2 125,56,0 112,45,0 82,35,3 70,28,6 69,28,8 64,28,8 43,21,3 44,22,4 51,26,9 48,23,4 45,25,5 43,21,1 41,21,3 37,21,4 35,19,4 35,19,6 34,18,5 30,15,4 29,13,7 26,13,8 27,14,9 29,12,4 28,13,4 32,15,5 34,17,7 31,14,6 30,15,6 31,14,6 31,14,6 30,13,5 28,11,3 28,10,5 27,11,7 26,10,6 26,10,6 24,10,12 24,10,15 21,11,15 21,11,15 19,9,13 19,9,13 19,9,13 21,10,17 19,7,12 21,11,15 16,9,12 15,8,11 15,8,11 18,8,12 25,11,13 26,12,12
42,21,10 30,14,8 211,161,0 98,72,33 74,33,13 111,50,3 117,51,3 153,69,0 130,60,0 124,53,0 144,64,0 152,67,0 122,52,1 122,53,0 121,52,0 90,41,5 76,30,4 74,29,6 66,30,10 48,23,4 47,25,7 53,28,9 49,25,1 44,25,2 44,22,2 47,25,7 38,23,3 36,21,1 36,22,4 39,20,4 33,18,7 29,13,7 28,12,6 31,16,7 34,14,7 31,16,7 37,17,8 34,17,7 31,14,6 30,15,6 32,15,7 31,14,4 31,14,6 31,14,6 31,14,6 29,11,6 26,10,6 26,10,6 24,10,12 24,10,15 21,11,15 21,11,15 21,11,15 21,11,15 21,10,17 20,8,10 21,7,7 20,8,10 21,11,15 17,10,13 15,8,11 19,9,13 25,11,13 26,12,12
22,12,13 21,11,15 171,121,0 117,96,40 101,55,18 113,50,0 147,71,0 151,70,0 129,60,0 130,60,0 135,59,0 139,64,0 123,54,0 130,57,0 131,55,0 98,41,1 90,39,4 79,33,3 63,27,7 52,26,3 50,24,3 56,25,2 50,26,2 46,24,4 42,22,2 46,24,4 44,23,0 44,22,2 41,21,3 40,20,0 35,19,6 33,18,9 30,15,4 34,17,7 34,17,7 34,14,5 38,17,6 38,17,6 32,15,5 32,15,5 37,18,6 34,17,7 32,15,5 31,14,4 31,14,6 31,14,6 28,10,7 26,9,12 24,10,12 24,10,15 22,10,15 20,8,13 21,11,15 24,10,15 26,10,4 24,11,8 24,11,8 26,10,8 24,10,10 26,10,8 24,10,10 24,10,10 25,11,13 30,15,6
16,9,12 19,12,15 147,108,0 118,94,43 107,54,9 135,63,0 151,63,0 132,60,0 128,61,0 123,55,0 131,61,0 130,58,0 120,55,0 138,59,0 141,58,0 104,45,0 103,44,0 82,33,0 61,27,5 61,29,0 58,24,2 56,26,0 50,24,3 49,23,2 48,24,2 46,24,4 39,23,6 44,22,4 42,22,4 42,22,2 40,19,4 37,17,8 35,18,8 36,17,5 32,15,5 38,17,6 41,18,5 42,19,6 36,17,5 38,17,4 41,18,5 39,18,7 34,17,7 31,14,4 31,14,4 31,14,4 29,11,8 27,11,7 24,11,4 24,11,6 24,10,12 24,10,12 24,10,12 26,9,12 28,12,6 27,11,5 24,10,10 26,10,8 26,10,6 26,10,6 28,10,7 27,11,7 29,14,5 32,15,5
19,13,18 21,15,20 91,64,17 98,72,33 140,113,70 172,75,0 159,70,0 135,63,0 129,59,0 121,56,0 128,60,0 130,61,0 121,53,0 136,60,0 147,62,0 118,51,0 109,45,1 80,33,0 68,28,3 70,30,5 61,25,3 56,26,0 49,23,2 48,24,2 48,24,2 48,24,2 43,20,5 44,22,2 46,25,2 46,25,2 39,18,3 38,19,5 41,18,5 39,18,5 38,16,8 42,19,4 42,19,4 41,18,3 38,19,7 38,19,7 39,18,7 41,18,7 32,15,5 31,14,4 32,15,5 31,14,4 31,14,6 28,13,4 27,11,7 27,11,7 28,10,9 26,10,6 24,11,8 26,9,12 28,10,5 29,11,8 28,12,6 27,11,7 28,10,7 22,10,12 29,12,4 32,15,5 37,17,8 41,18,5
20,17,21 26,23,27 109,82,35 95,70,26 126,104,66 174,76,0 149,64,0 129,60,0 127,59,0 123,53,0 127,57,0 126,58,0 127,57,0 141,61,0 163,67,0 132,56,0 101,41,0 72,28,2 70,28,4 71,29,5 66,28,7 56,25,4 48,24,2 46,25,2 46,25,2 46,24,4 41,21,3 46,25,2 46,24,4 43,21,1 39,20,4 38,19,5 42,19,4 41,18,3 37,18,6 43,21,3 44,22,4 42,19,4 39,18,5 39,18,5 39,18,7 37,18,6 34,17,7 32,15,5 32,15,5 31,14,4 32,15,5 29,12,4 29,11,10 29,11,6 29,11,8 28,12,8 25,12,9 28,12,8 30,13,5 31,14,6 29,11,6 29,11,8 28,12,8 28,12,6 30,13,5 34,18,5 41,18,5 44,18,4
20,17,21 26,23,27 85,57,19 93,72,29 60,45,25 160,64,0 140,62,0 129,60,0 127,59,0 129,59,0 126,58,0 118,53,0 122,54,0 138,60,0 159,65,0 133,57,0 98,41,1 88,38,7 76,32,4 67,27,2 68,26,4 61,27,5 50,24,3 46,25,2 44,22,2 43,21,3 39,20,4 42,22,4 42,22,4 39,20,4 36,20,5 40,19,6 40,19,4 39,18,3 39,18,7 40,19,4 44,22,2 42,19,4 40,19,4 40,19,4 39,18,7 35,19,6 34,17,7 32,15,5 32,15,5 38,17,4 37,17,8 32,15,5 29,12,4 31,14,6 29,11,6 29,11,8 29,11,6 29,11,8 31,16,5 30,13,3 27,12,3 30,13,5 32,15,7 34,17,9 36,16,7 40,17,4 51,21,6 60,24,4
24,14,15 57,34,19 87,61,20 82,54,25 76,57,30 136,61,0 127,57,0 122,54,0 125,57,0 126,56,0 121,56,0 117,52,0 126,56,0 133,57,0 134,57,0 123,51,3 96,40,4 94,38,4 73,29,3 64,26,7 70,25,2 65,29,0 57,26,3 48,24,2 46,25,2 40,21,5 37,21,4 40,19,4 37,21,6 35,19,6 38,19,5 39,18,3 38,19,7 39,18,7 39,18,7 40,19,4 43,21,3 43,21,3 43,20,5 40,19,4 38,17,6 38,17,6 32,15,5 32,15,5 38,17,6 39,18,3 43,17,5 39,17,9 32,15,7 26,13,10 29,11,6 30,12,7 29,11,6 28,12,6 32,16,3 34,18,5 31,14,4 30,15,4 37,18,4 42,20,2 45,19,5 47,20,4 59,23,1 69,27,5
28,15,10 92,53,10 77,55,21 80,61,34 93,74,37 118,52,0 114,51,0 120,51,0 120,54,0 116,51,0 105,47,0 111,51,0 134,59,0 137,59,0 117,51,0 103,43,2 92,38,4 97,41,3 70,29,2 58,24,2 68,26,2 69,28,0 67,27,4 55,26,4 48,24,2 40,21,5 36,20,3 40,20,2 36,20,3 35,19,6 39,20,6 40,20,2 39,18,5 39,18,5 39,18,3 40,19,4 44,22,4 46,21,2 44,22,4 44,22,4 39,19,1 41,18,5 37,16,5 38,17,4 39,18,3 42,19,4 42,20,2 38,16,8 34,17,9 27,15,5 29,11,6 28,12,6 30,15,4 32,15,5 37,18,4 41,18,5 34,18,3 37,18,6 42,20,2 46,19,3 55,24,5 62,24,3 74,27,4 76,30,4
53,24,0 100,76,21 86,59,27 82,55,23 112,93,54 100,50,4 94,42,0 105,46,0 113,50,1 108,48,0 83,36,4 95,39,3 127,50,0 159,69,0 121,51,0 92,38,2 95,39,3 91,37,0 73,29,1 68,26,2 75,29,0 73,29,1 69,28,1 63,28,3 48,24,2 43,20,5 36,20,3 40,19,4 39,20,4 37,21,6 40,19,6 40,19,4 39,18,3 38,19,3 36,21,0 43,21,3 44,22,4 51,22,0 52,23,1 50,23,5 44,22,4 40,20,2 41,18,3 41,18,5 42,19,4 43,20,5 44,22,4 42,19,4 38,19,7 31,14,4 28,12,6 26,13,8 31,16,5 36,17,5 45,17,4 43,20,5 41,18,3 40,17,4 42,19,6 45,20,3 61,25,3 75,29,3 79,31,2 85,33,3
93,49,9 82,58,21 82,55,21 80,56,23 90,67,38 115,85,43 89,39,0 97,43,0 96,40,0 87,33,0 76,30,4 82,35,3 123,53,0 153,65,0 121,50,0 96,41,0 100,40,1 94,38,2 80,35,0 79,33,3 78,33,0 80,33,1 69,28,1 64,29,4 52,26,5 42,22,4 41,20,5 43,20,5 40,20,0 40,19,4 42,20,2 44,22,4 42,19,4 38,19,3 37,21,4 42,22,4 50,24,3 56,25,2 59,29,3 55,26,2 50,23,5 44,22,2 42,19,4 40,19,4 43,20,5 43,21,3 48,23,4 46,21,4 40,19,8 34,14,5 32,15,7 31,14,6 40,16,8 40,19,6 46,21,4 47,20,2 42,19,4 43,20,5 43,21,3 47,20,4 64,27,3 77,29,0 88,33,2 92,34,1
118,65,1 74,50,13 82,56,17 74,47,15 58,45,24 34,35,23 81,31,0 83,37,0 78,33,0 64,28,0 60,24,2 82,37,4 88,43,8 26,22,12 110,46,2 106,47,0 65,27,10 44,20,14 77,33,7 89,35,0 84,35,0 79,34,0 71,30,1 66,29,5 56,25,4 50,24,3 44,22,4 43,20,5 44,22,4 44,22,4 44,22,2 46,24,6 43,20,5 40,19,4 44,22,4 46,21,4 53,24,2 66,25,5 64,27,3 65,28,4 62,28,6 57,26,5 51,24,6 49,23,2 45,20,1 46,24,6 50,23,5 50,24,3 44,22,4 40,19,4 36,16,7 34,17,9 42,19,6 43,21,3 61,23,2 60,24,4 49,24,5 47,19,6 52,22,5 57,23,3 76,28,1 88,31,0 87,32,1 94,37,0
121,64,0 81,54,18 72,53,28 70,49,22 51,47,28 71,42,11 74,30,2 76,32,2 77,30,0 67,25,12 69,19,0 76,30,4 59,25,3 29,20,14 110,42,4 62,31,12 36,18,13 41,22,10 60,30,13 87,36,1 80,33,0 75,29,0 68,26,2 67,27,4 56,25,4 51,22,2 46,22,0 44,23,0 46,21,2 46,21,4 48,23,4 55,24,3 46,21,2 41,21,3 53,24,4 48,24,2 55,24,1 66,25,5 64,27,3 64,26,5 64,26,5 67,25,1 64,23,3 58,24,4 54,23,2 54,23,4 57,23,5 58,24,4 54,23,4 44,22,2 40,19,6 41,18,5 45,20,3 53,22,3 71,27,1 61,24,11 33,19,21 28,14,19 44,22,16 74,28,0 88,32,0 89,34,3 87,33,0 97,40,0
116,64,14 66,48,18 62,48,23 61,47,29 56,49,29 79,65,40 89,37,18 111,34,1 166,67,0 151,66,0 149,63,0 142,64,0 133,57,0 134,60,0 116,50,2 85,38,17 62,33,13 47,24,9 57,31,10 81,35,0 79,30,0 74,28,0 70,26,0 63,28,1 56,25,2 51,22,0 48,24,2 48,23,4 47,21,0 49,23,2 56,25,2 68,26,2 56,25,4 55,26,4 59,25,5 55,24,3 52,27,8 56,27,7 59,26,1 59,25,3 59,26,1 64,27,3 66,26,1 68,26,4 66,26,3 64,26,5 57,24,0 56,27,5 55,26,2 55,26,4 46,22,0 42,19,4 51,29,11 66,29,3 82,33,11 114,50,6 54,31,18 49,23,11 49,28,15 66,28,9 98,44,6 78,33,12 93,37,0 117,50,0
62,45,21 80,52,23 70,49,24 53,45,23 65,52,31 55,51,32 41,18,3 91,27,10 61,22,0 141,65,0 146,62,0 125,52,0 113,51,0 111,45,0 115,43,0 150,52,0 162,59,0 130,58,10 53,25,12 62,28,8 66,30,8 54,23,0 63,29,7 63,27,7 62,32,6 62,33,11 61,25,3 61,32,1 64,31,6 59,31,4 53,27,4 53,27,6 49,25,1 49,24,5 51,27,5 48,27,2 57,30,14 61,35,14 56,27,5 71,36,11 73,33,10 85,39,9 93,46,14 94,48,11 90,45,10 93,47,10 83,37,7 90,43,9 86,41,6 85,39,9 81,37,11 96,47,11 97,51,12 95,50,17 125,66,9 113,55,2 64,32,16 70,35,8 107,54,13 85,39,11 101,48,5 81,37,9 96,38,1 125,60,0
58,43,23 68,47,22 50,46,29 51,44,24 54,50,31 76,63,40 65,50,30 70,27,12 116,44,27 113,41,22 61,27,23 95,35,25 57,17,0 88,32,0 84,33,0 105,37,0 149,54,0 163,62,0 180,74,0 133,69,2 136,69,3 177,91,2 167,84,1 145,70,5 117,54,5 177,94,7 171,86,6 150,86,19 103,46,2 108,55,10 86,38,9 63,29,9 86,42,16 97,54,21 73,38,13 72,38,16 86,42,12 91,43,14 52,37,26 61,42,28 111,56,11 168,88,2 189,99,5 172,89,0 162,78,0 179,95,12 180,86,0 137,65,1 156,75,0 167,85,0 165,77,0 179,85,0 169,80,0 100,42,0 142,68,0 108,51,7 93,43,12 81,38,5 74,34,9 80,35,2 111,55,8 88,38,7 102,40,0 132,60,0
110,43,0 119,42,0 123,44,5 126,45,13 117,34,0 120,59,0 127,61,13 129,61,2 101,41,0 61,27,9 52,20,6 60,27,16 37,16,14 49,20,14 49,18,10 72,36,30 44,18,8 63,27,19 149,77,38 80,21,0 120,60,19 105,46,0 94,49,5 90,44,5 90,44,14 55,36,9 61,32,8 92,57,32 78,39,7 74,35,7 75,36,8 79,35,7 94,51,6 77,38,0 100,55,20 100,59,10 165,83,11 125,69,20 45,39,32 67,49,30 133,63,3 108,57,0 103,71,37 142,106,75 92,56,36 96,63,56 74,38,7 73,34,6 71,32,2 82,36,0 104,43,0 116,52,0 141,63,0 88,39,0 115,59,12 87,43,15 101,47,13 88,40,11 102,49,6 98,45,4 105,48,4 87,40,6 124,48,0 135,56,0
60,33,17 61,34,18 56,27,7 47,17,2 59,28,16 44,25,9 42,25,15 34,22,10 36,24,12 33,17,11 52,25,7 56,22,0 26,12,14 34,14,7 34,17,18 25,14,11 43,19,11 54,23,15 49,21,21 66,36,21 93,38,0 83,34,0 64,27,3 57,26,3 52,37,15 46,24,6 47,21,0 43,21,3 42,22,2 41,21,3 41,18,5 51,21,6 56,25,6 56,27,5 74,26,8 69,33,4 90,44,14 75,37,2 50,37,16 104,54,10 85,46,5 69,39,22 80,67,64 70,65,64 69,41,14 49,21,8 46,24,6 54,23,2 74,29,0 96,39,0 112,46,0 118,49,0 163,73,6 87,40,6 133,60,3 57,29,18 78,33,10 107,48,0 173,89,2 139,66,9 106,53,10 84,38,1 139,56,0 146,60,0
47,29,8 43,24,8 38,23,12 38,23,12 37,22,11 35,20,9 34,22,12 34,21,14 32,19,12 32,20,8 77,33,7 66,29,3 48,26,6 48,23,4 14,8,13 66,21,0 102,33,0 127,50,0 93,32,0 46,18,9 31,18,13 82,31,3 67,27,2 63,41,21 90,55,19 57,48,19 36,22,4 37,21,4 36,20,5 37,18,4 39,18,7 43,20,5 54,25,5 58,24,2 78,32,4 88,44,18 113,55,0 106,53,8 78,42,20 81,44,4 63,21,0 168,126,84 52,50,51 56,54,50 165,93,45 61,25,3 66,26,1 79,31,2 87,37,0 95,40,0 109,49,0 116,47,0 146,72,2 113,65,20 138,83,27 125,60,0 86,43,10 76,37,9 61,30,11 103,49,13 106,49,5 120,54,0 149,64,0 155,67,0
38,24,10 38,23,14 37,22,11 38,23,12 41,26,15 37,22,11 38,26,16 34,21,14 34,21,14 33,21,11 81,46,21 56,25,2 43,25,4 55,23,7 43,25,4 60,23,0 107,39,0 145,57,5 168,70,10 194,101,24 74,33,13 63,33,16 62,42,12 64,47,19 63,49,24 58,45,22 43,32,17 37,21,6 34,17,7 37,18,6 39,18,7 42,19,4 50,23,7 54,25,3 120,63,21 69,27,3 118,58,15 124,59,2 102,60,20 74,34,9 71,32,4 87,41,13 124,96,67 67,65,66 189,113,57 96,39,0 87,36,0 92,39,0 94,39,0 94,39,0 99,43,0 83,57,16 182,88,20 84,63,22 59,46,14 55,43,15 65,42,13 79,45,15 116,61,9 80,36,8 118,55,4 150,72,3 138,60,0 150,65,0
40,25,14 37,22,11 40,25,14 44,29,18 43,28,17 41,26,15 40,25,14 34,21,14 37,22,13 36,21,10 63,32,9 53,24,2 40,22,3 38,18,0 50,26,2 41,21,3 97,31,0 142,59,10 198,82,0 246,105,0 60,43,17 60,46,17 68,53,15 75,60,22 61,42,26 50,21,15 66,48,16 41,26,6 36,20,7 36,17,3 39,18,7 44,21,6 45,19,5 88,49,19 67,27,4 52,23,3 55,31,7 163,80,11 110,48,0 79,33,5 207,156,87 187,138,73 154,113,68 93,83,73 70,65,64 121,80,51 112,46,0 111,45,0 106,45,0 115,62,17 128,92,32 165,112,30 91,68,26 80,56,21 82,63,28 57,47,25 46,35,16 60,41,18 82,52,10 91,45,8 107,47,4 131,58,0 121,50,0 142,56,0
37,22,11 36,21,10 38,23,12 45,30,21 40,25,14 43,29,15 38,23,12 32,19,14 36,21,10 38,21,11 149,84,27 158,96,38 160,82,13 142,73,17 60,32,5 34,23,6 84,28,2 119,46,5 105,36,0 241,111,9 74,54,8 72,54,12 84,61,21 87,63,39 57,42,20 61,49,23 59,42,5 53,28,9 38,20,1 37,18,2 41,21,1 177,145,113 87,47,22 72,39,12 51,24,6 55,24,3 66,27,0 102,54,9 164,93,22 104,46,0 175,130,82 158,117,68 145,106,63 93,78,67 67,62,59 81,72,64 136,66,17 120,51,0 115,54,9 114,72,20 235,167,79 193,120,8 191,128,38 69,50,23 34,38,23 43,34,26 50,36,11 42,28,10 28,23,22 47,36,29 89,54,27 74,42,28 68,36,31 147,69,2
39,23,10 42,27,16 41,26,15 44,29,18 41,26,15 44,30,14 38,24,10 29,16,9 38,23,12 35,23,13 96,60,31 81,46,19 60,21,0 88,40,13 133,73,30 153,99,38 174,111,39 94,41,0 165,67,0 213,71,0 85,58,11 86,64,19 109,72,28 81,54,18 70,46,24 67,46,19 67,42,12 42,22,4 37,18,6 38,19,3 120,84,62 78,62,56 77,42,15 59,29,1 58,24,4 70,29,2 81,35,0 67,42,14 109,48,1 160,99,36 83,53,36 196,147,68 149,111,74 98,83,72 61,58,62 95,74,47 159,103,54 114,48,0 173,123,63 131,95,44 149,98,22 181,110,23 45,44,35 46,37,31 140,114,64 116,88,50 85,61,37 57,46,29 37,27,28 139,75,11 64,32,2 44,17,10 36,10,0 39,12,5
114,62,14 62,33,9 50,32,13 45,30,21 43,28,17 48,34,20 36,21,10 34,22,12 40,25,14 35,23,13 40,29,24 34,21,16 43,24,10 60,41,25 77,53,31 102,56,28 131,85,46 88,47,20 111,63,20 133,88,42 121,58,5 189,121,58 121,77,39 118,77,48 102,70,54 109,71,36 98,69,45 101,65,43 132,98,68 172,123,58 73,58,49 76,55,42 55,24,1 63,30,5 82,36,0 124,63,0 140,77,8 73,37,17 146,83,34 121,72,36 137,87,43 195,142,74 142,103,71 98,82,67 78,64,64 82,69,62 107,47,6 109,47,0 155,109,50 133,100,48 148,109,48 101,57,27 48,37,32 122,105,70 128,97,46 105,78,42 95,72,41 71,60,43 36,29,27 69,28,0 137,76,13 86,50,28 51,20,8 54,18,8
47,27,7 43,24,8 43,27,12 48,34,20 45,31,17 49,35,19 41,26,17 38,23,12 40,25,14 36,24,12 38,25,20 34,23,20 36,24,24 50,34,30 25,15,16 38,25,20 48,31,23 58,37,26 46,25,10 38,27,10 85,51,29 87,56,35 109,69,35 100,55,20 135,70,31 195,151,109 169,128,81 102,72,55 50,43,43 55,50,49 58,53,55 107,73,43 147,86,39 144,75,19 145,71,3 145,70,0 157,81,2 117,72,24 157,111,70 168,84,22 175,133,79 185,138,75 124,95,64 107,91,78 72,67,64 73,66,69 107,45,5 111,48,0 176,138,88 79,57,23 105,66,25 114,65,25 44,34,35 132,101,50 122,92,50 111,84,48 91,70,43 66,52,36 35,26,22 45,32,29 172,88,1 150,88,32 51,24,8 53,27,15
36,21,10 37,22,11 45,30,19 48,34,20 47,33,15 49,36,15 42,28,14 38,23,12 41,26,15 36,24,12 27,20,20 29,22,25 35,25,29 35,25,26 36,26,27 36,24,29 37,26,23 33,21,23 34,23,16 34,23,18 43,28,19 43,27,25 45,32,25 45,29,27 166,128,64 227,166,85 172,124,66 129,101,72 145,106,67 58,49,41 69,56,53 43,28,19 67,50,40 53,32,19 62,41,26 84,56,29 128,94,62 93,56,32 94,57,15 56,31,14 146,112,69 149,119,77 117,94,63 89,80,74 71,66,68 71,64,64 114,49,0 114,51,0 143,81,23 88,60,31 133,73,19 97,73,49 38,28,18 123,90,38 124,99,53 115,88,52 94,74,54 62,53,38 39,29,28 46,34,34 173,93,7 128,60,0 61,28,17 77,32,11
38,21,11 39,22,12 41,26,15 49,35,21 48,34,18 45,31,17 42,27,16 37,22,11 40,25,14 38,23,12 22,10,10 20,13,13 23,13,12 23,13,12 25,15,14 25,15,16 23,16,14 25,16,12 29,19,18 34,21,18 35,20,11 43,28,19 42,27,16 42,27,16 248,192,100 213,156,71 121,92,59 75,69,62 172,127,81 129,96,57 159,106,40 130,88,36 67,41,29 38,22,18 44,28,24 37,21,17 65,44,29 70,48,30 36,23,18 66,39,23 191,145,86 118,97,74 82,71,64 63,58,55 123,98,79 68,59,55 51,31,11 57,26,7 160,86,9 111,61,19 132,77,25 52,38,22 97,82,44 114,80,37 120,94,53 109,86,55 82,68,50 56,48,37 33,28,25 39,30,24 149,75,3 101,54,20 46,26,8 46,25,10
35,20,9 38,23,12 44,29,18 43,28,17 37,22,11 42,28,14 38,23,12 36,21,10 40,25,14 38,23,12 25,15,14 25,15,16 26,16,17 28,19,15 28,19,15 25,15,16 25,15,16 25,14,11 33,20,15 44,29,18 44,27,17 44,29,20 55,42,19 70,48,12 243,186,101 196,145,67 102,80,60 61,56,55 188,143,81 191,145,79 80,68,58 114,73,44 100,63,48 42,24,19 39,26,23 40,29,26 43,30,27 41,28,23 57,35,15 62,32,15 134,109,79 73,66,64 45,29,16 70,55,44 147,112,74 62,57,59 24,12,17 19,14,16 43,32,17 136,66,15 126,81,33 84,62,42 80,52,23 136,104,58 109,82,50 93,74,51 69,59,47 47,41,34 33,26,24 42,32,33 137,72,8 111,67,29 26,19,19 24,17,17
32,20,8 39,27,15 44,29,18 41,26,15 36,22,8 41,26,15 41,26,15 38,23,12 40,25,14 40,25,14 31,18,13 26,17,13 29,20,16 28,19,15 31,20,15 30,19,16 30,19,16 31,20,17 40,28,18 55,39,22 31,27,8 52,38,20 48,37,18 242,193,114 232,168,85 163,121,69 71,60,57 55,57,54 116,88,48 79,59,41 106,56,12 178,96,4 120,55,0 151,96,51 45,31,36 37,26,23 43,32,29 47,35,25 83,41,17 78,40,5 65,63,64 57,46,43 67,39,10 54,32,12 141,109,77 68,66,62 20,8,10 19,13,18 21,11,12 157,107,61 109,63,22 111,56,13 143,110,60 175,139,90 167,142,98 93,74,49 37,29,18 34,27,30 29,24,26 132,77,25 116,63,18 88,60,33 17,10,10 19,12,15
35,20,9 41,26,15 44,29,20 43,28,17 36,21,10 41,26,17 37,22,11 36,21,10 40,25,14 37,22,11 33,20,15 30,19,14 33,20,15 33,20,15 30,19,14 30,19,12 35,23,13 46,35,20 75,55,46 83,54,34 28,25,12 35,31,21 223,191,145 228,170,88 202,146,79 115,87,60 70,60,61 58,53,52 33,22,15 36,26,25 109,63,24 149,80,13 137,76,13 79,43,10 44,25,11 68,47,32 66,45,30 64,49,29 68,49,35 57,41,24 64,43,18 141,102,74 69,39,13 66,38,11 58,34,8 82,66,62 51,30,7 48,30,9 43,27,10 44,25,9 121,61,22 105,56,5 74,50,26 98,75,44 135,105,63 84,69,49 41,34,34 27,21,16 110,63,29 107,59,16 97,59,24 38,25,22 28,18,22 31,21,25
37,22,11 37,22,11 40,25,14 42,27,16 33,18,7 33,20,13 38,23,12 38,23,12 38,23,12 33,21,11 34,22,10 46,30,13 50,33,7 48,36,10 45,35,11 46,35,20 46,30,13 106,73,34 210,154,89 69,42,35 63,35,26 93,66,48 230,175,92 177,131,72 137,107,81 90,78,66 48,46,47 74,45,21 32,23,19 90,49,20 129,66,13 129,73,8 48,30,9 61,40,17 63,42,27 52,36,23 59,43,30 62,46,33 58,41,31 55,40,29 56,41,30 66,35,14 67,36,17 59,32,14 71,36,11 150,84,50 61,30,9 62,31,12 57,30,14 44,25,11 35,20,11 112,71,40 106,57,19 65,56,41 36,32,22 39,35,27 43,40,27 36,40,25 63,43,25 91,52,24 66,51,40 24,14,15 26,16,20 28,18,22
35,23,13 35,23,13 37,22,11 36,24,12 36,21,10 34,19,8 33,21,11 37,22,11 33,21,9 28,15,12 67,43,21 66,42,16 60,21,7 76,55,32 81,48,11 46,36,26 60,39,28 217,160,91 108,89,73 57,43,43 59,52,55 58,52,57 115,93,73 120,95,67 71,61,65 54,44,48 46,28,7 47,31,27 34,18,14 87,50,26 102,56,19 104,62,24 45,31,13 55,31,9 50,35,26 54,39,28 55,38,30 58,41,31 55,40,29 59,44,33 52,40,30 82,40,18 75,35,10 83,37,11 82,35,12 82,36,6 80,41,13 78,36,14 75,37,18 61,31,14 39,26,19 40,24,22 36,24,24 83,57,45 47,29,10 38,26,16 43,31,19 53,34,18 65,35,18 38,25,20 41,29,17 131,108,77 85,68,44 40,29,26
24,13,8 31,20,13 34,19,10 35,19,13 31,16,5 34,22,10 24,13,8 25,16,12 19,8,5 30,19,16 31,21,11 38,24,10 68,41,7 84,52,18 82,51,12 42,29,22 187,153,110 74,52,44 69,64,63 60,55,54 58,56,57 60,54,59 44,46,46 69,56,49 51,36,25 75,29,1 54,32,14 55,32,17 49,33,18 52,34,15 42,26,9 56,31,14 41,22,8 63,47,34 47,35,23 55,38,28 55,40,29 63,48,37 47,34,27 29,17,17 26,13,6 109,48,3 113,56,16 111,50,14 110,52,17 109,55,17 100,50,17 96,49,15 90,44,16 81,41,16 73,35,14 38,23,14 47,32,23 131,112,89 47,33,19 50,35,24 146,118,78 56,45,30 38,24,26 63,40,25 156,127,74 117,89,51 85,71,46 56,47,39
31,21,20 44,29,18 44,28,24 42,27,18 40,30,18 47,35,23 40,25,16 29,20,12 31,20,17 30,21,13 51,38,17 49,38,21 31,22,16 31,20,15 39,22,12 45,25,7 89,60,38 59,49,50 53,51,52 47,42,44 42,39,43 44,43,48 37,31,36 158,129,80 144,77,32 155,79,21 163,89,17 128,74,24 56,35,22 44,28,11 52,34,13 48,29,17 38,23,14 52,36,23 43,31,31 44,34,38 47,40,40 44,34,35 37,27,28 37,27,26 41,30,27 58,37,24 61,32,12 56,31,14 59,33,19 61,31,14 77,36,18 78,38,13 75,36,6 68,33,8 72,34,13 66,30,8 255,225,172 106,83,54 44,35,29 54,44,32 60,43,15 64,52,40 54,38,32 112,81,32 180,143,99 109,85,52 81,71,49 58,48,38
39,27,15 46,34,22 54,43,26 64,50,32 63,48,26 47,35,23 44,29,18 48,39,22 41,31,19 41,30,15 35,29,20 51,30,15 49,29,11 54,32,14 48,28,10 51,30,17 52,28,6 83,40,7 124,69,24 120,72,29 121,62,3 116,72,34 89,74,63 65,48,40 70,36,18 62,33,11 58,38,18 63,39,17 71,40,17 75,46,26 65,41,15 48,29,13 39,27,17 77,57,39 69,53,38 78,59,43 56,41,30 50,34,28 56,41,32 52,37,26 43,26,18 51,26,7 46,25,10 44,30,14 43,29,15 47,28,14 43,27,14 41,25,12 42,26,11 45,26,14 55,32,17 190,154,105 99,79,49 43,33,21 37,31,26 60,35,18 24,23,14 32,34,8 46,33,28 158,126,82 129,103,64 105,85,53 76,67,48 54,45,37
40,20,13 41,27,13 39,23,10 41,21,12 45,25,16 37,22,11 44,24,15 39,20,6 41,22,8 42,26,11 48,26,8 46,25,10 44,26,7 46,25,10 44,29,9 42,22,4 57,30,12 65,39,18 96,50,20 113,60,15 126,68,13 97,41,0 132,75,17 133,73,23 147,82,22 138,73,13 145,77,16 154,82,16 172,94,27 167,92,27 129,72,14 65,32,5 33,22,19 47,32,23 55,36,24 62,48,30 50,35,24 58,43,32 57,42,31 44,29,20 49,28,13 51,28,13 45,26,10 46,27,15 43,29,15 44,28,15 39,22,12 42,26,13 41,24,14 46,26,17 61,41,23 158,135,95 71,57,39 43,33,23 47,32,23 58,32,20 59,38,25 59,33,19 54,31,20 63,40,29 113,88,58 93,79,52 69,60,45 41,35,30