20,19,12 25,24,17 23,24,16 27,26,19 34,29,17 29,21,8 28,19,15 50,39,20 41,27,11 48,30,9 42,37,23 68,43,15 55,39,26 29,24,12 61,51,29 54,43,24 65,48,24 49,29,9 62,39,10 45,33,7 52,38,9 40,29,14 40,33,15 42,28,10 33,25,3 47,36,17 59,59,43 35,37,9 40,36,17 33,32,7 42,32,10 39,38,13 47,48,25 43,46,22 22,27,7 26,27,19 29,23,18 26,25,18 34,35,27 28,33,27 34,45,32 35,43,31 25,34,17 29,36,20 25,34,15 29,39,17 31,34,22 26,35,16 38,42,25 20,24,7 24,28,11 28,36,13 38,43,21 29,43,22 41,54,31 27,40,17 32,37,13 39,47,24 36,46,24 34,47,22 43,48,24 31,42,29 14,27,44 14,27,46
21,20,13 21,20,13 23,24,16 18,17,10 28,23,11 33,25,12 36,25,6 49,36,13 44,30,16 57,39,18 48,35,12 48,35,12 55,41,16 42,29,8 50,40,18 54,43,24 62,40,6 52,30,0 55,27,0 67,40,8 59,34,4 48,27,4 47,30,6 58,34,1 50,33,9 55,40,18 54,44,22 40,33,13 50,43,14 47,40,20 46,35,16 44,43,18 53,52,27 36,49,24 25,29,12 23,23,18 26,20,15 28,19,15 27,21,16 31,31,26 27,33,22 31,39,27 32,40,28 25,31,18 33,43,19 27,37,15 21,25,10 29,38,19 34,37,25 20,23,11 20,24,7 31,34,12 26,35,16 42,56,35 31,44,21 24,37,14 36,46,24 34,43,24 35,45,21 26,40,19 36,41,17 43,51,28 28,33,43 14,27,46
30,29,18 25,24,15 37,27,15 52,38,20 45,31,13 31,21,9 64,47,21 49,36,13 52,39,18 58,36,16 44,29,7 43,36,18 33,26,10 48,39,20 51,38,15 50,30,0 65,41,8 68,41,7 71,39,9 94,67,35 66,38,11 70,38,6 80,49,12 74,45,10 60,30,4 54,27,0 53,34,0 42,23,0 68,41,7 83,59,35 40,32,10 66,55,36 54,46,22 53,54,33 36,46,24 44,52,31 26,25,14 31,18,15 37,22,13 37,23,9 38,24,10 33,20,17 36,32,26 36,42,33 34,40,31 25,32,16 25,33,10 28,32,15 22,31,12 22,26,9 27,31,16 14,17,9 24,28,13 21,28,10 33,40,24 27,36,17 14,18,3 32,42,20 46,49,27 43,46,24 35,45,23 40,49,19 41,48,30 30,40,44
36,16,9 59,44,22 36,24,14 33,21,9 59,35,11 78,57,32 46,35,20 59,40,17 48,28,10 37,21,8 44,27,17 44,29,7 68,38,10 70,43,11 67,38,3 57,22,0 67,39,12 72,41,4 66,32,0 88,53,15 80,49,0 99,61,15 78,46,12 57,28,0 79,46,9 56,28,0 54,34,4 61,36,8 43,26,0 73,51,13 46,35,16 50,38,26 57,48,21 41,42,21 22,27,7 48,53,33 43,45,30 35,29,24 33,20,15 38,23,12 46,30,15 47,28,12 46,30,17 36,26,16 44,38,33 33,44,31 33,41,29 35,42,24 25,37,17 41,45,28 18,22,7 21,24,16 22,25,15 18,21,9 27,29,14 18,22,7 28,32,17 25,32,14 31,41,17 39,44,20 50,56,29 51,64,39 42,52,19 43,52,54
48,27,4 58,24,2 75,44,21 39,24,2 67,49,19 43,34,17 38,24,6 38,29,14 33,25,14 33,21,9 36,22,6 51,32,5 57,32,4 80,50,8 72,41,4 72,37,0 62,32,6 69,37,5 73,38,0 82,40,0 82,44,7 83,46,6 69,38,1 61,36,6 61,28,1 86,52,11 92,64,24 56,29,0 59,36,7 57,31,6 81,52,17 46,28,9 62,51,18 32,23,8 42,39,13 52,53,34 41,43,26 33,28,27 38,29,25 36,23,18 45,30,19 47,33,19 54,33,18 57,32,13 50,31,17 46,37,33 40,41,33 41,49,37 18,21,9 28,31,19 22,26,11 22,23,13 19,20,12 33,34,26 27,28,20 18,19,9 23,22,15 30,29,20 21,25,8 24,28,11 29,37,14 39,44,20 43,49,22 36,44,21
48,33,11 55,36,11 49,39,17 68,43,13 48,29,6 53,27,2 40,22,1 61,30,9 75,49,24 82,48,14 46,27,2 79,47,15 67,38,5 68,36,4 83,51,19 90,51,12 72,37,0 76,37,0 92,53,10 99,58,13 83,56,13 88,49,8 89,56,6 78,42,11 90,46,18 107,66,21 90,61,30 66,34,2 77,45,13 68,37,18 86,55,16 57,44,23 53,35,14 62,52,28 40,36,17 47,42,28 33,28,14 39,26,19 37,30,28 38,28,29 43,30,27 41,28,21 47,28,14 57,35,17 53,27,6 57,33,11 48,35,28 43,50,43 38,41,31 32,35,25 32,38,27 26,32,21 27,33,22 19,25,14 23,26,18 17,20,12 19,20,12 17,18,8 22,25,13 34,37,25 25,29,12 41,49,28 43,51,28 48,52,23
55,36,13 48,30,11 58,35,4 65,41,6 57,34,5 65,32,5 73,41,7 65,33,1 78,44,12 70,32,0 81,44,2 86,45,14 73,40,1 115,62,7 110,66,15 89,50,9 107,59,5 121,72,21 99,57,19 77,37,1 94,48,7 73,30,0 66,28,7 84,40,14 100,54,13 98,50,7 99,59,23 87,50,24 87,47,24 85,47,26 86,50,19 70,42,29 53,37,22 45,35,23 37,29,16 31,23,12 38,26,14 39,24,4 54,33,10 43,27,12 41,28,21 35,25,26 39,28,25 48,32,26 69,36,11 69,32,6 56,36,18 51,42,34 43,50,48 36,38,33 32,37,31 25,31,22 28,31,21 32,35,25 21,24,14 17,18,10 17,17,12 30,31,23 18,19,7 24,25,17 19,20,10 32,33,21 45,50,30 25,28,8
63,34,12 62,38,12 59,35,2 74,45,14 70,47,16 72,40,10 66,31,0 72,40,6 74,42,0 88,49,10 87,44,11 121,61,20 96,53,8 131,74,14 123,62,1 119,61,8 121,62,5 120,61,13 105,59,20 82,38,0 127,66,3 125,73,13 125,68,10 76,30,2 117,62,17 111,61,17 84,40,12 102,53,17 93,48,27 92,52,29 74,45,23 83,52,33 60,31,11 25,23,19 24,24,21 28,18,17 42,26,9 44,24,6 46,27,11 40,26,12 40,24,18 34,18,16 28,18,17 27,22,19 75,35,10 83,44,12 72,37,10 55,35,17 38,48,42 41,47,48 17,20,12 31,31,28 24,22,18 30,31,23 19,20,12 25,28,16 32,33,25 23,24,14 23,24,16 24,22,20 26,27,17 27,27,22 28,29,32 41,46,42
38,17,2 60,36,10 70,42,15 50,26,4 83,41,0 98,58,6 97,57,5 91,55,8 92,51,22 102,57,13 119,65,4 126,67,8 108,60,6 141,73,12 123,61,5 140,74,17 143,77,22 129,65,5 113,60,15 97,46,11 125,64,3 123,64,5 70,41,21 112,55,13 112,55,13 119,64,19 122,67,22 104,53,14 103,58,25 97,61,30 75,46,26 55,39,26 64,45,31 66,38,25 22,22,22 30,19,12 41,25,8 44,28,11 42,28,14 38,25,18 30,20,19 29,19,20 25,20,22 20,18,14 23,21,17 91,51,15 76,37,0 65,30,3 56,45,30 49,54,53 34,35,40 25,23,19 23,23,18 19,20,12 22,22,17 20,21,13 27,27,22 25,25,22 37,40,30 22,22,19 26,24,20 22,23,15 25,28,18 33,41,31
90,59,22 83,40,0 93,51,0 83,46,6 104,63,4 69,33,2 104,62,10 110,68,14 94,48,11 86,41,8 165,91,14 150,75,5 106,59,7 152,77,12 118,60,7 141,77,15 160,80,14 141,72,18 120,64,15 91,40,1 125,66,7 142,75,7 18,19,24 122,65,25 104,64,30 74,45,25 72,48,26 119,64,19 85,59,36 77,46,23 88,40,24 76,36,11 74,37,11 22,22,22 25,23,21 23,18,20 47,28,14 43,27,10 40,26,12 36,25,20 30,20,24 26,21,20 23,21,22 24,22,23 24,22,23 22,23,28 88,45,10 90,45,10 61,32,12 58,43,32 36,41,47 23,23,18 20,20,15 25,25,22 26,26,21 27,30,20 24,23,12 25,24,15 24,25,15 22,23,15 15,15,10 31,32,24 30,29,22 13,12,15
70,38,6 88,48,14 100,57,24 136,78,12 129,72,14 124,72,10 64,31,6 118,70,16 96,45,6 76,40,7 172,88,8 160,78,4 119,60,1 163,80,11 124,58,6 151,79,15 163,83,13 155,80,12 124,65,17 107,52,9 102,83,69 33,24,9 55,48,48 92,49,30 90,48,24 96,56,33 94,54,31 101,44,4 91,48,15 92,48,18 83,37,11 63,32,11 81,40,13 25,20,19 28,23,20 25,20,19 48,29,15 44,28,15 41,26,15 38,25,20 28,23,22 24,22,20 24,22,23 24,23,26 25,22,26 34,27,27 68,43,13 103,55,10 83,44,16 64,37,21 53,54,57 36,36,36 23,23,20 25,25,22 30,30,27 25,27,12 52,45,29 28,25,10 25,22,9 37,36,25 20,16,10 27,27,22 19,17,13 24,22,20
65,29,7 97,58,15 111,62,11 173,93,9 152,85,17 112,58,0 65,39,25 117,62,10 96,47,7 102,65,25 173,88,8 172,89,6 134,66,3 168,86,12 136,68,7 150,81,14 187,100,18 154,79,11 126,66,16 119,54,0 35,39,41 32,33,36 21,19,15 82,50,18 102,62,26 100,66,25 102,65,23 109,67,27 76,52,30 113,67,39 91,55,33 86,60,37 98,50,5 38,31,15 27,25,23 25,25,25 43,29,13 44,28,15 40,25,14 36,25,20 25,23,21 23,21,22 24,22,23 24,24,24 24,24,24 25,23,21 22,24,21 100,52,7 103,58,10 79,43,12 59,39,30 49,50,55 30,30,27 20,20,17 26,24,25 27,26,19 34,34,20 34,29,15 41,39,21 63,48,26 63,54,27 19,17,15 17,17,12 32,30,28
77,37,1 86,42,0 145,83,27 160,88,6 148,80,10 158,83,11 112,55,11 108,48,5 92,43,5 129,68,7 167,89,7 184,101,11 170,86,10 190,92,17 148,74,4 158,86,20 170,92,14 160,82,13 121,63,12 142,84,29 35,46,45 34,40,41 30,27,31 105,66,25 103,66,22 102,65,23 106,67,26 109,72,32 103,59,19 90,46,20 80,63,53 90,62,35 90,53,11 56,42,17 38,29,21 30,29,22 34,28,19 32,21,18 40,28,18 36,22,22 28,26,24 23,22,25 24,24,21 25,23,21 24,24,24 24,24,21 27,25,23 41,30,15 127,73,14 95,47,4 74,36,15 53,48,50 34,37,29 44,42,40 26,23,27 27,25,26 31,30,21 30,27,14 31,31,17 47,41,18 61,56,28 14,17,9 43,43,38 26,24,22
110,61,0 78,34,0 108,56,8 198,114,11 162,89,5 179,96,9 121,60,0 109,54,13 149,74,2 162,86,7 194,106,18 173,89,4 173,88,8 173,83,5 143,73,13 165,87,18 146,78,8 172,87,16 125,64,17 65,53,55 41,47,50 36,42,45 30,31,36 108,67,22 110,66,13 150,85,21 109,70,27 105,68,26 111,73,25 112,67,21 107,61,20 83,55,28 105,76,25 83,56,20 52,39,16 38,33,21 24,23,16 26,21,18 26,21,20 24,24,24 25,23,21 36,23,18 47,36,21 61,40,17 45,29,16 29,23,16 28,27,20 50,36,18 112,68,17 108,58,12 81,45,14 61,47,31 44,39,36 53,41,29 27,25,23 38,37,42 34,32,28 41,37,20 48,44,25 41,38,23 63,61,41 18,20,15 26,27,19 16,15,18
63,32,9 86,41,0 203,122,23 194,119,31 157,73,0 179,96,4 132,61,0 109,56,3 165,85,1 191,105,16 179,93,4 213,112,3 173,86,4 164,73,2 139,75,6 170,91,16 131,68,1 172,86,13 213,135,57 42,34,42 40,46,47 34,40,43 36,36,36 124,69,13 177,92,14 106,58,4 111,72,31 108,72,25 106,72,27 105,66,23 89,56,4 112,73,16 153,111,17 129,95,23 74,60,35 65,51,33 43,35,22 31,25,20 27,25,23 31,29,25 46,34,22 66,51,13 92,69,27 91,64,19 157,108,39 99,67,12 60,44,11 46,39,19 45,36,19 105,62,6 85,45,9 65,45,27 41,46,42 68,50,31 21,19,15 37,36,41 38,36,34 47,45,27 47,43,22 36,34,14 41,37,27 24,27,17 25,28,18 23,22,25
112,67,3 92,47,0 135,74,9 189,106,16 202,109,2 157,87,9 147,84,8 120,65,11 165,85,1 215,119,20 227,112,5 211,112,19 159,73,2 163,78,2 145,71,3 145,84,21 134,85,18 83,37,0 222,125,31 35,40,39 43,52,54 37,45,52 39,40,43 255,130,0 209,100,14 187,107,19 134,74,22 109,71,25 109,73,24 107,74,26 103,67,16 116,81,16 212,156,7 170,111,34 116,94,49 98,76,40 73,56,28 60,42,23 46,38,25 57,46,29 67,50,24 100,76,25 84,59,11 87,57,15 118,75,19 131,85,26 123,78,14 41,45,16 32,52,23 103,71,14 97,55,13 72,44,15 54,49,46 27,32,26 26,27,17 30,30,27 37,38,41 33,25,14 51,44,24 44,35,18 34,34,20 23,28,22 36,38,35 29,27,35
111,64,3 109,64,16 174,106,34 136,84,36 83,40,0 126,62,0 136,68,0 99,51,6 179,84,0 237,127,5 237,121,0 210,103,0 165,83,11 168,80,5 139,71,10 171,86,13 117,72,24 173,91,19 238,132,37 32,41,43 45,50,56 36,41,47 40,37,43 213,107,30 169,91,24 136,74,16 255,147,19 122,70,22 107,69,23 106,72,27 109,72,19 113,80,14 179,135,37 165,112,28 107,93,48 103,84,45 98,72,33 85,63,27 74,56,26 95,73,35 72,49,18 89,62,26 61,41,11 104,68,21 118,80,30 121,81,27 122,82,7 43,59,15 66,76,23 98,89,29 115,83,26 78,56,18 62,53,38 44,55,40 51,59,38 39,42,30 33,38,32 36,40,25 44,42,24 36,34,14 32,32,18 15,18,10 27,31,35 26,25,28
96,59,6 77,45,1 119,66,0 142,69,0 142,71,2 132,72,20 157,91,7 84,42,18 197,102,0 255,147,20 245,120,1 239,125,9 144,75,8 175,97,17 81,57,20 182,101,20 114,51,0 170,86,6 190,95,16 193,120,63 40,28,28 37,46,48 43,48,47 240,119,25 166,89,13 195,105,13 135,68,16 123,68,16 100,57,22 102,69,30 98,68,26 129,79,5 114,97,17 255,203,43 86,82,34 91,75,31 112,91,50 105,83,49 95,68,34 120,96,45 75,50,20 63,45,15 43,36,20 108,67,20 103,67,18 106,75,22 126,89,18 62,84,29 92,128,43 79,106,34 121,96,39 107,98,53 90,89,62 60,70,48 82,93,64 68,72,45 55,65,43 41,47,34 40,43,23 49,51,25 46,50,23 32,40,28 29,34,33 34,37,27
90,44,0 121,69,9 104,56,11 210,119,11 217,122,17 221,126,8 156,80,1 82,42,19 212,107,8 255,135,1 230,126,8 164,82,24 123,65,0 164,77,18 179,112,46 123,79,49 166,85,8 200,97,1 255,142,12 34,32,30 57,40,30 25,29,31 32,43,42 217,116,35 228,131,53 255,190,39 192,90,0 123,68,16 57,42,20 120,68,18 112,71,24 124,79,15 80,80,6 177,183,63 60,101,26 59,66,30 56,56,26 54,53,26 58,52,27 71,65,40 50,48,26 42,40,22 35,43,22 96,66,20 100,76,23 100,76,21 116,95,25 51,89,24 108,165,62 106,151,83 139,114,39 124,119,68 85,78,49 56,61,41 56,66,40 79,79,49 62,66,37 43,51,26 41,46,24 59,62,38 56,61,37 50,65,41 45,53,39 46,53,35
131,76,6 88,43,10 117,65,0 196,108,18 137,78,1 220,127,12 169,93,10 87,47,24 202,113,28 241,125,0 212,108,0 105,64,0 188,102,0 184,96,17 145,77,5 60,38,30 188,100,21 217,100,0 255,159,28 42,48,51 42,52,56 42,47,55 135,92,77 202,87,0 164,72,0 255,192,86 100,56,26 97,57,23 64,40,18 65,49,34 118,77,32 197,98,7 82,95,41 97,153,55 82,120,51 64,84,57 56,71,45 60,74,44 67,77,51 65,71,44 58,64,37 55,64,34 66,80,50 100,80,30 118,105,44 101,82,25 119,97,32 48,86,21 71,120,42 92,137,54 124,107,29 125,104,48 88,76,39 82,72,50 54,61,43 51,53,27 75,78,47 58,55,29 57,63,34 53,59,32 52,53,34 44,57,34 53,68,44 64,74,41
99,41,0 102,48,0 97,48,0 150,94,16 110,55,10 142,67,2 172,94,0 96,59,35 119,67,19 213,111,0 255,134,9 131,79,8 164,78,0 140,72,0 103,50,9 92,53,25 214,114,30 203,98,0 255,147,18 38,46,51 44,52,57 40,40,35 255,126,0 118,61,19 103,44,0 139,91,19 142,79,3 142,67,0 69,54,43 123,72,7 134,71,4 176,108,18 63,83,40 72,120,33 85,118,62 65,86,63 53,73,46 81,97,66 57,70,45 62,72,46 47,60,33 60,74,44 59,75,42 67,64,20 56,57,9 60,64,26 66,75,29 41,74,20 57,90,36 63,96,42 88,69,12 104,81,10 74,56,24 71,51,19 32,33,25 31,32,9 46,47,28 53,45,21 57,57,27 56,62,33 44,47,27 47,53,42 61,75,45 105,122,73
109,68,23 121,63,8 76,40,7 75,50,20 99,52,2 145,82,8 148,76,0 103,52,13 78,44,14 211,112,4 201,88,0 131,70,5 119,71,13 124,71,3 66,45,32 53,29,7 225,124,45 205,94,0 255,147,1 38,46,51 42,32,36 29,38,40 242,109,0 145,78,28 126,75,6 126,78,24 187,101,12 130,62,1 102,49,6 88,44,16 118,72,13 159,91,28 50,64,32 54,79,21 46,68,38 53,70,62 31,43,25 46,55,36 40,49,32 45,58,33 41,51,27 64,77,52 40,53,30 45,59,29 48,61,36 47,64,36 56,78,39 42,64,25 54,81,42 51,78,46 44,69,51 49,61,27 58,53,39 56,41,19 47,40,40 21,16,15 32,32,27 26,26,26 52,45,29 54,41,18 52,57,33 59,71,53 93,111,66 87,106,54
72,36,3 69,42,8 99,59,23 107,67,31 136,70,22 50,29,6 155,81,13 122,62,23 70,32,0 201,114,28 170,74,0 144,74,14 109,69,0 100,58,4 50,44,37 48,29,15 152,79,2 208,116,34 255,134,0 39,49,57 117,63,29 29,35,24 106,63,28 64,43,39 33,36,43 44,36,42 153,68,0 125,65,0 112,54,0 66,38,25 189,112,27 106,57,17 56,45,12 48,58,25 34,50,29 40,55,62 16,28,21 27,35,23 29,34,30 27,29,24 22,28,19 25,25,20 25,25,20 33,41,20 38,48,22 43,56,29 58,74,43 42,58,27 80,103,70 55,79,41 91,67,12 58,63,31 41,45,28 46,25,12 46,33,26 22,22,19 41,43,38 16,14,15 37,38,26 42,38,28 42,31,12 49,52,44 61,61,47 37,45,24
64,34,0 134,84,24 117,73,33 97,59,24 68,43,15 62,38,12 107,49,0 91,48,13 64,53,18 33,25,31 62,46,29 88,53,17 143,93,19 93,57,0 55,45,35 34,22,22 134,73,12 121,67,31 255,153,8 43,48,58 63,50,45 64,52,40 159,61,0 62,43,27 34,33,36 28,39,38 203,94,20 135,70,6 101,48,7 120,60,21 109,43,0 107,51,17 78,49,16 49,44,14 27,39,19 36,50,62 18,23,22 29,31,31 32,27,26 24,24,21 34,34,34 20,20,20 23,23,23 22,28,15 23,29,16 26,38,18 36,49,22 36,53,15 79,108,64 43,68,41 97,69,13 60,59,34 58,46,20 41,25,8 48,32,17 20,18,14 37,37,34 20,15,17 21,18,24 35,36,57 48,28,10 45,39,32 55,50,47 17,25,13
145,73,7 132,68,8 114,59,18 99,51,4 91,49,7 64,35,0 78,47,24 106,65,16 74,47,2 49,38,21 125,88,35 83,56,20 99,62,7 39,21,18 87,57,11 18,24,27 87,42,9 90,47,30 255,161,31 255,122,0 238,89,0 119,43,0 137,86,47 132,79,26 34,36,33 32,36,40 165,88,14 153,63,0 131,56,7 48,34,20 95,60,33 110,59,0 90,51,8 36,32,15 22,35,19 35,47,43 24,31,29 37,42,38 42,49,42 23,25,22 23,23,23 22,22,19 32,28,22 21,19,17 22,22,17 20,23,13 30,37,19 24,40,7 37,54,26 36,50,29 82,53,18 45,39,30 72,55,29 54,33,6 63,32,13 50,60,52 51,63,56 32,36,38 17,15,13 42,37,36 39,22,14 48,27,14 60,50,51 21,23,23
192,106,17 189,108,13 162,89,7 150,86,17 96,53,4 99,57,15 117,73,20 84,53,16 120,71,20 111,76,38 111,73,9 51,32,20 53,31,25 102,63,0 101,77,55 141,88,0 160,110,48 62,29,2 246,112,0 119,63,16 34,32,40 36,31,28 163,98,36 131,75,10 53,41,31 35,30,32 122,74,20 118,53,12 88,40,15 45,27,24 100,68,34 81,37,9 44,22,2 65,40,10 28,24,16 37,47,44 29,42,30 36,43,36 45,52,45 41,51,45 42,38,30 34,30,24 29,29,26 22,22,17 42,37,36 22,22,17 17,19,14 20,23,13 20,23,13 30,24,17 80,46,14 37,40,32 45,58,46 87,54,6 68,30,9 46,45,34 50,60,54 51,61,55 26,26,21 26,21,20 70,53,54 52,26,3 33,31,29 29,29,29
199,115,14 204,114,20 146,79,2 141,74,6 135,75,7 91,50,3 87,54,4 103,65,15 129,76,10 101,49,0 122,86,28 88,54,20 65,44,19 105,59,2 45,18,0 116,74,11 124,70,11 37,19,16 255,152,0 33,39,40 39,45,46 28,32,34 31,29,27 119,45,0 93,46,12 33,22,19 40,34,29 86,39,7 34,22,22 68,38,12 89,55,14 42,26,11 83,44,14 53,32,17 76,37,9 41,49,39 39,50,39 41,51,43 49,54,48 55,56,46 60,59,50 49,52,44 41,49,39 42,45,37 31,33,28 37,39,34 25,24,17 26,26,23 18,18,18 47,32,21 80,44,22 40,31,23 58,41,15 106,63,16 81,40,11 44,35,27 53,59,48 60,59,50 51,54,46 40,40,35 52,41,38 51,24,6 32,30,28 18,16,17
200,100,0 190,96,0 188,98,2 160,84,0 138,79,2 133,79,4 141,78,0 106,55,0 93,70,28 83,47,0 112,71,22 101,65,14 84,51,12 99,59,5 92,57,1 128,87,30 132,81,0 43,17,0 255,148,0 33,39,40 38,44,45 30,35,34 27,31,33 132,56,0 72,36,16 31,20,15 51,29,21 108,66,24 48,52,56 49,23,11 107,56,3 38,21,22 19,19,16 21,14,14 65,29,9 45,55,52 47,54,49 44,46,41 58,57,48 55,54,47 53,56,48 48,53,47 43,54,41 50,57,52 47,54,49 45,55,49 42,49,42 38,40,35 42,48,39 107,53,3 65,45,27 52,35,27 23,19,11 93,60,23 69,36,11 52,41,38 25,20,19 19,16,20 22,22,19 39,41,38 42,50,40 42,29,22 41,38,42 20,18,16
126,63,0 176,89,0 151,75,0 173,89,0 147,85,11 123,72,0 140,85,13 118,80,14 90,52,6 66,34,0 95,65,9 76,47,14 88,50,0 94,57,13 131,80,27 140,96,29 125,64,3 147,88,11 255,147,0 39,43,45 37,39,34 47,53,42 66,55,50 114,45,7 26,17,13 23,13,1 52,21,0 128,66,10 42,37,34 85,34,6 48,48,45 31,50,60 49,55,56 76,51,48 42,29,24 67,57,56 69,46,31 66,49,41 49,35,37 29,30,22 48,45,49 49,55,56 54,58,62 54,57,64 53,57,61 49,53,55 55,57,54 61,64,42 106,66,30 83,42,11 61,43,24 55,33,25 41,41,27 81,60,33 45,25,7 45,43,41 19,14,13 58,61,53 46,54,44 47,55,45 47,55,45 45,30,19 39,37,38 20,20,15
84,42,0 136,69,1 123,71,23 93,44,4 102,51,0 93,53,1 119,75,24 85,44,0 143,102,45 90,52,31 75,39,10 95,45,12 97,51,12 96,51,5 100,50,6 100,51,11 97,43,0 127,61,9 162,58,0 45,46,51 43,56,57 91,66,47 90,59,36 88,43,10 109,67,45 55,36,24 51,30,19 91,60,48 53,54,59 40,31,23 53,50,54 52,49,55 50,51,39 60,43,35 75,32,17 132,85,51 77,61,55 103,71,55 72,55,45 72,57,46 86,64,44 77,56,45 79,60,48 78,66,56 50,26,20 30,23,21 43,49,52 53,36,26 100,48,16 79,44,19 52,33,17 51,24,8 96,43,16 65,53,27 29,17,5 43,45,40 20,13,13 40,32,19 45,53,43 45,53,43 47,54,47 60,31,11 38,36,37 48,55,48
93,50,15 110,57,16 151,107,54 99,57,33 110,68,44 106,67,39 120,79,59 104,66,45 104,61,28 119,74,51 104,64,41 103,66,42 113,72,52 114,68,38 104,59,26 120,63,21 117,63,13 102,46,8 119,78,49 89,67,61 104,68,39 107,57,26 88,51,27 123,61,3 71,47,21 74,48,38 61,30,9 54,51,57 61,43,24 80,58,52 69,49,42 102,68,34 105,57,28 93,56,43 118,77,46 92,56,38 109,64,41 87,46,28 86,58,56 124,77,56 81,58,43 93,71,53 59,57,55 53,54,57 42,35,38 38,25,20 47,42,39 38,32,27 96,49,15 62,37,18 98,50,7 41,20,0 128,74,38 35,30,27 38,43,51 85,41,1 51,51,46 17,19,19 50,52,47 57,62,56 46,54,44 68,34,16 45,32,27 46,53,46
125,78,44 129,82,48 129,82,48 125,78,44 128,84,46 124,80,42 135,86,50 126,77,41 126,79,47 127,80,46 126,79,47 126,81,48 123,80,47 118,71,37 126,75,38 126,72,34 121,70,31 118,67,30 118,64,14 117,65,5 107,60,8 208,108,0 116,50,0 95,40,11 35,26,22 177,93,8 157,97,47 122,76,48 122,59,8 179,102,44 157,97,56 84,52,36 96,65,44 94,63,44 97,63,45 95,70,51 91,69,49 89,67,49 82,64,45 83,64,50 76,62,46 84,69,58 82,67,56 76,64,52 83,65,60 82,62,55 97,74,63 118,75,56 108,67,51 92,67,48 45,57,63 72,47,28 121,71,38 27,22,19 105,52,25 84,48,26 45,55,52 53,58,66 50,59,61 47,63,63 50,50,58 29,24,23 53,58,57 45,55,52
127,76,39 137,86,49 140,89,52 139,88,49 139,88,49 141,90,53 139,90,52 143,89,53 133,84,46 132,83,45 137,86,49 138,84,48 134,83,48 132,81,46 132,81,44 130,79,42 136,85,48 134,85,49 123,76,44 128,78,45 124,79,44 126,79,45 121,73,48 121,73,48 114,72,48 115,75,50 111,66,45 114,72,50 113,76,52 106,72,50 104,66,47 109,78,55 115,77,56 101,70,49 104,73,50 96,70,47 96,70,49 97,73,51 93,72,49 95,73,53 91,71,53 89,69,51 94,74,56 89,68,55 87,67,58 85,70,61 86,69,59 77,62,51 83,67,54 80,65,54 98,70,57 98,62,42 97,66,43 84,67,57 88,65,50 77,73,67 61,58,62 50,55,63 46,56,64 54,60,61 55,54,59 58,51,54 60,55,57 54,51,55
146,76,14 142,76,21 139,82,22 152,98,50 151,94,50 165,103,61 157,97,54 145,88,46 139,82,40 144,87,45 145,88,44 146,86,45 145,90,47 136,81,40 139,85,47 134,79,36 130,79,40 132,81,42 135,84,47 139,88,53 129,78,41 126,77,41 132,83,47 130,78,48 113,67,37 113,69,39 124,80,50 123,80,47 123,76,53 119,78,51 111,70,50 119,77,53 111,71,48 110,74,52 112,76,54 113,72,54 108,72,52 101,67,47 98,72,49 96,70,47 95,74,51 89,69,49 97,75,57 93,71,53 86,63,50 83,67,50 80,61,47 83,63,54 86,67,53 85,66,52 91,70,55 84,64,46 83,66,56 79,64,55 74,61,58 74,62,52 76,60,58 70,57,54 68,62,57 68,62,57 57,58,61 55,57,57 58,56,57 61,60,63
153,82,11 159,91,51 147,88,42 159,95,49 158,95,46 163,100,51 151,90,45 154,93,48 151,87,41 157,93,49 148,86,44 155,93,51 158,97,50 138,81,37 142,85,41 145,88,44 135,81,43 131,77,39 136,82,44 134,84,42 136,80,42 134,80,44 129,78,41 137,83,47 137,86,51 136,82,48 125,76,40 131,84,50 132,85,51 129,79,46 136,86,53 130,84,54 122,77,54 114,72,50 115,78,54 104,61,42 112,76,54 103,69,49 105,71,53 101,72,50 101,70,49 97,68,46 94,63,42 105,79,56 108,77,54 101,74,58 94,68,54 85,69,56 82,63,49 83,64,52 80,64,51 73,58,49 84,69,58 79,63,57 71,60,57 76,62,62 76,60,58 75,63,63 71,61,60 69,57,59 61,56,55 60,60,60 58,56,57 54,54,51
161,96,39 167,96,41 163,94,38 167,96,43 173,106,54 173,107,52 163,96,44 165,96,42 166,100,50 159,93,43 164,97,47 162,95,50 149,89,39 156,96,44 155,93,51 150,95,50 150,91,43 151,92,44 142,85,41 141,84,42 129,73,35 134,80,42 144,87,45 139,86,45 136,83,42 132,78,40 134,83,44 137,86,49 128,77,42 129,79,46 131,84,50 132,87,54 127,79,50 126,78,49 113,66,45 118,73,50 95,58,34 98,64,42 100,66,44 97,66,45 102,71,50 111,77,57 111,80,59 99,73,52 98,73,54 98,71,53 89,66,51 91,71,51 80,62,43 89,69,51 90,72,51 89,69,51 83,62,49 90,69,58 89,69,60 86,67,55 78,63,54 68,55,48 75,60,51 79,64,55 83,64,50 75,60,49 81,64,54 68,58,57