43,30,25 37,25,25 36,22,22 34,28,23 34,22,22 43,29,29 40,24,22 36,24,24 35,21,21 35,22,19 34,21,18 32,18,18 30,18,18 30,20,19 30,18,18 26,14,14 16,9,12 16,14,15 31,17,17 38,22,9 44,28,11 32,19,14 53,34,9 51,30,7 58,32,7 60,31,7 59,33,10 65,36,14 58,37,14 52,32,12 47,28,5 48,29,13 41,26,15 40,25,14 33,21,9 43,31,21 38,23,14 36,24,14 33,25,14 31,22,16 30,21,17 26,20,15 24,18,13 24,18,13 24,18,13 22,18,10 32,30,31 33,31,32 34,32,33 33,26,29 31,24,27 31,24,24 35,25,26 36,26,27 42,29,26 46,34,22 49,35,17 49,34,14 52,32,14 44,25,13 52,34,15 56,35,12 73,33,10 72,30,6
41,28,23 37,25,25 38,25,20 32,21,16 35,23,13 43,27,23 36,23,16 36,24,24 35,22,17 35,22,17 36,23,16 41,26,17 37,21,19 33,24,20 33,20,13 35,18,19 16,9,12 16,14,15 31,17,17 46,30,13 47,28,12 34,21,14 55,34,9 47,29,10 43,28,8 49,29,11 54,33,10 61,35,12 67,38,16 63,37,12 57,33,11 48,33,11 41,26,15 43,28,17 36,24,12 45,33,21 43,28,19 40,28,16 28,19,13 31,22,16 30,21,17 29,20,16 29,20,16 28,19,15 26,20,15 24,18,13 34,32,33 33,31,32 36,31,33 33,26,29 31,24,27 36,29,29 32,22,23 39,29,30 45,34,31 48,32,19 50,31,17 50,35,15 48,29,15 51,35,18 63,41,21 73,38,13 60,29,6 102,48,0
45,34,19 39,27,29 38,23,12 36,23,20 43,26,16 43,30,25 45,30,21 41,28,23 51,30,19 31,20,17 35,22,15 44,27,17 35,22,19 35,24,7 47,24,9 38,23,14 15,8,11 18,13,15 30,21,17 46,27,11 44,23,8 38,23,12 49,29,11 36,20,5 63,34,10 67,39,12 65,36,12 69,39,11 69,41,14 73,45,18 57,33,9 55,34,11 33,21,11 45,31,15 36,23,16 48,36,24 31,20,13 43,31,19 29,20,16 36,25,20 30,21,17 29,20,16 30,21,17 29,20,16 29,20,16 27,20,18 34,32,33 31,29,30 36,29,32 33,26,29 33,26,26 36,29,29 40,30,31 40,28,28 45,30,19 46,31,11 52,33,17 43,29,15 55,36,20 53,35,16 70,34,12 73,36,10 71,27,0 69,28,0
51,34,24 34,22,24 35,19,17 35,22,19 35,22,15 41,28,23 45,27,22 40,29,24 53,30,17 42,26,20 45,24,13 46,27,15 38,22,16 46,25,12 54,26,13 46,27,13 16,9,12 16,9,12 30,20,19 47,27,9 46,25,10 38,24,8 41,25,10 35,21,7 62,34,7 73,40,13 41,25,10 71,41,15 61,32,12 63,38,21 46,31,9 38,24,10 36,19,9 50,35,15 41,27,13 55,43,17 40,28,16 45,34,19 43,31,21 37,27,17 30,21,17 31,22,18 30,21,15 32,23,19 29,20,16 34,27,25 33,31,32 35,28,31 35,28,31 30,23,26 31,24,24 36,29,32 39,30,26 39,26,19 43,27,14 45,29,12 46,27,13 49,33,16 58,39,23 70,34,14 78,35,0 74,34,0 79,38,11 105,52,11
49,34,23 36,25,22 38,20,15 39,22,12 50,30,21 40,25,14 42,26,20 41,24,16 57,31,17 34,21,16 45,24,9 47,25,17 49,32,22 60,30,13 64,33,10 48,25,12 32,21,18 15,8,8 26,16,17 44,28,11 46,26,8 54,32,14 43,27,14 55,31,9 70,40,12 75,40,13 47,25,5 76,44,14 54,28,7 82,46,15 66,43,14 43,28,8 55,35,15 58,34,10 50,32,13 65,44,19 49,39,15 50,36,20 45,33,21 38,26,14 30,21,15 33,22,17 36,23,16 37,21,17 30,21,15 36,31,30 28,26,27 35,28,31 29,22,25 31,24,27 31,24,24 37,30,30 43,30,25 38,25,20 43,28,17 42,28,14 44,28,11 52,33,17 59,33,10 76,33,0 71,30,3 83,40,7 92,47,12 98,49,9
54,33,22 35,22,17 44,27,17 43,23,14 39,23,10 41,25,12 48,31,21 46,25,10 59,32,16 41,27,13 52,26,12 51,28,17 51,32,20 62,30,14 60,32,19 60,34,20 49,33,20 16,9,12 19,12,15 40,20,11 49,27,9 50,28,10 38,22,9 55,33,13 53,27,4 77,43,11 82,48,16 75,41,11 63,32,9 87,52,16 79,43,14 57,36,13 65,36,12 63,34,10 66,42,16 67,43,19 51,37,12 51,36,16 47,33,17 41,29,17 35,22,15 36,24,14 38,26,16 33,24,16 33,22,19 35,30,32 34,27,30 34,27,30 29,22,25 31,24,24 40,33,33 40,33,33 32,21,18 42,27,16 43,27,14 45,28,20 52,33,21 57,33,11 68,30,11 80,33,0 71,38,13 85,42,9 99,49,3 88,43,10
63,37,25 41,24,16 47,28,14 49,26,13 42,25,15 41,25,12 39,22,14 45,26,12 59,32,16 49,28,17 58,31,15 55,32,21 58,35,20 78,42,24 74,43,24 52,26,14 63,35,24 17,7,11 16,9,12 42,26,11 53,31,11 49,27,9 42,26,13 54,27,9 56,31,12 77,43,11 92,54,19 83,47,14 78,45,8 91,51,17 68,35,10 64,39,11 69,41,14 68,40,13 70,41,17 72,46,21 63,44,19 57,40,16 51,37,19 36,26,16 36,24,14 40,28,18 38,28,18 38,30,19 34,27,27 32,27,29 36,29,29 33,26,26 28,21,24 31,24,24 35,30,29 40,33,33 30,18,18 34,21,16 39,26,19 44,28,24 53,28,9 68,33,8 70,29,2 81,43,22 78,38,13 94,48,9 122,63,6 105,52,7
48,27,12 35,20,11 57,35,17 63,30,19 47,28,16 55,30,13 48,32,17 54,26,13 67,40,24 58,35,20 66,36,19 47,25,17 62,40,22 73,37,17 65,35,20 70,40,25 70,40,23 13,8,7 19,12,15 38,24,10 55,30,13 55,30,11 48,26,6 51,31,13 61,32,12 78,42,11 101,56,23 96,55,24 85,45,11 82,44,9 75,42,15 79,44,17 75,46,15 74,44,16 74,44,18 77,49,20 72,44,17 59,42,16 48,34,18 36,24,12 36,26,14 40,30,18 40,30,18 37,26,19 40,33,31 32,27,26 35,28,26 37,26,23 27,20,18 35,28,31 34,27,27 35,28,31 30,18,20 36,25,22 46,35,30 55,34,19 67,28,0 83,37,9 71,44,26 86,45,18 92,47,12 89,45,5 111,57,9 113,57,8
55,29,15 48,22,8 61,38,25 59,28,16 44,25,13 55,25,10 45,29,16 57,31,17 52,26,14 57,32,15 82,41,23 60,38,20 66,40,19 94,49,28 80,49,30 55,30,13 73,39,21 29,12,13 23,13,17 45,26,10 56,32,10 50,28,8 59,28,9 49,35,10 37,35,13 40,31,14 110,66,0 104,59,13 88,48,14 78,46,16 81,46,19 77,42,15 85,51,17 87,53,19 92,58,24 85,53,19 77,48,17 63,42,17 49,35,19 36,26,16 42,30,18 41,29,17 48,33,22 44,33,28 35,25,26 25,20,22 45,30,19 44,29,18 37,30,30 35,28,26 19,12,12 37,30,30 41,28,21 45,28,29 55,39,26 59,25,5 73,44,24 63,43,25 64,39,20 83,38,15 96,47,9 91,42,6 92,43,5 125,62,9
52,33,17 51,25,11 63,41,23 64,30,12 55,32,17 68,32,12 62,36,22 65,35,20 67,37,22 71,37,17 81,40,22 60,38,20 63,34,12 78,42,24 59,31,18 64,38,24 80,39,21 30,12,7 18,13,10 35,20,11 59,31,4 54,28,7 69,40,16 50,42,18 43,33,9 44,29,9 139,76,0 107,61,0 72,36,14 53,37,22 133,76,16 40,21,9 82,48,16 89,55,21 68,40,13 85,39,11 75,47,18 49,34,14 47,33,19 39,27,15 47,35,23 43,31,19 49,34,23 43,31,31 42,35,38 29,19,20 52,32,12 47,35,25 34,27,25 38,26,16 30,21,15 34,27,27 35,30,32 47,36,29 43,25,6 84,45,15 80,46,24 92,53,25 93,47,17 86,40,12 87,43,3 93,43,0 90,41,3 125,60,5
38,22,7 51,28,13 67,40,22 70,34,14 62,37,18 74,36,15 70,43,25 76,44,28 57,31,17 69,35,17 97,49,24 70,43,27 71,37,17 76,42,22 67,41,20 54,31,16 74,38,20 44,23,12 22,12,13 33,17,13 123,70,15 77,53,27 103,83,53 47,40,11 52,33,6 116,71,7 137,82,1 88,46,0 167,104,0 93,54,0 83,44,14 69,40,16 65,32,7 71,38,11 63,33,16 103,47,11 63,34,12 39,28,13 38,26,14 38,26,14 48,37,22 51,37,23 54,42,30 33,31,29 45,38,38 38,27,24 63,32,9 35,25,26 43,28,19 39,23,6 43,30,27 34,27,30 36,29,29 70,40,23 81,38,5 74,50,28 98,54,28 95,49,19 103,52,13 86,38,11 85,40,7 105,47,0 90,40,0 111,53,2
60,38,20 71,37,19 65,41,19 60,24,6 67,37,20 72,34,15 76,44,28 79,43,25 61,33,20 84,39,16 78,37,17 87,46,26 81,41,18 76,41,26 59,33,19 63,39,17 79,43,21 52,26,12 23,11,13 32,19,14 48,28,10 59,33,12 46,37,18 66,57,26 61,46,10 99,63,12 88,54,0 171,99,0 96,51,7 173,113,18 149,85,16 112,62,16 78,42,13 80,36,6 59,32,14 107,46,12 55,36,13 51,35,18 53,35,14 43,31,19 41,25,19 41,29,17 58,43,34 33,28,27 40,30,31 27,20,20 60,35,16 35,25,24 53,31,13 43,24,10 50,34,30 41,29,29 36,31,33 44,29,20 78,46,30 73,42,21 100,55,22 90,46,16 111,55,8 87,41,4 114,61,16 133,84,44 113,67,37 100,66,44
45,26,14 71,40,19 68,39,19 70,29,9 68,42,21 89,43,17 82,46,28 99,53,27 78,46,30 95,47,20 88,42,24 86,49,25 88,44,16 70,38,24 63,39,15 66,34,18 59,31,20 62,32,15 16,9,12 32,19,14 38,22,7 60,31,9 76,69,26 64,52,24 53,39,12 76,59,31 66,50,19 70,36,2 153,95,0 176,98,0 83,42,13 84,43,12 77,37,12 73,38,11 66,35,12 62,33,9 66,35,12 75,39,10 79,47,15 52,33,8 61,43,22 53,42,27 40,31,27 35,28,31 57,40,32 68,37,18 37,25,27 48,29,17 58,32,11 49,26,13 41,31,21 74,42,26 52,38,24 71,37,19 110,79,56 95,66,42 83,66,42 79,64,44 77,61,44 76,61,41 71,60,43 76,57,43 91,57,39 103,64,36
51,28,15 76,38,19 69,40,18 55,29,15 70,39,18 68,32,12 83,49,27 83,45,26 82,51,28 103,46,15 82,45,30 93,46,25 102,47,16 73,39,21 77,41,21 81,45,23 87,46,28 81,41,18 25,13,13 24,12,12 44,23,10 60,31,11 74,63,19 71,58,35 65,46,23 109,72,17 63,42,15 88,46,4 187,114,4 192,109,0 46,23,8 19,16,22 94,50,8 84,44,8 99,51,8 99,51,8 68,39,8 79,45,11 88,53,17 67,39,12 67,48,25 60,49,32 34,27,30 42,28,30 77,41,23 90,38,19 81,62,48 98,68,40 110,77,40 111,75,44 110,74,41 73,59,45 70,59,44 73,56,48 70,59,42 78,62,45 75,61,47 82,59,46 78,60,41 85,59,45 110,68,44 91,60,41 97,66,47 94,63,40
53,32,19 86,41,20 67,42,14 61,28,17 75,37,18 71,32,20 78,44,26 89,42,21 92,50,28 123,57,27 75,41,23 90,43,20 104,43,11 74,37,22 84,43,16 95,50,17 66,34,18 80,42,23 30,19,16 20,13,16 40,21,7 34,24,12 74,70,12 68,57,24 57,43,16 150,89,1 56,47,18 148,83,0 155,76,0 215,129,0 60,34,9 51,31,11 59,20,0 167,97,21 121,68,13 112,61,4 71,40,17 82,47,11 100,58,20 97,61,32 106,81,53 86,68,49 160,107,84 217,110,67 174,84,44 84,57,39 227,140,72 101,68,41 96,70,47 106,72,50 120,78,54 83,73,61 82,76,69 89,80,72 92,87,84 85,89,91 106,98,104 100,99,104 95,107,115 152,122,105 108,101,101 97,90,88 89,78,75 93,73,53
45,26,14 80,42,21 80,40,17 63,32,13 66,37,17 70,36,16 79,45,23 83,37,9 97,50,29 99,46,19 73,39,21 86,45,18 123,54,21 84,42,20 114,58,24 107,53,17 87,43,17 101,49,17 38,25,22 26,15,12 93,79,63 39,39,25 74,70,22 70,59,24 57,44,10 70,51,14 53,47,22 134,69,9 72,38,4 227,136,0 84,49,0 64,39,20 74,43,22 106,71,44 182,111,40 168,107,42 180,113,45 74,63,60 70,65,62 74,72,73 81,78,82 87,84,88 171,124,103 90,102,108 113,122,133 216,147,114 188,135,108 129,139,157 132,146,156 139,146,158 148,150,147 125,143,160 121,141,155 109,129,145 102,116,128 103,106,113 94,95,100 80,81,86 78,72,79 89,75,61 109,67,43 79,53,43 78,57,34 92,56,34
44,30,14 76,43,18 77,41,19 55,29,15 56,31,14 66,35,16 63,33,16 77,35,13 92,49,16 111,49,20 63,31,15 88,40,11 93,40,15 73,38,13 117,56,20 116,51,14 86,45,18 107,56,19 43,25,20 28,21,21 28,21,19 27,20,18 52,45,18 63,60,18 61,49,21 62,53,22 41,30,11 58,42,27 132,61,0 224,135,0 71,42,7 43,29,11 92,68,42 94,73,58 173,108,44 75,69,74 118,86,72 114,90,84 182,96,28 88,93,101 107,109,109 100,112,120 105,104,119 255,172,102 228,177,124 238,168,110 90,104,114 156,113,96 156,100,76 192,118,80 227,130,79 232,129,73 231,127,69 230,128,65 230,131,63 226,127,61 224,120,62 225,121,61 218,116,55 223,120,55 211,118,59 198,108,59 196,118,67 198,107,67
53,33,26 82,44,27 78,42,22 63,36,20 62,37,20 84,39,18 66,37,17 93,38,9 85,41,13 96,48,21 73,39,19 106,51,22 123,51,12 82,41,21 128,56,19 126,58,15 97,45,15 126,53,10 91,80,63 51,46,45 23,16,16 28,18,19 40,34,29 43,38,8 60,53,14 56,48,14 48,41,10 64,47,0 193,108,0 225,139,0 94,55,23 88,66,48 110,79,60 76,61,50 124,78,39 76,55,40 114,76,59 100,73,55 167,102,63 64,52,52 125,52,0 153,78,47 148,63,39 187,81,44 250,161,76 187,107,41 156,93,71 167,95,74 173,93,75 153,92,74 150,92,80 142,89,77 131,80,70 127,79,73 127,79,75 120,74,74 121,76,73 130,80,74 133,85,71 140,85,70 155,92,72 161,94,67 173,98,69 185,105,73
55,35,26 69,34,19 66,37,15 77,41,23 73,37,15 62,31,10 55,32,17 75,35,12 38,18,11 88,44,18 40,27,22 89,39,6 84,36,9 50,35,24 103,45,10 117,49,11 98,47,19 106,45,13 64,60,54 57,45,33 101,56,23 42,20,12 35,18,8 47,25,7 50,38,8 47,40,11 55,40,20 155,88,0 202,123,0 84,60,5 85,59,34 81,58,43 75,60,49 73,58,47 63,51,41 45,39,34 98,67,48 94,67,49 175,111,51 221,100,44 180,104,48 136,63,35 136,65,48 236,152,69 251,152,59 128,90,84 84,59,58 83,60,59 85,60,59 85,60,59 88,63,62 85,60,59 84,59,60 85,60,61 85,59,65 84,58,67 84,58,64 83,57,63 79,55,61 79,55,61 79,55,61 76,52,56 81,55,64 82,56,60
38,23,12 62,30,14 58,29,9 63,36,20 68,37,18 75,33,11 50,27,14 83,39,13 34,18,14 93,45,20 40,27,24 106,45,13 81,35,7 55,37,32 108,47,13 103,47,13 97,45,13 85,51,33 68,63,60 56,49,47 61,50,45 25,15,14 27,20,20 30,20,19 40,28,16 61,42,17 122,69,5 145,85,0 69,42,10 53,42,23 96,55,37 67,51,38 68,56,44 66,55,40 63,51,41 40,40,35 41,39,40 64,45,33 189,109,43 170,69,26 216,107,5 107,54,31 96,52,40 227,142,66 201,116,40 63,46,49 74,52,60 69,50,57 64,47,53 66,49,55 63,46,52 63,46,52 62,44,53 63,45,54 65,47,56 64,47,53 65,48,51 65,48,51 62,47,55 63,49,54 62,48,53 62,46,59 64,46,55 64,45,59
31,22,14 59,31,20 53,23,6 41,21,14 83,38,15 84,39,16 33,20,15 84,36,9 18,15,19 14,11,17 32,22,23 104,45,15 79,32,11 58,35,24 109,53,19 46,36,24 112,52,11 62,58,52 61,61,56 59,53,48 57,48,40 60,51,45 28,21,21 28,21,21 25,20,22 20,18,14 38,37,30 53,42,37 79,61,40 72,59,38 67,53,24 68,53,44 74,53,30 129,98,61 126,89,49 42,37,36 42,37,36 41,39,37 84,51,42 98,70,41 101,85,68 142,96,66 119,96,85 132,93,63 65,44,33 55,46,57 59,48,57 59,45,58 49,41,49 45,37,45 54,42,54 55,42,52 56,44,56 58,44,57 60,44,57 58,44,57 58,44,57 57,43,56 54,42,54 50,41,52 53,41,53 53,41,53 51,42,53 52,40,52
30,18,20 37,21,19 31,19,9 29,12,13 101,46,15 40,25,16 24,14,18 52,26,14 19,12,12 17,15,13 27,22,24 82,35,12 55,26,4 63,36,18 83,40,21 48,35,32 70,27,8 41,30,27 63,61,57 58,52,47 50,46,40 57,48,42 28,21,19 28,21,21 23,13,12 22,15,15 32,22,23 25,14,21 42,38,30 80,57,26 76,58,28 158,115,57 160,112,56 168,115,51 174,119,49 120,84,37 42,36,27 37,37,37 72,52,32 69,49,31 70,61,53 81,70,63 107,92,81 82,72,62 46,36,40 51,43,51 45,37,43 45,34,43 50,38,50 54,42,54 60,46,59 60,44,59 52,40,52 52,40,52 54,40,53 56,44,56 60,44,57 62,46,59 59,45,58 60,44,57 63,46,49 66,47,51 68,44,50 69,46,45
26,16,17 26,16,17 24,8,6 19,9,10 97,40,11 18,12,17 27,16,11 41,21,14 12,11,14 12,10,11 30,23,26 68,33,20 31,12,0 68,34,16 45,33,33 42,35,33 59,29,12 48,33,13 65,64,55 62,58,52 47,42,39 44,37,35 53,44,40 18,13,12 17,10,10 19,12,12 22,15,18 26,19,19 48,37,18 88,61,29 81,50,29 67,60,31 79,58,33 82,61,36 73,59,32 126,78,20 177,123,48 188,126,50 205,137,63 194,128,53 110,74,25 70,55,33 77,56,33 186,119,42 211,142,61 216,144,57 67,40,6 61,35,10 180,117,48 200,137,68 109,59,0 52,42,32 57,43,43 59,44,52 58,45,55 58,45,55 60,45,55 60,45,55 60,44,57 59,43,56 56,39,42 55,39,37 58,41,44 58,41,47
32,19,16 21,11,12 20,13,16 17,10,13 85,38,15 13,11,12 25,14,11 29,19,20 24,22,23 25,20,22 23,16,19 17,13,22 19,7,7 81,36,15 28,26,24 30,25,27 40,20,13 49,26,11 67,66,59 58,54,48 54,49,46 47,45,41 40,38,36 41,37,31 40,34,29 46,37,33 61,52,25 51,37,12 65,43,9 125,75,31 109,79,51 117,83,51 114,84,56 103,75,46 114,79,43 124,85,53 114,78,47 99,69,41 104,75,44 113,74,44 131,88,43 143,101,47 153,102,47 161,110,43 170,113,44 159,107,47 148,97,44 135,92,43 117,78,37 132,94,44 153,105,47 173,115,51 162,110,50 153,106,43 156,106,44 160,109,42 166,108,46 150,108,54 56,39,31 51,39,41 50,40,44 52,39,47 52,39,49 52,39,49
26,17,11 22,12,13 28,18,19 35,33,34 56,27,23 27,23,17 33,27,22 40,31,27 33,31,29 33,31,32 28,26,27 25,23,24 23,16,19 74,36,17 25,16,12 41,22,10 18,13,10 44,23,8 71,65,60 64,60,52 53,52,45 48,47,40 50,46,40 46,45,36 54,50,44 38,33,21 76,60,16 84,67,18 87,67,17 53,37,20 61,41,9 44,19,0 46,22,0 58,32,9 78,43,5 87,39,0 118,49,0 150,65,0 194,99,0 204,113,7 179,103,20 144,87,27 112,73,34 95,65,37 79,53,30 75,55,35 75,56,33 71,57,32 73,56,30 75,58,34 72,53,30 65,49,32 60,48,36 63,47,30 69,51,30 74,53,30 104,68,39 118,80,43 126,85,40 137,93,40 140,99,40 136,97,56 69,50,38 55,45,33
26,24,25 26,24,25 25,23,24 25,23,24 43,24,12 57,36,11 61,35,14 56,34,16 30,19,16 40,25,14 50,31,17 53,32,7 53,34,11 70,37,12 69,39,13 85,44,15 26,13,8 47,27,7 76,70,63 69,65,59 58,57,50 55,49,44 54,48,43 56,47,43 56,50,43 61,54,23 69,53,9 50,37,3 77,58,19 66,49,14 26,17,13 60,30,4 82,44,9 92,50,10 51,23,10 69,40,9 75,40,4 67,38,3 64,32,0 45,21,0 32,16,1 31,17,0 35,24,5 46,31,11 47,27,9 54,28,5 54,34,14 62,31,8 84,41,8 93,50,15 104,56,13 96,48,5 83,43,7 74,47,15 67,45,25 62,44,25 60,48,36 58,48,38 57,46,31 63,49,33 74,56,37 84,63,38 97,70,34 103,69,37
25,20,19 25,20,19 24,17,20 29,15,17 39,22,14 58,37,14 69,35,13 53,29,5 47,26,11 51,29,9 48,26,8 60,31,9 75,40,15 81,42,14 78,42,11 78,45,18 45,24,9 44,22,4 52,51,44 60,60,55 61,56,53 56,52,44 54,48,43 51,45,40 54,48,43 70,59,24 54,46,10 80,56,19 61,44,9 69,39,11 124,71,16 81,43,0 56,29,0 86,41,0 86,47,4 68,35,10 75,37,2 73,44,13 51,27,1 73,44,9 42,32,10 59,34,6 56,30,5 40,22,1 45,26,3 49,30,5 52,29,0 65,37,10 31,17,3 31,21,11 26,16,6 24,11,6 23,11,11 23,17,10 32,21,14 34,23,8 34,23,6 35,24,9 36,22,8 34,22,10 34,22,10 34,18,12 28,15,8 24,15,11
36,20,14 40,25,14 49,29,11 54,32,14 37,22,11 52,32,14 78,41,15 59,30,8 50,29,4 56,30,9 68,34,14 73,38,13 72,39,12 74,39,12 78,43,18 44,29,20 42,21,8 40,19,4 14,12,13 60,51,43 55,53,49 48,46,42 47,43,37 45,44,37 48,44,38 55,47,25 58,46,20 65,48,22 68,50,20 80,61,38 24,14,13 65,38,4 56,28,0 53,30,1 72,44,15 83,42,0 164,100,31 124,54,0 110,57,4 76,44,12 63,30,0 63,34,3 64,32,2 70,41,8 39,23,10 48,29,6 56,27,3 20,16,10 61,34,2 31,19,7 44,25,0 39,25,0 29,14,3 38,22,9 45,29,12 29,17,5 32,20,8 32,20,8 27,17,7 26,16,6 19,9,8 17,10,10 15,8,8 18,8,7
43,27,12 45,29,14 54,34,16 53,35,16 32,21,18 45,29,12 69,39,13 61,32,10 45,25,7 45,25,7 53,32,9 53,31,11 51,29,9 51,32,9 66,37,13 21,11,10 43,20,5 28,13,4 21,11,12 44,23,8 51,24,6 87,76,59 35,29,22 62,58,50 62,56,49 58,50,39 47,38,19 54,37,13 64,52,22 44,36,14 33,19,5 68,34,2 74,41,4 74,41,4 74,41,4 75,42,5 68,39,8 58,33,5 53,27,2 59,34,6 71,33,0 95,41,0 136,80,17 73,36,0 53,33,13 38,23,1 60,36,14 32,16,1 36,21,1 30,21,13 43,26,0 38,26,0 59,29,12 38,25,18 32,20,8 36,22,6 37,23,7 36,22,6 41,26,17 27,15,3 23,14,10 26,13,8 25,16,12 29,17,5
36,21,10 38,23,14 40,25,14 42,28,12 29,18,15 43,24,12 64,33,10 57,31,10 51,30,7 51,30,7 56,32,10 52,26,5 79,43,14 67,36,13 60,29,8 19,9,8 40,19,4 17,10,8 21,12,8 38,17,2 58,33,14 73,65,52 65,59,52 49,43,38 51,41,40 59,48,41 58,49,43 103,53,22 141,76,19 84,57,23 63,35,8 64,35,2 72,38,4 73,39,5 74,41,4 74,41,4 74,41,4 74,41,4 72,38,4 67,38,5 63,36,4 58,33,5 54,28,5 47,26,1 39,20,0 47,25,5 52,34,2 64,26,0 88,49,6 79,46,9 40,22,3 33,20,0 35,20,9 39,20,4 31,20,13 32,21,6 37,23,7 37,23,5 36,21,10 38,26,14 20,9,6 35,21,7 24,14,4 34,18,14
34,19,10 36,19,9 44,28,11 41,25,8 29,19,20 40,25,14 60,34,13 56,27,5 54,33,8 52,32,12 55,26,4 69,32,8 58,32,11 52,28,6 50,28,8 24,11,4 40,26,10 15,8,8 31,15,9 42,21,6 57,32,13 75,71,54 65,59,52 57,48,40 62,45,35 81,53,26 54,22,6 41,19,1 62,20,0 45,20,1 128,70,17 183,108,22 71,37,3 70,38,8 71,39,7 74,38,5 74,40,6 74,40,6 72,38,4 72,38,4 64,35,4 64,35,4 64,35,4 63,33,5 61,32,8 60,31,7 55,31,5 48,27,2 37,22,0 36,20,5 34,23,8 38,24,6 39,24,4 46,28,0 64,34,6 56,26,0 41,23,4 37,24,1 35,21,7 38,24,10 32,20,10 37,21,6 24,13,8 27,17,7
38,21,11 41,25,12 44,28,13 48,27,12 31,19,19 34,22,12 57,33,11 52,28,6 47,29,10 49,27,9 53,29,5 63,32,9 60,30,4 61,30,11 22,11,6 28,16,4 36,21,10 17,7,11 36,19,9 50,27,12 63,29,7 69,55,41 62,58,48 64,55,47 82,46,24 117,64,19 95,56,26 91,56,31 107,62,27 137,78,21 185,108,19 197,117,7 178,95,8 59,24,0 37,25,25 45,28,18 65,40,12 70,38,6 66,37,2 66,37,4 64,34,6 63,34,3 63,34,3 62,35,3 61,33,6 60,31,7 59,30,6 56,30,5 56,30,5 54,28,3 48,27,0 45,26,3 41,24,0 37,22,0 35,19,6 30,15,6 35,19,13 34,22,10 33,22,7 37,20,10 41,27,9 35,21,7 35,20,9 31,19,7
38,23,12 38,23,12 41,25,12 42,26,13 33,22,19 34,21,18 59,30,10 66,37,13 58,29,7 59,30,8 53,29,7 59,28,9 60,31,9 56,30,9 19,7,9 34,20,4 25,16,12 15,8,11 41,22,6 37,21,4 63,29,7 57,26,5 33,21,9 67,51,36 77,51,26 128,74,24 100,57,24 74,55,30 102,60,18 148,80,17 145,74,1 46,27,11 43,28,17 40,25,14 38,23,12 36,21,10 38,26,14 44,29,18 45,31,17 59,33,8 63,34,3 63,34,3 62,34,5 62,34,5 61,33,6 60,32,5 58,32,7 56,30,5 56,30,5 54,28,3 53,27,2 49,28,3 45,26,1 44,25,0 44,25,0 38,25,4 36,22,6 34,22,10 33,21,9 31,19,9 28,16,4 31,17,3 35,21,7 36,20,7
37,22,11 37,22,11 42,26,13 46,27,11 37,27,15 38,23,14 61,32,10 59,30,8 60,34,13 53,29,7 56,30,9 50,29,6 58,29,9 57,34,5 15,10,9 37,18,6 16,9,9 15,8,11 26,13,8 46,23,8 65,29,7 55,26,6 31,21,20 29,21,10 41,23,4 92,48,8 112,69,36 82,49,24 38,27,12 45,31,17 43,31,19 40,25,14 41,26,15 43,28,17 44,29,18 41,29,17 39,27,15 43,28,17 38,23,12 42,27,18 43,28,17 45,30,19 43,29,15 56,32,8 61,32,8 60,31,9 59,30,6 57,31,6 56,30,5 57,32,4 54,28,5 46,27,2 45,26,1 44,25,0 44,25,0 42,23,0 39,25,0 37,24,1 37,23,5 37,23,5 37,23,7 33,21,9 33,22,7 32,20,10
35,20,9 37,22,11 42,26,11 47,29,10 46,27,15 35,22,15 62,31,8 64,33,10 51,29,9 46,26,6 53,29,5 51,29,9 50,29,6 44,25,9 28,15,8 34,18,5 14,9,8 23,11,13 27,14,7 47,26,11 79,38,11 59,25,7 42,26,9 38,17,4 97,42,0 77,38,10 66,29,3 65,45,25 50,35,26 42,27,16 45,33,21 45,30,19 45,30,19 45,30,19 42,27,16 36,24,12 43,28,19 45,30,19 45,30,19 43,28,17 45,30,19 38,23,12 40,25,14 38,23,12 39,27,15 46,34,22 39,27,17 53,29,5 55,31,5 54,29,1 54,28,3 49,28,3 47,26,0 44,25,0 44,25,0 43,26,2 39,25,0 39,25,0 38,24,0 38,23,3 37,24,3 38,23,3 36,22,4 36,22,8
36,21,12 41,27,13 46,31,11 53,33,15 49,33,16 33,21,11 62,33,11 62,31,10 53,31,13 41,25,8 43,28,8 55,31,7 62,33,9 63,33,7 59,30,6 54,28,5 16,9,7 23,13,12 38,17,6 44,25,9 79,38,11 67,36,13 41,27,13 77,30,0 126,43,0 78,37,6 79,38,7 70,46,24 50,34,17 55,41,27 52,40,28 49,37,25 53,42,27 53,42,27 48,34,20 45,30,19 45,30,19 47,32,21 45,30,19 43,31,21 44,30,16 40,25,14 41,26,15 43,28,17 40,29,14 39,29,17 34,23,16 36,24,12 45,35,23 40,30,18 42,27,16 42,27,7 45,26,0 45,26,0 44,25,0 41,24,0 39,25,0 39,25,0 38,24,0 37,23,5 38,22,7 38,23,3 36,22,6 36,22,8