25,24,27 25,24,27 25,24,27 25,25,25 25,25,25 25,25,25 25,25,25 25,25,25 26,26,26 26,26,26 26,26,26 26,26,26 30,30,27 28,30,27 25,30,29 27,27,27 26,25,28 26,25,28 23,24,27 36,21,12 39,27,17 22,17,19 19,19,19 19,17,18 19,19,19 19,19,19 20,18,19 19,19,19 19,19,19 20,20,20 19,19,19 24,24,24 34,38,40 39,50,49 42,49,47 46,55,57 23,24,27 33,33,33 37,39,39 29,31,31 38,37,26 27,28,31 25,29,31 28,35,33 45,38,38 23,23,20 23,22,27 23,23,23 24,22,23 23,21,22 25,25,25 34,35,38 35,37,37 26,24,25 25,25,22 24,24,21 29,29,29 32,32,29 24,27,19 25,24,27 29,29,29 29,29,29 26,25,28 27,27,27
32,27,26 36,31,30 27,25,26 24,24,24 25,25,25 26,26,26 24,24,24 25,25,25 26,26,26 26,26,26 25,25,25 26,26,26 29,29,26 24,26,21 23,28,27 29,29,29 26,25,28 27,26,29 37,35,36 34,20,22 23,15,21 22,17,19 19,19,19 20,18,19 17,17,17 18,18,18 20,18,19 18,18,18 20,20,20 27,29,29 19,19,19 23,23,23 20,24,26 42,53,52 42,49,47 43,52,54 46,52,53 26,26,26 32,34,34 18,20,20 34,39,49 29,30,33 28,32,34 29,34,33 42,35,33 25,25,22 32,30,38 52,50,60 25,23,24 23,21,22 32,32,32 35,36,39 35,37,37 25,27,27 31,31,28 27,27,24 26,26,26 26,26,23 28,26,22 26,25,28 31,31,31 30,30,30 29,28,31 25,25,25
36,29,27 33,26,26 40,29,22 31,24,24 27,25,26 30,30,30 25,23,21 27,25,21 24,24,24 26,26,23 26,26,23 27,25,23 27,25,23 27,27,24 30,33,25 34,34,34 26,25,28 32,31,34 29,17,17 19,17,18 17,17,17 19,19,19 19,19,19 20,18,19 19,17,18 19,17,18 19,19,19 23,23,23 28,30,25 21,24,31 39,39,39 19,19,19 18,20,20 18,20,20 32,42,36 37,47,44 38,47,49 39,49,46 31,33,33 32,32,32 39,37,35 36,41,37 35,40,39 36,36,36 26,25,14 14,12,8 44,46,46 38,40,40 27,27,24 37,40,30 41,39,40 57,65,74 35,36,39 30,31,34 25,26,29 26,26,26 26,26,26 25,25,20 26,26,26 27,27,27 31,31,31 32,32,32 31,31,31 25,23,24
61,47,33 54,38,32 47,28,16 41,28,23 31,29,27 32,27,26 29,24,23 48,34,16 37,28,24 31,24,24 28,26,24 31,24,27 33,26,26 31,24,22 31,29,27 35,30,32 28,30,30 19,17,18 44,26,21 21,16,15 22,17,19 18,18,18 19,19,19 20,18,19 20,18,19 20,18,19 20,18,19 27,27,27 19,19,16 21,15,20 18,20,20 18,18,18 19,19,19 20,20,20 32,34,34 34,44,41 40,56,56 37,48,47 34,39,38 31,38,36 28,35,33 34,44,41 40,51,52 46,58,54 34,39,35 20,18,19 32,34,34 44,46,46 51,57,48 32,35,46 31,32,35 25,26,29 35,39,41 33,37,39 43,41,51 25,27,22 26,26,26 26,26,26 26,26,26 27,27,27 33,32,35 31,30,33 31,30,33 24,22,23
35,39,43 45,34,29 67,56,39 52,37,28 48,33,22 33,26,26 50,27,14 33,22,17 41,25,19 42,30,20 35,29,24 34,28,23 39,30,26 36,30,25 37,28,24 37,30,30 18,18,18 19,19,19 24,13,10 24,17,20 20,20,20 24,24,24 20,18,19 29,29,29 22,22,22 24,24,24 23,23,23 23,23,23 19,17,18 20,18,19 23,23,23 16,18,18 28,35,30 38,45,40 38,45,38 31,38,31 43,56,55 39,54,59 38,50,46 23,28,24 28,40,33 35,51,49 35,49,45 27,32,28 37,37,37 16,14,15 20,20,20 29,39,31 30,33,25 36,37,42 14,12,13 27,31,35 40,52,48 17,23,24 36,31,33 23,24,27 26,26,26 26,26,26 27,27,27 29,29,29 27,26,29 25,25,25 34,33,36 24,22,23
44,44,44 49,35,35 37,32,31 69,50,38 43,27,14 36,26,27 41,28,21 53,34,18 52,37,17 49,34,14 45,32,25 45,32,27 43,30,25 41,30,25 43,34,28 27,20,20 20,18,19 19,17,18 23,16,14 20,20,20 25,25,25 24,24,24 27,29,29 24,26,26 23,25,25 23,25,25 19,19,19 22,22,22 20,20,20 27,27,27 22,24,24 26,31,25 29,36,31 33,40,35 34,42,30 29,35,24 31,43,39 29,45,45 38,54,54 35,48,47 34,44,38 28,40,36 35,51,51 33,43,37 20,19,22 23,23,23 21,22,25 25,35,29 26,33,28 20,18,16 23,16,19 18,17,20 40,47,42 40,45,41 20,20,20 17,18,23 26,26,26 26,26,26 27,27,27 30,30,30 26,26,23 27,27,27 34,34,34 24,22,23
34,37,44 44,39,38 77,47,21 63,44,17 39,25,30 43,29,15 56,40,25 53,37,22 61,40,17 58,39,23 55,34,19 51,36,25 50,33,25 42,30,20 27,14,22 20,18,19 20,18,19 20,18,19 24,14,15 20,18,19 19,19,19 19,17,18 22,22,22 20,22,22 20,19,22 23,23,23 18,20,20 22,24,24 26,36,33 27,34,32 31,33,33 33,40,33 22,29,22 27,34,27 34,40,31 33,41,31 21,26,22 30,40,34 33,45,38 53,69,67 38,55,50 36,51,54 24,41,33 38,54,54 34,44,41 25,35,29 26,36,28 31,38,36 24,26,26 27,29,29 29,31,31 34,39,38 34,44,36 37,49,40 36,48,41 46,53,46 23,25,22 29,29,29 27,27,27 32,31,34 26,26,26 31,31,31 25,23,24 24,22,23
35,31,23 52,41,34 48,37,30 48,33,22 65,48,24 63,38,19 51,32,18 54,33,20 65,40,23 54,34,14 63,41,21 58,39,27 53,37,24 28,21,19 27,20,23 26,19,22 25,23,24 25,20,22 20,18,19 20,18,19 20,18,19 24,24,24 22,26,28 24,26,26 22,24,24 23,25,25 24,24,24 22,22,22 20,20,20 20,22,22 21,28,26 31,39,29 14,28,24 21,28,26 32,43,32 34,45,32 37,42,38 29,36,31 27,37,31 30,40,37 31,43,34 25,37,28 25,36,25 33,43,35 31,41,35 28,35,30 28,40,36 35,49,45 32,42,36 27,37,31 21,26,22 34,39,35 30,41,30 37,48,37 34,45,32 31,41,33 52,67,55 25,30,26 32,31,34 33,32,35 26,25,28 31,31,31 23,23,23 25,23,24
40,30,29 48,37,30 43,38,37 44,32,37 53,33,26 58,32,20 75,41,23 79,43,23 61,35,14 62,40,22 62,41,26 57,39,20 24,17,17 31,21,22 31,21,22 29,24,23 25,23,21 34,27,25 26,23,40 21,19,20 36,36,33 25,27,24 31,33,30 35,37,34 34,36,31 21,23,20 30,32,27 22,24,24 33,38,32 30,41,30 32,43,32 38,49,38 29,41,32 33,45,38 32,34,34 27,27,24 29,34,30 34,42,32 28,35,28 31,38,33 26,38,31 37,48,35 24,32,22 32,39,34 21,26,22 25,27,22 28,35,33 39,46,44 33,43,37 38,48,42 39,51,44 25,35,29 32,42,34 26,36,28 29,39,33 29,39,33 36,46,38 51,62,51 34,33,36 36,35,38 33,32,35 34,33,36 23,23,23 24,24,24
41,35,30 55,44,29 25,19,24 55,37,32 55,38,30 87,54,29 72,47,30 73,44,24 74,45,25 66,41,24 61,39,21 25,20,19 23,13,14 42,25,26 34,22,22 29,20,16 36,26,27 33,22,19 21,20,35 46,41,38 41,37,27 63,43,23 71,45,20 65,41,19 60,44,27 64,46,27 33,32,21 40,37,24 39,42,34 20,26,17 38,49,38 44,59,47 29,36,29 37,51,47 39,49,46 24,18,13 26,20,13 34,32,28 32,40,30 32,40,28 29,42,30 33,41,31 31,39,29 31,38,33 25,27,24 22,22,22 26,26,23 20,25,21 23,29,18 25,30,24 21,29,19 27,38,27 58,71,59 25,35,29 32,42,36 30,40,34 38,48,42 39,49,41 46,54,42 37,37,37 36,35,38 36,35,38 24,24,24 24,23,26
44,34,33 27,22,21 16,13,17 35,25,24 67,39,28 65,42,29 65,40,23 69,40,18 40,21,7 59,38,27 45,28,18 32,22,21 36,24,24 46,32,32 42,29,26 43,30,23 49,36,33 49,36,29 23,20,35 32,28,22 68,39,17 67,38,14 80,47,20 84,51,14 65,39,14 81,52,28 46,28,7 35,28,12 35,29,20 28,31,23 35,41,32 38,50,41 35,47,38 33,40,33 38,50,43 37,25,25 46,31,9 34,21,16 25,28,20 35,41,32 32,43,32 23,29,20 27,35,25 26,31,27 28,30,27 26,24,25 18,18,18 23,23,20 21,23,18 18,20,15 30,36,25 34,45,32 40,51,38 46,56,48 33,43,37 26,36,30 32,39,37 29,41,34 47,60,48 48,53,47 38,38,38 37,37,37 24,24,24 24,24,24
24,22,23 33,24,20 15,10,9 20,19,22 25,23,21 31,29,30 48,26,20 60,33,26 40,26,12 70,44,30 43,30,23 48,30,25 82,55,37 49,33,20 50,33,23 42,27,16 36,24,12 61,37,0 19,21,37 81,60,37 90,55,19 73,39,7 86,52,11 82,42,8 67,38,7 48,34,18 78,46,16 45,27,6 52,34,31 45,29,23 30,25,22 33,38,37 20,20,20 22,22,22 18,23,22 20,21,24 78,45,18 76,49,17 46,30,17 31,33,33 30,40,32 33,41,31 25,26,18 27,27,22 24,22,20 30,25,22 28,26,27 24,22,20 18,18,18 22,22,22 26,26,21 25,26,18 29,32,22 40,46,35 40,48,38 47,54,47 29,34,33 28,35,30 35,43,33 37,33,25 36,41,40 26,26,26 24,23,26 25,23,24
26,21,20 38,23,12 14,12,13 17,16,19 47,38,30 26,26,26 70,46,38 67,43,37 97,40,9 60,37,24 54,33,22 58,40,21 55,35,17 70,44,23 67,38,16 68,42,21 86,52,30 41,23,4 18,22,37 38,34,47 93,42,0 123,77,18 103,63,29 101,64,22 103,63,29 86,45,14 80,44,13 60,35,16 55,38,28 41,36,38 27,28,33 28,29,34 34,22,22 26,20,25 21,18,22 19,18,21 20,19,22 28,20,26 67,43,17 33,22,17 36,41,37 33,43,40 22,17,14 32,28,22 40,31,25 50,40,28 40,36,30 26,26,21 27,22,21 26,24,20 23,18,20 25,23,19 27,25,26 36,36,36 39,37,33 46,47,39 27,27,27 25,25,25 27,32,28 21,14,12 37,42,41 20,20,20 24,24,24 25,23,24
47,33,19 22,13,9 13,14,17 15,16,19 27,24,28 25,15,14 33,21,21 49,33,27 58,39,23 48,31,21 50,34,21 68,45,32 61,40,15 69,40,18 107,74,47 75,41,7 71,47,25 34,19,10 15,19,23 25,28,39 124,60,0 120,61,2 112,63,27 94,50,8 117,63,13 91,45,27 99,56,21 63,33,16 58,37,24 55,42,39 30,31,34 30,31,23 24,23,26 19,18,21 20,19,22 19,18,21 19,18,21 22,21,24 24,23,26 48,30,9 22,30,20 40,49,49 34,36,36 40,31,25 37,28,22 38,32,25 40,34,25 31,30,23 50,34,19 48,35,12 43,27,21 24,24,24 22,17,16 24,26,23 37,41,43 57,59,54 25,25,25 23,23,23 37,28,20 20,20,17 35,42,40 22,22,22 24,24,24 24,22,23
44,28,11 22,11,6 15,15,15 18,19,22 28,32,36 16,16,16 17,15,16 17,14,20 49,28,17 58,42,29 67,44,31 58,38,31 83,52,29 63,36,20 104,60,18 80,54,15 101,56,12 116,45,0 28,33,29 66,39,21 151,85,14 131,69,11 116,61,18 81,42,14 109,63,26 107,57,13 113,64,28 78,39,9 50,34,28 45,35,36 42,40,38 45,30,21 23,22,27 19,18,23 22,21,24 20,20,20 20,18,26 22,21,26 25,24,27 52,33,10 23,21,22 36,40,42 38,47,49 40,31,25 40,31,27 37,31,24 38,31,31 35,33,34 21,18,22 28,26,24 34,23,20 53,36,12 39,30,11 28,21,19 29,31,31 40,46,49 23,21,22 24,24,24 34,23,8 23,25,22 33,38,37 23,23,23 23,23,23 24,22,23
15,14,17 15,15,15 16,13,17 15,15,15 16,14,15 36,20,14 50,32,27 72,37,22 74,55,39 83,69,53 73,62,47 113,72,43 106,72,42 110,66,24 129,76,23 127,72,16 104,49,0 214,111,0 32,36,40 139,73,18 178,95,12 170,91,16 125,67,14 75,47,18 137,95,55 110,63,29 91,42,20 72,37,10 53,30,19 48,33,13 40,32,38 31,33,30 18,19,24 18,19,22 20,19,22 22,21,26 22,20,28 21,21,29 20,20,28 22,21,24 41,25,19 29,29,29 44,54,58 29,29,29 25,23,31 26,25,30 24,21,25 36,36,36 25,23,31 17,18,23 23,21,17 26,25,28 38,29,21 58,33,14 24,14,15 27,29,29 31,33,28 43,37,32 103,54,14 19,17,18 26,31,27 32,34,31 25,25,25 24,22,23
37,14,13 46,23,10 20,20,20 31,33,30 35,37,37 48,27,16 64,45,31 69,53,40 80,61,47 85,66,54 113,79,57 95,68,50 88,54,24 157,92,28 145,89,11 138,96,54 45,26,14 23,21,19 17,17,25 168,105,31 176,101,15 175,97,15 131,74,14 123,68,23 122,76,37 120,61,4 128,65,12 119,69,25 81,39,17 62,47,36 149,95,7 101,71,2 56,60,20 25,25,25 24,20,29 20,21,24 20,21,26 21,21,29 21,21,29 21,21,29 60,45,25 26,17,13 40,46,47 20,21,26 22,22,30 22,22,30 21,21,29 25,25,35 23,23,31 22,22,30 26,24,22 20,18,19 32,31,24 25,20,19 51,27,5 20,15,17 33,40,35 40,40,35 60,18,0 25,15,14 47,42,44 24,23,28 23,23,23 24,22,23
13,15,15 15,15,15 16,16,16 16,14,12 33,22,19 48,32,30 73,48,29 64,50,36 82,61,46 90,67,56 115,86,64 124,80,52 103,64,23 158,95,28 144,87,16 23,13,14 19,16,20 17,14,18 24,23,28 17,17,27 26,24,34 171,108,36 133,67,17 111,55,21 105,76,45 169,93,30 147,80,30 125,70,16 104,58,32 84,43,12 148,87,0 143,86,1 72,55,20 23,23,20 33,32,35 25,22,28 20,20,28 21,21,29 22,22,30 21,21,29 27,20,20 32,19,14 34,39,38 59,45,29 22,23,26 22,22,32 22,22,32 20,23,32 23,23,31 23,23,31 28,34,23 16,16,16 38,39,42 28,30,25 23,21,19 45,29,16 16,21,17 36,40,42 59,50,44 94,54,29 27,27,35 21,24,33 23,24,29 24,22,23
16,14,15 17,15,16 16,16,16 17,17,17 20,20,20 20,21,24 57,42,33 63,48,28 84,61,46 109,81,68 118,84,64 137,92,48 113,64,15 144,88,23 52,28,4 31,25,20 19,11,17 23,21,22 16,16,24 20,23,34 18,18,26 128,91,78 113,63,17 138,71,21 127,86,55 186,101,23 187,107,39 146,79,31 69,46,35 44,25,13 183,102,3 159,99,13 155,116,34 28,23,20 32,30,31 30,27,31 21,22,27 22,22,30 22,22,30 21,21,29 61,43,24 37,22,11 36,37,40 44,47,39 25,24,27 22,28,31 19,24,32 19,27,34 27,28,33 25,23,31 27,30,22 24,22,23 39,43,45 25,31,22 23,28,22 29,23,16 18,16,17 30,30,27 51,52,57 49,33,27 25,23,31 33,38,48 29,29,41 24,24,24
15,16,19 15,16,19 13,14,17 17,19,19 18,24,27 19,25,28 23,24,27 67,48,34 85,62,47 119,85,63 152,106,65 142,99,54 128,80,33 107,58,20 29,17,19 37,27,31 20,12,18 18,17,22 25,24,29 23,25,41 18,18,28 73,59,61 141,82,23 143,76,24 136,94,52 209,112,32 198,112,39 194,111,19 39,35,29 21,20,13 181,126,1 171,122,16 92,72,22 63,57,34 70,72,72 31,29,30 21,21,29 22,22,30 22,22,30 21,21,29 73,56,30 49,29,11 57,50,34 39,36,40 29,28,31 34,39,45 32,37,45 21,26,34 28,32,36 23,21,29 76,54,20 28,26,27 22,26,28 24,26,21 25,26,18 31,22,18 37,25,25 64,41,30 33,37,41 42,21,6 25,22,28 30,33,44 30,28,40 25,24,27
15,16,19 14,15,18 16,17,20 18,19,22 19,25,26 24,23,26 25,26,29 87,51,22 110,65,17 125,77,30 141,92,43 148,98,56 125,64,0 217,128,27 21,24,33 49,25,17 19,16,20 18,16,14 23,22,27 29,27,49 24,19,35 117,85,71 133,75,20 155,83,17 137,96,51 195,105,31 163,95,32 58,56,66 37,39,36 19,17,15 56,44,34 66,36,0 92,62,20 52,39,16 52,50,46 35,29,34 23,21,29 25,30,36 22,22,30 22,22,30 78,54,30 40,45,51 60,41,27 42,44,44 33,26,24 16,18,18 36,36,36 53,41,31 53,62,75 32,31,36 104,46,9 39,30,26 21,22,25 73,52,39 56,22,2 23,14,10 24,12,12 48,28,21 34,23,16 52,25,7 30,28,29 44,40,51 26,24,32 30,31,36
12,16,18 12,16,18 18,17,20 21,22,25 18,22,24 23,23,23 23,25,25 38,25,20 17,15,13 18,18,18 27,22,21 209,146,77 121,77,10 88,49,6 47,36,43 38,27,20 19,17,15 25,20,19 19,21,35 19,25,42 28,21,31 92,67,64 120,66,7 156,86,24 152,88,19 171,98,0 58,61,51 69,74,68 42,35,33 95,49,19 84,45,15 46,36,24 57,39,20 46,27,11 49,42,40 63,67,69 28,29,34 24,22,30 20,20,28 22,22,30 61,50,31 44,47,54 62,47,38 39,34,31 38,28,27 25,26,29 80,64,47 88,76,66 27,35,42 29,35,36 69,48,25 37,33,14 40,20,2 116,49,0 39,13,3 20,13,16 44,16,3 65,29,7 20,8,10 37,18,6 29,28,33 34,34,42 29,27,37 31,31,39
14,15,18 14,15,18 17,18,21 22,21,24 20,19,22 20,18,19 29,23,18 25,14,11 15,15,15 18,16,17 19,19,19 22,22,30 120,72,29 52,26,1 78,53,52 34,24,12 22,17,19 21,19,20 18,21,32 20,26,45 29,23,28 50,37,58 99,50,1 137,85,25 101,77,53 162,100,0 139,80,0 48,41,39 105,55,13 108,52,0 109,56,0 177,118,43 149,105,36 53,37,22 48,41,41 187,127,36 95,54,9 25,24,27 41,42,45 24,18,11 33,24,16 31,45,55 80,59,44 53,43,42 39,35,29 16,20,22 50,57,52 107,65,41 46,51,47 50,57,55 67,42,14 26,25,28 94,40,4 71,34,19 30,14,12 28,14,16 105,50,7 60,24,6 18,8,9 17,10,13 17,17,17 31,30,33 21,17,26 30,29,44
15,16,19 15,16,19 20,21,24 20,21,24 21,19,20 26,15,8 30,21,17 17,10,10 18,16,17 17,15,16 20,19,22 24,25,30 110,62,17 47,21,0 80,54,40 30,20,10 21,16,15 32,32,32 19,22,33 19,25,44 21,14,17 39,32,44 105,56,7 138,92,51 58,42,38 174,105,38 95,71,18 69,52,42 255,167,21 219,138,17 206,131,30 160,107,39 133,97,48 67,68,58 54,49,46 202,127,26 84,43,12 22,17,16 30,32,32 107,100,43 31,19,21 31,42,55 94,50,20 58,51,49 29,29,26 56,59,66 146,73,12 55,51,60 47,37,38 43,34,28 74,46,8 48,28,21 60,37,24 31,18,13 28,21,24 68,36,20 73,27,0 47,18,12 19,7,9 27,26,29 30,29,34 19,16,20 21,17,28 32,30,42
14,15,18 15,16,19 16,17,20 22,21,24 25,23,19 31,14,4 41,28,21 12,10,11 17,17,17 19,19,19 22,21,24 19,23,27 95,53,13 30,21,6 54,38,34 35,23,13 20,13,13 25,24,27 18,21,32 24,32,50 72,46,23 25,29,44 83,39,11 33,24,20 107,59,34 199,101,14 99,95,60 133,76,47 255,166,22 232,146,25 207,131,18 188,125,24 32,49,69 70,58,46 40,43,50 87,71,69 84,43,12 24,17,20 30,30,30 60,59,48 21,16,15 30,38,54 85,61,39 29,29,29 36,43,38 43,22,18 168,97,1 122,77,29 106,72,27 56,25,13 27,24,28 44,33,28 46,36,37 45,29,23 27,22,21 63,58,57 27,12,3 19,9,10 31,21,22 27,26,29 25,19,26 20,13,13 20,16,25 30,28,40
14,15,18 14,15,18 14,15,18 14,15,18 16,17,20 35,23,13 24,24,21 17,10,10 15,15,15 17,17,17 20,20,20 24,26,26 73,56,48 41,25,12 58,30,17 45,29,12 20,15,14 21,22,25 21,18,24 20,30,50 78,59,43 22,24,38 106,106,65 95,61,27 74,51,40 128,72,34 64,77,65 39,32,44 70,66,47 213,139,35 120,54,2 37,24,32 33,33,33 60,48,36 36,44,49 88,49,8 79,43,14 28,15,8 27,25,26 42,37,25 17,17,17 28,38,54 83,54,30 44,44,41 37,37,37 49,28,13 61,39,19 101,68,18 121,67,29 84,49,36 30,25,27 151,73,4 75,45,17 22,14,20 24,21,25 33,25,33 13,10,14 16,9,9 27,25,26 37,30,33 22,11,8 19,9,10 18,14,23 26,24,34
14,15,18 14,15,18 14,15,18 12,18,19 20,21,24 36,28,17 23,22,25 61,41,34 25,15,14 23,21,22 35,33,34 37,37,37 133,59,7 33,23,13 40,29,14 23,13,14 16,11,13 20,21,24 38,32,27 21,31,51 158,90,29 28,21,31 54,58,60 39,29,19 72,46,23 111,65,28 40,32,21 18,17,22 34,35,40 189,119,18 78,33,0 22,21,24 81,65,50 30,48,17 47,60,59 67,36,13 29,17,17 33,27,20 27,29,29 46,35,20 19,18,23 27,31,44 116,69,37 51,49,50 85,86,91 44,25,13 26,24,22 44,29,9 101,58,25 28,25,29 56,36,4 60,48,36 68,38,12 20,19,24 20,18,19 29,24,21 31,15,9 30,12,9 23,11,11 16,9,12 26,19,22 16,14,15 14,9,11 24,20,29
14,15,18 14,15,18 15,16,19 14,18,20 18,19,22 25,20,19 29,19,18 38,37,40 50,28,10 30,28,29 44,43,46 241,167,92 85,42,9 41,26,15 39,27,17 21,15,22 16,14,15 22,21,24 33,31,32 23,29,48 84,65,28 41,23,18 84,55,24 19,19,14 27,33,22 45,50,26 34,20,6 19,16,20 24,25,28 71,55,40 112,54,1 25,19,26 42,48,37 32,46,16 96,69,53 79,59,50 27,21,16 27,28,31 34,35,40 43,27,14 18,22,26 24,33,44 101,64,40 83,61,41 70,59,44 39,32,14 39,42,30 58,65,49 75,66,37 47,72,96 75,56,42 47,33,15 63,37,12 20,19,24 34,21,14 31,17,3 24,12,14 16,11,10 16,9,12 21,11,15 25,20,22 38,37,42 22,11,8 23,20,26
13,14,17 13,14,17 15,16,19 18,19,22 20,21,24 27,21,16 23,21,22 21,19,20 23,18,20 24,17,17 26,19,19 22,24,24 38,29,14 36,26,25 34,18,5 22,14,22 14,11,15 19,19,19 24,24,24 22,28,47 55,63,51 48,33,24 69,54,32 18,17,10 23,26,16 38,48,24 32,16,3 21,13,19 24,24,21 44,40,32 39,18,7 29,24,26 30,23,23 69,75,62 35,21,5 22,23,26 28,21,21 25,31,50 23,24,27 40,25,16 20,24,28 23,34,45 90,80,58 76,62,46 99,67,23 43,21,3 60,64,47 47,53,42 39,36,42 52,65,80 50,34,21 27,24,11 36,20,16 16,20,22 39,20,4 30,14,8 17,10,13 16,9,12 16,9,12 23,14,8 26,16,17 29,29,37 24,12,14 24,20,31
21,10,17 15,14,17 16,17,20 20,21,24 19,24,23 26,21,23 23,21,22 23,20,24 24,17,20 23,18,17 23,21,22 18,18,18 16,15,18 18,20,20 30,19,14 26,17,28 16,13,17 17,18,21 22,23,28 42,38,51 31,38,33 29,20,14 35,25,26 29,16,13 23,24,14 33,40,24 28,16,4 20,13,11 24,25,15 49,47,43 29,13,7 25,13,13 26,25,30 34,32,33 28,18,17 33,20,13 24,14,15 23,32,57 25,25,35 32,19,12 20,26,29 25,33,40 25,27,27 102,68,34 74,39,14 23,14,8 31,35,18 65,58,42 39,37,38 41,39,47 61,38,23 23,19,11 16,8,14 28,25,31 37,18,2 27,13,13 16,9,12 16,9,12 17,10,10 26,17,11 28,18,17 20,21,24 23,11,11 24,20,29
19,12,10 18,17,20 16,17,20 20,19,22 18,22,24 36,20,18 22,17,19 23,21,22 24,17,20 22,22,22 23,24,27 15,14,17 15,15,15 21,15,20 21,21,33 26,23,40 18,16,24 18,15,19 20,24,26 44,35,31 21,27,30 48,18,1 33,22,17 67,51,38 25,23,24 69,43,33 38,21,13 38,19,7 34,32,30 36,38,35 26,11,2 23,11,13 24,23,28 66,40,19 28,23,22 25,14,9 19,15,28 22,22,48 26,38,71 39,19,10 22,23,26 24,33,33 13,23,17 107,75,41 55,36,20 23,17,10 38,34,17 27,25,23 38,37,40 46,36,37 42,15,0 72,34,15 14,12,13 46,27,15 42,29,24 23,13,12 15,10,12 15,10,12 20,14,9 23,18,6 28,21,19 16,17,20 25,22,26 24,21,27
20,13,11 18,17,20 18,17,20 18,19,22 18,19,22 38,23,12 26,19,19 21,18,22 25,20,22 22,22,22 24,24,32 13,11,12 15,15,15 22,11,18 24,20,33 23,24,43 21,20,37 22,20,32 23,22,27 30,30,38 51,67,76 35,18,10 32,21,16 30,22,11 24,18,9 34,22,10 33,17,11 26,20,15 24,24,19 30,25,22 32,22,21 21,11,12 28,22,29 35,18,8 33,33,33 24,13,8 23,20,37 22,23,46 24,35,64 35,40,48 21,19,20 41,42,45 28,39,38 65,44,17 115,73,33 24,14,13 51,49,50 43,36,39 40,40,37 38,31,29 56,53,59 60,31,25 46,30,17 38,23,3 28,21,19 24,10,10 16,9,12 19,12,12 23,17,8 26,18,5 33,31,32 12,11,14 24,22,23 23,20,24
16,15,18 17,18,21 13,17,19 20,21,24 20,21,24 37,22,11 26,19,19 25,20,22 23,21,22 24,23,26 23,24,27 25,22,28 24,12,17 25,13,18 24,20,33 25,23,43 23,22,39 26,21,39 25,25,37 18,26,46 33,42,44 37,20,10 22,15,15 22,23,15 41,20,7 29,14,5 27,15,3 22,18,12 23,19,13 24,23,16 22,15,18 40,30,31 45,24,20 33,18,9 39,38,41 26,14,14 23,19,39 20,23,43 24,30,58 20,17,21 20,18,19 24,21,25 16,20,22 17,18,21 37,34,21 29,23,14 29,26,11 28,24,16 61,55,60 36,27,21 91,69,49 66,43,40 36,21,10 27,14,7 15,10,12 18,8,9 20,13,13 21,15,10 28,20,9 28,23,11 29,19,23 13,11,12 24,23,26 24,20,29
15,14,17 18,19,22 18,17,20 18,17,20 23,21,22 34,22,12 28,18,19 23,21,22 21,19,20 20,19,22 22,23,26 25,25,35 24,12,14 21,10,17 22,20,30 24,21,36 25,22,39 26,23,40 24,22,42 24,23,40 18,23,29 29,23,18 19,24,23 23,24,16 25,14,11 22,15,18 27,12,3 19,17,18 20,20,17 30,25,27 24,12,14 30,20,24 54,28,7 30,20,21 32,19,14 33,18,9 24,19,35 27,26,41 30,30,25 13,18,17 18,22,26 19,25,26 20,26,29 25,28,35 41,46,26 29,24,12 30,25,11 34,29,15 63,56,36 58,35,22 50,39,34 42,47,57 110,54,18 26,17,13 19,8,15 15,10,9 19,17,18 30,28,29 21,19,20 20,26,29 27,32,40 15,14,17 36,30,35 19,16,22
14,15,18 16,20,22 18,19,22 18,19,22 20,20,17 22,22,22 25,20,22 21,19,20 22,21,24 22,21,26 23,24,29 30,19,16 26,12,14 18,11,21 23,21,29 24,21,38 24,23,40 24,22,42 27,25,45 25,24,41 19,26,40 29,37,55 40,36,26 44,21,6 23,16,19 28,21,24 23,13,14 18,15,19 20,19,22 26,25,28 29,13,9 23,16,19 33,23,22 37,35,31 31,16,5 29,16,9 24,24,24 38,37,40 32,36,21 15,15,15 18,24,27 19,25,26 22,27,33 22,30,35 33,36,14 28,25,12 30,28,10 35,33,11 34,37,17 31,20,13 23,14,10 84,43,16 62,36,22 33,30,34 46,48,45 19,12,15 18,16,17 32,30,31 23,25,25 18,24,27 22,31,33 21,16,13 34,21,18 24,23,26
16,17,20 18,19,22 20,21,24 20,21,24 20,22,22 20,22,22 22,24,24 23,21,22 22,22,22 23,22,25 22,23,28 27,14,9 18,12,17 19,15,26 22,20,30 25,22,39 27,21,42 29,25,45 27,25,45 25,23,45 20,25,35 24,34,52 40,34,27 38,22,9 24,16,22 45,29,14 24,10,10 17,17,17 18,17,20 21,17,26 33,35,49 25,15,19 37,25,27 48,34,34 20,18,38 31,19,24 21,15,20 25,19,26 22,20,32 16,10,15 38,29,40 38,36,44 24,29,35 29,34,40 27,26,15 33,36,16 31,26,12 40,32,19 22,15,13 36,38,23 24,23,28 38,23,12 24,14,15 17,17,12 13,13,13 13,18,14 16,21,17 16,21,17 13,20,13 14,21,16 19,26,19 39,43,26 34,27,25 34,40,41