22,15,25 31,28,34 31,27,36 32,33,38 34,37,44 31,32,37 37,46,48 37,41,45 39,42,51 18,15,19 35,40,46 32,40,45 36,41,47 35,40,48 22,21,24 23,22,25 23,20,26 26,23,29 32,30,28 29,27,35 27,25,33 24,25,30 27,26,31 35,32,36 28,25,29 27,24,30 25,24,29 27,25,33 37,36,41 38,35,41 32,31,36 78,71,74 43,38,40 25,21,30 30,28,36 27,25,33 32,30,40 37,35,45 34,32,40 34,32,40 37,37,47 35,38,47 35,35,43 41,41,51 32,31,46 31,30,47 31,30,47 36,34,46 32,29,44 38,38,50 37,40,49 37,39,53 40,42,56 37,36,51 37,36,51 37,36,51 36,35,52 35,34,51 34,33,50 27,27,39 32,31,46 31,35,48 33,35,51 34,33,50
20,17,23 20,16,25 29,28,33 36,34,42 37,37,45 24,24,32 28,31,38 31,32,37 23,27,31 18,17,20 36,41,49 36,41,47 34,40,43 22,20,28 18,17,22 41,42,47 28,24,33 30,27,33 40,46,49 39,44,52 38,46,51 42,45,52 26,24,32 23,21,31 23,22,27 27,24,28 32,30,38 35,31,40 42,40,38 53,50,54 54,49,51 48,43,45 30,24,29 34,33,38 30,28,36 30,28,36 34,33,38 36,36,44 39,37,45 37,37,45 41,41,49 42,42,52 36,36,46 42,42,52 43,43,55 31,30,47 31,30,47 33,30,47 33,30,45 38,35,50 35,35,45 36,40,53 39,38,53 37,37,49 37,36,51 35,34,49 36,35,52 35,34,49 34,33,48 32,32,44 29,31,45 35,34,51 30,32,46 34,33,48
24,20,29 34,30,39 19,18,23 27,25,26 37,35,45 23,22,27 41,35,40 38,37,40 15,16,21 17,16,19 39,37,49 34,32,40 23,20,24 25,21,30 30,26,37 27,24,30 45,42,46 24,22,23 38,37,42 37,40,49 32,43,44 38,43,49 30,23,33 25,23,33 25,23,31 27,25,35 33,30,34 37,36,39 38,37,42 33,32,37 24,22,30 34,32,40 22,21,26 27,25,33 30,28,36 34,32,42 37,35,43 38,36,44 42,42,50 41,42,47 44,44,52 42,42,50 42,45,52 47,52,60 52,50,60 37,37,47 32,31,48 32,31,48 34,33,48 47,51,66 35,40,50 41,45,58 40,45,55 35,35,47 37,37,47 32,32,44 35,37,51 34,35,54 31,30,45 31,31,43 31,31,43 26,29,40 28,27,42 31,28,43
33,31,39 30,28,36 20,19,22 35,33,31 37,34,38 26,25,30 62,59,65 39,36,40 35,38,47 20,19,24 24,21,27 23,22,27 38,37,42 34,30,39 26,25,30 45,45,42 33,30,36 23,20,24 59,52,55 39,33,40 36,30,37 33,27,34 37,31,38 29,28,33 26,25,30 30,28,36 29,28,33 36,35,38 34,33,36 33,30,34 23,21,29 32,31,36 24,21,27 29,27,35 34,32,40 33,31,39 40,38,46 48,46,54 50,48,56 45,43,51 50,48,56 48,46,54 48,48,58 43,46,55 44,44,54 45,45,55 32,32,44 32,31,46 32,31,46 40,43,52 45,50,58 43,46,55 37,40,47 38,38,50 36,36,48 34,37,48 39,36,51 32,36,49 31,30,45 28,31,42 35,34,49 34,31,46 29,31,45 31,30,45
32,30,38 33,31,39 53,47,52 40,35,34 39,36,42 45,42,48 72,66,71 44,39,41 17,16,21 19,16,22 26,20,25 34,32,40 24,22,30 26,22,31 57,52,51 35,32,38 26,25,28 37,34,38 31,30,35 34,34,34 35,32,36 33,30,34 28,25,29 26,23,29 29,27,35 31,29,39 39,38,43 33,30,34 34,31,35 34,31,35 34,32,40 31,28,34 24,21,27 26,24,32 30,28,36 34,32,40 38,36,46 44,42,50 47,45,55 47,45,53 51,49,57 48,46,54 54,52,60 52,52,62 53,51,63 51,51,61 55,58,67 55,58,67 49,49,57 53,53,61 47,45,55 46,49,58 41,43,57 33,35,49 34,36,50 33,31,43 35,35,47 34,34,46 40,33,43 35,31,42 33,29,40 31,31,39 36,34,42 33,31,41
32,30,38 33,31,39 22,21,26 30,28,29 38,37,42 39,37,45 38,36,46 36,35,40 23,19,28 24,22,23 38,36,37 26,24,32 26,22,31 48,46,47 37,33,42 37,34,40 24,22,23 38,35,39 42,37,39 34,29,31 30,29,32 38,31,34 31,28,32 31,28,34 30,26,35 32,30,40 33,29,38 33,30,34 32,29,33 31,28,32 39,37,45 31,28,32 23,21,29 27,25,35 29,27,35 32,30,38 41,39,49 50,48,56 53,51,59 52,50,58 54,52,60 58,56,66 57,55,65 59,59,69 59,57,67 58,56,68 59,64,72 62,62,72 58,58,66 57,57,67 51,49,59 53,52,67 46,43,58 38,37,52 29,34,44 34,33,50 37,33,46 31,22,33 32,20,32 33,31,41 31,29,37 37,35,45 34,32,42 30,28,36
34,30,39 32,30,38 21,17,26 31,28,32 38,37,42 34,32,40 32,30,38 25,25,25 31,30,35 23,20,24 27,24,30 28,24,33 42,37,39 37,34,40 38,35,39 35,32,36 20,18,19 46,41,40 44,37,40 47,37,38 23,20,24 38,31,31 36,29,29 34,31,35 31,29,37 31,31,39 31,28,32 31,28,32 32,29,33 31,28,32 43,41,51 31,28,34 31,29,37 31,29,39 30,28,36 36,34,44 43,41,49 50,48,56 54,52,60 55,53,61 62,60,68 62,60,68 62,60,70 65,63,73 63,59,68 60,58,68 64,67,76 61,64,71 60,60,68 63,63,71 60,58,68 49,53,68 47,49,63 48,47,62 40,43,54 34,34,44 30,21,32 35,23,35 31,22,33 32,30,40 34,32,42 34,32,44 35,31,42 31,29,39
32,30,38 31,29,37 24,20,29 37,34,38 54,49,46 34,32,28 29,24,23 26,23,27 19,18,21 20,17,23 27,24,30 39,36,42 37,34,40 37,34,38 39,36,40 39,34,36 25,24,29 46,36,37 45,35,34 43,36,34 24,21,25 44,35,31 42,33,29 33,28,30 24,23,28 13,12,17 18,15,19 31,28,32 30,28,29 32,30,31 40,39,44 33,30,34 27,23,32 30,28,36 29,27,35 33,31,39 43,41,49 52,50,58 61,59,67 62,60,68 65,63,71 68,66,74 62,60,68 72,70,80 62,60,70 67,65,75 69,69,77 72,72,80 66,66,74 61,59,67 61,57,68 45,49,62 41,43,59 33,31,41 30,28,38 33,31,41 33,24,35 36,25,34 52,46,41 29,24,26 31,22,33 35,23,35 36,24,36 33,21,33
38,34,43 34,30,39 31,29,37 33,31,39 37,35,43 30,26,35 30,27,31 30,27,31 33,29,38 28,25,29 34,29,31 42,36,41 39,35,44 39,33,38 39,34,36 43,33,34 22,21,26 45,38,38 45,36,32 46,35,30 24,23,28 46,35,32 42,33,29 35,29,34 31,28,34 23,21,22 20,18,19 33,31,32 31,29,30 33,28,30 34,32,33 30,27,31 23,22,27 25,23,31 29,27,35 34,32,40 41,39,47 53,51,59 52,50,60 60,58,66 64,62,70 65,63,71 70,70,80 69,69,79 72,72,82 71,69,79 70,70,80 70,70,78 72,70,78 65,63,71 53,53,63 44,46,60 42,41,56 32,30,40 33,29,42 31,28,34 54,50,40 59,48,43 50,43,43 29,22,25 35,23,35 33,22,31 33,21,33 32,20,32
34,32,42 36,35,40 30,29,34 32,30,38 37,35,43 37,36,41 24,21,25 32,29,33 20,17,21 32,29,33 38,35,41 39,38,43 40,37,43 41,38,42 44,34,35 40,30,29 29,23,28 47,38,32 58,47,42 57,48,42 28,22,27 52,37,28 43,34,28 100,90,91 224,215,200 253,242,223 232,221,204 58,56,52 36,31,30 32,30,31 32,27,26 65,60,59 24,21,25 26,24,32 27,25,33 29,27,35 35,35,43 50,48,56 52,50,58 64,62,70 68,66,74 71,69,77 66,64,74 74,72,82 69,67,77 62,60,70 72,70,80 71,69,77 72,70,78 69,69,79 53,53,63 45,50,60 32,32,42 43,32,41 33,21,33 34,27,27 58,51,49 56,47,43 39,29,30 31,20,29 33,22,31 33,22,31 33,22,31 33,21,33
30,30,38 35,32,38 31,29,37 32,30,38 37,35,43 36,35,40 23,20,26 38,36,37 35,33,34 31,28,34 37,34,40 38,35,39 39,36,40 41,36,38 49,39,40 37,27,26 39,30,26 48,37,30 56,41,30 50,35,26 48,36,36 56,40,25 47,34,27 39,29,28 41,36,33 45,43,41 55,53,54 34,32,33 33,28,27 34,29,28 49,47,48 37,32,29 33,30,34 23,21,29 24,22,30 29,27,35 33,36,43 47,45,53 54,52,60 60,58,66 59,59,67 59,59,69 69,67,77 76,76,86 69,72,81 69,74,82 71,71,81 65,63,71 68,66,76 62,60,70 45,45,55 39,39,49 32,30,40 34,32,44 32,32,42 32,26,33 42,36,41 43,38,37 28,26,27 31,27,38 30,30,40 31,27,36 36,34,42 38,34,45
29,27,35 29,28,33 24,24,32 32,28,39 37,35,43 38,37,42 23,20,26 36,31,33 34,34,34 28,25,29 37,34,38 37,34,38 40,38,39 46,36,40 47,38,34 39,30,26 40,29,24 58,44,30 66,47,33 55,39,24 57,41,26 61,41,21 55,41,27 43,34,30 43,33,37 37,34,38 45,44,49 53,50,54 31,31,31 33,28,30 47,46,51 33,30,34 33,31,39 24,22,30 23,21,29 29,27,35 32,35,44 44,44,52 57,55,63 58,58,66 62,62,70 66,64,74 65,65,73 71,71,81 72,75,84 74,72,82 74,72,82 66,64,74 67,65,75 65,63,73 40,43,52 37,40,49 30,28,38 36,34,44 34,32,42 30,28,38 32,20,32 32,20,32 36,27,40 36,34,44 25,23,33 35,31,42 37,35,45 33,29,40
31,29,39 46,42,51 26,25,30 27,26,31 34,30,39 34,33,36 25,22,28 33,30,36 32,31,34 30,27,33 38,35,39 38,35,39 40,35,37 43,33,32 47,38,34 42,33,27 51,40,37 62,48,34 64,46,25 64,42,22 40,27,20 73,44,20 57,42,22 46,35,30 42,35,35 35,32,38 44,43,48 26,25,28 35,32,36 35,28,31 50,48,56 34,32,40 33,31,39 20,18,26 23,21,29 25,23,31 29,27,35 41,39,47 59,57,65 62,60,68 62,60,68 63,63,73 73,69,78 71,69,79 74,72,82 72,72,84 76,74,84 69,67,77 71,69,77 61,59,69 39,42,51 34,34,44 26,24,34 34,32,42 34,32,42 40,33,43 33,21,33 33,19,32 37,28,41 36,34,46 38,36,46 33,31,39 33,31,41 37,35,45
26,25,30 27,24,30 23,21,29 38,36,34 34,31,37 40,39,42 24,21,27 36,31,33 25,22,28 33,30,34 35,33,34 39,33,38 40,33,36 43,33,32 45,34,31 40,31,25 51,40,33 57,42,31 60,46,21 67,46,23 54,35,21 75,50,20 61,43,24 47,36,33 17,14,20 17,16,19 29,27,35 27,24,28 58,57,60 32,29,33 33,32,35 37,34,38 31,30,35 20,18,26 22,20,28 24,22,30 26,24,32 37,35,45 60,58,66 62,60,68 64,62,70 67,65,73 68,66,74 72,70,78 73,71,79 76,74,82 74,72,82 68,66,74 64,62,70 53,51,61 29,32,41 33,31,41 23,21,31 32,20,32 30,18,30 34,20,33 36,24,36 32,20,32 36,24,36 34,27,37 33,26,36 33,25,33 37,30,42 36,29,39
31,24,27 41,35,42 23,20,26 38,34,43 32,30,38 29,27,35 23,20,26 37,35,36 29,28,33 34,31,37 44,42,43 34,32,33 40,30,31 40,30,29 45,36,32 45,32,25 37,34,38 54,43,38 58,43,32 74,48,23 60,44,29 54,33,20 60,42,21 47,35,35 20,17,21 40,39,42 27,24,30 51,50,53 55,54,59 53,52,55 46,45,50 40,38,46 34,30,39 22,20,28 22,20,28 25,23,31 25,23,31 34,32,40 51,49,57 58,56,64 61,59,67 65,61,70 69,67,75 69,67,75 71,69,77 68,66,74 66,64,74 68,66,76 67,65,75 45,43,53 32,32,42 30,30,40 24,20,31 33,21,33 29,20,33 32,20,32 35,23,35 32,20,32 37,25,37 33,21,33 33,21,33 33,25,33 31,19,31 35,23,35
23,18,17 30,26,35 24,23,28 26,25,30 31,29,37 25,22,28 37,35,36 32,27,29 33,30,34 29,28,33 38,36,37 33,33,33 38,31,34 41,29,29 43,33,32 44,33,28 40,33,31 57,46,31 66,47,24 80,52,23 73,53,33 72,48,24 59,41,22 47,36,33 42,32,33 43,37,42 49,45,54 23,22,25 53,52,55 50,49,54 47,45,53 37,35,43 26,24,32 20,18,26 20,18,26 24,22,30 24,22,30 26,24,32 48,44,53 61,59,67 64,62,70 64,62,72 67,63,72 64,62,70 68,66,74 65,63,71 68,66,74 68,66,74 52,50,60 38,36,46 33,36,45 26,24,34 26,22,33 34,25,38 34,27,39 33,21,33 35,23,35 33,21,33 36,22,35 31,22,33 31,22,33 31,23,29 30,18,30 33,21,33
29,22,22 26,22,31 27,23,32 41,39,37 28,24,33 23,20,24 28,25,31 25,22,26 30,28,36 31,28,32 34,31,35 35,29,34 37,27,31 43,32,29 43,34,30 43,34,30 48,46,42 58,49,41 67,46,21 63,44,21 50,36,22 74,45,23 56,42,24 47,38,34 43,33,37 38,35,39 45,44,49 30,30,30 53,52,55 50,49,54 43,41,49 33,31,39 25,23,31 24,22,30 24,22,30 24,22,30 25,23,31 27,25,33 53,51,59 65,66,71 66,66,76 72,70,78 72,70,78 71,69,77 71,69,77 64,62,70 65,63,71 59,57,65 45,43,53 29,29,39 30,30,40 31,29,39 30,28,40 33,31,41 33,31,41 32,20,32 35,23,35 32,20,32 37,30,42 34,34,46 38,36,46 33,31,39 32,30,40 33,31,43
26,21,23 31,28,34 30,26,35 41,39,37 25,21,30 40,35,32 26,25,30 25,24,27 20,18,19 30,29,34 27,27,27 32,27,29 34,29,28 40,30,29 42,33,29 38,31,31 50,44,39 34,29,31 60,46,21 69,48,25 65,46,32 71,50,25 47,34,27 47,34,31 35,30,32 40,34,39 26,24,32 27,24,28 45,44,49 44,43,48 38,36,44 31,29,37 31,29,37 24,22,30 24,22,30 25,23,31 24,22,30 26,24,32 46,45,50 68,56,56 132,95,80 104,81,70 83,70,65 72,73,78 71,69,79 57,55,65 69,65,74 62,60,68 39,37,47 30,28,38 32,30,40 30,28,38 31,29,41 42,38,49 34,32,44 33,21,33 29,20,31 31,22,33 37,35,45 38,36,46 33,31,43 37,35,47 19,17,25 38,36,46
29,22,22 33,26,36 20,19,24 24,22,20 37,32,29 27,26,31 26,24,32 26,23,27 22,21,24 31,28,34 31,28,32 33,31,32 43,33,32 43,34,30 43,34,28 43,36,36 27,24,28 35,30,32 60,45,23 58,43,21 46,39,23 49,37,25 40,29,22 38,31,29 35,32,36 35,30,32 32,31,36 30,29,32 44,42,50 40,38,46 32,30,38 24,22,30 24,22,30 25,23,31 23,21,29 24,22,30 24,22,30 25,23,31 39,37,45 53,51,52 181,35,32 155,31,25 136,29,22 109,30,25 83,44,32 127,104,93 67,65,73 53,51,59 32,30,40 29,27,37 24,22,32 23,21,31 27,23,32 37,33,44 31,27,36 34,20,33 33,21,33 33,21,33 33,29,40 37,35,47 36,34,44 34,32,42 32,28,39 39,35,48
28,23,22 26,22,31 22,20,28 25,23,24 43,38,37 26,23,27 29,27,35 27,25,26 33,27,32 31,30,35 34,32,33 39,34,36 42,32,31 45,36,32 45,36,32 41,36,38 25,23,24 37,32,34 60,45,23 49,35,21 66,49,25 63,43,25 47,43,35 40,34,29 36,29,29 33,28,30 35,30,29 23,22,27 40,38,46 36,34,42 26,24,32 24,22,30 23,21,29 25,23,31 23,21,29 24,22,30 23,21,29 26,24,32 27,25,33 46,45,48 50,46,38 144,75,44 107,49,27 113,28,25 100,21,18 75,18,17 94,37,34 42,36,43 29,27,37 30,28,38 25,23,33 25,23,33 26,19,29 33,19,32 29,20,31 32,20,32 33,21,33 32,20,32 29,20,31 31,22,33 32,20,32 33,24,37 30,23,33 29,22,32
26,24,25 25,21,30 22,20,28 25,23,21 30,24,31 27,24,28 33,30,34 27,24,28 31,30,33 25,21,30 22,21,26 44,34,35 45,36,32 44,35,31 47,38,32 40,33,33 37,32,31 39,34,36 61,45,39 45,39,32 76,61,41 62,43,27 45,36,9 44,33,28 59,44,33 30,27,33 28,24,16 21,22,27 27,25,33 27,25,33 24,22,30 24,22,30 22,20,28 24,22,30 24,22,30 23,21,29 24,22,30 25,23,31 26,24,32 26,24,34 108,75,64 146,106,83 123,91,75 109,89,80 89,61,52 116,75,57 56,23,23 26,24,32 29,27,37 27,25,35 24,22,32 24,22,30 28,21,31 30,21,32 28,19,30 33,21,33 34,20,33 33,21,33 29,20,31 33,21,33 33,22,31 36,25,34 31,19,31 31,19,31
27,25,21 26,23,27 20,18,28 26,24,22 28,22,27 30,25,27 34,31,37 20,17,21 33,27,32 20,17,23 23,22,27 44,34,33 44,35,31 44,35,31 49,40,32 56,44,34 53,40,33 57,42,33 56,42,47 70,45,0 102,102,97 75,65,53 61,40,25 37,20,0 167,112,0 48,30,11 33,19,1 24,23,28 26,24,32 26,24,32 25,23,31 24,22,30 23,21,29 23,21,29 24,22,30 24,22,30 24,22,30 24,22,30 25,23,31 26,24,32 145,107,88 108,70,49 104,74,57 110,83,65 48,49,54 78,73,75 27,25,37 26,24,32 27,25,35 27,25,35 27,25,33 25,23,33 31,27,38 30,28,38 28,21,31 32,20,32 32,20,32 33,21,33 28,24,33 32,28,39 33,27,34 35,28,38 28,21,33 33,21,33
29,24,23 20,17,21 20,20,28 25,23,21 27,22,24 21,18,24 36,31,33 16,15,18 27,26,29 26,25,28 22,21,26 44,34,33 45,36,30 46,37,31 52,42,32 54,42,32 47,36,33 50,39,32 63,47,43 62,62,59 70,68,69 95,86,82 76,45,37 26,21,18 24,18,13 31,19,7 27,25,26 26,25,30 31,29,39 33,31,41 35,31,40 34,32,44 34,32,42 33,31,41 32,30,40 33,31,41 26,24,34 12,10,18 15,13,21 23,21,29 145,97,72 96,68,55 108,77,56 91,70,55 23,23,33 24,22,30 29,27,35 26,24,32 27,25,33 26,24,32 24,22,30 25,21,32 31,27,36 21,17,26 30,30,40 31,19,31 32,20,32 30,21,32 31,29,39 32,30,38 27,23,32 32,28,37 30,28,36 31,29,39
39,34,36 30,23,33 21,21,29 26,24,20 24,21,25 28,25,29 35,30,29 21,18,22 30,30,30 39,34,33 38,32,27 46,37,33 47,39,28 47,38,30 52,40,30 50,38,28 47,38,30 46,37,29 54,43,40 62,64,64 72,70,66 89,76,69 73,41,36 26,22,16 29,20,16 30,19,12 30,28,29 40,37,43 38,37,42 42,38,51 37,35,45 37,35,45 36,34,44 37,35,45 37,35,45 37,35,45 38,36,46 37,35,45 38,36,46 29,27,35 136,91,68 94,68,54 101,66,51 65,49,43 30,28,36 33,31,39 13,11,19 16,14,22 29,27,35 30,28,36 25,23,31 24,22,30 31,27,36 30,28,38 31,31,39 33,21,33 35,23,35 34,25,36 31,29,37 43,41,51 27,23,32 28,24,33 31,29,37 34,32,42
35,28,26 37,30,30 22,20,28 27,25,21 32,29,33 27,24,28 24,22,23 20,17,21 31,28,32 24,22,23 45,36,30 47,38,32 50,41,33 52,41,34 56,44,34 56,45,30 53,44,36 45,36,30 58,48,47 85,86,78 67,62,64 88,86,84 47,42,41 33,28,25 105,100,86 103,100,85 105,101,95 84,79,76 108,104,98 101,80,65 89,82,82 58,55,59 54,48,53 48,42,49 40,37,43 38,36,44 37,35,43 34,32,42 37,35,45 37,36,41 73,52,41 80,61,45 62,47,38 40,28,28 22,20,28 26,24,32 38,36,44 36,34,44 36,34,44 33,31,41 33,31,39 32,30,38 29,27,35 30,28,36 30,28,36 27,23,32 24,22,30 26,22,31 26,24,32 30,26,35 24,20,29 32,28,37 29,27,35 31,27,38
34,27,25 35,28,28 20,19,24 27,27,22 31,28,32 28,26,24 28,26,22 28,25,31 26,25,28 26,23,29 30,23,26 44,35,29 34,23,18 47,36,29 64,49,27 58,44,30 35,28,28 37,30,33 57,47,51 120,120,104 125,115,103 129,119,107 133,122,107 133,124,105 141,134,116 102,98,81 165,158,142 152,144,131 150,141,133 136,127,112 55,40,29 137,103,62 165,156,139 166,157,140 189,181,168 143,140,127 128,123,111 91,85,78 49,42,40 72,42,45 94,72,38 62,49,44 38,29,23 55,40,31 93,67,46 38,36,44 35,35,45 32,30,40 36,34,42 36,34,42 36,34,42 36,34,42 36,34,44 34,32,42 33,31,41 33,31,39 33,31,39 32,30,38 31,29,37 30,28,36 30,28,36 31,30,35 32,30,38 33,29,38
34,32,30 28,26,24 46,45,50 59,57,55 38,36,34 27,25,23 26,24,22 18,15,19 26,24,22 24,23,26 25,25,25 45,33,23 48,37,20 46,36,24 54,43,28 73,62,47 133,124,109 135,126,111 128,121,105 111,104,86 220,213,193 210,200,178 144,137,117 126,115,96 107,96,81 120,109,94 142,128,110 75,64,57 107,98,92 138,129,114 143,135,122 43,37,30 146,137,122 143,134,119 133,124,107 140,132,110 143,134,117 142,135,117 138,131,113 139,132,114 153,144,125 137,128,111 130,121,104 122,114,101 115,107,96 72,57,48 71,43,41 39,38,41 36,34,42 36,34,44 37,35,47 38,34,45 38,36,46 36,34,42 38,36,44 38,36,44 37,35,43 37,35,43 38,36,44 38,36,44 36,34,42 38,36,44 39,38,43 40,38,48
27,25,26 30,28,26 25,25,25 37,35,31 28,26,24 32,27,26 30,25,24 19,19,19 56,54,50 49,42,40 35,31,25 102,94,83 109,105,88 122,118,101 127,120,102 131,122,105 135,126,109 132,125,109 132,125,109 136,127,110 135,125,113 142,131,114 137,126,111 146,134,122 137,125,113 117,105,95 100,89,84 54,44,45 57,47,46 70,60,59 72,66,61 53,49,41 106,100,93 45,39,34 35,30,18 143,136,120 149,140,123 146,139,121 144,137,119 145,138,120 141,134,116 137,130,112 138,131,113 142,135,115 142,139,115 137,130,112 131,124,106 130,123,105 100,90,80 100,94,85 94,91,76 94,91,78 82,78,70 49,47,43 38,35,41 39,35,44 33,31,39 38,36,44 40,38,46 40,38,46 45,43,51 40,38,46 40,39,44 44,42,50
21,18,24 23,20,24 24,23,26 35,33,29 30,25,24 30,28,26 34,32,28 35,33,31 56,55,48 46,44,40 20,21,24 88,80,67 118,111,95 122,115,99 123,114,99 127,120,104 131,124,106 127,120,102 122,115,99 127,120,104 78,73,59 110,102,91 91,83,72 133,128,116 130,126,109 139,130,113 134,127,109 83,81,79 97,91,84 92,84,71 110,103,83 51,43,32 112,107,95 112,107,95 143,136,118 144,137,117 148,141,121 153,146,126 148,141,121 146,139,119 150,143,123 163,154,135 150,141,122 146,139,119 139,132,112 139,132,114 132,125,109 105,101,93 54,52,53 51,49,50 115,107,94 113,105,92 104,96,85 103,94,86 97,93,83 91,87,79 89,88,79 77,76,69 73,71,69 63,60,64 38,36,44 41,37,48 41,39,47 40,38,48
21,17,26 23,19,28 25,24,27 35,33,29 43,39,33 33,28,30 33,31,32 32,30,31 26,26,26 70,66,58 98,92,83 99,91,78 111,103,90 115,107,94 120,113,97 121,114,98 128,121,105 131,124,108 123,116,100 127,120,104 122,115,99 118,111,95 124,116,103 124,117,101 135,128,110 129,122,106 122,118,101 69,65,59 56,51,48 95,90,78 106,99,83 132,124,111 109,102,86 129,122,106 132,125,107 141,134,116 143,136,118 138,131,111 143,136,116 135,128,108 135,128,110 138,131,111 142,135,115 143,136,116 142,135,115 139,132,114 138,131,115 88,85,72 72,70,66 35,32,36 116,109,93 117,109,96 111,103,90 106,98,87 102,97,85 99,94,82 92,86,79 89,88,81 87,86,77 84,83,76 84,83,76 77,75,71 75,73,71 69,67,65
37,30,28 34,27,27 30,25,22 19,17,18 16,15,20 18,15,19 33,31,32 34,32,33 38,36,37 34,29,31 37,34,38 38,36,34 33,31,29 61,55,50 94,88,81 103,95,84 110,103,87 113,106,90 116,109,93 115,108,92 115,108,92 121,114,98 122,115,99 116,109,93 121,114,98 131,124,106 131,124,104 135,128,108 131,124,106 134,127,109 132,125,107 136,129,109 142,135,115 134,127,107 132,125,107 135,128,108 139,132,112 137,130,112 139,132,112 137,130,112 131,124,106 128,121,105 127,120,104 130,123,107 127,120,104 129,121,108 123,115,102 118,111,95 125,118,102 115,110,96 99,93,84 105,100,88 108,100,87 108,100,87 106,98,87 97,91,82 89,83,76 94,88,81 89,83,76 91,85,78 79,78,69 81,80,71 79,78,71 76,75,68
33,27,20 36,27,21 33,27,22 28,25,29 34,31,35 33,31,32 31,29,30 38,36,37 37,35,36 34,32,30 31,29,30 30,28,29 35,33,34 37,34,38 37,35,36 34,31,35 37,35,36 40,35,34 77,71,64 99,93,84 103,95,84 101,93,82 107,99,86 110,102,89 113,106,90 113,105,92 120,113,97 121,114,98 118,111,95 124,117,101 125,118,102 127,120,102 130,123,105 137,130,112 135,128,110 130,123,105 128,121,105 123,116,100 121,114,98 124,117,101 127,120,104 124,117,101 124,116,103 124,117,101 122,114,101 123,116,100 121,111,99 121,114,98 122,115,99 129,122,106 127,120,104 115,107,94 110,102,89 107,99,86 106,98,87 103,95,84 104,96,85 101,96,84 93,88,76 91,85,78 81,80,71 82,81,72 82,78,72 83,79,73
28,22,17 36,27,21 33,27,20 36,27,21 43,27,21 36,31,33 37,34,38 35,33,34 39,37,38 32,30,31 34,32,33 35,33,34 35,33,34 34,32,33 40,35,37 40,35,37 36,36,36 33,33,33 35,33,34 34,29,31 33,31,32 36,31,30 61,57,51 91,85,78 106,99,83 107,100,84 108,100,87 109,101,88 110,103,87 115,108,92 115,108,92 115,108,92 120,113,97 122,115,99 120,113,95 116,109,93 120,113,97 121,112,95 121,112,95 119,109,97 116,106,94 115,108,92 115,107,94 117,110,94 116,109,93 113,106,90 115,105,93 118,108,96 118,108,96 118,110,97 114,106,93 107,99,86 104,96,83 102,94,81 103,95,82 102,94,83 103,95,84 95,90,78 91,85,76 91,87,77 90,86,78 86,82,76 80,79,70 79,78,71
30,20,19 35,25,24 36,27,21 38,27,20 48,36,26 48,32,26 37,31,36 31,32,37 27,26,29 34,32,33 33,31,32 37,35,36 34,32,33 30,28,29 33,31,32 41,36,38 38,36,37 37,35,36 34,32,33 34,32,30 33,31,32 34,32,33 33,31,32 35,33,34 36,31,33 35,30,32 37,32,29 62,58,50 90,85,73 90,85,73 99,92,76 102,93,76 106,99,83 107,97,85 109,100,85 111,102,87 111,104,88 113,106,90 109,100,85 104,96,83 106,99,83 108,100,87 109,101,88 114,107,91 107,100,84 104,96,83 109,101,88 104,96,83 109,101,88 107,99,86 104,96,83 100,92,79 104,96,83 103,95,82 104,96,83 92,84,73 94,86,75 94,89,77 90,84,75 85,81,71 90,86,76 86,82,74 87,86,77 82,81,74
35,26,18 32,23,17 34,23,20 39,28,21 50,33,23 49,37,25 51,36,25 47,36,31 37,35,43 37,37,45 31,31,39 29,28,33 30,28,29 33,31,32 34,32,33 35,33,34 35,33,34 33,31,29 34,32,33 37,35,33 35,33,34 35,33,34 35,33,34 34,32,33 35,33,34 38,36,37 34,31,35 35,32,36 38,36,37 34,32,33 33,28,30 53,48,45 89,83,74 97,89,78 98,93,81 104,96,85 101,93,80 101,91,79 97,89,76 101,93,80 100,90,78 99,91,78 100,92,79 95,87,74 99,91,78 95,87,76 95,87,76 96,88,77 97,89,78 95,90,76 99,91,80 95,87,76 97,89,78 97,89,78 101,92,84 95,87,76 94,86,75 94,86,75 92,88,78 91,85,78 89,83,76 89,83,76 84,80,72 84,80,74
40,31,23 42,33,27 41,35,26 44,34,24 51,36,27 45,35,23 50,39,24 56,44,34 52,42,41 34,37,46 36,36,44 38,36,44 37,35,43 37,35,43 37,35,45 34,35,38 27,26,29 33,31,32 35,33,34 31,29,30 32,30,31 31,29,30 30,28,29 38,36,37 35,33,34 35,33,34 34,32,33 31,29,30 30,30,30 32,30,31 35,33,34 35,33,34 35,33,34 37,31,36 37,32,34 34,32,28 56,51,48 84,78,69 86,80,71 93,85,72 92,84,73 89,81,70 94,86,75 91,83,72 95,87,76 95,87,76 94,86,75 89,80,72 92,84,73 94,86,75 92,83,75 95,86,78 95,86,78 95,87,76 101,93,82 102,94,83 97,89,78 92,87,75 85,79,72 83,77,70 89,85,77 83,79,71 81,80,71 75,74,67