72,44,15 73,45,16 74,47,15 75,47,18 75,47,18 74,46,17 72,44,15 70,44,21 64,43,18 64,43,20 62,43,18 65,44,19 64,43,18 64,43,18 64,43,18 65,44,19 65,44,19 65,44,19 65,44,19 65,44,17 67,43,17 64,44,14 67,47,17 70,46,22 67,44,13 63,45,15 67,44,13 62,43,18 45,33,7 18,18,4 25,33,8 23,30,14 22,22,22 14,19,18 19,23,25 20,24,26 23,27,29 23,27,29 19,23,25 25,26,29 15,18,25 24,33,46 23,34,47 20,31,42 21,30,43 25,30,40 22,27,37 17,25,32 15,17,17 18,24,27 23,27,31 14,15,20 25,30,36 16,20,22 12,16,20 14,15,18 16,17,20 20,21,24 21,22,25 21,22,25 18,19,22 19,24,23 13,13,13 22,22,30
73,45,16 74,46,17 76,48,21 76,48,19 76,48,19 76,48,19 76,48,19 74,46,19 74,45,21 70,44,21 65,44,19 67,43,19 67,43,17 64,43,18 65,44,19 65,44,19 63,42,17 65,44,17 67,46,21 69,46,15 69,45,19 68,48,18 70,47,16 70,47,18 72,44,15 69,46,15 68,42,17 53,48,18 46,58,13 51,61,8 58,63,16 56,69,17 58,71,19 53,63,28 13,18,14 22,26,28 18,22,24 23,27,29 25,34,34 20,21,24 27,31,33 23,32,45 26,37,50 19,30,41 19,22,31 14,19,25 12,17,23 12,20,27 14,16,16 20,26,29 23,27,31 20,21,26 24,29,35 26,30,32 19,23,27 11,12,15 14,15,18 20,21,24 21,22,25 21,22,25 18,19,22 23,23,23 15,15,15 21,21,29
74,46,17 74,47,15 75,48,16 76,48,19 76,48,19 75,47,18 70,45,15 75,47,20 74,46,19 75,47,20 74,46,17 72,47,17 69,46,17 72,44,17 65,45,15 64,43,16 67,46,21 62,43,16 64,44,14 71,46,18 71,46,16 73,49,16 75,47,18 75,47,20 73,48,18 72,48,15 39,51,13 47,54,10 48,55,11 50,59,11 53,61,10 61,67,15 64,72,21 65,75,24 63,75,26 29,37,27 12,18,19 22,26,28 22,28,29 26,30,32 25,27,27 29,30,33 10,9,12 20,25,33 24,28,41 19,33,45 19,30,43 21,29,45 8,10,10 23,27,31 20,24,28 18,22,26 25,30,36 27,33,36 28,29,32 16,17,20 14,15,18 17,18,21 21,22,25 21,22,25 20,21,24 21,23,23 16,16,16 21,21,29
70,45,15 70,45,15 73,48,18 75,47,18 75,47,18 75,47,18 75,45,17 74,47,15 74,47,15 74,46,17 75,47,18 74,47,15 75,47,18 75,47,18 74,46,17 74,46,17 73,45,16 75,47,18 84,45,13 63,44,19 74,46,17 71,46,16 74,47,15 75,47,18 75,46,13 71,41,0 38,41,10 45,49,11 53,57,19 42,45,14 44,48,19 65,70,23 65,70,25 62,69,25 52,56,29 41,42,23 38,40,23 8,12,14 19,23,25 24,31,29 25,24,17 69,62,33 32,34,34 20,25,35 21,30,43 19,30,43 16,27,40 20,27,41 10,8,16 15,16,19 19,22,29 22,23,28 21,26,32 23,31,36 22,23,26 18,19,22 15,16,19 17,18,21 22,23,28 20,21,24 20,21,24 21,25,27 17,16,19 19,22,29
75,47,20 75,47,20 75,47,18 75,47,18 74,47,15 74,46,17 75,47,18 75,48,16 75,48,16 76,48,19 75,47,18 76,48,19 76,48,19 75,48,16 75,47,18 75,47,18 75,47,18 76,49,17 93,47,8 42,26,11 60,67,23 77,48,17 75,48,16 74,47,15 114,65,0 63,39,2 49,40,11 28,29,10 28,29,10 34,35,12 39,38,11 34,35,14 47,49,21 61,66,32 33,37,8 41,44,13 40,43,12 32,35,11 16,16,24 16,17,22 44,38,15 53,39,12 34,33,22 22,21,24 17,24,36 22,32,48 23,33,49 19,27,43 9,13,17 8,9,12 15,21,22 24,29,35 20,21,26 28,34,37 22,21,24 23,27,29 16,15,18 18,19,22 22,23,26 21,22,25 20,21,24 21,25,27 14,15,20 21,21,29
80,53,21 80,53,21 80,53,21 82,55,23 82,55,21 83,56,22 83,56,22 83,54,23 83,54,23 82,55,23 81,54,22 79,52,20 75,48,16 77,49,20 75,47,18 76,48,19 76,48,19 76,48,19 81,53,13 48,31,3 48,53,17 66,55,20 77,50,18 81,52,21 100,53,1 68,40,2 40,26,8 32,33,14 41,38,14 40,40,10 35,36,13 34,35,16 39,38,11 61,59,26 40,43,12 44,47,16 44,47,14 43,49,8 28,31,19 30,26,18 37,35,15 58,46,16 57,50,30 27,31,35 17,17,25 29,35,52 26,39,56 23,33,51 7,10,19 15,19,21 18,22,26 20,21,26 18,19,24 28,33,39 15,16,21 24,25,28 14,15,18 18,19,22 21,22,25 20,21,24 22,23,26 21,25,27 18,15,21 22,22,30
82,55,23 82,55,23 81,54,22 85,56,21 87,58,23 88,60,22 88,59,24 84,55,20 84,55,22 87,58,25 89,60,27 88,59,24 88,59,26 80,53,21 76,48,19 77,49,20 76,48,21 76,49,17 78,46,14 42,28,3 41,25,8 52,34,13 54,47,18 66,49,12 55,33,0 97,50,0 30,28,10 28,29,8 28,29,8 38,39,18 29,26,11 27,27,11 35,33,11 53,53,21 28,33,9 27,30,8 42,43,20 36,40,13 44,54,17 42,41,14 28,22,13 25,21,13 22,24,21 21,27,30 30,34,36 15,14,17 22,30,37 26,35,48 21,26,34 22,23,28 18,22,26 17,18,23 21,26,34 20,26,29 16,17,20 27,28,31 15,16,19 18,19,22 20,21,24 20,21,24 22,22,30 21,26,32 16,15,18 17,23,26
81,54,22 83,54,19 85,57,19 88,59,24 88,60,20 90,62,24 93,62,25 91,60,23 87,58,23 88,59,24 89,57,23 85,57,19 87,59,21 85,57,19 77,49,20 77,49,20 77,49,20 76,48,19 76,48,19 77,49,20 81,53,24 81,54,20 46,22,0 36,27,10 117,64,0 66,36,10 26,27,8 31,31,15 41,40,31 34,35,23 36,39,19 23,23,9 36,40,13 57,63,24 30,33,9 33,33,19 37,37,23 46,47,39 47,49,21 16,20,22 15,16,19 18,22,26 17,18,23 23,22,25 21,25,27 27,28,31 15,16,19 20,25,35 24,34,52 18,21,28 19,23,27 19,22,29 20,25,31 25,31,34 17,19,19 24,26,26 17,18,21 17,18,21 22,21,24 21,22,25 21,22,25 20,24,28 19,16,20 18,23,29
86,59,25 88,59,26 84,55,20 85,56,21 89,58,21 91,63,25 94,63,26 90,62,24 87,58,23 88,62,23 87,61,22 87,61,22 87,61,22 87,58,23 77,50,18 76,49,15 79,51,22 79,51,22 75,50,20 81,53,26 82,55,23 82,55,23 84,56,16 108,57,0 65,42,11 33,29,12 27,27,13 40,39,30 35,28,26 31,29,27 47,46,35 33,31,13 52,57,14 65,72,24 52,62,11 38,37,26 34,29,28 59,59,54 58,63,16 17,18,8 15,19,23 17,18,23 11,12,15 19,23,27 21,22,27 17,18,23 19,18,21 20,19,24 25,26,31 18,21,28 14,15,18 20,24,28 23,26,33 24,25,28 20,22,22 21,23,23 20,21,24 17,18,21 17,18,23 21,22,25 21,22,25 24,23,26 20,17,21 20,24,28
87,61,22 89,61,23 90,61,26 98,65,28 102,69,32 102,69,30 100,67,28 96,65,28 88,59,24 90,61,26 88,59,24 89,60,25 88,61,25 88,60,22 77,48,15 80,53,21 76,48,19 77,52,24 81,53,24 83,55,26 83,55,26 86,58,29 125,77,21 121,60,0 44,36,12 50,45,15 41,44,11 37,35,13 40,38,20 40,39,14 46,49,18 34,37,6 54,57,26 66,70,41 70,75,53 73,80,46 39,38,13 54,56,30 62,66,28 74,71,18 8,12,14 18,21,28 15,20,28 13,16,23 18,21,28 20,20,28 11,12,15 21,25,29 29,37,42 18,27,29 19,25,28 18,19,24 17,18,21 16,15,18 20,21,24 24,25,28 23,24,29 17,18,21 18,19,24 21,22,25 20,21,24 19,23,25 23,23,23 20,23,30
85,56,21 83,56,20 96,64,30 88,59,24 101,68,31 102,69,30 93,61,27 99,66,29 87,59,21 88,59,24 90,58,24 88,62,23 84,58,19 83,56,20 81,54,22 80,53,21 79,52,20 82,55,23 83,55,26 87,60,28 87,59,30 90,61,30 152,87,0 117,61,0 56,42,17 46,39,10 56,58,14 59,64,21 53,58,15 54,55,18 32,34,8 37,36,11 44,40,19 57,55,33 62,65,34 55,66,24 64,73,25 67,74,28 72,80,27 68,82,21 25,21,13 13,12,15 18,21,28 18,21,28 18,18,26 17,18,23 18,19,22 13,18,17 18,19,22 29,35,38 19,27,34 13,19,22 19,23,27 16,15,20 18,19,22 23,24,27 23,27,31 17,18,23 18,19,24 21,22,25 22,23,26 19,23,25 25,22,26 19,22,29
94,63,26 84,57,21 100,67,30 94,66,28 98,70,32 91,64,30 88,59,24 89,62,26 89,60,25 89,60,25 88,61,25 89,60,27 86,59,23 81,54,20 81,54,22 81,53,24 81,54,22 85,56,25 86,59,27 92,63,32 101,67,33 102,64,29 174,97,0 136,69,3 77,49,20 44,36,12 44,39,11 54,55,18 57,58,21 48,51,20 30,30,14 27,30,8 33,34,13 38,40,14 48,46,13 46,49,16 39,42,11 56,57,20 67,76,30 66,77,17 89,60,25 65,44,21 15,10,12 15,16,19 19,22,29 14,18,22 19,24,32 25,30,38 11,12,15 18,19,22 18,26,31 18,24,27 21,22,27 15,16,19 16,17,20 22,23,26 27,28,31 18,19,22 18,19,22 21,22,25 21,25,27 24,29,35 26,26,26 17,22,28
96,64,22 98,66,24 104,69,33 108,73,35 107,73,32 104,73,34 108,73,35 96,67,32 92,61,24 89,60,25 88,60,22 89,60,27 84,55,22 82,55,21 82,55,23 81,54,22 86,59,23 87,60,28 95,66,33 105,66,34 119,69,25 109,67,27 191,94,0 168,87,0 87,52,14 45,37,13 42,36,11 46,41,13 54,55,18 42,42,10 25,26,7 23,22,13 25,25,11 25,25,11 19,18,7 31,32,9 41,43,15 43,42,17 62,67,20 67,76,16 87,59,19 85,56,21 87,60,26 33,21,9 15,16,19 15,16,21 18,23,29 19,28,30 25,28,37 11,12,15 21,21,29 18,21,28 15,16,19 13,14,17 19,23,25 23,24,27 22,26,30 17,18,23 16,20,24 22,23,26 22,27,33 19,29,35 27,24,28 18,23,29
101,68,29 105,72,33 110,72,35 113,74,33 119,78,33 118,80,34 121,83,35 113,76,34 98,64,30 88,60,22 88,60,22 88,59,24 82,55,19 82,55,23 83,56,24 87,60,24 96,64,30 102,66,33 115,71,33 185,89,17 163,95,34 115,71,29 201,100,0 187,92,0 145,77,5 59,40,15 43,36,9 39,34,4 44,42,11 41,38,14 34,30,13 35,34,9 40,44,17 53,56,23 57,57,25 74,81,35 71,80,32 50,57,11 51,58,14 57,65,14 86,60,21 88,60,22 87,58,23 84,56,29 30,41,54 13,12,15 13,17,19 16,20,24 21,24,31 19,22,29 19,24,30 16,20,24 13,12,15 11,8,12 18,19,22 22,21,24 27,28,31 20,21,24 18,19,24 22,23,26 22,30,35 24,32,39 25,26,29 19,22,29
103,70,31 105,72,33 108,73,35 117,78,35 121,80,35 124,86,38 129,88,39 122,81,34 101,67,26 92,61,24 87,59,19 85,56,21 85,56,21 83,54,19 87,58,23 96,67,32 110,72,35 136,82,34 173,95,26 189,101,22 135,78,38 178,99,37 174,87,0 126,63,0 92,51,6 53,36,8 39,34,6 40,35,7 40,37,11 37,34,10 44,41,15 50,50,20 60,66,27 77,81,41 72,79,33 68,80,35 71,83,34 63,72,24 48,52,14 58,61,10 91,63,25 89,61,21 87,56,17 88,61,29 22,32,48 19,18,23 39,21,16 17,15,16 15,17,17 15,16,21 32,41,54 21,26,32 17,18,23 13,10,14 22,23,26 20,19,22 27,28,31 20,21,24 13,12,15 21,22,25 22,30,35 19,23,27 27,28,31 18,23,29
108,71,31 110,73,33 114,75,32 114,75,32 119,78,33 126,88,40 142,100,46 131,90,41 115,78,36 98,65,28 88,59,24 87,59,21 85,56,21 88,59,24 94,63,26 109,71,34 179,99,31 204,107,25 128,79,30 169,100,33 63,41,21 71,38,1 30,31,10 34,31,7 42,36,11 40,34,11 38,35,11 42,36,13 40,33,13 37,33,12 36,34,12 38,40,14 53,56,23 64,75,35 70,82,33 74,81,45 67,79,30 63,73,22 53,60,16 73,69,21 97,66,27 92,61,24 88,60,22 91,64,28 22,31,44 17,18,23 46,23,8 42,21,8 31,20,17 12,16,18 20,26,29 20,25,31 22,22,30 18,19,24 23,24,27 20,21,26 25,26,29 20,21,26 9,10,13 18,19,22 25,29,33 21,25,27 30,29,32 18,21,28
108,70,33 109,72,32 118,76,34 114,75,32 124,83,36 130,89,40 145,102,44 138,96,44 117,78,37 100,67,30 87,59,21 89,57,23 87,58,23 96,64,30 103,67,34 159,94,30 204,105,23 135,88,36 168,95,36 31,30,21 26,28,11 27,29,12 30,31,10 38,31,11 39,33,8 42,36,13 42,36,11 38,35,9 38,35,11 36,33,9 40,34,11 32,30,8 33,29,19 39,30,24 35,29,20 27,26,15 28,29,10 65,72,24 61,74,22 63,72,24 41,31,19 96,64,30 91,60,23 77,58,35 22,25,32 14,19,18 50,23,7 48,22,8 37,20,10 20,21,26 19,25,26 14,18,22 19,22,31 19,23,27 23,22,25 19,23,25 27,28,31 21,21,29 14,15,18 20,21,24 22,23,26 21,22,27 24,25,30 15,18,25
103,70,31 110,73,33 114,75,32 117,78,37 122,81,32 136,93,44 148,102,45 139,98,41 120,79,34 106,74,32 88,59,24 85,57,19 97,66,29 106,63,28 45,34,31 139,92,42 144,85,37 178,103,40 30,19,14 25,25,20 27,30,10 27,29,12 32,31,6 30,31,8 40,34,11 40,34,9 40,35,5 39,34,6 41,33,11 35,33,11 41,33,9 30,31,12 23,19,11 10,9,2 10,10,5 25,21,11 69,68,32 64,78,17 57,72,19 59,74,19 57,68,37 25,25,22 40,40,37 33,31,29 30,28,26 39,37,35 43,20,7 46,20,6 36,19,11 22,23,26 16,17,22 20,21,26 17,16,21 22,25,34 21,25,29 21,22,25 21,22,25 20,20,28 15,16,21 22,23,28 20,24,26 22,23,28 27,26,31 17,17,25
99,66,27 106,71,33 111,72,31 113,74,31 117,79,31 122,84,34 133,92,43 124,83,34 113,74,31 98,67,28 87,60,24 97,66,29 101,68,31 81,53,24 36,31,33 30,28,29 23,20,24 21,15,20 23,22,25 29,31,14 30,31,12 32,30,8 29,28,3 31,32,9 35,32,8 38,35,11 38,35,11 40,34,11 40,32,8 34,35,12 36,33,9 36,33,9 41,42,19 65,66,54 75,76,68 76,77,69 63,73,36 62,76,17 58,71,17 60,76,18 69,85,25 41,47,38 43,44,36 43,43,38 37,35,33 27,26,19 41,19,13 48,23,6 36,21,12 23,16,16 16,17,22 19,27,34 15,20,26 20,20,28 22,27,33 24,25,28 17,18,21 18,21,28 16,17,20 22,23,26 19,23,27 21,26,32 27,21,26 16,19,26
100,67,28 106,71,33 110,73,31 114,75,32 114,75,32 121,83,35 127,86,37 119,81,33 111,74,30 89,61,21 89,60,25 102,69,32 111,71,35 52,27,0 34,29,28 20,18,19 21,16,18 21,16,18 16,14,15 27,29,12 28,29,10 30,31,8 30,28,6 32,30,8 32,31,6 35,34,9 37,34,10 40,33,13 40,34,9 33,34,11 38,32,7 36,33,9 34,33,8 35,33,11 32,33,14 30,33,13 30,38,13 48,62,16 56,69,17 61,76,21 69,84,29 48,54,43 39,37,33 32,30,26 43,43,38 34,32,33 61,53,42 49,23,11 37,20,10 31,21,20 15,16,19 17,25,30 21,26,32 18,21,28 22,27,33 21,22,25 23,24,27 16,19,26 18,19,22 21,22,25 20,24,28 21,24,31 26,25,30 17,17,25
103,70,31 107,72,34 113,74,33 118,80,32 126,86,34 137,95,41 138,95,39 123,82,35 105,72,35 88,59,26 101,68,31 113,76,32 79,43,14 55,30,11 28,23,20 20,18,19 21,16,18 22,17,19 22,17,19 26,25,14 30,31,12 30,30,14 28,29,8 30,31,8 31,32,11 31,32,9 39,32,12 37,34,8 38,33,5 39,33,10 28,29,6 27,31,4 27,30,6 30,31,8 30,31,10 29,32,12 25,28,6 51,60,16 56,65,17 61,75,18 68,80,35 55,63,51 31,31,28 37,37,34 34,34,29 38,36,32 50,56,57 85,96,97 41,19,13 40,20,13 17,18,21 16,20,24 20,28,33 20,25,31 20,24,26 25,26,29 25,24,27 21,21,29 18,19,22 20,21,26 22,23,26 22,23,26 26,23,29 13,12,17
112,70,32 115,73,31 117,79,33 128,87,38 138,91,39 160,108,46 148,101,40 133,91,39 93,62,25 96,63,26 103,66,40 103,67,49 39,37,35 72,52,34 27,22,19 21,19,20 20,18,16 18,16,17 20,18,16 30,29,20 28,29,10 30,31,12 27,28,7 30,31,12 30,31,8 30,31,8 34,33,8 37,35,6 38,35,9 37,35,6 40,34,9 38,35,11 37,33,12 33,31,9 32,30,10 37,39,11 50,62,17 57,65,14 48,60,15 61,75,18 58,64,35 43,50,48 30,28,26 34,32,28 40,38,36 40,38,34 61,66,65 77,94,96 89,95,96 39,21,18 17,18,23 14,15,20 20,24,28 21,22,27 22,28,29 22,28,31 20,21,24 21,21,29 18,18,26 17,18,21 22,23,26 20,24,28 23,24,29 15,14,19
113,74,35 116,78,32 124,83,36 136,94,42 147,103,36 166,115,50 148,97,40 130,87,40 92,59,20 110,78,36 122,69,26 54,54,51 56,58,53 40,40,37 25,23,19 21,19,17 21,19,20 19,17,18 19,17,18 32,30,31 26,25,18 26,27,8 28,29,10 30,31,10 27,28,5 28,29,6 27,28,7 33,32,7 37,34,8 39,33,8 40,32,10 39,34,6 39,34,6 41,33,9 42,42,12 46,51,15 58,65,19 53,60,12 50,62,13 63,76,24 47,54,47 38,40,35 26,26,23 31,31,31 37,38,30 44,42,38 55,62,60 69,85,85 76,91,94 77,89,93 15,19,21 12,16,18 20,23,30 18,22,24 21,25,27 23,22,25 17,18,23 20,24,28 18,19,24 17,18,21 21,22,27 22,22,30 21,24,31 10,12,12
112,73,32 117,78,35 126,85,36 139,95,44 150,103,40 160,109,42 148,98,38 113,74,33 89,58,19 125,82,37 62,50,38 46,53,46 45,52,45 44,49,45 24,22,20 27,25,23 24,17,17 22,15,15 19,14,16 17,16,19 31,29,30 28,27,18 28,28,12 28,29,6 30,28,6 27,28,7 27,28,9 27,28,7 34,33,8 39,33,8 39,33,8 39,33,10 34,35,12 38,40,14 40,37,11 37,39,11 44,49,13 43,48,12 54,66,17 54,64,31 38,48,42 32,34,29 32,32,29 30,30,25 36,36,33 32,30,26 37,39,36 63,77,73 69,84,87 78,93,98 24,22,23 15,19,21 17,23,26 15,19,21 21,22,25 19,18,21 20,21,24 22,23,26 20,21,26 17,18,23 20,20,28 20,23,30 20,25,31 16,10,17
101,67,26 104,70,29 131,90,41 147,101,46 159,110,45 152,102,40 160,103,43 96,63,24 96,65,28 142,66,10 48,49,41 47,52,46 46,48,45 45,52,50 25,23,19 27,25,23 28,26,24 23,21,19 21,19,20 19,17,15 27,25,26 30,27,31 30,30,16 28,28,14 30,31,12 28,29,8 30,31,10 27,27,11 26,24,4 27,28,7 30,31,8 34,32,10 36,32,15 37,33,14 34,32,12 32,32,16 37,39,13 49,58,14 55,67,20 45,55,47 48,58,50 25,27,22 35,33,31 28,26,24 34,32,28 41,39,35 36,36,31 59,71,64 67,76,76 73,89,89 71,84,83 17,17,17 19,24,30 14,15,20 25,24,27 22,23,26 21,22,25 18,22,24 20,20,28 16,17,22 21,21,29 20,23,30 21,24,31 14,11,15
94,61,22 111,74,32 134,94,42 146,100,43 148,102,47 140,96,43 144,93,38 92,60,26 137,69,8 74,48,38 45,48,40 44,46,41 41,44,36 37,39,34 28,23,22 24,22,20 28,26,22 25,23,24 25,23,24 26,21,23 24,21,25 34,32,30 27,25,26 30,29,22 26,28,11 28,29,10 30,31,10 27,28,5 28,28,12 27,27,11 24,24,8 28,26,8 27,28,9 31,32,13 24,24,8 32,35,2 46,55,7 53,66,14 44,50,37 50,61,60 46,53,46 32,32,27 26,24,22 27,25,21 34,32,30 38,36,32 33,33,30 49,61,54 56,68,61 66,78,74 76,88,92 13,17,19 19,23,27 18,19,24 19,18,21 16,17,20 29,35,36 20,21,24 18,22,26 18,19,24 21,21,31 20,23,30 23,23,31 12,11,16
99,66,27 113,77,30 136,94,42 140,95,47 136,91,43 135,94,45 100,65,27 93,62,25 191,108,25 44,43,36 43,43,38 42,40,36 39,39,34 34,35,27 25,23,24 24,22,20 24,22,20 23,21,19 24,22,23 20,18,19 17,15,16 23,21,22 37,35,36 39,37,35 27,26,19 28,28,14 28,28,12 31,32,13 30,30,14 27,28,9 26,26,10 26,26,10 26,26,12 26,26,12 38,39,16 54,59,16 63,71,30 61,70,40 47,57,51 77,89,82 31,31,26 32,32,29 27,25,23 39,37,33 23,21,22 28,26,24 32,32,29 44,54,51 51,63,59 58,70,63 69,82,81 28,30,30 20,23,30 21,26,32 17,18,21 15,19,21 18,19,22 19,23,27 23,24,27 17,17,25 18,23,29 19,24,30 18,26,31 13,10,14
99,67,25 111,74,32 133,92,43 135,92,45 131,90,43 106,72,31 96,65,26 96,65,28 126,75,38 39,39,34 39,40,32 39,39,36 37,37,32 36,36,31 21,19,20 20,18,16 23,21,19 23,21,19 24,22,23 26,24,25 28,26,27 24,22,23 30,28,29 39,37,38 37,35,36 27,25,26 29,30,20 27,27,13 27,27,11 28,29,10 28,28,12 28,28,12 27,27,13 41,42,19 63,75,30 71,82,40 57,68,53 39,51,42 67,77,71 61,72,61 31,31,26 25,23,21 35,33,31 39,37,35 33,31,29 30,28,26 30,28,29 42,49,47 46,56,53 54,60,61 63,76,75 67,73,76 18,21,28 22,27,33 22,23,28 17,16,19 15,16,21 21,22,25 22,24,24 25,24,29 21,21,29 20,23,30 23,26,33 14,8,13
100,67,28 109,72,32 128,90,42 137,96,49 115,73,31 113,73,37 100,67,28 95,67,29 75,53,33 41,42,34 39,39,34 39,39,36 37,37,32 36,37,29 24,22,23 19,17,15 23,21,19 23,21,19 24,22,23 24,22,23 23,21,22 18,16,17 20,18,19 24,22,23 39,36,40 38,36,37 32,32,29 25,28,20 29,30,20 29,31,14 27,29,14 27,29,14 42,51,21 66,72,31 67,74,38 57,64,48 43,53,50 67,79,72 68,78,75 34,34,29 34,34,29 33,31,29 30,28,26 25,20,19 29,24,23 32,30,28 25,23,21 44,46,46 48,55,53 48,57,57 56,70,66 70,83,84 19,23,27 20,23,30 20,24,28 18,20,20 15,16,19 16,17,20 22,23,26 17,18,21 15,21,24 20,23,30 22,31,33 12,10,11
102,69,30 106,72,31 128,90,42 127,88,45 116,77,36 106,68,31 98,67,28 102,68,27 55,42,35 40,39,32 39,39,34 38,38,33 37,37,34 35,34,27 17,17,14 21,19,17 24,22,23 24,22,23 19,17,15 18,16,17 21,19,20 17,15,16 26,24,25 24,22,23 33,31,29 38,38,35 44,46,46 54,62,52 47,52,46 39,44,40 43,48,47 51,56,52 43,49,38 42,48,39 43,53,45 51,61,58 67,77,71 67,79,70 40,47,42 32,30,28 31,29,25 27,25,23 35,33,31 39,37,35 33,31,29 28,26,24 26,24,22 43,43,43 46,56,53 53,60,55 54,66,59 64,80,78 21,27,30 20,26,29 19,24,30 22,22,32 11,12,15 15,16,19 23,24,27 23,24,27 20,24,28 16,24,29 23,31,36 16,11,13
102,67,29 104,70,29 131,93,45 114,75,36 112,73,34 113,74,33 101,68,29 118,70,14 51,41,29 36,39,29 39,39,34 38,38,38 37,37,32 36,32,26 17,15,11 23,21,19 25,23,21 26,24,22 18,16,14 23,21,19 26,23,27 25,23,24 30,28,29 20,18,16 21,19,17 33,31,32 42,40,41 57,64,59 52,62,56 52,62,56 53,60,55 54,61,56 52,62,56 57,67,61 58,68,62 61,73,66 67,77,69 41,46,42 32,32,27 26,24,22 21,19,17 32,30,28 28,26,24 30,28,26 33,31,29 21,19,17 34,32,30 36,41,37 46,53,51 47,57,54 52,66,62 67,83,83 22,25,32 21,25,29 19,22,29 20,24,28 9,10,13 16,17,20 21,22,25 21,25,27 23,24,27 19,22,29 21,33,37 12,12,12
115,78,38 108,74,33 134,96,48 108,71,31 108,71,31 123,81,41 101,70,31 181,96,2 64,48,31 39,40,32 38,39,29 37,37,34 37,37,34 37,33,27 35,31,25 19,17,15 21,19,17 25,23,21 18,16,14 18,16,17 19,17,15 28,26,27 18,16,17 18,16,14 20,18,16 21,19,17 26,24,25 28,26,27 38,40,40 54,64,61 53,63,57 54,64,58 55,65,59 59,69,63 61,71,65 58,63,59 38,39,31 31,29,27 27,25,23 27,25,21 30,28,24 34,32,30 18,16,14 32,30,28 35,33,31 32,30,28 32,30,26 43,43,38 48,53,52 50,60,57 55,65,62 68,81,82 31,32,35 18,18,26 18,21,28 15,19,21 13,14,19 14,15,18 21,22,27 23,24,29 23,22,25 19,22,29 28,31,38 18,13,15
113,79,38 105,73,31 131,88,41 110,73,33 107,72,34 110,72,35 103,70,31 188,97,10 49,41,28 37,40,30 38,39,29 37,37,37 37,36,29 35,34,27 32,33,25 20,18,14 24,22,20 21,19,17 23,18,17 19,17,18 24,22,20 18,16,17 21,19,20 27,25,23 27,25,23 28,26,27 21,18,22 27,24,28 27,22,24 39,44,40 58,68,62 59,69,63 58,68,62 59,69,63 60,70,64 26,33,31 26,26,26 20,18,16 20,18,19 23,21,19 21,19,17 27,27,22 28,26,24 28,26,24 35,33,31 31,29,27 32,30,28 40,40,35 45,52,50 48,58,55 57,67,64 64,77,78 77,81,85 18,19,24 19,24,30 20,19,24 9,10,15 16,20,24 20,23,30 22,23,28 18,19,22 18,23,29 23,31,36 18,13,15
110,75,37 100,67,28 131,76,33 128,75,34 108,70,33 104,69,31 126,82,40 151,78,17 44,43,36 36,36,31 37,37,32 37,37,32 35,34,27 34,33,24 32,31,24 20,18,16 23,21,19 25,23,21 29,24,21 21,16,15 24,22,20 21,19,17 23,21,19 21,19,20 30,28,29 27,25,26 33,30,34 19,17,18 16,13,17 13,13,13 15,16,19 15,16,21 15,15,15 18,16,17 16,16,16 19,17,18 20,18,19 40,38,39 26,24,25 28,26,24 23,21,17 23,21,19 24,22,20 24,22,20 21,19,17 27,25,23 30,28,26 37,39,34 44,49,48 48,55,53 53,63,60 66,78,74 77,89,95 33,33,30 18,26,33 16,17,20 12,16,20 19,24,30 18,23,29 18,19,24 22,21,24 18,23,29 23,31,36 20,15,17
84,54,26 80,56,23 94,58,27 94,60,30 87,63,28 88,62,23 150,89,26 98,59,31 39,35,25 36,37,29 36,37,29 35,34,27 35,34,27 33,32,25 31,30,21 22,17,14 20,18,16 22,22,22 19,17,15 23,21,19 20,18,16 21,19,17 19,17,18 23,21,22 24,22,23 24,22,20 26,24,22 24,22,20 28,26,24 30,30,27 27,29,29 29,29,26 16,21,20 43,50,48 43,50,45 38,40,35 32,30,26 32,30,28 27,25,23 32,30,28 25,25,25 34,32,30 30,28,26 31,29,27 30,28,26 34,32,30 28,26,24 38,38,35 44,46,43 46,51,50 50,57,55 63,75,71 74,89,92 75,90,95 23,23,23 15,14,19 13,17,21 24,29,35 17,22,28 20,21,26 22,21,24 19,22,29 22,30,35 20,14,19
86,59,25 89,62,28 95,68,32 38,33,21 34,22,12 104,69,31 182,97,3 45,34,29 38,37,28 31,31,26 30,31,23 33,32,23 28,27,18 28,27,18 20,15,3 23,18,17 22,17,16 25,23,24 21,19,20 21,19,17 26,24,25 21,19,20 19,16,20 19,17,18 24,22,23 23,21,19 26,24,25 26,24,22 25,23,21 53,58,57 24,31,29 40,47,40 58,68,60 40,45,41 64,76,69 47,54,47 31,29,25 27,25,23 30,28,26 32,27,26 25,23,24 32,30,28 33,31,29 35,33,31 30,28,26 37,35,33 30,30,27 36,38,33 41,41,36 42,47,41 47,54,49 55,69,65 65,79,75 74,90,90 55,62,60 17,15,16 18,22,26 22,30,35 21,22,27 22,23,28 16,17,20 19,22,29 22,30,35 19,16,22