28,25,29 30,27,31 32,31,34 30,29,32 29,28,31 36,34,42 34,32,40 33,30,36 30,29,32 29,30,35 31,32,37 30,32,32 25,27,27 23,23,23 24,24,24 27,24,30 26,25,30 22,21,26 17,18,21 21,25,27 31,32,35 32,32,42 36,34,42 30,30,30 23,22,25 23,22,25 22,22,22 24,24,24 31,29,37 31,29,39 31,31,39 31,32,35 30,30,40 31,31,41 30,30,38 30,30,38 32,31,36 32,30,40 26,25,30 29,28,33 24,23,26 29,30,33 27,26,29 25,24,27 27,28,31 27,27,24 25,32,27 31,33,33 27,29,29 27,28,31 25,31,32 27,32,31 27,29,29 25,27,27 27,32,31 80,51,16 60,38,18 46,30,15 34,21,18 21,13,19 17,14,18 23,15,21 21,19,20 23,18,20
25,21,30 35,31,40 36,34,44 27,26,31 30,29,34 27,26,29 25,25,25 30,32,32 26,25,28 28,29,34 36,37,42 34,34,44 25,27,27 20,19,24 31,30,33 29,29,29 30,31,34 34,35,38 34,34,44 34,37,44 34,34,42 20,22,22 22,22,22 30,29,34 31,29,39 29,27,35 32,31,36 31,30,35 31,30,33 27,27,27 31,31,39 29,30,33 31,31,39 32,32,40 31,31,39 30,30,38 33,31,39 25,24,29 31,30,33 30,28,36 29,30,33 24,25,28 30,29,32 26,25,28 27,29,26 25,27,24 26,33,28 24,26,26 27,29,29 28,29,32 27,28,31 28,33,32 30,32,32 30,32,32 32,34,34 86,49,23 55,35,17 34,21,16 21,11,12 21,15,20 21,18,22 20,12,18 23,21,22 21,16,18
21,12,23 35,31,40 28,24,35 28,25,31 32,28,37 33,31,39 30,29,34 37,35,43 37,36,39 23,25,25 23,25,25 31,32,35 26,24,32 26,24,32 30,29,34 29,29,29 26,26,26 23,23,20 28,30,27 28,30,30 23,25,22 31,32,35 33,32,35 27,27,22 23,23,20 27,26,29 31,29,37 32,31,34 24,24,21 20,20,17 20,20,15 31,32,35 30,31,34 30,32,32 30,30,38 31,30,35 30,28,36 31,30,35 31,30,33 28,29,32 29,30,33 22,22,22 20,20,20 25,26,29 27,29,26 29,31,28 25,32,27 27,32,28 25,29,31 25,34,34 28,30,30 24,26,26 28,33,32 27,34,32 73,54,38 72,39,14 51,32,20 31,19,19 21,15,20 18,15,19 21,18,22 17,14,18 21,19,20 21,14,17
32,30,38 27,25,33 34,33,38 27,26,29 27,27,27 23,23,23 22,24,24 25,27,22 21,23,18 18,20,15 25,27,24 25,27,24 24,26,21 29,31,31 32,33,36 32,33,36 30,30,27 25,25,20 28,30,25 30,32,27 29,30,18 26,27,17 27,26,29 26,26,26 31,30,35 23,23,23 15,15,10 20,20,17 24,23,26 23,25,20 30,32,32 21,23,20 24,26,26 22,24,24 26,31,27 30,29,32 32,31,34 30,29,32 27,28,31 31,30,33 27,27,27 23,25,22 24,24,24 23,25,25 23,29,20 26,26,23 23,28,22 23,28,24 25,25,25 28,33,32 28,30,27 27,29,26 27,29,29 27,29,29 93,53,19 66,40,26 45,30,21 26,16,20 20,17,21 20,17,21 17,14,18 19,16,20 23,20,24 20,15,17
31,33,33 25,27,27 25,27,24 24,26,23 29,27,35 34,32,40 31,30,35 31,30,35 34,34,44 31,31,39 25,26,29 23,21,19 23,23,20 25,25,22 24,25,15 31,31,28 26,26,21 27,28,20 37,37,21 26,16,15 21,23,23 22,24,19 21,23,20 23,25,22 24,27,17 24,27,19 30,30,25 29,29,29 25,26,18 36,37,29 25,25,20 17,19,16 23,23,20 26,26,23 23,25,25 24,26,26 28,30,30 29,31,31 25,26,29 28,25,31 20,20,17 24,24,21 24,26,23 26,26,23 25,25,22 23,23,23 23,25,25 21,28,23 25,25,25 26,31,30 30,32,29 27,29,26 28,35,33 42,36,27 84,45,17 56,34,14 30,18,23 20,12,18 22,14,20 21,18,22 17,14,18 20,17,21 20,17,21 19,17,18
26,25,28 27,26,29 27,25,33 25,22,28 34,33,38 33,31,39 34,32,40 34,33,38 27,26,31 27,26,29 24,24,21 29,29,29 26,25,28 25,27,27 27,28,20 27,30,20 26,26,23 41,38,25 31,29,30 27,26,29 21,23,23 27,29,26 22,24,19 25,28,20 26,27,17 34,34,20 31,32,22 27,28,20 28,26,22 40,36,19 33,33,17 26,26,23 19,19,16 22,22,19 22,27,23 18,18,18 26,26,26 29,29,29 27,26,29 24,21,25 23,22,25 24,24,19 24,24,21 25,25,22 24,24,21 24,24,21 18,18,15 26,31,30 25,30,24 29,34,30 28,35,30 25,35,29 26,31,30 87,53,23 60,38,18 57,35,17 32,21,28 19,16,20 23,17,22 19,16,20 21,15,20 20,17,21 20,17,21 18,16,17
22,20,28 27,25,33 26,25,30 34,32,40 31,30,35 27,26,29 32,31,34 29,29,29 24,26,26 27,27,24 30,30,30 23,25,20 23,28,22 23,25,20 26,24,20 22,25,17 34,30,13 22,23,15 26,26,21 25,27,22 29,32,24 21,23,18 23,23,18 36,32,24 29,23,14 24,22,20 29,30,20 27,22,19 29,21,10 42,34,21 22,23,13 20,20,15 21,23,18 24,25,17 28,30,27 19,19,16 22,24,21 55,34,21 25,25,25 23,21,19 24,24,19 21,23,20 27,27,24 24,24,21 19,19,16 20,20,17 24,22,20 29,29,24 30,28,24 33,40,38 30,30,25 28,35,33 45,30,19 89,49,24 54,33,18 48,32,19 26,19,22 20,17,21 19,16,20 20,14,19 23,20,24 21,18,22 21,15,20 20,17,21
30,27,33 30,27,33 25,26,31 31,31,31 32,32,32 26,26,26 27,27,24 25,22,26 24,25,28 22,24,24 19,24,20 24,26,26 25,26,18 59,50,44 20,24,26 49,42,26 17,19,19 23,21,17 32,35,27 24,26,21 19,19,14 23,25,22 52,44,22 32,31,22 25,25,11 31,24,8 24,26,11 36,33,18 29,22,20 32,28,18 28,31,23 22,23,15 24,24,21 27,27,24 21,19,17 20,22,19 24,26,23 53,27,13 25,30,24 17,17,17 21,19,15 23,24,16 16,18,15 22,25,17 23,24,16 23,22,13 33,23,11 37,34,19 29,29,29 36,37,29 31,33,28 33,31,27 91,56,29 75,44,21 48,32,19 33,22,19 23,15,23 20,17,21 19,13,18 22,16,21 23,20,24 19,16,20 23,20,24 22,16,21
15,15,15 27,27,27 32,31,36 30,29,34 32,30,38 27,27,27 29,29,24 25,23,21 26,26,26 21,26,20 40,31,16 45,34,27 36,28,6 91,64,3 64,46,25 18,18,15 29,30,22 24,24,21 24,23,16 25,31,22 31,29,25 67,49,19 27,25,21 52,47,35 35,27,16 43,34,19 54,44,20 42,37,23 41,37,20 31,32,24 23,29,20 29,30,22 26,27,19 22,23,15 22,22,17 25,27,24 30,23,21 51,29,11 24,22,20 20,20,15 20,20,15 34,36,21 25,28,20 20,25,19 25,26,18 25,23,19 23,23,18 20,18,16 27,25,21 25,25,22 26,24,20 40,25,14 80,43,19 57,36,13 35,22,15 37,21,19 20,14,19 21,15,20 21,13,19 19,11,17 21,18,22 23,20,24 20,17,21 21,18,22
21,16,18 32,26,33 24,25,30 26,26,23 23,23,23 33,32,35 29,30,33 42,40,22 37,32,29 28,30,27 30,25,27 19,19,14 27,31,33 51,42,36 49,44,32 23,21,17 23,25,22 23,25,22 25,28,20 32,31,24 72,60,34 21,26,22 38,29,14 25,24,13 47,36,29 47,40,22 73,56,21 43,35,22 43,45,30 18,21,13 32,28,20 32,24,13 31,25,16 33,30,15 31,30,19 27,28,20 42,26,13 63,37,14 18,17,20 23,23,18 24,24,19 23,21,17 24,24,10 31,19,9 31,20,13 23,21,17 26,19,17 29,24,23 35,34,23 24,25,17 31,30,21 87,53,23 66,42,18 50,34,19 44,28,15 26,16,17 20,12,18 22,11,18 21,13,19 22,14,20 22,16,21 20,12,18 20,17,21 21,15,20
27,25,26 28,26,27 26,24,25 23,23,20 34,29,31 25,25,25 27,29,29 30,31,23 37,29,18 73,54,31 27,26,29 42,40,38 30,22,28 34,34,29 29,31,28 84,66,22 30,31,23 36,38,23 23,26,16 36,26,2 23,23,20 47,37,25 27,34,27 46,35,16 25,23,21 36,31,17 55,33,0 54,43,24 21,23,18 28,27,16 36,25,6 23,19,11 29,16,9 65,45,13 47,36,21 47,36,17 47,26,11 57,32,15 34,23,16 27,22,21 30,24,17 40,32,19 44,37,21 39,30,15 33,23,13 37,26,19 37,36,29 38,29,21 36,37,27 60,50,38 30,29,20 83,51,19 58,40,19 42,30,18 45,29,14 26,16,20 20,13,16 17,14,18 26,18,24 20,14,19 19,13,18 19,13,18 20,14,19 21,15,20
25,22,26 34,31,37 28,30,27 26,26,26 26,30,34 26,26,23 26,27,17 27,24,28 28,25,29 30,24,19 38,33,19 40,40,40 37,28,24 27,27,24 24,24,24 32,35,25 59,42,18 26,24,20 33,28,25 46,36,35 40,31,23 30,27,14 64,49,13 59,43,26 71,65,42 22,24,21 39,28,23 28,27,20 44,27,17 60,40,20 25,31,18 36,26,16 67,53,24 32,28,18 42,26,9 31,21,11 48,29,15 69,40,18 79,42,16 72,56,23 59,42,5 34,23,16 55,38,12 48,34,18 26,27,19 26,26,21 34,28,21 39,35,27 44,38,29 54,50,33 82,52,35 73,45,16 46,30,15 43,30,23 33,22,17 30,20,21 20,15,17 18,15,19 22,16,21 20,14,19 19,13,18 19,13,18 19,13,18 17,14,18
38,28,27 35,28,31 40,32,38 26,23,27 46,42,32 54,47,31 89,74,38 40,31,16 32,33,38 27,28,31 38,32,27 56,47,20 27,29,24 27,27,24 22,22,19 32,30,26 57,43,25 36,33,20 78,57,32 38,33,21 61,48,25 61,44,20 59,44,22 34,29,26 23,28,24 50,35,26 32,23,17 27,22,21 53,35,16 70,41,21 81,47,15 48,35,1 32,29,14 40,35,21 21,23,18 29,22,20 62,37,18 79,42,16 91,47,17 81,47,13 57,45,19 22,24,21 54,46,35 54,44,22 48,35,12 26,31,30 27,25,21 37,34,21 47,38,32 32,29,14 82,45,19 71,47,25 31,20,15 29,19,18 31,21,20 22,17,19 23,12,19 23,15,21 19,16,20 19,13,18 22,14,20 17,14,18 19,13,18 21,13,19
37,27,31 116,87,36 56,40,25 50,42,31 36,22,22 71,53,32 69,50,13 43,35,0 54,33,10 107,85,22 58,38,20 96,73,33 26,31,30 27,28,31 31,31,26 44,28,15 25,23,21 79,63,19 31,30,21 42,35,17 50,32,13 54,38,7 73,54,29 65,51,26 31,30,19 125,91,30 19,17,15 28,21,24 57,30,12 73,41,11 89,48,21 73,46,10 47,38,19 51,39,13 55,41,14 36,23,20 75,41,19 100,56,18 104,56,13 108,63,15 27,26,17 27,29,26 20,22,19 20,20,17 50,43,27 25,26,18 24,23,14 60,46,21 28,23,22 93,60,35 79,43,14 52,33,19 33,24,20 32,22,26 30,20,21 26,20,25 20,12,18 26,20,25 24,21,25 21,18,22 20,12,18 20,12,18 23,15,21 20,12,18
39,29,19 32,30,28 41,39,37 25,19,24 33,26,26 86,65,24 35,33,31 35,26,20 102,75,28 62,40,22 95,69,17 88,63,44 47,41,16 56,45,10 30,27,3 40,37,22 60,50,28 74,45,23 44,37,21 41,31,21 92,73,34 65,48,22 67,51,7 62,47,25 49,37,25 93,62,0 26,18,24 65,45,25 67,37,20 109,54,13 175,86,16 159,88,35 58,42,25 20,18,16 30,24,19 45,25,18 80,40,15 116,61,20 137,70,20 111,61,17 25,21,13 34,30,20 25,25,25 29,23,18 27,28,9 33,35,20 21,27,16 60,41,14 29,18,11 86,50,17 68,40,13 39,26,19 29,19,23 24,16,22 20,17,21 24,16,22 23,15,23 24,21,25 21,18,22 20,17,21 20,12,18 20,12,18 23,12,19 19,13,18
73,55,25 54,46,33 33,23,27 37,33,16 33,20,28 31,19,19 35,28,28 50,42,31 39,28,13 45,28,18 73,56,19 46,34,22 61,52,25 56,46,22 78,52,29 34,21,16 45,33,23 27,26,17 87,62,16 47,33,17 66,58,22 35,28,12 28,23,20 62,47,25 50,39,6 51,34,0 26,21,18 44,28,26 122,60,20 144,72,26 185,87,25 183,96,28 59,42,14 35,24,31 64,36,27 47,31,29 118,55,20 103,46,15 168,82,18 172,89,24 52,34,29 25,26,18 33,29,21 81,43,0 29,29,26 57,47,23 94,70,35 34,24,12 89,53,24 76,44,14 54,32,14 29,19,18 24,16,22 22,16,21 26,19,22 18,16,17 26,18,24 25,19,24 21,15,20 17,14,18 19,13,18 19,13,18 17,14,18 13,12,15
44,25,9 105,82,42 85,66,31 104,72,15 73,49,14 100,74,35 46,23,10 77,55,21 62,48,23 58,46,18 60,43,19 74,53,26 36,32,26 44,26,21 81,59,14 59,52,34 29,30,20 34,23,18 25,20,19 32,32,16 42,31,14 50,44,35 79,63,21 79,62,13 32,29,14 60,52,18 30,20,21 45,28,20 107,49,23 64,30,12 130,74,48 162,73,17 68,50,20 72,54,33 34,21,16 62,37,20 115,59,23 70,34,12 137,70,20 172,86,18 124,80,50 24,24,19 23,26,18 26,24,20 121,85,23 41,31,21 59,35,13 93,68,24 84,49,24 68,39,19 43,27,21 29,18,25 26,15,22 22,16,21 26,20,25 22,17,19 21,19,20 27,22,24 23,17,22 23,12,19 20,14,19 18,15,19 19,13,18 20,12,18
87,71,27 60,48,9 39,29,17 125,98,35 70,51,12 56,45,28 92,63,10 36,25,10 35,31,21 28,18,17 65,39,25 105,79,25 83,58,14 72,51,8 58,45,22 93,72,16 42,37,23 89,62,15 71,47,10 73,50,19 54,34,4 84,65,26 64,53,34 100,80,30 96,67,6 88,56,0 45,23,15 47,25,17 143,64,20 51,30,26 125,68,39 209,97,26 133,82,47 17,20,12 31,24,22 84,43,27 125,70,29 49,32,22 162,82,23 180,85,24 43,34,28 26,31,30 24,25,17 26,32,23 33,27,22 111,74,19 51,44,24 88,52,21 64,38,13 48,29,13 47,32,23 23,17,22 24,16,22 21,18,22 24,17,17 27,20,23 19,19,19 19,17,18 21,18,22 18,15,19 22,16,21 20,18,19 21,19,20 24,14,18
36,27,19 38,29,25 84,65,8 112,87,30 86,66,20 51,42,23 52,39,18 60,54,31 67,50,13 115,88,23 99,78,26 89,62,28 68,39,4 107,79,21 70,46,11 61,45,14 50,43,25 31,38,31 37,33,27 29,25,19 24,27,17 101,84,49 48,29,2 47,40,20 49,45,28 42,33,25 76,61,39 52,26,14 113,64,28 84,48,28 142,69,26 133,66,23 85,50,25 33,33,28 43,32,27 81,43,22 63,32,13 128,62,28 144,69,20 164,84,29 33,29,23 27,29,26 26,22,12 24,27,19 31,26,14 27,22,21 89,49,15 92,58,26 58,36,18 41,25,19 28,18,19 28,17,24 18,12,17 20,19,22 29,19,20 17,17,17 23,21,22 19,17,18 19,19,19 18,16,17 18,18,18 21,19,20 21,19,20 17,15,16
54,38,36 42,30,4 109,84,25 72,46,21 60,44,13 72,51,10 47,40,24 84,67,20 41,23,2 64,48,17 52,33,8 88,68,7 76,58,16 52,34,13 106,85,31 62,49,42 48,32,17 27,27,22 47,41,32 25,30,29 20,18,14 22,28,15 38,32,9 18,26,12 26,24,25 23,25,22 42,27,16 42,27,18 56,31,12 53,30,17 112,57,16 77,43,23 67,40,22 30,25,22 48,33,24 74,38,18 52,33,19 106,53,28 114,54,15 122,65,21 27,30,20 25,27,22 32,31,20 68,55,32 36,41,37 24,25,28 102,58,30 75,44,21 52,31,18 31,17,17 25,14,23 26,15,22 20,12,20 22,16,21 21,16,15 21,19,20 22,17,19 21,19,20 22,17,19 19,17,18 22,22,22 20,18,19 18,16,17 21,19,20
80,50,6 105,80,21 69,49,19 76,54,18 69,50,11 96,76,17 50,42,18 84,62,13 92,71,17 93,68,22 69,49,3 74,53,12 85,64,12 47,36,17 90,73,8 72,45,13 55,51,34 54,47,29 22,22,17 23,28,22 26,25,18 26,27,19 20,21,13 17,17,12 28,30,27 27,22,21 55,29,17 46,28,23 51,33,14 70,44,21 95,51,23 94,55,25 57,34,21 29,19,18 38,27,22 49,27,19 59,32,16 93,51,27 90,48,24 93,59,29 31,30,19 63,58,44 23,28,24 38,33,21 31,33,18 38,31,31 95,49,19 61,39,19 37,26,21 32,22,26 22,17,19 21,15,20 23,15,21 28,21,24 22,17,19 20,18,19 19,17,18 20,18,19 20,20,20 18,16,17 19,17,18 19,17,18 20,18,19 18,16,17
65,40,0 99,68,17 37,23,9 94,73,32 76,50,11 45,37,15 104,80,14 93,64,15 100,70,14 89,68,14 84,62,15 85,67,7 92,71,19 67,50,24 74,49,19 79,57,23 45,36,21 48,45,32 49,37,25 20,15,12 34,33,22 50,39,20 27,25,7 23,23,18 13,13,8 53,33,26 99,63,43 45,36,19 50,31,15 79,43,21 105,61,31 101,55,25 60,39,26 28,21,21 44,33,26 52,31,16 73,44,22 92,52,27 100,59,28 88,53,26 64,56,43 33,29,10 32,32,29 19,29,21 19,17,15 84,50,20 68,42,21 50,33,23 28,18,22 30,20,24 23,15,21 20,12,18 22,16,21 23,17,22 21,16,18 19,14,16 25,20,22 20,20,20 20,20,20 24,22,23 20,18,19 21,19,20 19,17,18 18,16,17
126,90,30 100,77,17 80,59,16 48,32,26 41,29,17 103,77,25 86,64,15 74,56,14 84,60,23 64,44,14 59,48,31 63,49,22 40,30,18 95,73,10 40,33,6 44,45,26 85,73,18 38,27,8 30,25,13 24,25,17 22,22,19 29,31,26 32,23,19 28,33,27 27,32,28 46,35,32 32,18,18 40,20,13 67,31,11 75,39,19 97,53,27 99,56,23 77,48,26 34,19,10 38,29,23 50,34,19 66,40,15 89,50,22 103,58,25 93,58,31 20,22,19 24,27,19 41,27,27 87,65,27 44,42,22 82,46,13 52,31,16 45,29,25 28,18,22 24,13,20 22,14,20 20,15,17 26,20,25 20,17,21 19,19,19 19,17,18 23,21,22 18,18,18 21,19,20 21,19,20 19,17,18 20,18,19 19,17,18 18,16,17
136,103,55 72,50,16 77,55,19 94,68,14 83,59,8 108,83,26 55,37,0 107,80,19 91,71,25 90,67,7 72,53,16 72,50,14 70,51,26 50,38,28 48,36,8 35,30,18 79,64,26 41,31,19 26,21,9 20,22,17 32,24,13 23,24,16 28,27,18 27,33,24 25,27,22 24,25,28 29,15,15 34,18,12 64,27,12 68,30,9 97,53,27 107,64,31 80,51,27 30,20,21 32,21,16 43,27,12 69,40,16 85,45,20 99,53,23 108,52,16 23,23,18 16,16,13 82,67,29 78,63,25 83,52,29 67,38,16 44,25,13 43,30,25 28,17,24 20,14,19 20,12,18 21,18,22 21,18,22 22,16,21 20,15,17 20,18,19 19,17,18 17,15,16 21,19,20 20,18,19 20,18,19 18,16,17 18,16,17 19,17,18
75,53,8 71,48,6 49,29,0 62,39,8 71,47,14 98,76,29 56,35,12 80,63,37 91,66,9 98,72,18 95,69,17 50,37,16 40,32,10 31,16,5 60,44,13 46,40,15 44,40,21 49,46,31 22,24,19 27,27,27 29,29,24 34,33,22 30,33,25 24,26,23 21,27,18 25,31,22 29,15,17 28,14,14 29,17,19 46,19,12 75,34,18 77,31,15 77,31,15 81,33,15 107,57,24 121,58,23 95,46,24 79,42,18 93,49,21 104,58,19 36,26,16 21,25,27 42,37,23 33,34,24 83,46,20 53,32,17 31,19,21 33,21,21 29,19,23 22,12,16 19,13,18 25,19,24 20,18,19 22,17,19 19,14,16 19,17,18 18,16,17 20,15,17 19,17,18 20,18,19 19,17,18 19,17,18 21,19,20 21,16,18
75,54,31 95,73,0 53,36,12 36,19,20 80,60,10 92,68,4 78,55,15 76,49,13 89,56,29 71,40,19 81,50,31 67,43,19 78,47,24 70,46,22 68,46,26 88,54,22 99,55,25 79,46,21 62,33,13 43,32,17 37,36,29 22,27,23 35,37,34 32,33,23 29,31,26 22,22,17 30,18,18 29,17,19 34,17,20 36,18,15 79,34,11 80,35,12 76,33,14 80,34,16 148,69,30 155,75,20 114,49,8 81,41,18 100,56,28 92,52,29 35,27,14 19,12,15 23,23,20 56,29,11 70,44,23 52,31,16 33,23,24 41,28,23 29,19,23 23,12,19 21,15,20 22,16,21 20,18,19 21,16,18 20,18,19 18,16,17 21,19,20 20,18,19 17,15,16 22,22,22 21,18,22 17,15,16 22,17,19 18,16,17
21,11,12 90,73,22 88,64,9 127,94,15 91,73,13 77,71,7 68,46,26 46,35,20 38,28,27 27,20,23 31,24,24 31,24,24 29,22,25 30,20,19 43,31,21 47,36,21 41,27,11 65,44,19 62,42,22 67,43,21 64,40,18 88,58,32 89,53,24 92,53,25 117,63,29 98,60,23 40,16,8 33,21,23 55,41,41 43,28,19 62,30,14 78,42,24 57,26,7 59,30,10 120,71,22 116,58,21 98,57,28 111,60,32 109,65,35 79,52,34 23,25,20 56,35,10 94,85,58 80,44,22 47,24,9 38,25,20 32,20,22 35,24,31 22,17,19 17,14,18 24,22,20 19,17,18 20,18,19 20,18,19 18,16,14 17,17,14 19,17,18 19,17,18 18,16,14 21,18,24 18,16,17 17,15,16 17,15,16 19,17,18
110,86,20 117,83,24 101,66,12 118,90,32 91,64,19 47,32,21 25,22,26 20,21,24 22,16,23 23,22,25 23,22,25 23,21,22 23,21,22 23,20,24 25,23,24 30,25,22 40,31,25 42,29,24 50,38,28 51,36,25 42,30,20 57,43,27 68,50,31 57,39,20 63,42,19 69,46,17 87,50,26 94,55,27 114,70,28 107,55,23 69,37,23 96,62,32 82,54,25 90,60,32 113,70,35 61,31,16 55,30,11 105,49,13 99,55,27 72,37,22 26,26,21 30,20,21 50,36,18 60,38,18 41,28,21 36,25,22 29,19,20 26,20,25 20,14,19 17,15,16 23,21,22 21,19,20 19,17,18 18,16,17 20,18,16 20,20,20 18,18,18 18,16,17 20,18,19 19,17,18 19,17,18 18,16,17 17,15,16 19,17,18
114,85,22 104,79,22 106,85,31 75,47,18 51,31,22 24,14,15 22,22,22 21,19,17 23,20,24 23,20,24 23,23,23 23,23,23 23,23,23 24,24,24 22,22,22 21,18,22 26,21,20 28,23,20 26,22,16 35,26,22 37,28,20 53,41,31 56,41,32 45,31,17 52,36,23 48,32,19 48,32,17 51,37,21 53,37,20 53,38,18 58,36,16 63,37,16 79,45,15 95,56,26 93,57,28 59,32,14 61,27,9 104,49,8 83,42,22 73,31,18 29,42,30 25,23,24 85,48,24 52,33,17 43,29,29 29,17,17 26,15,22 20,18,19 17,17,17 20,20,20 21,19,20 25,20,22 20,18,19 20,18,19 22,21,24 18,16,17 20,18,19 20,18,19 23,23,23 19,17,18 18,16,17 18,16,17 18,16,17 18,16,17
110,84,34 82,54,16 43,26,16 37,28,24 27,20,23 21,18,22 23,23,23 24,24,24 20,20,20 22,22,22 22,22,22 19,19,16 22,22,19 24,24,24 23,23,23 23,23,23 22,22,19 22,22,19 20,20,17 24,22,20 26,24,20 39,30,26 38,29,23 41,28,21 43,31,21 45,32,27 43,30,23 39,26,21 43,30,23 40,27,20 46,30,17 48,34,20 48,34,20 58,40,21 64,40,16 88,52,23 99,56,21 94,42,10 66,30,10 84,36,9 20,20,15 38,39,29 67,38,14 38,21,22 31,19,21 29,19,23 23,17,22 25,20,22 20,18,19 19,17,18 26,24,25 21,19,20 20,18,19 19,17,18 22,22,22 20,18,19 21,19,20 19,19,19 21,19,20 16,14,15 20,18,19 18,16,17 18,16,17 18,16,17
48,34,20 31,23,29 22,22,22 23,21,22 20,17,21 20,20,20 21,19,20 24,22,23 19,19,19 20,20,17 19,19,16 20,20,20 23,23,23 22,22,19 20,22,22 23,23,23 24,24,24 19,19,16 24,24,24 24,24,24 28,26,24 24,22,20 27,22,21 29,24,21 30,23,21 29,25,19 37,28,22 32,23,19 32,23,17 43,31,21 45,35,25 41,29,19 47,35,25 44,29,18 49,35,19 62,47,25 68,49,24 65,41,19 90,59,22 91,50,21 78,45,8 91,47,17 54,34,14 26,13,21 30,23,21 23,15,21 21,19,20 20,18,19 21,19,20 20,18,19 21,19,20 23,18,20 21,16,18 19,17,18 20,18,19 18,16,17 21,18,22 20,14,19 19,16,20 19,17,18 19,17,18 17,15,16 22,17,19 17,15,16
23,18,20 17,14,18 23,17,22 21,19,20 21,18,22 25,22,26 23,22,25 23,21,22 23,23,23 24,24,24 24,24,24 24,24,24 24,24,24 20,22,22 21,19,20 23,23,23 20,20,17 22,22,19 25,25,25 25,25,25 24,24,24 24,24,24 26,26,26 27,25,23 28,23,22 32,27,26 34,28,23 31,25,20 34,28,23 37,31,26 31,25,20 38,27,24 35,26,20 42,30,20 45,30,21 43,28,19 60,45,25 65,41,17 86,54,24 108,64,26 116,70,29 71,37,15 35,22,17 23,16,19 22,17,19 22,15,18 20,20,20 19,19,19 23,21,22 18,18,18 24,22,23 20,18,19 20,18,19 22,22,22 22,22,22 22,22,22 20,18,19 18,16,17 18,15,19 18,16,17 20,18,19 19,17,18 19,14,16 21,16,18
21,19,20 18,16,17 23,21,22 19,16,20 28,25,29 24,21,25 24,21,25 22,22,19 19,19,19 23,23,23 23,23,23 24,24,24 22,22,22 25,25,22 22,22,19 20,20,20 25,25,25 20,20,17 23,23,23 22,22,22 20,20,20 22,22,22 23,25,25 25,25,25 27,25,26 24,22,23 34,28,23 35,29,22 35,29,24 39,30,26 31,25,20 30,23,21 38,29,25 40,31,27 40,29,22 60,43,33 52,32,14 64,43,20 88,53,28 128,80,37 87,48,18 55,35,15 33,19,19 26,19,22 23,16,19 25,15,19 25,20,22 23,21,22 20,18,19 21,19,20 21,19,20 19,17,18 18,16,17 20,18,16 18,18,18 20,18,19 17,15,16 19,17,18 21,18,22 17,14,18 22,21,24 20,15,17 18,13,15 17,15,16
23,20,24 20,17,21 18,15,19 24,21,25 22,16,21 21,18,22 19,16,20 19,19,16 17,17,17 22,22,22 20,20,20 23,23,23 22,22,22 20,22,19 23,23,20 25,25,22 23,23,20 20,20,17 23,23,23 22,24,24 24,23,28 25,25,25 24,24,24 22,22,22 24,24,24 23,23,23 23,23,20 28,26,24 33,29,23 31,29,25 28,27,20 33,26,24 33,29,23 34,30,24 26,16,15 42,28,14 54,35,23 56,37,14 73,47,24 83,46,20 66,41,22 42,26,13 30,20,24 28,21,24 28,18,22 24,17,20 23,16,19 23,21,22 19,17,18 19,17,18 20,17,21 20,17,21 20,18,19 20,18,16 20,20,20 18,16,17 18,16,17 18,16,17 18,17,20 18,16,17 20,17,21 18,13,15 18,16,17 20,17,21
24,21,25 24,21,25 24,21,25 23,20,24 24,21,25 23,20,24 23,20,24 21,19,20 20,20,20 19,19,19 22,22,22 19,19,16 22,22,22 22,22,22 23,23,20 21,23,20 19,19,16 24,24,24 21,19,17 23,23,23 24,24,24 23,22,25 24,24,24 25,25,25 24,24,24 24,24,24 25,25,25 25,25,25 32,27,24 28,26,22 27,22,19 26,21,20 30,28,24 28,26,22 32,23,15 44,33,30 43,26,16 48,29,13 59,41,20 62,41,18 44,29,18 38,25,18 24,16,22 24,16,22 18,12,17 21,18,22 21,16,15 22,17,16 23,21,22 20,20,20 20,17,21 21,19,20 21,16,18 19,17,18 19,19,19 20,18,19 20,18,19 19,17,18 21,19,20 22,17,19 24,21,25 21,16,18 19,14,16 21,15,20
24,21,25 25,22,26 23,20,24 21,19,20 23,18,20 22,22,22 21,18,22 22,22,22 21,19,20 24,24,24 22,22,22 18,18,18 22,21,24 21,19,20 20,20,17 17,15,13 20,18,16 20,18,19 24,24,21 20,20,20 24,24,24 25,25,25 24,24,24 23,23,23 24,24,24 22,22,22 20,20,20 20,18,19 23,23,23 23,23,23 25,25,25 27,25,23 29,22,20 30,28,24 27,23,15 43,33,23 41,29,19 49,34,23 49,33,18 48,32,17 27,15,15 28,18,22 26,20,25 23,20,24 19,16,20 21,19,20 28,18,22 20,18,19 23,21,22 19,14,16 20,18,19 19,17,18 18,16,17 21,19,20 19,17,18 24,22,23 19,17,18 17,15,16 20,18,19 17,15,16 21,19,20 17,15,16 16,14,12 19,12,15