21,19,20 20,18,19 21,19,20 22,22,22 22,22,22 22,22,19 19,19,19 19,19,19 18,18,15 20,20,17 20,20,20 22,22,19 19,19,16 19,19,16 19,19,16 22,22,19 18,18,18 23,23,23 22,22,22 22,22,22 20,20,20 20,20,20 23,21,22 23,21,22 19,19,19 20,20,20 19,19,16 20,20,17 19,19,19 19,19,19 22,22,22 20,20,17 20,20,17 18,18,18 20,20,17 22,22,22 19,19,19 19,19,16 26,26,26 21,22,25 23,23,20 22,21,24 27,27,27 26,25,28 23,21,17 24,22,20 23,21,19 20,20,17 22,22,22 20,20,17 20,20,17 22,22,19 22,22,22 44,27,28 25,25,25 25,20,19 34,31,37 20,19,22 22,22,22 23,23,20 20,20,17 22,22,17 19,19,16 20,20,15
24,22,23 24,22,23 23,21,19 22,22,22 22,22,22 19,19,16 22,22,22 20,20,20 20,20,17 19,19,16 20,20,17 23,23,23 20,20,17 22,22,19 22,22,19 20,20,17 20,20,20 23,23,23 18,18,18 22,22,22 19,19,19 22,22,22 17,15,16 24,22,23 22,22,22 22,22,22 20,20,17 20,20,17 20,20,20 23,23,23 19,19,19 19,19,16 19,19,16 22,22,22 23,23,20 20,20,20 20,20,20 20,20,17 30,30,30 20,21,24 24,24,21 23,22,25 27,27,27 26,25,28 23,21,22 24,22,20 23,21,19 23,23,20 22,22,22 22,22,17 22,22,19 22,22,19 23,23,23 25,24,27 39,22,14 23,21,22 38,35,41 29,28,31 18,18,18 22,22,19 20,21,13 23,23,20 23,23,20 30,30,27
23,21,22 21,19,20 27,25,26 22,22,22 22,22,22 20,20,20 22,22,19 22,22,19 20,20,17 20,20,17 22,22,19 25,25,22 23,23,20 20,20,20 22,22,22 18,18,15 20,20,17 24,24,24 20,20,20 20,20,20 20,20,20 23,21,22 20,20,20 20,20,20 18,17,20 17,16,19 19,19,16 20,20,20 20,20,20 22,22,19 22,22,19 20,20,17 22,22,19 22,22,19 22,22,22 22,22,22 20,20,17 23,21,22 26,25,30 19,18,21 23,23,23 25,24,27 29,28,31 24,24,24 21,18,22 25,23,24 25,23,21 20,20,15 20,20,17 19,19,19 20,20,20 22,22,17 22,21,24 25,24,27 29,28,33 23,21,22 36,35,40 26,26,26 22,22,17 22,23,15 20,20,20 19,18,21 32,32,32 23,23,20
23,23,23 23,23,23 22,22,22 20,20,20 19,19,19 20,20,20 22,22,19 23,23,20 23,23,20 22,22,19 20,20,20 24,24,21 23,23,23 25,25,25 22,22,22 23,23,18 20,20,20 22,22,22 23,23,23 20,18,19 23,21,22 23,21,22 25,23,24 20,20,20 23,21,22 20,20,20 18,18,18 16,16,16 24,23,26 19,19,19 22,22,19 19,19,19 22,22,22 20,20,20 24,24,24 22,22,22 20,20,17 26,25,28 28,25,31 23,21,29 27,25,33 23,22,27 25,23,31 25,24,29 20,20,20 20,19,22 24,22,23 22,22,19 22,22,19 21,19,20 21,19,17 24,24,19 23,22,25 18,17,20 27,26,29 24,24,24 27,25,33 33,33,33 20,20,17 22,22,19 18,18,15 23,23,20 23,23,23 23,23,20
23,21,22 21,19,20 20,18,19 23,21,22 23,21,19 20,20,17 23,23,20 23,23,20 20,20,17 27,27,22 24,24,24 23,23,20 22,21,24 23,23,23 25,23,24 23,23,20 23,23,23 20,20,20 23,23,23 23,21,22 24,22,23 25,23,24 21,18,24 19,19,19 22,22,19 18,18,18 20,20,17 22,22,19 23,21,19 22,22,22 19,19,19 19,19,19 25,24,27 22,22,19 20,20,20 20,20,17 20,20,15 25,25,25 31,28,34 19,16,20 18,17,22 23,23,23 26,25,30 24,22,30 23,22,27 20,19,24 23,20,24 23,20,24 24,24,24 21,19,20 21,19,17 22,22,19 25,25,25 25,24,27 27,26,31 24,23,26 31,29,39 32,31,36 18,18,18 18,18,18 23,21,22 23,21,22 22,22,22 22,22,22
23,21,19 33,31,29 36,36,31 23,21,22 22,22,19 20,18,16 25,25,22 23,23,23 44,44,41 16,19,11 26,21,23 25,20,19 23,20,24 24,24,21 27,24,28 23,21,19 22,22,19 22,22,19 22,22,22 27,24,30 20,17,21 25,23,24 21,18,22 23,23,23 24,24,21 23,23,23 19,19,19 22,22,22 19,19,16 22,22,19 24,24,21 20,20,20 19,19,16 22,22,19 23,23,20 22,22,19 22,22,22 19,18,21 18,14,23 24,21,25 20,21,26 24,21,27 24,23,28 19,18,23 19,18,23 31,29,37 27,24,30 23,22,25 27,27,27 22,22,19 22,22,19 23,23,18 24,23,26 25,24,29 26,25,30 27,26,29 32,30,38 20,19,24 22,22,19 16,16,16 25,23,24 21,19,20 23,21,19 23,23,20
28,22,27 32,32,29 34,37,25 22,22,19 23,23,20 23,23,20 26,24,22 23,21,22 38,39,31 24,24,21 23,23,18 36,43,36 27,25,23 30,28,29 26,24,25 23,23,20 24,24,24 22,22,22 22,22,19 24,21,27 24,23,26 20,17,23 25,23,24 24,22,23 25,26,18 22,22,19 23,23,18 22,22,22 22,22,19 23,23,18 22,22,19 18,18,15 22,22,22 20,20,17 22,22,19 20,20,17 23,23,20 24,23,28 27,25,35 26,24,32 29,27,35 25,22,28 26,23,29 25,23,31 22,21,26 55,55,63 37,35,43 26,23,29 26,24,22 21,19,17 22,22,17 22,22,19 24,23,28 26,25,30 29,28,31 19,18,21 23,22,27 25,24,29 24,24,24 25,23,24 26,24,25 27,24,28 38,36,37 33,31,32
50,49,54 37,39,39 30,32,27 24,24,19 24,22,20 23,21,19 20,18,16 22,24,21 25,25,25 23,23,23 67,47,40 78,48,63 48,46,47 39,37,35 26,23,27 24,24,21 23,23,23 25,23,24 23,21,22 26,23,27 25,23,24 23,21,22 22,22,22 24,22,20 23,24,16 24,24,21 20,20,20 24,24,21 22,22,22 24,21,25 23,23,18 24,24,19 23,23,20 22,22,22 24,24,21 22,22,19 24,22,20 26,24,32 28,30,46 26,23,29 29,28,33 24,22,30 26,25,28 27,21,26 23,21,22 45,44,49 30,29,34 25,24,27 22,23,13 22,22,17 22,22,22 20,20,15 24,23,26 25,24,29 27,26,29 29,28,33 27,25,33 27,25,33 23,23,18 24,22,20 24,21,25 24,21,25 23,23,20 22,22,19
51,50,55 45,47,47 32,31,34 39,43,26 22,22,22 23,23,20 26,24,25 23,23,20 23,23,23 25,25,25 85,47,70 224,121,156 78,63,73 20,18,19 27,25,26 23,21,22 24,22,23 25,20,22 26,26,23 27,26,31 29,28,33 23,22,25 23,23,20 22,22,22 24,24,21 29,29,24 23,23,23 23,23,20 23,23,23 24,21,25 22,22,22 22,22,22 20,20,20 24,23,26 27,27,27 31,32,37 25,23,24 24,21,27 25,25,33 25,23,31 27,26,31 25,24,29 62,40,32 103,65,30 45,46,51 64,64,74 54,57,64 35,36,39 20,20,15 24,25,17 22,22,17 22,22,17 25,24,29 25,23,31 32,31,36 26,24,32 27,25,33 17,14,20 23,21,19 23,23,20 51,49,57 26,25,28 24,22,23 24,22,23
50,51,56 50,52,52 26,24,22 30,35,13 25,28,20 25,25,25 26,21,23 27,21,26 26,21,23 28,23,20 118,71,92 45,43,44 25,23,24 24,22,23 24,24,24 23,21,22 24,22,23 24,22,23 22,22,19 27,25,33 30,29,32 29,28,33 25,25,22 26,26,23 20,20,20 27,27,22 24,22,23 25,23,24 22,22,19 24,24,24 25,23,24 24,24,24 27,26,29 27,25,26 28,29,34 42,45,54 24,23,26 22,21,26 23,23,23 25,23,31 27,26,31 25,22,28 133,77,14 255,165,67 48,47,52 52,62,56 41,48,60 32,31,36 23,24,16 22,22,17 22,22,17 22,22,19 26,25,30 23,22,27 25,24,29 29,27,35 17,16,19 27,26,31 24,23,26 29,29,29 53,52,57 26,25,30 26,26,23 25,25,22
48,47,52 50,49,52 29,30,22 41,50,31 36,43,25 27,27,22 26,24,20 28,22,27 33,25,14 51,46,43 106,79,93 70,60,64 25,22,26 25,23,21 25,23,21 25,23,24 24,22,23 25,23,24 26,24,25 30,29,34 29,28,33 27,26,31 25,25,25 25,25,22 24,22,20 21,19,20 23,21,22 24,22,20 23,23,20 25,23,24 27,22,24 27,26,29 26,24,32 31,32,35 30,27,33 55,58,67 23,22,27 23,22,25 20,19,22 27,25,33 24,20,29 41,29,34 255,186,59 146,100,34 34,48,60 69,85,85 74,80,83 50,49,54 23,23,20 22,22,19 24,25,17 22,22,17 26,25,30 23,21,22 27,25,33 20,19,24 26,25,28 26,24,32 25,24,27 26,25,28 31,29,37 26,24,32 25,25,25 26,26,26
36,36,44 38,36,44 26,26,21 27,29,26 33,42,23 29,29,26 32,45,73 26,23,27 74,55,20 40,34,39 58,53,80 86,81,83 24,24,24 23,21,19 21,19,20 23,21,22 23,21,22 24,22,23 26,26,26 27,26,31 31,29,37 29,27,35 26,25,28 24,22,23 24,22,23 22,22,22 24,22,23 23,23,20 23,23,23 25,23,21 25,25,25 29,27,35 27,25,35 47,45,53 25,22,26 58,61,72 21,21,29 23,22,27 25,19,24 24,24,24 25,25,25 29,24,21 255,255,155 109,82,35 33,26,36 60,72,63 46,53,48 21,19,20 23,23,20 22,22,19 22,22,22 24,24,24 26,23,27 25,22,26 18,17,22 29,28,33 25,21,30 25,21,30 26,25,30 25,25,25 26,24,32 16,14,22 29,30,22 26,27,19
33,31,39 34,33,38 26,26,26 25,27,22 37,35,36 30,30,30 67,63,95 24,46,46 62,53,36 68,55,50 66,62,86 55,62,55 25,25,22 25,23,21 24,22,23 27,25,26 25,23,24 23,23,23 25,24,27 27,25,33 29,27,35 26,25,30 29,28,31 23,20,24 24,22,23 23,21,22 23,23,20 24,24,21 23,23,23 23,23,20 25,25,25 26,24,34 26,25,30 41,39,47 26,25,28 51,40,63 222,126,0 226,135,0 25,21,32 20,21,24 20,18,16 20,20,20 49,23,9 50,27,12 33,41,50 53,59,60 25,27,22 28,26,27 26,26,26 24,24,24 23,22,25 26,25,28 24,23,28 23,22,25 30,29,34 24,23,28 27,26,31 27,25,33 51,50,55 23,17,22 36,39,46 27,24,30 27,28,20 26,27,17
30,24,31 29,28,31 28,25,29 38,36,37 41,40,43 20,47,50 72,50,42 78,83,82 42,54,87 89,100,179 47,78,125 31,31,31 27,24,28 26,29,36 19,17,25 29,29,37 36,38,38 25,23,24 27,26,31 25,22,26 25,26,29 27,26,29 45,44,47 23,23,23 24,22,23 25,25,22 24,22,23 24,24,24 23,21,19 26,24,25 26,25,30 29,28,33 26,24,32 31,31,31 24,24,24 109,59,0 255,167,0 255,181,0 60,27,20 27,27,24 23,23,23 23,21,22 164,98,23 108,54,0 20,18,19 46,43,47 25,23,21 24,22,20 26,23,27 23,22,25 19,19,19 24,24,24 27,26,29 25,25,25 22,22,22 44,43,46 22,22,22 27,25,33 31,30,33 27,24,30 35,35,43 24,21,25 21,27,18 26,27,19
28,28,38 32,31,36 27,26,31 30,28,29 64,58,65 21,50,41 78,101,66 30,54,72 35,36,70 55,61,134 42,59,104 33,33,33 34,31,35 48,53,63 43,48,58 41,39,49 25,27,27 25,25,22 25,24,27 24,24,24 27,24,28 27,26,31 31,29,39 25,23,24 23,21,22 22,22,22 26,24,25 23,23,23 25,23,24 26,25,28 25,22,26 20,19,24 21,19,20 26,26,26 54,35,23 75,50,22 193,104,0 255,167,0 233,160,5 115,67,40 60,38,30 53,38,18 236,141,36 80,55,9 20,18,16 23,22,25 21,19,20 19,17,18 25,22,26 30,29,32 25,25,22 25,25,25 22,21,24 23,23,18 23,23,20 23,22,25 20,20,17 26,24,32 26,25,30 25,23,31 43,41,51 44,41,47 25,25,20 24,25,15
27,32,40 33,38,48 28,33,39 30,30,40 39,37,33 25,27,43 36,69,74 42,93,76 98,113,129 22,27,37 29,28,33 28,28,36 39,35,44 36,39,48 43,46,53 39,37,45 25,25,20 22,26,28 23,23,23 25,23,24 24,22,23 30,30,38 26,29,38 29,28,31 24,23,26 25,23,21 27,29,26 22,23,26 25,25,25 24,23,26 27,21,28 24,21,25 26,23,27 25,23,24 240,151,52 66,33,0 207,132,31 123,78,0 173,103,9 174,87,0 255,207,49 255,173,46 114,81,74 27,25,33 20,17,21 21,18,22 20,18,19 21,19,17 23,22,25 23,20,24 20,20,17 22,22,19 20,20,17 19,19,19 23,23,20 24,24,24 22,22,19 24,23,26 26,25,28 24,23,26 50,49,52 27,24,30 22,21,24 24,24,19
31,31,41 33,36,47 26,31,41 47,51,55 30,57,87 60,85,96 88,125,74 42,43,48 21,23,39 25,24,29 25,24,27 24,23,28 37,35,43 28,33,39 45,45,55 39,44,54 24,26,23 25,26,29 23,21,22 23,21,22 23,21,19 27,27,27 33,36,47 29,28,33 22,26,30 23,26,33 183,113,64 29,24,26 24,26,26 24,25,30 23,22,25 21,19,20 23,23,23 53,42,37 243,145,49 66,32,10 172,107,50 204,126,30 124,61,12 108,63,28 69,61,69 89,77,79 61,59,71 21,19,20 20,18,16 23,17,22 20,18,14 22,22,17 21,19,17 22,22,19 22,22,19 20,20,17 20,20,17 23,21,22 22,22,22 24,24,21 22,22,22 25,22,28 24,23,26 23,20,26 53,53,61 28,25,29 27,25,26 25,23,24
59,45,45 32,32,42 68,61,59 40,46,63 32,52,80 74,84,88 78,92,83 22,22,30 23,27,29 25,22,26 25,23,24 30,28,36 40,39,42 32,36,49 42,47,57 33,31,39 23,27,31 24,23,26 21,19,20 34,32,33 26,26,26 23,20,24 40,40,37 33,38,37 24,25,28 22,26,30 32,27,26 165,86,22 55,23,9 49,28,13 25,25,25 20,20,20 28,22,29 180,127,72 255,172,27 67,37,22 118,55,22 197,118,27 100,52,25 89,48,28 27,20,23 23,17,22 20,19,22 23,18,20 37,18,6 37,19,18 23,23,18 23,21,17 23,23,18 23,23,18 28,18,17 22,24,21 20,22,22 20,22,22 23,21,19 23,21,19 20,20,17 19,19,19 25,24,27 29,28,33 32,33,36 24,24,24 23,23,23 23,21,22
45,36,51 42,35,45 44,44,54 33,46,65 31,48,70 53,62,64 57,67,71 32,37,47 22,26,30 25,23,24 27,25,26 61,59,67 37,38,43 34,31,37 40,37,41 29,32,12 42,47,43 23,17,24 23,23,23 27,27,24 31,29,30 23,20,24 26,26,26 24,22,20 24,23,26 24,29,35 24,24,32 109,64,20 223,125,40 255,161,83 38,28,29 33,32,37 27,25,21 67,69,66 205,137,78 254,178,13 235,130,27 255,198,70 255,173,38 218,141,67 123,85,50 54,19,0 79,41,22 100,48,0 76,30,0 36,15,13 27,15,17 36,17,1 37,19,14 67,46,33 74,42,28 40,17,4 53,31,13 25,25,22 25,25,22 26,26,26 30,28,29 27,25,26 27,24,28 26,23,27 24,22,23 27,25,26 24,22,20 21,19,17
41,28,36 41,28,21 47,34,42 41,41,53 43,37,42 28,36,52 34,44,62 28,33,41 25,26,29 27,25,26 29,24,23 26,24,25 26,27,15 23,26,16 37,42,22 48,55,21 42,48,37 39,41,36 24,26,26 24,24,24 24,22,23 24,22,23 23,21,22 24,22,23 24,23,26 22,26,30 25,24,29 39,18,18 137,83,47 163,84,22 26,26,23 28,23,20 30,23,7 37,39,13 67,51,38 136,95,25 255,168,81 173,113,61 246,149,47 183,117,60 76,32,0 55,18,0 95,41,3 105,56,7 85,49,16 48,32,19 31,20,17 78,37,8 29,20,14 41,24,16 71,45,24 77,49,22 40,19,8 24,22,18 24,24,19 20,18,16 21,19,20 17,15,16 30,27,31 26,24,25 17,15,13 33,31,27 26,24,22 23,21,22
16,10,15 24,14,15 45,35,34 49,46,33 46,35,30 39,27,17 85,54,35 25,28,20 30,31,23 41,40,45 34,33,38 26,23,29 30,30,27 27,27,24 44,44,44 18,20,20 40,47,45 21,21,29 43,46,38 23,21,19 25,23,21 24,22,23 23,21,19 23,21,22 27,22,19 27,23,15 48,31,21 165,90,20 228,117,11 43,23,16 32,32,27 65,39,18 36,39,27 48,40,18 32,40,17 181,107,53 255,171,49 230,144,53 61,25,7 140,98,56 76,55,28 53,34,7 40,14,0 101,64,0 87,59,21 75,51,18 43,29,15 69,41,12 26,17,11 33,22,3 67,46,21 75,50,22 29,21,10 25,25,20 24,24,19 24,22,20 26,24,22 24,24,21 25,25,25 27,24,28 28,26,22 24,22,18 23,23,20 23,21,22
30,23,23 44,34,38 43,33,37 52,38,43 30,25,22 78,51,35 90,53,27 24,26,21 34,42,32 50,54,58 46,54,63 41,49,56 45,55,59 40,45,53 51,54,63 49,54,62 42,54,58 25,26,31 32,34,34 32,31,36 29,28,31 27,25,26 23,23,18 30,19,14 164,91,32 165,84,21 171,99,35 158,86,20 223,124,42 41,26,15 31,34,26 30,34,19 33,30,17 44,42,24 40,37,22 47,33,17 118,56,16 152,99,54 200,130,70 195,132,83 79,56,16 59,35,0 49,25,0 92,61,0 73,46,10 103,74,9 57,36,13 58,24,0 44,29,18 75,42,0 51,32,7 84,60,25 36,28,15 22,22,17 20,20,17 22,22,17 23,23,18 24,25,17 27,25,26 28,26,27 21,20,13 23,21,19 26,24,25 27,25,21
25,20,22 20,13,16 22,17,19 28,18,19 48,28,8 45,43,53 52,26,3 45,37,26 26,32,23 24,30,31 42,47,55 49,58,71 52,59,71 41,47,50 55,57,57 64,66,63 29,31,31 28,22,27 29,29,29 27,27,27 23,21,22 19,19,19 19,17,15 41,18,19 146,91,37 101,46,5 173,103,41 181,111,53 185,105,39 28,24,16 21,24,14 34,38,23 26,25,16 31,34,26 42,37,23 52,41,24 36,24,12 79,37,13 71,44,1 40,25,14 65,46,21 81,48,11 60,30,2 89,65,14 65,42,11 105,81,15 53,29,5 67,31,0 48,33,22 90,54,0 51,38,17 81,59,23 29,24,12 26,26,23 18,16,17 20,18,16 21,19,17 26,24,22 23,21,22 23,21,19 23,21,22 23,21,22 23,21,19 23,21,22
25,20,22 33,27,32 13,11,12 14,9,11 24,13,6 41,29,17 24,24,19 20,25,24 26,32,21 23,25,22 23,28,27 44,44,41 47,45,43 55,55,50 94,71,70 117,96,69 171,122,102 25,23,21 24,24,24 24,21,25 24,22,23 22,22,22 18,20,20 26,24,25 38,27,24 134,77,33 55,36,38 38,19,21 159,94,39 56,30,18 21,23,18 30,31,21 27,27,22 25,24,17 38,37,26 30,23,7 32,24,13 35,20,9 75,43,9 31,20,13 49,34,14 61,33,0 68,34,2 93,72,20 66,41,11 84,59,2 44,25,2 67,33,0 38,21,11 104,64,0 38,29,14 76,53,22 36,26,14 27,27,24 21,16,18 21,19,20 23,18,20 21,19,20 22,22,22 23,21,22 23,21,22 23,21,22 20,20,20 23,21,22
26,19,22 24,17,20 28,20,26 23,11,11 40,29,12 65,44,19 23,26,37 22,24,21 27,30,22 23,25,20 28,26,24 23,23,23 27,22,24 104,93,88 70,45,44 55,43,48 33,27,20 29,29,26 41,30,23 49,36,29 36,24,14 32,18,18 25,14,11 21,17,11 29,22,22 126,76,34 156,106,64 23,21,22 65,31,9 216,144,78 29,23,16 21,23,18 26,26,21 24,22,23 32,31,22 28,18,17 80,33,12 48,27,12 44,16,3 104,41,6 47,24,9 59,36,7 75,43,13 88,66,19 58,34,8 79,51,0 45,26,12 80,49,12 37,15,9 110,74,12 49,36,13 72,48,15 61,44,18 74,55,30 69,47,27 77,43,25 65,38,22 63,34,12 53,33,13 41,27,11 26,22,16 26,24,20 31,31,26 24,26,21
20,19,22 23,22,27 19,17,18 17,10,8 41,29,19 34,26,34 36,25,34 37,35,36 42,40,38 40,37,41 45,42,46 37,35,33 30,30,30 32,33,36 43,34,30 40,32,38 45,37,43 54,35,23 57,37,28 53,30,19 58,28,13 65,27,10 78,42,20 91,55,35 97,50,18 100,54,15 100,46,10 79,38,9 128,90,24 114,75,6 108,69,8 85,53,7 131,79,8 150,88,0 147,88,0 168,96,9 149,87,15 171,111,18 139,75,6 190,101,0 227,137,15 212,133,0 198,115,6 221,143,61 164,98,12 168,100,12 141,81,0 164,113,19 132,83,16 122,81,9 155,106,16 137,79,0 154,97,26 129,73,8 116,71,7 123,70,17 136,77,29 129,78,43 96,60,40 79,53,39 63,42,31 59,42,32 59,44,35 59,48,41
19,18,23 22,20,28 17,16,19 14,9,6 29,17,7 29,24,26 34,29,31 40,32,38 38,31,31 41,34,37 39,36,40 34,33,38 53,55,71 41,35,42 50,41,54 74,67,81 38,25,20 37,22,11 54,37,38 54,30,22 64,36,27 46,18,9 71,35,13 85,54,35 94,56,37 119,75,47 97,48,10 98,45,4 110,60,14 91,41,10 78,34,0 100,58,16 96,49,0 141,90,21 161,104,19 132,68,4 176,104,20 140,78,6 145,81,14 173,106,27 186,109,22 177,101,36 210,127,37 180,101,37 116,45,1 125,64,17 138,84,25 122,69,26 159,109,49 106,70,23 100,67,19 117,70,20 114,61,8 99,49,5 97,49,6 95,41,3 119,80,48 111,72,31 115,72,39 96,61,34 66,40,19 59,39,21 56,39,31 47,31,27
19,17,25 20,19,24 31,31,41 27,23,17 28,20,7 51,49,57 25,28,39 17,18,21 32,31,34 20,17,21 21,15,20 20,18,19 21,15,20 36,29,32 31,24,27 37,27,31 34,20,20 39,21,18 42,27,16 49,28,15 51,28,17 57,34,19 39,18,3 71,46,29 77,45,29 78,42,22 89,42,8 96,47,11 90,46,8 92,43,7 121,75,20 111,61,15 108,53,8 123,63,13 139,73,25 147,83,21 112,51,6 105,44,0 112,50,8 136,77,31 114,55,7 145,83,27 126,61,4 144,74,14 180,108,42 194,120,52 201,127,59 199,124,56 192,117,52 192,118,48 182,108,33 172,98,21 164,100,33 140,82,18 136,78,14 124,76,22 111,65,10 131,83,36 104,65,35 78,45,20 60,35,18 54,31,18 42,25,15 38,23,14
17,18,23 41,41,49 37,36,39 32,19,16 30,33,44 27,34,46 50,54,69 58,67,78 54,63,74 42,47,57 50,55,63 27,27,35 28,23,25 28,18,19 30,18,20 36,23,18 41,26,15 35,19,13 39,21,20 51,31,24 55,32,19 63,35,24 67,41,29 78,50,37 70,39,20 62,24,5 70,29,13 90,46,20 105,58,24 93,44,0 114,67,15 110,57,2 119,61,8 129,75,14 113,49,3 126,62,0 140,76,14 113,49,5 140,72,11 138,73,13 170,108,52 165,100,43 159,95,31 173,110,41 195,115,47 224,142,68 199,120,45 200,122,40 191,113,33 179,103,20 150,87,15 160,91,24 120,66,7 138,86,24 121,70,15 113,63,21 105,57,14 95,50,17 89,50,20 91,52,24 81,50,31 71,44,26 44,28,13 56,41,32
21,18,24 28,24,33 47,50,61 21,16,18 25,28,37 50,55,63 64,67,78 53,62,73 51,61,69 55,60,68 30,33,42 25,24,29 23,16,19 24,17,20 27,20,20 32,20,20 36,27,23 36,24,24 31,25,20 36,25,22 42,26,24 47,31,25 43,31,21 50,34,28 49,33,20 55,36,20 69,44,27 65,46,30 71,46,16 77,47,19 77,50,18 82,53,20 85,58,15 84,57,14 101,70,21 101,65,14 97,64,14 102,67,11 116,78,12 109,71,7 122,83,14 132,88,21 134,90,12 143,93,19 125,75,3 132,83,16 137,86,33 135,84,31 131,80,27 133,81,21 137,79,15 116,65,10 127,83,32 107,65,25 93,50,15 91,50,19 91,52,24 74,45,25 76,47,27 75,45,19 47,24,11 65,43,25 59,38,25 62,41,30
20,13,13 21,14,17 33,32,37 23,20,24 24,23,26 19,19,19 25,22,26 18,18,18 17,17,17 19,16,20 18,18,18 23,23,23 25,25,25 30,28,26 27,25,23 28,26,22 26,24,22 28,26,24 24,22,18 25,23,24 31,24,27 35,25,29 36,26,27 34,28,23 37,26,21 47,39,26 69,58,51 41,38,25 48,38,26 62,44,25 52,40,28 52,42,32 59,39,19 67,43,17 59,38,23 64,40,18 67,43,21 76,44,12 83,52,15 80,51,18 96,58,21 98,59,20 102,63,20 100,61,20 95,61,18 97,60,20 88,55,16 84,56,18 78,49,18 77,50,16 74,49,19 75,50,22 77,56,29 72,52,22 69,48,25 70,49,26 74,51,20 58,44,26 64,40,18 68,47,24 62,41,16 61,40,17 47,33,19 46,35,32
36,36,48 47,50,59 33,38,48 47,54,66 53,56,65 45,45,57 18,16,24 19,19,19 23,23,23 19,17,18 26,24,25 26,24,25 24,22,20 27,25,23 28,26,24 22,22,19 25,23,21 26,24,20 27,25,21 26,24,22 27,22,21 25,23,24 26,24,25 27,29,29 31,24,22 44,38,31 51,41,31 34,30,22 66,52,36 38,27,20 36,32,24 36,32,26 39,30,22 36,30,23 40,31,27 43,30,23 50,35,24 60,37,22 65,41,19 82,46,24 92,51,20 98,55,22 106,62,20 99,60,21 96,57,18 93,53,19 84,49,24 75,47,18 63,42,19 59,42,18 45,37,24 45,40,26 42,38,30 37,33,27 39,35,29 35,29,22 34,28,23 40,29,22 40,30,20 40,32,19 45,36,21 33,29,19 23,26,18 33,29,21
54,58,73 26,31,39 45,50,60 49,54,64 41,49,58 44,52,61 35,36,41 18,18,18 23,23,20 26,26,26 23,21,19 22,21,24 24,22,23 21,19,17 24,22,20 21,19,17 27,25,23 25,23,21 24,22,20 22,22,19 26,21,18 23,21,17 26,24,20 21,19,15 32,23,17 39,26,23 31,25,20 31,26,14 44,33,26 29,25,19 26,26,21 32,32,29 32,27,24 34,33,24 33,28,27 33,23,22 41,26,17 47,33,19 56,36,16 64,37,19 76,43,16 85,49,18 87,51,20 88,52,19 82,46,13 86,50,19 76,43,18 72,47,19 48,29,17 51,37,23 45,35,25 39,35,27 35,34,25 34,29,26 32,31,24 30,28,29 33,28,27 30,25,24 30,25,22 27,26,19 25,26,18 27,26,19 32,23,15 30,26,18
22,23,28 28,28,38 30,30,27 31,29,27 27,22,24 38,37,30 38,37,26 29,30,20 27,28,18 24,24,19 25,25,20 25,25,25 24,24,24 24,24,21 26,26,21 24,24,19 30,28,29 26,24,22 26,24,22 26,24,25 28,26,24 33,31,32 27,22,24 28,23,22 55,39,26 52,35,25 61,41,21 54,36,17 85,60,41 26,21,20 24,22,20 31,31,26 31,31,31 34,35,27 30,25,27 32,22,23 40,26,26 53,34,22 72,50,32 60,41,27 48,34,20 49,32,22 53,34,22 53,34,22 50,34,21 55,36,20 45,29,23 43,33,21 39,35,29 37,33,23 28,24,18 26,22,14 25,24,17 23,22,15 31,29,27 25,23,24 26,24,25 26,24,25 27,25,26 25,23,24 25,23,24 25,23,24 26,24,22 26,26,23
21,19,17 25,23,21 25,28,20 26,26,21 29,29,24 27,28,20 23,25,20 25,25,20 27,25,21 28,26,22 27,25,26 26,23,27 31,29,30 28,26,27 30,28,29 28,26,27 28,26,27 26,24,22 27,25,26 27,25,26 27,25,26 24,22,20 25,23,21 28,23,22 33,29,23 30,21,17 27,23,17 28,24,16 49,37,27 24,23,16 24,22,18 32,30,26 27,25,21 23,21,17 25,24,17 42,30,18 68,37,14 70,46,24 25,23,21 68,54,38 61,48,41 34,28,23 35,25,24 43,35,24 38,32,25 38,32,27 30,28,24 32,27,24 30,29,22 29,25,17 30,26,18 34,30,22 31,29,27 31,29,27 26,24,22 25,23,24 25,23,21 25,23,24 25,23,21 25,22,26 35,33,34 27,25,26 24,22,23 28,26,24
28,23,22 24,22,20 28,26,27 25,25,25 27,27,27 23,21,22 27,25,26 25,22,26 25,23,21 28,22,29 27,25,26 31,29,30 28,26,27 27,25,26 28,26,27 30,28,29 26,24,25 27,25,26 27,25,26 26,24,25 28,26,27 26,24,25 26,24,25 26,24,25 25,23,21 28,26,24 25,24,27 34,23,20 41,27,11 80,63,55 30,23,26 31,29,27 27,25,21 34,29,26 30,29,20 36,32,26 33,22,7 27,26,17 30,20,19 38,29,25 26,24,20 27,22,19 37,27,26 41,25,19 40,29,26 32,22,23 27,22,24 28,24,18 29,24,23 30,29,20 33,27,22 31,30,23 31,29,25 25,25,22 25,23,24 25,23,24 25,22,26 25,23,24 25,23,24 25,23,24 28,26,27 24,22,23 25,23,24 27,25,26