24,24,32 25,26,29 23,21,31 19,19,19 20,21,24 21,21,31 15,16,19 20,20,20 13,14,17 17,19,19 27,27,35 25,25,33 35,35,47 29,29,39 54,55,74 35,35,45 39,37,45 27,21,26 29,19,20 29,15,15 28,16,6 28,15,8 24,11,8 25,26,31 20,21,26 21,23,23 20,21,24 15,17,17 24,23,28 20,18,26 24,20,31 26,25,28 20,23,11 33,34,24 10,9,12 16,14,22 23,25,39 12,10,18 52,39,36 11,8,23 10,9,12 10,9,12 11,10,15 12,10,18 11,9,17 13,11,19 12,11,16 27,11,0 14,13,30 11,10,27 8,12,27 10,9,14 9,11,25 11,10,27 11,10,27 10,14,29 27,29,43 15,19,34 14,17,26 41,45,49 13,16,27 39,40,45 16,16,28 38,36,44
24,24,32 22,23,26 20,18,26 17,17,17 15,16,19 25,26,29 24,25,30 15,15,15 15,17,17 11,13,13 29,30,35 28,28,38 34,34,44 27,27,35 42,44,58 30,28,36 31,28,32 30,23,26 33,23,22 41,24,14 29,17,7 22,11,6 22,15,18 27,28,31 29,30,35 17,19,19 22,23,26 16,18,15 22,21,26 25,23,35 23,21,31 17,17,25 23,24,14 21,26,25 11,9,17 15,14,29 15,13,21 14,7,10 9,10,15 8,11,20 11,8,12 12,9,13 11,10,15 12,10,18 13,12,17 13,11,21 11,10,15 29,12,4 13,12,27 13,12,29 10,14,29 12,10,20 9,11,25 11,10,27 8,12,27 9,11,27 18,20,36 13,18,28 17,17,29 45,46,49 20,20,28 41,44,51 31,31,39 31,29,39
25,26,31 25,26,29 23,21,29 20,18,26 13,15,12 25,26,29 21,21,29 17,16,19 17,15,23 13,15,15 23,24,27 47,45,55 51,51,61 34,34,44 37,35,45 39,39,47 37,31,36 37,27,26 38,25,18 35,23,11 26,13,10 29,17,5 20,24,26 25,26,31 24,24,32 13,13,23 23,25,25 16,19,7 24,22,30 25,24,29 20,18,26 15,14,17 15,19,21 36,37,42 11,9,19 13,10,14 8,7,10 14,5,16 9,8,25 11,13,27 12,10,20 14,8,13 13,11,19 12,11,16 15,14,19 13,12,17 12,10,18 25,13,3 11,11,23 11,10,25 11,15,30 12,10,18 11,10,27 11,10,27 8,10,26 8,11,29 18,20,36 30,33,42 39,42,49 43,43,51 47,46,51 22,24,40 36,39,46 28,28,36
24,24,32 20,22,22 22,20,32 22,20,30 10,11,16 22,22,30 19,18,23 20,16,27 17,13,22 13,12,17 23,23,31 42,45,54 38,38,50 35,34,49 39,37,47 35,32,38 42,32,33 33,20,13 40,28,2 33,17,11 26,13,8 22,24,21 22,26,28 28,29,34 25,26,31 24,25,30 18,23,19 19,25,14 28,28,36 25,25,35 23,21,29 13,12,17 17,15,23 29,28,33 13,13,10 11,9,10 11,14,23 5,14,16 12,14,28 23,25,41 10,11,16 13,10,14 13,12,17 13,11,19 16,14,22 15,13,23 11,12,17 46,29,19 10,10,20 13,12,27 11,11,23 13,8,24 8,10,26 13,12,29 9,10,29 8,11,29 15,19,32 23,22,39 42,42,54 32,32,40 46,47,50 42,43,46 37,38,43 31,31,39
24,25,28 20,22,17 25,21,32 24,22,32 25,26,31 16,16,28 17,15,25 18,16,24 16,14,22 11,11,19 39,37,45 38,39,44 40,36,47 44,42,50 34,31,37 30,28,29 31,18,11 45,29,12 36,21,1 44,23,8 36,29,27 14,15,20 29,30,35 24,25,28 22,23,28 25,28,37 18,19,24 16,17,20 25,23,33 24,22,32 19,17,25 16,14,24 11,9,17 10,9,12 11,9,10 12,15,26 38,24,24 24,14,18 36,39,48 36,43,57 23,23,31 10,7,11 15,13,21 13,12,17 18,16,26 15,13,21 16,12,21 20,13,11 10,10,22 11,12,31 9,11,27 12,10,20 11,9,29 13,12,27 13,10,27 8,12,27 18,22,35 25,25,37 21,21,33 14,16,30 48,49,54 43,44,47 38,39,44 23,23,33
22,23,26 18,20,15 21,17,30 27,27,35 18,18,26 18,16,28 16,12,23 17,16,21 16,14,22 12,10,20 43,47,49 43,43,55 40,38,48 33,31,39 33,30,36 38,28,29 39,27,17 44,27,3 45,26,3 38,22,5 25,24,27 12,10,18 27,27,35 15,15,23 22,22,30 20,21,26 21,23,20 25,26,31 26,24,32 23,21,31 18,16,26 18,16,26 18,17,20 9,9,6 26,16,17 17,16,19 17,15,27 20,13,25 29,29,37 32,30,38 27,26,31 13,10,14 15,13,21 15,13,21 17,15,23 15,14,19 15,14,19 23,13,12 10,10,22 9,11,25 11,13,29 14,9,25 7,9,23 11,13,29 11,10,27 8,11,29 17,22,32 27,27,35 22,20,28 36,36,44 48,49,52 46,47,50 41,41,41 15,15,25
22,24,24 21,22,25 23,23,31 25,26,29 16,14,24 15,13,23 12,10,20 15,13,21 13,11,19 10,8,16 42,42,50 46,50,65 44,43,58 31,31,39 39,33,38 41,27,27 39,23,10 37,22,2 53,32,9 25,19,24 24,24,32 30,28,36 25,26,31 15,15,25 15,16,19 24,25,30 17,19,14 24,25,28 22,22,30 21,21,29 23,23,31 26,25,28 23,23,31 16,13,17 12,9,24 15,13,25 11,9,19 25,21,30 26,23,27 27,30,39 31,30,33 11,8,12 15,13,21 15,13,21 19,17,25 15,13,21 13,11,19 21,9,0 12,10,20 11,15,28 11,14,32 10,10,22 10,9,26 10,13,31 10,13,31 10,14,29 15,17,31 32,35,46 38,38,46 35,35,45 49,51,51 48,49,54 25,24,29 32,35,44
19,18,21 23,21,29 16,16,26 23,24,29 13,12,17 16,14,22 12,10,18 13,12,17 13,11,19 38,40,40 43,46,55 43,42,57 35,35,47 43,33,37 52,40,40 40,24,20 38,23,1 56,30,7 61,31,5 17,13,22 23,26,33 24,24,32 25,26,31 15,13,23 16,15,20 23,24,29 15,15,25 23,24,27 25,25,35 26,24,34 25,26,31 23,22,25 25,28,16 24,25,13 31,30,35 17,13,33 29,29,41 32,28,37 51,40,33 29,28,31 21,22,25 11,10,13 18,16,24 15,13,21 16,14,22 15,13,21 14,10,21 27,14,7 9,11,27 12,14,30 10,13,33 13,10,27 12,10,22 11,15,30 10,14,29 11,14,34 15,18,29 12,15,26 47,51,55 39,40,45 45,46,49 44,48,52 38,38,46 43,47,49
28,28,36 20,21,24 15,13,23 18,16,24 11,9,17 15,14,19 18,17,22 12,11,14 13,12,17 47,50,57 48,52,65 44,44,56 38,36,44 42,35,38 42,28,28 58,36,18 62,29,4 50,26,0 41,22,10 15,14,17 25,25,33 24,24,32 24,25,28 13,11,19 15,13,21 23,24,27 30,31,36 17,22,30 23,23,33 22,20,30 23,27,29 22,23,11 29,30,20 31,32,24 10,10,10 18,17,34 37,37,49 63,46,36 46,40,45 46,27,13 23,22,25 10,9,14 18,15,21 15,13,21 18,15,19 17,13,24 16,12,21 24,11,6 12,14,30 10,13,31 11,14,32 13,10,25 8,12,27 11,14,32 8,11,29 10,13,33 22,26,39 16,17,36 40,43,50 38,38,48 52,52,60 48,49,54 36,37,42 31,31,39
23,24,27 16,17,20 18,22,24 18,18,26 20,21,24 13,14,19 19,16,20 7,9,9 35,36,41 33,31,39 46,51,59 37,41,45 38,37,42 43,33,37 47,32,21 51,27,5 58,29,5 49,25,1 18,12,17 27,27,35 25,26,31 14,15,20 25,24,29 13,12,17 17,18,21 21,22,25 24,25,28 27,27,37 17,15,23 23,21,29 25,28,16 28,31,23 49,52,74 24,24,32 11,10,13 31,29,41 39,39,51 64,48,42 37,33,42 51,33,14 24,21,25 12,11,14 13,12,15 15,13,21 15,13,21 12,10,18 13,11,19 26,14,14 18,13,29 11,10,27 11,15,30 13,12,29 8,10,24 11,15,30 8,11,29 10,13,33 19,22,40 20,21,40 25,29,33 34,34,42 49,50,53 42,44,44 46,48,45 38,38,46
27,28,31 18,19,22 30,39,41 27,36,36 27,31,33 27,36,36 19,23,27 22,26,28 31,32,37 49,49,57 38,40,40 41,40,43 34,27,27 46,32,34 48,28,10 46,27,11 49,25,3 64,34,8 37,40,47 25,29,33 23,27,29 11,11,19 18,17,20 16,15,18 32,34,31 30,32,27 25,26,29 21,26,25 27,27,27 23,26,16 27,30,20 24,28,13 7,7,15 11,10,13 9,9,9 29,29,41 40,42,56 47,41,46 45,43,51 53,33,15 24,21,25 13,10,14 16,13,19 13,11,19 16,14,22 15,13,21 16,14,22 23,16,19 11,13,29 14,13,28 9,15,32 13,10,27 9,11,27 12,13,32 10,14,29 11,14,32 33,38,46 14,16,30 18,20,34 31,32,37 51,52,55 44,45,48 44,45,48 49,50,55
25,29,31 31,37,38 26,35,37 27,36,38 25,34,34 18,30,26 19,28,28 18,22,24 38,39,42 35,36,39 37,38,41 41,34,34 48,32,26 57,33,11 54,29,1 56,32,6 41,23,4 71,37,7 22,34,27 26,30,32 17,18,21 20,21,24 10,9,12 17,19,16 29,35,24 28,34,23 32,38,29 33,42,23 24,29,9 20,27,9 28,32,15 27,32,12 36,36,31 11,10,13 10,9,12 39,36,40 39,39,51 50,49,54 38,38,46 50,34,17 23,19,28 12,9,13 13,12,17 15,13,21 17,15,23 15,13,21 15,13,21 18,13,15 15,12,27 14,13,30 12,15,33 10,8,28 8,10,24 11,14,34 11,12,31 10,13,31 18,18,28 13,15,31 25,28,35 44,45,48 43,47,49 50,51,54 50,51,54 48,48,48
25,26,31 25,31,34 23,32,32 26,29,36 23,27,31 22,26,28 23,24,27 24,25,30 32,41,41 36,46,40 27,25,26 48,32,28 56,35,12 52,26,3 56,30,5 58,29,5 46,25,2 62,32,6 26,37,38 24,30,31 19,26,21 23,28,27 13,12,15 21,24,14 24,27,19 20,27,11 26,32,21 24,29,7 18,18,13 24,28,11 29,34,44 41,48,60 24,21,27 11,11,11 11,10,15 24,28,41 36,34,46 45,41,50 64,52,54 57,33,9 21,18,22 12,11,16 15,14,19 15,13,21 17,15,23 17,15,25 15,13,23 12,11,16 16,15,30 14,12,32 9,15,32 9,11,27 10,9,26 11,14,36 13,12,29 11,12,31 18,20,34 38,43,51 41,42,47 50,51,54 53,54,59 49,50,53 48,47,50 50,49,54
20,24,26 29,37,42 18,19,24 23,21,31 22,22,30 25,23,31 22,22,30 32,41,41 40,45,41 36,38,35 33,21,21 49,29,11 62,33,9 62,34,7 39,21,2 41,25,8 57,31,8 19,17,15 24,32,20 24,26,23 24,34,26 20,25,24 27,35,25 39,48,29 34,41,25 32,44,24 24,26,9 27,32,12 15,17,17 29,29,37 16,16,24 19,23,25 9,11,11 17,19,16 12,9,15 16,11,27 58,48,47 23,15,23 48,44,55 55,42,39 27,24,28 25,24,29 12,12,9 17,15,23 16,14,22 16,14,24 16,14,24 11,8,12 20,20,32 15,13,33 9,15,32 12,13,32 10,9,26 12,15,37 11,14,32 10,13,35 12,16,31 30,31,36 39,39,49 50,51,54 53,54,57 52,53,58 50,51,56 28,24,33
22,27,33 26,31,37 22,25,36 25,23,35 22,22,32 16,14,22 48,49,52 40,52,48 37,37,37 44,37,40 48,32,17 57,33,7 61,32,10 66,37,17 31,16,7 38,24,10 47,27,7 23,28,24 27,35,23 25,30,24 23,34,23 20,27,20 17,27,19 38,51,28 19,24,18 20,26,15 24,28,11 36,39,27 29,30,22 10,11,14 25,23,24 22,23,13 11,9,7 15,14,17 10,12,12 39,37,49 37,35,43 46,44,54 59,55,68 31,16,7 26,26,26 16,15,20 18,13,15 16,14,22 16,14,22 16,14,22 15,13,23 11,10,13 14,14,26 13,15,31 11,12,31 13,11,33 11,10,27 14,16,43 13,14,37 9,15,36 36,35,50 30,30,38 41,41,49 57,55,63 52,53,56 52,51,54 50,51,56 25,22,28
17,16,19 11,9,17 10,9,14 10,9,12 10,9,12 32,33,38 40,47,45 35,37,37 36,26,30 36,22,8 49,34,12 55,36,13 53,35,16 29,14,5 28,18,17 31,20,13 24,18,13 24,24,24 23,23,18 25,27,27 25,27,27 21,26,22 34,42,30 35,42,26 29,38,19 34,41,23 23,27,12 32,32,18 34,36,31 20,21,26 15,20,19 18,17,20 9,10,13 30,33,23 10,9,12 41,40,55 33,29,38 43,43,53 26,20,27 51,37,23 17,17,29 19,17,18 15,14,17 16,14,24 16,14,24 13,12,17 15,15,25 12,10,18 17,15,27 12,14,28 10,16,33 10,13,33 13,11,33 13,19,38 10,16,35 11,12,35 36,39,46 29,29,39 48,48,56 55,56,59 52,53,56 51,55,59 52,53,56 17,16,19
18,15,21 16,13,19 14,11,15 13,12,15 23,23,23 39,41,41 37,35,36 32,22,26 42,31,16 36,23,16 46,28,23 48,29,17 40,27,22 26,16,15 32,20,22 51,36,25 18,18,28 15,18,27 11,16,24 14,14,24 14,18,22 27,30,22 29,40,25 26,33,17 24,28,11 26,33,17 52,61,63 45,56,69 20,19,22 30,30,30 20,21,24 15,16,19 17,19,19 20,23,13 11,10,15 28,28,40 36,36,46 48,46,58 28,22,29 48,43,45 21,21,33 22,23,26 13,12,15 16,14,22 17,15,25 15,13,23 16,14,22 15,14,17 13,13,25 13,13,23 12,15,33 11,14,34 6,12,31 14,17,39 13,13,39 9,17,37 43,43,51 23,22,37 45,45,57 53,54,57 57,58,61 44,48,50 27,26,31 10,9,14
12,9,13 12,9,13 16,13,19 44,49,48 35,40,36 44,44,44 35,28,28 41,26,15 41,30,27 46,33,30 38,27,24 35,25,26 34,21,18 32,18,23 43,29,29 44,28,24 14,15,20 15,16,21 16,16,26 15,15,25 15,18,25 32,34,31 36,44,23 30,37,19 26,30,32 48,53,63 47,51,64 14,16,16 27,31,16 21,27,16 20,25,19 19,18,21 36,34,42 26,24,32 10,10,7 15,14,29 31,31,39 51,49,61 37,31,38 57,50,50 32,32,40 24,23,26 15,14,17 16,14,24 15,13,23 17,15,23 15,14,19 11,8,14 15,12,27 11,10,25 12,14,28 13,14,35 10,14,29 11,16,40 11,12,31 9,14,38 47,51,55 24,24,34 48,48,56 57,58,61 56,57,62 53,52,57 25,24,29 16,9,9
15,20,26 19,25,26 35,40,34 29,33,35 28,30,27 34,29,31 34,23,18 31,21,22 46,31,39 45,29,27 27,19,25 29,17,17 35,21,21 38,22,20 36,26,30 22,30,35 23,31,38 26,29,38 16,19,28 19,17,27 15,18,25 35,41,28 29,39,17 23,30,14 17,15,23 17,16,19 21,22,25 16,22,11 25,28,18 22,24,19 18,25,20 15,8,11 10,11,16 25,28,16 10,10,10 16,16,28 32,30,40 48,48,60 39,39,47 67,50,40 43,41,49 27,24,28 19,17,27 13,11,19 15,15,25 19,17,29 16,15,20 12,9,15 13,12,29 15,12,27 12,13,32 11,14,34 10,13,31 14,17,37 11,12,33 15,13,33 44,44,52 20,22,36 51,54,61 55,59,61 55,56,59 31,30,35 11,10,13 29,16,9
17,18,21 38,40,37 41,43,43 31,33,30 26,21,23 30,23,26 37,26,21 41,27,29 48,32,28 26,18,26 23,16,19 31,21,22 38,27,24 40,28,28 37,26,33 24,29,37 22,30,37 23,26,35 16,19,28 18,21,30 33,40,38 34,43,24 25,34,17 34,41,23 18,23,19 41,43,38 27,33,24 30,36,23 16,18,15 23,22,25 20,27,25 10,7,13 24,25,28 10,12,12 10,10,10 52,50,62 26,20,27 48,48,60 43,44,47 48,32,19 39,42,51 19,16,20 21,21,29 13,13,21 15,13,21 16,14,24 13,13,21 12,11,14 14,13,28 13,13,25 14,13,30 10,13,35 10,13,31 15,18,38 10,12,37 11,16,40 51,52,57 16,18,32 53,56,63 55,59,61 51,52,57 30,29,32 11,10,13 40,25,16
39,43,45 33,40,35 34,38,40 27,27,24 35,25,29 30,20,24 40,33,36 44,32,34 37,25,25 34,27,30 20,13,13 29,22,20 40,28,28 32,22,26 43,29,31 20,25,33 19,24,32 22,25,34 16,19,28 18,18,26 49,58,41 36,43,25 36,49,26 39,47,37 15,14,17 17,19,19 15,17,17 16,16,16 13,14,17 21,19,20 16,13,17 12,11,14 12,12,12 10,9,12 10,10,10 26,24,25 20,14,21 63,47,41 34,18,14 32,20,10 16,16,28 13,14,17 19,17,25 16,14,22 17,14,20 13,13,23 12,11,16 9,8,13 13,12,27 11,10,25 13,12,29 10,16,37 10,13,33 15,16,35 9,14,38 12,18,37 44,49,48 22,24,40 51,55,59 52,53,56 53,54,59 24,23,28 12,9,13 37,20,10
38,48,45 29,35,38 26,26,26 23,17,24 23,16,16 29,22,22 35,28,31 24,14,15 32,22,26 37,27,26 27,20,20 32,23,19 40,28,33 29,22,25 27,21,28 19,22,31 19,22,29 21,24,31 16,19,26 17,22,30 46,52,55 32,37,47 39,48,48 30,38,43 22,28,29 30,30,30 20,20,17 18,20,20 13,10,14 33,31,43 59,38,36 32,22,26 11,10,13 11,10,13 12,10,11 38,39,44 27,27,37 43,42,47 29,20,33 51,48,54 16,14,22 11,10,13 18,16,24 13,11,21 18,16,26 13,11,19 16,16,24 11,8,12 14,13,28 13,11,21 11,11,23 12,18,39 11,14,36 12,13,32 12,15,37 14,18,33 44,44,52 31,32,37 55,56,59 53,54,57 51,52,55 23,22,27 11,10,15 35,20,9
37,46,46 31,37,40 21,19,20 22,14,20 28,20,26 34,27,30 24,21,25 13,11,12 25,13,15 30,20,21 38,28,29 26,16,17 31,24,27 39,36,40 52,52,52 50,52,49 51,51,46 52,52,49 55,54,57 57,65,74 48,55,67 48,56,65 31,37,40 32,39,51 38,44,47 50,53,64 34,40,41 42,42,52 98,67,46 60,58,78 50,43,53 84,70,70 13,11,12 17,16,19 11,8,12 37,35,45 27,28,33 44,40,49 48,45,51 47,43,52 41,37,46 15,9,14 16,15,18 13,13,21 18,16,24 13,11,19 18,16,24 12,9,13 10,14,29 11,11,21 12,10,22 12,18,37 11,14,36 11,13,29 11,14,36 48,47,62 51,50,55 46,48,48 53,55,55 50,51,54 51,52,55 24,23,28 9,10,15 34,19,8
30,33,42 19,23,27 25,22,26 23,15,21 25,22,26 30,28,29 24,21,25 25,24,29 23,13,17 26,16,17 26,16,17 32,22,23 25,19,24 39,34,36 54,54,51 50,52,49 51,53,50 56,61,69 54,59,69 59,63,76 56,60,73 40,45,53 54,62,71 55,59,72 49,53,66 49,45,58 33,36,43 41,39,49 34,27,25 59,63,78 86,92,113 67,68,89 54,48,55 28,24,35 33,31,39 33,31,43 32,29,35 42,36,43 45,44,49 47,44,50 35,32,36 13,7,14 27,22,24 16,12,21 13,11,19 15,13,23 15,14,19 11,10,13 12,14,30 12,10,20 11,10,27 15,16,39 10,13,33 12,13,32 11,14,36 51,52,57 48,49,52 49,50,53 48,49,52 50,51,54 29,31,28 27,26,29 16,10,15 31,15,9
24,24,24 20,17,21 18,16,17 24,21,27 45,43,41 30,28,29 27,26,29 26,23,27 19,14,16 13,11,9 31,21,22 37,30,33 38,26,26 51,51,48 45,45,42 48,48,43 47,52,58 56,56,66 55,60,70 55,60,70 52,60,65 57,62,72 50,55,61 58,59,64 51,51,63 38,38,46 52,52,60 39,37,49 37,35,45 49,52,63 83,91,121 29,29,39 37,35,47 35,36,41 41,40,45 18,15,21 32,26,31 126,79,27 44,40,49 39,36,42 32,29,35 12,9,15 19,12,24 16,14,22 15,13,23 15,13,25 15,13,21 12,9,15 13,15,29 11,11,19 10,10,22 11,13,38 8,11,31 9,11,25 12,15,35 52,51,54 46,47,50 50,51,54 46,47,50 48,49,52 24,24,24 25,27,27 32,30,31 32,26,31
21,18,24 20,17,23 22,16,23 44,41,45 54,54,51 24,22,23 20,19,22 24,25,30 12,10,11 17,17,17 26,16,17 33,23,24 55,53,51 50,52,49 57,57,52 59,61,58 40,43,54 41,42,61 42,46,61 43,47,62 45,49,64 45,49,64 47,50,61 50,49,64 49,48,63 38,36,46 35,38,47 39,37,45 48,53,63 51,49,57 52,43,56 40,38,46 25,30,40 35,35,45 63,48,37 64,47,37 80,59,44 82,44,25 38,35,41 40,36,47 31,30,33 14,8,13 17,14,18 12,10,18 15,13,23 15,13,23 15,13,23 10,11,16 15,13,33 12,10,20 12,10,22 10,16,37 8,10,26 10,9,24 37,37,49 52,52,52 49,50,53 52,53,56 52,51,54 48,47,52 20,21,24 24,21,25 25,22,26 28,25,29
17,14,20 20,17,23 34,31,35 51,51,51 51,51,48 22,22,22 21,23,23 27,26,31 19,14,16 23,23,23 19,14,16 27,20,20 53,53,50 59,59,56 52,53,58 46,48,62 47,50,68 45,49,64 40,44,57 46,48,62 45,49,64 42,44,60 44,50,69 46,50,65 42,45,63 51,50,67 28,28,40 28,28,38 27,32,42 38,36,46 118,84,64 60,50,40 44,38,45 50,43,43 48,40,48 63,54,67 44,40,53 51,41,45 80,64,58 38,39,42 29,24,26 11,10,13 21,15,20 15,14,19 13,11,21 13,11,19 14,10,19 11,8,14 13,13,23 12,10,22 12,10,22 10,16,37 12,13,32 13,15,31 51,53,53 50,52,52 50,51,54 51,52,55 51,52,57 44,44,44 20,19,22 23,22,27 23,24,29 24,23,26
16,14,22 24,22,30 54,55,47 58,58,58 57,57,54 24,24,21 23,25,25 23,22,25 21,19,20 22,17,19 18,17,20 22,16,21 23,21,29 43,48,56 48,51,62 46,49,67 53,55,71 39,39,51 23,22,37 43,43,55 37,39,53 30,32,46 39,39,51 32,30,42 17,15,25 35,32,38 35,32,38 40,31,44 42,42,54 20,23,43 49,46,50 27,27,27 42,44,58 49,51,67 58,54,65 27,23,32 34,34,42 39,35,46 51,42,36 52,39,32 49,39,40 11,11,11 21,10,17 12,10,18 15,13,23 16,14,22 11,11,19 17,9,15 18,14,25 16,9,23 10,9,24 9,15,36 12,14,30 53,52,55 50,49,52 49,50,53 49,50,53 48,49,52 49,53,55 30,30,40 23,23,33 30,30,38 26,24,32 26,23,27
26,24,32 52,52,52 53,53,53 51,51,48 55,55,52 22,24,24 22,21,24 23,20,24 20,20,20 19,13,18 22,21,24 23,17,22 34,30,39 45,50,58 50,51,56 32,34,48 34,31,46 32,31,46 24,24,34 20,18,28 39,39,51 51,54,65 53,56,74 47,56,69 39,43,58 26,28,44 44,46,60 50,51,70 34,31,48 60,59,76 22,21,36 18,16,36 12,20,40 20,21,40 38,37,40 43,37,44 36,30,37 45,35,34 86,69,70 66,55,62 19,13,20 12,9,13 13,8,7 76,46,29 35,21,21 34,27,41 14,18,33 12,19,33 12,19,33 16,16,28 29,19,18 53,52,55 51,52,55 59,58,63 50,51,54 52,54,54 52,51,54 51,52,55 50,54,58 31,31,39 22,22,32 31,31,41 25,25,35 27,26,31
29,28,31 54,55,47 55,55,52 53,54,44 63,65,60 22,24,24 17,19,19 14,11,17 17,15,16 18,12,17 22,21,24 19,16,20 34,32,42 56,61,71 17,17,25 19,22,31 29,26,43 49,48,65 47,49,63 43,45,61 50,52,66 63,65,81 31,30,45 34,35,54 56,58,74 56,58,74 54,58,73 39,43,56 50,47,62 12,5,15 14,17,39 7,12,11 10,9,12 33,26,36 40,36,49 39,41,55 10,10,20 18,16,24 55,55,55 56,58,58 53,53,53 53,54,57 49,54,50 53,57,59 48,51,58 42,45,52 39,42,49 50,51,56 53,53,53 54,52,48 50,50,47 51,53,53 51,52,55 55,56,59 52,51,54 51,52,55 50,51,56 52,53,58 48,51,58 18,19,24 17,14,18 24,23,28 27,27,35 28,28,36
51,51,48 57,57,54 52,54,49 60,61,53 57,58,50 16,16,16 16,15,18 17,14,18 16,13,17 12,9,13 22,21,26 20,19,22 31,29,39 62,62,72 56,59,68 52,51,66 22,24,40 47,50,68 47,53,70 46,50,65 52,51,68 39,41,55 46,50,65 44,51,65 48,51,73 50,51,72 41,43,59 14,11,17 23,18,20 38,35,41 13,11,23 15,12,27 8,8,16 8,8,16 8,11,22 46,50,63 55,56,59 55,55,52 50,52,52 51,51,48 51,51,48 50,50,47 51,51,48 48,50,45 48,50,47 51,53,48 57,57,54 62,64,64 55,55,55 54,54,54 52,54,54 56,57,60 51,53,53 49,51,51 49,53,55 52,53,58 49,49,57 51,51,59 49,49,57 50,50,58 50,51,56 31,31,39 24,24,32 24,22,30
53,53,50 57,57,52 55,60,54 53,53,48 51,51,46 18,17,20 16,15,18 12,9,13 13,10,14 13,10,14 24,22,30 15,14,17 25,23,31 27,23,34 50,53,62 49,51,65 53,54,73 51,52,73 48,49,68 48,50,66 26,29,38 16,19,28 37,35,43 28,25,31 26,22,33 31,29,37 37,37,45 20,19,24 11,10,13 11,10,13 15,12,27 50,49,54 53,54,57 32,33,38 15,19,34 11,17,34 13,19,36 39,44,54 51,55,57 56,57,60 52,52,52 47,47,47 54,54,54 45,47,47 46,48,45 50,51,54 52,54,54 53,53,50 57,57,57 59,59,59 53,55,55 53,52,57 55,56,59 48,52,54 50,53,60 49,52,61 47,55,60 57,57,65 50,50,58 51,54,61 50,53,60 50,55,63 54,59,65 50,55,61
53,52,43 53,51,49 57,58,50 52,53,45 52,51,44 18,17,20 13,12,15 14,11,15 12,9,13 32,29,35 17,14,20 20,16,25 23,21,31 18,16,26 27,30,37 52,56,69 18,15,32 11,9,17 16,12,21 21,21,29 30,30,42 34,37,46 13,13,25 12,10,18 12,9,15 11,10,13 27,28,33 58,59,64 49,51,51 51,52,57 55,57,57 53,52,55 49,50,53 45,46,49 51,52,55 12,14,30 14,17,37 16,17,36 51,52,57 52,52,49 51,51,51 46,48,45 44,44,44 50,50,47 52,52,52 49,51,51 51,51,51 54,54,54 49,51,48 53,53,50 48,49,52 50,52,52 55,54,57 52,53,58 51,50,55 52,52,60 57,61,65 52,50,58 52,52,60 51,54,61 48,53,59 50,53,60 50,53,62 53,56,65
55,55,52 55,55,52 53,53,48 51,51,46 54,55,47 17,14,18 16,13,17 13,10,14 11,8,12 27,23,32 14,11,17 22,20,28 27,25,33 14,10,19 20,18,26 55,58,65 57,62,70 44,47,56 31,36,46 11,9,19 15,15,27 16,18,32 18,19,38 49,54,62 63,63,71 60,63,70 50,54,58 52,53,56 50,51,54 48,50,50 50,51,54 49,50,55 50,50,50 51,51,51 47,47,47 48,49,52 51,52,55 53,53,50 52,54,54 48,50,47 41,41,38 47,47,44 47,47,44 51,49,47 45,45,45 50,52,49 52,54,54 52,52,49 51,53,53 50,52,52 50,51,54 51,52,55 52,54,54 55,58,65 51,52,57 53,57,61 50,48,56 49,54,60 49,53,57 51,51,59 50,55,61 51,54,61 53,53,63 50,54,56
54,54,49 52,53,45 61,61,56 57,58,48 62,62,57 14,11,15 12,9,13 12,9,13 11,8,12 20,17,23 12,9,13 24,22,30 58,59,64 10,9,12 14,11,17 25,23,31 53,58,66 61,64,75 58,61,72 20,24,39 12,18,37 43,46,57 48,51,58 49,52,59 53,53,61 55,58,65 51,52,57 48,52,54 51,53,53 48,49,52 55,54,57 49,51,51 48,48,48 48,48,48 46,48,45 48,50,47 46,51,47 45,46,49 46,51,50 51,53,53 48,50,50 53,53,53 50,52,47 45,45,42 39,41,38 48,50,47 58,60,60 55,56,59 55,56,59 50,51,54 51,52,55 53,54,59 51,52,55 52,53,58 55,59,63 50,53,60 51,51,59 48,48,56 47,52,58 52,50,58 47,50,57 52,52,60 51,54,61 51,52,57
53,55,52 53,55,52 56,54,50 60,60,55 53,53,48 13,10,14 13,10,14 10,9,12 23,20,26 13,10,14 18,16,24 21,24,31 57,62,70 48,53,63 10,9,12 13,12,15 58,65,77 49,54,64 48,53,63 52,57,67 55,55,63 49,49,59 47,52,58 46,51,57 52,57,63 51,55,59 59,61,61 64,66,66 62,67,66 56,57,60 50,52,49 51,51,48 54,53,56 57,59,59 51,53,53 49,51,51 48,48,48 52,52,49 57,59,54 50,52,52 55,57,54 51,51,48 52,54,54 54,54,51 49,51,48 55,55,52 52,52,47 53,55,55 48,50,50 51,53,53 48,52,54 56,58,58 55,56,59 57,58,63 54,53,58 57,55,63 59,60,65 49,52,59 46,51,57 52,50,58 45,46,51 46,46,54 51,51,59 48,51,58