20,20,20 20,20,20 20,20,20 22,22,22 23,21,22 21,19,20 18,18,18 21,19,20 21,19,20 26,23,27 24,23,26 41,40,43 23,20,24 23,21,22 21,19,20 20,20,20 20,18,19 23,21,22 23,21,22 23,20,24 23,20,24 23,20,24 23,21,22 23,20,24 23,20,24 24,21,25 21,19,20 23,21,22 21,18,22 23,23,23 19,19,19 17,17,17 22,22,22 17,17,17 18,18,18 17,17,17 20,20,20 18,18,18 19,19,19 22,22,22 24,22,23 22,22,19 20,20,20 20,20,20 22,22,22 23,21,22 20,18,19 21,19,20 24,22,23 24,22,23 20,20,20 25,20,22 19,19,16 22,22,19 20,20,17 20,20,17 20,20,17 22,22,19 19,19,19 20,20,17 20,20,20 20,20,20 20,20,20 22,22,22
20,20,20 22,22,22 22,22,22 22,22,22 20,20,20 23,21,22 22,22,22 21,19,20 49,47,48 27,24,28 27,26,29 29,28,31 37,34,38 21,19,20 23,21,22 20,20,20 23,21,22 23,21,22 20,18,19 23,20,24 24,21,25 24,21,25 24,21,25 25,23,24 28,26,27 34,32,33 23,21,22 21,19,20 21,18,22 25,25,25 20,20,20 18,18,18 20,20,20 20,20,20 22,22,22 20,20,20 19,19,19 20,20,20 20,20,20 19,19,19 23,21,22 22,22,19 20,20,20 20,20,20 20,20,20 26,24,25 20,18,19 23,21,22 25,23,24 19,17,18 21,16,18 20,20,20 22,22,19 22,22,19 20,20,17 20,20,17 19,19,16 23,23,20 18,18,18 20,20,17 20,20,20 20,20,20 20,20,20 18,18,18
23,21,22 23,21,22 22,22,22 20,20,20 20,20,20 20,18,19 20,20,20 21,19,20 74,39,40 72,33,30 73,50,47 28,25,29 26,23,27 20,20,20 22,22,22 22,22,22 21,19,20 25,20,22 25,20,22 23,21,22 23,20,24 23,20,24 23,20,24 23,20,24 26,23,27 32,29,33 23,21,22 24,22,23 23,21,22 24,24,24 19,19,19 22,22,22 22,22,22 20,20,20 22,22,22 20,20,20 20,20,20 22,22,22 20,20,20 20,20,20 26,24,25 22,22,19 23,21,19 19,19,19 22,22,22 23,21,22 23,21,22 20,18,19 21,19,20 18,16,17 23,23,23 22,22,22 26,24,25 24,22,23 22,22,19 20,20,17 18,18,15 23,23,20 22,22,19 19,19,16 20,20,20 20,20,20 20,20,20 23,21,22
22,22,22 19,19,19 20,18,19 20,20,20 19,19,19 20,20,20 20,20,20 21,19,20 68,38,37 97,52,45 103,53,36 105,48,31 28,23,25 30,29,34 21,19,20 23,21,22 23,21,22 21,19,20 23,21,22 21,19,20 20,18,19 23,21,22 23,21,22 23,21,22 23,21,22 38,36,37 32,29,33 23,20,24 21,18,22 26,24,25 22,22,22 19,19,19 23,21,22 23,21,22 20,20,17 22,22,22 24,22,23 22,22,22 23,23,23 25,25,25 26,24,25 20,20,17 20,20,17 21,19,17 20,20,20 20,20,20 26,25,28 22,22,22 17,16,19 22,21,24 24,22,23 25,23,24 25,22,26 24,22,23 27,27,27 24,24,19 19,19,19 23,21,22 23,21,22 23,21,22 22,22,22 23,21,22 23,21,22 23,21,22
20,20,20 19,19,19 22,22,22 23,21,22 20,20,20 22,22,22 22,22,22 23,21,22 97,54,39 88,39,30 112,60,41 112,54,32 57,27,26 26,30,34 23,21,22 23,21,22 23,21,22 23,21,22 23,21,22 23,21,22 21,18,22 23,21,22 24,22,23 23,21,22 20,18,19 24,22,23 24,21,25 24,21,25 24,22,23 26,26,26 21,19,20 22,22,22 19,19,16 19,19,16 20,20,15 27,25,26 27,25,26 32,30,31 21,19,20 25,23,24 19,17,15 24,22,23 22,22,19 23,21,22 23,21,22 23,21,19 24,21,25 23,21,22 21,19,20 26,24,25 21,19,17 25,23,24 26,24,25 24,22,23 23,24,16 25,24,27 24,22,20 22,22,22 25,23,24 21,19,20 21,19,20 23,20,24 29,29,29 29,28,31
23,23,23 22,22,22 19,19,19 20,20,20 22,22,22 22,22,22 23,23,23 23,23,23 92,44,30 99,45,27 111,62,42 121,59,32 66,28,18 36,37,42 23,21,22 23,21,22 23,21,22 23,21,22 23,21,22 23,21,22 23,20,24 23,21,22 24,22,23 25,23,24 25,23,24 25,23,24 27,24,28 25,22,26 25,23,24 33,31,32 23,21,22 22,21,24 22,22,19 24,24,21 20,20,20 23,21,19 23,21,22 23,21,19 26,24,25 25,23,24 23,20,24 25,22,26 22,22,19 22,22,19 23,23,20 22,22,19 25,24,27 28,26,27 21,18,22 26,24,22 28,26,24 26,24,25 29,30,22 23,23,23 24,24,21 20,20,17 24,22,23 24,22,23 24,22,23 26,24,25 26,24,25 26,24,25 26,26,26 30,29,32
43,43,55 21,19,20 22,22,22 22,22,22 22,22,22 22,22,22 22,21,24 23,21,22 98,46,27 114,62,41 129,71,47 82,39,22 57,42,33 32,32,40 23,21,22 23,20,24 23,21,22 23,21,22 23,20,24 23,21,22 21,19,20 25,23,24 25,23,24 25,23,24 24,22,23 25,23,24 31,28,32 33,30,34 45,43,51 27,25,23 26,24,25 22,22,19 23,21,22 20,18,19 23,21,19 23,23,20 20,20,17 22,22,19 27,26,29 30,30,27 28,26,27 23,21,22 22,22,19 22,22,19 23,21,19 22,22,19 29,28,31 29,28,31 26,25,28 23,22,25 26,24,22 21,19,17 27,30,22 23,21,19 22,22,22 22,22,19 21,19,20 24,22,23 24,22,23 24,22,23 31,30,33 29,28,31 25,25,25 26,25,28
36,42,59 39,43,58 23,20,24 23,21,19 22,22,22 22,22,22 23,21,22 25,20,22 74,34,25 95,48,25 131,65,35 93,44,22 45,36,30 41,44,51 23,21,19 23,21,22 23,21,22 23,21,22 23,21,22 23,21,22 23,21,22 21,19,20 23,21,22 25,23,24 25,23,24 27,27,24 25,24,27 39,40,43 57,58,61 24,24,24 37,37,37 22,22,22 23,21,22 24,22,23 23,21,22 25,23,24 24,22,23 24,22,23 30,28,29 20,18,19 24,22,23 23,20,26 23,23,23 23,21,19 23,21,19 22,22,19 30,28,36 33,32,37 27,26,31 25,24,27 23,23,20 24,24,19 22,22,22 23,21,19 23,21,19 23,23,20 23,21,22 27,25,26 23,23,23 22,22,22 30,28,36 26,24,32 36,37,42 24,23,26
38,44,61 37,43,60 34,30,41 23,21,22 25,20,22 24,24,24 23,23,23 25,20,22 79,36,21 125,67,30 119,62,31 103,50,34 91,45,31 43,30,27 21,22,27 24,22,23 26,21,23 28,23,25 27,19,25 24,21,25 23,21,22 31,15,11 23,22,25 23,21,22 24,22,23 25,25,22 28,30,30 44,45,50 53,52,55 26,23,27 45,42,46 32,30,31 24,22,23 24,22,23 24,22,23 24,22,23 23,21,22 30,30,27 22,22,22 25,23,24 23,21,22 22,22,22 22,22,22 24,22,23 24,22,23 22,22,19 29,27,35 27,25,33 20,18,28 26,24,32 26,26,23 23,23,18 22,22,19 20,20,17 23,21,19 22,22,19 22,22,19 24,24,24 23,23,20 23,22,25 29,27,35 27,25,33 33,32,37 25,24,29
36,42,59 37,43,60 40,47,61 23,20,24 23,21,19 23,21,22 22,22,22 56,38,37 125,64,28 106,52,16 100,55,32 117,60,31 63,31,26 54,32,24 49,39,43 23,22,25 28,30,30 31,33,33 55,28,23 54,38,34 26,20,25 47,23,17 23,22,25 23,23,23 24,22,20 24,24,21 30,30,30 39,37,45 45,44,49 30,27,31 33,30,34 40,37,41 25,23,24 24,22,23 24,21,25 34,34,31 38,42,27 24,26,26 29,29,26 23,21,22 24,22,23 23,21,22 23,21,22 24,22,23 26,26,26 25,25,25 25,23,33 29,28,33 29,28,33 26,25,28 30,28,26 21,19,20 23,21,19 23,21,19 22,22,19 22,22,19 22,22,19 24,24,24 23,23,23 25,24,27 26,25,28 25,24,29 30,27,33 25,23,24
39,45,62 36,42,59 34,40,59 40,44,59 25,20,19 23,21,22 28,23,25 84,48,26 57,31,21 50,27,14 67,35,19 73,42,32 48,30,25 54,34,27 42,39,43 45,44,47 31,33,33 46,53,51 127,65,36 29,22,25 42,36,29 55,29,33 87,60,44 27,22,19 24,22,20 24,24,19 27,26,29 36,35,40 38,37,42 27,24,28 26,23,27 39,36,40 23,23,23 24,24,24 23,21,22 22,22,17 34,40,31 30,32,29 23,23,18 25,22,26 24,24,24 24,23,16 23,23,20 23,22,25 25,25,25 22,22,22 26,25,30 30,29,34 26,25,28 26,25,28 20,20,17 22,22,22 20,18,16 31,31,28 29,29,29 27,26,29 24,24,21 25,25,25 24,24,24 24,23,26 26,25,28 27,26,31 24,21,25 24,22,23
39,45,62 37,43,60 35,44,57 65,64,57 53,49,58 41,28,23 40,29,26 43,27,23 45,34,29 43,30,23 44,28,22 58,42,36 39,26,23 30,28,29 84,52,38 55,44,37 61,60,53 45,53,43 86,41,20 122,81,54 36,49,33 74,60,17 141,99,20 255,170,12 25,20,19 25,20,19 25,25,25 28,25,29 34,32,40 28,25,31 28,26,27 32,30,31 25,23,24 23,25,25 24,24,24 25,30,10 30,31,19 30,31,34 24,23,26 27,27,27 43,43,53 45,45,53 30,31,34 18,19,22 23,21,22 26,25,28 25,24,27 26,25,30 26,25,28 27,25,35 22,22,22 22,22,19 23,23,20 22,22,19 22,22,19 23,23,23 25,25,25 25,24,27 26,26,26 24,23,26 24,21,25 20,19,22 23,21,22 23,21,22
24,24,32 31,31,39 38,38,46 139,77,21 56,43,38 52,44,52 57,38,52 45,25,16 76,56,38 79,55,33 78,54,32 57,38,26 62,41,30 27,27,22 93,60,33 90,66,42 61,40,27 61,47,33 52,42,41 143,91,29 67,57,35 63,66,31 255,157,13 255,159,0 100,65,38 74,50,26 66,45,34 51,39,41 36,34,42 27,27,35 28,31,40 25,23,31 22,22,22 21,26,25 26,24,25 30,29,22 23,25,25 22,22,22 33,32,35 33,31,32 50,58,63 48,51,60 44,47,56 25,26,29 24,24,24 25,24,27 25,25,25 26,24,25 25,24,27 33,36,43 24,23,26 24,24,24 23,23,23 24,24,24 22,24,21 24,24,24 26,24,25 25,23,24 26,24,25 22,20,28 23,21,22 27,27,27 24,22,23 24,22,23
7,9,25 97,62,49 20,16,25 97,63,61 54,38,34 43,21,1 96,64,48 86,49,25 108,71,47 79,53,28 113,76,50 94,60,40 95,49,21 44,45,35 102,63,35 74,55,30 71,45,22 96,63,38 103,71,55 183,132,97 83,47,16 56,65,37 146,122,58 255,171,42 180,113,63 91,56,29 69,50,34 54,41,36 41,36,38 34,31,37 34,37,48 34,37,46 28,25,31 23,25,25 121,64,6 136,77,20 30,22,30 30,29,32 30,29,32 37,37,37 32,35,42 30,31,36 28,28,36 27,29,26 24,24,24 24,22,23 23,23,23 26,24,25 31,30,35 54,59,69 23,27,29 25,29,33 24,26,26 24,26,23 21,26,25 23,25,25 27,25,26 27,22,24 25,25,25 20,20,20 20,20,20 20,20,20 22,22,22 22,22,22
50,50,76 113,58,29 33,21,21 25,26,49 125,45,9 116,84,29 50,29,44 51,23,10 102,62,39 134,79,34 125,76,40 117,70,38 118,56,16 47,38,21 98,69,38 77,51,26 108,76,46 111,79,49 77,72,71 66,71,81 115,57,22 127,61,9 253,159,20 185,117,43 255,193,56 99,63,32 83,58,39 60,43,35 55,38,41 94,63,44 35,32,36 36,36,48 25,28,37 24,25,28 255,255,118 143,95,39 28,25,31 25,24,27 26,26,26 37,36,39 34,34,44 35,38,47 34,37,46 28,29,32 25,24,27 23,21,22 23,21,22 26,24,25 24,23,26 48,51,58 22,28,29 22,25,34 28,29,34 24,26,26 21,26,22 21,25,27 27,24,28 25,23,24 24,24,24 25,25,25 20,20,20 24,24,21 24,24,24 17,17,17
124,47,10 117,64,48 70,55,46 28,18,36 63,27,21 170,93,17 92,51,35 37,20,12 148,78,0 90,66,82 168,100,12 99,50,14 164,95,14 123,65,28 152,74,3 121,71,25 113,64,28 106,67,37 52,64,88 49,58,71 56,32,26 102,66,19 255,210,111 147,81,33 255,191,57 117,72,37 85,59,38 61,48,41 54,47,50 56,31,28 57,38,42 38,37,52 29,29,37 30,25,27 159,117,36 43,33,23 25,24,27 25,22,26 23,20,24 35,37,37 34,39,49 37,38,57 17,17,25 58,63,62 24,21,27 21,19,20 33,33,33 33,31,32 23,21,22 23,21,22 28,26,24 25,24,29 25,26,29 24,24,34 27,27,35 22,23,26 25,23,24 24,22,23 28,25,29 30,29,32 31,31,31 31,31,31 31,29,30 20,20,17
54,51,96 62,42,33 34,20,22 21,31,51 41,44,80 82,46,24 144,88,50 45,24,20 115,62,0 146,85,20 93,72,72 99,63,12 129,68,32 120,48,11 170,74,16 119,69,25 125,70,16 82,87,93 51,40,47 67,70,77 83,82,85 196,151,118 255,194,59 255,206,54 153,107,66 255,202,85 83,61,27 75,55,46 59,46,56 45,14,6 32,14,11 40,43,54 25,28,35 34,28,33 82,55,39 46,27,31 92,82,33 50,17,0 62,59,63 32,34,31 34,38,42 36,37,40 36,39,29 41,46,42 23,22,25 24,22,23 30,30,27 32,30,28 21,19,20 20,18,19 21,19,20 23,21,22 24,25,28 24,25,28 23,22,25 25,25,25 24,24,24 24,24,21 24,24,21 24,24,19 23,23,18 20,20,20 24,24,19 25,26,18
82,36,36 42,24,23 95,73,65 19,22,44 30,26,39 77,56,41 116,62,28 34,20,22 98,35,11 92,40,10 107,45,16 215,103,4 105,67,59 198,101,19 94,47,26 129,75,37 98,51,17 92,79,87 144,95,26 156,98,45 31,35,48 75,71,84 241,148,73 255,200,62 106,75,56 219,146,71 115,55,12 83,59,37 90,61,68 143,80,31 72,54,49 38,36,44 33,28,27 40,28,28 55,32,17 246,111,34 160,108,87 73,57,42 26,24,20 20,22,19 20,25,19 27,29,26 35,44,27 41,54,27 39,48,31 20,25,19 25,25,22 23,21,19 22,22,19 21,19,20 24,22,23 23,21,22 22,22,22 24,23,26 22,22,19 24,24,19 24,25,17 18,18,15 20,20,20 22,22,19 20,20,15 22,23,15 23,24,16 33,35,20
92,54,60 50,25,8 103,68,53 27,33,52 36,24,38 37,25,27 90,54,23 39,16,17 108,65,30 51,43,49 236,145,74 195,125,92 66,28,9 78,42,20 62,49,42 46,44,24 119,78,60 67,61,25 198,132,13 182,119,43 123,102,91 253,170,83 239,122,13 114,61,16 155,97,62 230,146,13 219,125,0 86,46,12 86,41,34 95,52,17 78,46,32 48,36,36 41,37,27 75,55,48 69,67,65 134,108,67 109,94,74 29,35,26 18,16,17 15,20,19 36,44,49 26,30,32 32,32,40 39,39,39 21,22,27 41,41,41 22,22,22 23,22,25 23,23,20 23,23,20 22,22,17 22,22,19 24,24,21 19,20,12 22,22,17 22,22,17 23,24,16 23,24,16 23,23,18 24,24,21 22,22,17 24,25,17 27,28,16 25,27,12
104,63,63 33,34,24 68,59,42 31,36,60 124,88,70 47,30,36 73,42,32 32,19,27 59,42,45 58,57,74 114,35,0 100,58,36 168,82,14 97,30,0 98,56,0 39,32,16 53,35,16 61,53,29 220,130,19 203,118,24 160,111,46 31,23,12 168,84,4 104,52,20 111,68,33 130,84,45 44,35,29 78,45,8 30,31,52 97,33,5 42,25,17 79,41,31 30,15,4 64,41,26 55,27,0 123,99,37 23,32,43 28,32,15 36,25,18 62,60,58 43,41,49 43,48,56 46,54,59 45,50,58 42,46,50 23,23,23 31,30,35 30,29,32 30,29,32 24,23,26 22,22,22 23,21,19 16,16,13 22,23,15 20,21,13 22,22,22 22,23,15 17,17,14 19,19,16 22,22,17 24,25,17 38,40,25 27,28,20 23,24,14
45,16,12 44,42,43 53,43,19 36,33,62 26,17,13 138,90,61 78,45,34 32,20,20 57,33,49 29,15,17 106,65,36 79,48,0 133,80,27 111,47,1 51,23,21 40,16,10 217,125,90 201,114,87 162,81,52 145,93,74 80,43,19 44,36,25 139,61,13 126,72,11 81,37,9 88,52,34 55,35,28 86,42,14 130,54,43 92,42,11 29,19,20 65,41,33 47,34,29 37,31,24 101,62,30 32,30,42 38,41,33 74,47,15 61,56,53 74,63,46 94,70,35 53,45,34 69,71,66 41,39,35 28,26,27 27,26,29 25,23,21 35,28,31 42,35,35 42,35,35 47,39,45 40,38,39 32,22,26 30,27,31 24,22,23 21,19,20 21,19,20 25,25,25 25,25,25 39,38,43 53,52,57 50,50,45 39,40,32 27,28,18
88,51,25 64,51,59 53,54,33 52,50,48 60,39,35 126,66,14 104,66,31 39,21,20 202,94,13 231,101,0 207,111,35 95,49,19 147,63,28 84,13,0 84,31,6 119,46,3 160,68,6 156,69,24 160,72,16 125,64,32 33,24,16 85,44,15 76,46,20 105,56,16 44,14,0 66,46,28 62,43,31 81,45,12 98,46,27 41,22,10 54,19,4 39,16,17 38,19,26 88,47,18 95,53,13 37,28,24 69,52,53 51,42,36 44,36,44 39,37,38 41,40,43 39,37,35 36,36,33 38,31,29 37,30,33 34,32,33 37,35,45 39,39,49 35,30,32 41,33,39 33,31,43 36,34,46 43,36,39 33,26,24 36,24,24 23,21,22 23,24,27 25,25,25 27,24,28 24,22,20 27,24,28 26,23,27 31,24,27 34,27,27
58,59,80 48,56,61 49,58,69 52,59,71 36,46,54 47,64,70 65,64,79 67,66,81 59,66,80 62,66,79 63,73,79 69,74,84 66,74,81 69,67,87 74,68,75 53,43,42 92,56,46 92,51,35 68,19,0 86,30,4 34,18,12 100,55,22 47,22,19 68,28,0 94,44,0 94,40,4 89,36,0 84,35,0 88,44,16 94,52,12 84,31,0 69,26,0 33,12,12 64,33,14 92,49,4 48,33,22 27,29,29 37,34,38 38,37,42 41,41,41 41,33,39 43,36,39 42,35,38 37,31,36 53,50,54 31,28,34 43,40,55 55,53,63 34,27,30 37,33,44 61,62,83 28,21,24 37,31,26 28,18,19 28,29,34 23,20,24 25,23,33 24,22,30 17,16,21 25,24,27 24,21,25 44,43,48 38,31,34 48,47,52
38,46,53 37,45,52 58,67,80 56,65,78 60,68,77 57,68,79 57,68,79 55,69,81 54,65,76 55,66,77 55,66,77 57,66,79 55,69,81 63,72,83 33,43,51 54,65,78 56,66,82 58,69,82 56,65,78 56,64,80 56,66,84 53,67,79 63,73,81 59,65,68 56,61,69 57,61,74 49,49,57 38,34,45 44,37,37 33,22,19 34,21,18 42,37,36 35,30,32 28,23,25 23,18,20 42,45,54 47,58,71 46,55,66 36,40,53 25,28,35 28,23,25 30,31,36 20,19,22 20,20,20 20,17,21 17,17,17 18,17,20 31,32,37 40,35,34 32,27,26 31,28,32 34,26,32 25,20,22 28,23,25 28,18,22 19,17,18 19,18,21 15,13,21 19,18,21 21,19,20 36,36,33 39,39,34 37,37,37 32,30,28
46,50,52 60,63,72 55,63,68 35,40,39 57,66,79 58,69,82 57,68,79 34,37,46 58,70,78 61,72,85 61,72,85 52,63,76 52,58,61 22,25,32 61,72,83 52,63,74 56,67,78 56,67,78 51,62,73 55,66,77 56,65,76 56,67,78 59,70,83 57,68,81 61,72,85 61,72,85 61,71,87 64,74,90 57,68,81 60,73,92 59,65,82 54,68,80 54,63,76 52,59,73 57,64,78 29,34,44 63,68,78 53,58,68 41,48,60 39,46,60 54,63,74 54,65,78 50,64,76 55,66,77 55,65,81 52,60,69 26,29,36 27,26,31 19,16,20 18,15,19 18,15,19 18,15,19 19,16,20 19,16,20 21,18,22 23,21,22 23,21,22 24,22,23 27,26,29 26,25,28 34,33,38 41,40,45 45,42,46 39,37,38
28,33,43 25,25,22 27,30,18 27,35,25 58,68,84 58,69,82 18,25,23 23,25,22 61,71,89 54,65,78 57,68,81 54,66,74 45,50,58 56,70,82 52,63,76 57,68,81 57,68,81 58,69,82 57,68,81 55,66,79 51,60,71 56,65,76 54,65,78 55,66,79 37,48,59 55,66,77 54,65,76 56,67,80 59,70,83 57,68,81 57,68,79 46,55,68 53,62,75 37,44,56 32,37,47 32,37,45 61,66,76 48,55,67 22,22,30 21,22,27 20,18,19 21,19,20 32,30,31 29,28,31 38,37,40 36,37,42 32,33,38 20,17,21 20,19,22 18,17,20 19,16,20 17,14,18 18,16,17 16,16,16 20,18,19 23,21,22 23,17,22 14,12,13 18,13,15 26,26,21 41,39,37 33,31,32 37,35,33 41,39,40
32,40,49 22,25,17 27,29,24 25,27,22 52,61,72 61,69,78 30,31,34 25,26,18 53,67,79 57,68,81 59,63,76 27,33,24 58,68,84 54,65,78 58,69,82 63,72,85 61,72,85 56,70,82 51,62,75 59,69,85 48,59,72 46,55,68 43,41,49 44,44,52 58,58,66 63,63,73 53,56,67 54,62,71 59,68,79 65,74,87 53,60,74 52,62,70 49,58,69 47,56,69 58,67,78 54,64,70 24,32,41 38,45,57 49,58,69 43,50,62 52,57,65 29,34,42 28,33,43 21,22,25 16,16,13 16,14,15 18,16,17 19,19,19 23,21,22 26,24,25 27,27,27 32,30,31 27,25,26 26,24,25 27,24,30 26,23,27 26,23,27 25,23,24 30,30,27 37,37,32 33,31,32 33,31,32 34,34,31 34,32,30
53,60,72 22,25,15 27,29,26 30,32,27 58,67,80 25,30,29 64,68,72 28,33,32 55,69,79 60,68,77 23,26,18 25,29,33 57,68,79 51,62,73 58,69,82 47,50,68 34,37,44 43,46,55 48,50,64 50,53,60 25,29,33 15,19,21 20,22,22 16,18,18 17,19,19 17,19,19 22,22,22 20,20,20 25,25,25 23,23,23 23,23,23 20,19,22 19,19,19 21,19,17 24,23,26 24,23,26 22,22,22 48,49,52 54,59,67 34,42,49 40,45,53 44,54,58 48,53,63 47,55,62 42,47,53 22,26,30 33,33,30 22,24,19 17,17,17 23,23,23 25,25,25 22,22,19 20,20,15 24,24,21 25,23,21 25,23,21 22,22,19 23,23,20 24,26,23 37,37,32 35,33,34 32,30,31 32,32,29 30,28,26
48,55,67 22,25,17 24,24,21 27,30,22 53,57,70 24,27,17 27,29,24 42,48,49 29,28,33 23,25,22 21,27,18 23,23,23 23,23,33 37,37,45 57,64,76 54,58,71 44,46,60 38,38,48 23,25,22 23,23,23 20,20,17 20,20,20 20,19,22 16,20,22 18,18,26 19,22,29 23,22,25 18,18,18 18,18,18 22,22,22 26,25,28 31,31,31 20,18,19 20,18,19 20,20,20 23,23,23 20,20,20 16,13,17 18,16,17 23,22,25 48,56,63 42,45,56 35,40,46 31,32,37 24,25,30 31,29,30 23,26,18 25,28,20 22,22,17 24,24,19 21,19,15 22,22,19 24,24,21 24,22,23 20,20,17 19,19,16 20,20,20 20,20,17 22,22,17 26,26,21 30,28,24 27,25,23 24,24,19 23,23,18
46,53,65 23,26,16 15,15,12 17,15,11 21,19,17 20,23,15 20,22,19 53,61,68 41,44,36 23,24,16 20,21,13 31,32,22 23,28,24 24,25,30 18,23,31 33,36,45 39,42,49 36,39,48 19,22,29 37,37,45 53,58,64 48,53,61 47,57,65 31,36,46 25,30,38 18,23,33 20,20,30 21,22,27 23,21,29 23,17,22 19,19,19 18,15,19 21,19,20 18,16,17 21,19,20 20,20,20 40,39,44 60,63,72 34,39,47 23,20,24 16,16,16 26,27,19 32,33,23 38,39,29 32,34,19 38,40,25 35,38,26 21,24,16 29,30,22 29,30,22 26,27,19 25,26,18 26,26,23 23,24,16 23,23,18 27,28,20 30,31,23 24,24,19 32,33,25 23,24,16 27,27,22 27,25,21 26,26,21 26,26,23
24,26,21 22,25,17 15,15,12 18,18,15 20,20,17 23,25,20 38,39,42 42,52,60 25,26,18 23,24,16 24,22,20 32,32,29 34,37,48 27,34,46 49,54,64 59,68,81 58,67,80 52,61,74 56,70,80 52,66,76 55,69,79 54,65,76 58,66,82 55,68,83 54,67,82 56,66,82 49,58,71 44,55,68 60,68,77 57,62,72 60,65,75 21,26,32 19,24,23 19,19,19 23,20,24 30,31,36 24,23,28 22,23,26 27,24,28 30,31,34 23,23,18 24,24,21 26,26,23 20,20,15 21,19,20 22,22,22 25,25,20 24,27,19 23,24,16 23,23,18 22,23,15 24,24,19 25,23,21 23,24,16 27,25,21 30,29,20 52,53,45 38,36,32 33,31,29 37,35,31 27,25,23 28,26,24 33,31,29 30,28,26
23,26,16 23,26,18 22,23,15 18,18,18 17,17,14 15,18,10 65,67,64 50,56,59 25,26,18 22,22,17 25,25,22 51,57,76 45,54,65 45,53,62 49,54,62 47,52,62 33,30,36 43,46,55 48,55,67 50,57,69 27,30,39 20,23,30 23,24,29 22,23,28 23,21,22 20,17,21 26,25,30 29,29,29 25,25,25 20,20,20 18,18,18 22,22,22 19,18,21 27,26,29 36,31,28 35,25,24 45,34,15 41,26,17 26,24,22 20,20,15 24,24,21 28,26,24 25,25,22 27,27,27 25,23,21 24,24,21 22,22,19 23,23,18 23,23,20 23,24,16 19,19,14 32,26,33 28,22,27 25,24,27 25,23,21 29,24,21 39,40,32 31,31,26 32,27,26 34,29,26 26,24,22 28,26,24 30,28,26 33,34,26
27,22,21 26,24,22 20,21,11 19,19,16 22,22,19 23,24,16 25,26,18 20,21,11 25,26,16 22,22,17 22,23,15 27,26,31 29,29,39 34,39,47 42,47,53 45,50,58 50,55,63 35,38,47 22,21,24 17,17,17 20,19,24 25,23,31 29,28,33 27,26,29 22,22,22 19,19,19 17,17,17 18,18,18 22,22,22 23,23,23 18,18,18 19,19,19 19,19,19 19,19,19 22,22,22 30,19,26 26,23,27 25,23,24 23,21,22 18,16,12 22,22,22 25,25,22 24,24,21 26,24,20 24,22,20 23,21,22 23,23,23 24,24,21 25,25,20 30,28,26 31,21,20 36,31,33 27,24,28 26,23,27 26,24,22 28,26,22 38,36,32 31,30,23 28,26,24 30,28,24 26,24,25 27,25,23 30,28,24 38,39,29
13,11,12 14,12,13 24,25,17 15,15,12 24,24,19 19,19,16 20,20,20 17,17,14 22,23,15 25,26,18 26,25,18 24,25,17 19,19,16 20,18,19 23,18,20 21,19,20 19,17,18 20,18,19 20,18,19 18,18,18 18,18,18 19,19,19 20,20,20 20,18,19 25,23,24 23,21,22 19,19,19 20,20,20 19,19,19 19,19,19 19,19,19 19,19,19 21,19,20 20,18,19 20,18,19 23,21,22 21,16,15 28,25,29 26,24,25 27,25,26 29,29,29 27,27,27 26,26,26 26,24,25 25,22,28 25,22,26 26,24,22 27,25,26 28,26,24 28,26,27 27,25,23 26,24,22 25,25,25 30,28,29 34,32,33 27,25,26 27,25,26 26,24,22 27,24,28 28,26,24 27,24,28 27,25,26 27,25,21 38,37,30
13,13,10 15,15,12 24,25,15 18,18,15 20,20,17 23,21,17 24,24,19 17,17,14 20,20,15 24,25,17 22,23,15 23,24,16 20,20,15 20,18,19 21,19,20 22,22,19 24,22,23 18,16,17 20,18,19 20,18,19 16,16,16 18,15,19 20,17,21 19,17,18 18,16,17 20,18,19 19,17,18 18,15,19 18,16,17 18,18,18 18,18,18 19,17,18 18,18,18 17,15,16 20,17,21 21,19,20 18,15,19 17,14,18 20,17,21 30,27,31 31,29,30 27,27,27 25,25,25 26,24,25 25,23,24 25,22,26 26,24,25 27,25,26 25,24,27 30,27,31 27,25,26 27,25,23 26,24,25 26,24,25 27,25,26 26,24,22 25,22,28 25,22,26 26,23,27 27,25,23 26,24,25 28,26,27 27,25,23 28,26,24
17,17,14 17,17,14 21,24,16 17,15,16 20,15,17 17,14,18 16,10,15 19,17,15 20,18,14 23,24,16 23,24,16 24,24,19 23,24,16 20,20,15 20,18,19 20,18,19 19,19,19 18,18,18 19,19,19 17,17,17 17,16,19 16,15,18 20,17,21 19,19,19 16,16,16 16,16,16 17,15,16 19,17,18 18,16,17 20,18,19 20,18,19 18,16,17 19,17,18 18,15,19 18,15,19 17,17,17 17,15,16 18,15,19 20,14,19 17,15,16 20,15,17 19,16,20 17,14,18 19,16,20 19,16,20 21,18,22 26,24,25 26,24,25 23,22,25 31,30,33 30,28,29 25,23,24 25,23,24 25,23,24 25,23,24 26,24,22 25,22,26 25,23,24 27,25,23 27,25,23 25,23,21 25,23,24 27,25,23 27,25,23