108,86,50 88,67,44 26,24,25 66,47,35 113,84,49 113,84,49 113,84,49 114,90,53 109,86,55 105,81,55 96,75,48 86,72,54 90,74,59 83,69,53 76,64,52 71,61,51 68,59,53 65,59,54 67,58,50 55,50,52 26,25,28 27,26,29 29,29,29 30,30,30 32,31,34 33,32,35 33,32,37 33,31,39 33,31,39 33,32,37 52,50,58 51,49,57 51,49,57 51,50,53 52,50,58 50,48,56 53,51,59 52,51,56 52,51,54 52,50,58 52,50,58 52,50,58 33,32,35 33,32,35 30,29,32 31,30,33 30,29,32 31,30,33 27,26,29 29,28,31 27,26,29 26,25,28 25,25,25 24,24,24 24,22,23 26,21,23 50,46,40 66,57,49 71,59,47 77,67,45 87,68,43 93,69,43 100,76,43 103,79,44
111,87,50 102,77,47 91,77,63 122,90,48 120,92,54 116,87,52 123,94,59 111,87,50 105,82,51 105,81,55 98,79,52 91,76,54 88,72,57 85,72,51 76,64,52 73,63,53 70,61,55 64,58,53 39,34,31 24,22,23 26,25,28 26,25,28 29,28,31 30,30,30 31,30,33 29,28,31 33,32,35 33,31,39 33,31,39 32,31,36 47,45,53 50,48,56 51,50,53 54,52,60 51,49,57 50,48,56 52,50,58 51,50,55 52,50,58 52,50,58 52,50,58 48,46,54 33,32,35 33,32,35 30,29,32 30,29,32 30,29,32 30,29,32 29,28,31 27,26,29 27,26,29 27,26,29 25,25,25 24,24,24 24,22,23 26,21,23 25,20,22 29,19,20 67,55,43 74,64,42 87,68,43 87,68,41 100,76,43 102,78,43
119,91,62 112,84,55 124,96,58 123,95,55 123,92,55 120,92,54 120,92,54 120,91,58 114,89,59 109,84,54 104,80,54 96,79,53 87,73,55 86,72,54 77,65,53 77,65,55 61,55,50 24,24,24 23,21,22 22,22,22 25,24,27 26,25,28 27,26,29 27,27,27 29,28,31 30,29,32 31,30,33 30,29,32 33,31,39 32,31,36 36,34,42 50,48,56 48,46,54 48,46,54 47,45,53 47,45,53 43,42,47 43,41,49 40,38,46 39,37,45 33,31,39 31,30,35 32,31,34 33,32,35 30,29,32 29,28,31 30,29,32 27,26,29 27,26,29 25,24,27 26,25,28 26,26,26 24,24,24 24,24,24 27,20,23 29,19,23 23,16,19 22,15,18 19,18,21 24,22,18 80,63,39 87,68,41 97,77,45 106,82,45
125,97,59 123,95,57 111,83,45 130,102,64 125,98,55 124,96,56 124,95,60 116,87,54 111,84,52 120,93,61 103,77,52 100,79,52 88,72,55 86,72,54 85,69,52 44,39,36 23,21,22 22,22,22 23,23,20 23,23,23 24,23,26 26,25,28 26,26,26 27,26,29 29,29,29 30,29,32 30,29,32 32,31,34 30,29,32 31,30,33 31,31,31 27,27,24 37,37,37 37,36,39 37,36,41 38,36,37 37,37,37 38,37,40 37,36,39 38,37,40 31,30,33 29,28,31 32,31,34 30,29,34 30,29,32 29,28,31 29,28,31 27,26,29 26,25,28 26,26,26 26,26,26 27,27,27 25,25,25 25,25,25 26,21,23 23,20,24 21,16,18 20,18,19 20,20,20 22,22,22 24,24,21 41,35,28 95,77,47 108,81,47
125,97,59 128,100,62 117,88,53 112,85,51 131,103,63 125,98,55 128,101,58 120,91,56 114,86,48 113,86,52 113,88,58 106,82,56 95,76,53 87,73,57 27,27,27 27,27,27 22,22,22 23,21,22 22,22,22 23,23,23 25,25,25 25,24,27 25,24,27 27,26,29 27,26,29 30,30,30 29,28,31 32,31,34 32,31,34 31,31,31 48,37,32 56,31,12 93,52,23 117,58,30 110,54,28 118,69,47 43,38,26 37,36,39 37,36,39 37,36,39 31,30,33 29,29,29 30,30,30 29,28,31 29,29,29 26,25,28 27,26,29 26,26,26 26,25,28 26,26,26 26,26,26 26,26,26 26,24,22 26,21,23 25,20,22 18,18,15 19,14,16 24,17,20 23,21,22 24,22,23 24,24,24 27,26,29 25,25,22 58,44,28
124,96,58 124,96,58 121,93,55 121,93,55 120,89,52 125,97,57 121,93,53 120,92,54 118,90,52 110,83,49 101,78,47 102,79,50 62,51,44 31,28,32 27,26,29 26,25,28 24,24,24 23,21,22 22,21,24 23,22,25 23,23,23 22,22,22 24,23,26 26,26,26 26,25,30 26,25,28 29,28,31 43,34,26 225,146,102 161,53,28 152,41,24 151,40,25 141,38,25 137,30,25 127,30,26 118,32,29 103,28,28 89,32,33 35,32,36 36,35,38 30,29,32 29,28,31 29,28,31 27,26,29 26,26,26 27,26,29 27,26,29 27,26,29 25,25,25 24,22,23 23,21,22 20,18,19 22,17,16 21,16,18 14,15,18 15,14,17 23,16,19 27,20,23 27,19,25 27,22,24 25,25,25 26,26,26 26,25,28 28,26,27
130,102,62 127,99,59 125,97,57 123,95,55 124,96,58 119,90,55 124,96,56 126,98,58 123,95,57 120,93,57 95,74,47 37,35,33 33,32,37 30,29,34 29,28,33 26,25,28 25,25,25 24,22,23 25,20,22 23,21,22 22,22,22 17,16,19 18,18,18 19,19,19 23,22,25 24,24,24 64,48,35 186,46,41 143,34,26 125,30,21 119,31,24 110,28,22 108,26,24 102,27,25 97,25,29 91,27,30 88,26,28 90,26,29 124,82,58 34,33,36 26,26,26 23,23,23 23,23,23 22,22,22 23,23,23 20,20,20 16,18,18 15,17,17 18,16,17 19,16,20 21,19,17 21,19,17 24,17,15 14,11,15 14,11,15 13,11,12 19,14,16 26,21,20 24,22,23 27,22,24 26,26,26 27,27,27 27,27,27 31,29,30
144,110,67 137,105,61 130,98,56 125,94,57 125,96,61 117,88,53 121,92,57 120,92,52 123,92,55 95,78,54 38,36,37 33,32,37 33,31,39 32,31,36 29,28,31 27,26,29 26,25,28 24,24,24 17,14,18 19,19,19 20,20,20 14,15,18 13,14,17 13,17,19 16,18,18 20,17,21 207,89,54 142,33,25 111,25,27 104,26,27 98,23,26 94,27,31 93,26,28 89,27,27 85,24,29 85,24,29 82,25,26 87,25,27 109,59,42 33,30,34 19,19,19 19,18,21 19,19,19 19,19,19 17,17,17 21,16,18 20,13,16 21,13,19 19,11,17 19,11,17 13,13,13 16,10,15 14,12,10 15,10,12 17,14,20 12,12,12 17,17,17 27,22,24 25,23,24 28,23,25 29,24,26 30,25,27 31,29,30 32,27,26
143,111,65 141,109,63 137,105,59 127,102,56 125,97,59 128,100,62 114,85,50 118,89,54 77,63,47 47,37,38 41,36,38 34,33,38 33,31,39 32,31,36 30,29,32 29,28,31 27,26,29 25,24,27 14,11,15 23,17,22 14,12,13 13,12,17 13,12,15 16,13,17 16,16,13 19,17,15 184,71,39 122,28,26 104,25,29 98,22,27 96,24,28 94,27,27 94,25,26 84,22,22 84,21,26 79,21,25 80,22,28 84,23,30 92,37,35 158,113,92 24,24,24 19,18,21 20,20,20 22,22,22 21,19,20 20,18,19 20,15,17 19,14,16 19,13,18 20,12,18 20,12,18 13,12,15 14,11,15 13,11,12 16,13,17 13,11,12 17,15,16 27,22,24 26,24,22 27,25,26 39,34,31 43,37,30 32,27,24 31,29,30
147,114,66 147,114,66 144,110,65 138,106,62 125,97,57 124,96,56 118,90,52 112,83,50 93,73,53 55,42,35 52,46,39 38,38,38 36,35,40 33,31,39 32,31,34 30,29,32 27,27,27 25,25,25 13,11,19 24,21,25 13,10,14 13,12,15 16,13,17 17,15,16 18,18,18 21,19,17 181,81,49 112,26,25 95,23,29 103,24,19 204,118,54 171,63,36 125,54,35 105,46,29 107,38,23 84,38,24 87,24,29 86,26,28 91,31,31 158,100,63 26,26,23 22,21,24 22,22,22 22,22,22 21,19,20 20,20,20 22,17,19 22,17,19 18,16,17 19,14,16 20,13,16 20,12,18 18,12,19 13,10,14 14,11,15 16,11,13 19,14,16 26,21,23 30,25,27 27,25,23 45,36,30 34,27,25 37,28,20 44,35,29
154,118,67 156,120,73 146,113,65 142,110,66 125,97,57 125,94,57 120,92,54 108,81,49 80,66,48 44,39,41 36,36,36 34,32,33 27,26,29 32,31,34 33,32,35 30,30,30 29,28,31 26,26,26 18,12,19 23,23,23 16,11,13 18,12,17 19,14,16 19,17,18 17,19,19 20,20,20 197,102,57 110,25,22 102,26,15 204,100,40 207,152,100 216,149,97 205,138,86 186,123,72 171,117,81 100,84,80 111,65,49 86,24,26 90,33,32 142,88,54 31,31,28 22,21,24 22,22,22 23,22,25 23,21,22 22,22,22 23,18,20 23,16,19 22,17,19 23,16,19 20,13,16 19,14,16 20,12,20 16,10,17 13,12,15 23,12,19 16,11,13 23,21,22 31,24,24 34,27,30 48,38,28 35,28,26 46,36,24 45,35,25
152,116,69 151,119,64 147,114,66 142,108,65 133,103,59 128,98,56 117,90,56 58,44,28 54,44,32 47,41,34 42,35,38 34,32,40 32,31,34 26,25,28 33,32,37 32,32,32 29,29,29 25,25,25 20,12,18 23,23,23 17,14,18 16,16,16 23,18,20 16,16,16 19,19,19 22,22,19 241,162,114 103,29,24 127,43,10 149,87,47 129,85,32 195,133,77 192,128,84 88,62,39 121,98,83 89,60,36 71,60,55 168,119,79 92,35,36 144,89,58 24,21,27 22,21,24 24,23,26 25,25,25 22,21,24 22,22,22 21,19,20 20,20,20 23,18,20 22,17,19 23,16,19 23,16,19 20,13,16 18,12,17 14,11,15 21,13,19 19,14,16 25,23,24 33,26,24 44,35,29 53,43,33 46,37,29 47,37,27 45,35,25
118,89,54 134,106,66 145,115,59 137,100,58 139,107,65 106,82,56 24,17,17 22,22,22 24,23,26 23,22,25 23,22,25 24,23,26 32,31,34 26,25,28 34,33,36 32,31,34 30,30,30 24,22,23 17,15,16 20,20,20 17,17,17 18,18,18 19,18,21 19,18,21 20,19,22 22,22,22 50,37,32 135,69,53 162,110,78 204,130,76 165,108,66 196,130,75 102,76,55 151,112,84 88,68,50 108,85,70 28,25,29 141,116,99 97,53,41 161,98,67 26,25,28 23,22,25 25,24,27 24,23,26 23,22,27 22,22,22 22,22,22 21,19,20 21,19,20 23,18,20 22,17,19 20,18,19 20,18,19 20,13,16 13,10,14 22,17,19 18,13,15 25,25,25 35,28,26 61,50,35 47,41,32 53,43,31 53,41,29 52,40,28
120,92,54 119,91,53 117,88,53 139,108,69 46,35,30 25,20,22 25,19,24 22,22,22 22,21,24 22,22,22 23,22,25 24,23,26 26,25,28 31,30,33 27,26,29 33,32,35 32,31,34 20,19,22 19,17,18 19,19,19 20,15,17 19,19,19 19,17,25 20,19,22 22,21,24 23,22,25 27,21,28 190,122,86 46,30,17 187,118,62 159,97,55 230,146,86 97,67,50 162,109,66 176,121,76 134,90,60 40,34,25 39,38,43 122,79,60 75,54,50 31,30,33 26,24,25 32,27,29 32,27,26 35,29,24 37,31,24 42,36,27 34,30,24 24,21,25 26,18,24 23,18,20 20,18,19 22,17,19 19,17,18 16,10,15 26,21,23 20,13,16 23,21,22 35,31,25 73,58,36 47,36,29 63,52,33 61,50,31 59,48,29
131,104,61 123,96,53 116,87,52 42,33,27 34,29,28 28,21,24 28,18,22 23,21,22 22,21,24 20,19,22 23,22,25 24,23,26 26,25,28 34,33,36 26,25,28 34,33,36 33,32,35 18,17,20 19,18,21 18,17,20 19,19,19 20,20,20 22,21,24 22,21,24 22,22,22 24,23,26 34,33,36 44,34,38 107,56,21 215,140,77 192,117,70 191,128,77 91,66,49 133,85,56 159,98,53 118,78,53 82,62,55 29,28,31 126,84,62 37,36,41 37,37,37 37,32,29 35,33,29 36,31,30 30,25,24 30,23,21 27,20,18 42,29,26 57,48,40 27,20,20 23,18,20 23,18,20 19,19,19 20,18,19 19,11,17 25,23,24 20,13,16 23,21,22 53,43,33 83,62,39 62,48,30 70,57,34 64,53,34 62,51,32
136,106,60 136,106,60 113,85,47 36,31,28 36,29,29 36,26,25 29,19,20 27,20,20 23,21,22 22,22,22 23,23,23 23,22,25 25,25,25 30,29,32 26,25,28 29,28,31 33,32,35 18,18,18 22,21,24 22,22,22 20,20,20 20,19,22 22,21,24 22,22,22 23,22,25 36,35,38 24,23,26 34,34,34 104,54,21 212,136,78 202,136,79 190,128,88 131,95,64 105,71,49 160,104,66 105,76,56 73,58,49 40,33,36 30,28,26 45,38,38 55,49,42 61,50,45 66,56,46 75,63,53 73,61,49 83,68,48 84,69,47 60,51,43 23,18,20 57,44,37 60,50,38 25,20,22 21,19,20 26,16,20 19,11,17 27,25,26 22,17,19 23,16,19 75,63,37 74,59,39 81,62,39 76,57,32 75,57,36 66,52,34
143,110,62 142,109,61 114,86,46 43,32,25 40,33,31 39,30,26 31,22,18 29,19,20 27,20,20 22,22,22 23,22,25 22,22,22 24,23,26 24,23,26 34,33,36 30,28,29 34,34,34 18,18,18 25,25,25 21,19,20 20,20,20 22,21,24 22,21,24 30,29,32 31,30,33 24,23,26 39,38,41 27,26,31 55,21,0 211,142,86 194,137,95 165,111,75 133,92,63 98,69,49 103,69,47 107,81,60 76,59,49 41,36,38 26,24,25 57,48,42 67,56,49 70,58,46 74,62,50 80,66,50 84,70,52 92,71,44 85,70,48 77,66,47 84,69,49 41,31,21 28,23,22 91,72,47 33,23,24 21,19,20 20,12,18 25,23,24 22,17,19 23,15,21 103,76,40 60,49,34 87,69,37 81,63,33 79,59,29 75,56,29
149,111,61 142,104,56 110,76,33 52,34,29 47,34,27 43,32,29 38,29,25 30,21,17 26,21,20 26,21,20 23,21,22 24,22,23 27,22,24 26,24,25 37,35,33 38,32,25 38,36,32 20,20,17 27,27,27 19,19,19 22,22,22 22,22,22 42,37,36 24,22,23 30,29,32 38,36,37 25,24,27 22,21,24 101,57,29 192,133,74 203,144,85 151,101,59 139,93,63 118,83,58 111,80,59 96,74,56 68,55,48 29,24,26 23,18,20 26,21,23 62,56,49 70,61,55 74,62,50 82,68,50 83,69,51 86,73,52 78,68,44 78,64,46 90,73,47 98,78,48 94,75,50 30,23,26 60,49,34 77,63,36 24,17,17 27,22,24 24,17,20 21,16,18 53,42,35 71,54,30 93,71,37 91,67,32 88,61,29 81,62,35
153,116,63 177,130,80 88,59,35 58,42,25 48,36,24 43,35,24 40,31,27 35,26,22 33,22,19 29,19,18 28,21,24 27,22,24 33,26,26 34,27,27 42,36,31 43,34,30 41,36,33 23,21,22 32,31,34 19,18,21 29,24,26 47,41,36 24,22,23 44,37,37 39,39,36 30,28,26 26,26,26 23,22,25 140,101,60 166,119,69 160,109,72 140,95,62 116,81,54 91,67,45 90,69,54 76,60,54 65,54,51 20,18,19 28,23,25 26,21,23 34,32,33 24,26,26 24,23,26 24,24,24 23,23,23 21,19,20 24,21,25 71,60,53 89,70,45 98,78,48 112,90,52 115,89,50 80,62,41 25,20,19 85,70,50 28,23,20 28,21,21 23,18,20 25,19,24 104,76,38 104,77,41 100,73,37 92,68,35 92,68,33
157,120,65 174,127,77 81,50,27 65,45,25 53,41,29 48,36,26 43,34,26 42,33,29 33,22,19 27,20,18 29,22,20 29,22,22 34,28,23 38,32,27 45,36,30 43,36,34 18,20,20 22,22,19 34,33,36 26,21,23 41,35,30 25,23,24 60,51,47 57,48,44 54,49,46 39,37,35 34,32,33 33,30,34 125,86,45 135,97,60 125,86,58 108,74,52 87,68,52 59,50,46 60,51,47 61,51,52 58,48,52 25,24,27 23,20,24 20,18,16 42,37,39 25,25,22 24,24,24 23,23,20 23,23,20 23,23,20 22,22,22 23,18,20 57,48,33 102,81,56 114,85,54 116,88,50 121,93,55 114,93,52 30,20,19 41,31,21 51,42,38 24,22,23 28,21,21 109,82,46 107,80,44 101,74,40 85,62,31 47,35,23
182,131,64 230,144,76 86,53,26 76,52,30 58,43,23 55,41,27 48,36,24 42,33,29 39,26,23 34,22,22 29,19,18 28,21,21 40,31,25 49,36,31 56,44,32 62,52,42 22,21,24 23,23,23 57,48,44 21,19,17 46,37,33 73,62,43 71,57,43 59,50,44 54,47,45 44,37,40 20,18,19 20,20,20 29,19,18 54,39,30 56,47,43 55,48,48 54,47,50 54,44,43 53,43,47 61,54,54 17,14,18 15,14,17 15,14,17 25,23,24 35,33,34 26,25,28 26,25,28 25,24,27 24,23,28 24,24,24 23,22,25 21,19,20 18,12,17 20,13,11 100,79,52 120,92,54 125,95,53 133,103,59 138,104,61 105,78,44 110,85,55 29,25,19 30,25,22 30,25,27 29,22,20 27,22,24 21,14,14 20,12,18
221,156,65 255,176,70 102,66,33 79,54,26 64,46,25 59,44,24 52,37,28 48,36,26 40,29,26 36,23,16 30,21,17 27,20,20 26,19,22 30,25,22 32,28,22 32,27,26 22,22,22 25,22,26 75,64,47 71,52,36 93,69,45 83,66,40 77,61,44 61,50,45 24,24,24 23,22,25 37,35,36 21,18,22 18,13,15 17,14,18 67,45,37 39,27,15 50,36,36 57,46,39 67,49,30 78,59,43 13,15,15 13,12,15 14,15,18 30,30,30 24,24,21 27,26,29 27,26,29 26,25,28 26,26,26 25,24,27 23,23,23 23,21,22 20,12,18 14,11,15 20,17,21 64,50,36 124,97,52 138,106,60 142,109,61 134,102,58 127,97,53 67,50,22 30,23,23 29,22,22 28,21,21 24,17,20 20,13,16 20,12,18
255,240,98 255,172,69 109,65,35 84,56,27 65,48,24 59,44,22 56,41,32 48,36,26 43,34,30 35,23,13 35,19,17 28,18,17 26,16,17 23,16,16 20,20,20 22,22,22 21,22,25 57,46,39 90,71,44 98,74,41 100,76,43 91,68,39 68,56,44 32,29,33 24,23,26 21,18,22 27,22,24 27,25,26 28,21,21 34,22,22 180,120,70 172,107,50 143,89,51 80,53,35 79,54,35 109,64,43 33,19,21 20,18,19 34,29,31 37,35,36 29,28,31 27,27,24 30,30,30 29,28,31 26,26,26 26,26,23 24,24,24 23,21,22 20,13,16 13,13,13 17,9,15 30,28,29 47,34,29 118,93,63 131,100,51 139,106,58 139,103,56 135,105,59 34,23,18 28,23,22 23,21,22 20,13,16 21,13,21 17,10,13
216,139,36 211,130,49 95,69,48 81,55,32 62,49,26 59,43,28 54,39,28 44,35,27 42,33,29 33,22,15 32,19,14 29,17,17 24,17,20 20,18,19 20,20,20 22,22,22 27,22,19 100,81,54 110,81,50 99,76,45 98,75,44 69,54,34 32,29,35 34,33,36 50,21,17 128,46,40 37,14,11 101,34,23 221,146,56 194,125,40 177,52,22 112,51,15 161,99,57 149,92,50 161,99,61 133,53,35 121,40,13 111,90,63 34,32,30 32,32,32 38,37,40 40,39,42 43,42,45 45,44,47 43,43,43 25,24,27 24,24,24 23,21,22 20,12,18 14,11,15 16,10,15 32,29,33 40,34,27 46,37,31 121,94,51 140,107,57 145,109,60 145,112,60 80,64,33 24,21,25 23,16,19 20,13,16 21,12,23 17,9,15
96,70,45 96,70,45 83,66,56 64,48,31 55,43,31 55,44,29 47,37,27 41,35,30 38,32,25 30,21,15 28,19,15 26,16,17 25,15,19 19,16,20 20,19,22 20,20,20 58,45,24 120,94,55 116,90,49 107,83,48 88,69,46 35,30,29 61,58,43 191,56,18 188,120,82 176,22,15 128,31,25 212,29,16 191,31,19 176,72,10 197,129,37 175,101,47 154,26,15 152,31,19 148,26,6 140,94,26 127,85,43 109,67,27 100,21,16 79,16,21 100,14,9 90,65,64 39,42,49 46,44,45 42,40,41 31,29,30 42,40,41 22,22,22 20,13,16 16,10,15 18,12,17 36,30,35 45,35,34 47,37,25 73,55,34 137,106,57 159,124,68 169,130,73 150,119,66 21,19,20 20,13,16 19,11,19 20,13,23 16,11,13
81,65,50 79,63,48 71,55,49 57,43,29 52,40,30 56,44,32 45,34,27 38,32,27 37,30,28 26,17,13 27,15,15 25,15,19 20,13,16 17,16,19 19,19,19 20,19,22 105,85,53 130,103,60 124,97,54 107,83,48 48,37,32 40,34,27 189,66,33 166,126,62 182,41,23 173,31,18 154,29,30 198,30,16 182,28,19 177,28,19 158,35,22 161,109,38 156,99,28 152,85,33 111,80,91 161,99,27 136,27,21 121,19,15 103,18,15 95,21,21 88,19,20 99,72,54 127,67,46 60,55,57 56,51,53 64,55,51 34,27,27 62,51,48 22,15,18 16,13,17 20,17,21 44,35,31 45,36,30 55,43,31 49,37,25 68,48,28 162,122,70 165,125,73 123,93,51 23,15,21 20,13,16 20,12,18 21,13,21 20,12,18
62,49,44 66,54,44 62,49,42 53,40,33 50,38,26 52,44,31 40,33,31 37,30,33 35,30,29 27,16,13 24,12,14 22,14,20 20,13,16 18,16,17 20,18,19 20,19,22 102,75,41 119,87,53 131,104,61 66,50,37 46,36,26 200,177,148 243,141,94 119,90,66 163,32,20 125,33,19 186,36,34 194,26,15 183,29,20 174,27,20 162,24,16 153,30,15 123,83,31 87,64,61 139,39,25 140,25,14 129,22,13 119,21,22 95,17,16 99,21,20 91,16,19 95,19,26 109,91,70 124,104,86 30,27,31 62,56,51 74,64,54 69,59,49 52,41,36 47,36,29 25,22,26 44,35,27 64,51,28 62,51,32 60,49,30 56,42,28 71,53,32 120,92,52 136,105,56 32,21,16 24,17,20 21,14,17 21,13,21 21,13,21
66,56,57 57,42,31 52,40,28 48,35,28 51,42,34 56,43,36 34,32,30 36,31,30 31,29,30 23,12,9 21,11,15 21,13,19 20,15,17 22,17,19 22,17,19 25,20,22 114,86,46 117,88,55 74,55,32 45,36,28 57,43,27 87,73,46 255,188,151 165,42,31 102,48,12 96,86,85 204,36,22 188,28,16 181,30,20 163,25,17 157,25,22 149,25,19 147,25,16 148,29,17 146,21,18 140,24,18 129,22,15 112,18,18 91,16,21 99,19,19 72,31,29 87,20,20 85,76,70 129,79,64 29,29,29 27,26,29 55,49,44 91,77,61 101,81,63 39,27,17 55,41,41 25,15,19 92,69,40 85,62,33 77,56,29 61,47,29 45,29,16 129,99,57 140,108,51 62,45,35 28,18,22 26,16,20 23,15,21 21,13,21
68,56,58 57,42,31 50,38,28 45,34,31 51,42,36 57,45,35 36,31,33 33,31,32 31,29,27 23,13,14 22,11,18 22,15,18 21,14,17 23,16,19 28,18,22 28,21,19 129,99,55 131,99,55 70,48,28 43,30,23 54,42,32 68,54,38 170,48,28 157,27,28 177,136,89 82,75,75 221,31,18 180,26,19 179,30,19 161,26,19 152,23,19 149,25,19 148,24,18 146,24,17 144,23,19 137,24,17 126,21,18 110,19,18 87,15,21 101,18,19 56,39,42 68,35,35 94,66,66 133,101,96 32,28,37 27,26,29 27,24,28 31,25,20 105,84,59 121,97,64 94,75,50 44,33,28 42,30,20 42,30,20 36,24,14 35,23,13 41,26,15 142,108,63 157,118,61 96,75,48 28,18,22 26,16,20 26,19,22 19,11,19
60,47,40 50,37,30 48,35,32 43,34,30 51,42,36 54,42,32 32,30,31 31,29,30 30,28,29 19,12,10 23,13,17 23,13,17 23,16,19 28,18,22 29,19,20 33,24,18 144,111,59 153,115,65 64,42,24 41,28,23 39,28,25 41,27,27 100,42,32 146,29,21 145,105,69 84,46,48 227,34,13 177,27,21 173,28,16 159,26,18 151,24,19 149,25,19 147,22,19 146,24,17 143,22,18 137,24,17 126,21,20 108,19,15 87,18,21 104,21,22 53,38,46 87,76,71 91,53,55 36,39,46 36,37,42 29,30,33 24,25,30 23,21,22 28,23,25 98,78,58 125,94,55 73,58,38 47,35,23 43,31,21 40,25,14 43,29,13 48,34,16 137,105,63 173,131,68 133,101,67 35,21,21 29,17,19 27,15,17 26,11,19
53,44,38 45,36,30 40,33,31 43,33,32 51,40,35 46,37,33 33,30,34 31,31,31 27,22,24 19,9,8 23,12,19 23,13,17 23,13,14 28,18,19 30,21,17 37,21,15 162,123,64 167,126,69 64,42,22 49,33,20 42,29,24 39,28,25 74,49,46 205,138,61 100,35,27 82,19,24 212,28,11 175,28,21 171,29,16 159,26,16 152,23,17 147,23,17 144,24,17 142,24,19 140,22,17 130,21,13 123,20,23 105,20,19 89,17,23 138,22,20 55,50,52 73,37,45 91,52,24 41,43,43 51,43,49 42,37,39 30,27,31 25,20,22 41,34,32 44,32,34 123,95,57 134,104,58 51,37,23 39,27,15 42,31,14 47,35,9 79,55,33 118,87,48 186,137,68 155,117,67 35,22,19 34,21,18 29,17,17 28,14,19
45,36,32 44,35,31 39,34,31 45,34,31 53,42,37 42,32,31 33,30,34 32,32,32 26,19,19 19,9,10 24,12,14 26,16,20 31,17,17 34,21,18 36,25,20 46,30,13 168,128,64 168,126,61 91,50,34 61,42,19 49,32,22 43,31,21 103,91,81 45,36,28 39,26,19 55,33,15 206,31,11 175,28,21 167,27,18 158,24,19 150,23,18 144,23,19 139,23,17 140,22,17 136,23,16 129,22,13 117,20,21 97,19,20 87,18,21 151,22,18 72,24,20 90,67,36 98,87,70 30,28,26 43,38,37 70,61,53 43,34,28 31,24,27 35,22,17 56,42,28 70,51,26 154,118,69 43,29,15 44,27,17 49,36,13 64,43,18 185,117,74 96,68,30 196,144,73 170,129,68 38,25,18 35,22,17 33,20,17 32,18,18
44,35,31 42,33,29 35,30,32 41,34,32 51,40,35 34,32,33 30,29,32 32,31,34 20,15,17 23,11,13 27,13,18 27,15,15 33,20,17 35,22,17 36,23,16 58,37,14 178,133,69 173,132,62 177,110,67 81,52,28 52,37,15 47,32,21 52,43,35 41,34,32 25,22,26 24,22,23 209,28,17 171,26,16 165,27,17 156,23,23 146,23,19 143,22,18 140,22,17 140,22,17 132,21,13 124,23,16 115,21,21 92,17,22 86,19,23 141,18,14 56,43,40 25,23,24 87,78,63 45,38,38 25,23,24 30,23,21 94,79,57 69,55,37 35,26,22 48,34,18 45,31,15 113,83,41 54,35,21 44,30,16 54,37,13 75,46,22 255,183,68 90,58,26 193,144,77 178,136,73 39,29,17 35,22,15 31,20,15 34,21,18
41,35,28 39,34,31 33,31,32 42,35,35 52,43,37 32,32,32 30,29,32 32,31,34 14,12,13 22,12,16 28,14,19 29,17,17 34,21,18 35,22,19 38,25,20 68,47,20 176,131,67 159,120,61 196,133,66 87,61,49 53,38,16 48,36,26 49,43,34 35,28,26 23,22,27 29,18,25 194,27,13 170,24,17 160,24,20 150,22,20 146,24,17 139,23,17 138,22,16 139,23,17 129,20,12 122,21,23 110,21,19 86,17,22 87,18,21 129,20,12 20,20,17 25,23,24 34,27,25 77,63,49 50,46,36 23,18,17 78,64,46 104,82,46 38,25,20 33,22,17 39,27,15 109,81,41 77,57,39 43,28,17 49,33,16 60,40,20 88,61,25 105,76,54 169,130,71 127,95,53 43,28,17 32,21,16 29,20,12 27,15,17
40,33,33 36,29,32 32,32,32 40,33,31 53,44,38 31,31,31 30,29,32 30,29,32 13,11,12 17,10,13 24,11,19 24,14,18 28,18,19 30,21,17 33,22,19 81,60,33 50,36,20 109,85,50 72,55,45 66,55,48 45,33,21 123,111,85 41,35,30 26,23,27 21,22,25 37,26,19 191,27,10 162,27,18 154,25,19 151,24,19 146,24,17 136,23,16 130,21,15 133,22,14 123,23,18 112,23,21 103,17,21 86,19,23 87,18,23 131,20,14 14,21,19 23,22,25 26,24,22 87,73,57 99,87,48 48,39,22 53,41,31 93,70,41 109,87,53 38,26,14 45,30,19 101,68,31 105,80,52 42,27,18 43,29,15 47,34,13 57,45,35 63,52,37 66,50,33 54,34,27 60,44,31 32,21,16 29,17,17 26,14,19
38,31,29 33,31,32 35,30,32 40,34,29 45,38,38 31,31,31 32,31,34 29,28,31 13,11,12 13,12,15 21,13,21 26,16,20 25,15,19 27,20,20 31,20,17 93,68,40 45,37,43 106,88,58 58,42,40 49,36,31 43,33,23 54,46,35 32,30,26 24,22,23 25,21,32 50,34,19 192,24,13 155,26,22 148,25,21 147,24,20 143,22,18 131,22,18 126,22,16 127,23,17 120,22,21 103,21,19 89,17,23 83,19,20 86,17,22 140,17,17 19,16,20 15,16,19 23,21,22 40,35,23 31,31,28 103,85,66 39,29,7 31,20,17 113,85,47 45,31,15 104,63,36 89,56,31 143,109,66 38,25,18 41,27,13 43,29,15 45,33,23 80,67,60 100,78,42 40,27,22 86,66,46 26,19,17 26,16,17 29,15,20