27,20,20 27,20,20 26,19,19 23,16,16 23,16,16 24,17,17 24,17,17 24,17,20 26,19,22 24,17,20 24,17,17 24,17,17 23,16,16 23,16,19 23,16,19 24,17,20 23,16,19 21,14,17 22,15,18 24,17,20 23,16,16 26,19,19 26,19,22 22,15,18 19,14,16 20,15,17 22,15,18 22,15,18 22,15,18 21,16,18 20,13,16 23,16,19 29,22,25 29,22,22 30,23,23 30,23,23 28,21,21 29,22,22 31,22,18 31,22,18 21,16,18 21,19,20 17,15,16 21,19,20 23,18,20 20,18,19 24,17,20 27,20,20 24,17,20 24,17,20 20,13,16 20,13,13 20,14,7 33,27,18 39,27,17 38,26,16 39,27,17 40,28,18 36,24,12 40,28,16 42,30,18 40,28,16 39,27,15 43,31,19
20,13,13 28,21,21 31,21,22 27,20,20 28,21,21 30,23,23 29,22,22 31,24,27 27,20,23 27,20,23 22,15,15 23,16,16 22,15,15 21,14,17 20,13,16 21,14,17 19,12,15 20,13,16 17,10,13 17,10,13 26,19,19 22,15,15 21,14,17 21,14,17 21,16,18 23,18,20 21,14,17 21,14,17 22,15,18 20,15,17 21,14,17 20,13,16 19,12,15 28,21,21 30,23,23 31,24,24 30,24,19 30,24,19 31,22,18 33,24,20 21,16,18 24,17,20 20,18,19 23,21,22 20,18,19 25,20,22 24,17,20 27,20,20 24,17,20 21,14,17 20,13,16 31,21,22 44,29,18 42,28,14 39,27,17 42,30,20 40,28,18 39,27,17 42,30,18 43,31,19 41,29,17 42,30,18 45,33,21 41,29,17
19,12,12 18,13,12 19,12,12 23,18,17 25,20,19 21,14,14 21,14,14 20,13,16 23,16,19 22,15,18 21,14,14 19,12,12 19,12,12 19,12,15 19,12,15 21,14,17 21,14,17 20,13,16 24,17,20 24,17,20 21,14,17 21,14,17 20,15,17 20,15,17 23,16,19 33,24,18 72,40,10 93,52,7 105,67,3 108,76,19 25,14,9 21,14,14 20,13,13 20,13,13 20,13,13 30,24,19 31,25,20 31,25,20 32,23,19 34,23,20 23,13,14 24,17,20 27,20,23 26,19,22 26,19,22 24,17,20 27,20,23 24,17,20 20,13,13 28,21,21 39,26,19 39,32,16 42,30,18 42,30,18 41,29,17 41,29,17 40,28,16 42,30,18 45,33,21 43,31,19 43,31,19 43,31,19 45,33,21 39,27,15
14,11,15 19,9,13 16,11,13 18,16,17 19,17,18 18,12,17 19,12,15 18,13,15 18,13,15 21,11,12 18,13,12 14,12,13 13,11,12 13,11,12 13,11,12 16,9,12 15,10,12 16,11,13 14,12,13 16,14,15 17,15,16 17,15,16 17,14,18 21,19,15 35,28,12 63,33,5 99,52,0 121,66,0 135,77,0 137,83,0 142,84,4 44,34,33 22,15,15 20,13,13 18,13,12 33,26,24 31,25,20 33,24,20 31,22,18 33,24,20 23,16,16 26,19,22 27,20,23 24,17,17 27,20,20 26,19,19 23,16,16 29,16,13 42,30,18 42,31,16 41,29,17 42,30,18 45,30,19 45,33,21 42,30,18 40,28,16 43,31,19 43,31,19 43,31,19 43,31,19 43,31,19 45,33,21 36,24,14 36,24,14
12,9,13 13,7,12 24,17,15 31,25,18 44,29,18 48,31,21 44,29,18 43,31,19 43,32,17 45,30,19 42,27,16 39,26,19 39,28,21 41,29,17 41,29,17 45,30,19 43,28,17 43,28,17 42,30,18 41,29,17 43,31,19 40,28,16 30,22,11 42,37,9 44,30,3 85,46,7 115,62,0 131,72,0 140,82,0 143,86,0 151,92,1 162,102,0 33,22,19 22,15,15 24,14,15 28,18,19 35,25,24 36,25,20 34,23,18 30,20,19 24,17,17 24,17,17 28,21,21 26,19,19 24,17,17 29,19,20 42,30,20 45,31,17 45,31,17 45,31,15 42,30,18 45,30,19 47,32,21 44,29,18 48,33,22 47,32,21 47,32,21 47,32,21 47,32,21 45,30,19 36,23,16 36,24,14 42,30,20 38,26,16
28,21,21 28,21,21 28,21,21 30,20,19 32,23,15 43,33,23 46,34,22 48,33,22 49,35,21 47,33,17 50,36,20 49,35,21 50,36,18 49,35,21 51,37,21 51,37,23 49,34,23 48,33,22 47,33,19 45,30,19 43,28,17 47,32,21 47,33,17 41,31,9 54,28,3 85,46,7 103,60,2 122,68,0 123,72,0 105,56,0 127,76,0 153,97,0 150,108,0 26,17,11 23,16,16 21,11,12 33,24,20 38,25,20 36,23,20 24,17,17 24,17,17 28,21,21 23,16,16 21,14,17 21,14,12 45,33,21 45,33,21 44,29,18 47,33,19 45,31,17 47,32,21 47,32,21 47,32,21 47,32,21 48,34,20 49,34,23 45,30,19 47,32,21 43,28,17 40,25,16 43,30,23 35,22,17 45,30,21 49,35,21
15,10,12 18,13,15 26,20,15 30,21,17 30,21,17 28,21,19 30,20,21 29,22,25 27,22,21 60,37,24 36,24,14 44,27,17 53,38,16 48,29,15 53,38,16 51,37,12 53,38,18 52,36,23 51,37,19 48,33,22 47,32,21 48,33,22 48,36,10 78,47,10 85,47,1 99,52,0 107,57,0 99,53,0 97,53,2 96,53,4 89,46,1 121,66,0 163,107,0 130,85,0 42,20,12 23,12,9 32,23,19 35,26,20 24,14,13 26,19,19 22,15,18 21,14,17 22,15,18 27,20,23 38,28,18 47,33,19 47,33,19 48,34,20 48,34,20 49,35,21 49,35,21 51,36,25 49,35,21 49,35,21 51,37,19 49,34,23 41,26,17 37,22,13 48,33,24 38,23,14 47,35,23 45,33,21 47,32,21 50,36,22
10,9,12 10,9,12 38,25,20 44,29,20 47,33,19 53,38,18 34,22,12 47,33,17 43,29,13 55,32,21 24,14,18 42,24,19 26,14,16 49,25,19 43,31,21 49,33,18 50,36,18 52,31,16 52,40,14 48,32,19 47,32,21 46,36,24 40,26,8 75,37,2 114,62,0 115,62,0 131,79,8 129,79,5 89,52,0 115,75,0 138,88,3 147,90,3 189,125,0 152,96,0 90,54,7 96,58,12 100,54,0 135,79,16 23,18,20 28,18,19 21,14,17 21,14,17 26,19,19 23,14,10 48,34,20 48,34,20 49,35,21 49,35,21 49,36,15 51,37,19 56,41,21 52,36,19 52,38,22 47,32,21 49,35,21 40,25,14 45,33,23 36,23,18 38,23,14 53,38,16 58,43,21 51,36,25 40,25,14 46,30,17
10,9,12 10,9,12 39,26,19 45,30,19 51,37,21 51,37,12 52,37,15 61,42,19 58,41,17 55,29,17 51,36,16 41,22,8 64,41,26 52,31,18 35,19,15 41,22,24 22,12,11 32,24,11 42,31,16 40,28,16 32,22,10 49,42,26 45,37,15 62,45,10 71,47,14 67,42,14 131,82,15 128,79,0 90,60,14 88,51,11 121,63,0 152,88,3 175,104,0 204,125,0 58,28,0 32,18,20 122,70,0 127,72,0 26,14,16 28,18,19 21,14,17 22,15,15 24,17,17 46,34,22 49,35,19 51,37,19 52,38,20 50,36,18 52,38,11 53,38,16 53,38,16 53,38,16 45,33,21 38,23,12 41,26,15 41,26,15 40,29,14 42,30,18 38,26,16 55,39,22 61,44,18 50,37,14 42,27,16 44,27,19
11,9,10 11,9,10 44,29,18 47,32,21 52,37,17 53,39,14 53,39,14 56,36,16 58,36,18 50,31,19 61,39,21 45,29,16 60,38,18 51,28,13 62,43,20 29,15,15 70,44,21 42,25,15 38,29,14 38,27,12 24,15,11 54,45,28 47,36,21 103,57,31 126,66,23 56,35,12 99,58,11 150,86,1 70,40,14 71,26,23 119,69,54 172,96,13 162,92,0 204,124,0 198,137,0 30,13,19 73,39,5 26,16,15 24,17,17 23,16,16 21,14,14 24,17,17 52,37,17 51,36,14 55,40,20 55,40,18 53,38,16 57,40,16 57,40,16 55,38,14 51,35,18 44,27,17 42,30,18 41,26,15 45,34,19 55,40,18 51,35,18 40,25,14 31,20,13 44,29,18 62,43,18 62,43,18 42,30,18 43,28,17
11,9,10 11,9,10 44,29,18 48,33,22 53,38,18 58,39,14 63,42,19 58,39,16 75,45,28 41,25,19 57,34,21 37,23,9 60,36,14 50,31,15 62,40,20 41,25,21 78,44,24 36,21,12 38,26,16 44,27,17 56,35,22 49,37,11 57,43,29 38,19,21 100,63,37 56,37,10 84,52,6 123,72,7 126,81,8 86,46,12 136,85,16 133,77,3 160,90,0 208,124,0 210,137,0 28,24,18 34,18,14 21,14,12 28,18,19 24,17,17 24,17,17 39,30,22 51,38,17 55,38,14 61,42,19 58,41,17 60,41,18 55,40,18 51,36,16 43,27,14 42,27,16 43,28,17 45,31,17 61,43,22 57,39,18 51,38,17 58,43,21 42,31,16 35,22,17 44,28,24 65,44,19 64,43,18 68,42,21 50,36,22
13,8,7 18,13,12 42,30,18 48,33,22 53,39,12 55,38,14 63,42,19 63,39,17 58,32,18 45,28,18 57,35,17 33,20,13 57,32,13 47,26,13 47,28,14 41,28,25 81,45,23 44,27,17 54,35,21 41,24,14 49,33,20 51,37,12 64,47,19 61,45,12 65,54,21 82,47,11 116,67,2 138,80,0 173,113,20 161,101,8 157,96,12 166,99,4 193,113,1 220,132,0 217,140,0 46,34,24 30,19,16 24,13,10 26,19,19 24,17,17 37,21,15 53,38,16 53,38,16 52,37,15 60,41,16 61,42,19 50,37,16 38,26,14 44,28,15 44,28,13 50,34,21 58,43,23 42,30,18 44,30,14 43,32,13 30,19,14 58,45,13 56,36,16 24,13,10 25,15,16 65,44,19 70,44,21 71,45,20 71,45,20
10,10,7 23,16,16 42,30,18 48,33,22 52,37,15 56,42,17 59,40,17 70,41,19 57,34,19 65,43,25 69,39,24 39,22,14 65,40,23 51,30,19 65,38,20 44,26,21 77,43,21 44,20,12 52,31,16 38,22,18 51,36,16 54,45,26 65,49,16 63,45,15 55,42,21 80,44,13 130,70,2 151,82,1 165,98,1 158,97,18 94,51,6 163,91,0 193,115,0 220,130,0 229,145,0 182,137,34 32,19,16 45,26,12 26,19,19 24,18,13 42,30,20 53,38,18 58,41,17 59,42,16 48,34,18 46,29,21 38,26,16 48,29,15 67,46,23 56,43,20 62,44,23 48,34,16 42,28,12 45,33,21 46,30,15 24,17,15 64,43,16 63,42,17 49,33,16 22,17,16 66,42,18 70,44,21 74,45,21 67,41,16
10,9,12 26,20,15 45,28,18 49,35,21 52,37,15 55,40,18 60,41,18 86,50,30 48,33,24 70,38,22 61,34,18 48,28,8 55,30,13 41,24,14 65,41,17 38,22,16 69,39,24 41,24,16 47,28,16 36,25,22 46,31,11 43,34,19 61,41,11 83,56,13 41,28,7 59,30,8 86,40,12 99,53,0 141,80,0 165,90,0 177,103,0 119,63,0 167,94,0 199,118,0 223,136,0 212,143,0 52,25,7 58,31,15 19,12,12 33,22,15 43,31,21 47,33,19 45,30,19 38,24,10 40,26,8 57,43,18 66,42,18 63,44,19 65,41,19 45,31,15 40,28,16 29,20,14 31,20,17 32,21,18 70,46,22 28,18,17 72,46,23 68,42,19 61,40,17 28,18,17 64,43,18 64,40,14 70,44,19 70,44,19
10,9,12 29,23,18 42,30,18 50,37,16 53,39,14 55,40,18 62,43,20 85,51,29 32,18,18 65,36,16 66,37,17 62,41,18 66,31,16 36,21,12 72,37,22 36,20,18 68,37,25 39,22,14 50,31,19 38,21,24 40,31,12 36,27,12 60,36,12 40,28,16 51,33,14 94,50,12 153,88,0 116,54,0 155,90,1 170,100,0 178,106,0 183,108,0 135,64,0 187,112,0 212,128,0 199,124,0 166,105,0 58,36,2 16,9,9 38,27,22 34,22,12 37,21,15 55,41,23 67,46,21 61,42,15 58,40,21 56,41,19 43,28,19 64,47,21 31,19,19 40,24,18 25,15,14 30,18,20 30,20,24 77,51,26 56,43,22 69,45,19 68,42,17 70,44,21 60,42,21 61,40,15 67,41,16 70,44,19 72,46,21
15,10,12 34,23,18 47,32,21 51,38,17 56,42,15 61,42,19 62,43,20 79,45,23 42,26,24 59,34,15 62,32,17 76,47,27 69,37,23 29,17,19 85,51,31 32,20,22 55,24,14 38,18,11 32,19,12 38,29,12 44,30,12 35,28,10 38,30,17 38,31,13 39,30,15 79,43,12 160,87,3 125,67,1 164,102,5 177,107,6 176,107,1 165,99,0 192,115,0 168,108,0 208,126,1 189,122,3 156,95,0 158,101,0 91,60,39 47,27,18 48,33,22 48,32,19 52,39,18 72,44,15 50,36,20 37,30,14 51,37,21 26,17,11 45,28,20 29,18,13 63,48,26 30,20,19 43,29,13 38,27,22 74,49,19 81,53,24 82,52,24 79,51,24 71,45,20 72,46,21 71,45,20 70,44,19 74,46,19 70,41,17
14,9,8 36,25,18 50,36,20 51,38,15 58,44,19 64,43,20 68,47,24 69,45,23 51,32,16 55,30,13 56,30,16 73,49,27 67,35,19 25,20,19 63,43,25 33,23,22 50,35,26 37,26,23 40,30,18 41,33,11 45,32,11 40,31,12 43,32,13 29,19,9 25,14,11 23,14,10 60,29,8 82,42,19 124,78,50 74,30,2 142,67,0 177,105,0 192,121,0 150,87,0 195,118,0 154,92,0 95,58,5 70,46,13 55,34,21 72,46,23 31,23,12 41,22,8 94,59,34 37,22,11 28,18,22 25,15,14 63,43,25 39,27,17 69,45,19 40,20,13 74,49,21 74,45,21 55,38,14 39,28,13 81,53,24 78,48,20 81,51,23 80,50,24 65,41,15 67,43,19 69,45,19 67,41,16 63,44,19 49,40,34
21,14,12 41,29,19 52,38,22 54,42,14 58,43,21 62,45,21 68,49,26 57,34,19 65,39,16 58,36,18 48,34,20 74,48,25 74,42,28 58,36,16 30,19,16 25,16,12 28,18,17 32,23,19 46,35,16 49,34,14 52,33,8 44,31,8 48,36,8 37,30,10 31,26,12 54,35,21 111,56,13 125,63,7 138,81,0 157,96,0 169,101,0 181,109,0 171,112,0 156,93,0 177,114,11 50,36,20 31,32,9 53,33,15 37,17,8 42,26,20 45,20,3 107,58,18 106,58,11 55,41,23 43,30,9 29,18,11 80,52,25 73,48,18 77,47,19 82,52,24 80,56,30 78,54,28 75,46,22 83,54,23 83,53,25 84,55,24 82,52,26 81,51,23 76,46,20 60,34,11 74,45,21 70,42,15 65,48,24 40,28,30
27,21,16 45,33,21 56,42,24 56,42,17 65,45,25 67,50,26 70,51,28 61,38,23 74,43,20 50,28,10 37,21,15 61,38,23 51,35,29 32,19,16 26,14,14 26,16,17 26,16,15 29,17,17 46,34,24 36,27,10 56,26,0 107,63,0 45,31,6 35,28,8 29,21,10 26,21,9 87,50,10 114,64,2 139,83,0 153,94,0 164,98,0 176,107,0 179,108,0 178,107,0 66,51,4 36,22,4 36,23,18 29,16,9 39,22,12 67,41,27 80,45,20 113,63,19 154,96,32 177,103,35 138,85,32 69,49,19 80,52,23 83,53,25 81,51,23 85,55,27 73,42,21 60,40,20 90,57,30 84,55,24 83,54,23 84,55,24 78,48,20 75,45,17 84,51,24 66,37,13 70,44,19 73,45,16 52,41,22 40,24,22
31,25,20 46,34,22 56,42,24 58,44,19 68,48,28 66,49,25 70,51,28 38,23,14 75,45,17 54,33,18 33,20,13 48,36,26 51,35,29 31,19,19 26,16,17 28,18,17 27,15,15 26,15,12 64,41,12 107,65,2 119,65,6 136,77,0 141,88,0 39,28,13 28,20,7 22,16,11 71,37,17 110,59,0 133,71,0 157,99,0 184,111,1 196,118,0 165,102,0 146,80,0 48,34,5 36,22,4 41,25,19 40,27,20 46,29,19 55,36,20 90,49,22 133,77,28 167,102,38 176,101,31 186,110,27 105,67,19 83,55,26 83,53,25 83,53,25 84,54,26 47,35,9 75,50,22 91,59,27 85,55,27 85,56,25 82,53,22 70,40,12 83,53,25 80,47,20 76,47,23 70,44,19 74,49,21 77,52,24 64,51,30
41,32,17 52,36,19 57,42,22 57,43,18 68,49,26 66,49,25 70,51,28 42,26,20 74,43,20 58,35,22 47,38,32 49,36,31 51,35,29 36,25,22 26,16,20 28,18,17 24,17,17 36,28,17 108,57,2 146,87,0 122,75,0 128,74,0 134,84,0 132,87,0 112,72,0 111,77,14 80,52,12 140,79,0 141,80,0 165,104,0 185,114,1 172,111,0 123,72,7 60,33,1 60,33,26 24,18,13 31,20,15 41,29,19 54,39,28 60,41,27 112,62,20 153,91,33 173,102,33 178,101,25 205,123,31 222,138,37 86,53,28 84,57,25 87,58,27 81,52,21 64,39,9 84,60,27 88,59,24 86,54,24 85,56,25 85,56,23 84,55,24 78,48,20 82,54,25 76,48,19 73,44,20 76,46,18 79,51,24 71,46,16
44,34,22 51,35,22 58,43,21 69,48,25 69,48,25 72,53,30 69,50,27 65,46,32 62,40,20 57,46,39 49,36,29 54,42,32 52,40,30 46,35,30 26,16,15 26,16,15 55,31,7 81,44,4 103,60,4 118,66,0 126,77,0 124,75,0 135,83,0 143,90,0 141,90,0 134,85,0 89,48,17 130,74,0 142,82,0 155,98,0 172,108,0 125,81,10 39,35,25 31,18,26 28,21,21 27,15,15 28,18,22 42,29,24 56,42,28 73,44,20 128,75,20 170,104,33 192,119,39 196,119,34 193,110,25 223,137,35 136,87,8 87,60,26 56,47,20 13,6,6 57,40,14 66,41,13 66,43,14 87,57,29 85,56,25 84,55,24 83,54,23 75,46,15 79,52,20 80,53,21 79,51,22 78,48,20 77,49,22 68,47,22
51,35,22 58,43,23 65,46,23 67,48,25 64,50,25 69,52,28 69,50,27 68,48,28 62,52,40 49,36,29 52,40,30 54,42,32 52,40,30 50,39,32 26,16,17 27,20,20 84,44,8 96,51,3 95,55,1 112,68,1 129,79,0 132,82,0 137,83,0 143,90,0 139,87,0 136,90,0 65,31,0 93,51,9 101,61,9 92,58,13 87,48,16 39,26,21 34,21,18 28,22,17 32,22,23 28,18,19 27,15,17 50,38,28 58,42,25 99,55,17 156,88,29 174,106,34 193,117,36 206,123,38 212,129,39 220,135,29 232,148,33 51,35,29 15,9,14 14,12,13 60,40,20 58,41,15 51,39,11 52,37,15 67,43,17 68,37,16 53,31,11 83,55,26 84,55,24 84,54,26 80,52,23 72,47,17 72,43,19 53,37,24
53,36,26 57,43,18 61,44,20 67,48,25 68,51,27 73,56,32 72,55,31 77,53,29 56,47,39 66,51,31 53,41,31 54,42,32 54,42,32 52,41,34 25,15,16 30,21,15 76,42,1 75,35,0 97,54,5 112,66,0 124,73,0 132,81,1 111,61,0 108,59,0 114,65,0 111,66,0 91,48,0 75,39,6 89,50,7 107,62,29 57,37,7 41,24,14 33,16,17 31,14,15 25,13,15 28,18,19 48,37,30 55,41,27 94,55,27 130,76,28 164,95,28 178,112,39 192,115,39 210,127,42 217,134,42 235,149,47 250,165,55 18,12,17 15,9,16 15,9,16 17,10,10 24,12,14 48,34,18 53,36,12 53,36,12 63,37,16 58,36,18 74,43,24 84,54,26 75,47,20 63,42,19 48,32,17 53,38,16 42,32,31
58,46,20 65,48,24 64,47,23 69,52,28 67,50,26 67,50,26 70,51,28 74,49,30 55,42,35 106,57,21 60,42,23 54,42,32 54,42,32 53,43,33 24,12,17 71,41,15 54,34,2 56,30,7 96,53,6 107,63,0 111,64,1 93,50,5 99,57,5 105,59,0 102,59,0 102,61,0 87,51,0 124,77,27 124,72,24 63,43,25 65,39,16 30,16,0 42,12,11 42,12,11 29,19,9 54,39,30 66,41,22 92,53,25 126,72,24 145,84,23 174,100,32 185,110,38 188,112,33 194,114,28 208,126,29 232,146,44 121,68,0 47,36,21 48,30,25 37,26,19 13,11,9 26,16,17 24,18,13 26,16,15 53,38,18 61,35,14 61,34,16 42,25,15 54,37,13 52,36,19 48,32,19 42,30,18 55,41,16 38,28,29
57,42,20 59,44,22 64,47,23 70,51,28 70,51,28 69,50,27 72,53,30 66,52,34 53,37,24 111,60,21 123,76,24 64,45,31 54,42,32 53,43,33 22,12,11 59,34,6 50,33,5 48,32,15 88,46,8 95,55,3 76,44,12 86,44,6 95,52,5 95,52,5 85,51,8 79,47,3 79,49,7 123,75,28 113,65,22 99,54,21 163,98,34 31,16,0 42,15,10 37,13,5 65,37,35 58,44,26 118,68,26 141,81,29 156,92,32 166,97,32 175,101,31 187,109,38 187,110,34 212,129,44 224,139,41 227,134,39 45,31,17 52,38,22 48,37,22 40,29,14 24,14,15 23,13,14 40,28,18 29,18,13 26,17,11 61,34,16 64,37,21 46,25,10 50,36,22 51,37,23 45,30,19 42,30,18 55,39,26 39,29,28
58,41,17 61,44,20 67,48,25 68,49,26 70,49,26 75,54,29 76,55,30 61,51,41 61,42,28 112,61,22 144,87,27 126,78,31 59,44,35 56,43,36 23,13,14 26,16,15 31,24,8 32,25,9 55,35,17 47,34,13 34,30,11 75,43,11 75,41,7 65,41,8 52,35,11 77,48,24 114,66,21 116,63,20 105,58,26 122,70,20 183,109,39 147,81,31 58,22,12 47,15,1 81,43,22 154,96,30 117,56,22 163,99,39 182,108,40 173,102,33 192,114,43 190,114,35 202,124,42 202,119,32 221,137,34 236,147,46 48,36,24 56,40,27 71,59,33 60,49,32 40,30,20 23,14,10 49,38,21 50,36,22 45,33,23 42,29,22 37,26,19 39,26,19 38,25,18 38,25,18 18,9,5 46,30,15 50,34,28 43,30,27
61,44,20 65,48,24 69,50,27 68,49,26 76,55,32 76,55,30 78,57,32 61,50,43 61,42,26 112,61,22 147,90,30 117,73,33 59,45,31 56,44,34 23,12,19 23,13,17 24,17,15 21,14,12 27,21,12 29,25,8 33,29,10 40,31,14 45,34,15 45,35,13 57,33,7 84,43,12 115,65,19 127,74,29 110,62,19 152,91,28 188,110,41 161,96,36 94,34,13 82,41,12 172,104,45 159,93,36 162,97,37 155,97,35 195,116,41 186,112,35 189,115,38 200,124,43 204,125,34 209,128,31 231,147,44 86,47,6 42,31,16 41,28,21 40,28,18 35,23,13 40,25,16 34,21,14 38,22,16 35,19,15 35,22,17 35,22,17 36,23,18 33,20,15 36,23,16 34,21,16 35,22,15 76,53,22 45,34,31 45,32,29
61,44,20 64,47,23 69,50,27 72,51,26 75,54,29 76,55,30 78,57,32 56,47,41 68,41,23 111,62,22 145,86,27 116,69,35 59,42,32 56,40,34 23,16,16 28,18,19 23,13,14 23,13,14 24,14,15 24,15,9 33,28,14 34,30,13 35,31,12 36,32,11 100,53,19 101,55,18 120,67,24 122,67,24 115,62,21 158,97,36 160,96,29 164,106,42 114,53,17 122,66,30 173,104,39 171,103,40 178,110,40 172,105,37 203,122,43 195,119,40 194,118,39 201,123,41 215,130,36 228,143,37 236,147,48 50,37,16 45,30,21 36,24,14 40,28,18 36,24,14 33,21,11 33,20,13 47,32,21 36,20,16 30,21,15 36,26,16 50,33,23 60,44,27 70,51,28 49,33,16 62,40,20 85,51,31 40,31,27 42,29,26
65,48,24 65,48,24 69,50,27 71,50,25 76,55,30 75,54,29 76,55,30 57,48,44 77,46,25 111,61,19 143,84,27 132,78,30 57,46,31 56,44,34 54,41,34 22,12,13 24,14,15 21,11,12 25,15,16 28,18,19 30,22,11 31,26,12 36,29,13 67,46,21 85,47,26 85,46,18 110,61,25 118,67,28 106,52,16 157,95,37 168,100,37 157,92,28 152,86,29 154,90,30 172,105,39 183,108,38 188,114,44 181,107,35 198,117,38 193,117,38 199,123,44 206,129,44 237,153,52 231,155,44 69,40,7 42,31,14 55,41,14 88,60,20 90,59,20 92,61,24 91,59,25 89,57,25 83,55,26 54,35,21 82,54,25 86,58,29 83,51,21 84,52,22 89,57,27 52,33,17 77,49,22 82,55,23 43,32,27 41,30,27
66,47,24 66,47,24 72,48,26 72,51,26 72,51,26 75,54,29 69,49,29 51,45,40 82,46,17 110,59,20 132,77,21 158,97,32 115,71,31 54,43,36 61,48,43 22,15,15 26,16,17 24,14,15 24,14,15 25,15,16 25,15,16 29,20,16 30,27,12 67,31,9 57,39,20 74,48,25 91,56,31 102,56,26 133,78,24 158,97,36 169,99,37 171,102,35 180,109,36 178,103,33 174,110,43 189,115,38 194,117,43 195,118,44 211,128,45 198,120,40 198,120,38 219,134,40 230,147,40 219,144,54 66,40,17 84,59,29 43,29,13 94,61,24 99,64,26 99,64,26 94,61,24 89,60,25 87,58,25 86,54,24 45,30,21 89,58,21 90,58,24 90,57,30 84,52,22 71,47,21 77,47,19 70,46,24 41,30,25 43,30,27
67,48,25 67,48,25 70,49,26 74,53,28 76,55,30 76,55,30 63,46,36 60,43,35 119,65,15 131,76,24 153,91,33 157,93,26 161,96,34 114,68,27 58,42,36 20,13,13 23,16,16 20,13,13 23,16,16 19,12,12 20,13,13 24,17,20 33,22,17 51,29,11 56,41,30 62,43,29 69,43,29 109,60,24 150,92,37 151,94,34 174,105,38 174,103,32 189,115,43 191,117,42 190,115,43 190,115,29 192,116,35 203,125,43 198,118,34 207,127,43 210,129,34 235,151,50 228,135,32 65,46,19 67,43,17 98,66,32 99,66,29 81,52,19 103,68,32 103,68,30 101,66,28 93,60,23 93,59,25 93,61,29 38,25,20 95,60,24 95,61,27 90,58,28 79,51,24 60,41,18 59,42,16 52,35,25 42,29,26 43,30,25
62,45,21 67,50,26 74,53,30 72,51,26 79,55,31 74,53,28 58,49,43 58,41,31 121,68,23 140,85,31 145,86,27 155,92,25 172,106,35 141,87,37 61,49,39 25,15,14 20,13,11 20,13,13 32,22,23 40,33,31 43,33,32 41,34,34 48,35,30 41,28,23 55,40,31 56,42,24 62,46,29 114,63,24 126,72,22 129,74,20 184,115,48 185,111,41 182,107,35 190,116,41 188,115,35 199,123,42 200,124,41 200,122,40 201,121,37 215,133,36 219,140,47 217,135,36 82,43,4 59,40,15 66,42,18 104,64,30 102,67,29 102,66,35 103,69,35 103,70,33 107,72,36 102,66,33 93,61,27 98,63,38 38,26,26 100,67,28 80,52,25 64,40,16 56,37,14 64,43,18 51,38,15 45,34,29 40,29,24 43,30,25
59,45,20 59,45,20 67,46,23 71,50,25 77,53,29 76,55,30 55,44,37 63,43,25 123,66,22 117,62,17 143,84,27 159,95,28 173,107,36 169,103,28 76,51,34 62,49,42 38,29,25 40,29,26 47,34,29 50,37,30 52,39,32 54,41,34 52,40,30 49,33,29 52,37,26 52,37,26 56,42,28 98,54,28 107,59,30 135,80,28 177,108,41 176,108,36 190,116,41 186,113,33 185,112,30 188,112,31 192,116,37 187,111,30 200,122,44 211,132,39 199,127,40 107,63,10 55,34,23 55,37,18 53,34,20 60,40,22 67,45,25 59,38,23 57,37,30 72,52,34 61,41,21 78,53,34 82,53,29 61,40,25 35,21,21 72,46,21 68,47,24 60,41,16 60,39,16 61,40,17 58,41,17 52,39,34 43,32,27 42,29,24
65,47,26 65,47,26 68,49,24 71,50,23 70,49,22 59,47,35 46,35,28 61,39,21 106,52,14 129,74,31 150,92,28 143,84,27 170,106,39 173,106,38 153,92,31 57,44,37 46,33,28 46,33,28 47,34,29 50,37,30 50,37,32 52,40,30 52,40,30 52,38,24 51,36,25 56,41,30 57,43,29 73,49,27 100,55,20 142,84,33 166,101,37 170,104,31 184,110,38 186,111,41 197,121,42 201,125,44 193,115,35 197,121,40 209,129,43 198,121,34 212,137,47 43,35,24 46,33,26 46,31,11 51,31,13 61,40,17 68,41,9 38,33,21 58,41,13 58,39,16 65,39,16 57,34,5 64,38,24 61,40,27 30,18,18 38,22,16 43,30,23 41,28,21 59,42,18 64,40,16 57,40,16 47,34,31 45,32,27 46,33,28
59,46,23 36,30,21 54,46,35 57,43,29 49,37,27 56,47,43 47,36,29 58,37,22 86,41,8 105,50,7 150,98,36 149,93,30 150,92,30 174,105,38 170,104,31 32,22,23 41,28,23 47,34,29 49,37,27 48,37,30 47,36,29 52,40,30 55,40,31 52,37,26 56,41,30 58,43,32 53,41,31 61,47,31 101,58,23 145,90,36 156,98,36 158,97,34 172,105,39 181,107,37 189,116,41 205,124,43 195,119,40 199,121,41 194,117,30 189,109,23 213,139,46 23,12,9 45,34,17 66,42,18 73,45,18 95,66,31 107,73,32 39,22,14 109,68,23 63,47,32 111,77,34 50,31,17 68,42,19 86,61,42 31,19,19 39,28,21 32,22,12 30,19,14 43,32,17 60,41,16 60,42,21 47,34,27 43,30,25 47,31,27