62,62,62 61,61,61 66,65,68 58,57,60 57,56,59 57,56,59 53,52,55 51,50,53 58,57,60 59,60,63 49,46,52 46,42,51 48,44,53 47,43,52 47,43,52 44,44,52 42,33,44 40,32,38 38,35,39 38,31,34 35,28,31 54,49,51 40,32,38 43,36,39 29,22,25 42,40,41 36,29,32 43,33,37 41,34,37 41,33,39 35,28,28 42,32,33 41,34,34 38,31,31 45,35,36 38,26,26 40,21,5 38,24,10 31,24,27 30,23,26 29,22,25 29,22,25 26,23,27 24,23,26 26,23,27 26,23,27 25,22,26 24,21,25 24,21,25 24,20,29 23,19,28 24,21,27 24,20,29 28,25,29 31,28,32 37,34,38 32,31,34 39,38,41 45,44,47 50,50,50 57,57,54 60,60,57 69,69,66 66,66,63
66,66,66 57,57,57 36,35,38 50,49,52 52,51,54 60,59,62 52,51,54 48,47,50 53,52,55 49,46,50 52,49,55 51,47,56 49,45,54 46,42,51 42,38,47 41,37,46 42,33,44 38,30,36 35,27,33 30,23,26 37,30,33 58,53,55 42,34,40 41,34,37 30,23,26 26,24,25 38,31,34 38,28,32 37,30,33 41,34,37 36,26,27 42,32,33 43,33,34 44,34,35 42,32,33 40,28,28 34,23,20 33,26,26 37,28,24 33,21,21 30,23,26 29,24,26 28,25,29 25,24,27 27,24,28 25,22,26 25,22,26 25,22,26 25,22,26 23,19,28 24,20,29 21,18,24 20,17,23 26,23,27 30,27,31 37,34,38 38,37,40 39,38,41 39,38,41 50,49,52 60,60,60 60,60,57 68,68,65 62,62,59
61,61,61 68,68,68 51,50,53 55,54,57 55,54,57 50,49,52 51,50,53 51,50,53 50,49,52 48,47,50 55,52,58 52,48,57 47,43,52 44,40,49 40,36,45 41,33,39 42,34,42 36,28,36 37,29,35 29,22,25 41,34,37 40,35,37 38,31,34 41,34,34 35,28,31 37,35,36 43,33,34 46,32,34 46,32,34 48,35,32 47,34,31 47,34,31 49,36,33 45,32,29 46,33,30 46,33,30 40,27,24 32,20,22 33,26,26 28,21,21 33,23,27 35,26,22 29,24,26 28,25,29 27,24,28 28,25,29 28,25,29 26,23,27 25,22,26 23,21,22 23,20,26 23,19,28 23,20,24 26,23,27 28,25,29 35,32,36 33,32,35 36,35,38 43,42,45 44,43,46 57,57,57 59,59,56 62,62,59 66,66,63
55,54,57 58,57,60 36,35,38 56,57,60 53,52,55 59,58,61 52,51,54 46,45,48 48,47,50 50,49,52 61,57,66 53,49,58 47,43,52 45,41,50 47,39,45 44,36,42 40,32,38 33,25,31 38,30,36 29,22,22 28,21,24 29,22,25 30,23,26 26,19,19 34,27,30 48,46,47 50,38,40 52,38,38 50,37,34 50,37,34 50,34,30 51,36,27 47,34,31 48,35,32 44,29,20 45,31,31 44,28,22 40,27,24 34,22,22 29,22,20 34,26,32 33,25,31 33,25,31 38,31,34 31,29,27 26,23,27 30,27,31 28,25,29 31,28,32 25,22,26 24,21,27 23,19,28 24,21,25 24,21,25 27,24,28 32,29,33 33,32,35 38,37,40 40,39,42 46,45,48 58,58,58 58,56,54 58,56,54 66,66,63
57,56,59 67,66,69 54,53,56 60,59,62 53,52,55 53,52,55 51,50,53 48,47,50 48,47,50 50,49,52 53,49,58 51,47,56 46,42,51 43,42,47 43,35,41 41,33,39 41,33,39 35,27,33 40,33,36 26,19,22 35,28,31 43,36,39 45,38,41 21,14,17 42,35,38 48,41,41 48,35,28 54,39,30 52,39,36 52,36,34 52,37,28 52,37,28 51,36,27 50,35,26 45,30,21 48,37,22 41,28,23 39,26,21 42,29,26 35,25,24 33,26,26 33,26,29 30,23,26 33,25,31 24,22,23 30,29,34 53,44,40 31,28,32 28,25,29 26,23,27 32,28,37 26,22,31 21,17,26 24,21,25 26,23,27 31,28,32 33,30,34 36,35,38 39,38,41 46,45,48 49,47,48 55,55,52 64,57,57 70,68,66
55,55,55 58,58,58 43,42,45 59,58,61 53,52,55 54,53,56 47,46,49 50,49,52 46,45,48 47,46,49 51,47,56 48,44,53 45,41,50 44,38,43 43,35,41 43,35,41 40,33,36 38,31,34 42,35,38 26,19,19 41,36,38 57,50,50 38,31,34 20,13,13 41,34,37 50,36,36 51,36,27 57,42,33 56,41,32 55,40,31 54,38,36 55,40,29 51,36,25 50,35,24 50,35,26 48,36,26 45,30,19 43,30,25 42,29,26 41,30,27 35,25,26 31,24,27 33,26,29 34,27,30 26,21,23 34,31,35 29,23,30 33,26,38 61,54,54 33,26,26 34,31,35 37,34,38 35,32,36 26,23,27 26,23,27 30,27,31 28,25,29 35,32,36 38,37,40 44,43,46 41,41,41 60,58,59 63,56,56 71,66,65
57,56,59 58,57,60 46,43,47 55,54,57 54,53,56 54,53,56 47,46,49 44,43,46 46,45,48 47,46,49 49,45,54 46,43,49 44,37,47 49,41,47 44,36,42 43,36,39 40,33,36 31,24,27 33,26,29 33,26,29 57,52,54 58,52,47 23,17,12 31,24,22 40,38,36 52,41,38 52,36,30 52,37,28 50,37,32 53,41,31 54,39,28 55,40,29 54,39,28 52,37,26 55,40,29 51,36,25 45,33,23 47,32,21 43,30,25 46,33,30 37,27,28 33,26,26 34,27,30 33,26,29 33,26,29 36,29,32 33,30,34 36,30,37 29,28,31 36,35,38 65,60,62 54,48,53 40,37,41 39,36,40 37,34,38 27,24,28 27,24,28 35,32,36 34,33,36 39,38,41 46,45,48 56,54,55 71,64,64 72,65,65
54,53,56 53,51,59 55,53,54 61,60,63 54,53,56 46,45,48 41,38,42 42,39,43 46,45,48 46,45,48 49,45,54 41,37,46 48,42,47 48,40,46 42,34,40 41,34,34 40,33,33 35,25,26 22,15,18 31,24,27 32,27,24 27,20,18 30,20,19 60,51,43 33,28,30 46,36,37 54,39,28 51,36,25 56,41,30 54,39,28 55,40,29 58,44,30 57,43,29 51,36,25 48,33,22 49,34,23 48,34,20 47,32,21 42,29,24 43,30,27 45,32,29 36,26,27 39,29,33 33,26,26 36,29,32 37,30,33 32,27,29 36,29,32 30,24,29 34,31,35 34,31,35 40,39,44 41,38,42 61,58,62 40,37,41 41,38,42 35,32,36 28,25,29 35,32,36 40,39,42 46,45,48 53,51,52 66,58,64 71,64,64
45,44,47 43,42,45 54,53,56 64,63,66 50,49,52 48,47,50 46,43,47 44,43,48 43,42,45 41,40,43 47,43,52 49,45,54 49,41,47 47,39,45 43,36,39 43,33,34 47,33,35 36,24,26 22,15,18 41,34,37 56,43,40 48,37,32 59,46,43 50,38,38 33,26,29 45,43,41 54,39,28 55,40,29 57,42,31 55,40,29 59,43,28 59,43,28 56,40,23 56,40,25 50,36,20 51,36,16 49,33,18 45,30,19 43,28,19 41,28,21 42,29,26 33,27,20 36,29,32 36,29,29 36,29,32 34,27,30 37,30,33 37,30,33 30,23,26 36,29,32 38,36,37 37,34,38 37,34,38 46,43,47 41,38,42 58,55,59 37,34,38 30,27,33 35,32,36 43,42,45 46,45,48 58,56,57 67,62,61 76,69,69
64,63,66 34,33,36 37,36,39 60,59,62 60,59,62 53,52,55 46,43,47 45,44,47 44,43,46 46,45,48 51,47,56 47,44,50 44,36,42 42,35,38 45,38,38 46,34,36 49,35,37 35,25,26 23,16,16 49,42,45 59,46,43 55,42,39 53,40,33 43,33,32 33,26,29 51,46,45 56,41,30 57,42,31 60,44,29 62,46,31 62,46,29 60,44,27 64,46,27 60,41,25 57,42,22 50,35,13 51,35,18 47,32,21 42,29,24 47,33,19 39,26,21 23,16,19 14,8,15 36,29,29 36,29,29 37,30,28 38,31,34 36,29,32 35,28,31 37,30,33 40,34,39 42,34,40 38,35,39 38,35,39 38,35,39 30,27,33 34,31,37 28,25,29 32,29,33 36,35,38 40,39,42 52,51,54 61,55,60 69,62,62
67,66,69 46,45,48 66,67,70 60,61,64 57,56,59 48,47,50 39,38,41 32,31,36 38,35,41 47,46,51 51,48,54 51,45,50 43,37,42 47,39,45 45,37,43 51,39,39 54,43,40 47,37,38 20,13,11 42,37,39 48,35,28 48,36,26 50,38,26 38,28,27 45,38,41 57,50,53 52,37,28 68,49,35 67,47,29 64,49,27 67,45,27 66,46,28 68,49,24 66,46,26 61,41,21 55,41,16 51,36,14 45,30,19 45,30,19 47,32,21 43,30,27 22,15,18 42,36,41 37,27,28 38,28,29 38,31,31 40,33,33 38,31,31 36,29,32 38,31,34 40,33,36 44,37,40 39,36,40 39,36,40 35,32,36 31,28,32 25,22,26 27,25,26 28,25,29 34,31,35 39,38,41 48,47,50 57,51,56 77,70,70
61,61,61 58,58,58 58,60,60 56,57,60 52,51,54 50,49,52 48,47,50 38,36,44 40,36,45 48,45,49 46,44,45 52,42,46 48,41,41 45,38,38 50,40,41 57,43,43 53,41,41 58,42,40 20,13,13 41,34,34 61,49,39 62,47,36 63,48,37 35,25,29 37,30,33 58,43,34 52,37,26 54,39,28 56,42,28 57,42,31 59,43,26 58,42,29 60,41,25 60,41,25 50,34,21 54,34,14 55,36,13 48,34,18 47,33,19 45,30,19 41,28,23 19,14,16 15,10,12 37,27,28 40,33,33 40,33,33 37,30,30 35,28,28 40,33,36 42,35,38 42,35,38 43,36,39 42,35,38 39,37,38 34,31,35 31,28,32 25,22,28 26,23,27 28,25,29 34,31,35 39,38,41 40,39,42 58,55,59 69,62,62
62,64,64 33,31,32 57,59,59 59,60,63 53,52,55 51,50,53 46,45,48 43,42,45 44,40,49 46,42,51 51,40,47 50,39,36 128,53,0 251,153,11 248,161,29 98,49,0 55,39,35 52,36,34 25,13,15 33,26,26 61,47,33 62,47,36 63,46,36 32,21,28 40,33,36 61,42,28 52,35,27 65,46,30 66,46,28 68,49,26 68,49,26 74,48,25 72,46,23 72,46,23 67,43,19 61,42,17 50,32,13 49,33,18 43,28,17 41,26,17 41,28,23 34,23,20 28,21,24 37,31,26 37,30,30 38,31,31 41,34,34 41,34,34 37,30,33 42,35,38 47,40,43 42,35,38 44,37,40 43,36,39 35,32,36 30,27,31 24,20,29 23,20,24 28,25,29 30,27,31 33,32,35 43,42,45 49,47,48 68,61,61
59,56,60 40,37,41 60,59,62 61,60,63 52,51,54 52,51,54 43,42,45 39,35,44 41,37,46 54,45,41 255,163,16 255,215,50 255,207,42 255,225,59 255,211,49 255,213,51 255,209,71 143,70,0 25,20,19 34,32,30 42,37,36 41,34,34 35,28,28 26,19,22 45,38,41 71,49,29 62,43,27 63,44,21 71,50,27 74,50,28 68,49,24 84,55,33 74,48,25 77,48,26 76,47,25 72,43,21 60,41,18 51,33,12 45,29,16 44,30,16 44,29,20 40,29,24 38,31,34 39,29,28 43,36,34 40,33,31 37,30,28 40,33,33 40,33,36 49,42,45 44,37,40 41,34,37 43,36,39 16,9,12 36,29,32 28,25,29 24,21,27 23,20,26 25,22,26 28,25,29 32,31,34 34,33,36 41,38,42 59,57,58
55,52,56 39,36,40 58,57,60 51,50,53 52,51,54 50,49,52 44,41,45 37,33,42 46,34,50 255,157,18 255,203,40 255,227,67 255,217,60 255,206,48 255,205,46 255,195,41 255,199,54 255,185,43 72,40,6 44,37,47 21,15,22 26,19,19 26,19,19 26,19,22 48,41,41 73,54,31 66,47,31 76,55,32 77,56,31 80,51,29 83,54,32 79,53,30 77,48,26 77,48,26 81,50,27 74,43,20 57,40,14 54,35,12 47,33,19 39,26,19 45,33,23 42,30,18 31,24,27 33,26,26 41,34,34 40,33,36 35,28,28 51,44,44 40,33,36 44,37,40 45,38,38 48,40,46 43,36,39 15,8,11 35,28,31 29,23,28 24,21,27 19,15,24 24,20,29 23,20,26 32,31,34 36,35,38 44,43,46 53,54,57
62,57,59 65,60,62 59,59,59 52,52,52 45,44,49 45,42,46 41,38,42 36,35,40 244,132,0 255,184,28 255,204,44 255,215,61 255,212,63 255,195,46 255,187,46 255,179,40 255,172,34 255,175,40 255,192,55 58,51,49 43,38,40 44,37,37 29,22,25 27,20,23 56,54,52 74,53,30 68,48,28 74,50,28 80,54,31 82,53,31 84,53,30 81,52,28 82,51,28 78,47,24 78,48,22 74,43,20 64,38,13 60,39,16 45,31,13 37,21,19 33,20,15 36,23,18 28,21,24 27,20,23 44,34,33 40,34,29 49,42,40 52,45,45 50,43,43 51,44,44 37,30,30 48,41,41 39,34,33 38,31,34 37,30,33 30,24,29 23,19,30 18,14,23 17,13,24 24,21,27 29,28,31 38,37,40 45,44,47 50,50,50
37,20,26 63,56,59 54,54,54 51,50,53 47,44,48 42,40,41 42,35,38 61,34,18 255,170,20 255,208,57 255,201,48 255,208,58 255,168,31 255,182,40 255,178,42 255,165,33 255,173,53 255,167,46 255,172,43 230,164,89 70,62,68 53,41,41 33,25,31 33,26,26 64,53,46 76,52,28 69,50,27 75,49,26 77,48,26 82,51,28 76,47,25 85,51,29 87,52,25 86,51,24 80,45,20 75,45,17 69,38,15 62,38,14 47,28,12 52,37,17 38,21,24 32,20,22 35,24,31 47,36,33 40,30,31 43,37,32 45,39,34 50,43,43 51,44,44 50,43,43 48,41,41 31,24,27 45,38,36 33,28,30 28,23,25 33,30,34 24,21,27 17,13,22 17,13,24 21,17,26 26,25,28 31,30,33 38,37,40 48,47,50
28,18,22 57,57,57 52,52,52 49,46,50 48,46,47 39,37,38 44,37,37 212,115,0 255,153,12 255,190,48 255,196,53 255,192,53 255,188,56 255,173,40 255,172,43 255,176,48 248,159,39 194,246,245 242,151,34 237,156,37 65,49,45 57,50,48 41,39,37 34,27,27 64,49,40 81,51,25 73,47,26 80,54,31 82,51,28 80,49,26 81,50,27 81,50,27 86,49,23 87,52,25 91,57,27 75,48,16 73,42,19 66,40,17 41,25,12 50,34,17 34,22,22 27,20,23 26,18,26 42,35,33 34,27,30 42,36,31 49,45,39 48,42,37 47,40,40 51,44,44 52,45,45 47,40,40 49,42,45 29,22,25 25,22,26 28,25,29 25,22,28 15,13,23 16,12,23 18,14,25 24,21,25 27,24,28 31,30,33 39,38,41
52,38,40 52,53,56 47,47,47 46,44,45 41,39,40 41,34,37 41,34,37 216,118,1 255,165,34 255,177,40 255,178,44 255,178,47 249,156,28 255,168,41 206,187,132 237,154,34 250,157,38 90,99,101 162,239,255 217,156,68 68,54,38 68,50,31 48,32,17 30,23,21 64,50,36 76,48,21 75,49,26 81,52,28 82,51,28 81,51,23 86,51,24 87,52,27 91,57,27 89,55,25 90,54,21 80,46,14 74,44,16 68,39,17 50,32,13 35,22,17 44,38,45 35,25,26 29,18,25 12,9,13 27,20,23 47,41,36 45,39,34 50,40,39 51,44,42 54,47,47 52,45,45 52,45,45 16,9,12 48,41,44 37,31,36 29,23,28 24,21,27 13,9,20 14,10,21 17,13,24 20,19,22 24,21,25 27,26,29 34,33,36
33,19,21 48,49,52 51,51,51 46,44,45 40,38,39 36,29,32 38,30,36 220,126,14 253,162,35 255,173,46 255,167,37 255,179,52 251,161,39 255,165,50 182,255,255 225,210,170 231,151,43 137,80,11 43,45,45 162,107,26 77,53,31 69,48,25 45,30,10 22,15,13 69,55,41 77,49,22 79,53,30 85,54,31 88,53,26 86,51,24 86,51,26 89,52,26 90,54,21 92,56,23 92,53,21 85,51,19 74,44,16 70,41,19 50,32,13 36,24,29 40,32,40 24,14,15 40,30,31 54,51,55 20,13,16 47,41,36 44,38,33 56,46,45 52,46,41 49,42,45 48,41,41 50,43,43 42,35,38 40,33,36 21,15,20 28,22,27 24,21,27 13,9,20 13,9,20 17,13,22 20,17,23 23,20,24 26,25,28 31,30,33
33,23,24 51,50,53 49,47,48 44,42,43 42,35,38 34,27,30 45,31,31 178,97,0 245,156,38 255,172,48 251,162,35 249,160,40 234,152,36 243,195,111 197,255,255 205,140,47 206,128,13 223,147,38 106,69,25 217,147,51 149,117,75 67,49,30 34,21,0 38,31,31 76,57,43 77,46,25 81,52,30 86,53,28 89,55,25 89,55,25 91,57,23 92,58,26 92,56,23 93,57,24 90,54,21 81,45,12 74,45,14 70,41,17 58,34,10 61,42,19 53,34,20 50,35,26 51,37,23 47,36,33 48,36,36 49,43,38 45,39,32 52,45,43 54,47,47 47,41,36 49,42,45 50,43,43 47,40,40 45,38,41 31,24,27 41,35,40 24,20,29 14,10,21 14,10,21 21,17,26 17,13,22 23,20,24 27,21,26 29,28,31
30,20,24 54,49,51 42,40,41 40,38,39 40,33,36 36,29,32 39,26,23 167,95,6 235,159,48 243,160,40 237,146,27 248,167,48 201,157,86 181,255,255 126,176,201 215,139,26 211,138,38 214,140,34 255,255,241 215,136,43 180,131,66 66,47,20 31,17,0 38,31,31 71,45,24 69,40,16 79,50,26 87,54,27 91,57,27 93,57,26 88,54,24 92,57,21 102,62,28 93,58,22 88,52,19 76,48,10 74,45,12 28,11,1 53,36,8 58,39,16 52,34,15 49,33,16 50,35,24 47,34,31 52,39,36 50,41,37 46,37,33 46,36,35 49,42,40 45,39,34 45,38,38 50,43,43 49,42,45 44,37,40 30,23,26 28,25,29 24,20,29 13,9,20 14,10,21 16,12,23 17,13,22 19,16,22 24,21,25 27,26,29
17,10,13 22,15,18 23,21,22 35,20,11 41,34,37 33,26,29 39,29,28 152,86,11 202,129,31 228,155,53 229,147,33 226,149,29 213,143,40 101,60,11 130,79,24 253,207,141 205,135,34 216,146,45 206,132,28 205,134,40 169,121,63 66,47,22 26,15,8 41,34,34 78,52,29 64,43,20 79,53,30 87,57,29 92,56,25 92,56,25 93,57,24 89,53,20 96,58,23 92,57,21 86,52,18 80,48,14 73,45,16 55,30,11 42,28,12 62,41,14 52,34,15 51,35,18 47,32,21 26,13,10 52,39,36 47,38,34 49,40,36 52,43,39 50,43,41 49,42,40 44,38,33 51,44,44 47,40,40 40,38,39 33,28,30 27,24,28 23,19,28 12,8,21 12,8,19 13,9,18 19,15,26 21,17,26 22,21,24 23,22,25
50,37,45 44,38,43 43,37,42 33,22,15 34,27,27 34,27,30 27,24,30 126,69,9 181,115,33 200,126,33 212,138,34 215,138,33 219,145,39 199,135,39 255,226,169 198,150,78 207,135,30 211,141,42 196,126,30 203,132,43 128,91,51 63,44,19 31,19,21 44,37,37 83,54,21 59,40,17 81,52,28 91,59,29 97,61,28 95,60,22 99,63,30 94,58,25 93,58,20 95,57,20 95,55,21 74,46,19 69,44,25 73,41,9 32,20,10 59,40,17 53,35,16 50,34,19 29,14,5 48,36,26 46,35,32 52,43,39 52,43,39 50,41,37 49,43,38 45,39,34 44,37,37 50,43,43 49,42,42 42,35,38 34,28,33 27,24,28 23,19,28 12,8,17 13,9,22 13,9,18 14,11,15 20,16,25 17,14,20 19,16,20
51,48,52 52,49,53 45,37,43 46,36,40 38,31,34 36,29,29 26,25,28 104,59,0 157,94,20 169,105,22 211,142,43 208,135,35 213,140,40 212,134,34 201,137,41 210,140,41 196,126,25 255,114,45 189,118,29 197,131,45 47,33,33 31,23,29 22,16,9 51,46,45 76,46,20 62,41,18 71,45,20 87,55,25 96,60,27 95,60,24 93,58,22 90,55,19 95,57,22 98,58,24 97,57,21 78,37,8 42,20,0 74,44,16 54,34,14 60,41,18 56,36,16 88,52,5 42,27,16 49,37,27 50,39,36 43,37,32 50,44,39 49,40,36 47,41,36 50,44,39 43,36,36 54,47,47 47,40,40 42,35,38 28,25,29 25,22,26 23,20,26 20,16,25 21,17,26 21,18,24 21,17,26 19,16,20 18,16,17 21,18,24
44,41,45 40,37,41 46,36,40 41,34,37 40,33,33 41,34,32 28,22,29 105,58,0 134,85,20 153,94,19 178,115,25 196,129,34 203,132,36 202,132,38 186,115,19 210,139,45 219,102,33 255,73,30 209,77,20 170,111,34 50,43,43 38,38,35 38,29,25 62,55,53 73,47,22 75,49,24 85,54,31 88,58,32 87,52,27 86,51,26 89,55,25 86,52,22 87,53,19 80,51,16 79,43,12 76,46,4 73,45,7 32,21,6 54,33,10 60,41,18 52,33,17 62,34,5 48,35,28 48,35,30 49,40,36 46,37,33 52,43,39 52,43,39 43,37,32 45,39,34 43,36,36 52,45,43 45,38,38 44,38,43 30,27,31 24,21,25 23,19,28 19,15,24 19,16,22 20,17,23 20,16,25 21,18,24 20,17,21 19,16,22
42,40,41 41,34,37 38,31,34 37,30,33 40,33,33 40,33,33 26,23,29 93,52,5 117,74,18 137,90,27 166,107,30 172,108,23 170,105,14 201,134,39 199,131,39 197,132,39 136,76,24 210,60,25 168,104,40 143,96,35 17,10,8 21,14,14 36,30,25 53,48,47 84,53,32 82,52,26 85,52,25 92,58,28 89,53,22 87,51,20 94,59,23 92,57,21 89,55,21 89,55,21 90,56,15 86,54,12 79,52,16 78,46,14 66,40,15 59,40,15 75,39,6 45,31,17 47,35,23 49,34,25 47,38,34 48,42,37 52,46,39 48,41,41 41,34,34 34,27,27 35,27,33 38,31,34 35,28,31 38,31,34 28,25,29 20,17,21 21,17,26 19,15,24 18,15,19 17,14,20 20,16,25 21,17,26 17,14,20 19,16,20
44,36,42 40,32,38 38,31,34 35,28,31 37,30,33 37,30,30 27,23,32 26,23,27 117,71,14 118,75,19 142,98,31 159,103,27 174,113,29 175,111,24 185,121,34 178,114,27 166,104,23 82,48,16 157,103,28 49,34,25 52,41,38 41,35,26 117,107,97 57,50,50 86,53,28 88,53,26 89,55,25 89,55,23 94,58,27 95,60,33 93,58,22 102,62,28 96,58,21 89,51,16 95,61,20 74,33,0 68,39,8 75,45,17 70,42,15 59,40,15 53,34,20 49,35,21 45,30,19 46,34,24 50,39,36 52,43,39 57,48,44 58,52,47 51,44,44 55,48,48 51,44,44 51,44,44 43,36,36 39,34,36 27,24,28 23,20,24 21,18,24 20,16,25 20,16,27 20,17,23 20,16,25 20,16,25 18,14,23 20,17,23
44,36,42 38,30,36 38,31,34 36,29,32 43,36,39 40,33,33 28,24,33 24,23,28 122,64,0 124,78,19 122,83,26 129,84,22 142,90,19 156,97,22 170,108,27 171,109,30 165,110,29 154,97,26 118,72,17 77,55,35 81,63,42 78,61,35 34,28,23 55,49,44 84,53,30 86,53,26 89,55,25 88,54,24 89,55,25 48,23,20 96,60,27 101,63,28 89,53,20 87,52,16 95,61,20 98,45,0 37,13,5 31,15,0 66,40,15 77,47,5 54,35,12 51,35,18 60,37,24 45,27,26 51,40,35 47,41,36 59,50,46 52,45,43 55,48,48 55,48,48 52,45,45 50,43,43 42,35,38 36,35,38 26,23,27 23,20,24 21,17,26 21,17,26 21,17,26 20,16,25 18,15,21 20,17,23 18,14,23 18,15,21
36,28,34 36,28,34 34,27,30 38,31,34 40,33,36 36,29,32 26,23,27 28,21,31 53,35,30 127,69,5 116,73,15 117,80,27 112,72,20 131,85,26 145,94,25 150,96,21 147,95,24 146,92,17 170,109,28 72,51,24 71,50,25 82,52,26 35,28,28 44,42,43 76,47,25 81,51,25 87,54,27 89,54,27 81,55,32 36,18,13 96,56,22 71,39,5 104,64,30 71,38,11 69,40,7 137,71,0 33,19,24 14,12,13 71,40,17 60,39,14 55,37,16 51,35,20 70,39,20 38,28,29 45,34,31 46,36,35 52,46,41 54,47,47 59,52,52 52,45,45 51,44,44 51,44,44 44,37,40 34,29,31 25,22,26 24,21,27 23,19,28 23,19,28 21,17,26 23,20,24 21,18,24 19,15,26 17,13,22 18,14,23
42,34,40 41,33,39 44,36,42 45,37,43 44,38,43 43,35,41 27,20,30 25,21,30 45,35,36 50,36,36 126,75,6 142,87,17 136,90,31 121,82,25 98,62,13 95,61,18 216,144,39 233,155,35 216,142,38 204,133,42 76,54,36 90,64,70 55,36,43 54,49,46 81,52,28 91,58,31 89,55,25 89,55,25 96,57,27 47,40,43 47,40,38 47,35,37 87,43,5 95,52,7 32,19,27 76,38,1 43,32,41 23,13,12 92,50,10 23,12,9 164,95,0 47,26,15 82,50,20 43,35,43 47,38,34 45,38,36 48,41,44 52,45,43 51,44,44 55,48,48 54,44,45 52,45,45 43,36,39 33,31,32 25,22,26 23,20,24 23,19,28 23,20,26 19,15,24 18,15,21 18,15,21 20,16,25 18,15,21 17,14,20
43,36,39 41,34,37 45,38,41 45,38,41 32,29,35 24,20,29 42,34,42 47,40,40 52,45,45 56,46,47 58,46,51 57,45,50 56,46,45 83,45,8 135,88,25 213,138,39 225,145,33 232,153,36 223,147,36 215,142,32 158,120,154 158,123,156 168,123,171 122,103,117 82,53,31 80,52,25 89,52,26 91,57,27 93,59,27 33,19,21 53,46,58 49,45,54 54,45,56 47,38,49 41,32,43 48,41,51 35,30,32 16,10,15 21,15,22 29,21,27 27,20,23 29,23,28 35,29,36 39,27,29 44,35,31 47,40,43 50,43,41 49,42,42 51,44,44 51,44,44 54,44,45 52,45,45 41,34,37 33,31,32 25,22,26 24,21,25 20,17,23 14,11,15 18,15,19 21,17,26 20,17,21 18,14,23 18,14,23 21,17,26
36,28,34 33,26,29 38,31,34 40,33,36 30,24,29 25,21,30 36,29,32 42,35,35 48,34,36 54,40,42 53,40,37 55,42,37 55,40,31 62,42,22 196,126,30 224,154,51 224,148,35 235,157,40 224,146,31 219,145,41 131,96,127 129,96,128 151,113,147 149,117,142 82,55,37 81,56,37 86,57,37 82,55,37 89,60,38 29,22,25 48,46,58 54,50,63 35,28,42 36,25,34 41,33,39 40,32,38 37,29,35 22,14,20 29,21,27 27,19,25 33,26,29 38,31,31 39,29,33 37,27,26 41,30,27 40,31,27 47,37,38 50,43,41 47,40,40 51,44,44 56,46,47 59,49,50 49,42,45 40,35,37 28,26,27 23,20,24 23,20,24 21,18,24 19,15,24 21,17,26 19,16,20 19,16,22 20,16,25 21,17,26
32,26,31 36,31,33 37,30,33 38,31,31 27,25,26 26,22,31 40,32,38 41,34,34 48,34,36 49,35,37 52,39,36 52,39,36 52,40,30 57,39,34 197,126,35 224,150,44 228,149,37 233,154,37 239,160,45 223,147,34 211,141,45 121,92,102 108,82,101 98,71,64 84,55,33 86,53,28 87,52,27 93,59,27 87,60,42 37,31,38 54,47,61 55,48,60 54,46,63 50,42,48 43,32,41 49,41,47 42,34,40 23,15,21 42,34,40 34,25,36 36,28,34 45,37,45 42,35,38 40,31,27 40,29,26 38,28,27 46,36,37 45,39,34 52,45,45 54,47,47 54,47,47 54,47,47 49,42,42 38,35,39 28,26,27 23,20,24 24,21,25 19,16,22 20,16,25 17,14,20 18,14,23 18,14,23 19,15,24 20,16,25
57,51,58 50,44,51 46,39,49 44,41,45 50,42,48 51,43,49 51,44,47 50,42,48 48,41,44 48,41,44 48,36,38 48,36,38 51,42,38 59,40,28 202,132,38 230,151,41 239,160,50 231,152,42 214,137,34 228,152,39 223,146,41 202,129,29 64,36,23 170,110,19 179,118,37 72,48,40 88,60,33 93,59,27 84,56,45 55,48,62 63,55,72 70,63,73 42,35,47 53,46,58 41,37,48 57,46,53 48,41,51 27,20,30 40,34,41 42,33,44 44,38,45 46,39,49 48,40,46 45,35,36 38,29,23 40,30,29 42,35,33 43,36,36 38,30,38 38,30,38 40,32,38 40,32,38 40,34,41 37,33,42 38,34,43 36,35,40 39,35,44 39,35,44 40,36,45 40,33,43 40,36,45 40,33,43 34,30,41 36,28,34
140,152,176 95,107,131 74,72,82 94,99,125 53,51,61 57,48,59 51,44,47 56,49,52 57,47,51 56,49,49 59,49,50 59,49,48 22,17,16 131,81,19 215,142,40 225,149,38 232,156,47 220,146,40 215,140,41 224,147,44 219,146,48 212,139,39 208,134,39 192,124,36 164,115,93 173,139,165 157,124,158 28,17,24 17,10,13 22,15,15 28,21,24 58,49,60 72,64,83 63,56,68 50,43,55 53,49,60 65,57,65 37,28,39 42,31,38 41,32,43 47,38,49 54,42,54 58,52,59 52,36,30 49,34,25 47,32,21 43,31,21 43,30,25 45,32,29 45,32,29 42,28,30 40,30,31 39,34,36 40,32,38 37,31,36 42,31,38 43,35,43 45,36,47 51,39,51 47,38,49 44,37,47 44,37,49 36,36,46 40,38,48