29,27,37 30,28,38 20,18,28 20,16,25 27,23,32 25,23,33 30,26,39 26,21,23 109,103,96 50,45,44 51,48,52 26,22,35 27,24,41 26,23,38 26,23,40 26,23,40 27,24,41 26,23,40 18,16,26 19,17,27 17,15,25 16,14,26 13,12,17 11,10,15 16,10,17 16,9,12 23,18,15 17,9,15 14,9,11 14,9,11 14,9,11 20,13,16 40,33,36 17,10,13 16,9,12 16,10,15 12,10,11 12,10,11 12,10,11 19,11,19 29,21,27 31,23,29 21,15,20 21,18,24 21,17,26 39,38,43 45,43,51 39,38,41 27,25,33 39,37,45 33,31,39 27,25,33 39,38,43 26,25,30 27,23,32 27,23,32 25,21,30 25,23,31 24,22,30 24,20,29 19,15,24 16,15,20 13,9,18 27,23,32
31,29,39 33,31,41 25,23,33 20,16,25 28,24,33 26,19,29 27,23,32 125,116,110 29,22,22 27,21,26 31,24,24 39,34,36 31,28,43 26,23,38 26,23,40 25,22,37 26,23,40 25,23,35 22,20,30 23,21,31 23,21,31 26,24,36 26,23,38 38,36,46 32,30,40 30,30,40 25,24,29 31,31,43 26,19,29 23,17,24 21,16,18 21,14,17 30,28,29 12,10,11 17,15,16 13,12,15 12,10,11 12,10,11 25,23,24 19,11,19 23,15,21 23,15,21 18,12,17 19,16,22 35,31,40 46,45,50 46,44,52 43,42,45 29,27,35 40,38,46 43,41,49 39,37,45 39,38,43 26,24,32 27,26,31 26,22,31 27,23,32 26,24,32 25,23,31 24,20,29 20,16,25 14,15,20 13,9,18 25,21,30
26,24,34 34,32,42 36,34,44 20,16,25 21,17,26 34,30,39 33,27,34 65,59,52 23,16,16 28,21,24 30,23,26 30,23,26 86,84,94 23,21,31 24,22,32 24,22,32 24,22,30 24,22,30 22,20,30 19,17,27 20,18,28 23,22,27 25,23,31 32,30,38 39,37,47 37,35,43 24,25,30 38,36,46 23,19,28 20,16,25 18,14,23 20,14,21 18,14,23 26,22,31 31,27,36 19,16,20 20,16,25 23,19,28 30,23,35 20,12,20 16,10,15 13,41,77 8,19,32 17,15,23 38,36,44 47,45,55 45,43,51 41,40,45 43,41,49 41,39,47 45,44,47 43,42,45 43,42,47 31,29,37 30,29,34 28,24,33 27,25,33 25,25,33 27,25,33 24,22,30 20,16,25 13,13,21 13,10,14 25,21,30
30,28,36 36,34,42 38,36,46 25,21,32 23,19,28 23,20,26 49,42,45 63,56,54 39,28,23 71,57,28 30,23,26 107,83,28 57,47,46 24,22,34 24,21,36 24,22,32 25,23,35 23,21,33 22,20,30 22,20,30 19,17,27 25,23,31 23,21,29 38,35,41 39,38,43 38,36,44 39,33,38 40,36,45 21,18,22 20,16,25 20,16,27 18,15,21 18,14,23 33,29,38 31,27,36 20,18,19 20,16,27 24,20,29 32,25,35 20,13,16 24,16,22 22,52,90 20,13,25 20,16,25 44,42,50 46,44,52 44,42,50 43,41,49 45,43,51 45,43,51 44,40,49 43,42,47 41,40,45 33,31,39 33,31,39 30,29,34 30,28,36 30,28,36 30,28,36 24,22,30 20,16,25 15,13,21 13,10,16 21,18,24
30,26,35 38,34,43 38,34,43 40,36,45 23,19,28 25,19,24 21,14,17 12,12,12 20,14,19 23,16,19 32,22,26 38,31,34 54,49,51 39,38,43 24,21,36 24,22,32 26,23,40 27,24,41 27,23,43 26,24,36 18,16,28 23,21,29 27,23,32 27,24,28 25,20,22 43,41,49 30,22,28 38,35,41 22,16,21 25,14,21 21,14,24 22,21,26 23,16,26 37,33,42 26,23,29 17,15,16 21,17,28 26,22,31 28,22,29 26,18,24 23,15,23 22,14,20 23,12,19 23,16,26 47,45,53 50,48,56 52,50,58 46,44,52 47,45,53 45,43,51 46,44,52 46,42,51 43,42,45 34,33,38 36,35,38 33,31,39 34,32,40 33,31,39 30,28,36 24,22,30 20,16,25 15,13,21 13,10,14 22,15,27
45,41,50 41,37,46 45,41,50 45,41,50 33,29,38 36,29,32 18,13,12 13,10,14 21,14,14 19,12,12 31,24,24 44,34,38 56,46,50 74,71,77 16,16,28 20,18,30 18,15,30 20,17,32 27,24,41 24,21,36 29,26,41 30,28,40 26,22,33 13,10,14 30,27,31 39,35,46 37,26,23 111,73,52 92,28,27 99,31,29 111,37,28 104,54,39 105,78,71 51,46,48 24,23,28 18,16,17 20,18,26 27,23,32 24,20,29 22,14,20 30,22,30 24,16,24 27,19,25 22,15,25 48,46,54 53,51,59 59,58,61 47,46,51 47,45,53 50,48,56 45,43,51 45,44,49 44,42,50 37,36,39 36,35,40 36,34,42 36,34,42 34,32,40 29,27,35 26,24,32 21,17,26 13,11,19 13,10,14 21,17,28
31,27,36 45,41,50 48,44,53 51,47,56 48,44,53 82,73,69 20,14,21 13,10,14 20,13,13 20,13,16 30,23,26 44,34,38 46,36,37 82,77,76 33,29,40 37,32,48 34,30,43 34,30,43 30,17,25 19,12,22 30,27,42 29,27,39 38,36,46 41,37,48 44,42,40 177,101,90 109,49,39 93,26,28 100,25,23 105,26,23 110,28,24 112,27,24 114,28,25 122,32,26 124,40,30 177,136,120 20,14,21 24,20,31 24,20,29 27,19,25 20,14,19 22,15,25 28,20,26 27,20,30 54,52,60 53,51,59 58,56,66 46,44,52 47,45,53 47,45,53 47,45,53 45,44,49 43,42,45 37,35,43 38,37,42 38,36,44 39,37,45 36,34,42 30,28,36 27,23,32 19,17,25 13,9,18 12,9,13 19,15,26
53,50,56 49,46,52 51,48,54 56,52,61 60,54,61 40,33,33 15,10,12 12,10,11 20,13,16 19,14,16 30,23,23 37,27,31 36,29,32 77,69,75 37,30,44 37,33,46 34,30,43 34,30,43 27,14,24 33,18,26 31,27,38 25,21,30 34,30,39 41,41,51 218,116,94 121,56,44 87,23,26 96,21,24 101,23,22 105,22,23 106,27,22 110,28,24 112,27,24 115,29,26 123,32,31 133,37,33 34,26,32 26,22,33 23,19,30 24,16,22 54,47,47 27,19,27 24,16,22 25,24,29 48,46,54 40,39,42 39,38,41 40,39,44 41,39,47 40,38,46 40,38,46 39,37,45 38,36,44 39,38,41 39,37,45 38,37,40 40,38,46 37,35,43 33,31,39 25,23,31 18,14,23 12,9,13 12,10,8 19,15,24
33,29,38 55,51,60 54,50,59 60,55,57 49,44,41 15,9,14 56,49,47 14,12,13 19,12,15 23,16,19 31,21,25 37,27,31 34,27,30 70,63,66 34,21,29 33,18,26 33,14,30 34,16,27 20,18,28 26,17,30 34,29,47 27,18,33 29,26,41 152,59,36 133,60,48 84,27,26 79,18,23 60,21,18 68,26,13 83,46,20 95,52,19 91,35,13 112,27,26 114,28,25 124,30,30 147,34,31 25,19,26 27,20,32 42,34,40 84,75,71 36,34,44 28,22,29 27,21,26 24,23,28 26,25,30 27,24,28 30,23,26 33,27,32 28,25,29 27,23,32 26,22,31 26,24,32 27,26,31 39,37,47 41,39,47 41,39,47 38,36,44 31,29,37 26,25,30 22,21,26 14,11,15 13,10,16 17,15,13 26,23,29
54,51,57 61,50,47 36,26,25 25,15,19 24,17,17 25,15,16 34,28,21 20,18,19 12,9,13 23,16,19 30,23,26 37,27,31 36,26,30 76,68,74 59,52,55 34,21,29 33,18,26 33,18,28 19,17,27 20,18,28 28,21,31 35,24,33 30,21,34 134,42,32 86,36,32 57,22,23 174,129,94 122,78,66 94,58,29 125,96,74 85,66,52 111,92,76 115,51,34 122,35,23 135,34,25 35,19,17 24,20,29 25,21,32 113,99,99 51,41,45 55,39,33 47,40,40 14,11,15 24,21,27 25,22,28 31,24,24 36,22,22 39,29,33 34,28,33 32,26,31 28,22,27 26,22,31 27,24,28 32,30,38 30,29,34 30,29,34 27,25,33 32,31,36 46,45,50 48,46,54 44,41,47 38,36,44 50,48,56 39,37,45
125,114,99 52,43,37 51,44,42 27,22,21 35,29,24 65,55,54 37,31,26 16,13,17 15,9,14 21,14,17 29,22,25 33,26,29 31,24,24 79,72,75 41,34,37 26,19,19 38,30,36 37,28,43 24,20,31 23,21,29 25,21,34 33,24,37 30,21,36 45,37,45 91,46,41 96,42,33 185,132,120 40,28,16 196,140,102 65,42,27 120,94,71 117,86,65 120,86,66 169,97,76 140,35,32 22,17,16 25,21,30 24,20,31 66,59,59 42,36,43 37,27,28 46,41,40 29,27,35 34,28,33 49,42,42 51,44,44 43,32,27 45,32,29 47,33,35 46,34,36 46,36,40 39,35,44 39,35,44 35,32,38 33,29,38 35,32,38 41,40,43 44,37,40 48,47,52 59,57,65 41,40,45 54,53,58 55,53,65 46,44,52
27,20,20 49,42,40 65,54,51 67,54,51 28,21,19 35,29,24 44,38,31 21,14,14 16,9,12 17,9,15 26,19,22 30,23,26 22,15,18 56,49,52 39,29,33 17,9,15 45,36,32 83,70,67 43,31,36 29,17,22 35,31,44 19,15,28 29,26,43 40,38,48 58,55,59 99,71,62 44,36,42 102,62,39 100,74,53 108,73,58 100,73,55 135,99,77 76,45,26 111,81,64 30,13,16 20,12,18 27,23,34 21,17,28 41,34,37 29,21,27 29,23,28 42,39,43 41,38,42 37,29,35 48,41,44 47,37,36 48,36,26 51,35,31 103,89,94 68,59,55 50,44,49 51,48,54 44,40,49 45,41,50 31,27,36 34,31,37 137,110,94 72,56,41 23,16,19 57,55,63 33,32,37 43,41,49 53,51,59 52,50,58
27,20,23 49,39,40 69,56,53 70,57,54 23,16,16 20,13,11 43,37,32 46,37,33 16,9,12 20,12,18 27,20,23 30,23,23 28,21,21 23,16,19 23,16,19 21,14,17 23,13,12 83,70,67 94,80,80 33,18,26 32,25,35 38,33,49 29,27,37 36,34,44 57,50,60 30,29,34 53,49,60 156,106,75 101,70,51 89,66,51 87,60,44 123,86,71 118,84,64 101,71,54 40,30,31 16,10,17 162,148,134 35,32,38 37,29,37 28,24,35 24,21,25 26,24,22 37,32,29 34,28,33 56,46,47 37,28,22 35,22,17 50,38,26 90,78,66 55,39,37 39,34,36 51,48,54 53,49,58 42,38,47 19,15,24 24,21,27 86,62,54 76,57,43 28,18,17 37,35,43 34,32,40 40,38,46 51,49,57 30,29,34
31,24,27 43,36,36 59,47,47 75,64,57 86,77,69 28,21,21 28,22,17 43,37,32 15,10,12 22,15,18 29,22,22 28,21,24 27,20,23 27,19,25 15,10,12 14,8,13 26,16,15 57,46,41 90,77,72 35,20,28 32,16,29 31,16,26 24,22,30 33,31,43 55,46,59 64,58,65 28,25,31 137,91,63 117,79,60 104,69,54 125,87,66 120,86,68 113,79,57 90,57,48 36,24,26 20,13,16 62,55,53 43,37,44 37,29,37 32,26,31 51,44,47 30,25,27 30,23,23 57,50,50 56,49,49 64,53,50 51,37,21 53,37,22 55,48,48 51,41,42 27,20,23 56,50,57 52,49,55 40,37,41 30,22,30 35,29,36 63,53,52 35,25,26 37,35,33 57,56,59 62,61,66 51,48,52 48,44,53 60,59,62
42,31,38 47,37,36 91,83,72 68,59,53 28,21,19 16,9,12 35,29,24 43,37,32 14,9,11 22,15,15 29,22,25 28,21,24 26,19,22 29,19,23 17,10,13 13,11,12 15,10,9 41,30,27 89,76,71 40,25,33 32,17,27 32,17,25 25,18,28 33,31,43 50,48,56 29,27,39 22,21,26 89,57,41 136,98,77 101,70,51 72,44,33 114,79,66 119,78,58 77,46,36 51,41,45 23,16,19 38,28,29 29,21,27 64,56,62 36,29,27 56,49,52 43,38,40 27,22,19 37,32,34 63,53,54 68,55,50 130,119,102 43,33,34 42,35,38 71,66,68 43,36,39 37,31,36 42,39,45 34,31,37 82,72,71 32,31,36 39,33,38 27,20,18 29,23,28 39,37,33 42,37,36 26,25,30 57,55,63 60,58,66
175,154,131 39,29,28 23,16,16 19,12,12 24,17,15 28,21,19 28,22,17 36,27,23 22,15,15 21,11,12 31,24,27 28,20,26 26,18,24 33,23,24 14,9,11 15,9,14 33,27,22 77,64,59 81,68,65 112,100,102 31,29,41 34,27,41 25,21,34 37,35,47 27,25,35 24,22,32 26,20,27 54,38,34 116,86,69 128,102,81 102,70,54 80,51,31 121,85,63 48,32,28 29,22,22 18,8,9 37,27,31 115,106,98 60,48,48 97,81,75 89,76,71 59,52,52 38,35,39 71,61,62 51,41,40 65,54,49 151,135,118 33,25,33 64,57,57 51,45,50 54,44,45 42,34,40 52,49,53 30,27,31 57,46,43 72,67,66 86,75,70 47,40,40 46,40,45 54,47,45 41,36,35 38,35,41 64,62,70 62,60,68
32,20,20 28,18,17 24,17,15 27,20,18 33,24,20 33,27,22 35,25,24 36,26,27 35,25,26 35,25,24 36,26,25 36,26,30 35,25,29 31,24,24 15,10,12 21,14,12 43,30,25 48,37,34 49,36,33 111,98,93 33,24,37 42,34,51 28,23,39 48,45,60 29,27,35 28,24,35 28,22,27 46,35,30 68,53,44 93,71,53 91,70,55 98,76,56 103,71,55 38,24,26 26,16,17 32,20,22 40,33,33 38,31,34 73,62,59 68,55,50 78,68,58 60,47,44 39,38,41 58,46,46 50,38,40 68,58,46 59,45,31 65,54,47 57,47,48 40,34,39 50,44,49 57,50,50 48,45,49 27,24,28 111,102,96 57,46,39 46,36,37 50,40,39 56,46,47 56,46,45 48,40,46 50,48,56 67,65,73 67,65,73
37,31,24 35,31,25 28,24,16 35,26,20 33,27,22 33,26,26 33,23,22 33,26,24 35,26,22 37,28,24 39,30,26 37,30,28 35,28,31 35,25,26 29,22,25 23,16,16 45,32,29 48,35,32 52,39,34 53,40,35 32,20,25 31,17,30 23,19,28 35,34,49 33,29,38 35,29,36 17,14,18 54,39,30 53,40,35 71,55,42 61,41,32 79,60,48 90,68,50 26,19,19 34,28,33 19,12,15 22,15,13 24,15,26 48,41,41 55,44,41 67,56,51 50,40,39 57,56,61 63,53,57 64,51,46 69,51,50 57,42,20 53,43,42 75,64,61 69,58,55 51,45,50 48,41,41 52,49,53 28,25,29 42,35,38 57,50,53 50,43,43 71,60,57 98,83,72 42,32,31 66,57,51 39,36,42 74,70,79 66,64,72
45,34,29 55,43,33 64,49,38 40,33,31 30,20,21 29,22,22 33,23,24 32,22,23 36,29,27 36,27,23 38,31,34 38,28,27 38,28,29 39,29,33 34,27,30 29,22,22 22,15,13 37,27,26 45,32,27 57,44,39 32,19,27 34,18,31 29,17,31 25,21,30 24,20,29 27,21,26 46,22,16 62,42,35 55,40,29 71,55,40 90,69,56 91,68,53 45,34,31 19,18,23 23,16,16 13,11,12 18,11,21 64,54,53 47,35,40 45,38,41 52,45,48 42,34,40 71,65,72 123,78,43 87,62,45 79,63,57 70,40,23 68,61,59 73,62,55 71,56,47 42,35,35 41,35,40 49,41,49 35,28,31 33,25,31 37,31,38 40,30,29 62,50,50 68,55,48 35,29,36 58,54,63 60,56,65 56,52,61 53,51,59
47,41,48 34,27,27 91,82,78 13,10,14 25,15,19 28,21,21 35,25,26 35,25,24 36,29,27 35,30,27 36,29,29 39,29,30 39,29,33 39,29,28 37,30,28 41,34,34 28,21,21 29,22,20 60,49,42 93,82,75 51,43,49 143,133,137 103,75,64 95,32,28 75,35,28 169,97,6 164,71,41 174,123,86 62,46,31 71,48,33 83,61,43 77,49,40 36,31,33 37,27,31 19,12,12 18,12,17 19,15,26 71,62,58 37,26,33 51,41,40 53,43,44 56,45,52 42,34,40 125,77,19 87,53,23 80,65,54 40,28,18 56,46,45 61,50,45 61,48,45 38,31,31 44,38,43 38,30,36 30,23,26 30,22,28 37,31,36 46,37,31 37,30,28 40,33,33 38,35,41 46,42,51 53,49,58 53,49,58 44,42,50
110,101,84 107,98,81 82,73,65 12,11,16 21,14,14 28,21,21 31,21,22 36,27,23 37,28,24 33,26,24 38,31,29 35,25,24 39,29,30 39,29,28 43,33,32 51,42,38 24,24,24 19,18,21 17,17,17 45,28,20 90,64,54 99,13,15 90,46,36 95,21,21 145,20,19 137,25,24 118,77,16 126,53,12 116,39,31 88,47,31 80,53,37 81,49,33 80,33,1 86,28,16 83,14,15 96,66,67 24,17,20 50,44,37 35,28,31 56,46,45 60,50,51 57,49,55 36,30,35 25,25,22 24,16,22 26,16,17 80,69,64 53,43,42 53,44,40 58,48,52 40,34,41 29,22,32 31,24,27 30,22,28 29,21,27 41,33,39 43,36,39 42,35,38 43,36,36 41,36,38 30,27,31 36,28,36 37,33,42 32,28,37
16,13,19 16,13,17 15,9,14 15,9,16 17,9,15 27,20,20 33,23,24 36,26,27 33,23,22 35,25,26 38,28,27 36,26,25 40,30,29 42,32,31 42,32,31 67,57,58 12,11,14 15,14,17 15,9,16 188,68,49 93,42,32 115,100,80 123,98,81 104,18,17 166,14,13 163,23,27 88,16,20 86,33,17 63,47,45 76,37,9 80,19,14 99,62,22 104,70,25 105,20,15 87,13,13 88,46,33 120,62,50 46,35,42 40,32,38 54,44,45 60,50,51 58,48,52 43,37,44 31,23,29 24,16,22 23,16,19 71,61,60 51,41,42 67,55,55 53,43,42 42,36,43 31,28,34 30,23,26 29,21,27 28,20,28 71,64,67 41,34,34 45,35,36 49,39,38 50,40,44 35,32,38 34,25,36 32,25,35 27,23,34
30,26,37 31,27,38 31,27,38 30,20,19 17,8,19 23,16,19 29,22,22 35,25,24 36,26,27 35,25,26 37,27,28 36,27,23 38,28,29 40,30,34 60,47,44 54,40,42 26,22,33 27,23,34 41,34,34 182,45,30 105,86,70 93,35,23 119,22,25 104,27,23 189,31,30 118,22,13 92,17,15 93,15,16 94,16,15 104,57,23 67,52,60 104,67,23 110,20,14 120,19,21 144,26,23 136,19,20 136,113,84 48,42,35 34,27,30 47,41,46 30,28,29 47,37,36 37,31,36 34,27,30 28,21,24 23,13,17 65,58,56 43,36,36 72,62,61 50,43,43 38,35,39 33,31,39 31,24,27 29,21,29 30,22,30 50,43,46 41,34,34 45,37,43 47,40,40 53,43,47 35,32,38 30,22,28 31,23,31 30,21,32
26,24,34 26,24,34 26,22,31 32,22,23 15,9,16 23,16,19 35,26,22 41,30,27 41,30,23 91,64,32 84,59,29 87,60,26 56,39,29 54,38,34 54,41,38 76,64,69 21,17,26 33,31,39 68,63,62 75,55,25 154,29,30 105,26,23 92,83,68 126,32,32 204,31,30 153,21,18 104,18,17 101,19,17 113,19,19 118,20,19 111,52,24 117,21,17 119,21,20 129,21,21 163,29,26 148,75,66 135,102,75 59,46,39 35,30,32 48,45,49 42,36,43 45,33,33 33,28,30 48,37,34 41,25,21 73,57,42 70,56,42 35,28,31 28,23,22 46,35,28 30,27,31 24,21,25 55,43,45 51,40,47 37,29,37 29,21,27 47,37,38 37,29,35 33,30,36 42,32,36 26,23,29 20,20,30 23,26,35 32,31,46
25,23,33 25,23,33 27,25,35 74,68,73 16,10,17 21,14,17 33,23,22 39,28,25 46,28,23 96,63,24 107,73,30 100,66,21 54,38,34 46,35,32 48,36,36 64,54,58 53,50,56 42,37,39 31,24,27 42,32,33 155,101,67 109,36,22 100,16,8 75,15,17 214,30,26 169,28,26 108,17,16 113,19,21 122,19,22 125,20,19 127,18,21 123,20,23 129,19,18 133,19,19 163,24,23 171,145,122 138,52,31 48,31,23 28,23,25 42,36,41 46,35,30 36,29,32 32,29,35 51,35,22 39,28,35 43,35,41 48,30,29 39,34,36 26,21,23 65,46,34 30,23,26 23,21,22 42,29,26 38,26,31 35,24,33 31,22,33 39,29,30 28,20,26 33,31,41 33,26,24 25,21,30 33,35,51 33,35,51 34,33,50
25,21,32 20,16,27 22,20,30 47,41,46 19,13,20 24,17,20 26,19,19 26,19,22 31,21,20 59,43,30 45,29,23 42,29,24 47,31,29 40,30,29 40,30,31 59,49,50 72,67,66 28,23,22 36,29,29 27,19,25 23,21,29 26,22,31 66,43,44 48,5,0 216,30,27 176,26,22 114,16,17 117,20,23 125,20,19 126,21,18 129,19,18 129,19,18 132,20,19 137,18,20 163,16,18 123,43,25 54,41,36 63,48,39 32,29,33 33,23,27 73,57,42 28,21,24 28,21,21 64,46,43 59,41,36 66,46,37 62,46,31 39,33,40 26,20,27 34,22,27 28,21,24 28,21,24 47,36,45 41,35,42 39,36,42 29,22,32 37,30,33 26,20,27 24,20,31 33,28,30 25,22,26 29,28,43 32,31,46 32,33,52
31,29,39 29,27,37 29,27,37 32,25,35 15,10,12 28,21,21 32,22,21 31,21,22 33,23,24 36,26,27 38,28,29 39,29,30 38,28,29 39,29,30 40,30,31 40,35,37 73,66,66 26,19,19 29,22,25 24,21,27 23,20,26 22,21,24 84,40,39 50,13,0 218,33,25 172,25,22 116,18,19 115,18,21 128,20,20 129,19,18 131,19,18 129,19,18 132,21,17 145,21,24 89,23,18 28,26,27 40,29,36 51,44,47 26,24,25 30,22,28 45,33,38 21,19,20 31,24,27 56,43,40 56,43,40 56,43,40 56,43,38 27,25,26 52,40,42 55,43,48 37,30,33 21,16,18 29,22,32 25,21,30 24,20,31 26,24,34 34,27,30 37,35,47 32,34,50 23,19,28 30,27,31 24,22,30 23,21,31 23,21,29
26,25,30 26,25,28 25,24,29 24,23,28 16,13,19 32,22,21 33,27,22 37,27,26 30,20,21 33,23,22 36,26,25 53,43,42 33,23,22 60,49,46 75,65,55 25,24,27 26,20,25 48,41,39 31,20,17 84,30,21 22,20,28 24,23,28 49,12,9 46,15,5 213,31,25 165,21,20 112,18,18 115,18,21 129,19,20 132,20,19 132,20,19 132,20,19 136,23,20 150,22,24 49,15,11 58,52,59 27,21,28 39,34,33 34,26,32 34,30,39 34,32,40 34,28,33 28,21,24 32,28,37 34,30,39 34,32,42 34,32,40 19,16,20 39,37,45 38,38,48 26,20,25 19,17,25 39,37,47 37,35,47 26,24,36 23,21,29 33,26,26 21,17,28 23,21,29 26,25,30 26,23,27 34,33,48 34,33,50 32,32,44
27,24,28 26,25,28 23,24,29 25,24,29 30,23,23 43,34,28 59,46,39 67,54,47 64,53,48 45,35,34 26,21,20 40,33,31 59,46,41 68,56,46 76,64,54 34,33,38 34,28,33 81,63,58 127,44,24 126,68,33 91,71,53 26,25,28 38,11,6 39,18,5 209,32,24 159,22,25 110,19,20 118,20,23 133,20,17 133,21,20 132,20,19 134,21,18 140,22,21 154,24,23 39,25,25 103,99,108 30,24,29 40,35,34 31,24,27 29,27,35 30,28,38 30,23,26 29,24,26 32,30,40 31,31,43 32,31,46 34,33,48 19,16,20 34,33,48 34,33,48 26,16,20 34,32,44 32,31,46 32,31,46 34,33,48 34,33,48 36,26,27 27,25,33 24,24,32 26,26,26 28,23,25 24,20,31 24,20,31 25,21,34
65,56,48 118,106,96 157,138,111 155,133,99 115,101,85 39,34,31 69,57,45 77,65,53 76,64,52 41,34,34 32,29,33 38,28,27 57,44,39 68,56,44 78,66,54 27,25,26 34,17,18 99,27,8 121,75,36 112,36,14 110,33,14 38,20,19 30,15,6 35,13,7 210,32,29 150,20,23 112,18,20 122,21,25 132,20,19 134,21,18 128,18,17 140,22,21 143,22,22 167,24,20 22,17,19 75,53,47 79,49,34 96,37,18 50,22,13 24,23,28 24,23,28 25,15,19 27,21,26 27,25,33 27,25,35 29,27,37 29,27,37 27,24,28 27,27,39 27,27,39 37,30,33 27,25,37 27,26,41 29,28,43 30,29,44 32,31,48 34,27,25 30,29,44 32,29,46 33,31,43 26,21,23 29,27,39 22,20,28 22,20,30
48,37,30 121,113,91 63,51,39 37,34,38 42,34,40 26,21,23 64,52,42 79,64,53 78,66,54 30,20,21 22,21,24 20,13,16 54,43,36 67,55,45 80,68,56 21,18,22 21,18,24 23,20,24 52,25,20 102,30,13 99,30,17 75,25,12 75,31,21 71,31,24 205,36,25 127,17,18 115,18,21 125,19,21 127,22,21 130,23,18 135,18,21 146,23,23 156,21,21 176,37,36 22,21,24 111,79,76 88,22,6 139,83,45 147,48,25 26,25,30 27,26,29 36,31,30 25,22,28 26,25,30 26,25,30 26,24,32 26,24,32 21,16,18 27,20,30 26,22,31 21,18,22 23,20,24 30,27,42 30,27,42 33,30,45 33,30,45 19,13,18 31,29,41 34,31,46 31,31,41 26,20,27 34,31,46 36,34,46 37,35,45
13,9,18 14,10,19 35,32,38 35,31,40 37,33,42 20,18,16 61,50,43 76,64,52 81,69,57 24,21,27 20,19,24 40,33,31 54,41,38 68,56,46 85,71,57 19,18,21 20,16,25 20,14,19 23,20,24 50,14,8 90,25,13 103,32,13 93,27,11 99,27,8 67,47,40 92,88,82 50,40,41 43,33,37 44,30,16 59,50,46 50,48,60 61,51,50 69,62,65 53,32,30 76,21,8 79,24,13 117,33,16 132,53,30 24,21,25 23,21,29 25,24,27 28,23,25 28,22,27 27,25,35 26,24,32 26,24,32 25,23,31 26,24,32 27,23,32 28,24,33 28,24,35 30,26,37 29,27,37 29,27,37 31,27,38 38,35,41 24,21,25 34,30,39 36,34,44 35,31,40 27,24,30 33,29,40 38,34,43 38,34,45
13,9,18 16,12,21 34,30,39 35,31,40 35,31,40 31,21,20 66,53,48 85,70,59 86,75,68 23,20,24 21,18,22 44,34,33 36,29,27 60,49,42 87,72,61 22,21,24 18,18,28 18,18,26 21,18,22 21,18,24 47,13,11 100,27,13 109,34,16 132,43,28 43,28,19 108,100,89 57,47,46 38,31,34 43,24,8 66,64,74 54,62,82 56,46,45 65,53,55 69,29,22 121,38,21 119,37,15 145,57,39 29,23,28 23,22,25 21,18,24 21,18,22 24,22,23 32,27,26 26,23,27 26,22,31 26,22,31 24,20,29 25,21,30 25,21,30 25,21,30 26,22,31 27,23,32 27,23,32 31,27,36 30,26,35 31,28,32 29,22,32 35,31,40 37,33,44 39,32,42 27,26,29 24,21,25 36,27,38 47,38,49
13,9,18 16,12,21 35,31,40 35,31,40 34,30,39 80,67,60 65,56,52 96,82,64 90,79,76 20,17,21 23,19,28 28,22,27 23,16,16 57,44,39 86,71,60 25,19,24 20,18,26 20,19,24 19,16,22 21,18,22 21,18,22 127,82,75 69,20,11 37,12,9 69,11,15 113,14,20 110,18,24 118,19,27 130,21,28 136,23,27 145,22,32 156,24,37 148,21,32 92,21,18 137,46,27 144,45,26 28,20,28 33,31,27 26,24,25 18,15,19 21,18,24 20,17,21 21,18,22 21,18,22 27,23,32 28,24,33 28,24,35 30,26,37 32,28,39 33,29,40 33,29,40 31,27,38 35,31,42 35,31,42 37,33,44 38,34,43 44,35,46 45,36,47 45,37,43 44,36,44 44,36,42 48,40,46 47,36,43 49,38,45
13,9,18 16,12,21 34,30,39 35,31,40 35,31,40 85,74,59 59,50,46 97,83,65 76,63,60 21,18,24 20,17,23 31,24,22 23,16,16 54,41,36 81,71,59 24,21,25 23,20,24 19,16,22 21,19,20 23,17,22 24,21,25 127,57,47 27,11,7 24,11,6 67,7,9 110,19,27 111,18,27 120,21,29 131,20,28 142,22,31 149,22,33 154,24,36 151,21,33 141,32,35 81,51,50 39,38,41 38,35,41 41,40,45 34,33,38 31,27,36 37,33,42 34,30,39 33,29,38 32,28,37 30,26,35 31,27,36 31,27,36 28,24,33 30,26,35 30,26,35 32,28,37 36,29,39 43,31,43 37,30,40 36,34,42 42,35,45 45,36,47 45,37,45 45,37,45 49,40,51 47,39,47 50,38,50 52,43,56 48,40,46
13,9,20 16,12,23 34,31,37 35,32,38 35,31,40 41,28,23 43,38,35 85,73,61 95,86,80 20,17,21 21,18,22 45,35,36 22,17,19 55,42,37 78,68,56 44,42,43 44,41,45 45,42,46 52,49,53 51,48,52 49,47,48 107,25,21 27,11,5 100,0,1 231,42,56 100,16,22 103,19,25 115,20,27 125,19,23 131,20,24 141,23,31 145,22,32 153,23,33 168,37,45 46,45,50 43,44,49 44,43,48 38,36,44 37,35,43 37,35,43 38,36,44 35,31,40 33,29,38 32,28,37 31,27,36 31,27,36 33,26,36 33,29,40 30,26,35 33,29,38 35,31,40 38,29,40 42,33,44 42,33,44 42,33,44 37,30,40 40,33,43 44,36,44 44,36,42 47,39,45 49,41,49 53,41,55 51,43,49 51,41,45