54,43,38 68,52,21 72,53,28 64,50,25 57,47,35 99,73,19 193,128,21 159,99,15 173,135,59 45,32,25 146,98,12 122,124,107 25,24,27 29,24,26 31,21,25 27,20,20 29,22,22 31,24,24 27,20,23 23,16,16 20,13,13 23,13,14 21,11,15 12,10,11 14,11,15 14,11,15 16,13,17 36,35,38 36,35,38 36,36,36 33,33,33 34,34,34 34,34,34 34,34,34 34,34,34 34,33,36 34,33,36 36,35,38 34,33,36 38,37,40 39,38,41 38,37,40 37,36,39 36,35,38 36,35,38 37,34,38 18,16,17 17,14,18 18,15,19 19,16,20 20,17,21 23,20,24 24,21,25 81,78,63 81,67,40 29,25,15 31,24,8 62,49,26 36,29,13 30,24,15 54,42,14 32,23,17 38,30,19 39,30,24
51,41,31 64,45,29 70,49,24 65,51,26 59,51,29 55,36,0 255,193,2 202,134,20 122,84,8 77,53,0 134,87,8 73,73,70 22,21,24 30,25,27 30,23,26 29,22,22 29,22,25 29,22,25 24,17,20 24,17,17 21,14,14 21,11,12 19,9,13 12,10,11 14,11,15 14,11,15 17,14,18 38,37,40 38,37,40 38,38,38 39,39,39 38,38,38 37,37,37 38,38,38 38,38,38 39,38,41 39,38,41 38,37,40 37,36,39 45,44,49 44,43,46 40,39,42 43,42,45 38,37,40 39,38,41 40,37,41 31,29,30 23,20,24 21,18,22 18,15,19 18,15,19 21,18,22 24,21,25 58,53,50 39,31,20 37,33,16 84,63,20 70,52,10 219,127,17 42,31,16 54,41,20 40,31,25 33,25,14 38,30,19
52,38,24 65,51,33 63,49,31 58,44,26 98,75,35 37,21,15 176,129,36 135,96,23 126,131,125 65,51,33 99,74,15 62,58,69 23,20,24 23,22,25 23,21,22 24,22,23 27,22,24 26,21,23 30,23,26 25,25,25 23,17,22 25,20,22 23,18,20 15,14,17 15,14,17 16,13,17 15,15,15 13,12,15 19,18,23 40,39,44 33,32,35 36,35,38 39,37,45 41,39,47 40,38,46 26,25,28 34,33,36 39,38,41 40,39,44 39,37,45 40,39,44 29,28,31 38,37,40 40,39,44 39,37,45 40,38,46 39,37,45 18,15,21 18,14,23 18,14,25 21,18,22 23,20,24 24,21,25 32,27,29 37,28,13 90,67,36 73,64,49 33,21,9 60,41,18 33,34,24 103,76,44 57,48,31 36,27,19 39,31,20
56,40,25 62,46,29 73,58,36 65,47,26 116,75,7 43,27,12 228,190,83 222,167,68 82,57,9 104,71,19 126,113,92 38,34,43 23,20,24 28,22,27 32,22,26 30,23,26 31,21,25 28,23,25 33,28,30 19,19,19 18,16,17 20,19,22 12,10,11 25,20,17 23,16,19 28,23,25 12,10,11 12,10,11 22,21,26 39,37,45 37,36,39 37,36,39 41,39,47 41,39,47 40,38,46 26,25,28 40,39,42 40,39,44 34,33,36 41,40,45 40,39,44 29,29,29 37,36,39 41,40,45 41,40,45 41,40,45 39,37,45 19,16,22 17,14,18 18,14,23 18,17,20 20,19,22 23,20,24 26,23,27 64,57,39 139,87,14 53,42,39 21,20,11 54,33,6 36,25,8 130,87,38 59,48,29 36,27,21 33,25,14
55,44,25 52,41,26 50,38,26 41,30,23 118,85,17 72,39,2 229,139,1 141,89,2 109,70,0 119,73,7 121,122,110 25,22,28 24,22,23 29,22,22 29,22,25 29,22,25 29,22,25 29,22,25 33,25,31 23,21,22 23,18,20 21,14,17 30,23,26 32,30,31 13,10,14 16,10,15 15,15,15 41,40,43 38,37,40 39,39,39 40,39,42 37,36,39 38,37,40 40,39,42 40,39,42 37,36,39 34,34,34 34,34,34 36,35,38 39,39,39 40,39,42 39,39,39 38,37,40 39,38,41 37,36,39 39,38,41 37,36,41 37,37,37 28,25,29 18,15,19 18,15,21 20,17,21 21,18,22 24,21,25 99,94,80 132,85,6 42,30,18 60,40,8 99,63,1 62,33,0 115,74,25 69,52,26 32,23,17 35,27,16
68,54,36 55,41,23 62,49,28 32,23,19 87,57,11 157,97,4 131,80,15 99,60,17 87,75,49 134,83,18 115,116,106 24,21,25 24,17,20 28,21,21 31,21,22 29,22,25 33,26,29 30,23,26 29,24,26 25,20,22 22,17,19 28,23,25 33,26,26 28,21,21 12,10,11 12,10,11 13,11,12 40,39,42 43,42,45 40,39,42 41,40,43 37,36,39 36,35,38 31,31,31 36,36,36 37,37,37 34,34,34 36,36,36 36,36,36 38,38,38 43,42,45 37,36,39 40,39,42 39,38,41 41,40,43 40,39,42 36,35,38 37,36,39 30,27,31 17,14,18 18,14,23 19,16,20 21,18,22 24,21,25 104,99,85 105,70,14 182,159,90 62,45,19 45,37,13 167,107,16 66,37,2 59,45,27 30,24,17 32,23,17
62,49,28 59,46,25 65,51,33 28,19,15 75,57,25 187,156,78 255,191,63 152,109,35 96,86,17 139,89,17 98,98,84 24,23,26 31,21,22 27,20,23 28,21,24 28,21,21 21,14,17 27,20,23 33,26,29 30,28,29 37,37,37 36,36,36 37,35,36 37,36,39 35,33,34 35,32,36 35,32,36 34,32,33 42,40,41 48,46,47 58,58,58 62,62,62 70,68,69 76,74,75 72,72,69 60,60,57 52,52,52 39,39,36 36,36,36 37,37,37 41,40,43 41,40,43 39,38,41 40,39,42 38,37,40 40,39,42 36,35,38 38,37,40 35,32,36 17,14,18 18,14,23 18,15,19 21,18,22 23,20,24 89,86,73 53,31,0 182,150,68 22,18,10 39,30,13 116,74,0 47,30,6 50,35,24 29,23,16 33,24,18
50,39,22 56,45,28 56,45,30 30,24,17 64,47,37 137,100,19 145,98,19 85,48,0 37,24,3 125,82,8 63,61,57 32,22,26 28,21,24 29,19,20 31,21,25 17,10,13 12,10,11 12,10,11 29,28,31 37,39,39 40,40,40 38,38,38 38,38,38 38,36,37 37,37,37 36,35,38 35,32,36 47,45,46 60,60,60 67,67,67 72,72,72 74,74,74 75,75,75 76,76,76 75,75,75 72,72,72 67,67,67 64,64,64 58,58,55 46,45,48 41,40,43 41,40,43 39,38,41 41,40,43 41,40,43 43,42,45 34,33,36 39,38,41 35,32,38 17,14,20 18,14,23 18,15,19 21,18,22 23,20,24 86,80,75 39,28,11 34,21,18 42,28,10 47,38,21 32,24,11 48,37,20 44,26,21 29,23,16 28,22,15
54,40,24 62,49,28 56,45,30 37,30,28 52,36,30 255,192,42 186,133,51 157,112,9 64,27,0 115,75,9 76,82,83 28,21,21 28,21,21 29,22,22 20,13,16 12,10,11 15,10,12 24,24,24 30,29,32 40,40,40 41,40,43 40,40,40 38,38,38 38,38,38 37,37,37 38,38,38 37,34,38 35,32,36 34,33,36 38,37,40 43,43,43 50,50,47 59,59,59 65,65,65 73,73,73 75,75,72 78,78,78 76,76,76 74,74,74 72,72,69 67,67,67 40,39,42 41,40,43 41,40,43 41,40,43 40,39,42 34,33,36 39,38,41 37,34,38 17,14,18 17,14,18 17,14,18 18,15,19 23,17,22 50,45,47 41,31,19 42,32,31 85,61,26 78,56,20 173,113,20 51,40,35 50,34,21 29,23,16 27,21,16
51,37,23 52,38,24 55,44,27 41,35,30 31,21,9 201,146,45 143,103,12 94,86,50 97,67,25 94,63,14 84,83,98 27,20,20 28,21,21 27,20,20 12,10,11 12,10,11 20,17,21 25,22,26 32,30,31 45,45,45 45,44,47 44,43,46 44,44,44 51,49,50 52,52,52 50,50,50 52,50,51 44,44,41 45,43,44 54,54,54 67,67,64 76,76,73 66,66,66 69,69,66 82,82,82 87,87,84 87,87,84 85,85,85 81,81,81 79,79,79 88,88,88 57,57,57 40,39,42 41,40,43 41,40,43 41,40,43 38,37,40 39,38,41 30,27,31 17,14,18 17,14,18 18,15,19 18,15,19 21,18,22 45,42,48 47,35,23 70,47,0 67,59,48 31,20,13 65,40,12 48,34,36 78,60,41 29,23,16 27,21,16
55,41,25 59,46,25 59,48,29 55,50,36 38,27,24 110,70,4 192,132,11 120,99,43 108,65,9 99,77,32 56,56,66 28,18,19 27,20,20 17,10,13 12,10,11 12,10,11 24,21,25 25,22,26 31,28,32 51,51,51 53,52,55 62,61,64 75,75,75 75,74,77 71,71,71 72,72,72 88,88,83 116,118,113 135,137,134 141,146,140 138,140,135 109,109,106 90,90,87 85,85,85 91,91,91 93,95,92 95,97,94 93,93,90 87,87,87 75,75,75 91,90,93 86,84,85 40,40,40 40,39,42 40,39,42 40,39,42 40,39,42 39,38,41 28,25,29 17,14,18 18,15,19 17,13,22 18,15,19 21,18,22 55,51,60 52,48,29 79,60,44 42,39,26 33,21,21 51,36,16 23,14,6 101,83,64 28,22,15 27,21,16
54,43,28 49,38,21 52,41,26 84,71,48 52,39,32 237,146,15 197,125,0 126,87,16 117,73,4 107,95,69 32,30,42 28,21,24 22,15,18 15,10,12 12,10,8 23,20,24 25,22,26 27,24,28 30,29,32 52,52,52 76,76,76 100,100,100 104,104,99 94,94,94 88,87,90 103,105,102 133,135,132 152,159,152 162,167,161 165,173,163 169,174,170 147,149,144 95,95,92 75,75,75 88,88,88 103,103,100 105,105,102 104,104,101 97,97,94 94,94,91 102,102,99 98,98,95 40,39,44 41,40,43 40,39,42 44,43,46 41,40,43 38,37,40 26,23,27 17,14,18 17,14,18 17,14,18 18,14,23 19,16,22 56,52,61 71,63,52 94,70,37 94,75,52 70,41,6 136,86,14 30,19,12 136,116,84 28,22,15 24,18,13
54,43,24 53,42,25 52,41,26 98,81,46 139,109,83 155,100,17 102,71,7 121,114,98 114,69,0 131,122,103 29,22,32 27,20,20 15,10,12 14,9,11 14,11,15 23,20,24 24,21,25 25,22,26 30,29,32 50,52,52 93,93,88 117,118,110 114,119,113 108,110,105 119,121,116 138,140,135 157,159,154 169,175,166 174,185,174 173,183,175 170,178,168 135,142,137 88,88,88 51,51,51 91,91,91 113,115,110 119,121,116 123,125,120 128,133,129 124,129,125 99,101,98 101,101,98 43,43,43 44,43,46 43,42,45 43,42,45 41,40,43 39,38,41 24,22,23 18,15,21 17,14,18 17,14,18 17,14,20 18,15,21 49,45,54 102,95,75 119,90,41 124,115,100 55,44,29 63,40,9 72,63,59 152,128,93 29,23,18 24,18,13
59,48,29 54,43,24 50,38,26 96,79,44 47,34,13 235,179,30 201,144,17 94,70,19 121,74,0 143,141,121 24,21,27 16,14,15 12,10,11 12,10,11 21,18,22 19,18,21 23,20,24 25,22,26 27,26,29 51,51,51 105,105,102 122,124,121 121,128,123 138,143,139 135,142,135 168,176,166 184,191,186 187,194,187 188,195,188 185,193,183 152,159,152 98,100,97 45,44,47 46,45,48 101,101,101 136,141,135 163,168,162 184,189,185 195,200,194 191,196,190 117,119,116 88,88,85 46,46,46 40,39,42 41,40,43 41,40,43 41,40,43 38,37,40 23,20,24 17,14,18 17,14,18 17,14,18 18,15,19 18,15,21 33,29,38 113,106,90 120,79,20 70,57,25 20,14,5 96,61,7 34,27,25 157,135,97 29,20,14 24,17,15
50,38,26 46,34,22 46,34,22 93,69,34 42,30,18 148,103,10 166,106,13 113,72,0 118,69,0 157,158,137 24,23,28 12,10,11 12,10,11 16,16,16 17,16,19 20,17,23 21,18,22 24,21,25 27,27,27 50,49,52 111,111,108 126,131,127 130,137,132 136,141,140 155,163,153 190,198,186 176,187,176 163,174,163 173,181,171 182,190,180 133,138,134 43,43,43 39,38,41 41,40,43 45,44,47 105,107,107 51,53,50 103,105,102 110,115,109 117,119,116 86,86,86 47,46,49 47,46,49 45,44,47 43,42,45 41,40,43 43,42,45 39,38,41 23,20,24 17,14,18 17,14,18 17,14,18 17,14,18 18,15,19 30,26,35 117,110,92 117,72,10 52,36,3 46,26,17 36,23,0 28,24,18 162,135,99 27,21,14 21,15,10
47,35,23 47,35,23 43,31,21 97,70,27 51,32,18 255,219,42 180,121,28 139,98,1 128,75,0 143,144,125 24,22,30 12,10,11 13,11,12 18,15,19 19,15,24 18,14,23 20,17,21 24,21,25 26,26,26 45,45,45 112,117,113 125,130,126 135,142,137 111,116,112 184,189,183 74,79,75 39,39,36 31,31,28 37,39,36 149,151,148 91,96,92 39,38,41 36,36,36 34,34,34 41,41,41 65,65,65 148,155,148 178,185,180 45,45,42 78,80,77 44,44,44 41,41,41 46,46,46 45,44,47 46,45,48 47,46,49 41,40,43 37,36,39 21,18,22 17,14,18 17,14,18 18,15,19 17,14,18 18,15,19 25,24,29 118,108,86 125,81,12 92,68,4 75,51,14 186,106,0 37,36,27 152,123,88 28,22,17 23,14,10
48,37,20 48,36,24 47,35,23 92,62,20 36,25,8 165,125,48 120,81,10 207,204,164 122,73,0 143,146,126 25,23,31 13,10,14 18,15,19 18,15,21 18,15,19 18,15,19 17,14,18 24,21,25 26,25,28 44,44,44 113,120,113 121,126,120 133,140,135 132,139,132 79,81,76 131,133,130 124,129,125 128,128,125 138,145,140 94,99,95 45,45,45 39,38,41 38,38,38 32,27,29 41,39,40 44,42,43 72,70,71 147,149,146 157,162,156 131,131,128 44,44,44 41,41,41 59,59,59 47,46,49 46,46,46 43,42,45 41,40,43 39,38,41 19,16,20 17,14,18 17,14,18 17,14,18 17,14,18 17,14,18 23,22,27 117,109,87 126,85,13 158,145,111 30,21,17 56,36,16 45,43,41 147,122,78 24,17,15 21,14,12
48,36,24 46,34,22 47,35,25 93,69,32 51,36,25 126,80,0 195,134,16 183,133,48 118,69,0 146,144,124 23,21,31 15,14,17 18,16,17 18,14,23 18,15,19 18,15,19 17,14,18 20,17,21 25,24,27 48,48,48 103,103,100 101,101,98 100,100,97 103,103,100 139,144,140 42,44,44 31,29,27 34,34,31 37,35,33 33,33,30 38,36,37 40,37,41 39,39,39 32,29,33 34,31,35 33,32,35 36,36,33 41,39,40 44,44,44 40,40,40 40,40,40 43,43,43 94,94,94 45,44,47 43,42,45 44,43,46 39,38,41 38,37,40 17,14,18 17,14,18 17,14,18 17,14,18 17,14,18 17,14,18 30,27,31 115,106,87 116,76,22 105,78,33 36,22,4 46,32,7 28,21,19 146,123,81 23,17,12 20,13,11
47,36,21 45,33,21 47,35,23 91,67,30 40,36,17 255,146,0 198,118,10 143,100,13 119,70,0 143,139,120 24,22,30 18,15,19 18,15,21 17,14,20 17,14,18 18,15,19 17,14,20 19,17,18 25,22,26 57,57,57 81,81,81 68,68,68 46,46,46 45,45,45 69,71,71 124,126,126 160,167,160 160,167,162 137,137,134 37,35,36 38,38,38 39,38,41 39,38,41 35,32,36 26,23,27 37,36,39 87,87,84 88,88,85 78,78,78 80,80,77 68,68,68 66,66,66 100,100,100 43,42,45 43,42,45 37,38,41 40,39,42 38,37,40 17,14,18 17,14,18 17,14,18 18,15,19 17,14,18 17,14,18 27,24,28 117,109,85 125,84,16 88,67,24 70,48,14 186,110,0 30,21,13 168,137,100 24,17,17 20,13,11
46,35,20 43,31,19 45,33,23 91,67,32 125,98,64 158,99,6 102,64,16 139,135,129 110,66,0 136,132,111 20,18,26 18,15,19 18,15,21 18,16,17 18,15,19 18,15,19 18,14,23 18,15,19 24,21,25 53,53,53 85,85,85 76,76,76 52,52,52 40,40,40 45,42,46 59,56,60 61,60,63 52,52,52 34,34,34 50,50,50 79,77,75 40,38,39 38,37,40 37,34,38 34,31,35 36,36,36 98,98,98 126,128,123 112,114,109 104,104,104 98,98,95 105,105,102 100,100,100 41,40,43 41,40,43 40,39,42 39,38,41 39,38,41 17,14,18 17,14,18 17,14,18 17,14,18 17,14,18 17,14,18 32,29,33 110,101,82 125,91,48 119,115,94 51,42,23 80,47,0 83,70,63 158,127,90 22,15,15 20,14,9
47,35,23 42,30,20 43,30,23 73,54,29 48,34,20 243,169,44 195,146,40 111,88,46 112,68,0 124,114,90 23,22,27 18,14,23 18,15,19 18,15,19 18,15,19 18,14,23 18,15,19 17,14,18 20,17,21 32,27,29 112,112,109 111,111,108 98,98,98 75,75,75 53,51,52 56,54,55 85,85,85 90,90,90 107,107,102 128,130,127 105,105,100 41,39,40 46,46,43 124,126,123 152,157,153 149,154,150 120,122,119 133,138,132 137,144,137 124,129,123 120,125,119 123,125,122 95,95,95 48,47,50 44,43,46 38,37,40 43,42,45 37,36,39 17,14,18 17,14,18 17,14,18 17,14,18 18,15,19 17,14,18 39,38,41 94,84,62 110,81,46 79,66,34 22,16,11 90,56,11 29,26,13 145,123,78 20,13,13 22,10,12
45,32,25 41,28,21 40,29,24 55,41,27 43,31,33 105,75,19 143,97,11 116,87,36 108,66,3 97,81,48 34,33,38 20,17,21 18,15,19 18,14,23 18,14,25 18,14,23 17,14,18 17,14,18 23,13,17 21,14,14 113,115,110 120,122,119 119,124,120 107,109,104 80,82,79 95,95,92 102,104,99 114,116,111 126,131,125 138,145,140 114,114,111 125,132,130 168,173,167 182,188,179 201,209,199 188,193,187 169,171,171 110,112,109 163,170,165 160,167,160 147,154,147 133,138,137 89,89,86 46,43,47 43,42,45 39,38,41 36,35,38 32,31,34 17,14,18 17,14,18 17,14,18 17,14,18 17,14,18 17,14,18 41,40,43 74,63,44 79,58,35 90,77,72 33,20,0 38,23,14 29,16,9 114,89,59 20,13,11 19,12,10
45,32,25 39,26,23 41,30,25 38,27,22 47,29,10 255,219,54 159,110,33 117,84,32 103,68,14 91,62,27 58,57,60 18,15,19 19,16,20 18,15,21 18,14,25 18,15,21 24,13,20 20,13,16 20,13,16 22,12,13 100,100,100 122,124,121 124,129,125 114,116,111 117,119,116 124,129,125 124,129,125 130,137,132 144,151,149 148,155,153 97,97,92 174,179,175 44,44,41 61,61,58 198,203,197 60,60,57 75,73,71 62,62,59 114,119,115 188,196,186 185,193,183 139,146,141 88,90,90 53,52,55 41,40,43 39,38,41 37,36,39 34,33,36 17,14,18 17,14,18 16,13,17 17,14,18 17,14,18 17,14,18 40,38,39 54,40,24 66,54,17 95,80,58 69,55,28 193,124,41 49,33,27 82,62,32 19,12,12 22,13,9
40,27,20 38,25,20 33,24,20 29,23,18 41,29,19 186,139,76 120,82,16 94,80,55 79,48,0 105,64,15 61,61,61 18,15,19 18,15,21 18,14,23 18,15,19 18,15,19 27,20,23 27,20,23 28,21,24 27,20,20 46,41,43 119,124,120 122,127,123 117,119,114 121,126,122 138,145,140 139,146,141 151,158,156 167,174,167 144,151,149 75,75,72 85,87,84 77,79,74 87,87,84 112,114,109 55,55,52 67,67,64 62,60,58 87,87,84 132,137,131 185,193,183 143,148,142 91,93,90 59,59,59 37,37,37 37,36,39 33,32,35 33,30,34 18,15,19 17,14,18 17,14,18 17,14,18 17,14,18 17,14,18 38,35,41 51,37,19 55,36,11 84,80,59 30,19,12 56,37,14 64,53,50 56,36,16 19,12,10 20,13,13
40,27,20 34,21,16 33,24,20 29,19,18 54,42,30 104,61,0 201,136,8 220,157,52 46,20,0 117,72,0 48,48,45 18,15,21 18,15,21 18,15,21 18,15,19 18,15,19 27,20,20 27,20,20 27,20,23 28,21,24 28,21,24 111,111,108 114,116,111 117,117,112 117,119,116 145,150,146 166,174,164 183,191,181 168,175,168 93,95,90 71,71,68 74,74,71 74,74,74 89,89,89 104,104,99 95,95,92 82,82,82 83,83,83 129,131,128 159,166,161 163,170,163 156,163,156 103,105,100 67,67,67 33,32,35 33,33,33 31,31,31 29,28,31 17,15,16 18,16,17 18,15,19 18,15,19 18,15,19 18,15,19 74,68,73 52,37,15 34,20,20 79,53,14 57,45,15 46,37,18 55,41,25 46,34,22 20,13,11 21,13,19
38,27,24 30,21,17 31,22,18 30,21,17 75,53,33 110,72,0 255,166,0 188,127,13 40,31,14 137,82,0 81,80,69 20,17,21 23,18,20 16,13,17 16,13,17 15,10,12 28,21,21 27,20,20 28,21,21 26,19,22 27,20,20 57,52,54 109,111,106 114,114,114 110,112,107 146,153,148 189,197,185 194,202,192 111,116,112 92,94,91 79,79,79 74,74,74 85,84,87 102,102,97 97,97,92 97,97,92 119,121,118 129,131,128 37,37,34 91,93,90 135,140,136 142,149,142 112,112,107 47,47,47 31,31,31 29,29,29 29,29,29 26,25,28 18,15,19 18,15,19 17,14,18 18,15,19 18,15,19 18,15,19 125,117,104 60,36,1 54,26,0 72,48,13 145,97,23 115,77,11 54,35,8 39,30,22 20,13,13 23,16,16
41,28,23 34,23,20 33,24,20 33,21,21 85,55,9 155,112,27 135,90,15 82,60,13 206,183,98 150,94,16 132,129,105 17,10,13 19,9,13 19,9,13 19,9,13 15,10,12 15,8,11 17,10,13 21,14,17 24,17,20 22,15,18 28,21,24 106,108,105 111,111,106 110,112,107 149,157,147 192,200,190 176,183,176 153,158,152 124,129,125 102,104,101 106,108,105 134,139,133 193,198,192 200,205,199 59,61,58 61,61,58 89,91,88 102,102,99 111,111,108 115,117,117 128,130,125 119,120,112 33,33,33 26,24,25 27,25,26 27,25,26 23,20,24 17,14,18 17,14,18 18,15,19 18,15,19 18,15,19 18,15,19 104,94,72 82,48,5 141,118,47 44,30,12 46,31,11 165,99,17 70,44,5 23,16,19 21,14,14 22,15,15
31,21,20 30,21,17 30,21,17 33,23,22 123,81,16 131,107,74 242,183,35 141,95,27 111,73,9 123,74,7 128,121,94 24,22,23 19,12,15 19,12,15 17,10,13 23,13,17 19,12,15 17,10,10 17,10,10 17,10,10 17,10,10 20,13,16 109,109,104 115,115,110 113,118,114 160,168,158 181,189,179 156,163,156 98,100,97 47,47,44 45,45,42 44,46,43 40,45,39 64,71,64 118,123,119 185,190,184 183,190,185 161,168,161 139,144,140 115,118,110 104,104,101 119,121,116 129,134,130 20,18,19 23,23,23 24,21,25 24,22,23 18,15,19 17,14,18 17,14,18 18,15,19 18,15,19 18,15,19 25,22,28 111,100,81 114,72,18 65,35,0 32,21,14 46,35,18 96,79,55 96,58,10 22,15,15 23,16,16 24,17,15
28,18,17 30,20,19 30,21,17 31,24,22 130,86,8 63,46,11 118,80,4 206,147,47 61,44,18 110,69,8 143,136,107 25,24,27 19,12,12 19,12,15 19,12,12 23,13,17 17,10,13 19,12,15 19,12,15 21,14,17 20,13,16 17,10,10 50,45,44 119,126,121 121,126,120 151,158,153 162,170,160 148,155,148 137,144,139 132,139,134 149,154,148 188,196,186 212,220,210 208,216,206 190,198,188 175,180,174 157,162,156 142,147,141 119,126,119 86,86,86 89,89,86 118,125,120 85,87,87 18,15,19 17,14,18 17,14,18 18,15,19 18,15,19 18,16,17 17,15,16 18,15,19 17,14,18 18,15,19 28,25,29 97,89,67 116,73,15 56,42,13 61,43,13 45,25,7 61,44,16 126,88,42 19,14,11 26,19,19 27,20,18
30,23,21 31,22,18 30,21,17 28,21,19 82,49,0 40,29,26 255,169,18 153,91,17 148,132,130 73,55,34 117,91,52 79,79,87 22,15,15 20,13,13 20,13,16 20,13,13 20,13,16 20,13,16 20,13,16 20,13,16 20,13,16 20,13,16 19,14,16 140,142,142 128,135,130 138,145,140 149,156,151 139,146,141 140,147,142 146,153,148 158,165,158 161,168,163 147,152,148 129,131,128 116,118,115 115,117,114 110,112,109 99,101,96 82,82,79 74,74,74 94,96,93 146,151,147 19,19,19 17,14,18 17,14,18 17,14,18 17,14,18 17,14,18 18,15,19 18,15,19 18,15,19 18,15,19 18,15,19 80,76,89 52,38,24 96,66,40 82,65,39 66,46,26 182,111,24 44,35,29 127,88,45 19,17,13 28,21,21 30,24,19
34,28,23 29,23,18 30,21,17 31,22,18 57,43,27 41,21,1 236,193,90 159,112,23 97,67,23 30,24,19 111,69,4 57,66,66 24,17,17 22,15,18 23,16,19 21,14,17 22,15,15 24,17,17 31,24,24 22,15,15 20,13,13 20,13,13 17,10,10 27,25,26 144,151,146 146,153,148 146,153,148 130,137,132 116,118,115 112,117,113 119,124,123 119,121,118 108,110,110 110,110,107 111,111,108 111,111,108 98,98,95 81,81,78 68,68,68 79,79,76 115,117,114 25,25,25 17,14,18 17,14,18 17,14,18 17,14,18 18,15,19 17,14,18 18,15,19 18,15,19 18,15,19 18,15,19 16,15,18 56,54,52 55,41,23 39,21,16 63,50,45 29,19,18 66,49,23 49,36,29 64,46,25 29,22,20 30,23,23 33,26,26
40,34,29 33,27,22 31,22,18 29,19,18 31,20,13 96,63,13 211,144,23 188,133,34 70,44,0 41,28,23 151,91,5 131,120,103 23,16,16 22,15,15 23,16,19 24,17,17 24,17,20 26,19,19 26,19,22 24,17,17 24,17,20 24,17,17 21,14,14 14,11,17 31,31,31 165,167,167 159,166,161 145,152,147 116,123,118 100,100,97 94,93,96 97,97,94 104,104,104 110,108,106 112,114,111 112,114,111 111,111,108 109,109,104 112,114,111 117,122,118 32,32,32 17,14,20 17,14,18 17,14,18 18,16,17 18,15,19 20,17,21 18,15,19 18,15,19 17,14,18 18,15,19 18,15,19 23,17,22 105,96,79 76,47,16 26,19,17 44,28,15 71,55,24 64,33,10 61,43,22 40,29,26 29,23,18 33,26,26 37,31,26
41,35,30 31,25,20 33,24,20 30,20,19 37,26,19 107,65,0 85,53,7 255,207,20 211,142,34 150,109,8 143,94,15 123,109,84 23,18,20 24,17,20 23,16,16 24,14,15 24,17,20 24,17,20 26,19,19 23,16,16 23,16,19 27,20,20 24,17,17 13,12,17 13,12,17 19,19,19 184,186,183 171,179,169 148,153,149 123,125,122 117,117,114 118,118,113 119,124,123 120,122,119 121,123,120 121,123,118 127,129,124 130,137,130 146,153,148 101,103,103 16,13,17 17,14,18 17,14,18 17,14,18 18,15,19 18,15,19 18,15,19 18,15,19 18,15,19 18,15,19 18,15,19 17,14,18 24,21,25 117,103,76 115,79,32 112,87,12 84,50,18 201,124,19 75,41,11 64,39,11 22,18,10 34,28,23 35,29,24 35,29,24
40,34,25 40,34,29 33,27,20 29,23,18 33,22,19 133,93,41 81,58,16 138,95,19 98,72,20 118,110,76 98,67,16 122,104,72 26,26,23 23,16,16 21,14,14 21,14,14 21,14,17 21,14,17 23,16,19 21,14,17 22,15,18 24,17,20 20,13,16 13,12,15 13,12,17 13,12,17 18,15,19 13,10,14 42,40,41 166,168,168 159,166,161 156,163,156 160,165,159 156,163,156 154,161,154 162,168,159 181,186,180 200,202,197 39,39,39 14,11,17 16,13,17 13,11,19 12,11,16 13,12,15 17,14,18 18,15,19 18,15,21 19,16,20 20,17,21 18,15,19 17,16,19 18,15,19 72,69,73 107,89,68 118,83,29 124,107,58 35,23,11 53,35,3 181,132,65 97,65,10 23,16,16 37,31,26 38,32,27 54,48,43
38,32,25 38,32,27 31,25,18 30,24,19 33,22,19 62,49,28 38,29,23 227,160,21 168,105,0 197,141,29 65,47,28 125,79,22 77,77,89 13,9,18 13,10,16 14,11,17 19,11,17 20,12,18 23,17,22 21,14,17 21,14,12 21,14,14 22,12,13 13,12,15 13,12,15 13,12,15 17,14,18 18,11,21 18,15,19 17,14,18 19,16,20 39,39,39 142,144,139 207,212,208 184,186,183 60,62,57 33,33,33 17,14,18 17,14,18 16,15,18 17,16,19 16,15,18 15,14,17 16,16,16 17,14,18 18,15,19 18,15,19 18,15,19 18,15,19 18,15,19 18,15,19 19,16,20 73,58,47 69,45,21 49,24,7 89,61,23 39,23,6 72,52,34 40,28,18 136,97,24 28,22,17 41,35,30 40,34,29 51,45,40
40,34,27 29,25,19 34,28,21 33,27,20 28,22,17 55,39,26 37,26,0 105,72,6 241,146,0 198,126,9 75,44,0 162,103,8 119,107,68 10,11,16 12,11,14 12,11,14 12,11,16 12,10,20 13,10,16 13,10,16 13,10,14 13,10,14 13,10,14 12,11,14 12,11,14 13,10,14 16,13,17 17,14,20 18,15,19 18,15,21 19,16,22 19,16,22 16,15,20 16,13,17 18,15,19 19,16,22 18,15,21 18,14,23 18,14,23 18,15,19 18,15,19 17,15,16 17,14,18 17,14,18 17,14,18 18,15,19 17,14,18 18,15,19 18,15,19 18,15,19 18,15,19 21,16,18 114,98,81 83,48,10 105,76,23 76,50,9 171,97,4 79,47,5 52,36,30 95,69,30 43,34,30 43,37,32 44,38,31 42,36,31