40,37,43 31,28,34 31,28,32 30,27,33 34,33,48 39,37,49 30,26,35 37,34,49 35,35,47 34,33,48 35,34,49 38,35,50 36,33,48 37,34,49 36,35,50 33,30,45 27,27,35 27,26,41 27,26,41 27,24,39 27,25,35 29,27,39 27,24,39 32,29,44 38,35,52 36,32,54 20,18,19 20,18,28 29,17,22 28,17,24 26,16,20 28,18,22 21,14,17 23,13,17 24,17,20 26,16,20 25,15,19 23,16,19 17,10,13 20,13,16 21,16,18 44,41,45 21,20,35 17,17,29 36,31,33 26,18,26 34,27,30 26,14,19 43,36,39 23,16,19 25,14,21 34,24,14 51,47,41 26,24,22 21,19,20 21,19,20 24,22,23 24,22,23 34,32,33 42,43,48 39,44,50 38,46,51 42,47,53 42,47,53
35,32,36 33,30,34 31,28,32 27,24,28 32,31,46 44,42,50 31,30,35 34,31,46 36,36,48 37,36,51 32,31,46 38,35,50 38,35,50 37,34,49 38,35,50 36,34,46 27,27,37 27,27,37 25,25,35 29,27,37 29,26,41 29,26,41 29,26,43 27,25,35 30,27,42 31,29,41 25,26,31 12,11,16 33,29,40 26,23,27 23,13,17 25,15,19 24,17,20 26,16,20 29,17,22 25,13,18 28,18,22 26,19,22 22,15,18 20,13,16 22,17,19 32,29,33 15,15,25 16,16,28 26,21,23 34,30,41 37,35,36 23,15,21 33,26,29 21,14,17 27,21,26 44,35,27 28,23,22 24,22,23 20,18,19 21,19,20 20,18,19 24,22,23 27,25,26 50,51,56 39,44,50 40,48,53 43,48,54 42,47,53
31,28,34 31,28,34 31,28,34 30,27,31 33,30,45 47,45,53 31,28,34 38,37,52 38,35,50 38,35,50 35,34,49 37,34,49 38,35,50 37,35,47 37,35,47 38,35,50 30,28,38 29,29,39 28,28,40 29,27,37 29,27,37 27,27,39 27,26,41 29,27,37 30,27,42 37,35,45 39,37,45 32,31,36 33,31,41 29,27,37 32,28,39 33,29,42 29,29,37 29,29,37 28,28,36 27,21,28 20,15,17 26,16,20 25,15,19 21,18,24 37,32,50 76,74,75 33,30,47 36,33,50 34,29,31 31,27,47 40,35,34 32,30,50 16,18,34 30,27,44 65,58,56 31,24,24 27,22,24 27,22,24 20,18,19 20,18,19 21,19,20 23,18,20 21,19,20 40,38,39 39,47,52 45,50,56 45,50,56 48,53,59
31,28,32 28,25,29 30,27,31 30,27,31 33,31,43 48,45,49 31,27,36 39,37,47 39,37,49 38,36,48 37,35,47 39,36,51 37,36,51 39,36,51 38,35,50 37,36,51 28,28,38 29,29,39 30,30,42 25,25,35 27,27,37 27,27,37 27,27,37 29,27,37 32,28,39 37,35,45 60,57,61 33,28,30 27,25,35 29,27,37 30,28,38 32,30,40 31,29,37 19,17,25 27,22,24 18,18,18 26,24,32 26,24,32 30,26,39 26,23,40 36,32,52 52,50,51 37,33,53 38,34,54 39,39,49 33,29,51 41,36,35 41,38,42 32,30,40 30,28,38 65,55,45 28,21,19 25,23,24 20,18,19 20,18,14 21,15,8 20,18,19 21,19,20 22,17,19 21,19,20 44,47,54 47,52,58 48,53,59 47,52,58
28,25,29 28,25,29 30,27,31 28,25,31 34,31,46 46,45,50 36,34,42 40,43,54 42,42,50 46,45,50 41,39,47 38,38,48 38,38,50 41,39,49 39,36,51 38,36,48 28,28,38 27,27,37 28,28,38 27,27,37 27,27,37 27,27,37 29,27,37 27,27,37 38,36,46 37,35,43 45,43,44 19,18,21 75,70,58 29,27,35 31,29,39 31,29,39 32,28,37 20,18,19 26,24,25 21,19,20 26,24,32 26,24,34 27,25,35 27,25,35 31,29,39 28,26,27 28,24,33 27,25,33 31,29,39 40,36,47 27,24,30 27,24,30 31,29,39 33,31,41 104,91,70 88,69,30 23,21,22 44,35,27 51,43,21 43,38,26 20,18,19 23,21,22 20,18,19 21,16,18 43,48,54 48,53,59 48,53,59 48,53,59
96,93,97 30,27,31 28,25,29 32,30,31 34,32,44 50,44,49 41,39,47 43,47,60 46,46,56 40,43,54 43,41,53 42,42,54 43,46,57 44,44,56 38,35,50 39,39,51 35,35,45 29,29,39 31,29,39 31,29,39 30,28,38 29,27,37 30,28,36 29,27,35 38,34,43 42,38,47 48,43,40 19,16,22 16,13,17 44,39,36 34,32,42 33,31,41 31,29,37 20,20,20 30,28,29 21,16,18 25,22,28 27,25,35 27,25,35 31,29,39 25,22,37 69,67,68 38,35,41 26,24,34 33,31,41 43,42,45 26,25,30 48,43,40 22,20,28 46,44,52 69,58,41 36,31,33 23,21,22 23,21,22 20,18,19 19,17,18 21,19,20 21,19,20 23,21,22 21,19,20 49,49,57 49,54,60 48,53,59 52,57,63
39,35,46 30,27,31 28,25,29 28,25,29 48,48,45 32,29,33 31,28,34 40,43,52 44,46,60 41,41,53 44,42,54 54,52,62 69,65,74 151,149,150 250,250,247 246,241,243 223,221,217 210,205,202 197,193,187 192,185,185 185,177,183 153,145,153 42,39,43 30,27,42 54,44,48 50,43,43 116,106,96 96,87,79 18,15,21 25,19,24 36,34,42 33,31,39 23,20,26 34,31,35 36,31,30 28,23,25 23,20,24 18,16,24 28,24,35 26,24,34 26,24,36 74,72,73 40,36,45 29,27,39 44,40,51 103,101,99 44,42,50 33,31,41 21,18,24 49,46,52 69,58,39 54,48,43 23,21,22 19,17,18 20,18,19 19,17,18 21,19,20 23,21,22 21,19,20 21,19,20 56,60,64 52,57,63 54,59,65 55,60,66
35,35,45 31,28,34 38,35,39 33,30,34 52,45,45 32,29,35 27,28,33 69,65,74 210,201,195 255,254,232 246,233,201 235,202,165 203,167,134 184,124,103 150,73,56 143,75,53 133,61,49 126,49,43 142,54,45 143,53,45 146,54,44 150,58,48 158,61,55 135,89,73 105,93,93 94,84,72 91,79,69 97,88,82 25,21,30 29,27,35 33,31,39 24,21,25 26,24,25 35,32,36 38,35,39 31,28,32 25,19,24 21,18,22 26,24,34 26,24,34 30,28,38 32,29,35 49,46,50 30,28,36 40,36,45 26,24,22 55,54,57 25,22,28 24,21,25 43,37,30 85,69,52 62,56,49 23,21,22 21,19,20 20,18,19 20,18,19 19,17,18 21,19,20 25,23,24 23,21,22 40,38,39 55,60,66 53,61,66 52,60,65
31,30,45 32,29,35 31,28,34 37,31,38 114,109,108 255,255,255 255,253,218 255,240,203 141,89,70 105,45,33 97,31,28 104,26,25 103,29,24 109,27,25 114,28,27 119,30,30 124,30,30 127,30,31 133,35,34 140,31,34 146,35,31 150,37,30 172,39,29 36,29,43 37,40,51 46,45,48 49,42,45 43,35,41 31,27,40 30,26,39 32,30,40 20,17,21 30,29,32 31,30,33 33,30,36 26,22,31 30,27,33 18,17,20 27,25,33 27,25,35 32,31,36 77,75,76 95,88,91 93,87,92 46,43,49 44,42,43 54,53,56 27,26,31 56,48,56 33,26,29 100,85,63 54,47,45 23,21,22 23,21,22 19,17,18 20,18,19 21,19,20 21,19,20 24,22,23 24,22,23 27,25,26 54,59,65 54,63,65 57,66,68
34,33,48 34,33,48 87,78,74 255,193,163 187,82,61 153,61,47 121,47,42 101,32,35 95,23,27 99,24,27 99,25,25 102,22,22 102,22,22 105,26,23 108,26,24 114,25,25 118,24,24 127,26,28 136,26,27 140,27,24 149,29,22 110,34,41 33,29,38 34,34,44 46,44,54 37,35,43 35,31,44 32,30,40 32,30,42 30,28,38 32,30,38 19,16,20 38,35,39 26,23,27 31,28,32 15,24,37 13,41,64 23,23,23 28,24,33 26,24,32 34,32,40 75,73,74 45,42,46 51,45,50 45,42,48 48,45,49 61,58,62 67,66,69 85,78,76 26,21,20 100,89,72 57,48,42 21,19,20 18,16,17 17,15,16 19,17,18 21,19,20 21,19,20 24,22,23 27,25,26 32,30,31 54,62,67 58,67,69 60,68,73
30,32,48 35,34,49 140,74,71 187,61,47 116,40,29 96,34,25 92,33,28 92,32,30 95,32,28 94,33,26 96,25,24 93,25,23 94,22,24 99,19,21 103,20,21 96,25,22 96,26,18 105,33,19 138,43,30 144,35,17 34,30,41 31,29,41 32,30,42 40,38,50 44,42,52 39,37,47 33,31,43 29,29,39 32,30,42 33,31,39 32,30,38 25,22,26 39,36,40 27,24,28 30,27,33 20,24,39 10,45,75 25,23,24 27,25,33 27,25,33 36,34,42 38,35,39 51,48,52 43,42,47 38,36,44 52,49,55 60,57,61 60,57,63 33,26,26 27,22,24 79,71,60 50,44,37 21,19,20 20,18,19 18,16,17 18,16,17 20,18,19 20,18,19 23,21,22 25,23,24 38,36,37 54,62,67 59,69,73 58,66,71
27,32,42 32,32,44 32,29,44 134,64,54 98,45,33 93,45,31 94,38,30 96,43,31 91,34,31 87,23,22 79,22,21 76,32,20 96,60,29 104,72,38 106,74,42 93,47,21 112,46,30 134,57,42 157,63,42 46,35,44 29,32,43 30,30,42 27,32,40 39,37,47 41,39,51 38,36,46 38,35,41 33,29,40 31,29,39 36,34,44 33,31,41 27,24,28 32,29,35 25,23,24 27,24,28 25,22,26 25,60,90 26,30,32 27,25,35 27,25,35 41,39,47 80,78,79 46,45,50 48,47,52 50,49,54 53,50,54 62,60,58 65,60,57 25,25,25 22,22,19 68,54,54 43,39,31 23,21,22 21,19,20 19,17,18 18,16,17 20,18,19 21,19,20 20,18,19 23,21,22 25,23,24 57,58,61 60,65,71 52,64,70
37,37,49 36,35,52 31,36,46 34,36,50 44,40,49 89,64,65 92,49,34 75,37,29 81,54,22 93,62,25 90,52,33 86,24,22 86,26,24 77,39,29 93,77,60 110,99,82 108,87,72 117,91,70 163,127,107 170,153,145 31,31,43 30,29,44 32,30,40 49,45,56 41,37,46 116,108,97 53,49,43 40,40,40 32,30,40 36,34,44 32,30,38 26,23,27 39,36,42 26,23,29 28,25,29 23,20,24 34,31,37 31,28,32 26,24,34 26,24,34 44,42,50 62,60,61 48,47,50 58,52,57 51,45,40 77,70,68 43,38,35 92,83,68 24,21,25 20,20,17 51,46,43 41,39,35 25,20,22 21,19,20 19,17,18 19,17,18 19,17,18 21,19,20 21,19,20 24,22,23 23,21,22 27,25,26 43,42,45 62,66,70
36,23,33 45,36,47 45,43,55 35,37,51 35,38,49 41,39,51 54,52,62 231,75,62 126,62,47 129,92,79 81,71,59 60,58,54 36,25,20 79,63,46 97,75,55 121,90,71 139,104,79 150,115,90 174,134,109 184,138,108 35,34,49 30,30,42 30,29,44 54,51,57 63,49,31 153,137,106 59,53,46 39,40,43 40,38,46 37,35,45 35,31,42 33,31,32 33,30,36 30,28,29 37,35,36 30,28,29 33,29,38 35,33,34 30,28,38 25,23,33 45,44,49 38,39,42 115,91,67 69,54,43 41,35,30 25,23,21 51,47,39 30,25,24 21,19,20 23,21,22 48,42,35 50,44,37 27,22,24 23,21,22 20,18,19 21,19,20 21,19,20 20,18,19 23,21,22 23,21,22 21,19,20 24,22,23 24,22,23 25,23,24
34,21,29 32,21,30 40,33,43 42,44,58 43,42,59 36,35,50 47,45,57 255,255,242 71,55,49 34,28,21 50,46,40 70,66,60 109,78,59 129,92,68 105,74,53 116,85,66 144,106,85 160,123,99 174,132,108 189,138,114 54,46,52 28,32,45 31,30,45 46,45,50 152,133,106 73,66,39 61,49,37 41,39,40 36,34,42 39,37,47 34,32,40 34,28,35 31,27,36 33,30,34 36,35,38 27,26,29 30,26,35 37,34,38 26,24,34 25,23,33 43,43,43 89,76,69 82,62,42 53,42,37 44,38,33 26,24,22 32,27,24 25,20,22 21,19,20 23,21,22 43,37,30 57,52,40 26,24,25 20,18,19 20,18,19 21,19,20 21,19,20 20,18,19 19,17,18 23,21,22 24,22,23 21,19,20 23,21,22 23,21,22
32,21,28 32,21,28 35,25,29 37,35,43 47,44,59 50,49,64 44,46,60 28,24,33 10,11,16 14,11,17 18,18,26 33,27,32 89,60,38 220,152,107 95,64,45 132,102,76 81,65,50 100,76,54 186,140,122 134,99,84 40,39,44 31,30,45 33,30,45 40,38,48 127,115,89 74,64,52 75,63,53 74,55,43 36,36,44 36,34,44 34,30,39 31,30,35 26,19,29 40,34,39 33,30,34 30,23,26 30,27,33 31,28,34 27,25,35 25,25,33 47,47,47 105,80,50 58,48,36 49,40,36 44,38,33 30,25,24 25,20,22 21,19,20 21,19,20 19,19,19 43,36,34 57,51,44 28,23,25 21,19,20 21,19,20 17,15,16 19,17,18 19,17,18 21,19,20 23,21,22 23,21,22 20,18,19 20,18,19 23,21,22
36,34,42 28,21,31 30,22,28 32,30,38 37,34,49 30,29,32 71,72,77 23,21,31 19,17,25 20,18,26 24,22,32 23,21,31 90,67,52 106,74,60 107,81,60 148,128,98 84,64,44 93,68,49 123,89,69 121,104,94 35,36,39 31,31,43 33,31,43 40,38,48 92,86,77 61,55,48 64,56,45 42,39,43 30,28,38 36,34,44 33,31,39 33,27,34 28,20,28 44,36,42 35,32,36 30,26,35 34,31,35 34,31,35 30,28,38 30,28,36 51,45,52 86,67,44 54,43,38 51,42,38 44,38,33 35,30,27 25,20,22 21,19,20 21,19,17 20,18,19 41,34,32 57,51,44 27,22,24 21,19,20 19,17,18 20,18,19 20,18,19 19,17,18 19,17,18 21,19,20 24,22,23 23,21,22 23,21,22 24,22,23
32,30,40 32,29,44 32,31,36 38,34,43 37,34,51 37,34,49 39,35,48 21,21,29 23,22,27 18,19,24 22,22,30 23,21,31 81,61,43 93,71,51 104,79,60 107,81,60 90,65,46 92,66,45 113,82,61 166,121,98 130,98,84 46,45,50 31,30,45 49,45,56 178,162,131 63,54,48 56,49,49 33,32,37 38,36,46 32,32,42 30,28,38 33,32,37 29,24,26 48,43,45 33,25,33 34,28,33 37,35,36 31,30,35 31,29,39 28,28,38 135,110,82 65,50,39 49,40,36 45,39,34 49,40,36 39,30,26 42,40,38 21,19,20 23,18,20 25,20,22 41,36,33 56,52,44 28,26,27 21,19,20 20,18,19 19,17,15 20,18,19 18,16,17 18,16,17 21,19,20 25,23,24 23,21,22 21,19,20 24,22,23
38,36,46 32,30,40 34,32,44 54,50,61 41,34,46 39,35,46 37,36,51 29,28,33 24,22,30 22,20,28 24,22,32 21,17,26 85,62,47 94,69,52 98,67,48 112,78,58 102,73,51 82,55,37 90,65,46 149,103,85 181,129,99 48,43,45 41,42,47 69,67,65 54,52,53 62,60,58 41,38,42 43,41,49 44,40,49 35,31,40 27,23,34 28,24,33 28,26,22 56,46,45 40,32,38 35,30,32 38,35,39 30,29,34 30,28,38 32,28,37 99,75,51 52,43,37 49,40,36 43,37,32 46,36,35 41,35,30 29,24,21 23,21,22 24,22,23 21,19,20 42,37,34 57,53,45 32,27,26 20,18,19 18,16,14 20,18,19 18,16,17 18,16,17 20,18,19 21,19,20 26,24,22 24,22,20 23,21,22 23,20,24
57,55,65 34,32,42 37,35,47 42,38,49 36,24,36 35,24,33 28,28,38 26,25,30 22,21,26 25,24,29 26,24,34 21,17,26 73,57,40 81,61,41 103,74,54 120,84,64 108,77,56 89,62,46 85,60,43 133,102,83 180,125,96 81,70,67 62,56,51 41,39,40 41,38,42 41,41,41 41,40,45 30,30,38 28,28,36 38,39,42 76,70,75 25,21,32 38,36,34 70,60,61 55,48,48 45,38,38 27,24,28 27,26,31 29,27,37 90,71,57 73,57,44 50,41,37 49,40,36 47,38,34 41,35,28 44,38,33 29,22,20 26,24,25 21,19,20 24,22,23 44,39,36 57,53,45 30,25,24 23,21,22 20,18,16 20,18,19 18,16,17 20,18,19 19,17,18 18,16,17 24,22,20 23,21,19 23,21,22 24,21,25
39,33,38 50,44,51 43,40,55 41,39,51 38,35,50 58,54,65 46,44,40 48,42,35 34,28,33 64,59,58 25,23,31 19,18,23 64,50,36 77,56,43 104,74,57 119,85,63 109,80,58 93,71,53 100,72,59 135,101,83 179,133,105 126,115,98 31,25,20 38,36,34 54,49,48 63,58,57 45,43,51 39,39,47 34,34,46 23,21,29 37,37,47 28,25,29 74,62,64 103,91,93 95,83,85 79,63,61 50,40,39 27,25,33 33,29,38 120,91,67 49,40,34 51,42,36 50,41,37 42,36,31 94,90,73 46,35,32 30,23,23 24,22,20 40,39,32 27,22,21 45,39,32 57,53,45 33,26,26 22,17,19 21,19,20 20,18,19 20,18,19 20,18,16 21,19,17 23,21,22 23,21,22 23,21,19 23,21,22 23,21,22
33,22,29 33,22,29 33,22,29 30,30,42 33,36,47 59,58,61 39,34,33 32,29,35 26,24,34 24,22,30 27,25,33 23,20,26 56,43,36 65,51,37 92,70,50 113,82,61 81,62,46 91,71,53 113,83,68 151,117,97 140,110,93 112,106,99 27,25,26 68,63,60 78,74,68 64,59,58 53,50,56 46,45,50 36,36,46 13,12,17 32,35,44 29,27,37 28,24,33 28,24,35 90,85,82 73,62,55 36,37,40 50,50,60 64,53,50 96,77,61 49,40,36 50,41,35 46,37,33 38,37,30 73,62,47 42,33,29 29,22,22 26,24,25 24,22,23 42,37,39 45,38,36 58,54,46 34,27,27 21,19,20 19,17,18 25,23,24 23,21,22 20,18,19 23,21,22 24,22,23 24,22,20 23,21,19 24,22,23 21,19,20
32,21,28 32,21,30 32,20,32 34,32,44 39,40,59 33,37,50 51,48,52 38,35,39 27,26,31 25,23,33 18,18,28 23,17,24 54,43,40 63,47,43 78,62,47 98,78,60 106,80,59 99,75,53 119,90,70 127,96,77 119,97,79 37,36,39 27,27,22 64,58,51 115,106,89 89,79,67 77,73,67 44,44,44 39,39,49 14,15,18 32,33,38 29,27,37 30,28,36 31,29,37 218,186,156 72,68,60 41,44,53 35,35,43 128,97,58 59,48,41 49,40,34 49,40,36 43,37,32 35,33,31 65,55,45 42,33,29 29,22,22 24,22,20 24,22,20 27,22,21 57,47,46 60,50,40 29,24,23 19,17,18 20,18,19 21,19,17 27,25,26 24,22,20 26,21,23 24,22,20 23,21,19 23,21,19 23,21,22 24,22,23
33,22,29 35,24,31 33,22,29 34,27,39 40,36,56 39,41,57 25,25,33 32,29,35 52,51,54 27,25,35 25,23,33 26,20,25 54,44,34 63,47,41 69,54,43 77,66,47 95,73,53 99,78,55 109,85,63 114,92,74 109,89,80 32,31,34 48,46,44 74,63,60 155,134,107 87,78,63 68,57,50 46,44,45 36,36,44 36,39,46 27,27,37 30,28,40 33,31,43 40,33,43 51,31,22 87,58,34 62,50,40 39,29,30 106,80,57 51,42,34 45,36,32 41,37,31 35,33,29 21,19,17 88,76,64 35,28,28 25,20,19 21,19,20 28,21,21 26,21,20 28,23,20 57,47,46 27,22,24 20,18,19 26,24,25 23,21,19 23,21,22 24,22,20 24,22,23 23,21,22 24,22,23 24,22,20 21,19,20 21,19,20
34,21,29 34,21,29 32,20,25 40,30,34 75,23,18 81,52,48 37,32,31 20,23,30 33,31,39 23,23,33 22,20,30 26,20,27 59,44,35 58,47,42 64,51,44 73,58,47 67,51,38 72,58,44 62,45,35 82,63,49 100,84,71 27,25,26 58,53,50 82,74,63 104,95,76 80,71,63 56,49,47 45,45,45 29,28,31 38,38,46 29,27,37 20,23,34 28,27,42 31,30,47 53,48,45 57,43,43 44,42,43 42,35,38 90,69,46 50,41,37 41,37,31 37,36,29 32,32,27 33,23,24 47,41,34 34,27,27 16,13,17 15,15,12 24,22,20 26,21,23 25,23,21 24,22,20 24,22,20 24,22,23 24,22,20 24,22,23 24,22,20 24,22,20 24,22,23 23,21,22 23,21,22 23,21,22 21,19,20 23,21,22
30,23,26 41,29,34 255,234,203 122,98,76 217,43,36 103,18,17 56,18,12 115,23,27 101,76,48 48,37,30 52,39,32 69,53,38 72,52,32 62,48,34 59,47,35 62,49,44 59,46,39 56,43,38 61,48,43 92,73,57 108,86,68 28,26,27 51,51,46 69,70,58 84,76,65 69,64,61 48,49,52 41,38,44 38,38,38 38,38,46 24,23,28 30,28,38 33,30,36 28,24,37 165,142,100 41,34,37 37,38,43 44,41,45 83,65,44 44,38,33 38,37,30 37,35,31 27,25,23 59,47,49 17,15,11 44,37,35 21,19,20 16,14,15 23,21,22 24,22,20 24,22,20 24,22,20 26,21,23 24,22,23 23,21,22 23,21,19 23,21,19 23,21,22 23,21,22 23,21,22 20,18,19 21,19,20 20,18,19 21,19,20
86,41,36 137,114,85 131,70,52 138,28,29 93,18,18 91,15,20 100,17,20 80,16,17 81,19,21 96,65,28 98,71,28 79,58,35 86,64,44 90,66,44 78,61,37 107,81,60 160,124,95 68,47,36 65,50,41 89,53,43 136,33,36 33,32,23 49,47,45 61,60,49 64,59,58 65,63,64 48,46,47 36,40,44 37,35,33 14,18,20 19,19,19 52,51,44 47,40,43 52,50,48 68,64,56 40,38,39 37,34,38 50,41,26 38,29,25 23,18,20 13,13,13 17,15,13 15,15,15 63,54,48 12,12,12 26,21,18 35,30,27 23,21,19 26,21,23 26,21,20 24,22,20 24,22,20 24,22,23 23,21,22 21,19,20 23,21,22 23,21,22 23,21,22 23,21,22 23,21,22 23,21,22 20,18,19 18,16,17 17,15,16
114,104,82 152,53,41 128,17,21 92,37,26 134,114,96 109,96,75 116,22,24 119,24,29 92,16,21 89,23,20 102,76,37 131,52,29 97,68,48 127,86,66 100,71,49 110,79,56 146,105,78 60,27,18 113,38,20 62,13,16 76,36,29 148,56,28 102,40,29 151,50,23 58,52,57 58,53,55 39,36,40 37,33,42 46,41,40 13,18,17 16,17,20 75,67,56 51,46,43 40,38,34 44,42,43 64,58,63 43,42,45 53,41,31 36,30,25 18,16,17 12,12,12 12,12,12 21,16,15 65,56,48 16,16,16 12,11,14 28,23,22 26,24,22 27,20,20 28,21,21 24,22,20 24,22,20 24,22,20 23,21,22 21,19,17 24,22,23 21,19,17 23,21,19 23,21,22 23,21,22 21,19,20 20,18,19 20,18,19 18,16,17
135,103,73 169,21,21 134,84,69 125,106,81 107,95,67 88,38,25 125,22,25 131,25,27 88,16,22 91,16,21 100,59,30 105,82,42 130,30,27 117,76,58 105,74,55 86,65,42 133,95,74 67,24,20 130,56,22 71,21,17 103,32,15 121,47,22 146,26,5 126,55,36 93,55,47 47,45,43 40,34,39 40,38,46 55,50,49 24,23,26 34,34,42 82,74,63 24,22,23 53,48,47 55,54,47 55,48,46 48,48,48 59,48,31 35,29,24 12,12,12 12,12,12 12,12,12 51,44,44 64,52,42 22,15,15 12,12,12 14,12,13 27,22,21 24,22,20 25,23,21 26,21,20 25,23,21 23,21,19 23,18,20 23,21,22 24,22,20 23,21,19 23,21,19 24,22,18 20,18,16 23,21,22 20,18,19 19,17,15 13,11,12
231,44,48 113,34,27 127,106,81 132,113,88 98,31,24 117,20,23 132,26,28 128,28,25 91,16,19 93,18,16 98,19,16 107,73,30 121,90,51 121,30,27 124,23,23 86,56,41 109,23,27 121,65,41 135,38,14 202,65,37 255,131,89 173,58,34 110,42,24 136,56,40 85,24,8 104,57,48 42,39,43 41,39,47 30,25,27 37,32,34 26,29,36 62,57,59 33,30,34 48,41,41 71,65,58 78,73,61 53,48,50 57,48,33 27,22,19 10,10,10 12,12,12 13,13,13 50,43,46 71,59,49 77,62,53 12,12,12 12,12,12 17,15,16 26,21,20 25,23,21 27,22,21 27,22,21 25,23,21 24,22,20 24,22,20 24,22,20 24,22,20 23,21,19 23,21,19 21,19,20 23,21,19 21,19,20 18,16,14 16,14,15
236,33,29 230,200,174 132,113,90 104,27,21 125,22,25 121,24,27 117,23,25 105,21,27 96,16,18 104,19,18 111,20,21 112,23,21 132,99,51 129,108,85 135,26,22 136,22,22 115,39,26 129,102,68 161,33,24 123,40,25 113,30,13 118,49,34 130,55,37 108,39,24 152,50,28 59,46,39 40,38,39 40,38,46 33,29,38 74,68,73 30,34,36 44,48,52 117,91,68 49,47,43 79,74,62 88,76,66 55,48,48 60,49,34 23,21,19 12,12,12 12,12,12 63,58,57 45,35,36 70,55,44 74,64,42 20,15,14 12,12,12 12,12,12 20,18,16 30,25,24 24,22,20 27,22,21 25,23,21 23,21,19 23,21,19 23,21,19 24,22,23 23,21,22 24,22,20 24,22,23 24,22,23 23,21,22 18,16,14 31,31,31
255,145,81 140,34,22 111,29,27 122,19,22 117,98,82 109,94,74 114,23,24 89,17,21 98,18,20 109,20,20 113,19,21 115,21,23 117,26,23 152,114,64 155,126,75 133,27,29 153,126,83 131,95,44 161,29,24 137,36,27 103,34,21 107,38,25 87,33,15 120,37,22 138,41,17 36,28,34 41,39,40 45,43,51 32,35,42 34,31,35 26,22,31 32,27,24 102,56,19 69,56,49 76,70,61 74,63,58 59,59,59 53,45,32 20,18,16 12,12,12 12,12,12 37,32,34 53,43,44 71,59,49 73,58,47 26,15,12 12,12,12 12,12,12 20,18,16 24,22,20 25,23,21 27,22,21 24,22,20 24,22,20 23,21,19 24,22,20 24,22,20 23,21,22 23,21,22 21,19,20 21,19,20 19,17,18 27,25,26 54,52,53
236,185,116 147,35,25 118,20,23 87,38,29 140,118,98 93,66,50 74,10,9 85,18,22 103,21,19 111,20,21 111,20,21 117,20,23 117,20,23 121,34,18 118,94,86 130,98,41 124,98,84 121,39,14 157,24,26 127,43,30 118,13,0 120,37,20 100,36,21 136,37,16 134,53,19 114,45,32 39,39,39 36,37,42 33,36,43 31,30,33 41,28,21 85,56,25 92,53,23 91,60,23 70,61,55 58,53,55 50,45,44 53,43,31 16,14,15 12,12,12 18,16,14 37,35,36 57,48,40 78,63,52 78,56,36 58,38,20 12,12,12 12,12,12 21,19,20 34,29,28 29,24,23 27,22,21 26,21,20 24,22,20 25,23,19 26,21,23 23,21,19 23,21,22 23,21,22 23,21,22 21,19,20 28,23,25 35,30,29 53,50,54
59,59,54 110,88,54 110,26,18 135,124,105 99,34,26 94,10,16 75,15,17 93,17,22 110,21,21 112,18,20 120,22,25 118,20,23 117,20,23 117,20,21 114,31,14 112,86,72 114,31,14 127,16,24 131,19,20 68,29,26 32,22,12 113,30,13 116,29,13 151,31,8 157,42,18 160,81,42 73,61,63 78,68,67 79,72,72 68,63,62 56,54,55 59,48,55 112,79,42 85,69,52 56,51,50 56,51,53 53,48,45 54,43,28 34,30,20 16,16,16 58,56,54 55,53,54 55,53,49 56,52,46 55,51,43 71,55,49 16,14,15 12,12,12 23,21,22 33,28,25 34,29,26 40,33,31 30,23,21 32,22,21 32,23,17 36,25,18 37,27,15 33,25,14 43,29,15 26,21,20 30,23,26 28,22,27 34,32,30 58,52,59
38,36,37 35,30,32 138,117,74 114,29,28 63,20,12 72,17,17 83,19,22 95,17,18 108,22,21 118,21,24 118,21,24 119,21,24 117,20,23 115,21,23 113,19,21 108,22,19 113,19,21 111,20,21 112,23,21 38,27,24 56,34,14 91,33,19 118,35,15 131,30,3 121,79,27 173,69,45 42,37,39 42,37,39 41,35,40 40,34,41 40,34,39 41,35,42 39,33,38 41,35,40 39,33,38 38,35,39 48,38,28 50,40,28 47,35,25 46,35,28 35,30,32 37,34,38 37,34,38 39,36,40 39,36,40 44,37,37 33,27,20 12,12,12 14,12,13 27,22,19 29,22,22 35,28,26 40,33,31 37,31,26 33,24,16 44,36,25 35,27,16 37,27,17 61,42,15 28,21,21 28,23,25 27,25,26 47,45,46 41,38,42
30,30,30 37,35,36 42,44,44 59,25,21 66,14,13 79,17,19 90,18,22 101,18,19 109,20,20 115,21,23 123,20,25 120,22,25 115,18,21 113,19,21 113,19,21 111,20,21 110,21,21 110,21,21 107,22,19 38,37,40 66,24,13 124,78,41 135,94,45 146,99,47 151,44,14 76,31,24 38,36,37 40,37,41 39,36,40 38,36,37 40,37,43 39,36,40 39,36,40 37,34,38 38,35,39 39,36,42 68,59,42 35,29,22 25,23,21 56,44,32 23,18,17 32,29,33 37,34,38 33,30,34 35,32,36 38,36,34 38,32,27 20,18,16 13,11,12 19,17,18 23,21,22 25,23,21 25,23,21 27,20,18 33,22,19 39,27,15 33,24,16 34,24,14 52,35,9 27,22,21 28,26,27 35,32,36 39,34,33 62,57,59