97,97,92 73,71,81 71,68,83 69,63,84 69,66,83 73,70,87 74,69,87 68,65,82 73,70,87 74,71,88 71,68,85 67,64,79 71,68,83 62,60,72 64,62,72 65,61,72 72,67,83 68,64,75 73,70,87 65,63,75 68,63,81 74,67,79 73,68,84 68,63,79 67,63,76 66,62,75 63,59,70 60,56,69 80,78,86 206,204,212 59,57,67 71,64,76 188,202,223 189,194,204 56,51,67 103,101,113 193,193,193 110,106,98 63,63,71 116,145,172 70,97,125 155,165,171 57,96,122 36,99,144 35,93,140 35,96,139 45,100,150 35,93,142 36,94,141 43,101,148 40,99,150 45,105,151 49,103,158 100,153,190 185,197,219 130,128,152 133,130,147 138,135,139 131,125,146 72,89,134 24,61,97 22,60,91 36,67,98 41,72,103
103,103,98 76,74,84 78,75,92 78,74,94 77,76,93 78,75,92 74,69,87 68,65,82 75,71,91 74,71,88 75,72,89 75,72,89 76,73,90 75,72,87 71,69,81 68,63,79 65,60,78 66,62,75 69,64,82 68,64,77 73,70,85 72,68,81 72,69,84 66,63,78 65,62,77 69,64,80 68,64,77 62,60,72 62,60,72 65,63,75 63,59,70 65,52,71 70,62,68 125,121,132 57,55,65 115,113,125 122,123,128 91,91,88 53,51,63 110,119,130 108,130,144 78,71,81 110,111,116 79,116,154 135,135,130 197,218,225 51,103,147 43,98,146 42,97,145 41,101,149 39,99,147 41,98,150 41,101,149 36,94,141 44,97,148 35,102,148 43,103,149 33,54,73 34,49,67 25,48,71 25,49,69 24,48,66 32,51,70 23,44,65
122,122,117 76,74,84 75,72,89 71,68,83 71,70,87 74,70,90 76,73,90 74,71,86 78,74,94 76,73,88 79,76,91 76,73,88 75,72,87 73,70,87 67,66,83 78,75,92 77,72,90 77,72,90 73,68,84 73,70,85 74,72,84 81,73,90 68,65,82 70,65,81 72,69,84 73,68,84 75,71,84 68,64,77 69,68,83 68,66,78 64,61,76 66,63,78 64,62,74 60,58,70 61,59,71 60,58,70 56,59,68 58,56,68 58,56,66 144,143,158 156,162,165 75,69,76 91,91,91 229,242,230 90,86,99 83,75,92 157,177,205 205,210,218 65,62,66 112,127,141 148,187,211 110,147,169 41,99,146 41,103,155 43,102,155 46,103,155 37,79,113 26,47,66 24,47,70 28,48,72 23,44,63 23,44,63 27,48,69 26,50,68
150,150,145 75,73,83 78,75,90 73,71,79 73,68,86 76,73,88 75,73,85 73,71,83 76,73,90 76,73,90 79,76,91 72,70,82 78,75,90 78,75,92 81,78,95 78,74,94 79,76,91 75,71,84 81,75,96 73,68,84 74,70,83 77,72,88 78,75,90 78,75,90 73,69,82 76,71,87 70,66,79 65,61,72 66,62,75 72,69,84 67,65,75 71,69,81 66,64,76 66,64,74 64,61,76 62,59,76 61,59,71 61,58,73 61,59,71 59,55,66 66,61,77 70,63,73 72,68,77 78,70,76 81,77,86 70,66,77 91,105,126 204,212,221 59,55,66 112,116,120 172,171,176 42,38,49 132,155,180 120,140,164 143,136,139 114,145,178 35,45,63 26,44,61 34,48,69 29,50,71 98,103,102 101,101,98 63,68,76 31,46,64
168,168,163 73,71,81 78,75,90 76,72,83 80,76,89 74,69,85 77,73,86 70,66,77 76,71,89 74,71,88 81,76,92 79,75,88 82,79,96 78,75,92 74,71,86 79,76,93 76,71,87 69,65,78 73,70,85 76,73,88 80,77,94 80,77,94 77,72,88 77,73,86 72,68,79 75,71,84 70,66,79 66,62,71 67,63,72 66,64,74 68,66,76 69,67,79 65,63,75 67,65,77 62,61,78 65,62,77 64,62,74 65,63,75 65,63,75 65,61,72 60,58,68 66,62,71 68,61,71 69,65,76 78,69,82 75,68,80 62,58,67 62,60,72 50,47,62 90,89,94 171,169,167 45,41,52 210,225,239 136,153,173 41,40,45 74,76,73 81,81,89 58,58,58 87,84,90 98,102,106 48,46,54 47,43,54 86,85,88 98,103,102
172,172,167 76,74,84 78,75,90 73,69,80 79,75,88 75,70,86 76,72,85 74,70,81 80,76,89 85,82,99 79,78,93 78,77,92 80,77,94 71,68,85 73,70,87 76,73,88 79,74,90 77,73,86 79,74,90 80,77,92 80,77,94 83,80,97 76,73,90 76,71,87 74,70,81 77,72,88 75,73,85 73,69,80 75,71,82 79,74,90 75,72,87 68,65,80 67,65,77 69,67,79 73,70,87 72,69,84 62,60,70 65,62,77 64,62,74 63,59,72 61,57,66 62,60,70 67,63,74 69,65,76 71,64,76 68,61,73 61,57,68 55,50,66 58,53,71 56,55,72 49,49,61 48,44,55 48,45,51 52,51,56 46,44,52 85,86,89 78,77,80 54,54,51 91,91,101 76,82,85 56,53,59 47,45,53 53,51,59 50,49,54
176,177,167 76,74,82 79,76,91 74,70,81 79,74,90 80,75,91 81,76,92 76,72,83 79,75,88 80,78,90 79,76,91 76,73,88 79,76,93 80,77,94 82,78,98 82,77,95 81,76,92 77,73,86 79,75,88 76,71,89 73,68,84 76,71,87 75,72,89 80,75,93 81,76,92 83,78,94 79,76,93 77,73,86 76,71,87 76,73,90 67,64,79 72,69,86 69,67,79 72,70,82 68,65,82 73,70,85 69,67,77 69,67,79 63,59,72 64,62,74 70,62,79 67,63,74 72,68,77 69,65,78 66,64,76 62,58,67 59,55,68 61,56,74 61,57,77 60,57,74 51,51,61 52,50,60 51,49,59 50,48,60 49,45,56 48,46,56 47,45,53 55,55,50 51,49,61 50,48,60 52,50,60 51,49,59 51,49,59 51,49,59
180,180,175 80,76,98 80,77,92 77,73,84 86,81,97 74,70,83 83,78,96 73,69,82 71,69,79 74,70,81 74,70,81 74,70,83 78,76,88 73,71,81 81,78,93 80,77,94 81,78,93 70,66,79 68,64,77 78,75,92 80,77,94 78,75,90 79,76,93 79,74,90 76,71,87 80,77,94 77,71,92 70,66,77 76,69,81 80,77,94 74,71,88 76,73,90 75,72,87 75,72,87 75,72,89 69,66,83 67,65,77 73,70,85 71,68,83 72,68,79 81,74,58 98,86,86 67,63,76 65,62,77 65,62,77 64,61,76 60,58,70 62,58,71 62,58,71 62,57,73 57,54,69 54,52,62 54,52,62 55,52,67 57,54,69 54,52,64 51,49,57 60,58,56 53,51,61 48,46,56 50,48,58 52,50,60 52,50,60 53,51,63
179,180,170 68,67,72 79,77,85 71,69,81 78,76,88 81,74,84 75,73,85 76,74,84 79,75,86 76,74,86 79,74,90 80,75,91 81,78,95 76,73,90 76,73,90 74,71,88 75,72,87 80,78,88 81,78,93 83,80,97 80,77,94 85,82,99 80,78,90 81,76,92 77,73,86 76,71,89 76,73,90 76,74,86 82,77,93 82,79,96 80,79,96 80,77,94 76,73,90 76,72,92 69,66,83 74,71,88 74,71,86 72,69,84 72,69,86 68,66,78 62,47,38 126,105,92 66,63,78 62,59,74 67,64,79 67,64,79 64,61,76 65,61,74 61,57,68 60,56,69 58,56,68 57,55,65 58,56,66 55,53,63 57,55,65 52,50,58 51,50,55 58,56,54 54,52,62 53,51,61 54,52,62 54,52,62 57,55,65 59,57,67
191,182,174 95,98,118 75,73,85 77,73,84 76,71,73 83,78,80 78,75,90 80,76,85 76,68,74 80,76,87 74,67,79 79,76,91 77,72,90 81,77,90 79,76,93 83,79,92 82,79,96 81,78,93 80,76,89 79,76,93 74,73,88 83,80,97 75,72,89 80,77,92 74,71,86 75,72,87 79,76,91 80,78,90 82,79,96 82,79,96 83,80,97 76,73,90 74,71,88 74,71,88 77,72,88 77,73,86 78,75,90 76,73,90 76,73,90 73,71,83 80,64,60 169,137,105 83,67,63 69,64,82 69,64,82 69,65,85 69,66,83 66,61,77 63,59,70 62,59,74 59,56,71 58,56,64 58,56,68 57,55,67 59,57,67 59,57,65 59,57,65 59,58,61 60,58,70 55,53,63 58,56,68 59,57,69 54,52,64 54,52,62
183,171,173 98,96,120 82,70,82 77,71,76 59,51,40 82,71,64 74,71,86 70,63,66 91,83,91 79,76,82 86,79,82 78,75,90 82,73,86 82,73,84 81,79,89 83,78,80 83,80,97 79,76,91 72,70,82 74,73,88 79,77,89 75,72,87 80,75,91 78,75,92 81,78,93 75,72,87 78,76,96 79,78,95 79,74,92 77,72,90 75,72,89 78,75,92 77,72,88 74,70,83 76,72,85 76,69,81 79,77,89 78,75,92 71,67,87 68,64,77 82,68,70 149,123,98 131,107,85 74,67,81 72,68,81 71,68,85 71,68,85 66,64,76 63,59,70 66,63,80 64,62,74 61,59,67 64,62,72 60,58,70 55,53,63 58,56,66 61,59,67 55,55,55 60,58,68 60,58,68 60,58,70 62,59,74 62,60,72 63,59,70
176,171,170 60,53,67 97,86,81 76,87,114 92,92,118 98,80,91 73,71,79 82,80,92 88,96,116 72,72,84 104,88,86 82,78,91 87,76,85 112,99,109 80,76,87 104,94,98 74,71,86 89,80,91 84,73,82 78,77,92 104,96,104 79,75,88 81,77,88 75,73,85 79,71,77 75,71,84 76,72,83 71,67,87 79,74,92 81,78,93 79,74,90 81,77,90 74,72,82 75,73,81 77,73,86 75,71,84 75,69,74 168,135,108 221,157,95 75,44,25 176,122,84 66,41,24 131,97,65 136,89,39 181,134,100 66,52,36 65,62,77 68,64,75 70,63,77 72,70,82 52,50,60 72,69,84 71,68,85 73,70,85 71,68,83 61,59,71 58,56,64 59,59,59 62,61,66 66,64,74 62,60,72 66,64,76 64,62,72 68,64,75
201,191,179 218,209,194 226,215,196 111,104,107 123,112,107 109,94,104 76,69,79 107,89,114 101,93,99 83,82,85 123,109,111 95,87,95 77,68,62 84,71,64 64,55,49 96,84,89 77,69,75 93,81,86 87,75,80 86,80,85 94,90,99 63,66,77 70,72,88 75,73,81 86,76,75 74,67,77 75,65,64 86,82,95 74,69,71 83,76,86 82,79,94 73,70,76 73,70,85 73,70,85 114,88,74 91,67,34 171,121,77 108,79,59 157,109,64 53,37,24 111,72,42 85,60,41 40,31,27 39,34,36 36,26,25 37,31,26 59,46,25 89,66,51 71,71,83 30,31,36 51,49,61 75,72,87 75,72,89 75,72,87 78,75,92 71,69,81 67,65,77 59,56,60 66,64,76 65,63,73 59,59,71 68,65,82 72,68,81 70,69,86
218,206,180 239,225,200 239,222,196 229,211,190 236,220,205 247,233,219 109,98,105 98,89,115 120,121,153 70,63,61 88,85,72 80,71,82 104,91,84 102,106,135 112,128,168 65,61,70 83,74,89 51,43,49 98,84,84 71,69,77 64,62,82 86,74,79 72,64,83 71,61,60 118,110,99 88,78,77 95,81,83 83,80,86 58,58,58 66,62,73 76,71,57 98,88,66 75,49,24 148,107,78 152,125,89 163,122,95 40,27,24 142,106,73 85,65,56 139,98,67 47,35,37 43,32,39 42,32,33 46,36,40 41,28,36 40,28,33 45,35,36 46,33,28 108,81,47 43,38,37 52,50,62 78,75,92 78,75,92 76,75,92 79,74,92 79,74,92 69,69,81 55,55,55 77,72,88 88,69,53 198,142,75 206,170,123 198,169,134 166,145,120
214,199,177 227,210,186 247,226,199 247,226,199 252,233,206 245,224,197 254,242,216 107,95,100 113,114,148 65,65,51 114,104,108 79,76,80 102,95,95 125,108,111 89,87,97 105,102,131 90,82,90 110,102,135 112,101,124 98,86,91 67,65,85 102,85,86 87,83,105 90,78,78 71,61,60 77,70,73 97,84,77 110,98,110 51,47,56 93,83,87 100,85,105 134,108,87 105,82,51 71,54,55 117,88,68 117,91,77 113,79,61 43,36,46 108,76,46 75,61,47 173,143,117 88,69,55 58,45,53 61,44,50 47,36,43 51,38,46 60,49,56 53,44,40 46,29,19 112,83,59 45,43,51 60,57,72 60,57,72 57,57,69 60,58,70 67,65,77 149,116,107 140,98,58 227,172,120 217,160,102 158,142,111 181,134,82 205,157,112 145,101,61
222,213,194 217,207,185 211,193,172 235,215,195 239,220,197 249,225,201 255,247,217 99,92,76 75,69,74 143,112,104 114,104,108 115,86,82 128,119,132 148,135,132 60,60,55 52,50,58 145,143,194 141,117,111 106,89,92 91,76,67 68,73,83 123,105,102 117,109,126 89,76,84 98,82,80 82,74,82 67,54,62 94,93,96 92,86,81 77,79,95 78,69,61 98,82,67 46,33,41 62,46,40 70,58,48 33,26,26 57,43,45 44,33,26 95,71,49 60,35,16 136,102,70 162,123,91 162,119,84 171,126,82 182,143,102 164,136,109 69,51,50 58,47,54 50,38,43 50,37,32 97,78,55 33,30,36 52,51,56 48,51,58 193,158,122 189,135,87 58,49,30 159,115,73 124,87,63 126,102,76 47,35,25 182,131,92 57,39,20 50,39,36
220,205,185 222,209,188 233,223,201 248,233,213 255,237,216 255,245,220 254,240,215 140,118,112 164,124,128 119,83,77 55,68,98 177,141,131 93,81,83 124,101,98 147,114,107 79,77,89 162,134,132 125,102,103 92,75,81 117,94,83 104,97,100 75,59,53 188,157,136 140,127,135 142,130,130 80,69,76 128,106,111 97,89,97 129,111,106 40,32,40 64,54,58 61,48,58 44,34,38 54,40,40 48,43,45 54,41,36 28,24,33 43,29,11 40,29,24 54,40,42 66,51,61 45,33,35 45,35,39 47,31,29 65,46,32 144,120,96 137,101,68 158,116,78 122,92,75 82,67,75 63,45,40 53,52,57 50,45,47 156,122,88 116,82,60 47,32,23 97,73,51 93,71,53 68,61,59 67,54,51 110,84,63 59,43,30 46,32,32 63,49,54
205,190,168 211,192,180 163,151,139 210,226,224 251,250,243 250,236,222 255,252,237 136,132,154 67,74,86 114,147,168 93,126,157 186,145,100 94,121,135 99,142,171 153,143,147 72,61,68 154,127,122 123,110,129 72,72,69 152,155,147 74,79,73 106,85,74 225,158,158 122,94,96 137,124,117 76,68,76 129,111,108 80,74,69 136,120,116 49,44,46 59,46,54 45,37,43 58,47,56 60,47,55 28,25,31 56,45,52 32,27,29 71,50,27 54,33,18 56,43,38 71,57,70 58,45,53 60,48,53 56,46,50 52,39,47 54,40,45 59,47,52 48,36,36 48,32,28 48,35,32 61,48,45 92,66,45 93,77,64 76,60,54 95,82,75 69,55,60 76,58,67 36,27,38 73,61,63 44,34,35 85,69,54 61,47,47 73,63,62 76,62,62
88,127,135 224,178,110 255,228,131 66,131,182 51,134,195 84,137,156 255,240,160 255,238,162 53,132,188 54,135,194 233,192,120 255,238,141 92,137,168 98,163,214 61,103,149 51,104,153 45,99,154 55,108,168 77,126,173 99,141,177 50,83,114 75,96,117 151,138,133 182,155,169 91,70,59 106,88,83 120,101,117 173,160,153 40,33,33 64,53,60 61,50,57 31,23,29 62,49,57 68,55,63 23,17,22 59,47,52 42,32,31 118,88,62 118,79,47 126,85,58 147,111,78 117,78,50 129,93,71 83,61,43 62,40,32 55,41,41 68,50,59 61,47,52 55,43,45 57,45,50 59,45,50 83,62,39 73,56,59 71,55,68 21,13,21 65,54,63 60,48,60 52,43,54 33,25,31 66,53,63 51,35,31 50,37,47 54,40,42 55,42,37
251,227,174 255,236,202 255,233,146 49,136,198 255,251,168 201,186,139 255,254,215 255,251,190 66,131,182 255,242,151 124,132,120 255,232,156 255,229,135 90,131,145 238,205,128 63,104,145 45,93,145 40,91,142 38,89,140 43,95,149 37,89,147 32,90,137 42,86,133 35,84,131 43,88,144 42,94,150 46,99,159 63,77,100 33,23,27 60,49,56 61,53,59 25,19,24 64,54,58 64,54,58 29,24,26 66,59,62 63,53,52 133,104,71 119,83,52 119,80,52 154,113,84 121,80,53 128,93,66 107,73,43 93,60,33 109,73,44 128,91,67 104,75,55 52,39,36 58,46,51 57,44,52 50,33,23 76,61,71 73,58,66 44,36,42 71,60,69 52,44,52 70,62,70 26,20,25 69,57,62 48,32,28 61,50,59 68,55,63 73,61,61
87,70,44 63,50,47 78,64,48 85,70,48 59,59,56 87,77,55 85,71,55 84,69,49 86,72,58 80,66,50 83,70,47 58,57,62 61,58,62 81,70,51 110,90,58 163,137,87 171,150,127 206,235,253 98,92,113 138,146,164 144,132,146 102,92,110 48,96,133 84,87,98 52,100,141 129,139,159 126,156,196 51,30,28 47,40,43 62,48,50 60,47,44 26,16,17 66,54,59 64,52,57 30,24,29 58,46,46 56,43,38 108,78,50 119,80,48 126,85,56 159,118,89 113,72,45 113,80,55 112,77,52 96,67,36 114,78,49 114,82,52 117,80,54 113,78,63 63,48,58 59,46,54 58,41,42 72,58,71 60,49,58 57,46,53 65,54,61 25,22,26 64,49,57 28,20,26 76,56,49 102,78,54 120,89,66 126,97,73 138,103,76
37,54,74 32,52,76 34,53,74 39,52,78 45,52,66 100,81,58 106,87,60 109,90,63 108,91,63 98,83,61 50,58,74 34,57,82 38,55,77 42,54,78 130,113,89 132,122,110 174,140,79 159,142,107 101,91,120 179,170,164 105,99,122 144,136,144 185,184,189 101,94,106 66,84,99 102,98,109 22,49,77 22,17,19 50,39,34 64,51,44 70,57,50 20,13,11 56,42,42 63,50,47 23,16,16 61,45,39 42,29,22 83,58,39 115,76,44 121,82,52 142,101,72 110,70,45 116,86,60 104,70,48 105,70,43 103,66,40 116,81,54 107,72,47 110,68,44 60,46,48 58,45,53 57,44,52 62,50,52 56,46,47 55,42,50 60,48,53 27,20,23 60,46,51 30,20,24 77,60,50 113,87,64 124,95,73 125,99,76 145,104,73
22,56,82 19,57,86 24,56,82 29,53,82 36,54,69 117,97,65 121,101,69 119,100,65 120,100,70 109,90,65 31,56,82 20,58,87 23,57,85 24,57,90 178,161,135 124,144,158 214,168,100 82,105,130 211,200,193 248,237,232 143,133,134 218,205,198 155,145,144 141,134,134 184,173,180 53,37,64 76,58,57 32,23,19 44,33,30 62,45,37 61,48,41 24,15,9 61,46,35 64,50,34 21,15,8 60,43,35 19,10,6 44,28,11 122,78,50 114,78,47 147,106,75 101,64,38 113,83,57 95,64,41 116,81,54 121,82,54 125,89,60 105,71,41 115,81,47 82,62,44 59,48,55 67,49,46 55,43,43 51,39,39 54,40,42 53,40,37 25,20,19 55,39,35 20,18,16 60,41,29 111,85,64 119,90,68 122,93,69 151,112,82
23,56,87 20,58,87 19,57,90 22,55,86 53,61,66 126,106,76 122,102,70 122,103,68 124,102,68 115,98,72 24,58,84 20,58,89 19,59,87 17,60,89 193,180,146 126,151,166 242,189,105 57,112,149 109,100,111 86,76,80 213,203,191 87,75,75 106,98,106 122,117,116 239,228,223 79,51,42 97,65,49 34,28,19 32,19,14 66,50,37 70,57,36 38,28,16 50,39,22 50,39,24 38,27,20 54,42,32 22,11,4 49,35,21 121,82,52 122,88,58 149,110,80 101,65,36 110,77,50 98,69,45 125,83,59 121,82,54 133,94,66 105,70,43 116,83,56 110,81,59 56,48,56 92,70,50 54,41,36 48,37,32 51,40,37 48,35,28 31,24,22 50,37,32 24,14,15 57,43,29 104,83,58 118,87,66 116,92,70 116,83,56
19,57,86 20,58,87 20,58,87 23,58,81 69,69,64 121,101,69 122,103,68 122,102,70 122,103,68 113,94,67 21,59,88 19,59,89 22,57,87 16,59,86 201,184,149 114,145,162 253,202,108 36,114,156 99,91,108 86,80,87 245,233,221 140,126,128 105,95,113 68,63,81 218,209,192 82,59,48 100,70,55 78,33,28 41,29,19 55,41,25 62,46,31 58,43,32 58,49,34 59,44,24 65,47,26 37,22,11 44,34,22 36,25,20 119,90,66 91,64,46 117,86,63 105,75,47 121,87,57 122,88,58 122,88,58 129,93,64 134,93,64 104,68,39 112,77,50 110,81,59 58,46,46 95,72,41 53,43,21 60,48,36 54,43,38 69,50,38 68,53,42 57,44,39 31,22,14 57,46,39 86,65,42 112,83,63 115,88,70 105,84,59
19,59,89 19,59,89 20,58,87 26,56,80 98,86,60 121,101,69 124,105,70 124,105,70 120,100,68 112,95,69 22,57,87 19,59,87 19,57,88 19,57,86 202,190,151 135,159,159 255,215,121 40,116,168 94,85,98 85,78,81 244,235,218 244,230,205 125,113,118 68,63,81 211,199,187 98,71,55 98,72,51 112,19,12 59,43,26 55,39,22 63,44,21 59,44,24 26,18,7 59,43,26 73,47,22 33,21,9 70,46,22 39,26,19 60,48,36 94,73,60 50,43,53 42,28,33 40,30,34 40,29,26 51,36,25 87,68,52 117,91,70 112,80,50 117,88,55 115,81,49 119,89,61 55,38,14 67,47,17 61,41,21 24,18,9 62,45,35 66,50,35 26,15,10 53,41,29 44,35,27 77,57,39 95,69,46 117,86,63 66,47,33
19,59,91 19,59,91 22,57,87 25,53,78 121,98,69 118,100,68 124,104,72 124,105,70 122,102,70 110,95,73 17,60,91 19,59,89 21,56,86 21,56,86 198,187,154 157,173,131 255,222,94 45,116,167 73,64,79 119,115,109 245,236,217 218,205,182 116,108,116 67,62,80 207,191,185 100,78,58 101,77,55 107,18,14 31,20,5 39,27,15 76,52,28 84,56,27 52,38,24 68,55,34 67,43,19 67,48,21 30,19,14 83,77,84 132,120,92 50,38,12 70,48,40 47,36,43 51,43,51 44,36,42 52,38,43 59,46,56 49,42,45 46,32,34 49,35,37 65,47,28 60,39,24 65,47,26 58,40,21 49,38,21 43,32,15 58,42,27 54,40,24 42,30,20 62,43,27 31,19,9 55,39,22 93,72,57 97,81,64 95,76,53
20,58,89 22,58,85 24,56,84 30,50,76 108,94,67 122,97,67 124,105,70 124,105,70 124,105,70 115,97,76 18,61,92 19,59,89 22,58,85 22,55,86 177,168,149 72,66,43 55,41,43 74,105,136 77,65,79 142,136,127 239,230,211 255,242,217 104,92,106 68,63,79 235,226,211 97,78,53 95,78,54 107,19,12 115,18,14 52,38,20 64,51,30 80,52,25 69,45,19 42,31,16 61,44,20 59,40,15 63,54,48 99,90,86 62,53,38 49,38,23 68,48,28 136,112,75 106,79,63 68,47,32 55,40,31 66,53,50 55,42,50 50,34,28 118,86,56 49,30,5 50,39,22 33,22,5 63,44,19 52,35,9 51,35,18 29,20,5 59,45,31 49,33,20 26,20,11 54,36,15 31,22,14 38,27,12 64,51,46 30,21,15
22,58,85 25,57,85 27,52,78 38,50,74 88,78,68 116,93,62 124,105,70 124,105,70 124,105,70 112,93,77 18,61,90 19,59,87 18,59,84 23,57,83 140,141,129 70,56,42 84,71,50 62,112,137 77,65,79 163,157,152 255,247,228 255,238,213 110,96,113 74,69,87 246,238,216 90,80,56 95,79,62 107,19,10 113,17,13 116,24,12 53,42,25 77,52,24 81,54,22 59,45,16 102,100,101 112,99,78 113,86,25 148,124,91 187,148,118 114,103,86 35,26,18 36,25,8 63,39,13 130,94,63 95,60,35 123,87,56 162,123,91 126,86,52 55,31,5 129,97,63 35,20,11 48,33,22 56,41,21 56,42,15 50,38,12 52,40,28 53,42,25 57,38,22 45,34,19 38,28,16 44,35,20 52,36,21 66,51,31 133,113,81
14,57,84 14,57,84 24,52,75 38,48,68 60,62,59 120,96,70 122,102,70 122,103,68 124,105,70 112,92,72 22,60,91 20,60,90 31,54,77 103,94,75 82,72,71 67,63,57 97,87,75 246,251,247 74,69,85 169,163,154 242,226,213 252,233,208 114,102,116 73,68,84 216,200,187 74,66,53 76,70,63 108,18,10 113,21,11 121,20,11 127,105,60 34,23,18 52,39,34 91,86,83 83,81,77 57,54,39 31,45,26 31,40,21 95,70,51 108,102,93 48,38,26 41,31,21 43,32,25 33,23,13 41,27,13 32,23,8 49,44,43 48,41,39 115,96,59 126,101,57 141,119,74 45,31,17 42,27,16 63,49,24 62,45,21 56,41,19 43,34,19 58,43,32 56,43,22 47,36,19 45,33,21 50,38,28 36,28,15 79,69,59
20,58,91 20,58,91 27,52,78 29,48,67 47,55,71 114,94,64 122,103,68 126,107,72 129,105,72 112,98,71 22,60,91 21,59,90 70,61,57 102,103,84 32,28,22 55,51,34 63,50,27 71,61,49 65,58,70 170,162,149 238,224,210 255,239,216 111,99,111 75,71,84 223,204,192 94,85,58 93,86,59 107,22,14 62,48,34 65,50,39 62,47,38 56,44,32 86,75,72 104,94,82 41,37,27 59,59,43 27,43,22 45,48,36 42,43,20 121,116,115 59,50,35 27,21,16 24,15,9 23,14,8 22,11,8 54,43,40 47,45,57 47,45,46 76,58,28 120,96,61 146,122,67 113,91,53 43,35,22 34,23,16 67,48,23 67,48,25 57,43,25 40,30,20 59,44,24 60,45,25 61,49,37 74,58,41 52,45,43 69,66,81
19,59,89 19,59,89 26,51,75 32,47,65 39,53,65 113,93,61 125,105,73 133,105,76 128,105,74 112,95,67 19,62,89 16,61,90 100,93,77 43,55,61 73,68,56 92,83,75 86,71,51 82,75,57 57,50,60 136,131,117 245,231,215 245,228,202 108,96,108 77,73,86 173,150,137 95,71,47 99,78,53 105,20,15 54,40,45 55,41,46 23,18,17 55,53,51 73,64,60 42,29,26 48,49,41 34,42,21 32,41,22 52,55,35 36,39,17 55,48,46 100,89,74 60,48,53 56,46,47 36,29,29 43,33,37 36,29,29 41,44,55 33,32,35 60,59,62 56,53,59 153,123,67 61,47,33 44,39,38 58,56,66 58,52,47 47,42,44 28,30,30 62,63,53 53,52,55 49,47,43 65,63,71 69,69,66 53,50,54 64,61,76
20,58,89 20,58,89 25,53,78 43,46,57 40,50,68 117,95,61 127,104,73 129,107,73 129,105,70 115,96,69 20,63,90 22,60,89 56,47,39 99,93,68 70,65,53 95,88,72 63,56,36 119,85,42 228,227,218 153,144,136 245,234,219 227,212,192 72,60,60 65,56,48 38,29,21 72,57,35 84,60,36 63,41,35 53,39,41 54,42,44 38,36,32 55,48,51 49,39,40 40,33,33 113,110,114 118,106,96 123,109,93 156,145,128 62,57,43 45,35,36 66,54,26 60,48,50 53,43,44 54,44,48 54,39,47 42,28,33 49,47,48 44,43,46 57,57,54 44,42,40 40,23,0 38,28,29 37,30,30 44,38,43 48,44,36 33,31,32 29,31,26 50,52,47 54,51,57 55,53,49 58,54,67 48,46,47 33,32,37 58,58,66
21,59,90 21,59,90 26,51,75 73,71,69 56,60,64 119,97,63 124,104,72 98,76,42 116,94,60 183,161,116 241,229,192 162,158,150 60,70,78 62,58,52 88,80,58 122,117,103 182,168,152 252,223,170 114,112,90 179,172,156 37,28,24 40,28,18 46,33,28 33,22,15 63,49,20 64,28,18 84,52,38 53,42,39 51,41,45 60,46,51 23,16,16 59,47,52 59,49,50 87,80,78 64,55,51 72,66,59 91,84,66 73,64,49 93,84,69 46,35,32 68,51,25 103,70,31 54,44,45 54,43,50 55,43,45 50,44,37 87,67,49 57,44,21 64,48,31 90,70,52 46,33,30 41,30,23 39,28,25 40,29,26 40,31,25 41,30,25 45,31,31 42,29,24 45,32,29 46,36,26 48,35,30 48,32,30 40,27,24 57,41,26
29,57,82 23,56,87 27,50,75 47,55,71 77,74,61 114,95,60 124,100,67 132,105,73 134,110,75 117,96,69 23,62,86 26,65,91 34,64,88 59,59,59 89,76,53 83,76,74 117,101,59 146,122,85 65,83,82 112,93,66 195,175,127 244,223,182 199,170,121 122,92,50 80,55,25 89,62,30 85,59,36 108,98,88 60,51,45 56,46,45 22,15,15 60,50,54 56,46,47 58,51,49 58,50,39 65,57,44 78,69,54 88,77,60 58,49,34 98,91,91 45,38,41 81,61,52 90,62,35 59,42,48 52,39,47 55,44,41 77,49,22 62,48,23 60,43,19 80,44,22 35,29,20 38,29,25 33,26,26 31,24,27 39,29,28 40,33,33 38,31,34 37,30,30 38,28,27 44,34,35 44,32,34 44,32,32 33,24,35 58,44,17
49,59,75 45,55,71 38,49,60 32,45,64 85,74,55 115,92,61 121,97,64 127,103,68 127,100,68 115,95,65 31,60,89 34,63,92 34,68,94 44,55,68 65,57,35 255,208,127 55,56,46 76,64,52 54,90,106 232,216,203 58,40,37 55,37,36 60,42,37 63,47,30 55,41,16 53,39,14 58,40,19 155,143,131 208,198,186 98,89,74 46,36,35 54,42,47 57,45,47 77,72,60 31,25,16 35,29,22 50,41,35 99,92,76 61,54,38 89,81,70 45,35,39 47,36,43 74,53,26 44,38,43 44,34,35 99,64,49 97,73,49 68,51,25 67,46,23 87,63,39 43,29,15 52,35,25 45,31,17 43,29,15 41,32,15 48,34,20 50,39,24 52,38,20 61,47,33 52,40,28 59,47,37 62,48,32 53,42,27 76,59,35