65,62,68 57,61,65 58,50,56 47,47,47 60,48,50 86,60,48 90,71,55 51,46,45 51,44,47 51,43,51 57,49,55 55,49,56 47,46,51 48,49,52 47,46,51 50,48,56 48,47,52 52,51,56 50,48,56 58,56,64 59,57,65 54,52,60 55,53,63 59,57,65 60,58,66 55,53,61 56,52,61 63,59,68 62,58,67 65,62,68 66,64,74 65,63,73 66,64,74 66,64,74 65,61,70 66,62,71 62,60,72 62,58,69 65,61,72 69,60,71 71,60,67 66,62,73 65,57,65 70,63,66 69,62,72 68,58,59 67,65,75 62,61,66 77,65,77 69,62,76 62,54,62 75,68,71 77,61,59 69,57,59 65,60,62 82,73,69 81,67,67 63,62,79 68,66,67 60,56,65 87,75,80 92,74,83 60,60,68 79,64,55
60,56,69 77,67,68 49,51,65 49,44,46 66,54,56 84,58,46 70,47,32 65,56,52 56,46,50 72,61,68 54,48,53 65,61,72 48,45,51 54,48,53 46,47,52 50,49,52 46,47,52 44,45,50 47,45,53 60,58,66 55,53,61 53,51,59 54,52,62 57,55,63 57,55,63 53,51,59 53,49,58 61,57,66 60,56,65 59,56,62 64,62,72 64,62,72 67,65,75 57,55,65 63,59,68 60,56,65 63,59,68 67,63,74 60,56,67 66,53,61 65,60,62 67,63,74 83,67,63 49,49,57 67,60,70 80,71,67 66,62,71 63,58,57 64,69,77 54,50,61 63,55,63 44,37,37 69,56,49 57,51,58 85,74,67 57,53,45 92,78,83 65,61,44 61,64,86 51,47,56 88,76,76 73,55,64 60,58,78 70,60,64
87,72,61 74,56,55 64,57,67 55,53,63 88,84,93 89,58,48 63,42,27 76,54,34 78,50,39 78,51,35 77,51,39 75,53,35 66,45,30 61,50,43 74,62,52 40,34,39 69,50,38 64,45,33 44,44,54 59,58,63 61,59,67 59,57,65 58,54,65 60,58,68 60,56,65 54,50,59 57,55,65 54,52,62 67,65,75 48,41,44 64,57,67 67,57,58 46,41,57 50,47,64 50,45,47 47,50,57 73,70,74 78,64,66 59,58,75 79,75,86 74,69,68 88,76,81 72,64,70 74,71,75 89,73,71 64,58,65 60,54,61 62,63,66 62,67,66 99,87,101 80,71,82 92,75,76 76,65,62 41,40,43 96,109,126 66,51,59 77,70,73 62,60,58 84,68,66 57,50,48 94,85,81 41,40,45 88,74,76 91,74,64
68,67,60 57,51,58 85,68,69 74,62,67 85,69,63 90,59,47 75,56,42 44,43,46 63,76,95 55,57,73 65,54,61 56,49,52 66,52,52 70,55,46 79,60,48 71,52,38 67,44,29 72,52,43 47,46,51 60,58,66 59,55,64 59,55,64 56,52,63 61,59,67 60,56,65 54,50,59 53,49,58 66,52,52 60,58,70 72,62,63 69,63,68 41,37,46 70,60,61 70,60,61 66,59,59 80,68,68 54,47,50 78,62,75 71,69,93 98,95,110 96,82,84 47,51,53 82,72,76 60,58,66 83,86,95 69,68,71 66,54,59 105,90,100 53,49,58 109,93,89 82,78,98 90,84,91 76,74,98 58,55,59 86,96,114 87,96,121 94,102,118 62,56,63 87,69,64 69,68,59 62,60,58 89,72,73 73,81,99 99,87,99
91,77,82 60,48,53 86,78,84 34,39,35 36,37,40 94,62,48 74,54,45 84,74,73 61,72,83 52,50,62 75,64,71 46,45,50 34,33,38 55,53,51 72,60,65 51,46,48 68,47,34 76,55,42 49,45,56 67,63,72 65,61,70 63,59,68 58,54,65 61,59,69 60,56,65 55,51,60 60,56,65 79,72,75 56,52,63 71,58,53 47,45,46 77,63,63 70,60,61 56,46,47 94,84,88 103,101,102 71,58,66 65,56,52 87,73,78 92,81,74 68,63,60 62,57,54 51,53,53 78,79,71 82,81,74 68,66,64 122,123,128 100,83,89 69,51,62 95,73,76 69,61,69 105,93,81 99,86,83 60,59,64 86,76,80 74,77,86 81,84,93 101,98,113 107,95,97 90,93,100 68,67,60 100,84,80 99,86,83 98,88,106
69,71,85 72,68,77 49,54,53 39,39,36 64,67,85 95,68,50 83,61,55 71,65,70 85,68,60 66,54,56 65,70,94 46,43,47 69,64,66 47,45,46 80,73,73 64,60,54 77,54,39 76,53,40 72,68,77 79,75,84 81,77,86 81,77,86 79,75,84 79,75,84 75,71,80 77,73,82 55,51,60 63,56,54 55,53,65 82,69,48 44,42,40 89,93,124 162,157,48 192,170,23 247,213,52 255,255,129 89,78,71 76,62,62 57,48,44 71,65,56 51,53,48 66,66,78 77,78,99 73,72,75 101,86,77 96,80,78 87,85,97 94,80,93 62,49,59 101,80,80 79,68,77 80,83,75 77,80,89 62,68,71 88,74,79 67,65,66 97,99,113 99,83,68 95,78,68 83,77,82 80,71,67 100,89,74 83,72,69 113,101,113
84,74,92 87,78,89 72,70,52 75,69,62 62,64,89 85,53,39 84,61,46 74,70,79 81,70,65 72,66,61 70,68,88 78,72,77 103,93,92 57,49,55 59,57,58 63,54,50 79,52,36 77,56,41 93,86,96 89,85,94 89,85,94 89,85,94 87,83,92 89,85,94 90,86,95 91,87,96 92,88,97 61,56,55 87,73,73 80,72,48 66,56,57 72,78,37 74,65,5 80,68,27 165,139,48 255,248,99 217,196,85 80,71,54 120,101,46 60,61,42 82,70,60 82,107,131 54,64,84 66,64,65 90,92,64 91,74,75 68,66,78 92,78,91 62,59,65 95,88,91 90,83,86 73,64,58 106,76,79 54,52,60 94,86,103 86,91,87 74,77,84 61,52,48 86,70,55 60,61,51 65,66,58 79,70,64 58,62,66 92,83,79
27,70,124 35,72,121 45,77,130 59,78,140 59,69,103 91,68,55 85,70,59 68,74,95 77,71,62 61,57,51 72,60,72 68,61,75 70,69,84 73,63,64 88,76,76 64,54,53 79,54,37 83,61,43 92,85,95 90,86,95 92,88,97 92,88,97 88,84,93 89,85,94 92,88,97 95,91,100 98,94,103 81,79,59 78,63,23 207,193,96 89,74,27 68,74,22 69,64,21 64,57,18 59,53,17 85,81,23 69,60,13 107,86,14 74,63,56 67,67,64 73,71,67 88,96,112 85,88,97 44,50,67 56,63,58 92,107,139 63,64,69 94,87,90 52,60,88 96,111,129 56,70,109 75,80,129 62,85,141 39,82,154 33,81,147 36,84,150 32,73,139 28,72,137 26,74,140 30,79,142 31,69,129 28,70,131 29,74,134 30,72,133
26,65,118 46,65,112 32,61,120 25,67,128 29,63,120 105,73,57 72,53,55 26,62,118 22,67,125 30,65,126 25,62,111 31,69,129 25,66,121 47,82,141 45,77,126 59,64,90 86,60,48 93,70,57 104,97,109 98,94,105 103,99,110 97,93,104 95,91,104 98,94,105 93,91,103 108,106,118 101,98,113 58,64,85 77,71,62 70,73,82 57,67,64 75,74,22 75,64,29 120,100,80 79,63,9 224,200,79 211,191,114 153,121,50 45,73,146 27,76,139 30,73,141 32,73,139 29,69,127 27,73,137 27,73,135 27,71,136 26,75,138 25,74,135 24,73,136 26,74,140 28,74,138 30,72,129 34,73,128 24,76,145 61,87,133 68,92,137 26,71,129 87,102,147 121,124,160 29,68,133 119,124,150 100,106,127 31,66,116 120,133,163
65,93,129 77,68,81 78,77,92 107,121,171 77,80,89 97,68,46 85,61,55 74,70,83 91,112,158 50,78,130 93,94,117 40,74,131 84,101,144 63,82,131 33,68,127 37,61,106 91,66,49 92,69,54 101,94,106 99,95,106 101,97,108 98,94,105 95,91,102 96,92,103 95,91,104 100,97,112 99,98,113 28,68,126 26,72,125 30,68,126 55,69,62 81,80,28 106,98,48 191,164,58 78,68,28 83,66,27 81,63,21 143,125,54 255,254,34 36,70,136 119,122,142 110,116,137 32,70,132 103,98,114 113,128,171 78,95,140 80,78,90 56,84,138 121,119,139 82,80,90 103,127,176 116,113,130 88,85,91 119,139,183 82,85,107 83,76,88 113,130,175 105,104,121 86,79,89 63,89,135 101,102,125 72,72,82 46,68,109 99,102,124
84,83,98 83,79,90 79,72,82 90,96,126 98,91,103 100,73,57 84,61,58 91,89,99 73,92,139 62,85,123 79,72,82 62,81,132 88,88,100 75,69,76 76,102,150 66,64,72 85,58,42 83,60,45 100,93,105 103,99,110 99,95,106 97,93,104 104,100,111 99,95,106 97,93,104 101,97,110 99,95,108 28,69,122 79,74,92 89,99,144 60,66,55 79,79,18 94,90,28 83,76,15 81,83,37 85,76,29 224,194,67 255,245,84 198,175,15 58,80,121 99,92,104 86,84,92 48,73,124 86,84,92 122,138,176 89,109,151 77,77,87 112,130,170 126,124,148 81,80,85 122,134,167 105,101,112 84,81,87 98,100,127 79,75,88 86,85,90 79,77,87 87,82,98 89,85,94 83,81,91 75,71,80 75,71,80 74,71,75 75,72,76
91,88,94 98,95,101 91,87,96 95,91,100 98,94,103 88,61,45 85,65,56 91,87,96 90,86,95 94,90,99 80,77,83 76,72,81 86,82,91 78,77,80 79,76,82 88,86,94 87,60,44 84,59,42 100,93,105 99,95,106 103,99,110 105,101,112 103,99,110 99,95,106 103,99,110 99,95,106 101,98,102 100,118,156 82,76,81 97,103,133 67,73,32 88,86,26 96,85,21 97,91,27 91,83,31 155,131,69 158,131,54 178,162,33 241,221,32 81,77,86 80,77,81 84,80,89 87,83,92 80,76,85 79,75,84 92,88,97 79,75,84 84,80,89 95,91,100 86,82,91 87,83,92 91,87,96 90,86,95 97,93,102 99,96,102 88,85,91 106,100,107 92,88,97 87,83,92 95,91,100 99,95,104 95,91,100 95,91,100 89,85,94
94,90,99 75,71,80 94,90,99 83,79,88 87,83,92 95,68,52 79,62,52 99,95,104 102,98,107 95,91,102 70,66,75 92,88,97 95,91,100 97,90,100 91,87,96 98,96,104 88,61,45 86,61,44 94,87,97 94,90,99 96,92,101 97,93,102 96,92,101 90,86,95 86,82,91 87,83,92 90,86,95 95,91,100 95,81,83 55,61,48 70,73,24 86,80,16 98,91,21 93,85,20 94,82,16 94,84,17 85,77,14 78,69,13 218,204,20 115,92,79 117,98,82 99,93,100 98,94,103 103,99,108 101,97,106 96,92,101 93,91,99 89,80,91 86,82,91 79,75,84 83,79,88 89,85,94 104,100,109 91,87,96 91,87,96 89,85,94 99,95,104 89,85,94 99,95,104 99,95,104 97,93,102 95,91,100 97,93,102 89,85,94
83,79,88 79,75,84 92,89,93 91,87,96 102,99,105 101,71,54 92,76,61 90,86,95 86,82,91 91,88,94 73,70,74 86,83,89 82,78,87 97,93,102 93,86,96 93,92,95 93,67,53 82,59,44 96,89,101 99,95,106 99,95,104 99,95,104 98,94,103 99,95,106 91,87,98 95,91,100 62,57,45 94,85,81 41,38,42 66,71,37 77,76,22 83,80,15 95,81,13 98,86,20 96,86,19 100,89,27 120,105,24 230,212,43 246,230,29 127,102,74 147,115,85 123,108,97 86,84,92 85,83,91 96,92,101 90,86,95 92,85,95 83,79,88 92,88,97 98,94,103 102,90,102 99,92,102 99,92,102 99,92,102 103,96,106 107,100,110 99,92,102 99,95,104 99,95,104 104,100,109 106,99,109 106,97,108 107,98,111 96,92,101
84,80,89 79,75,84 91,88,92 92,88,97 96,93,97 89,57,43 89,70,58 89,85,94 87,83,92 91,88,94 98,95,99 97,94,98 81,79,80 102,98,107 90,86,95 97,96,99 89,58,46 77,56,41 88,81,93 94,90,101 94,91,97 97,94,100 99,96,102 98,95,101 89,87,95 94,92,102 87,95,115 42,37,39 42,40,36 63,59,49 81,79,19 91,83,18 99,82,13 90,76,8 95,81,15 95,82,19 90,82,19 65,57,7 234,212,6 180,156,130 127,97,71 123,100,71 132,129,114 105,96,107 105,96,107 104,97,107 107,98,109 98,89,100 101,97,106 106,102,111 105,98,108 100,91,102 99,92,102 96,92,101 106,97,108 107,100,110 102,98,107 109,105,114 103,99,108 103,99,108 106,99,109 106,102,111 105,101,112 97,90,102
79,75,84 79,75,84 84,81,85 81,78,82 97,94,98 95,65,48 85,65,56 77,73,82 81,77,86 90,87,91 97,94,98 94,91,95 80,76,85 94,90,99 87,84,90 98,97,100 99,67,53 82,59,44 99,92,106 81,77,88 101,97,108 98,94,105 104,100,111 97,95,105 119,116,122 95,108,127 88,103,121 40,37,41 43,38,37 48,41,44 80,76,39 91,83,18 103,85,12 99,83,9 86,78,13 84,77,16 80,71,13 157,143,30 189,168,25 117,98,71 96,77,52 98,69,45 255,248,194 117,111,116 104,97,107 90,86,95 76,75,80 81,77,88 106,99,109 107,100,110 103,96,106 87,78,89 87,83,92 88,84,93 103,99,108 102,98,107 97,93,102 84,80,89 95,91,102 89,85,96 97,93,102 102,98,107 98,94,103 95,91,100
81,77,86 79,75,84 94,91,95 87,84,90 94,91,95 83,57,45 95,75,68 92,88,97 91,87,96 94,91,97 95,92,96 90,88,89 80,76,85 90,86,95 84,81,87 89,88,91 98,68,53 67,49,44 90,86,95 92,88,97 101,97,108 98,94,105 103,99,110 93,92,107 93,105,129 98,104,123 91,96,102 46,41,40 50,43,41 49,39,40 47,40,38 62,60,56 92,87,18 93,83,16 86,79,18 85,76,18 169,145,0 241,215,35 213,188,131 102,83,60 117,96,71 72,59,36 166,149,125 255,244,218 101,94,104 94,90,99 84,80,89 83,76,86 103,99,108 103,99,108 100,93,103 99,90,101 104,100,109 101,97,106 105,98,108 107,100,110 98,94,103 90,86,95 102,98,109 101,97,108 106,97,108 104,100,109 98,94,103 99,92,102
75,71,80 76,72,81 84,82,83 81,78,82 92,89,93 90,65,48 92,75,67 87,83,92 90,86,95 88,84,93 53,48,47 103,92,89 74,70,79 88,84,93 83,80,84 91,88,92 95,69,57 95,82,75 90,84,91 89,85,96 69,65,76 96,92,103 101,97,108 84,98,119 99,104,110 102,102,97 100,97,82 42,38,30 41,34,37 42,35,35 39,30,26 42,38,32 87,85,86 71,66,63 71,68,44 160,139,67 233,206,145 181,156,110 188,161,116 69,50,27 62,44,23 101,83,62 83,80,67 217,199,155 98,94,103 94,92,100 88,86,94 80,76,85 103,99,108 102,98,107 98,91,101 93,86,96 97,93,102 95,91,100 101,97,106 103,99,108 96,92,101 89,85,94 92,88,97 89,85,94 99,95,104 99,95,104 98,94,105 87,83,92
75,71,80 81,77,86 88,85,89 80,77,81 87,84,88 81,58,43 95,78,70 86,82,91 95,91,100 81,77,86 53,48,47 111,92,80 77,73,82 92,89,95 80,77,81 88,85,91 56,43,36 97,82,71 77,74,80 83,79,90 94,90,101 87,83,94 87,97,115 94,102,109 102,101,90 104,97,81 105,96,81 75,67,54 46,36,35 46,36,35 40,33,31 41,34,34 34,29,28 46,41,40 101,93,82 171,155,122 206,189,140 104,86,56 66,47,35 101,83,62 78,60,41 107,86,63 84,79,65 169,150,123 155,151,160 202,202,202 86,81,83 80,76,85 96,92,101 102,98,107 98,94,103 90,86,95 101,97,106 95,91,100 95,91,100 102,98,107 96,92,101 94,90,99 95,91,100 94,90,99 91,87,96 101,97,106 99,95,106 92,88,99
75,71,80 80,76,85 87,84,88 82,79,83 82,79,85 98,72,58 87,69,66 86,82,91 90,86,95 82,78,87 60,55,54 138,117,104 96,84,72 89,86,92 79,76,80 86,83,87 97,84,77 97,82,73 84,81,87 86,82,93 92,85,97 91,93,109 90,99,112 102,104,104 107,99,86 103,96,80 97,90,74 90,80,68 47,38,34 43,34,30 42,35,33 49,39,38 43,36,36 102,95,95 51,45,40 47,36,29 108,100,89 68,64,56 84,68,55 74,54,34 110,85,66 107,83,61 91,86,72 133,116,90 63,48,56 69,71,71 78,73,75 74,70,79 97,93,102 98,94,103 97,93,102 88,84,93 95,91,100 95,91,100 96,92,101 102,98,107 97,93,102 90,86,95 89,85,94 88,84,93 97,93,102 101,97,106 98,94,105 89,85,96
74,70,79 75,71,80 79,76,80 76,73,77 86,83,87 101,72,52 95,78,70 84,80,89 90,86,95 70,62,70 74,60,62 112,90,72 103,86,76 26,19,22 52,50,51 67,67,64 92,80,70 60,49,44 84,80,89 86,84,94 86,84,94 91,101,119 98,100,100 105,99,90 104,97,77 98,87,68 94,85,66 45,36,32 46,36,35 46,36,37 43,36,36 41,34,34 47,37,36 49,42,40 122,111,104 100,97,84 87,73,55 90,91,81 105,91,75 88,67,44 108,84,62 88,62,39 100,92,79 99,89,65 197,179,176 33,34,53 58,56,57 63,60,66 99,95,104 98,94,103 88,84,93 82,78,87 91,89,99 95,93,101 99,95,104 99,95,104 88,84,93 94,90,99 87,83,92 90,86,95 99,95,104 99,95,104 89,85,94 88,84,93
101,70,51 88,55,44 109,80,60 113,86,70 105,77,64 97,66,56 85,72,65 88,84,93 87,83,92 75,72,76 60,40,31 57,51,42 163,138,110 78,66,68 30,20,19 42,36,31 85,74,59 73,57,51 94,64,47 67,46,35 86,93,116 90,101,114 98,102,106 94,91,76 85,78,62 98,82,67 42,33,27 42,37,39 38,31,31 43,36,34 44,34,33 38,31,29 49,42,40 54,42,30 187,172,152 128,114,100 209,187,151 116,105,88 75,64,49 79,65,49 80,66,48 81,66,46 100,95,81 170,148,110 255,255,213 26,27,46 68,66,67 65,61,70 89,85,94 94,90,99 90,86,95 83,79,88 98,96,106 93,91,99 94,90,99 89,85,94 89,85,94 78,76,84 92,85,99 90,86,95 94,90,99 91,87,96 91,87,96 88,85,91
69,65,76 68,64,75 74,68,75 74,71,77 89,67,49 105,75,60 80,65,56 79,75,84 80,76,85 98,42,34 67,50,42 61,46,35 100,79,64 80,65,56 58,48,47 117,95,75 75,60,49 101,85,72 83,79,101 74,78,107 90,98,116 95,104,117 97,102,112 89,90,93 58,58,53 71,56,45 43,36,34 44,44,41 33,31,29 45,44,37 91,90,83 103,102,95 101,100,93 100,90,80 147,129,110 171,151,119 175,158,121 94,83,66 97,87,63 108,94,65 161,149,112 79,66,45 141,131,109 230,210,162 255,252,186 25,29,44 65,60,59 54,58,60 84,80,93 88,84,95 86,80,87 89,83,90 90,84,91 83,76,86 87,84,88 92,85,95 89,82,92 82,75,85 85,78,88 84,77,87 84,80,89 88,86,94 89,82,94 80,78,88
79,72,82 78,71,81 78,72,79 106,80,66 81,71,72 98,68,51 85,69,65 79,76,82 76,70,77 114,48,32 64,44,35 62,45,37 59,44,33 70,56,58 93,77,71 90,68,50 76,60,47 223,202,187 71,65,72 46,51,75 93,98,106 97,105,114 97,102,108 85,89,91 69,70,73 29,43,80 52,65,93 89,93,97 95,95,95 102,100,96 90,88,84 93,95,90 112,108,100 196,178,146 202,176,126 247,221,169 250,222,164 255,236,182 255,248,192 255,251,188 255,246,181 255,234,173 200,178,140 242,217,169 249,226,168 37,38,57 66,66,66 54,48,53 51,45,52 51,45,52 53,47,54 58,55,61 89,85,94 83,79,88 89,82,92 89,85,96 86,82,91 84,77,87 89,82,92 89,82,94 79,75,86 86,82,91 84,80,89 83,79,88
53,35,30 58,40,35 86,65,54 76,57,41 67,62,61 96,62,42 76,60,56 70,66,75 74,64,68 145,109,91 67,46,35 62,42,33 59,44,33 69,54,43 124,99,82 142,124,123 104,91,101 131,114,104 255,226,205 78,66,54 88,85,91 102,103,108 92,97,105 97,102,110 69,75,78 53,43,44 81,64,54 89,94,104 95,100,106 96,101,109 91,96,102 98,103,109 161,155,146 205,187,157 218,193,149 234,208,158 254,228,174 252,221,168 255,232,169 255,243,180 255,239,176 255,250,187 233,214,161 242,218,167 211,192,167 69,81,116 45,57,106 41,57,109 46,61,120 44,58,120 37,58,122 39,65,127 43,62,122 40,64,124 38,61,124 38,61,124 41,61,118 43,64,114 42,60,116 44,60,110 40,56,106 38,59,109 37,58,108 34,53,104
82,54,41 81,53,40 105,70,57 101,70,51 71,59,61 95,64,45 79,63,59 62,59,65 78,67,64 116,75,59 70,47,36 65,44,33 63,48,37 78,63,54 112,94,91 75,66,77 81,66,76 66,50,44 157,121,99 189,164,161 71,54,46 94,93,84 93,93,101 86,89,98 73,74,64 64,66,51 72,64,53 89,94,100 92,97,103 94,102,107 96,104,109 109,114,120 135,131,121 151,142,127 191,171,141 228,207,164 239,213,161 254,228,174 254,220,159 253,226,165 255,230,167 255,245,183 205,184,141 247,224,164 101,87,73 89,78,75 60,56,65 62,39,26 72,53,37 68,47,32 53,33,26 49,35,40 67,60,70 47,37,41 58,37,26 57,42,31 62,45,35 55,36,20 60,49,56 44,29,20 59,39,30 54,38,34 52,37,28 48,33,24
84,57,41 80,53,37 95,66,46 81,49,33 58,48,52 87,60,44 64,49,40 52,52,49 85,65,58 86,57,51 66,47,35 62,45,35 74,55,41 75,56,44 78,62,58 74,64,63 86,70,68 63,47,45 143,114,94 205,154,128 71,63,71 96,71,83 89,93,97 70,68,50 72,75,26 51,63,16 42,44,16 91,91,91 102,101,106 100,104,108 102,103,106 93,98,97 107,108,111 102,103,95 139,130,115 188,171,143 199,180,141 202,182,134 215,186,133 232,206,154 229,204,147 216,185,132 255,251,28 114,99,59 92,78,78 83,72,65 44,42,62 50,37,45 55,39,37 55,39,37 48,30,25 52,36,30 46,44,40 52,41,38 54,33,20 54,33,22 62,43,29 53,33,24 53,43,47 52,35,25 59,39,30 52,32,25 55,34,23 51,34,26
75,54,39 67,46,31 63,42,31 85,57,48 161,140,113 79,58,43 157,133,109 169,150,115 113,90,75 120,104,91 71,52,40 69,47,39 73,52,37 121,101,94 76,64,52 80,67,64 45,32,25 61,45,39 78,53,36 93,69,61 78,62,58 83,61,43 80,74,65 69,73,19 71,82,26 82,81,27 65,70,23 59,52,36 100,97,84 101,100,91 106,102,96 101,102,94 103,102,93 94,93,82 95,96,84 106,99,83 147,137,115 185,168,131 194,168,127 201,176,130 203,178,134 196,166,41 255,227,52 208,193,55 80,69,66 82,70,72 65,63,75 65,60,76 65,57,74 64,56,73 61,57,70 59,57,79 62,59,74 64,61,78 67,59,78 67,59,76 65,60,76 65,58,72 65,57,76 63,58,74 60,57,72 64,61,78 62,58,80 60,58,80
83,72,67 115,104,99 163,150,127 144,130,105 136,117,94 147,125,105 192,167,137 166,145,132 105,92,102 68,58,76 79,56,53 71,51,42 70,54,41 143,127,112 71,61,51 75,62,55 67,54,47 81,65,52 78,50,37 152,113,72 161,114,64 196,156,102 158,123,85 66,74,21 77,79,26 84,84,25 82,77,22 80,75,32 60,53,24 100,93,73 111,101,89 109,103,94 96,88,75 101,94,78 99,92,76 90,88,70 97,90,72 141,127,100 153,135,105 161,142,103 131,111,81 246,205,46 145,119,0 230,203,1 66,59,59 68,66,78 64,61,76 64,61,76 62,59,74 64,61,76 63,62,77 65,63,75 67,60,74 67,60,74 65,60,76 67,63,76 65,60,76 65,60,76 65,60,76 65,60,76 65,60,76 65,60,76 65,60,76 65,60,76
157,136,109 163,142,115 172,149,120 176,153,124 190,167,138 199,175,140 195,174,133 194,168,127 193,165,127 190,166,129 72,51,40 69,49,40 71,55,40 175,152,121 83,72,53 75,63,53 93,78,67 96,81,70 100,82,77 166,132,89 106,75,38 154,120,75 161,118,73 71,67,19 85,81,21 85,78,19 80,76,28 85,78,49 82,67,29 81,79,57 92,79,58 107,93,75 111,98,77 105,92,71 98,87,68 92,83,64 94,87,69 92,85,69 75,68,52 71,66,54 183,158,40 217,185,32 243,215,65 111,93,4 65,58,58 193,166,134 195,166,131 197,164,125 203,171,137 205,173,139 202,176,137 179,155,120 187,160,126 182,155,123 174,149,119 171,148,119 168,144,118 161,140,115 157,138,122 154,135,119 137,122,111 127,115,103 120,107,100 107,94,91
215,189,148 210,184,143 199,171,133 202,176,137 194,168,129 201,175,136 201,175,136 201,173,133 201,174,138 194,170,135 126,110,97 114,100,86 161,141,111 168,141,109 57,46,31 77,62,51 112,96,81 120,104,89 138,118,98 117,84,47 57,38,22 127,94,67 154,115,72 90,73,22 81,72,12 75,71,25 76,66,24 80,75,24 76,73,60 83,83,78 72,66,59 49,33,20 54,36,17 88,72,57 96,76,56 93,80,59 93,79,63 62,51,36 42,30,20 247,229,167 108,87,31 110,91,52 140,110,0 102,80,44 71,79,109 70,76,108 50,63,107 44,58,120 37,56,116 34,56,115 29,51,112 33,52,112 34,53,104 44,60,110 56,75,126 72,86,134 94,107,151 108,115,152 133,141,169 152,153,172 174,166,174 173,164,160 190,174,159 193,176,150
206,178,140 205,177,139 221,189,147 213,185,147 210,182,142 217,189,149 217,187,143 204,173,134 200,175,147 70,62,68 84,76,82 114,103,100 80,69,62 152,133,119 66,50,48 80,65,54 114,98,85 129,113,98 115,83,53 111,82,58 102,78,52 106,85,58 119,91,64 109,79,51 84,74,21 74,63,17 74,68,22 77,67,25 95,87,65 86,88,85 94,93,86 91,90,83 93,93,93 81,81,76 43,30,23 42,34,23 50,45,44 82,73,67 233,212,158 255,236,173 186,165,122 119,102,51 113,100,25 204,178,139 78,69,65 130,114,97 201,173,135 205,177,139 206,178,140 212,184,146 202,176,135 197,171,130 204,176,136 204,176,136 201,173,133 201,173,133 198,172,131 204,174,132 210,177,138 206,176,132 195,167,129 182,155,119 179,157,123 170,149,124
225,185,131 236,198,134 233,181,108 213,166,105 220,185,118 243,198,123 205,165,101 255,211,97 73,64,47 61,55,60 61,58,62 88,81,91 59,56,62 65,63,73 66,53,46 90,75,64 114,99,90 148,125,110 122,88,54 106,74,44 100,71,49 85,60,30 95,71,47 82,61,38 76,53,24 84,67,18 81,68,16 87,75,49 89,91,88 92,96,100 94,94,89 88,89,81 94,95,87 92,94,91 84,89,88 79,79,76 79,77,73 197,175,139 231,202,153 231,205,151 255,254,190 90,78,41 153,136,112 197,167,123 38,37,30 53,43,47 198,172,133 201,175,136 185,159,120 181,155,116 193,167,128 198,172,133 198,170,132 196,168,130 191,163,125 198,172,133 197,171,132 196,170,131 197,171,132 192,166,125 203,175,135 196,168,130 196,168,130 196,167,132
255,218,119 249,194,93 211,160,93 190,149,77 190,148,67 144,110,47 172,134,68 251,199,126 64,55,51 90,81,92 91,84,87 67,65,73 68,60,66 71,64,67 70,55,46 96,81,72 116,101,92 154,136,117 119,89,63 105,75,47 86,71,51 82,63,49 80,60,40 76,54,34 84,58,33 85,61,37 44,28,15 70,41,17 51,31,1 68,49,33 91,92,84 85,86,78 89,90,82 90,90,85 91,92,84 92,91,80 185,166,129 207,185,138 213,191,144 219,194,146 120,97,68 126,82,40 66,61,77 61,54,66 62,57,75 59,57,69 156,130,107 196,170,131 196,168,130 194,166,128 186,160,121 195,169,130 205,177,139 201,173,135 195,167,129 209,181,141 208,178,136 215,185,143 220,189,150 216,183,144 210,182,142 206,178,138 208,180,140 201,173,133
114,95,60 77,57,27 73,54,31 93,78,56 111,75,42 160,128,86 160,122,87 185,148,79 57,51,58 86,79,89 78,71,74 60,54,61 68,61,64 66,58,47 76,66,56 105,90,79 126,110,93 145,125,105 125,96,72 100,73,41 69,55,30 82,53,29 77,56,29 77,56,33 79,58,35 85,64,39 42,29,8 91,65,40 48,34,20 58,37,0 49,36,4 66,55,50 87,86,77 81,84,72 91,91,75 148,135,112 188,173,137 186,170,128 120,96,72 66,41,11 112,71,24 178,110,40 81,68,65 95,76,64 189,161,132 203,172,135 199,171,133 201,175,134 194,168,127 198,172,131 195,169,130 193,167,128 196,170,131 208,182,143 201,175,136 198,172,133 196,170,131 196,170,131 188,162,123 188,162,121 208,180,142 210,182,144 200,174,133 195,169,128
64,51,48 61,48,45 76,64,54 67,52,30 76,51,32 118,88,60 91,66,38 135,101,67 73,61,66 63,55,63 66,56,60 58,51,51 62,56,51 75,66,58 91,76,65 114,97,89 119,100,84 164,140,118 139,112,80 96,79,55 81,67,40 77,58,31 72,56,39 66,55,48 61,51,41 63,51,39 43,31,19 74,55,43 49,32,22 57,34,3 40,30,20 39,28,13 172,138,93 149,115,70 110,108,116 69,83,145 65,78,133 146,152,173 53,32,19 52,35,9 82,50,8 210,131,38 194,166,128 198,167,128 192,165,131 189,162,126 191,163,123 196,168,128 198,172,131 194,168,129 196,168,130 201,174,138 202,174,136 207,181,142 194,167,131 194,168,129 200,174,135 198,172,131 200,174,135 203,177,138 207,176,139 209,181,143 204,176,136 209,183,142