23,20,24 23,20,24 22,21,24 23,20,24 20,19,22 20,19,22 20,19,22 20,19,22 20,19,22 21,18,22 19,16,20 21,18,22 21,18,22 20,19,22 21,18,22 21,18,22 20,19,22 20,19,22 20,19,22 18,19,22 20,20,20 40,31,25 77,67,18 76,62,19 83,56,20 78,44,24 86,48,29 85,50,35 80,44,34 62,31,23 58,30,19 53,30,19 46,29,19 41,26,15 42,28,10 39,30,15 43,29,13 45,35,13 45,34,15 44,31,10 52,34,15 62,37,18 65,34,22 56,25,13 70,40,25 79,42,27 78,43,30 66,35,23 72,41,29 74,43,31 63,35,26 69,37,23 63,32,20 79,44,29 65,30,17 60,29,17 61,30,18 62,30,16 59,27,11 49,26,13 41,21,12 42,21,8 51,24,8 56,27,7
23,20,24 24,21,25 22,21,24 23,20,24 20,19,22 20,19,22 20,19,22 23,20,24 22,21,24 23,21,22 23,21,22 23,21,22 23,21,22 25,20,22 24,22,23 24,22,23 25,20,22 25,20,22 25,20,22 30,20,24 28,21,24 27,22,21 39,26,21 79,62,15 85,61,26 95,59,30 78,44,24 91,54,41 76,43,32 62,36,26 52,26,14 47,28,14 45,31,13 45,34,17 49,36,13 48,38,14 54,42,16 56,44,16 57,43,16 57,43,16 57,45,17 64,43,18 66,36,19 68,33,20 70,41,21 70,41,21 73,44,24 81,49,35 81,49,33 72,41,29 69,39,24 63,32,20 69,38,26 73,38,23 73,36,21 71,36,21 58,28,13 59,29,14 66,35,16 56,26,11 42,21,8 44,23,12 46,23,8 58,28,11
23,20,24 23,20,24 24,23,26 24,21,25 20,19,22 20,19,22 20,19,22 24,21,25 23,20,24 23,21,22 25,20,22 27,20,23 27,22,21 29,22,22 30,23,23 32,22,21 31,24,22 31,24,22 37,28,24 39,28,23 41,30,25 41,30,25 45,35,25 54,35,23 67,35,19 85,43,30 85,44,28 90,51,37 72,41,31 60,34,24 46,27,13 45,35,13 48,39,12 50,41,12 52,43,14 55,43,15 56,44,16 59,47,19 61,49,19 66,53,21 71,59,20 71,59,22 65,49,18 70,47,18 68,48,16 73,51,17 74,49,21 73,47,22 88,57,38 76,44,28 75,40,27 69,33,23 56,30,16 71,39,25 82,41,23 77,31,17 73,36,23 62,30,16 66,32,14 59,27,13 55,24,12 53,22,10 49,23,9 48,22,8
21,18,22 24,21,25 29,27,35 24,23,26 20,19,22 20,19,22 20,19,24 20,17,21 21,19,20 23,21,22 22,22,22 26,19,22 27,20,23 28,21,24 29,22,22 31,21,22 32,23,19 35,26,22 41,28,25 42,29,24 43,30,25 43,30,25 43,30,25 42,30,20 63,31,26 85,42,25 91,48,31 83,44,30 67,36,28 51,29,21 70,56,38 48,38,14 53,44,15 53,44,15 57,45,17 56,47,16 56,47,16 57,48,17 65,55,17 76,69,26 78,71,28 75,66,21 70,61,16 69,60,15 75,65,23 70,58,19 75,58,23 67,51,20 73,49,25 74,45,23 72,42,25 76,41,28 77,42,29 57,29,16 77,36,18 86,38,13 80,35,12 73,34,20 67,31,11 61,29,13 59,27,13 51,23,10 44,21,8 38,19,7
21,18,22 21,18,22 20,19,22 26,25,28 22,21,24 20,19,22 20,19,22 20,19,22 23,20,24 23,20,24 23,21,22 28,18,22 28,21,24 31,21,22 32,22,23 32,23,19 33,24,20 36,27,23 43,30,27 42,29,24 43,30,25 43,30,25 42,29,24 45,29,23 46,34,22 77,42,27 90,44,26 75,38,25 61,30,20 47,26,15 46,38,14 55,46,15 55,46,17 56,47,16 58,46,16 61,53,19 73,66,25 75,69,21 76,71,20 76,67,22 68,58,20 76,67,20 77,68,21 76,66,24 73,64,19 72,61,15 68,58,16 71,59,22 69,49,17 65,45,15 74,43,22 81,45,27 73,36,23 70,35,22 60,29,17 70,29,13 79,34,11 79,36,17 67,29,10 72,36,18 65,28,13 56,24,10 40,21,9 38,22,9
22,21,24 20,19,22 20,19,22 26,25,28 25,24,27 19,18,21 20,19,22 20,19,22 21,18,22 23,20,24 23,21,22 26,19,22 28,21,19 31,21,22 32,22,23 32,22,21 32,23,19 33,23,22 38,27,24 42,29,26 39,28,23 41,28,23 42,29,24 42,29,24 50,33,25 85,48,33 88,42,24 75,38,25 59,28,20 44,24,15 54,44,20 56,47,16 57,48,17 60,52,18 68,60,24 78,72,26 80,74,28 78,74,26 78,69,24 83,77,29 81,75,27 73,66,23 72,62,22 71,64,21 71,64,21 70,63,20 68,58,18 59,54,11 69,53,22 66,47,20 61,40,15 78,44,26 76,41,26 62,29,18 63,31,17 72,33,19 81,36,13 73,35,16 79,33,15 68,30,13 76,33,16 61,29,13 42,21,10 39,19,10
24,23,26 24,23,26 25,24,27 27,26,29 25,25,33 25,24,27 20,19,22 20,19,22 20,17,21 23,20,24 23,21,22 26,21,23 28,21,19 31,21,22 31,21,22 32,22,23 32,22,23 33,23,22 35,26,22 43,30,27 42,29,26 42,29,26 39,26,21 40,27,22 45,32,25 76,46,31 84,41,22 79,40,26 61,30,22 48,29,17 69,62,23 67,60,21 68,60,24 75,68,25 83,77,29 83,77,29 83,78,25 78,72,26 76,70,22 73,67,21 75,69,21 80,74,28 74,68,22 74,68,22 75,69,23 74,68,22 73,63,25 71,61,21 63,54,23 60,51,20 62,44,23 61,40,15 76,42,24 82,45,30 63,30,19 71,34,19 75,34,16 77,34,15 78,31,10 73,32,12 78,33,10 63,27,9 46,24,16 45,24,13
20,19,22 20,19,22 23,22,25 26,24,32 31,31,39 28,28,36 26,25,30 20,19,22 21,18,22 21,18,22 21,19,20 23,21,22 29,19,23 28,21,24 31,21,20 32,22,23 33,24,20 33,23,22 36,27,23 35,26,22 43,30,27 41,28,23 42,29,24 43,30,25 47,31,25 50,33,23 84,48,30 85,46,34 68,32,22 60,29,17 71,66,23 70,64,16 87,82,27 87,83,25 84,79,24 83,78,27 82,76,28 77,71,23 78,72,26 73,67,19 74,68,22 76,70,24 76,70,22 77,71,25 78,72,26 74,68,22 71,64,21 72,62,20 63,56,15 61,54,15 56,44,14 61,44,18 63,36,18 85,44,28 66,31,18 74,32,19 78,37,19 81,35,17 70,34,16 87,34,11 79,33,15 64,29,16 56,23,12 54,26,15
20,19,22 20,19,22 20,19,22 26,24,32 29,29,37 31,31,41 30,30,40 25,26,31 22,21,26 19,18,21 22,21,24 23,20,24 25,20,22 26,21,23 29,22,25 29,22,22 32,22,21 32,22,23 32,22,23 33,24,20 39,28,25 39,26,23 38,27,22 41,28,23 41,28,23 42,29,22 60,37,22 77,42,29 78,41,28 55,32,17 72,68,20 56,48,12 63,51,21 69,58,25 62,51,16 54,41,18 56,44,18 58,46,18 71,61,23 74,68,22 73,67,21 75,69,23 76,70,24 75,69,23 76,70,24 73,69,23 73,67,21 69,62,21 68,58,20 65,55,17 56,48,12 53,44,17 64,39,20 63,33,16 87,45,32 71,35,15 67,31,11 78,35,18 62,28,8 80,33,12 91,33,9 75,34,16 53,22,12 49,26,15
20,19,22 20,19,22 20,19,22 26,25,30 29,29,37 31,31,43 31,31,41 31,31,39 29,29,39 25,25,33 20,19,22 20,19,22 21,19,20 25,20,22 27,20,23 27,20,23 31,21,22 32,22,23 32,23,19 33,24,20 36,27,23 39,26,23 40,29,24 41,28,23 42,29,24 42,29,24 43,31,21 61,33,20 66,33,22 61,38,27 70,64,18 75,73,13 81,79,19 76,72,26 68,63,20 82,77,24 81,75,27 75,68,27 53,45,11 63,56,15 75,69,23 74,68,22 75,69,23 74,68,22 75,69,23 74,68,22 73,67,21 71,65,19 69,59,19 64,57,16 62,54,18 58,46,16 51,36,16 62,37,18 82,40,27 71,34,19 83,37,19 81,38,21 77,34,15 80,35,14 102,42,19 78,35,20 52,24,11 53,27,15
24,21,25 21,18,22 21,18,22 25,24,29 28,28,36 31,31,41 27,27,35 31,31,39 31,31,39 27,27,35 19,18,21 19,18,21 21,18,22 21,18,22 21,19,20 27,20,23 27,22,21 32,22,23 32,22,23 33,24,20 34,23,20 36,25,22 40,27,22 41,28,23 42,29,24 42,29,24 43,32,29 51,31,22 59,32,25 63,37,25 57,51,17 31,20,13 46,39,0 74,70,22 61,57,9 55,47,11 67,64,24 71,66,23 75,69,21 73,67,21 75,69,23 73,67,19 71,65,19 69,62,19 58,47,14 62,55,16 69,59,19 69,62,19 64,57,16 66,56,16 59,54,15 55,46,17 50,41,14 55,40,18 63,36,18 88,47,31 85,38,17 82,40,18 82,39,20 83,38,17 87,34,9 76,29,6 62,27,14 58,27,15
25,22,26 25,22,26 21,18,22 24,22,30 28,28,38 32,32,42 29,29,39 31,31,39 30,30,38 27,26,31 19,18,21 18,17,20 20,19,22 24,23,28 23,21,29 26,22,31 26,23,27 29,23,28 30,23,23 32,22,23 33,24,18 33,24,20 36,25,22 40,27,24 42,29,24 42,29,24 43,30,25 47,32,23 51,35,22 46,45,38 100,97,44 91,83,47 54,47,27 45,43,44 15,10,9 43,53,50 43,38,24 49,38,21 75,71,25 82,76,30 73,68,25 73,67,21 69,62,19 74,67,24 69,58,23 69,57,27 49,38,19 50,36,18 52,43,16 60,52,18 57,49,13 58,46,18 55,42,19 42,35,15 55,36,11 81,39,26 85,40,19 74,38,20 69,35,13 69,34,19 80,33,10 71,28,13 58,31,15 58,27,15
21,18,22 21,18,22 18,19,22 23,22,25 28,28,38 31,31,39 31,31,41 31,31,39 33,31,39 25,24,29 22,21,24 19,18,21 21,18,24 23,21,29 25,25,33 25,25,35 27,25,37 29,27,35 29,28,33 30,27,31 32,29,33 33,28,30 37,30,30 38,28,27 42,29,24 41,30,25 45,32,27 47,31,25 46,36,26 28,50,24 103,98,45 97,91,55 87,81,35 60,54,8 55,41,16 59,41,22 57,43,16 58,41,15 55,41,14 79,80,30 74,70,22 73,63,23 61,53,17 58,51,20 57,52,22 57,52,20 57,50,23 58,51,20 54,47,18 44,36,14 40,31,12 46,35,16 48,40,16 43,36,16 52,38,20 70,36,18 83,42,24 73,37,17 58,30,1 64,29,14 76,30,14 71,28,11 54,22,8 54,23,11
20,19,22 20,19,22 20,19,22 22,21,24 28,28,38 32,32,42 30,30,38 31,31,39 28,28,36 24,23,28 21,18,22 21,18,22 21,18,22 21,18,22 24,21,27 25,23,31 25,27,41 29,31,45 27,31,44 32,32,44 31,30,45 32,32,42 35,32,38 39,33,38 40,33,36 41,34,37 44,34,35 43,31,33 30,46,27 18,42,18 103,98,47 103,95,61 88,81,50 84,74,32 71,64,23 64,52,22 70,60,22 72,61,26 68,60,24 84,83,29 86,83,28 66,59,18 47,39,17 34,30,13 29,26,11 26,23,8 33,25,12 67,62,19 65,61,15 59,52,13 54,45,16 47,40,13 47,36,17 41,32,15 31,26,14 65,37,24 72,34,15 68,37,16 58,35,6 58,31,13 74,37,22 60,28,12 51,23,10 51,23,10
20,19,24 20,20,20 22,21,24 22,21,24 27,27,37 31,31,41 30,30,40 30,30,40 28,28,38 24,20,29 21,18,22 23,20,26 23,21,22 23,20,26 23,22,25 23,20,26 24,22,30 25,25,37 27,31,44 30,32,48 27,34,48 29,33,46 32,34,48 36,34,46 37,36,41 38,35,41 38,35,39 43,33,37 23,50,22 17,42,24 104,101,50 104,96,62 90,79,46 84,76,40 80,70,30 79,69,27 82,72,32 84,75,30 82,78,30 91,91,32 92,84,30 64,59,18 43,36,16 37,35,15 34,31,16 36,28,17 32,24,11 42,38,30 33,37,39 30,26,20 43,37,12 52,43,12 48,37,4 53,36,12 49,34,14 43,25,6 71,37,17 65,40,12 64,41,10 55,25,10 58,31,15 39,20,8 38,19,5 50,22,9
23,22,25 23,22,25 23,22,25 24,23,26 25,25,35 31,31,41 30,30,40 30,30,40 30,26,35 23,20,26 23,20,26 24,21,25 23,22,25 24,21,27 23,21,29 24,21,25 24,21,25 24,21,27 23,22,27 26,24,32 25,28,37 28,32,45 29,33,46 32,34,48 32,34,50 35,34,49 35,35,47 35,38,45 16,45,17 14,39,19 100,99,47 100,95,56 87,79,43 78,67,32 83,73,35 87,78,31 92,84,34 98,94,34 102,99,34 88,86,28 63,55,19 56,47,18 58,44,15 57,43,16 51,38,17 49,38,21 44,37,17 36,32,15 44,36,23 31,31,28 46,41,43 31,32,35 34,29,26 19,13,4 33,24,7 49,34,14 62,41,14 64,44,12 74,45,10 61,32,12 53,39,14 51,38,17 41,22,8 52,24,11
22,21,24 23,22,25 23,22,25 24,23,26 25,25,33 30,30,40 30,30,40 30,30,40 27,25,33 21,18,24 23,19,28 24,21,27 23,21,29 23,22,27 23,21,29 23,21,29 24,21,25 25,19,26 23,19,28 23,19,28 23,20,24 25,23,31 27,25,35 29,32,43 29,33,46 27,34,46 31,36,46 27,42,45 16,42,17 12,40,17 38,53,29 98,89,44 89,79,37 85,75,33 85,75,35 78,66,29 73,64,19 102,100,30 103,95,30 74,70,24 56,44,16 57,45,17 68,51,16 64,49,13 63,45,13 56,42,17 48,39,20 44,40,19 43,36,16 47,36,17 48,38,14 43,33,11 38,29,10 46,35,16 50,35,15 55,38,14 61,43,13 68,44,9 75,46,11 57,40,16 49,40,13 48,39,12 44,36,14 48,35,14
25,24,27 24,23,26 26,23,27 24,23,26 27,25,33 27,27,35 30,30,38 31,31,41 25,24,29 21,18,24 23,20,24 23,20,24 24,21,25 23,20,24 23,22,27 24,22,32 24,21,25 23,17,22 23,19,28 23,20,26 24,21,25 23,21,29 23,21,29 23,22,25 24,23,28 24,22,30 24,30,31 23,48,21 14,40,15 9,37,14 10,33,18 91,88,44 85,81,33 82,75,32 79,69,29 69,61,27 100,90,37 115,108,36 103,95,32 79,69,27 60,46,17 62,49,17 73,52,11 74,51,9 71,48,8 66,43,12 51,45,22 51,44,24 50,46,29 49,44,30 47,43,24 50,41,22 53,43,21 57,42,22 60,43,19 65,45,13 70,46,11 71,47,10 71,43,3 57,45,17 50,41,14 50,41,14 49,39,15 47,37,15
25,24,27 25,24,27 27,26,29 27,26,29 29,27,35 27,27,35 28,28,38 30,30,40 23,22,25 21,18,22 21,18,22 21,18,22 23,20,24 24,21,27 23,21,29 23,21,29 24,21,27 24,21,27 23,20,24 23,19,30 23,22,25 23,21,29 24,22,30 23,21,29 21,22,25 15,17,14 12,20,6 23,44,23 18,42,20 10,35,15 5,32,16 14,32,15 81,79,32 78,71,32 74,66,30 62,53,24 89,87,25 114,113,34 107,102,49 77,71,23 64,55,24 63,50,18 75,52,12 81,54,9 76,49,6 74,49,5 49,42,22 51,44,24 50,48,30 49,47,29 50,48,30 52,45,27 59,46,23 59,45,20 64,47,19 63,46,11 73,46,10 72,49,9 63,51,14 55,49,15 53,46,15 54,45,16 45,38,11 36,29,13
22,21,24 22,21,24 22,21,24 22,21,24 25,24,29 27,27,35 27,27,39 28,28,38 22,21,24 21,18,24 21,18,22 21,18,22 21,18,22 23,20,24 23,20,26 23,19,30 26,20,27 24,20,29 24,21,25 23,20,24 23,22,27 23,21,29 24,20,31 21,22,27 11,16,10 8,16,4 12,22,14 11,34,15 17,41,19 13,39,14 8,31,16 7,25,10 24,30,1 83,79,33 71,66,25 90,85,34 101,95,31 111,109,35 96,94,36 82,72,30 66,54,26 60,46,19 73,50,10 80,55,11 76,48,8 73,47,8 47,39,17 54,44,22 53,44,27 50,46,27 50,46,27 53,46,30 59,46,23 61,44,18 67,47,15 67,48,13 73,47,8 77,49,9 64,57,18 62,54,18 60,52,16 56,47,16 47,37,15 44,35,18
20,19,22 22,21,24 22,21,24 20,19,22 27,24,30 27,27,37 29,29,37 28,28,36 25,23,31 23,20,26 21,18,22 21,18,22 21,18,22 21,18,22 23,19,28 23,19,28 22,21,24 23,21,29 23,21,31 23,21,29 24,22,30 24,22,30 19,16,20 9,15,6 11,17,6 11,24,10 7,29,17 5,32,12 11,39,16 5,35,14 7,32,16 9,29,13 11,19,7 26,27,6 84,87,25 105,100,31 110,103,31 104,99,30 83,78,27 77,71,25 68,60,26 62,45,19 71,50,9 73,51,13 53,36,10 51,36,14 55,42,21 53,47,24 59,45,27 52,43,24 51,42,23 53,43,21 57,43,18 62,43,16 65,45,13 70,46,11 74,51,11 70,60,20 69,63,15 68,62,16 64,57,16 60,52,18 51,38,17 51,38,17
20,19,22 23,22,25 25,24,27 33,32,35 27,28,33 27,25,33 27,27,37 29,29,37 25,23,31 25,23,33 24,21,27 23,20,24 21,18,22 23,20,26 23,19,28 23,20,26 23,19,28 23,20,26 24,20,29 23,21,29 24,21,27 15,17,17 11,17,6 8,19,6 9,22,10 7,30,15 4,33,19 6,33,15 9,39,20 5,32,16 6,26,12 8,23,11 10,18,4 9,15,6 72,72,40 99,96,31 107,102,29 106,99,29 87,83,23 71,66,23 64,56,22 54,45,16 62,50,13 55,43,15 50,41,14 50,43,16 57,48,19 69,60,29 62,53,24 59,49,25 52,43,24 56,43,22 59,42,18 64,44,14 65,46,9 72,45,13 89,85,27 77,71,23 74,68,20 73,67,21 70,63,22 59,47,19 62,48,21 57,43,18
20,19,22 23,22,25 28,29,32 28,29,32 27,24,30 27,27,35 28,28,36 28,28,36 23,22,27 20,19,22 25,24,29 25,23,31 23,20,24 23,20,24 23,19,28 24,21,25 23,19,28 23,19,30 23,20,26 23,22,27 13,19,10 10,18,6 11,17,6 9,22,8 7,26,15 6,31,15 4,34,17 6,33,17 6,30,19 9,28,17 8,23,11 11,19,5 11,14,4 16,17,7 18,18,13 79,79,36 106,105,28 107,100,30 83,76,17 69,63,17 74,67,24 74,70,22 61,55,19 56,44,16 56,44,16 57,43,18 50,42,18 62,54,20 62,55,26 61,54,25 54,45,26 52,44,22 59,42,18 62,45,17 65,45,13 97,91,25 101,93,28 100,93,23 82,80,20 75,70,19 68,52,21 70,56,27 62,48,19 62,48,21
19,18,21 24,23,26 29,28,31 29,30,35 27,28,33 29,27,35 27,27,37 29,29,39 23,22,27 20,19,22 22,21,26 24,24,32 25,23,31 24,22,30 23,20,24 23,19,28 23,20,26 23,20,26 23,20,26 11,16,10 11,17,6 11,17,6 8,19,6 8,22,13 7,30,15 6,31,15 5,32,16 4,34,17 9,28,17 8,25,15 11,19,7 11,19,5 14,17,9 16,18,15 23,20,24 23,19,28 87,86,30 85,77,23 76,67,20 71,64,21 74,68,22 79,76,25 62,51,18 60,46,17 59,45,16 58,44,17 57,45,17 48,40,16 57,52,22 54,49,19 54,44,20 48,40,18 55,43,17 59,42,16 99,92,31 100,95,26 99,94,25 100,95,24 99,94,25 73,64,17 71,56,20 66,53,19 62,49,17 66,49,21
20,19,22 22,21,24 25,24,27 26,25,28 25,24,27 27,26,31 27,27,37 28,28,38 22,21,26 20,19,22 20,17,21 21,18,22 23,23,33 26,24,34 25,23,31 26,22,31 24,21,27 21,18,22 17,18,10 10,18,6 10,18,6 8,19,6 11,19,9 8,21,9 9,28,19 4,27,12 6,31,15 6,31,15 7,26,15 9,20,7 8,19,6 10,18,6 22,21,24 22,22,22 23,22,25 23,20,26 86,76,23 89,79,39 60,44,29 57,43,29 62,51,32 70,56,29 60,47,15 65,48,13 65,47,15 63,45,13 60,46,19 50,42,18 49,43,18 50,44,21 47,41,16 56,44,16 98,94,32 96,93,28 100,92,27 99,93,27 99,94,25 100,95,26 94,87,28 88,70,26 89,73,31 78,63,27 62,48,21 21,30,11
22,21,24 20,19,22 24,23,26 24,23,26 25,24,27 27,25,33 29,27,37 28,28,38 25,24,29 19,18,21 23,20,24 21,18,22 24,21,27 24,25,30 25,25,35 27,25,37 18,20,17 10,18,6 8,19,8 8,19,6 9,20,7 9,20,7 9,20,9 9,20,9 9,22,10 6,23,13 9,28,17 10,25,13 8,21,5 9,20,7 13,19,10 22,21,26 24,20,29 24,21,25 24,22,23 23,22,27 81,68,18 94,90,28 78,69,22 56,42,28 59,43,28 59,45,31 55,40,29 45,28,18 45,33,21 47,37,15 52,43,16 57,45,19 48,41,14 58,46,16 101,93,28 97,94,29 96,93,28 92,88,26 96,93,28 95,92,25 97,94,29 96,93,28 84,69,22 89,71,29 86,70,26 79,65,22 38,41,19 13,25,5
23,20,24 20,19,22 20,19,22 22,21,24 22,21,24 25,24,27 27,25,33 27,27,37 26,24,32 22,22,30 21,18,22 21,18,22 25,19,24 21,18,22 22,23,26 16,18,15 10,18,6 9,20,7 10,18,6 9,20,7 9,20,9 9,20,9 9,20,9 9,20,9 9,20,9 9,20,9 10,20,12 11,19,7 11,19,7 17,19,16 23,21,29 23,22,27 24,21,25 24,21,27 24,20,29 18,17,20 66,58,24 87,74,24 100,98,28 90,83,26 64,55,28 52,42,18 49,38,21 46,36,14 48,41,14 54,45,16 61,54,11 104,102,30 103,101,31 101,96,25 100,95,26 95,92,27 95,92,27 92,89,24 92,89,24 94,91,26 92,88,26 86,78,24 88,72,28 85,71,26 86,69,22 44,51,19 8,35,15 9,42,15
26,19,22 22,21,26 22,21,24 22,21,24 23,22,25 22,21,24 27,27,35 29,29,39 24,20,29 24,23,28 24,23,26 23,22,15 27,21,12 25,22,9 23,23,9 24,23,12 10,18,6 8,19,6 9,20,9 9,20,9 9,20,9 9,20,9 9,20,9 9,20,9 10,21,10 9,20,7 8,19,6 10,18,8 22,21,26 24,20,29 23,21,31 23,22,25 23,20,24 24,21,25 23,22,27 15,10,7 34,32,14 86,75,29 91,84,27 100,95,26 97,90,31 85,83,23 76,73,20 75,73,24 75,73,24 82,86,28 99,96,29 109,105,29 109,104,31 105,100,29 101,96,27 99,94,25 94,90,28 91,88,23 90,87,22 88,87,22 90,82,28 82,66,22 92,74,30 82,67,20 62,46,15 19,35,14 39,42,18 30,35,13
24,17,17 25,23,24 24,23,26 23,22,25 24,23,26 22,21,24 27,25,33 27,27,35 23,22,25 28,25,12 30,24,15 34,30,13 33,31,13 34,32,12 30,28,10 32,30,12 16,22,11 9,20,9 9,20,9 9,20,9 9,20,9 9,20,9 9,20,9 9,20,7 8,19,6 9,20,7 12,18,9 20,19,24 24,20,29 24,20,29 23,22,27 23,20,24 23,20,26 23,20,24 20,17,21 14,9,11 12,12,7 65,73,34 90,77,29 92,85,26 92,89,22 87,85,23 81,80,24 74,73,21 73,71,22 84,84,25 108,103,32 110,109,32 109,105,29 107,102,29 101,96,27 99,94,25 92,89,22 90,87,22 87,86,21 84,84,21 86,73,25 83,66,19 77,62,15 74,59,21 27,35,10 32,33,12 42,37,9 25,33,10
28,18,22 24,22,23 24,23,26 25,24,27 26,25,28 25,24,27 26,25,28 28,26,27 30,27,14 35,31,14 37,33,14 38,34,13 41,37,16 42,35,15 39,37,19 33,34,15 31,32,13 27,29,14 10,21,10 9,20,9 9,20,9 8,19,6 11,19,9 10,18,4 11,19,9 22,26,28 26,24,34 25,23,31 24,22,32 23,21,31 23,21,29 24,21,25 24,21,27 23,22,27 12,10,11 15,15,10 13,14,6 29,31,16 55,63,22 91,76,29 87,78,20 89,88,23 83,81,19 75,72,21 73,69,21 86,86,25 111,107,31 114,110,32 112,108,32 108,103,32 100,95,26 95,92,25 89,88,23 85,85,22 82,82,19 83,78,23 79,63,19 79,62,23 76,59,20 53,44,17 7,25,10 19,33,12 32,24,11 21,37,18
28,18,22 24,22,23 22,21,26 24,23,26 24,23,26 23,23,23 25,23,19 43,39,18 38,34,13 40,36,15 42,35,15 41,38,14 41,37,20 40,36,15 35,33,13 34,35,14 37,33,14 35,30,16 25,24,13 12,18,9 6,17,4 10,18,8 15,20,19 21,22,27 26,29,40 28,27,42 24,28,41 27,26,41 25,24,39 25,25,37 23,23,33 24,22,30 25,23,33 24,22,30 15,10,12 16,14,10 15,16,8 16,17,9 74,84,33 48,59,19 88,74,31 91,74,25 87,83,23 81,76,25 75,68,25 85,82,27 111,107,31 113,109,33 110,108,34 107,102,31 99,94,25 94,91,26 87,85,25 84,84,23 79,81,24 78,65,17 76,61,21 74,58,25 62,45,17 42,39,15 17,20,8 30,30,16 14,20,11 15,39,15
22,16,21 23,22,25 23,20,24 22,21,24 23,23,23 26,25,16 42,39,15 43,39,20 38,34,17 41,37,18 38,33,19 38,33,19 38,34,17 40,38,18 44,37,17 37,33,12 39,37,15 35,33,11 28,24,14 27,25,33 25,24,27 36,36,48 33,36,47 34,37,48 34,37,46 39,38,53 41,43,57 28,28,40 38,42,57 32,34,50 26,24,36 25,25,37 24,24,32 21,18,24 15,10,9 15,16,8 14,17,9 11,14,6 21,24,14 73,78,33 46,61,26 71,65,29 95,73,24 79,65,22 58,55,15 77,76,24 109,105,29 112,107,34 109,104,33 102,97,26 95,92,25 91,88,23 87,85,25 82,81,25 76,73,22 74,59,19 67,51,18 65,48,22 31,34,12 32,32,18 16,22,11 31,33,18 17,25,11 23,61,23
23,18,20 19,18,21 20,19,22 20,19,24 20,20,20 40,35,21 46,37,18 41,37,20 30,26,16 32,28,22 39,36,42 41,39,51 38,38,48 53,42,23 54,47,20 42,38,17 41,37,16 37,33,14 25,23,19 25,22,28 27,24,28 24,21,25 25,21,30 21,18,24 21,18,22 25,22,26 25,24,29 33,31,39 40,44,59 43,49,66 45,49,62 41,43,57 27,27,37 11,10,13 15,10,12 14,17,9 14,17,9 14,17,9 11,13,8 51,56,22 43,62,24 66,73,25 64,58,22 89,71,27 82,65,28 50,38,12 110,108,34 107,102,29 105,98,28 101,93,28 92,89,24 85,85,22 82,82,23 78,77,21 69,70,20 68,53,17 64,50,23 59,42,18 39,37,15 17,20,10 31,33,18 20,21,9 17,41,17 15,52,17
27,20,20 23,22,25 21,22,25 24,22,30 39,36,23 59,50,23 44,37,17 33,28,30 36,40,53 34,38,53 33,37,52 27,25,33 21,18,22 50,47,21 62,53,24 46,39,19 40,36,15 30,26,9 25,22,26 24,21,25 23,20,24 27,24,28 25,22,26 23,21,22 24,21,27 25,22,26 25,22,26 23,21,22 20,17,21 24,21,25 35,35,47 43,49,66 30,33,42 41,44,55 25,23,31 14,17,9 14,17,9 14,17,9 16,17,7 45,42,18 30,45,21 57,67,32 39,54,28 36,48,12 79,65,22 86,69,22 76,65,19 96,93,28 99,93,27 91,88,23 86,85,20 83,80,25 79,78,24 75,74,20 67,62,19 62,50,20 58,44,19 55,37,18 13,24,9 28,28,12 18,25,9 15,21,12 16,53,20 8,51,21
32,20,20 23,22,25 32,31,34 34,33,36 55,48,21 49,42,26 43,41,49 36,40,53 35,31,44 22,21,26 20,17,23 19,17,18 22,22,22 35,32,17 56,46,22 45,41,22 40,36,15 28,26,24 30,29,34 29,27,35 30,29,34 30,28,36 29,28,33 33,31,39 34,32,40 38,36,44 35,35,45 34,31,37 24,23,28 23,20,24 25,22,26 26,20,25 26,23,27 31,30,33 34,36,50 34,36,50 22,24,24 17,17,12 14,17,9 16,17,9 40,41,18 9,37,14 47,56,26 62,67,24 63,67,29 60,56,19 78,66,25 80,64,20 86,78,24 85,85,24 83,81,21 81,80,24 76,80,26 71,72,24 67,62,19 61,49,21 57,43,18 37,33,14 20,24,9 31,31,17 20,23,11 23,39,20 12,54,21 9,52,22
33,21,21 30,29,32 36,35,38 36,35,38 38,38,48 46,49,67 47,53,70 38,38,50 25,22,28 23,17,22 24,21,27 24,23,28 27,26,31 40,36,17 46,39,21 44,37,17 28,27,20 30,27,31 27,26,29 29,27,35 31,29,37 32,32,42 34,32,40 36,34,44 34,32,42 38,36,44 38,36,48 37,35,43 37,35,45 35,31,40 26,24,32 24,23,26 25,22,26 23,20,24 35,32,38 43,46,55 45,49,64 41,43,57 27,27,35 14,17,7 23,22,11 14,22,10 14,32,15 43,50,16 62,60,27 70,66,29 55,61,22 56,52,17 76,61,21 82,66,24 79,65,20 75,69,23 72,73,23 71,68,24 70,60,18 62,48,21 56,41,19 40,36,19 10,23,9 22,23,11 15,16,4 33,54,31 9,52,22 9,52,22