63,64,25 44,41,28 64,29,16 80,41,9 50,39,32 70,44,30 38,36,32 34,33,24 31,29,25 69,72,23 84,84,21 61,73,24 58,53,21 28,27,16 56,67,27 57,55,33 31,25,20 41,35,30 60,40,31 69,47,29 58,38,20 54,31,16 66,42,20 68,46,28 39,28,25 26,19,19 27,20,18 30,26,20 47,38,32 94,70,48 102,67,42 109,67,43 115,69,43 124,79,46 118,73,40 118,72,42 109,65,37 105,63,41 99,59,36 96,60,38 94,56,35 85,54,33 76,47,27 88,57,34 97,63,41 91,60,39 114,76,57 82,53,33 88,59,37 98,69,47 99,58,40 89,63,40 96,67,45 121,84,58 106,70,48 116,74,50 109,67,43 38,29,23 27,20,23 35,33,29 38,24,24 134,99,72 35,32,19 101,79,34
58,51,22 70,40,25 58,52,47 76,33,14 46,35,32 75,44,32 38,36,32 31,29,25 31,29,25 69,72,23 76,80,22 55,48,21 95,61,29 41,31,9 29,24,26 31,22,16 36,30,25 29,23,18 29,23,18 31,22,16 31,24,22 40,29,22 48,34,20 51,35,20 42,28,12 51,32,16 71,44,28 87,53,33 84,53,30 97,73,51 72,43,21 89,47,23 116,70,44 128,83,50 118,72,46 123,77,47 123,76,44 118,73,38 109,65,39 102,62,37 101,63,42 99,63,43 93,59,37 103,67,45 99,62,36 99,63,43 102,64,45 98,64,42 112,83,61 88,59,37 95,59,39 105,74,53 91,62,40 83,61,41 105,74,55 87,58,38 74,53,38 29,17,19 35,30,29 36,27,21 144,93,56 37,35,31 255,180,104 104,87,22
118,64,14 137,43,18 102,37,14 113,38,11 50,40,44 100,58,34 48,54,25 48,50,33 37,38,26 67,74,30 38,42,25 82,32,15 85,55,27 84,31,15 33,27,22 32,22,23 25,21,15 41,43,28 54,43,38 34,28,21 40,31,27 61,45,39 68,41,23 67,44,29 69,43,29 68,41,23 72,45,27 77,47,30 78,53,36 77,51,37 89,55,33 107,62,39 106,66,41 116,74,52 103,70,45 117,76,49 128,84,58 123,75,46 121,75,45 110,76,56 69,35,17 100,58,34 102,57,34 115,69,41 113,68,45 112,67,44 114,72,48 106,65,45 105,69,47 111,70,50 102,72,55 80,54,33 80,55,36 82,60,42 93,68,51 103,72,49 30,20,21 36,31,33 37,26,33 120,81,53 132,80,59 191,119,71 90,82,1 238,152,86
141,63,10 131,37,21 196,85,9 92,51,24 59,48,33 102,61,41 37,42,18 60,54,18 36,42,31 30,35,15 22,29,13 70,70,29 49,38,19 34,38,23 44,47,23 34,37,15 28,36,22 32,33,23 65,43,25 41,29,34 42,33,29 74,57,49 81,51,34 64,41,26 72,47,30 78,51,35 75,40,27 86,50,32 93,46,25 33,23,24 33,28,25 40,33,31 45,31,31 44,37,37 62,49,44 79,55,47 98,64,44 114,73,44 121,71,40 128,76,44 124,80,50 114,66,39 110,69,42 87,49,28 110,68,46 106,69,45 100,63,39 91,56,31 123,78,57 102,62,39 90,61,41 81,56,39 76,53,40 75,53,35 77,54,39 78,56,38 36,29,29 77,52,33 110,68,46 99,59,36 166,117,81 137,73,47 191,142,93 231,167,107
74,36,19 88,44,6 65,44,17 96,45,19 54,51,27 68,45,34 45,48,26 78,72,26 32,41,22 45,45,45 36,44,23 75,72,28 27,37,15 34,44,22 55,59,30 50,57,25 32,34,19 45,35,34 51,44,26 39,29,28 46,36,35 72,57,48 83,53,38 76,46,29 76,46,31 76,46,29 79,44,29 97,56,36 117,64,37 31,24,22 31,24,24 31,24,24 31,24,22 31,24,22 33,26,24 35,28,28 33,28,25 37,27,26 41,29,29 40,31,27 53,42,35 69,54,43 109,73,55 115,70,47 140,96,68 136,91,68 118,74,48 123,74,52 126,79,56 120,75,52 116,80,62 91,66,47 80,64,51 72,56,41 68,53,42 52,41,36 40,35,32 87,61,36 102,60,36 112,68,42 120,69,45 56,55,28 78,47,26 247,179,116
109,106,41 71,44,26 47,46,19 70,68,35 51,49,29 56,43,38 46,47,26 64,66,24 51,48,22 29,38,19 31,41,19 36,37,27 50,54,27 37,42,20 51,56,22 46,50,21 43,45,28 58,47,44 31,34,24 43,33,32 48,34,34 69,52,44 80,50,33 70,40,25 82,48,26 87,55,39 90,56,36 99,58,38 104,63,36 32,27,26 31,24,24 31,24,24 43,28,19 31,24,27 33,26,24 33,26,26 31,24,24 33,26,26 33,26,26 38,31,31 36,29,29 35,28,28 38,28,27 42,32,33 62,49,46 95,65,50 121,87,57 124,84,59 112,70,48 117,75,53 112,77,52 90,60,43 91,60,48 97,74,59 82,63,49 38,25,20 52,45,45 65,49,34 109,68,41 111,67,39 125,85,51 82,78,41 94,56,39 109,97,40
110,97,24 134,123,22 64,71,25 70,71,23 55,58,27 58,42,38 56,59,28 77,42,17 57,49,15 38,41,17 32,37,17 32,37,15 46,50,21 45,47,21 32,37,17 40,43,19 54,45,41 65,46,32 40,30,31 39,29,30 47,37,36 68,52,46 73,43,26 81,50,40 83,49,29 79,53,32 85,54,33 93,50,31 81,45,25 35,29,24 55,26,4 116,63,22 131,82,42 40,31,25 33,23,24 31,24,24 30,23,23 30,23,23 31,24,24 34,27,27 33,26,26 33,26,26 30,23,23 30,25,24 29,24,23 33,26,26 35,25,26 34,27,27 37,32,34 42,37,39 50,37,32 67,54,47 82,59,44 81,60,47 76,57,43 69,52,44 80,61,47 42,29,24 46,32,34 62,43,29 133,86,63 66,61,22 50,38,40 57,55,22
58,70,25 135,123,66 73,80,32 111,109,39 52,50,19 62,74,36 65,61,26 136,61,16 32,33,14 45,49,20 37,39,34 34,39,19 48,53,19 40,43,19 34,44,22 40,34,27 63,47,34 36,41,17 40,30,29 40,30,29 56,42,42 59,50,46 83,54,34 83,53,38 76,47,27 87,53,33 83,48,33 98,57,37 94,57,42 84,42,20 118,60,27 127,58,18 84,41,6 105,49,0 20,17,21 21,19,20 20,18,19 19,17,18 31,28,32 33,26,29 32,27,29 30,25,24 31,24,24 31,24,24 28,26,24 30,25,24 32,27,26 30,23,23 31,24,24 30,25,24 35,28,28 33,26,26 34,27,27 39,29,30 55,42,37 63,42,31 59,44,35 83,57,43 88,61,43 104,70,50 144,105,73 52,55,22 54,53,17 81,57,31
51,56,24 93,90,37 65,72,28 52,56,27 37,38,19 68,71,40 47,57,24 51,56,32 41,46,14 51,55,26 57,63,34 34,40,13 48,51,27 35,40,18 56,40,25 106,43,19 52,54,26 65,69,31 41,34,32 42,32,31 55,43,43 57,43,43 82,55,39 86,56,41 85,54,33 82,53,31 95,57,36 59,32,14 53,26,10 62,31,12 77,36,18 128,62,28 83,40,21 88,41,20 142,56,22 38,25,22 25,23,24 20,17,21 18,16,17 30,25,24 33,23,24 33,23,24 31,24,24 29,22,25 28,26,27 32,30,31 28,26,27 32,27,26 33,26,29 28,26,27 30,23,26 35,28,28 42,32,31 44,34,33 50,38,38 94,60,40 42,32,31 44,33,30 70,44,30 83,53,27 72,69,27 62,68,29 166,87,14 143,47,7
172,52,18 58,68,33 116,96,19 67,69,27 43,41,21 115,107,28 60,72,27 45,45,45 44,49,25 49,52,19 51,44,24 89,88,32 45,47,21 39,31,18 154,65,11 132,70,28 46,48,22 49,52,19 35,30,27 42,32,33 54,43,38 61,50,47 72,49,34 85,57,44 77,48,26 85,54,35 61,31,16 51,29,11 70,29,9 82,46,26 60,31,11 72,38,20 63,32,11 62,31,12 112,58,24 174,81,35 29,22,25 20,18,19 21,19,20 27,25,26 27,25,26 27,25,26 20,18,19 20,17,21 23,20,24 24,21,25 26,23,27 30,23,26 28,21,24 29,24,26 33,26,26 40,30,29 39,29,28 43,33,37 52,42,41 97,66,45 43,31,31 40,31,27 86,61,42 104,63,43 79,55,29 91,45,8 81,47,13 136,72,28
46,47,26 87,85,36 51,66,31 54,54,22 60,71,31 114,105,29 67,80,26 34,39,33 45,41,22 127,110,30 145,113,56 102,89,26 62,62,17 62,55,16 229,86,10 173,59,0 40,48,23 46,49,18 55,60,36 42,33,29 62,49,44 62,49,44 62,48,34 82,60,42 88,57,36 91,57,39 53,28,11 53,25,12 101,45,23 72,43,23 101,54,33 133,78,35 145,87,50 134,83,48 102,51,23 187,81,31 38,26,28 26,21,20 27,22,24 32,27,29 28,26,27 34,29,31 21,19,20 20,17,21 24,21,25 26,23,27 27,25,26 29,24,26 28,21,24 33,26,29 33,26,26 38,29,25 40,31,27 44,35,31 57,48,44 96,62,40 43,33,32 42,33,29 63,44,21 107,64,45 58,27,19 94,55,23 123,53,20 132,74,19
69,72,37 83,80,27 56,64,23 60,57,17 77,78,30 57,70,27 32,38,29 34,38,23 75,36,24 134,116,25 140,123,27 119,104,25 106,98,33 64,64,23 76,44,14 35,40,18 36,37,25 39,42,22 35,34,25 42,32,33 56,40,36 47,36,33 52,39,32 67,46,33 90,56,36 62,32,15 56,30,16 59,27,13 60,34,13 81,40,20 99,49,16 147,83,39 166,96,47 178,106,56 103,50,23 183,85,39 39,27,29 35,28,28 30,23,26 37,30,30 38,31,31 38,31,34 26,24,25 23,18,20 33,28,27 29,24,26 32,27,29 23,23,23 29,22,22 30,23,23 34,27,25 30,24,19 40,31,27 43,33,34 53,44,40 101,65,43 38,32,27 45,35,34 66,41,22 100,58,34 28,32,15 64,65,28 77,76,22 78,74,37
57,76,36 53,56,25 88,75,43 52,54,37 39,40,19 66,59,41 35,43,20 44,44,41 46,50,35 128,113,36 126,106,29 68,73,28 81,33,17 50,57,23 37,45,22 23,27,12 39,44,22 32,36,19 44,28,24 43,33,34 57,44,41 45,33,33 43,31,31 51,34,26 88,57,36 71,44,26 51,26,9 62,30,16 82,46,24 94,57,33 96,67,43 116,67,29 149,88,43 156,92,48 114,53,21 161,65,25 38,28,32 42,36,31 28,21,21 42,35,35 43,36,36 34,27,27 29,24,26 23,18,20 37,30,30 33,26,29 38,31,31 26,21,20 29,22,22 28,21,21 35,28,28 31,24,22 43,34,30 50,40,39 50,44,39 85,54,31 46,35,30 45,36,32 70,48,28 119,79,54 154,112,72 76,68,34 58,66,27 88,88,29
65,62,9 72,59,27 91,52,22 65,63,41 51,50,43 77,45,31 37,40,16 53,50,56 41,25,23 130,113,44 48,47,22 96,91,20 64,71,25 40,43,19 22,28,17 28,38,16 28,32,15 34,38,21 44,35,31 45,34,31 54,41,38 50,40,39 42,32,31 47,35,35 76,51,32 62,37,20 59,29,14 60,33,15 95,53,31 120,66,30 149,84,47 115,67,40 125,74,37 173,110,61 124,54,25 118,71,48 33,26,24 38,31,29 31,24,24 36,29,29 41,34,34 36,29,29 29,24,26 20,18,19 43,33,32 31,24,27 41,34,34 26,21,20 30,23,23 30,20,21 33,26,26 35,28,28 43,33,32 45,36,32 47,38,32 83,52,31 85,59,47 40,31,27 69,49,31 111,69,45 29,36,20 80,75,22 82,80,31 56,56,13
88,93,30 61,73,28 80,40,17 138,33,3 38,37,26 82,52,35 36,42,29 33,28,30 58,39,23 109,98,23 77,79,26 103,102,25 93,84,24 31,40,21 24,26,26 21,27,14 32,40,19 34,28,23 51,33,32 43,37,32 52,43,39 54,44,43 44,35,31 46,33,30 61,40,25 68,36,20 61,31,16 83,49,29 109,63,35 120,62,27 140,79,43 118,68,37 216,115,47 255,174,75 178,80,34 34,27,25 38,31,31 37,30,30 35,28,28 34,27,27 43,36,36 36,29,29 29,22,25 18,16,17 45,39,34 33,26,29 41,34,34 26,19,19 29,22,20 33,28,30 33,26,26 34,27,27 39,30,26 51,41,42 51,41,40 74,45,25 96,60,42 37,28,24 70,44,23 90,57,32 39,40,17 70,63,22 47,51,22 103,91,23
118,105,30 64,80,22 58,38,20 113,96,29 36,31,19 101,61,38 37,32,18 62,48,34 48,46,42 90,90,18 56,66,31 34,39,19 50,47,5 27,31,16 34,41,23 39,40,32 25,26,18 29,38,21 44,34,33 52,41,38 50,41,37 45,39,32 40,31,27 40,31,27 52,36,23 87,53,33 59,30,8 95,59,37 109,63,33 115,63,31 111,63,34 198,120,69 239,139,64 221,120,43 52,30,22 34,27,27 28,21,21 35,28,28 33,26,26 34,27,27 37,30,30 35,30,29 26,24,25 23,21,22 42,35,33 29,22,25 41,34,34 31,24,27 30,23,23 28,23,22 30,23,21 36,29,29 42,32,31 48,41,41 56,46,47 95,66,46 92,56,34 40,28,28 78,56,36 85,54,33 25,38,15 55,58,25 61,59,26 83,80,29
116,92,0 72,64,1 55,44,11 100,89,27 38,26,28 108,71,47 83,49,29 51,52,55 29,24,21 51,51,37 28,32,17 28,35,19 48,46,15 36,46,20 23,30,14 30,34,19 31,34,24 32,36,21 50,38,40 56,47,43 57,44,41 48,36,38 40,31,27 40,31,27 61,42,26 95,59,37 28,32,17 30,21,13 109,65,35 114,67,35 112,59,32 126,54,19 234,129,45 48,26,18 41,34,34 35,25,29 38,31,29 44,34,35 39,29,30 36,26,27 39,29,30 41,34,34 26,24,25 24,22,23 38,31,29 31,24,27 42,35,35 31,24,27 33,26,26 33,26,26 33,26,26 38,31,31 42,35,33 48,41,41 56,46,45 96,62,42 94,60,38 45,38,36 66,47,33 82,56,35 36,45,28 39,42,22 74,69,18 54,58,29
78,66,25 137,120,15 85,73,34 35,40,16 36,22,22 70,44,23 39,45,16 52,52,52 39,37,33 24,22,18 31,29,25 37,41,24 46,46,16 39,46,28 23,26,14 22,28,15 30,37,19 35,39,24 47,40,38 52,43,39 56,43,40 46,36,35 45,38,38 44,33,26 81,51,34 97,56,36 92,46,20 49,15,0 104,58,32 110,62,35 118,67,32 242,139,54 55,43,31 38,27,22 41,34,34 35,28,28 42,32,33 46,36,35 44,34,35 30,23,23 41,34,34 47,40,40 26,24,25 24,22,23 40,30,29 35,28,28 41,34,34 29,24,26 34,27,27 30,23,23 33,26,26 42,35,35 42,35,35 52,42,41 52,42,43 91,57,37 101,65,45 50,35,26 67,51,38 84,55,33 23,26,14 51,50,23 68,66,17 51,55,28
114,97,21 61,60,24 120,108,40 49,46,33 70,48,28 49,51,23 52,51,44 47,48,40 49,47,43 53,51,52 45,44,47 38,38,48 53,56,25 34,39,17 30,34,19 27,34,18 27,31,14 29,30,22 50,44,39 59,48,45 54,41,38 48,37,32 52,41,36 58,37,24 87,51,31 104,61,42 170,80,36 108,60,35 102,61,34 100,56,28 124,75,35 250,169,108 46,33,26 40,31,25 44,34,35 37,27,28 43,33,34 43,33,32 44,34,35 30,23,23 40,33,33 36,29,29 30,23,26 25,23,24 42,32,31 44,34,35 43,33,34 35,28,28 28,23,22 34,29,28 36,29,29 43,36,36 43,36,34 52,42,41 53,43,44 94,60,40 99,65,45 66,40,26 78,52,38 101,63,42 31,26,14 29,36,18 81,72,16 38,39,18
127,111,37 118,108,39 55,48,21 43,48,24 73,48,29 45,45,31 123,58,39 52,50,46 48,46,42 47,45,43 50,49,52 44,43,46 55,58,25 47,50,28 44,47,39 30,34,19 25,28,16 29,38,19 48,42,35 61,50,47 59,46,43 53,40,37 69,52,44 72,45,27 93,57,37 102,63,35 92,55,29 104,58,30 88,48,25 99,53,25 154,92,50 73,42,23 40,29,22 36,27,23 40,30,31 40,30,31 44,34,35 45,35,34 44,34,35 31,24,24 42,35,35 38,31,31 33,26,29 26,24,25 44,34,33 36,26,27 43,33,34 34,27,27 34,29,28 33,28,27 33,28,27 43,36,36 47,40,38 51,41,42 52,42,43 101,67,47 101,67,47 95,64,43 86,57,37 96,59,35 48,43,31 39,37,15 60,55,16 70,46,13
123,108,18 74,68,22 44,42,20 36,36,31 92,49,30 88,52,19 82,49,22 64,58,53 67,62,59 56,51,50 48,46,42 43,43,43 51,56,24 46,52,25 33,31,29 34,37,25 34,33,24 46,34,34 49,39,38 58,49,45 54,45,41 51,45,40 81,61,52 76,52,30 58,64,35 71,73,31 73,80,32 152,88,19 212,126,62 152,81,37 228,128,57 68,47,32 43,30,23 36,25,22 37,30,33 45,36,32 44,34,35 44,34,35 43,33,34 33,26,26 49,42,42 41,34,34 32,27,29 28,23,25 50,40,41 40,30,31 43,33,34 36,29,29 33,31,32 35,30,29 35,30,29 44,37,37 47,40,38 47,40,40 49,39,38 109,71,50 104,73,52 100,64,44 87,55,39 96,55,35 74,58,41 32,37,17 36,41,17 42,43,24
73,62,16 78,56,18 91,67,30 46,39,19 60,55,23 100,54,24 61,62,23 67,64,51 62,56,47 61,50,47 58,56,54 46,48,33 46,47,37 33,31,27 28,31,23 35,30,27 30,35,15 50,40,41 47,38,34 54,43,40 59,45,45 54,44,45 75,59,53 35,53,36 30,46,27 42,59,31 57,85,39 102,89,37 180,105,40 213,119,49 255,171,61 255,198,95 58,43,32 43,30,27 38,31,34 42,32,31 40,30,34 42,32,31 42,32,33 30,23,23 43,36,36 42,35,35 28,23,25 30,25,27 45,38,38 37,30,30 43,33,34 42,32,36 33,31,32 33,31,32 33,26,26 41,34,34 45,38,38 45,38,38 50,40,39 104,66,47 95,66,46 100,64,44 90,56,34 105,64,44 124,86,67 38,39,20 47,43,24 54,48,12
59,27,13 135,115,25 44,39,27 62,64,20 47,49,23 74,76,32 45,52,18 65,68,46 71,65,56 66,57,49 62,55,53 40,40,37 38,36,32 39,37,38 30,28,26 36,31,28 40,35,34 44,40,34 49,39,38 52,46,39 58,46,46 52,43,37 49,55,42 26,42,23 28,44,25 38,58,29 49,73,33 56,78,41 143,101,36 213,134,59 255,159,68 255,177,66 99,64,28 45,29,23 38,28,29 42,32,31 40,30,31 45,35,34 37,27,28 30,23,23 47,40,40 43,36,36 34,27,27 33,28,30 43,33,32 33,26,26 43,33,34 41,34,34 39,29,33 36,29,32 34,27,27 43,36,36 42,35,33 49,39,40 54,44,45 112,69,52 98,69,45 86,59,41 86,57,33 97,59,40 126,85,58 62,51,36 83,74,27 93,84,26
107,94,42 86,72,16 94,58,50 47,45,23 45,51,22 59,59,16 59,65,24 72,72,29 66,59,59 53,48,50 47,44,48 31,29,25 32,32,29 29,31,28 31,31,28 26,26,26 39,34,33 49,40,36 50,38,40 50,41,37 62,51,48 49,40,34 27,43,24 23,39,18 29,45,26 40,60,31 49,71,34 47,71,33 78,73,32 141,92,23 232,136,60 255,174,69 255,179,58 55,40,31 34,27,25 39,29,30 38,31,31 42,32,33 43,33,34 31,24,24 41,34,34 41,34,32 33,26,26 32,27,29 38,31,31 31,24,24 42,32,33 37,30,33 37,30,33 37,32,34 35,28,28 44,37,40 46,36,35 50,40,41 53,43,47 103,67,47 99,68,47 95,66,46 99,65,45 90,52,33 128,82,52 75,65,43 54,53,28 34,35,14
106,90,7 88,76,17 39,40,19 42,44,16 48,53,19 54,53,26 109,102,45 60,64,24 59,65,24 45,42,46 45,43,51 39,39,39 31,29,30 33,33,30 28,23,22 27,22,21 42,35,33 43,37,32 48,36,36 47,38,32 58,47,44 52,41,38 26,39,23 24,40,21 29,45,26 44,62,31 47,65,34 37,50,27 40,37,11 40,43,19 142,96,30 164,91,9 210,134,25 210,127,18 46,42,34 34,27,25 42,35,33 40,30,31 44,34,35 29,22,22 44,34,35 37,30,30 37,32,31 31,29,30 38,28,29 44,34,35 45,35,36 41,34,34 37,30,30 38,31,31 33,28,27 42,35,33 49,39,38 46,36,37 59,49,53 100,66,48 105,69,49 96,67,45 105,65,42 109,67,43 128,78,45 95,74,49 104,98,32 45,38,7
127,103,41 76,75,37 43,47,20 48,54,27 53,58,26 55,59,30 58,65,33 50,46,25 44,41,28 42,43,46 41,40,43 43,42,45 41,40,43 38,36,37 25,25,22 33,31,29 39,34,31 44,38,33 48,36,36 49,40,36 55,44,41 46,35,32 23,38,22 23,39,20 31,47,26 49,68,32 53,75,36 29,36,20 28,33,13 44,40,23 39,40,19 41,46,24 57,67,30 116,126,50 104,113,28 47,43,24 37,30,33 35,28,28 45,38,38 27,20,20 43,36,36 36,29,29 33,31,29 32,27,29 42,32,33 42,32,33 44,34,35 39,29,30 35,30,32 35,30,32 34,27,27 46,36,40 52,42,41 52,42,41 49,39,40 84,59,40 96,65,42 100,66,46 104,64,41 112,67,46 122,76,46 80,75,34 44,49,25 84,78,32
45,33,21 82,75,16 50,55,19 38,41,17 53,56,25 55,60,28 39,43,28 61,63,35 55,61,32 42,40,41 43,42,45 40,39,42 44,43,46 40,40,40 30,28,26 35,33,31 38,31,31 42,32,33 49,39,38 52,42,41 52,41,38 43,37,32 23,38,24 26,40,21 28,45,21 46,70,30 33,52,16 29,30,18 32,36,19 23,35,17 40,43,23 73,54,27 72,53,16 75,94,44 136,138,54 107,106,29 35,31,21 39,29,30 44,34,35 28,21,21 35,30,29 29,29,29 35,28,31 27,25,26 46,36,37 45,35,36 44,34,33 37,30,30 34,27,30 37,35,36 34,32,30 47,40,40 53,44,40 50,40,39 52,42,43 66,47,31 94,60,40 103,69,49 107,62,39 120,73,50 123,76,44 36,38,21 21,20,9 46,47,24
133,124,48 50,46,9 52,57,21 82,83,44 52,53,30 55,60,24 24,34,10 42,40,36 45,43,44 40,38,39 40,39,42 41,38,42 41,40,43 40,39,42 40,39,42 39,38,41 37,30,30 40,33,33 44,35,29 47,43,37 50,43,41 44,37,37 24,39,25 26,40,21 29,46,20 48,72,32 23,37,7 19,25,14 35,36,17 23,28,8 30,30,14 27,40,15 52,43,16 78,75,31 144,118,27 59,80,28 41,38,25 39,29,30 45,35,36 28,21,21 35,33,31 29,24,26 31,24,27 30,25,27 49,39,40 45,35,36 45,35,36 38,28,27 36,29,29 38,31,34 37,30,30 47,40,40 48,41,44 50,44,39 57,47,48 51,45,38 95,64,45 109,71,52 107,65,43 116,71,48 117,71,41 36,39,27 23,25,10 80,77,24
162,141,58 69,62,35 56,58,30 47,55,30 62,67,31 50,55,23 32,36,7 49,47,43 40,40,35 46,44,45 44,43,46 42,40,41 37,37,37 45,44,47 45,44,47 46,45,50 40,35,34 33,28,25 42,38,32 50,38,38 51,42,38 49,39,38 21,39,22 26,42,23 27,44,20 48,72,34 21,31,7 35,33,13 38,34,17 29,31,14 27,29,12 33,36,14 37,40,18 42,61,23 99,98,44 77,83,31 43,33,34 37,30,30 42,35,35 27,22,21 41,36,35 33,28,27 34,27,30 26,21,23 46,36,37 43,33,32 46,36,35 39,29,28 37,30,30 36,29,29 43,33,34 44,37,37 49,42,40 51,44,44 59,52,52 58,47,44 91,60,39 109,68,48 107,62,39 120,75,52 119,69,38 61,51,29 78,59,22 90,82,28
88,49,17 202,57,13 86,72,45 103,102,48 50,55,21 48,55,23 62,60,27 47,50,17 27,31,14 38,41,31 35,41,32 41,39,40 41,41,41 40,39,42 44,42,50 39,40,32 38,36,34 35,30,29 43,37,30 48,42,35 46,37,33 46,36,35 24,40,21 26,42,23 28,44,23 49,71,34 34,31,16 25,29,14 21,30,13 30,32,17 38,34,17 49,42,24 46,48,20 87,73,19 123,113,62 76,77,40 33,23,27 33,26,26 40,33,33 29,22,22 34,29,28 31,24,24 30,25,27 24,22,23 39,29,30 46,36,35 49,39,38 39,29,28 38,31,31 37,30,33 41,34,32 44,37,37 49,42,42 60,50,49 61,54,54 60,51,47 75,54,39 108,71,47 105,60,37 128,82,52 119,71,42 55,28,21 58,33,5 48,46,24
52,57,23 52,57,23 74,69,28 68,67,40 105,97,34 67,63,5 42,43,20 68,65,21 32,37,17 28,35,19 41,44,32 37,37,37 46,39,8 34,34,31 26,26,21 25,34,15 32,36,21 31,35,18 45,36,32 49,45,39 44,35,31 45,36,32 22,40,25 26,42,23 30,47,21 48,72,30 29,30,18 18,27,10 17,30,14 27,31,14 28,33,11 29,42,19 85,78,35 90,98,47 85,83,21 36,26,27 31,21,22 38,31,29 36,29,29 23,16,16 29,24,23 35,28,31 30,25,27 24,22,23 30,25,27 49,39,38 47,37,36 35,28,28 37,30,30 36,29,29 38,31,31 44,37,37 49,42,42 53,43,44 56,46,45 61,52,48 66,51,42 101,66,41 106,64,40 126,81,48 120,74,46 97,29,11 44,27,17 36,44,19
55,58,23 58,62,24 82,79,24 65,68,19 108,96,26 90,79,15 56,36,16 126,58,22 90,37,23 39,42,18 45,47,44 43,42,45 114,98,26 54,49,19 43,46,36 30,30,27 31,43,25 33,43,21 48,42,37 52,43,37 42,36,31 46,37,33 24,40,21 26,42,23 36,53,27 50,78,32 32,35,23 24,24,10 38,38,22 34,36,19 32,36,19 36,50,18 97,92,49 105,92,31 145,149,53 63,48,37 56,40,38 44,33,30 42,33,29 42,32,33 35,28,28 33,26,26 35,28,28 35,28,28 34,27,27 36,31,30 34,27,27 31,24,24 37,30,30 36,29,29 40,33,33 43,36,36 54,44,43 63,53,54 57,47,48 59,49,48 61,50,45 100,64,44 107,62,39 130,84,54 121,73,44 121,59,30 79,36,17 36,38,21
47,53,12 48,51,27 82,81,29 97,93,31 107,97,26 61,58,14 91,38,22 86,59,23 55,22,13 42,48,21 39,39,23 38,35,39 119,103,29 46,54,31 75,66,21 52,33,17 21,27,16 28,35,17 43,46,34 46,37,31 42,35,33 44,38,33 27,42,26 26,42,23 43,60,32 54,79,34 41,42,23 31,31,15 20,29,12 24,33,14 36,32,11 34,47,22 54,58,20 94,86,32 169,169,67 57,44,37 48,36,36 41,29,29 40,30,31 38,31,31 39,29,30 33,26,24 32,27,26 32,27,26 29,24,23 30,23,26 31,24,24 35,28,28 38,31,31 36,29,29 43,33,34 43,36,36 49,39,40 63,53,54 55,48,51 58,51,51 60,51,47 98,62,40 113,68,45 125,79,49 122,77,44 35,40,18 39,40,17 47,50,26
46,51,15 47,52,18 52,55,22 83,75,10 48,51,16 52,56,27 51,42,23 100,35,16 29,33,18 35,40,18 56,51,48 35,37,32 91,83,29 62,67,33 99,91,26 27,36,17 32,32,18 32,33,25 44,34,33 51,40,37 45,35,34 40,33,31 24,40,21 26,42,23 47,69,32 58,89,33 66,54,28 21,30,13 30,37,21 50,43,25 48,38,16 39,47,24 46,62,20 53,78,31 121,126,50 24,17,20 26,16,20 31,24,24 39,29,30 36,29,29 33,26,26 36,29,29 33,28,27 29,22,22 35,30,29 24,22,23 31,24,24 38,31,31 37,30,30 34,29,28 36,31,30 44,37,37 52,42,43 45,38,38 65,60,62 58,51,51 60,51,47 97,66,47 111,67,41 122,77,44 126,78,51 61,55,21 50,48,17 95,86,28
47,47,17 46,50,21 54,58,29 65,61,24 42,48,19 61,61,29 49,48,21 25,28,16 21,24,14 33,34,15 48,53,21 36,41,17 80,76,28 46,47,26 62,61,23 21,27,18 25,33,19 29,36,20 44,37,35 46,42,36 47,36,33 45,36,32 28,42,23 27,43,22 45,74,30 63,106,39 64,52,24 40,36,19 39,37,19 19,32,16 31,31,17 33,42,23 63,54,9 115,98,29 169,170,79 53,35,32 58,42,40 43,31,33 42,32,33 33,26,26 35,28,28 44,37,37 37,30,30 36,29,29 33,26,26 23,18,17 34,27,27 36,29,29 39,29,33 35,30,32 41,34,34 44,37,37 55,48,48 45,38,38 62,55,55 51,44,44 59,49,48 83,58,39 112,70,46 124,77,45 128,82,54 57,56,29 39,38,13 43,43,11
59,54,11 48,47,22 33,43,17 44,48,10 35,44,14 51,54,21 54,49,17 20,23,13 42,40,20 41,43,17 39,44,22 30,33,23 70,69,33 48,46,26 55,61,32 43,50,32 35,42,26 30,42,24 49,39,38 47,28,12 38,17,13 46,36,35 26,42,23 38,55,31 46,75,31 81,121,53 34,39,19 20,29,12 35,31,12 59,46,25 26,34,11 41,37,16 73,73,32 53,77,37 137,139,64 59,44,33 56,43,36 40,33,33 40,33,33 31,24,24 38,31,31 41,34,34 37,30,30 38,31,31 44,39,38 28,21,24 37,30,30 40,33,33 34,32,33 38,31,34 40,35,37 47,40,40 50,43,43 55,48,48 66,56,57 58,48,47 57,47,46 82,61,46 110,68,46 112,68,40 124,78,48 76,67,36 43,46,24 62,60,40