16,15,18 16,15,18 17,16,19 20,19,22 23,22,25 21,22,27 23,22,25 23,22,25 20,19,22 20,21,24 29,34,44 28,33,41 27,32,40 27,34,46 24,29,39 21,26,32 23,23,31 21,24,31 23,23,31 23,23,31 26,24,32 23,23,31 22,23,26 24,24,32 24,24,32 23,23,31 22,22,30 20,18,16 33,22,19 39,26,23 55,41,27 30,23,33 26,29,40 20,23,30 22,30,37 19,24,32 17,17,25 26,19,22 27,25,26 30,28,36 30,30,38 30,30,38 29,29,37 29,29,37 30,31,34 31,30,33 32,31,34 32,31,34 32,31,34 32,31,34 33,32,35 31,32,35 35,32,36 37,34,38 37,34,38 37,35,36 37,34,38 35,33,34 37,35,33 35,32,36 39,36,42 41,38,42 42,37,39 39,37,38
16,15,18 16,15,18 17,16,19 18,17,20 24,23,26 22,24,24 22,23,28 21,22,25 22,21,24 28,28,36 29,33,46 28,33,39 29,34,44 26,33,45 26,31,41 22,25,32 23,23,31 21,24,31 24,24,32 24,24,32 23,23,31 22,22,30 23,24,27 23,23,31 24,24,32 23,23,33 22,23,26 28,21,21 32,21,18 39,26,23 48,34,20 69,53,49 25,25,37 24,24,32 20,28,35 25,30,38 17,18,21 23,21,22 26,21,23 37,36,41 30,30,38 30,30,38 30,31,36 30,31,34 30,29,32 30,29,32 32,31,34 31,30,33 32,31,34 33,32,35 32,31,34 31,32,35 35,32,36 33,31,32 35,33,34 37,35,36 37,35,36 37,35,36 38,36,34 39,34,36 42,37,39 41,34,37 42,35,35 42,37,39
23,21,29 23,22,27 17,17,14 17,16,19 23,22,25 23,22,25 24,23,26 22,21,24 20,21,24 27,32,40 28,33,41 27,32,38 27,32,40 27,35,44 27,32,40 22,27,33 25,25,33 22,22,30 22,23,28 23,23,33 23,26,35 23,23,31 23,23,31 23,24,27 24,25,30 24,24,32 23,23,31 23,24,29 31,21,20 38,25,20 39,26,23 56,45,30 21,26,32 24,29,37 26,30,43 40,44,57 45,49,62 48,47,62 45,45,57 46,40,45 37,36,41 32,32,40 31,31,39 32,31,34 31,30,33 31,30,33 32,29,33 33,31,32 34,32,33 32,30,31 32,29,33 32,30,31 35,33,34 38,31,34 37,32,31 33,31,32 41,34,37 36,29,32 40,35,34 41,34,34 42,37,36 41,34,37 40,33,31 42,35,35
22,21,26 23,22,27 17,16,19 17,16,19 23,22,25 23,22,25 24,23,26 24,23,26 20,21,24 28,31,38 23,31,36 26,31,37 27,32,40 26,31,39 24,29,37 23,26,33 23,23,31 22,22,30 22,23,28 24,24,32 22,25,32 25,23,33 23,23,31 24,24,32 23,24,27 23,23,33 23,23,31 23,24,27 28,23,25 27,21,16 54,45,41 45,30,21 77,60,52 65,57,65 59,48,41 42,32,31 37,29,37 23,22,25 22,16,21 30,23,23 42,37,36 33,30,36 32,31,36 33,32,35 31,30,33 32,31,34 33,31,32 34,32,33 30,30,27 37,32,31 37,30,30 37,30,30 38,31,34 37,35,36 40,33,33 37,30,30 42,32,33 33,26,24 42,35,33 40,31,27 40,33,31 41,34,32 41,35,30 40,33,31
24,22,30 23,22,27 18,17,20 19,18,21 24,23,26 23,22,25 22,23,26 23,22,25 23,22,25 29,34,42 22,27,35 29,32,41 28,33,41 27,32,40 26,34,41 25,25,33 25,23,31 23,20,26 22,23,26 22,23,28 23,23,33 23,23,31 22,23,26 24,24,32 23,24,27 22,22,30 23,23,31 24,24,32 24,24,32 17,16,21 44,26,23 38,26,14 49,31,26 48,38,26 24,25,30 27,26,41 28,28,36 28,29,32 25,20,22 27,20,20 36,26,27 49,39,40 32,31,34 32,30,31 31,29,30 30,28,29 34,32,30 36,29,29 37,30,30 37,30,30 35,28,28 37,30,30 37,30,30 39,29,28 37,27,26 37,31,26 44,34,33 44,34,33 40,31,27 34,28,23 42,37,36 43,34,30 41,35,28 44,34,35
27,26,31 24,23,28 18,17,20 19,18,21 23,22,25 23,22,25 24,23,26 23,22,27 23,22,25 27,32,38 25,30,36 30,33,44 28,33,43 29,32,41 27,30,39 31,30,35 91,67,61 122,79,64 108,67,51 55,37,32 25,23,31 22,23,28 22,23,28 23,24,29 22,23,28 23,24,29 23,23,31 23,24,29 23,24,29 26,23,29 32,23,17 36,23,20 46,29,21 71,55,42 28,29,34 28,28,36 29,29,37 28,29,34 23,20,24 27,20,18 36,26,25 45,34,31 36,28,34 33,31,32 32,30,31 35,30,32 32,27,29 33,28,27 37,30,30 37,30,30 37,30,30 40,30,29 40,33,33 42,33,29 42,32,31 38,29,25 44,35,31 38,29,25 42,33,29 43,34,30 43,34,30 45,36,30 49,36,33 44,35,31
17,15,23 18,17,22 17,16,19 17,16,19 23,22,25 22,21,24 23,22,25 23,22,27 23,22,25 27,28,33 26,31,37 26,31,37 27,32,40 37,37,47 82,48,46 94,60,56 65,42,31 68,44,36 73,40,29 74,37,13 117,69,53 79,51,40 21,22,25 22,23,28 26,24,32 24,23,28 20,24,28 22,23,26 21,22,25 23,24,29 35,26,20 37,26,23 43,31,19 46,34,22 62,49,44 29,30,33 31,30,35 37,37,47 41,44,55 41,43,59 37,37,47 41,33,41 56,43,40 33,30,34 35,30,32 37,30,30 37,30,33 36,29,29 39,29,28 40,31,27 40,31,27 40,30,29 40,31,27 40,31,27 42,33,29 42,33,29 46,37,33 44,33,30 42,33,27 38,29,25 49,36,33 47,34,29 47,34,27 49,36,33
17,16,19 17,16,19 18,17,20 17,16,19 22,21,24 23,22,25 24,23,26 22,21,24 23,22,25 21,22,27 27,32,40 27,30,37 27,33,34 41,58,34 41,59,26 63,39,31 38,20,15 43,25,20 43,26,18 49,26,13 61,30,11 115,60,31 36,18,15 24,24,32 22,27,35 24,29,39 23,26,35 24,28,41 25,25,33 20,24,26 25,24,27 36,23,20 41,28,25 45,33,23 73,54,40 52,48,57 53,50,56 56,53,57 48,37,34 25,22,26 26,21,20 31,22,18 44,33,28 39,34,36 36,31,33 37,30,30 36,29,29 36,30,25 40,31,25 39,30,24 39,30,24 43,30,25 41,30,25 45,32,25 45,32,27 44,33,28 45,36,30 45,36,30 44,35,31 45,34,29 47,34,29 46,33,28 47,34,29 40,31,27
17,16,19 16,15,18 17,16,19 25,24,27 23,22,25 24,23,26 25,24,27 23,22,25 23,22,25 21,22,25 22,27,35 56,37,39 59,39,32 87,51,31 19,43,21 47,26,22 38,22,16 41,25,21 35,22,19 35,19,13 58,35,22 61,32,12 107,51,29 23,26,33 22,27,35 23,26,35 23,26,35 23,26,33 25,25,35 25,25,35 27,27,37 27,25,35 62,46,40 49,34,23 48,31,21 67,51,36 33,30,36 30,28,36 32,31,34 32,29,33 29,22,20 31,21,20 40,29,26 57,45,33 34,29,31 36,29,29 39,30,26 39,30,26 42,29,24 39,28,23 42,29,24 43,30,25 45,32,27 43,32,27 41,30,25 43,32,27 43,30,25 49,36,31 38,27,22 41,30,25 42,33,27 44,35,29 46,35,30 44,35,29
17,16,19 17,16,19 16,15,18 17,16,19 24,23,26 23,22,27 24,22,30 24,23,26 23,22,27 24,23,28 76,53,52 85,45,36 37,15,9 98,53,30 14,27,15 32,21,16 43,26,18 42,27,18 47,31,25 45,25,16 46,25,14 58,29,9 89,56,19 28,25,29 23,26,33 22,27,35 25,25,35 25,25,35 25,25,35 27,27,37 28,28,38 28,28,38 42,30,20 43,31,19 54,39,28 58,42,25 36,28,36 32,31,36 33,32,35 32,31,36 28,22,27 28,26,27 33,27,32 45,32,29 41,34,34 35,28,28 35,29,24 39,30,24 44,28,22 40,27,20 40,27,22 40,29,24 39,28,23 41,30,25 38,25,20 34,23,18 49,36,31 30,19,14 33,24,18 43,34,28 45,34,29 44,33,28 47,34,31 44,33,28
17,16,19 17,16,19 19,18,21 19,18,21 27,26,31 25,25,25 23,22,25 24,23,26 23,22,25 20,19,22 100,73,57 59,33,23 104,58,40 46,24,16 44,43,32 41,45,28 41,30,23 43,28,19 38,22,16 38,21,11 58,28,13 105,54,30 105,53,23 101,66,53 23,26,33 23,26,33 26,24,32 27,25,33 25,25,33 25,25,33 27,27,37 28,28,36 35,25,24 42,30,18 50,35,24 51,37,23 74,51,38 32,31,34 33,33,33 35,32,38 48,44,53 43,43,53 43,42,47 41,34,37 56,43,38 35,28,31 35,26,22 38,29,23 42,29,24 38,27,22 40,29,24 38,32,25 41,30,25 41,30,25 42,29,24 43,30,25 45,33,23 43,30,23 33,22,15 41,28,23 46,33,26 48,32,28 48,35,30 44,33,26
18,17,20 18,17,20 19,18,21 20,19,22 19,18,21 24,24,24 24,23,26 25,24,27 22,21,24 59,42,43 51,31,24 97,52,31 23,27,29 49,46,33 66,65,27 87,78,22 85,68,21 59,56,30 60,61,40 100,69,18 139,69,36 124,61,12 89,47,36 68,40,31 24,24,32 24,24,32 23,23,31 25,25,33 25,25,33 25,25,33 28,28,36 28,28,36 32,30,38 42,30,20 47,32,23 47,33,17 61,40,25 65,47,42 56,48,54 57,50,53 57,44,37 34,28,33 25,20,19 34,22,22 39,26,19 44,33,30 40,29,24 36,27,21 40,29,24 36,27,21 42,29,22 45,32,27 42,29,22 43,31,21 43,31,21 43,31,21 43,31,21 49,37,27 39,27,17 45,33,23 42,29,22 46,34,24 47,35,25 47,35,25
17,16,19 20,19,22 17,16,21 18,17,20 20,19,22 23,22,25 24,22,32 23,22,27 22,20,28 60,40,33 50,22,11 69,50,36 77,86,42 76,88,39 94,79,28 69,87,74 16,38,31 17,34,29 17,36,30 16,47,37 34,70,44 51,66,38 33,27,18 22,25,32 26,25,30 23,27,31 26,24,20 25,25,33 25,26,31 27,27,35 27,27,35 27,26,31 30,29,34 35,28,28 38,25,22 70,47,32 53,37,20 76,56,38 65,46,32 28,26,27 19,18,23 19,18,21 32,20,20 33,22,19 39,26,21 56,39,31 35,29,22 40,29,24 44,28,24 40,29,22 37,29,18 35,27,16 36,26,16 41,29,19 38,28,18 43,28,19 38,30,19 37,29,18 43,30,23 37,26,19 36,27,21 45,30,21 46,34,24 46,34,24
19,18,21 19,18,21 17,16,19 19,18,21 19,18,21 23,22,27 24,23,28 22,23,26 25,23,31 67,58,50 84,52,47 83,75,41 62,79,28 51,61,26 14,38,30 8,30,23 6,30,22 4,28,20 4,28,20 4,28,20 9,27,24 10,29,23 10,31,27 73,76,45 80,90,66 85,74,41 163,118,2 148,101,10 36,29,29 27,28,33 27,26,29 27,26,31 25,26,31 35,30,27 81,60,37 52,36,21 58,42,25 65,43,25 52,35,25 18,19,22 17,19,19 20,17,21 35,28,28 33,23,24 46,35,32 39,28,25 49,34,25 40,29,22 44,29,20 44,29,20 42,30,20 39,29,19 39,29,19 42,30,20 40,28,18 39,29,19 39,27,17 39,29,19 42,29,22 39,26,21 38,29,23 41,30,23 47,34,27 47,34,29
27,26,29 22,16,21 17,16,19 19,18,21 20,19,22 24,22,30 24,23,28 23,22,25 23,34,33 90,59,51 69,37,32 53,38,18 75,82,36 30,34,19 21,50,38 8,30,18 5,27,17 5,27,20 7,29,22 5,27,20 5,27,20 7,25,24 13,27,18 53,61,36 42,50,27 41,44,32 64,54,30 159,111,12 152,112,21 27,25,33 27,26,31 29,28,31 25,25,33 31,28,34 75,56,40 73,57,40 53,38,18 61,39,19 76,52,28 27,22,24 45,29,25 61,46,37 59,47,37 76,54,36 55,41,25 47,34,27 50,36,22 38,26,16 35,26,20 35,29,22 36,27,23 38,29,23 35,26,18 36,27,19 39,26,19 38,30,19 40,28,18 36,24,14 46,33,26 41,29,19 39,30,24 41,30,25 47,34,31 45,34,29
33,41,50 18,17,20 19,18,21 17,16,19 20,19,22 22,22,22 23,22,25 18,27,27 19,50,37 63,62,37 11,24,12 9,16,0 68,73,39 16,27,14 16,40,29 16,29,17 17,28,17 12,25,13 9,23,16 6,25,19 8,21,20 6,23,18 26,39,27 35,43,29 33,41,31 61,54,34 176,123,26 108,80,10 144,97,8 46,28,23 27,26,29 24,26,26 28,25,29 29,28,31 50,41,37 76,57,34 56,39,29 59,39,21 69,47,27 83,59,37 82,60,40 69,45,19 35,28,28 40,33,33 30,20,21 34,23,20 36,23,18 57,38,26 30,23,21 30,23,26 29,24,23 30,25,22 33,23,22 31,25,20 33,27,22 35,29,22 38,30,19 37,27,17 40,28,18 38,28,18 40,29,22 38,29,23 45,32,27 46,33,26
34,38,51 15,16,21 18,17,20 18,17,20 19,18,21 22,22,22 20,26,27 19,48,36 14,36,24 58,58,28 28,22,15 22,23,11 48,52,23 15,26,13 7,31,20 17,28,17 13,24,13 11,24,10 49,68,28 23,63,24 22,23,28 22,24,24 22,23,26 22,23,26 24,26,26 39,35,29 52,41,34 98,75,44 32,27,29 30,28,29 29,28,31 37,36,39 36,31,33 30,27,31 32,30,28 101,81,61 52,36,23 85,60,43 62,40,20 92,66,43 33,31,29 19,18,21 38,31,31 37,30,28 33,24,20 31,22,18 39,26,21 43,31,21 32,23,15 26,24,22 27,27,24 31,29,27 37,30,30 40,31,27 41,30,27 39,30,24 43,32,25 39,31,20 39,27,15 40,28,18 38,29,23 40,29,24 34,28,21 45,33,23
28,31,40 26,22,35 24,22,23 17,14,20 15,19,23 14,25,26 13,42,33 7,31,20 10,28,15 50,49,22 51,36,25 40,27,22 36,38,23 15,25,17 18,29,16 18,26,14 9,24,10 18,39,16 23,48,1 26,55,0 52,44,22 23,24,29 25,26,29 23,24,27 24,25,28 24,25,28 24,25,30 23,27,29 25,26,29 34,32,30 79,57,37 24,18,13 41,26,17 72,48,26 33,30,34 70,54,39 61,41,32 60,41,25 65,43,23 71,47,25 81,55,34 22,17,19 37,32,31 39,30,26 41,26,15 42,26,11 45,29,16 48,31,21 49,35,17 25,20,17 29,21,27 33,25,31 33,31,29 40,34,29 46,37,33 50,38,28 47,35,25 44,34,24 40,27,20 41,29,17 43,31,19 38,25,18 44,28,24 45,32,25
49,67,93 51,69,95 49,65,92 47,67,95 49,67,91 27,54,55 8,32,24 10,27,22 12,24,15 55,53,31 39,21,18 46,26,17 39,43,16 13,19,8 44,36,12 53,55,11 22,53,9 24,65,17 40,58,4 75,72,5 114,89,2 14,24,30 22,23,28 28,28,36 26,25,28 26,25,28 29,27,35 47,50,57 20,19,22 17,18,21 18,17,22 18,18,15 27,23,17 31,22,16 26,25,28 58,47,42 64,53,46 31,22,18 68,46,28 75,53,35 84,53,32 60,30,13 54,36,17 58,38,20 58,36,18 63,42,19 61,40,27 37,26,21 40,28,18 51,35,20 32,23,19 33,27,20 36,29,27 35,29,24 42,33,25 44,35,29 45,36,30 34,23,16 41,29,19 43,28,17 50,35,24 54,40,26 56,39,29 58,42,29
48,60,82 50,62,84 49,65,92 47,60,86 52,65,91 16,40,42 5,24,15 7,21,14 11,22,11 57,55,33 28,14,14 69,47,27 55,54,29 20,23,13 27,37,13 57,58,10 82,80,22 13,59,10 34,69,19 13,56,0 33,61,13 16,27,16 33,32,35 27,27,35 29,28,31 29,28,31 19,17,27 18,19,24 19,18,21 21,22,25 20,19,24 31,30,35 30,26,20 39,27,15 41,25,19 71,49,29 39,26,21 25,20,22 58,38,20 65,43,25 72,45,27 96,62,40 58,39,16 61,41,21 61,41,23 20,19,22 22,22,19 31,20,15 42,30,20 51,35,20 32,23,19 31,29,25 37,31,24 38,33,21 44,34,24 44,33,28 45,35,25 45,35,23 46,34,24 51,36,25 56,41,30 61,48,25 64,49,29 69,49,29
40,33,33 16,9,9 18,13,12 20,13,11 26,17,9 27,23,15 26,27,19 10,23,9 7,22,10 54,50,40 56,58,30 58,63,29 48,49,28 23,29,18 18,32,13 86,66,18 12,58,11 80,77,33 82,75,18 42,52,0 107,88,24 48,33,0 30,29,32 21,22,25 17,16,21 16,15,20 17,15,23 17,18,21 20,19,22 17,17,25 18,18,26 25,20,19 57,42,33 61,42,26 98,55,22 133,80,23 109,83,62 20,19,22 55,38,28 74,48,25 67,47,27 72,45,27 86,52,30 24,22,23 20,18,16 19,19,16 21,19,20 30,21,17 37,21,17 45,31,17 55,34,19 35,28,31 40,33,31 44,35,31 46,35,28 47,35,25 33,24,16 48,33,24 48,36,24 52,37,26 57,42,31 56,39,29 65,50,28 68,47,22
58,46,51 47,40,43 18,15,19 12,11,14 31,22,14 33,24,16 36,28,17 39,27,17 42,30,18 19,38,27 56,54,34 57,57,25 46,54,33 10,25,13 17,30,14 30,47,9 53,65,16 37,50,0 65,62,9 31,62,0 42,53,0 120,81,42 29,30,35 15,15,12 13,14,17 15,15,15 16,15,18 16,15,18 15,15,15 18,17,20 17,18,23 21,19,20 49,43,38 46,35,32 241,161,75 126,77,26 144,91,50 22,23,28 27,25,26 57,42,22 65,43,25 63,38,19 97,59,40 26,21,20 19,19,19 30,28,29 22,12,11 41,26,17 41,29,17 43,31,19 49,32,22 29,22,20 30,25,24 36,29,27 43,32,29 28,19,13 35,26,20 40,31,25 39,30,26 34,23,18 44,29,20 58,43,23 58,40,19 60,42,23
58,56,66 31,17,19 32,22,21 33,24,18 36,27,21 39,30,24 48,31,23 44,45,50 51,67,76 42,57,41 28,40,31 38,46,32 27,38,27 8,25,17 31,34,12 42,55,14 12,56,11 15,61,12 57,49,0 64,67,5 92,73,20 133,89,47 13,11,9 12,10,11 14,16,16 14,16,16 17,17,17 17,17,17 16,15,18 18,19,24 22,21,24 18,17,20 94,55,25 109,65,25 180,120,68 119,75,24 141,94,44 30,28,24 25,23,24 61,40,25 61,41,23 67,47,27 70,45,28 85,48,24 26,19,17 62,41,18 62,40,20 62,41,16 71,44,26 58,39,23 43,32,25 35,25,24 30,24,17 38,32,25 38,29,21 37,31,24 34,30,24 49,37,27 50,40,30 57,43,29 60,45,23 66,49,25 68,49,26 67,48,23
32,21,16 34,23,18 38,25,20 40,30,20 43,31,19 43,33,32 50,50,62 66,71,81 62,90,84 33,55,45 39,56,48 29,51,41 30,42,33 22,35,21 44,51,17 20,52,3 75,60,0 11,58,4 56,70,13 57,69,6 152,109,62 131,87,45 14,9,11 12,10,11 17,16,19 17,16,19 19,18,21 20,19,22 21,22,27 20,19,22 20,17,23 48,29,17 133,84,35 125,81,39 129,84,40 159,102,31 138,95,35 124,86,51 25,22,28 26,21,20 58,39,23 58,40,21 73,48,29 87,51,31 67,40,22 72,46,25 71,44,26 61,40,25 60,49,46 80,64,51 71,56,47 68,58,46 79,59,39 89,71,52 37,22,11 29,20,12 38,32,25 42,33,25 45,35,23 51,36,25 58,44,30 58,43,23 59,45,18 65,48,24
36,25,20 37,26,19 36,27,19 43,31,19 48,36,24 56,42,26 55,39,24 72,76,49 65,64,39 49,57,45 52,63,48 47,54,36 68,56,26 107,74,22 138,88,14 161,104,15 199,120,10 179,113,9 101,92,7 110,101,27 141,92,56 132,87,52 14,9,11 12,10,8 17,16,19 16,15,18 17,16,19 18,17,20 18,19,22 34,29,26 216,148,78 154,84,6 167,103,39 136,86,26 161,102,29 154,96,30 143,93,31 135,88,36 82,60,42 72,50,32 65,46,34 47,35,23 62,46,31 63,42,27 79,50,28 80,47,22 65,42,29 88,68,48 86,58,31 89,61,34 91,59,27 96,64,30 103,66,24 103,68,30 103,71,41 56,36,18 51,33,14 52,37,17 47,36,21 45,33,23 43,28,19 58,42,27 83,54,30 86,58,29
41,29,19 46,34,24 43,31,21 46,34,22 50,36,20 52,37,17 55,57,40 11,40,28 55,57,31 59,55,34 44,48,31 22,35,19 19,41,13 17,50,12 11,54,12 15,56,10 18,57,10 38,59,9 138,107,29 151,117,27 142,99,64 131,86,53 20,14,9 12,10,8 13,11,12 13,11,12 12,12,12 13,13,13 12,12,12 52,42,41 151,91,39 187,109,27 218,139,48 150,94,31 155,100,30 160,100,30 132,83,18 132,84,26 128,84,46 128,79,39 121,78,43 115,70,35 97,62,26 104,74,46 110,80,52 93,69,45 94,64,38 82,53,22 101,66,28 100,67,30 105,68,28 91,62,29 109,67,25 116,75,26 121,78,29 80,55,27 61,40,17 63,41,21 62,40,20 68,47,24 43,28,8 81,56,28 86,62,29 91,62,29
43,31,19 42,30,18 50,39,24 56,42,28 62,47,25 79,60,37 14,50,33 8,34,23 9,33,22 8,32,24 9,35,24 4,28,20 9,34,14 8,54,16 5,61,12 5,61,12 7,63,12 11,64,12 30,74,9 113,92,20 132,87,54 131,86,51 19,13,8 12,10,8 12,10,11 12,10,11 12,10,11 12,10,11 12,10,11 22,17,14 81,56,37 197,120,44 224,136,46 201,123,45 164,101,27 149,96,30 131,85,26 125,79,20 129,82,19 126,80,23 119,75,24 122,78,27 115,72,27 89,55,23 120,79,34 120,83,43 111,72,29 109,71,25 106,72,31 108,70,33 110,71,30 79,51,24 115,72,27 116,73,26 120,77,28 90,59,38 77,48,28 72,48,26 66,42,18 89,51,30 36,19,9 88,64,31 95,68,36 97,68,33
62,46,31 60,44,29 50,35,26 51,36,25 59,43,28 58,44,28 6,40,26 6,32,21 6,32,21 7,33,22 8,32,21 6,24,21 4,26,19 9,53,16 6,58,13 6,62,11 9,65,14 10,66,13 32,78,17 58,95,17 146,96,63 117,78,48 49,22,4 12,10,8 12,10,11 12,10,11 14,9,11 16,9,12 21,12,6 23,14,10 57,44,37 118,69,18 128,78,36 156,97,24 185,117,43 132,87,25 135,89,30 134,87,24 131,86,22 126,78,22 126,80,23 127,81,22 95,60,24 98,60,25 114,74,20 115,75,23 118,75,26 111,70,25 114,70,28 115,71,29 128,79,28 108,71,27 99,64,28 104,67,23 126,85,26 55,34,19 71,50,27 73,42,23 89,54,29 102,56,26 49,26,23 30,28,24 27,26,31 53,40,35
35,26,20 39,30,24 41,30,25 43,34,28 47,35,23 44,59,47 12,41,27 4,30,19 4,30,22 6,35,23 4,30,22 8,25,20 7,26,20 10,54,17 5,56,16 5,61,12 7,63,14 10,66,15 33,82,18 35,83,12 128,90,55 98,65,40 86,53,26 15,10,9 19,12,10 24,15,9 29,20,14 29,20,14 30,19,14 31,20,15 48,33,24 39,18,3 251,166,70 163,100,33 192,122,44 62,41,18 72,51,26 83,56,24 129,85,32 138,88,28 121,74,22 129,81,23 73,44,22 109,67,29 123,79,26 119,79,27 121,79,25 119,74,28 119,74,28 123,78,30 132,84,26 139,91,33 110,72,26 118,77,30 120,78,24 33,21,11 42,26,11 97,56,29 95,54,25 94,50,22 92,57,32 84,53,30 81,52,30 86,58,31
33,26,24 38,29,25 38,29,25 42,29,24 43,32,27 12,41,29 11,40,28 4,30,19 3,32,23 5,34,22 4,30,22 6,25,19 4,26,19 11,53,20 8,50,15 8,54,18 6,61,15 7,59,14 27,73,14 19,70,23 118,84,50 140,94,53 110,75,37 24,15,9 26,17,11 28,19,13 29,23,16 33,20,13 34,22,12 48,33,24 47,32,21 46,34,22 96,62,32 169,113,39 132,80,20 52,34,15 65,47,26 67,46,23 84,69,58 63,42,19 108,64,22 94,62,28 58,42,27 125,78,28 126,79,27 116,75,26 124,81,25 129,83,26 126,78,24 127,81,24 134,84,24 158,98,30 90,59,20 114,77,24 116,75,18 95,76,53 40,26,12 99,58,29 78,47,24 105,64,35 99,59,36 97,57,32 95,61,31 94,55,27
28,23,22 30,23,23 34,28,23 37,31,26 47,32,23 6,32,21 6,35,23 7,33,25 9,31,21 5,34,22 4,30,22 4,28,20 7,26,20 14,53,17 9,43,13 11,38,18 5,63,12 3,53,11 11,58,15 26,74,26 71,84,32 139,94,59 112,71,40 31,20,13 35,23,13 45,28,18 45,29,12 49,33,16 45,29,16 36,26,16 22,12,11 33,23,13 35,20,9 79,59,39 67,47,29 63,41,23 81,57,35 66,42,18 74,65,59 98,87,70 54,40,26 50,38,28 84,60,34 124,77,25 123,79,26 114,73,24 123,80,22 127,81,22 129,84,22 134,87,24 147,95,24 173,108,30 52,36,23 64,46,25 109,72,28 119,77,35 77,36,16 95,54,27 115,71,41 98,59,31 106,65,36 103,61,37 104,63,36 113,67,37
26,24,25 28,26,24 33,26,26 34,28,23 42,33,27 6,30,22 5,27,20 16,47,37 5,31,20 8,30,20 6,30,22 8,34,23 7,29,19 13,53,14 10,33,16 5,27,17 6,62,11 8,54,7 13,44,18 58,108,35 16,64,7 126,83,48 102,67,40 49,29,11 48,32,15 49,33,16 57,35,15 60,40,22 19,12,10 41,22,6 70,46,24 73,47,24 70,46,22 72,43,21 66,42,20 56,36,16 77,45,29 73,49,25 63,57,52 39,30,24 78,66,54 69,57,45 75,61,45 115,74,25 124,80,27 122,79,21 132,85,24 125,79,24 141,92,27 147,96,27 147,91,26 163,108,38 58,37,22 100,60,26 65,32,5 98,65,26 110,75,37 134,88,51 115,68,34 123,77,47 120,75,42 110,64,36 127,78,42 109,61,32
26,24,25 27,25,26 30,23,21 33,27,22 40,29,22 10,29,20 7,26,20 7,36,27 8,34,23 3,25,13 9,31,21 13,42,30 4,29,13 12,55,15 3,28,10 4,25,21 2,54,11 22,64,0 9,28,17 16,66,8 12,63,12 126,83,48 102,75,43 49,34,14 56,34,16 58,38,20 19,8,3 23,14,10 59,44,22 65,43,23 62,43,20 72,46,23 75,46,24 76,47,25 82,51,28 77,46,23 87,53,31 72,51,36 37,33,27 53,34,20 89,69,62 67,55,43 64,52,40 90,58,24 124,80,29 124,81,25 118,77,30 82,50,18 111,74,30 100,66,23 106,72,27 67,37,11 116,73,40 107,61,33 134,83,46 87,58,25 104,64,28 123,77,40 125,81,43 130,86,48 122,75,43 128,79,39 128,75,34 113,70,37
27,25,23 27,25,23 30,23,23 33,27,22 34,28,23 9,28,19 6,25,19 7,29,22 9,43,29 4,28,17 5,27,17 5,36,26 3,27,14 10,54,17 6,26,8 6,25,19 5,35,14 19,77,14 7,25,12 7,54,11 12,63,12 90,84,38 101,64,38 65,39,18 64,45,31 43,31,19 29,18,13 52,34,13 72,46,23 75,49,26 79,53,28 88,58,32 91,51,26 97,58,30 99,63,34 92,52,29 102,62,37 40,40,40 43,31,31 38,22,16 34,20,22 40,24,22 53,40,35 77,61,48 130,83,22 128,81,29 51,35,18 49,34,23 46,35,32 44,35,31 44,26,23 111,70,43 93,65,36 87,50,24 76,45,22 100,66,23 119,76,43 129,80,42 132,81,42 141,88,45 125,76,40 122,71,36 136,83,38 138,80,43
29,24,23 30,23,23 31,24,24 33,26,29 34,28,23 5,26,22 5,27,20 6,25,19 24,58,44 6,30,22 6,25,19 14,38,30 3,27,16 9,55,17 9,33,11 8,24,22 9,28,22 14,61,18 6,25,14 6,38,16 14,63,10 78,101,41 85,54,35 37,21,17 63,42,19 71,45,20 74,45,25 80,51,27 78,47,24 87,50,26 78,48,22 60,36,14 72,50,30 62,42,24 41,29,19 26,19,17 39,37,38 35,30,32 33,21,26 38,24,24 40,26,28 40,26,28 41,27,27 45,33,33 136,91,43 123,78,14 38,26,28 29,22,25 23,16,14 34,22,22 67,49,30 81,54,38 97,63,45 108,64,38 94,60,30 100,68,22 119,75,47 127,77,44 113,69,39 88,54,24 73,44,24 87,59,30 52,37,26 96,54,30
25,22,26 26,24,25 24,23,26 26,24,25 25,23,24 7,29,19 5,27,20 7,26,20 9,38,26 6,30,22 7,24,19 7,24,19 9,35,24 8,52,15 13,40,12 7,26,17 7,24,19 10,52,17 7,26,6 7,29,19 35,84,31 51,90,27 29,17,17 30,18,18 30,20,21 32,20,20 68,47,32 79,45,25 81,52,32 74,45,25 51,31,22 39,26,21 34,22,22 32,22,23 32,22,23 32,22,23 34,34,34 37,30,30 29,19,18 29,17,19 34,22,24 40,26,26 44,27,28 40,28,30 128,86,44 119,74,28 41,28,23 97,60,34 115,71,33 130,84,45 116,62,24 144,89,48 104,68,39 59,35,11 94,70,15 77,48,17 140,85,40 129,73,26 145,88,46 141,88,47 136,82,44 108,64,26 112,65,31 146,89,47