18,23,29 18,23,29 18,23,29 18,23,29 18,23,29 18,23,29 18,23,29 19,24,32 25,30,40 25,29,42 25,29,42 23,30,42 23,30,42 23,30,42 23,30,44 37,30,40 86,40,22 94,42,12 106,55,16 98,44,10 71,33,12 53,26,10 87,42,19 87,41,11 93,40,13 93,42,16 92,50,26 104,62,22 82,54,16 70,51,16 53,30,15 19,24,32 20,23,30 20,23,30 19,24,30 23,30,42 22,29,41 23,30,42 26,33,45 25,33,42 24,31,43 25,32,46 27,31,44 26,29,38 37,35,31 44,33,26 50,38,28 53,40,33 52,45,45 51,49,50 46,43,47 30,28,36 23,26,33 31,30,33 59,45,31 59,43,26 63,50,45 59,50,46 52,43,39 32,29,33 21,21,29 22,22,30 23,23,31 27,27,35
18,23,29 18,23,29 18,23,29 18,23,29 18,23,29 18,23,29 18,23,29 20,25,33 25,30,40 25,29,42 25,29,42 23,30,42 23,30,42 25,29,42 29,31,47 69,36,29 98,43,12 93,41,11 87,43,17 56,25,6 78,40,19 79,34,11 81,36,13 93,37,11 97,39,13 99,48,22 88,40,22 64,32,16 72,35,9 71,41,15 78,45,34 25,24,27 20,23,30 19,24,30 19,24,30 27,31,44 26,30,43 23,30,42 24,31,43 24,31,43 24,31,43 25,32,46 25,30,36 23,27,31 37,35,36 44,33,30 48,35,28 48,37,30 52,42,41 51,46,45 47,44,48 39,35,44 23,26,33 22,22,30 33,28,30 63,50,29 61,48,41 61,50,47 52,43,39 34,32,33 23,23,33 22,22,30 22,22,30 25,25,33
18,23,29 18,23,29 18,23,29 18,23,29 18,23,29 18,23,29 18,23,29 24,29,37 24,29,37 24,29,37 25,29,42 23,30,42 22,26,39 33,31,39 73,40,33 89,41,12 68,32,10 54,24,7 62,30,14 76,34,12 75,37,20 75,32,15 106,47,17 95,37,11 80,36,10 74,33,15 75,39,19 70,39,18 81,38,19 84,38,20 86,43,26 74,42,28 20,23,30 19,24,30 19,24,32 26,30,43 24,31,43 24,28,41 25,32,44 25,29,42 25,33,42 33,40,52 20,25,33 22,26,30 34,33,38 40,33,31 44,35,29 49,36,29 50,41,37 51,44,42 49,46,50 44,41,45 23,23,31 23,24,29 23,23,31 44,33,30 61,48,41 62,49,46 53,44,40 42,32,33 26,24,32 23,23,31 21,21,29 36,36,44
18,23,29 18,23,29 18,23,29 18,23,29 19,24,30 18,24,25 20,25,31 24,29,37 24,29,37 24,29,37 24,28,41 22,29,41 25,30,40 60,33,17 105,57,0 57,32,13 41,25,12 53,27,13 68,33,18 63,28,13 72,34,13 92,39,14 85,34,8 103,48,19 50,29,6 46,23,8 45,23,15 51,28,15 92,42,11 101,46,17 98,47,23 83,42,26 52,36,34 19,24,30 19,24,30 23,30,42 22,29,41 26,30,43 25,32,44 23,30,42 19,24,30 40,47,61 32,34,50 25,28,35 27,24,30 36,31,28 43,32,27 45,34,29 47,36,29 51,40,37 53,47,52 48,45,49 26,25,30 22,23,28 27,23,32 47,35,37 60,47,44 57,48,44 52,42,41 40,35,37 39,39,47 39,39,47 42,45,52 38,38,46
18,23,29 18,23,29 18,23,29 18,23,29 18,23,29 18,23,29 22,27,33 24,29,37 24,29,37 22,27,35 24,28,41 24,28,41 45,31,33 124,82,19 109,70,11 96,64,7 27,14,9 49,26,15 55,23,9 74,36,17 68,25,8 91,40,14 84,40,14 76,45,8 84,63,9 86,64,15 76,55,14 57,32,13 56,24,10 67,35,19 79,44,31 81,44,29 64,36,25 25,22,28 19,24,30 27,31,44 25,29,42 26,30,43 25,32,44 24,29,37 18,26,33 31,38,52 23,32,43 28,33,41 26,23,29 26,24,22 39,35,29 42,32,31 46,35,28 51,42,38 51,48,52 48,45,49 32,29,33 31,30,35 33,27,32 51,41,40 56,47,43 57,45,45 52,43,39 41,35,42 35,35,43 37,37,45 37,37,45 39,39,47
28,28,36 28,28,36 23,23,31 19,22,29 18,23,29 19,24,30 24,29,37 24,29,39 24,29,37 24,28,41 25,30,40 24,29,37 63,36,31 119,81,31 106,66,14 101,61,9 74,48,7 29,19,9 70,34,16 99,46,19 94,46,17 74,32,10 78,36,12 99,75,13 96,72,17 96,73,15 87,67,17 91,72,19 85,63,14 89,59,15 55,32,17 59,26,17 63,32,20 41,27,27 19,24,30 25,29,42 23,30,42 23,30,42 23,30,42 19,24,30 21,26,34 34,38,53 18,26,35 25,30,38 23,23,31 23,18,15 30,25,27 38,28,27 45,34,29 49,39,40 53,47,52 52,49,55 34,28,33 30,25,27 28,25,29 44,37,40 47,37,36 52,42,41 50,44,37 37,36,41 37,40,51 36,36,44 39,37,47 39,37,45
34,31,35 36,30,35 36,30,35 36,30,35 34,31,37 28,29,34 27,30,37 24,29,37 24,29,39 22,29,41 24,29,39 31,29,39 61,30,22 47,25,17 35,19,6 39,19,1 75,48,3 91,53,7 81,35,9 85,41,11 84,39,18 102,68,9 117,84,16 112,83,18 96,68,10 102,78,16 107,80,17 115,82,14 122,85,14 118,79,10 78,56,9 55,29,17 60,29,19 54,32,26 19,24,30 25,29,42 23,30,42 24,28,41 25,29,42 19,24,32 20,23,32 22,25,34 23,26,35 25,30,38 21,21,29 26,19,19 21,14,12 33,26,29 37,27,28 40,33,36 51,45,50 49,46,50 28,26,27 27,25,26 28,25,29 31,24,27 35,28,28 45,38,38 51,42,38 37,36,39 38,38,46 36,35,40 35,32,38 32,29,35
38,38,50 36,36,46 38,38,48 36,36,44 32,28,37 34,31,37 32,29,35 32,29,35 32,31,34 27,27,35 28,28,38 37,29,37 60,36,28 41,24,14 35,19,13 31,16,7 69,31,12 95,44,16 78,38,4 144,95,18 105,69,7 85,46,5 119,85,15 110,81,16 119,84,17 110,82,12 82,56,4 105,80,21 109,80,19 103,79,17 80,59,16 45,23,15 64,32,18 54,32,24 21,25,27 22,29,41 22,29,41 25,29,42 25,29,42 19,27,34 33,31,39 43,36,36 78,62,47 86,62,40 58,44,30 35,22,15 21,15,10 20,13,11 33,26,29 33,28,30 45,42,48 51,48,54 31,24,24 28,21,21 29,22,22 29,22,22 31,24,24 43,36,36 50,40,39 31,28,32 30,29,34 29,27,35 27,25,33 27,25,33
38,36,46 41,39,49 39,39,51 39,43,56 39,41,55 39,41,55 40,42,56 39,39,51 38,43,53 35,38,49 30,33,44 49,35,37 51,31,24 41,24,14 33,18,9 51,25,13 76,34,12 65,31,13 137,92,17 125,77,21 123,82,14 112,73,12 144,108,77 47,41,34 97,69,11 118,83,16 108,80,12 102,80,17 97,74,16 98,74,21 80,57,26 32,15,7 62,30,16 50,32,27 21,23,37 26,31,41 33,36,54 26,31,41 28,33,43 23,26,37 47,36,33 67,48,25 84,50,28 84,51,24 85,51,29 81,50,29 79,51,24 74,48,25 56,42,26 36,29,32 36,35,40 52,44,50 36,26,25 31,21,20 27,20,20 28,18,19 29,24,26 36,31,33 41,35,40 29,27,35 24,24,32 24,24,32 24,24,32 24,24,32
29,27,35 29,27,35 34,30,39 34,32,42 34,32,40 34,34,44 42,42,54 45,45,57 34,37,48 40,44,59 39,43,58 49,40,53 52,38,38 34,19,10 39,22,14 93,40,15 83,42,15 116,82,23 173,115,15 154,100,12 158,98,12 143,87,13 97,59,9 52,38,20 76,50,0 124,85,16 110,76,13 70,57,23 81,61,13 86,70,14 81,65,23 34,14,5 61,33,20 46,29,19 30,25,27 24,24,32 23,26,35 33,37,50 33,38,48 33,37,50 56,41,30 92,59,32 99,63,32 92,56,25 87,54,27 87,54,27 80,50,24 81,52,30 70,48,30 50,37,30 40,35,37 47,41,46 47,36,29 36,25,18 26,19,19 26,19,19 28,23,25 36,31,33 30,27,33 25,25,35 23,26,35 25,28,37 25,30,38 25,30,38
24,24,34 24,24,34 24,29,37 29,27,37 27,27,37 27,27,35 29,27,35 31,27,36 33,29,38 34,37,46 39,42,53 46,44,56 53,43,47 43,23,14 67,39,26 60,28,14 91,66,20 150,104,20 169,111,11 161,104,15 167,107,16 150,95,12 127,83,12 114,75,16 136,89,8 163,106,3 157,108,2 42,31,14 67,58,54 39,28,23 42,35,17 42,20,12 58,41,13 71,47,10 94,67,20 25,30,40 23,26,35 32,36,49 33,38,48 36,41,49 65,46,30 110,72,37 120,76,36 110,70,34 101,62,32 94,60,26 86,53,28 82,51,28 81,52,28 70,50,32 56,44,34 54,43,36 52,40,28 50,36,22 29,23,16 28,21,21 28,23,25 27,22,24 26,23,27 22,25,34 21,26,34 21,26,34 21,26,34 24,29,37
18,23,29 20,25,31 24,29,37 20,28,35 24,29,37 24,29,37 24,29,37 25,28,37 25,28,37 25,28,35 23,26,33 29,27,37 43,32,39 49,31,26 75,40,25 54,30,22 79,56,14 152,105,14 165,109,13 158,104,16 150,96,17 133,87,19 117,81,21 95,68,23 137,94,9 165,109,15 131,88,12 89,71,29 45,36,21 50,41,26 40,37,24 38,21,13 32,28,20 54,46,24 33,28,27 22,25,32 24,29,35 36,41,51 32,37,47 29,34,42 67,46,33 106,65,36 114,72,30 118,74,34 113,70,35 107,66,35 105,64,35 104,63,34 103,64,36 91,58,33 81,55,32 82,56,31 78,54,32 73,48,20 54,36,17 34,28,21 35,26,22 30,23,23 26,23,27 22,25,34 21,26,34 22,27,35 21,26,34 22,25,34
20,25,31 22,27,35 22,27,35 22,27,35 24,29,37 24,28,41 24,28,41 24,28,41 24,28,41 22,29,41 27,35,44 28,32,45 28,28,40 31,29,37 65,46,48 55,28,21 60,38,2 142,98,16 153,104,16 141,96,21 126,86,22 118,84,23 106,78,20 127,86,14 133,90,16 110,81,20 102,78,25 71,55,24 74,58,27 72,59,36 35,35,21 35,19,15 29,27,35 25,25,35 23,26,33 26,24,32 23,26,33 23,23,35 23,23,35 22,25,34 70,54,41 107,66,35 111,68,33 117,73,33 115,71,33 113,70,35 112,70,32 112,69,34 111,68,33 108,65,32 103,64,34 96,62,32 91,58,33 82,54,27 70,44,19 38,27,22 33,24,20 29,22,20 28,23,25 22,25,32 20,25,33 20,26,29 19,24,32 18,23,29
22,27,35 22,27,35 22,27,35 22,27,37 22,27,35 24,28,41 22,26,39 22,26,41 31,36,46 33,38,48 22,26,39 24,29,37 24,29,37 25,29,42 25,30,40 25,28,35 29,32,10 128,93,12 137,98,18 139,99,22 129,93,17 122,88,18 137,98,16 156,105,9 143,101,9 101,74,13 93,73,14 62,51,16 103,76,29 77,64,32 30,24,15 31,21,22 27,25,33 25,25,35 22,25,34 25,25,35 25,25,35 24,24,34 24,24,34 23,23,31 100,65,38 115,73,33 105,65,31 109,66,31 114,71,36 113,71,33 112,69,34 113,70,37 112,69,36 109,66,33 105,64,33 97,61,32 90,60,32 87,56,33 80,54,29 47,35,23 33,24,20 31,25,20 29,24,26 20,23,30 18,23,29 18,23,29 18,23,29 18,23,29
21,26,34 22,27,35 22,27,35 22,27,35 22,27,35 24,29,39 24,29,37 22,27,35 21,26,34 21,26,34 21,26,34 21,26,32 24,29,39 21,26,36 21,26,34 22,25,34 81,39,15 118,86,15 131,93,15 131,96,15 132,94,18 130,94,18 78,48,0 97,53,25 101,55,27 95,60,22 91,64,19 60,55,25 100,76,23 79,63,30 33,22,19 30,24,29 34,32,40 25,25,33 24,24,32 20,25,31 24,24,32 22,25,32 22,25,32 23,26,35 152,99,54 120,77,32 105,65,29 109,66,31 111,69,31 113,71,31 112,69,34 109,66,31 109,66,31 107,64,31 102,61,32 94,60,30 88,58,30 86,58,31 80,54,31 51,37,23 37,26,21 31,21,22 27,22,24 19,22,29 18,24,27 18,23,29 18,23,29 18,23,29
22,27,37 22,27,35 22,27,35 22,27,35 22,27,35 22,27,37 24,28,41 22,27,37 18,23,29 18,23,29 18,23,29 18,23,29 21,26,32 18,23,29 18,24,27 18,23,29 83,45,0 135,98,13 122,89,12 125,93,9 131,96,15 131,96,15 132,94,16 118,68,24 98,57,30 65,44,29 32,21,16 66,54,24 91,71,23 44,41,26 37,33,42 30,27,33 19,22,29 18,23,29 19,24,30 21,26,34 21,24,33 21,26,32 22,27,33 18,26,35 118,79,40 114,69,23 111,69,31 112,70,30 115,71,31 117,73,33 111,68,33 108,65,32 106,63,30 99,58,29 96,60,31 92,59,32 88,58,32 87,56,33 75,49,26 50,34,21 36,25,20 31,21,20 23,20,24 18,23,29 18,24,27 18,24,27 18,23,29 18,23,29
22,27,35 24,29,37 22,27,35 22,27,35 22,26,39 24,28,41 22,27,37 22,27,35 20,25,31 18,24,27 18,23,29 18,23,29 20,25,31 18,24,27 21,23,20 67,41,31 160,111,1 148,103,0 124,88,10 121,87,15 127,91,13 129,94,13 132,94,18 117,84,16 90,65,19 79,57,21 60,46,19 76,60,29 46,49,39 30,38,47 29,32,39 22,25,32 19,24,30 19,24,30 21,26,32 22,27,33 22,27,33 21,26,34 23,27,31 67,45,27 131,86,40 121,78,33 117,73,33 117,73,33 120,76,36 120,76,36 117,72,37 109,66,31 103,63,29 98,59,31 95,60,33 86,57,33 82,53,29 81,55,32 70,49,26 46,34,24 32,20,20 28,18,17 21,18,22 19,22,29 18,23,29 18,23,29 18,23,29 18,23,29
22,27,35 22,27,35 22,27,37 22,27,37 24,29,39 24,29,39 22,27,35 22,27,35 19,24,30 16,25,27 19,22,29 16,24,29 17,25,32 20,23,30 81,59,25 174,118,0 177,118,0 168,111,0 148,102,4 126,88,10 118,86,15 120,86,14 125,93,20 120,87,21 102,76,22 86,64,26 77,65,28 28,29,32 26,29,40 32,36,51 28,33,41 19,24,32 20,23,30 19,22,29 21,24,31 21,25,29 26,25,28 58,38,31 131,91,57 151,108,73 126,83,38 123,78,34 118,74,34 113,70,35 112,69,34 115,71,33 113,70,35 111,68,33 104,63,32 97,60,34 89,59,31 87,57,31 80,56,32 72,50,30 65,47,28 36,25,18 29,20,16 23,16,16 20,19,24 19,22,29 18,23,29 18,23,29 18,23,29 18,23,29
22,27,35 22,27,35 21,26,34 21,26,34 22,27,35 22,27,35 22,27,35 22,27,35 20,25,33 19,26,24 25,22,26 25,22,26 78,46,0 155,109,0 157,107,0 158,108,0 169,113,0 173,114,0 156,109,7 136,97,13 124,87,14 113,80,14 98,76,11 94,73,19 75,65,27 48,45,19 21,25,29 22,27,33 25,30,40 32,34,48 30,33,44 114,87,71 186,141,106 165,119,93 121,84,60 127,87,62 140,95,60 136,94,54 128,87,56 127,86,57 124,78,37 115,71,33 111,68,33 112,69,34 113,70,35 113,70,35 114,71,36 109,66,31 103,62,31 94,58,29 87,54,27 87,57,31 74,53,28 66,48,27 54,40,26 31,22,16 23,16,16 19,14,16 22,21,26 18,24,27 18,23,29 18,23,29 18,23,29 18,24,25
22,27,35 21,26,34 21,26,34 20,25,33 21,26,34 22,27,35 22,27,35 25,28,35 37,29,18 128,94,22 141,85,11 147,89,9 155,105,4 149,102,0 148,99,0 146,99,0 153,104,0 158,107,0 160,110,7 141,98,11 122,85,12 109,81,13 102,80,15 92,73,20 70,59,24 55,58,23 26,32,21 20,25,31 26,31,41 37,36,51 189,147,125 227,161,109 226,160,105 175,120,77 152,103,63 147,103,63 135,94,49 136,94,52 127,88,56 119,79,45 124,81,34 120,76,34 116,72,32 121,77,39 118,74,34 114,71,38 111,68,33 109,66,33 99,60,30 96,59,33 85,54,31 74,53,28 60,45,25 59,45,29 45,33,23 28,19,15 21,14,17 19,17,18 21,21,29 18,23,29 18,23,29 18,23,29 18,23,29 18,24,25
22,27,35 22,27,35 21,26,34 22,27,35 22,27,35 23,26,35 30,32,29 47,67,22 25,60,12 49,52,3 59,64,17 41,46,3 128,71,2 125,73,0 138,94,0 141,95,0 143,97,0 143,97,0 146,101,0 145,99,3 122,85,14 91,67,12 87,68,13 88,72,18 78,66,25 62,62,28 59,67,26 59,64,30 33,36,43 130,110,101 177,113,53 198,129,73 236,158,78 157,104,51 146,94,44 143,96,44 141,97,44 136,97,54 125,86,45 114,75,36 121,80,33 126,83,34 125,80,34 122,77,31 121,77,35 109,66,31 108,65,30 108,65,32 101,62,32 94,59,32 84,55,31 69,49,29 61,43,24 52,41,26 37,26,21 26,17,13 20,13,11 18,16,17 18,23,29 18,23,29 18,23,29 18,23,31 18,23,29 18,23,29
18,22,26 16,20,24 16,19,28 18,23,29 20,25,33 22,27,35 35,69,26 14,57,17 11,55,18 9,53,18 15,49,15 94,70,19 32,43,12 118,76,13 124,78,8 130,93,0 135,93,1 134,92,0 138,93,2 137,95,5 128,91,10 97,70,9 83,66,15 85,68,21 80,69,25 62,62,28 60,63,28 58,63,27 61,56,17 118,82,60 119,70,30 228,150,72 226,153,69 147,101,44 138,94,43 137,92,46 138,93,45 138,94,43 130,86,46 121,79,41 122,81,34 125,83,31 124,81,34 121,78,33 114,72,32 112,70,32 109,66,33 104,65,35 94,62,32 91,58,31 87,56,33 69,50,27 55,41,23 50,38,28 29,20,14 22,15,15 17,14,18 22,21,26 18,23,29 18,24,27 18,23,29 18,24,27 18,23,29 18,24,25
12,10,11 12,10,11 12,10,11 18,23,29 21,26,32 70,95,75 17,60,18 10,54,17 8,52,17 12,51,15 9,48,12 9,43,9 65,53,14 27,38,9 116,71,9 122,71,4 130,92,3 131,91,0 133,93,2 131,90,2 127,89,2 113,80,3 86,67,10 88,72,18 77,68,21 65,61,26 64,61,19 80,68,11 150,98,11 103,71,14 168,118,15 156,104,15 129,87,22 98,60,10 91,57,37 118,85,48 133,92,45 139,94,46 135,92,45 123,81,41 124,83,36 121,80,35 120,78,36 120,76,36 113,71,33 111,68,33 109,66,33 104,65,33 94,60,30 87,57,29 78,54,28 71,50,27 60,44,29 44,33,28 29,19,18 19,14,13 18,18,18 25,23,31 19,24,32 18,24,25 18,24,25 18,24,27 18,23,29 18,23,29
12,10,11 12,10,11 13,13,13 18,23,29 22,27,33 34,70,26 12,56,19 10,54,17 9,53,18 10,49,13 8,46,8 6,40,6 17,39,9 47,40,13 21,43,6 122,71,6 103,60,0 136,94,2 135,95,2 133,96,2 131,93,6 129,94,13 113,85,17 100,81,17 96,76,15 79,69,18 153,114,32 174,117,5 165,110,11 154,107,5 124,84,7 110,77,9 173,114,16 162,101,13 122,82,18 93,72,31 131,90,43 137,92,46 129,88,43 121,82,41 119,77,35 119,77,37 118,76,36 114,72,32 114,72,34 112,69,36 107,64,31 99,63,32 94,60,30 88,58,30 79,55,29 72,51,28 59,43,30 43,30,23 26,16,15 19,14,16 15,16,19 20,23,30 19,24,30 18,23,29 18,23,29 18,23,29 18,24,25 18,23,29
12,10,11 12,10,11 15,15,15 19,24,30 21,35,28 29,66,17 10,54,17 9,53,16 8,52,15 10,52,15 9,43,11 11,37,12 10,36,13 39,40,17 33,48,22 72,47,0 122,73,8 116,77,16 138,98,7 134,96,9 130,94,16 122,93,21 113,87,17 115,88,23 109,86,15 152,107,16 162,105,0 162,110,10 138,91,10 107,68,7 173,119,15 164,110,6 155,103,14 124,85,12 97,71,19 85,59,34 126,84,44 126,84,46 125,86,47 118,79,40 116,73,38 113,70,37 115,72,37 113,70,35 111,68,33 107,67,33 101,62,32 96,60,31 92,59,32 84,54,28 77,53,27 62,48,23 61,47,31 36,25,22 26,17,13 21,13,19 17,18,23 16,24,29 18,23,29 18,23,29 18,23,29 18,24,27 18,23,29 17,22,28
12,10,11 12,10,11 16,15,18 19,24,30 27,45,28 27,62,14 9,53,16 9,53,16 10,52,17 9,48,12 6,40,8 10,36,13 7,27,13 12,32,16 45,43,14 48,46,15 116,74,11 119,78,10 137,95,5 134,96,9 127,94,15 118,90,22 102,84,22 102,79,19 161,115,4 160,111,3 156,105,0 123,82,12 125,83,0 158,105,10 149,97,10 133,95,19 112,82,24 85,59,34 92,59,34 106,74,44 122,83,44 124,85,46 117,79,44 116,76,40 106,71,35 108,69,37 109,71,36 107,67,31 107,67,31 104,65,33 96,60,31 94,59,32 91,58,33 81,56,28 74,49,30 63,48,28 56,42,28 36,23,18 25,15,14 21,16,18 18,22,26 18,23,29 19,24,30 17,22,28 18,23,29 18,23,29 18,24,27 18,23,29
12,10,11 12,10,11 16,20,22 20,25,33 27,42,26 25,59,14 9,53,16 9,53,16 10,52,15 10,47,12 9,41,10 11,37,14 7,30,15 9,28,19 22,30,7 37,39,11 77,56,13 114,71,11 133,93,27 134,97,5 129,93,15 121,89,16 101,83,12 148,107,8 165,114,7 169,112,5 168,111,4 164,110,6 160,104,12 139,97,16 113,84,19 91,63,25 133,90,14 148,95,11 113,78,22 90,68,30 121,84,44 113,78,42 109,73,40 105,71,41 100,66,36 101,67,35 102,66,33 100,64,33 101,65,32 99,63,32 94,60,30 88,58,32 79,53,28 76,52,28 65,48,24 62,47,25 55,40,29 32,23,17 23,16,16 18,18,18 17,22,28 18,23,29 18,23,29 18,23,29 18,23,29 18,23,29 18,23,29 18,23,29
12,10,11 12,10,11 16,20,22 20,25,33 29,45,26 24,60,14 9,53,16 10,54,17 8,52,17 10,49,13 10,44,12 11,37,12 18,38,20 10,27,17 37,35,15 8,37,9 11,40,10 106,67,10 97,65,10 126,90,0 124,89,8 122,97,24 134,99,16 165,114,5 169,112,5 167,113,5 157,105,5 151,102,10 128,89,18 100,72,14 140,91,12 151,100,2 146,100,14 136,91,18 103,79,17 84,55,31 113,78,42 109,73,40 98,66,34 93,61,31 96,63,36 92,60,30 96,61,34 93,58,31 96,61,34 92,59,32 85,54,31 83,55,28 79,53,28 76,52,28 65,48,24 60,45,25 54,39,28 34,23,20 25,20,19 22,21,24 18,23,29 18,23,29 18,23,29 18,23,29 18,23,29 18,23,29 18,23,29 18,23,29
12,10,11 12,10,11 16,20,22 20,25,31 29,46,22 24,60,14 9,53,18 9,53,18 11,53,18 10,49,13 10,44,10 11,39,14 16,40,18 17,30,14 61,52,21 10,35,8 21,41,12 104,63,4 106,67,10 116,94,16 41,66,10 24,64,14 161,114,10 168,115,2 176,116,7 167,110,5 157,105,5 150,103,12 116,80,20 144,100,22 171,103,13 139,92,13 120,86,14 102,80,17 77,55,35 108,73,35 108,74,42 101,69,39 92,62,34 89,59,31 88,58,30 82,52,24 85,55,27 91,58,31 87,57,31 87,56,33 78,52,27 68,49,26 67,47,27 69,50,27 66,47,24 60,46,21 50,35,24 31,22,18 23,17,22 23,22,27 18,23,29 18,23,29 18,23,29 18,23,29 18,23,29 18,23,29 18,23,29 18,23,29
12,10,11 12,10,11 18,22,24 20,25,31 28,44,23 23,58,10 10,54,17 9,53,16 8,52,15 9,49,10 6,40,8 5,38,11 11,37,14 20,39,17 50,45,17 32,37,13 23,46,11 64,66,13 29,61,12 16,57,13 10,57,16 18,53,16 164,115,5 169,113,3 165,111,7 161,112,6 156,106,3 156,103,8 156,99,10 149,100,12 123,86,15 105,77,19 53,36,28 52,38,43 108,73,46 107,73,41 103,69,37 88,58,30 85,59,34 88,60,33 87,57,29 85,55,27 84,55,31 80,56,32 72,51,28 66,46,26 65,47,26 60,45,23 67,47,27 62,42,22 68,49,24 62,44,23 50,35,24 36,25,22 29,22,20 25,24,29 18,23,29 18,24,27 19,24,30 18,23,29 18,23,29 18,23,29 18,23,29 18,23,29
12,10,11 12,10,11 19,22,29 19,24,30 33,49,28 20,56,12 9,53,18 9,53,16 9,53,16 8,51,11 9,43,9 13,40,12 20,42,14 23,45,17 40,67,24 32,66,21 23,62,17 13,56,16 7,53,15 8,54,16 8,52,17 60,73,19 160,113,9 167,113,9 161,111,8 158,107,9 150,105,12 141,94,17 123,86,17 115,86,21 97,71,19 118,78,12 125,84,16 94,69,23 69,51,32 98,65,38 97,65,35 87,57,31 79,55,31 80,54,31 81,55,32 78,57,32 73,49,27 66,47,31 64,45,31 58,44,26 55,41,23 68,46,26 69,48,23 71,50,25 69,48,23 67,46,23 54,35,19 36,23,18 30,23,21 26,25,30 18,23,29 18,24,27 18,24,27 18,24,27 18,23,29 18,23,29 18,23,29 18,23,29
12,10,11 12,10,11 18,22,26 19,24,30 30,47,23 20,59,12 9,53,18 9,53,16 13,53,14 15,54,9 32,67,17 37,72,24 24,60,16 17,55,15 14,57,17 13,55,18 9,53,16 9,53,16 8,52,15 8,52,15 6,50,13 110,102,39 155,104,10 156,108,13 155,108,15 148,103,10 143,103,10 131,91,14 111,80,20 119,82,13 150,96,10 146,95,15 126,91,24 95,70,22 59,40,42 96,68,41 88,58,32 76,52,28 67,48,25 70,51,28 68,47,24 64,49,29 58,42,27 56,42,28 57,43,27 57,41,24 65,45,25 80,49,26 79,51,24 77,52,24 74,48,23 69,45,21 58,40,21 38,26,16 29,22,20 28,25,31 18,23,29 18,23,29 18,23,29 18,23,29 18,24,25 18,23,29 18,23,29 18,23,29
12,10,11 12,10,11 18,24,27 19,24,30 29,45,24 20,59,16 9,53,16 12,54,17 19,60,16 25,61,17 27,63,19 12,54,17 9,53,16 10,54,17 9,53,16 8,52,15 8,52,15 6,50,13 6,50,13 6,50,13 4,50,12 127,110,45 145,100,11 145,99,13 140,99,13 142,100,17 141,100,14 139,95,15 144,95,14 146,96,11 142,88,9 113,79,18 52,42,18 40,28,30 98,71,53 95,66,42 77,51,28 66,49,23 59,44,22 60,45,23 56,40,23 46,36,24 48,37,30 47,35,25 56,40,25 61,43,24 78,53,23 88,53,26 83,53,27 83,53,27 80,49,26 75,46,22 58,38,18 38,26,14 29,22,22 27,24,30 20,23,30 18,23,29 18,24,25 18,23,29 18,23,29 18,23,29 18,23,29 18,23,29
12,10,11 12,10,11 18,24,27 19,24,30 19,32,16 18,54,10 13,56,16 13,56,16 20,61,17 15,58,18 11,53,16 8,52,15 8,52,15 8,52,15 6,50,13 6,50,13 6,50,15 6,50,13 6,50,13 5,49,14 7,49,12 105,97,43 136,97,13 132,92,15 134,94,17 131,94,13 133,94,14 128,90,14 130,92,14 129,92,19 103,76,15 52,45,18 65,43,35 86,61,42 96,70,49 86,60,37 66,49,25 59,43,28 50,38,28 50,35,26 41,30,25 37,30,30 37,31,26 54,35,23 75,47,20 83,55,28 84,57,23 94,58,27 92,58,28 84,54,26 79,51,24 76,47,23 59,42,18 41,29,17 29,22,22 27,24,30 21,21,29 19,25,28 18,24,25 18,23,31 18,23,29 18,23,29 18,23,29 18,23,29
12,10,11 12,10,11 17,22,30 19,24,30 19,29,23 20,56,10 14,55,11 16,57,13 13,53,12 9,53,16 8,52,15 10,49,13 7,49,12 5,50,10 4,48,11 5,49,12 5,49,12 4,48,11 8,47,11 9,46,13 8,45,10 51,62,20 136,99,18 129,93,15 128,92,16 125,91,17 131,93,15 130,94,16 118,89,17 92,75,26 11,30,10 74,54,47 84,55,31 97,73,49 92,67,48 86,64,44 61,47,33 51,40,37 37,32,29 34,32,28 40,31,27 34,23,20 57,38,22 80,50,24 84,55,24 89,57,27 93,59,25 94,60,28 92,58,28 87,54,27 77,49,20 73,44,20 60,41,18 42,30,18 28,23,22 27,24,30 18,23,29 18,23,29 18,24,25 18,24,25 19,24,32 19,24,32 18,23,29 18,23,29
14,9,11 14,9,11 17,22,32 19,24,30 21,26,32 28,58,11 15,53,15 14,54,15 11,53,16 5,51,13 4,48,11 9,46,13 9,47,9 9,46,11 7,44,9 8,45,10 8,45,10 7,44,9 6,43,10 6,43,10 8,42,10 17,42,13 121,93,23 104,78,26 105,77,21 101,83,21 107,80,19 94,70,19 16,44,21 7,35,12 24,33,14 45,40,28 88,64,42 97,73,49 100,80,60 73,59,45 49,47,45 35,35,43 31,36,44 33,36,45 52,36,21 70,46,20 87,55,23 92,58,24 93,59,25 88,54,24 89,55,25 92,56,25 89,55,25 87,54,27 81,53,24 74,45,21 67,41,18 44,30,14 30,23,21 28,25,31 18,23,29 18,23,29 17,23,26 18,23,29 27,30,39 34,38,51 36,41,51 36,41,51