16,15,18 16,15,18 17,16,19 20,19,22 23,22,25 22,21,26 23,23,23 23,23,23 22,21,24 20,21,24 29,34,44 28,33,41 27,32,40 27,34,46 24,29,37 21,26,32 24,24,32 21,24,31 23,23,31 23,23,31 26,24,32 23,23,31 22,23,28 24,24,32 24,24,32 23,23,31 22,23,28 26,21,20 34,23,20 39,26,21 55,41,27 32,25,35 26,29,40 20,23,30 22,30,37 19,24,32 19,17,25 23,21,22 30,25,24 28,28,36 30,30,40 30,30,38 29,30,35 29,29,37 30,31,34 31,30,33 32,31,34 32,31,34 32,31,34 32,31,34 33,32,35 31,32,35 36,35,38 36,35,40 36,35,38 37,34,38 37,34,38 35,33,34 37,35,36 37,34,38 39,36,42 40,39,42 42,37,39 39,37,38
16,15,18 16,15,18 17,16,19 18,17,20 24,23,26 24,24,24 22,23,26 23,23,23 22,21,24 28,28,36 29,33,46 29,34,40 29,34,44 26,33,45 26,31,39 22,25,32 22,22,30 21,24,31 24,24,32 24,24,32 23,23,31 22,22,30 23,24,29 23,23,31 24,24,32 23,23,31 23,25,25 29,22,25 31,20,17 38,25,18 49,35,21 69,53,49 25,25,37 24,24,32 20,28,35 25,30,38 19,18,21 25,20,22 28,21,21 40,37,43 30,30,40 30,30,38 30,31,34 30,31,34 30,29,32 30,29,32 32,31,34 32,31,34 33,32,35 33,32,35 32,31,34 33,32,35 35,32,36 35,30,29 34,34,34 37,35,36 37,35,36 37,35,36 38,36,37 39,34,36 42,37,39 40,35,37 42,35,35 42,37,39
23,21,29 23,22,27 17,17,14 17,16,19 23,22,25 23,22,25 24,23,26 22,22,22 20,21,24 27,32,40 28,33,41 27,32,38 27,32,40 27,35,44 27,32,40 24,29,35 25,25,35 23,23,33 22,23,26 23,23,33 23,26,35 23,23,31 23,23,31 23,23,31 24,24,32 24,24,32 23,23,31 25,24,29 27,21,14 36,25,20 40,27,20 56,45,30 24,24,32 26,29,38 27,31,44 40,44,59 45,48,66 45,49,62 46,46,56 49,39,43 39,35,44 32,32,40 31,32,37 32,31,34 32,31,34 32,31,34 32,29,33 34,32,33 34,32,33 32,30,31 32,29,33 32,30,31 35,33,34 38,31,34 38,31,31 35,33,34 41,34,37 37,30,33 41,34,34 38,31,31 42,35,35 41,36,38 40,33,31 42,35,35
23,22,27 23,22,27 17,16,19 18,17,20 23,22,25 23,22,25 24,23,26 24,23,26 20,22,22 28,33,39 26,31,37 27,32,38 28,33,41 26,31,39 24,29,37 25,25,33 23,23,31 23,21,29 22,23,26 24,24,32 24,24,32 25,23,31 20,25,31 23,23,31 25,24,29 22,25,32 23,23,31 23,24,27 32,21,28 30,20,19 55,44,41 45,30,19 81,59,51 68,55,63 60,49,46 44,34,33 38,30,38 24,21,27 20,17,21 31,21,20 43,36,34 33,29,38 32,31,36 33,32,35 31,30,33 32,31,34 33,30,34 34,32,33 29,29,26 39,34,33 37,30,30 37,30,30 38,31,34 37,35,36 40,33,33 37,30,30 42,32,33 33,26,24 42,35,33 40,31,27 41,34,32 41,34,34 41,35,30 40,34,29
24,22,32 23,21,29 18,17,20 19,18,21 24,23,26 23,22,25 22,23,26 23,22,25 21,22,25 29,34,42 22,27,35 28,33,41 28,33,41 27,32,40 28,33,41 23,26,33 23,24,29 23,22,25 22,22,30 22,22,30 24,25,30 24,25,28 43,26,29 83,52,42 107,59,41 41,22,24 23,23,31 24,25,30 26,24,32 17,14,20 44,26,23 38,23,12 54,32,24 55,39,35 24,25,28 27,26,41 29,29,37 30,29,34 27,20,23 30,20,21 42,28,28 55,41,43 32,31,34 32,30,31 31,29,30 31,29,30 34,32,30 34,27,27 37,30,30 37,30,30 35,28,28 37,30,30 36,29,29 39,29,28 36,29,27 36,29,27 44,34,33 44,34,33 40,31,27 34,28,23 42,37,36 43,34,30 42,36,29 44,34,35
27,26,31 24,23,28 18,17,20 19,18,21 23,22,25 23,22,25 24,23,26 23,22,27 23,22,25 27,32,38 25,30,36 29,31,45 29,34,44 27,32,40 28,33,41 25,30,36 24,24,34 24,23,28 22,22,30 23,24,29 28,35,28 77,52,49 62,31,23 45,28,20 60,39,28 75,33,11 57,33,27 22,22,30 21,24,31 26,25,30 34,23,18 38,25,22 49,32,24 73,53,44 31,28,34 28,28,36 29,29,37 28,29,34 23,20,24 27,20,18 38,28,29 45,34,29 35,29,34 33,31,32 32,30,31 36,31,33 33,28,30 35,30,29 37,30,30 37,30,30 38,31,31 40,30,29 40,33,33 42,32,31 38,31,29 32,23,19 43,34,30 39,30,26 42,33,27 43,34,30 43,34,30 45,36,30 48,35,32 44,35,31
17,16,21 17,16,19 17,16,19 17,16,19 23,22,25 22,21,24 23,22,25 23,22,27 23,22,25 27,28,33 26,31,37 25,30,36 28,33,41 24,32,37 27,32,40 29,32,41 25,25,33 22,23,26 23,21,22 57,47,37 74,56,35 30,64,21 44,24,15 37,19,16 43,27,23 41,23,18 61,33,20 111,65,51 20,21,24 23,23,31 38,27,22 42,26,22 45,30,19 52,37,26 66,51,42 29,30,35 32,31,36 38,38,48 43,43,55 41,43,59 38,38,48 41,35,42 58,46,48 34,31,35 35,30,32 37,30,30 37,30,33 36,29,29 39,29,28 40,31,27 40,31,27 40,30,29 40,31,27 40,31,27 42,33,29 40,34,29 46,37,33 44,33,30 42,33,29 37,28,24 49,36,33 47,34,29 47,34,27 48,35,32
18,17,20 17,16,19 18,17,20 17,16,19 22,21,24 23,22,25 24,23,26 23,22,25 23,23,23 21,22,27 27,32,40 26,31,37 26,31,37 26,34,39 27,32,40 25,30,36 24,24,32 29,23,28 69,42,35 42,19,6 82,53,31 16,31,19 41,24,16 41,23,18 45,27,22 42,26,20 48,29,17 70,36,18 77,52,8 23,24,27 23,25,25 38,25,18 42,29,24 47,35,23 71,55,40 50,50,58 54,51,55 61,55,60 53,40,37 24,24,24 24,22,20 32,22,23 47,34,29 41,34,37 36,31,30 37,30,33 37,30,28 36,30,25 40,31,25 39,30,24 39,30,24 43,30,25 41,30,25 45,32,27 45,32,27 44,33,30 45,36,30 44,35,29 45,36,32 44,35,29 47,34,29 47,34,29 47,34,29 40,31,27
17,16,19 17,16,19 18,17,20 25,24,27 23,22,25 24,23,26 25,24,27 24,23,26 23,22,25 21,22,25 22,27,35 26,31,37 25,30,36 28,31,38 28,33,43 31,36,46 23,23,33 50,38,38 44,18,4 123,78,57 50,35,26 31,30,23 35,40,20 49,38,19 70,47,34 71,42,36 64,31,20 59,21,0 52,40,45 27,27,39 27,27,37 25,25,37 64,46,43 47,35,25 49,35,21 70,49,34 32,31,36 29,29,37 32,31,34 33,30,34 31,21,20 32,23,19 40,29,26 59,46,39 34,29,31 37,30,30 39,30,24 39,30,26 42,29,24 39,28,23 42,29,24 42,29,24 45,32,27 43,32,27 41,30,25 43,32,27 43,30,25 48,35,30 38,27,22 40,31,25 42,33,27 44,35,29 45,34,29 45,36,30
17,16,19 17,16,19 16,15,18 17,16,19 24,23,26 23,22,27 24,22,32 24,23,26 23,22,25 24,23,28 24,29,35 24,29,37 25,30,38 25,30,38 28,31,40 27,35,44 31,32,35 59,32,25 103,47,23 42,24,19 46,35,18 50,54,27 100,73,10 131,92,8 97,73,9 133,95,8 144,92,0 122,57,16 125,62,29 31,23,29 28,28,38 28,28,38 42,30,20 43,31,19 51,36,25 57,41,24 36,28,34 32,31,36 33,32,35 32,31,34 26,20,25 28,26,27 33,28,30 47,32,21 43,36,36 36,29,29 36,27,23 39,30,24 44,28,22 40,27,20 39,26,21 37,31,22 38,29,23 41,30,25 37,26,21 36,25,20 49,36,31 30,19,14 33,24,18 43,34,28 45,34,29 44,33,28 47,34,31 46,33,28
17,16,19 18,17,20 20,19,22 19,18,21 27,26,31 25,24,27 23,22,25 23,22,25 23,22,25 23,22,25 27,30,37 25,30,36 25,30,36 25,30,36 25,30,38 28,33,43 26,31,41 105,62,54 50,27,14 34,34,18 67,80,39 104,89,26 163,114,4 178,126,9 63,55,19 158,115,10 190,133,2 160,113,9 120,47,19 32,26,31 28,28,38 28,28,36 34,27,25 45,30,19 50,36,22 50,36,22 77,54,39 32,31,34 33,33,33 34,31,35 48,44,53 46,46,58 47,41,48 41,34,37 53,42,35 36,29,27 36,27,23 38,29,23 42,29,24 37,26,21 40,29,24 40,31,25 41,30,25 41,30,25 45,32,27 43,30,25 45,33,23 43,30,23 33,22,15 41,28,23 46,33,26 48,32,28 48,35,30 44,33,26
18,17,20 17,16,19 19,18,21 19,18,21 19,18,21 24,24,24 24,23,26 25,24,27 23,22,27 23,22,25 26,30,34 25,30,38 26,29,38 29,27,35 25,28,39 28,31,38 96,65,57 75,44,34 79,74,33 70,78,37 62,72,37 97,80,15 155,108,4 183,130,2 39,47,24 138,102,14 162,116,9 40,28,30 27,27,37 25,25,33 30,29,34 28,28,36 30,30,38 41,28,21 42,30,20 49,33,18 62,41,28 64,48,44 55,47,53 60,50,54 57,46,43 32,27,26 26,20,25 37,25,25 41,28,21 51,35,31 39,30,24 36,27,21 40,29,26 36,27,23 42,29,22 45,32,27 44,28,22 43,31,21 43,31,21 43,31,21 43,31,21 50,38,28 39,27,17 43,30,23 40,29,22 46,34,24 47,35,25 47,35,25
17,16,19 20,19,22 17,16,21 18,17,20 20,19,22 23,22,25 24,22,32 23,22,27 22,20,28 23,22,27 29,32,39 26,29,36 23,22,25 19,18,23 18,18,18 32,37,33 63,70,52 57,53,36 58,64,25 69,77,36 51,58,26 60,62,34 66,58,24 48,61,18 42,64,9 123,97,15 62,38,0 25,26,29 27,27,35 27,27,35 30,28,36 27,26,29 27,26,31 31,29,30 37,26,23 70,47,32 56,35,22 79,56,41 67,46,35 25,25,25 17,18,21 15,16,19 33,23,22 32,21,18 43,30,23 56,39,29 38,29,23 41,28,23 44,28,22 40,30,20 36,28,17 35,27,16 36,26,16 41,29,19 38,28,18 43,28,19 36,31,19 37,29,18 43,31,21 36,28,17 38,29,23 43,31,21 46,34,24 46,34,24
19,18,21 19,18,21 17,16,19 19,18,21 19,18,21 23,22,25 24,23,28 24,23,26 23,22,27 22,20,28 19,18,23 20,19,22 19,18,21 18,19,22 23,22,25 56,57,34 36,39,19 19,20,12 62,67,31 59,64,30 46,49,27 26,35,18 13,30,20 9,48,14 6,58,13 19,71,15 27,25,33 25,26,31 25,25,33 30,28,36 29,28,31 27,26,31 30,29,34 28,29,34 41,29,19 51,35,20 59,40,24 65,45,27 58,39,27 20,19,22 22,21,24 20,17,21 34,27,27 35,28,28 48,34,34 41,28,23 51,36,25 41,30,25 42,30,20 42,30,20 43,31,19 39,29,19 39,29,19 42,30,20 40,28,18 39,29,19 38,26,16 39,31,20 42,29,22 37,26,21 38,29,23 41,30,23 47,34,27 49,33,29
27,26,29 22,16,21 18,17,20 19,18,21 20,19,22 23,21,29 24,23,28 24,23,26 22,20,30 24,22,30 18,17,22 22,21,24 22,21,26 16,17,20 27,41,37 66,63,37 34,24,14 39,28,25 53,60,26 54,57,24 37,41,26 20,31,20 11,33,26 6,39,12 3,53,9 17,69,13 27,26,31 25,26,31 27,28,33 29,27,35 27,26,31 29,28,31 27,26,29 29,28,31 33,28,27 48,32,17 59,40,26 59,39,21 69,52,28 22,15,18 46,33,28 59,44,35 61,49,39 76,56,36 60,42,23 49,37,27 51,35,22 37,27,17 36,27,21 34,28,21 36,26,25 38,29,23 35,26,18 36,27,19 39,26,19 38,30,19 38,28,18 36,24,14 47,34,27 41,29,19 39,30,24 40,29,24 46,33,30 45,34,29
33,41,50 17,16,19 19,18,21 17,16,19 20,19,22 23,22,25 24,23,26 23,22,25 23,22,25 23,21,29 22,20,28 19,18,23 19,18,21 16,17,22 13,37,26 65,59,34 22,10,10 36,23,16 45,50,26 48,49,26 15,28,14 15,23,11 14,36,29 12,54,17 9,56,15 18,71,21 28,28,36 27,27,35 27,27,35 26,25,28 30,29,34 25,22,26 28,25,29 31,29,30 32,29,33 52,35,27 55,36,22 61,42,28 65,47,26 67,50,26 81,61,41 71,48,19 33,26,26 39,34,33 28,21,19 33,24,20 36,23,18 62,41,26 29,24,23 29,24,26 29,24,23 31,24,24 31,24,22 30,24,19 33,27,22 34,28,21 38,30,19 37,27,17 40,28,18 38,28,18 39,31,20 36,30,23 45,32,27 46,33,26
34,38,51 15,16,21 18,17,20 17,16,19 19,18,23 20,19,22 24,23,26 24,23,26 20,19,24 23,21,31 23,22,27 18,17,20 19,18,21 39,62,57 10,29,18 62,53,36 34,18,16 55,41,27 44,50,23 42,51,34 17,27,19 21,45,37 12,39,21 6,58,13 7,63,12 29,72,12 27,28,33 29,27,35 29,27,35 26,25,30 30,27,33 30,29,32 31,29,30 32,26,31 35,30,32 35,21,21 55,35,17 88,60,33 65,43,23 74,58,43 33,26,26 20,19,22 38,31,34 37,30,30 32,23,19 35,26,20 41,28,21 47,33,19 32,24,13 26,23,29 27,26,29 32,30,31 37,30,30 39,30,26 41,30,27 39,30,24 43,32,25 41,31,21 39,27,15 40,28,18 38,29,21 41,30,25 37,26,21 45,33,23
30,33,42 26,22,31 24,22,23 17,14,20 17,18,21 19,24,32 24,30,47 33,51,68 44,63,84 47,62,94 50,70,96 52,66,89 53,66,85 10,34,26 16,26,18 42,38,19 52,54,26 51,55,26 51,52,31 14,27,13 18,26,16 9,33,25 15,49,19 6,61,15 9,62,10 54,71,4 27,27,35 24,26,26 27,26,31 27,28,31 30,29,32 31,30,35 30,29,32 37,35,36 34,27,25 39,29,17 74,46,17 62,43,29 56,40,25 93,73,55 84,53,41 21,15,22 40,33,33 40,29,26 40,28,16 43,28,17 45,30,19 41,30,15 51,36,25 30,21,17 28,23,25 32,27,29 38,28,29 40,34,29 46,37,33 50,38,28 48,36,26 44,33,26 39,28,21 42,30,18 43,31,21 38,25,20 45,29,23 45,32,25
47,67,95 49,69,97 49,65,90 47,67,95 46,66,90 56,73,104 52,70,98 53,66,92 52,68,97 53,64,91 37,41,45 35,22,19 20,44,33 7,26,20 11,23,14 27,38,25 54,51,27 54,56,28 25,33,19 18,29,18 13,21,11 7,29,22 9,39,18 8,58,14 28,72,9 45,61,1 29,31,28 43,49,52 18,17,20 17,16,19 18,17,22 18,17,20 20,19,24 33,32,35 37,29,37 27,25,26 45,34,31 67,48,32 60,43,33 78,59,43 84,50,28 57,35,15 61,39,19 59,39,19 58,36,16 69,45,21 58,42,29 39,28,25 47,32,23 54,35,21 31,25,18 35,26,18 35,28,26 35,28,26 42,33,29 44,35,29 45,36,30 33,22,15 41,29,19 43,28,17 50,35,24 54,39,30 56,39,29 59,43,28
47,61,84 51,65,88 49,65,90 47,60,86 52,66,89 47,59,83 52,63,90 25,28,39 33,24,20 37,26,23 62,60,68 54,66,88 12,34,24 7,24,16 67,85,72 27,44,39 45,48,36 22,31,14 19,34,22 11,24,10 21,28,10 9,28,19 5,27,17 9,56,15 37,75,19 38,69,15 25,22,26 21,18,22 19,18,23 23,22,27 24,23,26 31,30,35 21,18,24 22,22,22 34,31,35 27,22,21 23,16,14 19,15,9 33,31,29 58,42,29 71,46,27 94,59,34 58,38,20 61,41,23 62,41,26 21,18,22 24,21,25 33,22,17 45,30,19 54,35,21 33,24,18 35,29,24 37,31,24 37,31,26 44,34,24 44,33,28 46,36,26 47,35,23 49,37,27 52,37,26 55,40,29 61,47,31 64,49,29 69,50,27
40,33,33 16,9,9 20,13,11 23,13,12 29,20,16 28,22,17 33,24,18 39,28,23 41,30,25 43,30,23 52,52,64 65,73,93 55,67,71 13,20,13 26,52,39 30,44,40 25,43,42 38,50,43 17,29,22 20,32,14 34,45,5 11,29,12 7,26,20 9,43,13 16,63,9 88,74,18 17,16,19 19,18,21 24,21,25 19,18,21 18,16,24 18,22,26 18,19,24 15,16,21 25,24,29 46,36,26 84,52,22 120,86,54 89,63,42 82,53,29 71,46,27 73,44,24 82,51,28 28,23,22 14,16,16 17,16,19 19,17,18 31,22,16 37,26,21 45,33,21 58,38,20 35,31,25 40,34,29 44,35,31 46,36,26 48,36,26 35,26,18 46,34,24 50,35,24 52,37,26 58,43,32 58,42,29 65,50,30 67,48,23
60,48,53 49,42,45 18,15,19 14,8,13 31,22,16 35,26,20 38,27,20 42,30,20 41,29,19 43,33,32 62,69,81 60,66,83 67,68,87 65,67,39 39,46,30 44,55,40 39,49,41 34,37,25 73,51,17 112,68,1 147,87,3 165,100,9 7,23,21 5,32,14 5,61,10 20,27,11 16,16,13 15,15,15 15,14,17 15,14,17 18,17,22 23,20,26 19,18,23 13,12,17 26,25,28 56,43,36 64,48,31 113,69,27 132,79,24 132,88,46 63,40,25 56,36,18 102,61,41 25,23,19 18,17,20 29,28,31 19,12,15 42,27,16 48,32,19 45,30,19 46,29,19 30,23,21 30,25,22 35,31,25 46,33,26 29,20,14 36,27,19 43,32,25 40,31,27 33,24,20 44,29,18 59,44,24 56,41,19 57,41,24
57,56,61 30,19,16 33,24,20 35,26,20 37,28,22 43,30,23 45,33,21 41,45,49 57,63,82 60,66,83 64,63,80 62,49,42 37,78,60 17,36,25 57,54,30 55,54,29 45,47,30 22,30,18 12,36,14 11,39,14 12,47,10 3,59,18 9,28,19 9,28,17 8,53,13 26,75,22 16,16,16 16,15,18 19,16,20 17,18,21 20,19,22 20,19,22 16,17,22 10,10,10 23,22,25 59,47,37 55,43,31 200,131,50 129,78,21 140,87,32 58,43,23 63,41,23 70,45,28 81,52,28 23,18,17 64,40,18 65,41,15 65,41,17 71,47,23 62,40,22 70,56,38 63,47,34 70,54,37 49,35,21 41,28,21 41,30,23 34,29,28 49,37,25 50,40,28 58,44,30 60,45,23 67,48,23 68,49,26 68,51,27
36,25,22 36,25,22 39,26,21 43,31,21 45,33,23 44,37,35 48,53,63 67,71,86 69,69,77 59,48,33 67,49,28 60,45,25 15,58,41 8,32,21 10,29,23 7,29,19 6,30,22 5,27,17 7,24,16 7,32,14 5,49,12 7,62,16 8,50,13 5,26,22 7,39,10 9,62,12 15,19,21 21,22,25 19,23,25 23,20,26 18,19,22 31,30,35 11,10,13 13,7,12 26,26,26 120,80,44 128,89,48 189,132,61 130,81,30 145,92,35 57,41,26 57,38,22 72,47,30 85,50,25 66,40,17 75,46,24 74,45,21 62,42,24 63,46,38 74,58,43 75,54,29 71,55,40 80,56,34 92,68,42 93,71,51 30,24,19 46,33,26 43,32,25 45,35,23 52,37,26 58,44,26 58,45,24 62,48,23 70,49,24
39,26,19 38,27,20 41,28,21 45,33,21 53,36,26 57,41,24 57,41,26 62,44,25 61,43,22 66,49,25 82,61,38 82,77,65 8,39,26 4,28,17 6,30,22 6,32,21 7,29,22 8,25,20 7,24,19 8,31,16 5,51,13 9,62,12 7,63,12 7,26,17 5,28,13 15,55,16 17,19,16 20,19,22 18,20,20 18,18,26 20,19,24 12,11,14 70,46,22 169,121,76 137,84,39 141,93,35 141,95,40 154,103,38 150,95,25 142,93,28 61,42,26 54,35,21 70,48,30 69,47,29 78,52,29 80,46,24 58,35,22 64,54,42 81,56,28 85,55,27 109,75,34 101,70,33 105,68,26 113,72,27 105,66,25 97,73,47 52,34,15 53,34,18 49,34,23 46,34,24 43,27,21 57,41,26 82,56,31 88,60,31
41,29,19 45,33,23 43,31,21 50,35,24 51,35,22 58,39,25 64,46,25 74,53,28 96,66,40 96,66,40 93,64,40 80,76,57 9,33,22 4,30,19 4,30,22 7,33,22 4,28,20 5,24,18 6,25,19 8,36,13 5,54,15 9,62,14 7,63,10 46,55,38 87,60,0 170,113,10 116,66,0 19,17,15 13,11,12 13,11,9 11,10,13 16,14,15 196,130,57 235,148,53 255,172,46 163,103,33 157,100,29 166,107,34 162,99,30 144,93,26 60,41,27 41,24,14 58,41,31 64,45,33 78,53,36 37,21,15 66,47,33 80,52,23 87,58,23 102,65,25 108,71,29 79,47,17 115,74,25 115,72,23 118,78,24 105,73,41 61,40,17 63,42,17 62,41,18 72,46,23 40,26,8 81,56,26 89,62,28 94,65,34
45,33,21 46,34,22 51,37,23 57,43,25 64,46,25 78,57,32 93,64,40 99,69,41 112,80,50 116,80,51 91,61,35 62,69,51 7,30,25 4,28,20 2,28,20 8,34,23 5,27,20 7,24,19 6,24,21 13,50,17 9,46,15 7,59,14 6,62,13 46,54,33 110,78,7 172,122,19 195,137,30 41,32,13 10,8,6 13,8,10 20,14,9 23,17,12 114,70,30 196,122,45 227,134,43 220,137,52 159,93,22 161,102,29 148,96,25 132,85,22 128,89,48 121,79,39 116,76,40 110,72,37 107,73,41 108,81,49 118,84,54 108,71,29 106,72,29 108,71,29 109,70,29 107,68,25 105,68,24 120,77,28 122,77,29 115,80,44 75,49,26 76,52,30 67,46,21 90,53,29 36,20,14 91,67,32 98,70,32 100,68,36
62,46,29 58,44,30 51,36,27 55,40,29 59,43,30 63,47,30 64,49,27 79,60,35 90,61,39 93,64,40 90,61,37 67,74,56 5,27,20 6,30,22 1,27,19 9,35,27 7,31,23 7,24,19 7,24,19 9,48,14 11,30,21 15,49,19 9,57,9 39,46,30 61,53,19 56,54,25 34,27,0 195,135,14 23,17,12 23,17,12 25,16,10 33,20,13 83,54,34 120,66,30 95,41,0 79,44,29 184,110,38 153,93,25 127,80,19 118,75,19 129,82,21 127,82,20 118,74,21 121,77,24 97,58,28 116,77,34 123,81,29 120,80,26 116,78,30 118,74,32 124,82,28 132,85,22 93,60,21 116,75,28 118,77,28 105,73,43 36,24,12 72,45,27 95,53,29 107,61,33 58,34,26 35,29,24 28,25,31 58,42,36
37,28,20 40,31,25 40,31,25 44,33,26 47,35,25 50,38,26 61,47,31 65,50,28 77,56,31 81,57,33 76,55,30 53,62,45 3,25,18 7,29,22 4,28,20 7,29,22 13,42,33 6,25,19 7,24,19 3,39,11 7,24,19 8,30,18 20,62,11 45,48,36 44,45,26 24,60,16 66,33,0 46,33,1 27,21,12 35,23,13 34,22,12 37,22,13 92,78,62 255,191,46 195,99,0 152,97,54 149,88,27 126,78,22 94,59,23 116,69,17 126,78,20 127,81,24 123,81,27 126,82,31 93,58,22 117,74,25 118,77,28 123,81,29 114,73,28 118,75,28 132,87,23 146,93,27 97,58,19 120,77,30 122,79,23 123,89,48 38,23,12 47,28,14 98,54,26 95,51,23 93,58,33 84,55,31 88,52,32 87,54,29
33,24,20 36,30,23 36,30,25 40,31,25 41,30,25 48,36,26 64,48,31 65,47,28 84,63,36 82,61,36 83,62,37 43,52,33 7,24,19 7,24,19 6,32,21 7,24,19 17,46,37 5,24,18 7,24,19 6,31,11 8,25,20 7,29,19 36,86,28 71,65,40 37,42,20 49,96,30 172,123,33 33,23,13 38,23,12 45,30,19 49,33,20 50,34,17 53,34,20 66,46,26 145,69,9 130,72,8 182,125,56 72,43,23 79,64,44 73,45,16 111,69,17 134,88,29 119,76,18 102,64,29 119,78,31 125,78,26 119,79,25 122,79,23 122,78,25 131,86,24 132,85,22 147,91,24 109,67,27 96,63,15 123,79,26 118,76,24 43,27,14 55,34,9 79,53,28 109,65,39 101,61,36 99,59,34 97,61,32 97,56,29
28,23,22 30,23,23 34,28,23 37,31,26 46,33,26 49,37,25 65,47,26 77,58,33 75,54,31 81,60,35 85,61,37 47,56,37 7,26,20 7,26,20 16,45,33 7,26,20 9,33,25 5,27,20 5,22,17 4,26,16 8,22,15 6,23,18 8,61,13 17,28,15 28,35,28 68,66,0 26,38,0 48,32,17 45,29,16 42,27,16 23,12,9 34,21,14 34,19,8 42,26,11 83,58,41 142,101,42 77,56,31 63,42,17 72,43,21 79,68,63 74,56,37 79,53,30 105,68,28 67,43,17 125,82,26 129,81,23 121,79,25 121,77,24 132,85,24 136,87,22 139,87,27 157,98,25 142,102,48 54,35,23 65,47,26 111,74,30 111,74,30 89,56,29 120,74,44 99,59,36 111,67,39 103,63,38 106,65,38 115,67,38
29,22,25 28,26,24 33,26,26 33,27,22 44,33,28 46,34,24 69,50,34 77,55,35 85,59,36 91,62,38 89,63,40 62,63,44 7,26,20 6,25,19 7,31,20 5,27,20 9,28,22 7,26,20 7,26,17 6,25,19 7,24,14 8,25,20 13,46,21 14,29,17 5,24,15 12,50,23 41,85,22 55,36,20 16,12,4 42,26,11 72,43,23 77,48,26 72,47,28 72,48,24 60,38,18 63,38,19 74,43,20 74,50,26 70,44,19 75,66,60 42,29,22 95,76,60 55,40,29 83,62,37 127,80,28 123,80,24 123,80,24 125,79,22 133,86,23 144,95,28 156,100,24 159,97,21 107,73,51 68,48,30 95,68,36 121,77,37 94,60,19 109,75,41 117,72,37 125,79,49 121,76,43 113,67,37 126,80,43 112,64,35
26,24,25 27,25,26 33,23,24 34,28,23 39,28,25 40,29,24 65,46,30 72,55,31 86,62,40 88,62,39 89,63,38 86,77,58 5,27,20 7,26,20 7,26,20 5,27,20 6,25,19 9,28,22 6,25,19 6,25,19 6,23,13 7,25,22 4,26,14 28,41,25 8,24,22 11,33,23 30,80,7 23,14,8 63,42,19 67,46,23 61,41,21 70,44,23 77,48,26 77,48,26 82,51,28 80,49,28 92,56,34 94,61,34 95,60,33 73,60,55 40,31,23 65,50,39 69,55,37 70,54,39 121,78,29 125,82,24 130,82,28 139,90,23 126,79,18 140,87,30 140,94,26 120,85,31 43,29,11 99,67,21 139,83,45 128,79,39 97,63,22 118,74,32 129,83,46 135,86,48 125,78,44 131,83,40 134,77,33 114,70,40
26,24,22 27,25,23 28,21,21 34,28,23 37,28,24 40,29,26 65,46,34 68,51,27 83,59,37 77,56,29 67,49,28 49,45,26 4,26,19 6,25,19 8,25,20 15,41,33 7,26,20 8,30,23 6,25,19 6,25,16 9,24,10 7,24,19 7,24,16 22,61,14 6,25,19 7,23,21 23,79,12 58,36,16 74,45,23 83,52,31 86,52,34 89,56,31 96,59,33 97,60,34 97,60,34 100,58,36 101,61,36 104,63,36 99,63,41 49,42,42 37,28,24 32,23,19 82,71,64 64,48,35 83,64,41 122,81,24 128,83,21 104,68,19 68,48,30 50,36,22 86,62,36 111,71,46 90,61,37 91,51,28 82,53,29 96,57,27 95,63,19 124,77,45 133,84,44 139,89,45 128,77,38 127,73,39 136,86,40 140,82,45
27,25,23 30,23,23 31,24,24 33,26,29 34,27,25 33,23,22 50,38,28 36,27,23 45,34,29 53,37,22 97,67,41 94,63,42 5,27,20 7,24,19 8,25,20 14,36,29 5,26,22 14,33,27 7,26,20 7,24,19 6,21,9 5,23,8 6,25,19 5,51,13 7,28,26 7,25,22 13,63,19 73,64,19 88,51,25 86,51,26 82,46,26 58,36,18 66,47,24 73,49,25 79,50,26 62,40,20 45,28,20 57,39,34 40,35,34 32,27,26 39,27,29 42,28,30 43,29,31 50,37,34 73,56,46 129,87,35 126,79,27 42,25,28 45,25,18 45,28,20 64,36,23 72,46,25 77,47,30 54,33,18 88,53,28 106,71,44 90,62,24 118,80,45 117,71,41 90,53,27 70,46,24 88,58,32 55,35,28 95,56,24
24,22,20 26,24,20 26,24,25 26,24,22 25,22,26 29,24,23 58,45,22 68,50,31 55,40,29 48,32,26 51,36,27 74,52,32 11,28,20 7,24,19 6,23,15 6,25,19 5,27,20 24,41,36 5,27,20 7,24,19 7,22,10 7,21,12 7,26,17 4,31,13 6,23,13 7,23,21 17,50,23 81,122,34 39,27,15 76,42,24 98,54,28 104,57,34 96,56,33 73,46,30 38,24,24 38,21,24 31,20,27 36,36,36 31,24,22 30,20,21 36,24,26 39,25,30 41,27,29 40,28,30 99,70,39 127,83,32 47,25,17 68,38,21 115,72,37 131,87,49 117,68,28 145,87,50 129,75,39 132,82,40 70,41,19 75,47,18 132,82,40 130,74,27 148,88,47 146,91,50 132,78,40 113,63,30 112,66,29 146,90,43