20,20,28 20,20,28 20,20,28 20,20,28 20,20,28 20,20,28 20,20,28 20,20,28 20,20,28 20,20,28 20,20,28 22,21,26 22,22,30 21,21,29 21,21,29 21,21,29 26,31,39 34,39,49 23,23,31 24,22,32 22,20,28 23,23,31 27,27,35 45,62,95 41,64,98 35,55,81 42,63,98 43,52,77 75,46,26 111,66,43 27,26,31 40,28,30 25,21,32 25,23,35 22,22,32 20,25,31 62,39,28 146,89,47 127,78,42 182,115,63 148,91,47 113,74,44 23,24,29 27,23,32 28,28,36 25,25,35 18,21,28 23,21,29 23,23,33 23,23,33 37,43,60 35,37,53 25,28,35 25,25,33 27,27,37 25,27,41 40,42,56 31,36,46 23,23,33 29,32,43 26,33,45 27,34,46 23,34,47 94,54,29
20,20,28 20,20,28 20,20,28 20,20,28 20,20,28 20,20,28 20,20,28 20,20,28 20,20,28 20,20,28 20,20,28 20,21,26 22,22,30 21,21,29 25,23,31 21,21,29 23,23,33 22,24,21 22,22,30 25,25,37 22,20,28 18,18,26 21,21,31 35,43,61 43,66,100 42,62,88 39,61,91 46,59,85 82,53,33 99,58,38 25,23,31 38,30,36 27,29,45 20,24,37 22,22,30 27,27,37 110,78,64 53,30,29 154,94,51 133,78,37 181,115,65 53,58,82 29,36,48 22,25,36 23,26,35 27,30,39 22,25,32 24,24,34 27,25,35 24,22,32 41,44,62 32,36,49 27,25,35 29,29,41 27,27,37 40,42,58 20,22,38 24,33,44 27,30,41 29,32,43 26,33,45 30,32,46 26,33,45 36,30,35
18,19,24 18,19,22 20,20,28 20,20,28 22,20,28 20,20,28 20,20,28 20,20,28 20,20,28 20,20,28 22,20,28 20,21,26 24,22,30 21,21,29 21,21,29 21,21,31 21,21,29 23,23,33 47,55,73 42,65,92 21,21,31 24,22,30 26,22,31 36,31,33 51,48,52 44,40,49 65,82,115 61,49,49 89,55,35 65,47,44 42,59,79 46,54,72 27,25,35 16,18,32 23,23,33 95,72,61 59,43,28 125,79,42 149,92,50 154,87,42 119,69,38 63,41,35 73,45,34 77,50,34 87,58,38 88,58,41 87,57,40 99,63,41 103,65,46 110,67,50 118,76,54 118,73,50 116,72,44 114,70,44 80,52,39 25,28,48 54,63,86 25,28,39 25,28,37 24,32,39 31,35,48 24,31,43 29,33,48 145,87,50
22,21,24 20,19,22 22,21,26 20,20,28 20,20,28 20,20,28 20,20,28 20,20,28 20,20,28 20,20,28 20,20,28 20,21,26 21,21,31 21,21,29 22,22,30 22,22,30 21,24,33 36,42,59 40,54,77 41,59,85 43,55,79 22,20,28 25,22,28 33,26,29 44,32,37 48,35,30 41,40,55 71,46,27 74,60,65 76,79,101 45,56,85 39,58,89 45,58,84 20,22,38 82,68,81 128,89,61 130,78,46 136,81,36 156,92,46 156,99,59 103,65,48 35,45,65 35,38,58 34,36,50 30,30,40 27,23,32 26,23,29 26,23,29 26,23,29 33,29,40 34,28,35 40,32,38 37,34,38 43,38,40 47,37,41 53,54,75 59,43,37 40,36,49 92,61,40 31,28,34 28,32,45 25,32,46 44,35,46 66,45,32
23,21,29 23,21,29 22,21,26 20,19,22 20,20,28 20,20,28 20,20,28 20,20,28 20,20,28 20,20,28 20,20,28 21,22,27 21,21,29 22,22,30 22,22,30 21,21,33 24,22,32 33,39,58 42,54,78 39,56,76 39,57,85 45,55,75 25,18,28 27,20,30 47,31,27 48,35,32 64,44,37 56,39,29 75,55,46 79,59,52 83,57,47 97,65,49 113,72,54 117,71,41 130,84,45 130,83,49 132,79,38 174,110,64 143,87,49 53,32,28 109,68,48 36,44,60 35,45,65 32,40,56 33,38,48 23,23,33 24,24,32 21,21,31 20,28,35 19,24,30 24,29,39 33,42,55 27,34,48 23,26,35 40,43,61 44,32,37 32,30,38 41,36,52 40,28,28 20,23,32 29,33,48 24,32,41 29,27,39 48,33,22
26,24,32 23,21,29 23,21,29 22,21,24 22,21,24 20,21,24 20,20,28 20,20,28 20,20,28 20,20,28 17,17,27 22,22,30 23,23,31 22,22,30 23,21,29 21,23,37 20,23,30 34,40,57 43,55,79 42,55,81 40,52,76 41,55,78 22,26,41 22,21,26 24,20,29 48,35,28 58,41,33 69,49,40 76,53,40 78,55,42 91,61,44 96,69,51 102,72,55 118,81,57 122,77,44 133,82,47 118,71,37 139,87,55 85,59,49 38,26,31 51,39,41 118,77,59 20,26,43 23,31,51 29,38,61 38,51,77 39,55,84 39,57,83 40,56,83 44,58,81 44,60,87 44,62,90 51,67,92 38,50,74 31,29,41 31,29,39 26,31,39 33,40,52 131,88,55 73,56,48 27,31,44 24,22,32 45,28,20 56,36,18
24,24,34 27,25,35 26,24,32 24,22,30 22,20,28 20,21,24 20,20,28 20,20,28 20,20,28 20,20,28 18,19,24 22,22,30 22,22,30 22,22,30 21,21,29 21,24,33 19,22,31 33,39,56 40,54,77 39,53,76 42,59,92 40,56,83 44,51,76 23,23,31 22,22,30 20,18,26 25,21,30 31,20,17 70,49,38 94,69,50 90,61,41 92,58,36 104,64,39 94,60,38 76,45,22 107,70,44 104,65,35 42,25,15 47,31,29 40,27,35 103,76,58 25,27,41 103,68,43 25,25,33 23,23,33 24,24,32 23,23,33 25,23,33 25,23,35 23,23,33 23,23,31 27,25,35 33,36,47 24,24,34 27,32,40 32,36,49 25,33,42 33,35,49 139,94,61 36,24,24 37,25,27 48,32,19 58,35,24 64,39,22
24,24,36 27,27,39 25,25,37 27,25,35 27,25,35 23,21,29 22,21,26 18,21,28 20,20,28 20,20,28 18,18,26 21,21,29 22,22,32 22,22,30 21,21,29 23,23,31 21,21,31 33,36,54 36,54,80 40,60,88 37,56,89 39,51,75 37,47,67 22,25,36 41,47,64 21,24,35 21,21,29 22,21,24 22,16,23 26,18,24 31,23,29 70,47,32 99,59,36 102,62,37 97,66,45 60,48,50 37,31,38 37,31,38 46,34,36 103,72,62 124,81,62 138,96,74 108,64,38 99,54,33 34,34,44 24,23,26 18,22,24 21,22,27 22,22,30 21,21,29 22,25,34 28,31,42 25,25,35 20,23,32 29,32,43 25,29,44 29,33,46 30,32,46 58,40,37 40,27,24 47,32,21 50,33,23 63,40,25 65,47,42
20,20,30 23,23,33 22,20,30 22,25,34 25,25,35 28,28,38 29,32,43 21,22,27 18,22,26 20,20,28 20,21,26 21,21,31 22,22,32 21,21,31 22,22,30 23,26,33 22,22,30 30,36,53 39,52,80 42,60,86 41,59,87 41,53,75 41,55,78 24,24,36 25,24,39 40,48,68 42,50,66 32,40,58 20,27,41 22,22,34 29,23,30 35,27,35 39,35,46 40,32,38 36,40,55 29,31,45 27,24,30 38,26,31 55,39,33 46,34,36 90,64,50 116,72,46 143,89,51 149,91,54 34,37,48 115,79,57 29,23,18 18,21,28 23,23,33 21,21,29 25,28,37 23,26,35 39,41,55 19,22,31 26,31,39 29,33,46 28,28,40 29,23,28 36,24,24 41,26,17 45,30,19 52,37,28 44,32,37 40,29,36
18,21,28 18,21,28 24,24,34 24,24,34 24,24,36 27,25,35 25,23,33 30,32,46 20,20,28 20,21,26 21,22,27 22,22,30 22,22,32 21,21,29 20,21,26 27,27,37 22,22,32 33,36,54 39,51,75 41,60,91 38,54,81 41,53,75 20,22,36 63,68,78 27,31,44 25,22,37 44,51,74 43,51,71 39,53,76 40,52,76 26,30,45 38,45,68 37,51,72 23,29,48 22,26,39 22,22,32 30,26,35 34,28,35 79,57,51 25,21,30 131,85,57 43,31,36 29,23,30 94,64,47 30,37,49 22,22,30 19,23,25 31,21,25 108,74,56 76,43,32 34,20,22 32,29,44 43,37,44 39,25,27 72,52,45 27,26,29 24,21,25 28,22,27 32,22,26 46,33,28 42,31,38 33,27,32 33,27,34 32,28,37
19,22,29 20,20,28 18,21,28 22,25,34 25,25,35 24,24,36 26,24,32 22,22,34 29,33,46 21,22,27 23,21,29 21,21,29 22,22,32 21,21,29 20,20,28 23,23,31 19,22,31 30,36,53 36,47,76 35,53,79 62,74,98 22,30,50 36,38,52 23,23,35 29,29,41 25,27,43 29,32,50 26,29,47 39,53,76 38,46,64 43,46,66 42,52,72 34,40,61 37,45,65 54,57,75 24,22,32 32,30,40 24,24,34 82,50,34 24,21,27 135,89,61 53,41,43 51,32,36 32,32,44 26,34,43 24,24,34 22,23,28 22,21,24 22,22,30 19,22,29 23,21,29 44,44,56 32,35,44 16,19,26 20,21,26 23,20,26 24,21,25 33,25,31 45,31,36 30,23,35 30,26,35 32,28,39 27,30,41 18,25,37
24,24,34 24,24,32 23,23,33 26,29,40 24,24,36 27,27,39 23,23,33 23,23,33 24,24,34 29,33,46 20,20,28 21,21,29 21,21,31 22,22,30 21,21,29 23,23,31 21,21,29 31,35,50 38,52,75 45,49,64 26,31,41 36,40,55 34,37,55 40,44,57 27,27,39 35,37,51 37,43,62 40,43,61 36,42,63 36,42,61 22,22,32 22,22,30 45,51,68 33,39,60 38,44,61 38,42,57 34,36,50 38,42,57 76,44,28 23,23,31 133,91,67 122,103,110 83,60,47 31,37,54 29,36,48 22,22,32 31,32,37 20,21,26 22,22,30 21,21,29 33,36,45 34,38,51 25,28,37 18,19,22 20,19,22 23,22,25 28,25,31 26,23,29 27,23,32 25,23,35 21,21,29 18,21,30 18,23,33 24,27,45
23,23,33 22,22,32 22,22,34 21,24,35 22,25,36 23,23,35 28,28,38 24,24,36 24,24,34 24,24,34 27,27,37 23,21,29 21,21,29 24,22,30 21,21,29 20,21,26 18,21,28 29,33,48 38,47,70 20,24,28 24,24,34 28,28,40 30,32,46 34,37,48 26,29,36 21,21,31 34,37,55 34,36,50 21,21,31 17,17,27 35,39,54 28,32,45 22,24,38 25,23,31 33,36,47 29,32,43 37,36,53 16,19,26 60,40,33 29,28,33 118,80,59 158,103,62 103,67,45 31,37,54 32,36,49 20,23,30 18,22,26 29,28,33 16,19,26 28,31,40 24,24,32 20,23,30 18,19,24 18,19,24 22,22,30 27,30,39 27,26,41 25,24,39 24,24,32 16,19,26 40,45,71 23,23,35 30,30,42 48,48,60
20,23,30 23,23,31 22,22,30 22,22,30 24,24,32 27,27,37 27,27,35 27,27,37 27,26,41 27,26,41 24,24,36 27,30,39 21,21,29 22,22,30 20,20,28 22,22,30 24,24,32 20,20,30 23,21,31 18,19,24 23,23,31 18,18,26 20,20,28 17,17,25 20,20,28 20,21,26 32,32,44 29,29,37 23,23,31 23,23,31 22,22,30 30,30,42 23,25,39 24,24,34 24,24,36 28,28,38 27,27,35 27,26,31 52,41,38 44,36,44 98,67,57 153,97,61 72,46,36 27,34,46 31,36,46 22,22,30 20,20,28 18,19,24 22,22,30 22,22,30 18,19,24 18,18,26 20,20,28 22,22,32 21,24,33 24,24,34 22,22,30 22,22,30 21,21,31 20,20,28 33,38,48 26,30,43 20,24,28 21,21,29
23,23,31 22,22,30 22,22,30 22,22,30 22,22,30 21,21,29 20,23,30 20,23,32 24,22,32 26,24,36 23,23,33 25,28,37 33,35,49 20,20,28 19,22,29 24,22,30 23,23,31 22,22,32 21,21,31 23,21,29 24,22,30 22,22,32 19,22,29 22,20,30 21,21,31 22,22,30 22,20,28 24,23,28 22,22,30 24,22,30 22,22,30 19,22,31 21,24,33 20,23,32 23,23,31 24,22,30 21,21,31 28,24,37 35,27,33 43,29,31 42,26,22 45,27,22 88,66,48 20,20,30 21,21,31 21,21,29 20,23,30 21,21,29 22,22,30 20,21,26 18,19,22 20,20,28 24,24,36 21,24,33 27,30,39 42,45,56 39,43,56 35,39,52 40,44,57 27,23,34 22,21,26 58,59,80 24,27,45 26,28,42
23,23,33 24,24,34 24,24,34 24,24,32 23,23,31 24,24,32 22,25,34 25,23,33 22,25,34 25,25,37 23,23,31 16,20,24 16,21,20 21,21,31 25,23,31 26,24,32 24,24,34 23,23,33 26,24,32 23,23,31 22,22,30 26,24,32 22,22,32 23,23,31 25,23,33 23,24,29 24,22,30 23,21,29 24,22,30 23,21,31 22,22,30 23,23,31 25,23,31 25,23,31 24,24,32 23,23,31 21,21,29 22,22,32 30,28,38 55,37,32 81,52,32 21,21,31 25,23,33 23,23,33 23,23,31 22,22,30 22,22,32 21,21,29 21,22,27 21,22,25 25,25,33 25,25,35 24,24,34 22,22,30 24,24,32 23,23,31 22,22,32 22,22,32 20,23,30 22,22,32 23,20,26 26,25,30 39,43,56 26,24,36
20,21,26 20,21,26 20,21,26 20,21,26 20,21,26 22,22,32 20,23,32 22,22,30 19,22,29 21,21,31 25,25,35 21,22,25 18,18,26 22,22,32 18,19,24 21,21,29 22,22,30 24,24,34 30,29,44 20,23,32 22,22,32 24,24,34 24,24,34 23,23,33 23,23,33 21,24,33 21,24,33 23,23,33 23,23,33 23,23,33 23,23,33 22,25,34 22,25,36 27,27,37 23,23,31 24,22,30 27,23,32 21,21,31 24,22,30 68,52,50 32,26,31 23,23,31 23,23,33 22,22,32 24,24,34 24,24,34 25,23,31 23,23,31 23,22,27 22,22,30 24,22,30 22,22,30 25,25,33 29,27,35 23,23,33 22,25,34 23,23,31 22,22,32 22,22,30 24,24,32 30,27,33 26,23,27 58,51,61 33,29,38
20,20,28 20,20,28 20,20,28 20,20,28 20,21,26 20,20,28 20,23,30 22,22,30 22,22,30 19,23,27 23,26,35 21,21,29 22,22,30 21,21,31 18,19,24 25,25,35 18,19,24 21,21,31 25,25,37 20,20,28 20,20,28 20,20,28 18,18,26 19,23,27 21,21,29 22,22,32 22,22,30 22,22,30 23,23,33 25,25,35 23,23,33 23,23,31 21,24,33 25,30,40 22,27,37 31,35,50 28,32,45 28,32,45 29,33,46 75,54,52 40,36,47 23,31,38 27,27,39 25,25,35 22,22,34 18,21,28 22,22,30 18,22,26 24,23,28 22,22,30 22,22,30 22,22,30 20,20,28 23,23,31 21,21,31 22,22,32 21,24,33 23,26,35 20,23,32 20,20,28 18,19,24 24,21,27 34,26,32 59,55,68
20,20,28 20,20,28 20,20,28 20,20,28 20,20,28 20,20,28 20,20,28 21,22,27 22,22,30 21,21,29 25,23,31 22,21,26 23,21,29 23,21,29 18,18,26 20,21,26 20,20,28 21,21,31 23,23,33 20,20,28 20,20,28 20,20,28 20,21,26 18,22,26 20,20,28 20,20,28 20,20,28 20,20,28 20,20,28 20,20,28 20,20,28 20,20,28 22,23,28 24,24,34 22,27,37 31,39,48 30,37,49 31,35,48 27,34,46 60,42,41 37,33,44 26,30,43 25,28,37 22,25,34 24,24,34 22,22,32 23,23,33 16,19,26 21,21,29 22,22,30 22,22,30 22,22,30 22,22,30 22,22,30 22,22,30 23,23,33 24,24,34 28,31,40 23,23,33 20,21,26 22,20,28 23,21,29 53,41,43 49,35,40
20,20,28 20,20,28 20,20,28 20,20,28 20,20,28 20,20,28 20,20,28 20,21,24 22,23,28 21,21,29 23,21,29 23,23,31 22,20,28 22,20,28 18,18,26 20,20,28 18,18,26 22,22,32 21,21,31 20,20,28 20,20,28 20,20,28 20,21,26 18,22,24 20,20,28 20,20,28 20,20,28 20,20,28 20,20,28 20,20,28 20,20,28 20,20,28 22,22,30 24,24,34 25,28,37 29,36,48 29,33,46 31,35,48 25,29,42 62,43,45 37,33,42 22,27,37 22,25,36 25,25,35 24,24,34 23,23,33 22,22,32 20,20,28 20,20,28 25,23,31 21,24,33 22,22,30 22,22,30 21,21,29 22,22,30 25,25,33 23,26,37 21,26,36 22,22,32 20,20,28 20,20,28 20,20,28 29,21,27 39,25,27
20,20,28 20,20,28 20,20,28 20,20,28 20,20,28 20,20,28 20,20,28 20,20,28 20,20,28 21,21,29 22,21,24 19,18,21 21,21,31 20,20,28 18,19,22 20,20,28 20,20,28 20,20,28 20,20,28 20,20,28 20,20,28 20,20,28 20,21,26 18,18,26 20,21,26 20,20,28 20,20,28 20,20,28 20,20,28 20,20,28 20,20,28 20,20,28 21,24,33 24,29,37 28,33,43 31,38,52 25,33,42 28,30,44 27,30,41 58,47,56 43,36,46 28,33,43 25,29,42 28,31,40 27,30,41 22,22,30 24,24,32 22,22,30 25,23,31 22,23,28 25,23,33 22,22,30 20,21,26 20,20,28 21,21,29 23,26,37 25,28,35 25,29,42 23,23,33 20,20,28 18,19,22 21,22,27 24,23,26 36,26,30
20,20,28 20,20,28 20,20,28 20,20,28 20,20,28 20,20,28 20,20,28 20,20,28 15,21,24 20,20,28 18,19,24 18,19,24 23,21,29 20,21,24 20,21,24 20,20,28 20,20,28 20,20,28 20,20,28 20,20,28 20,20,28 20,20,28 20,20,28 20,20,28 23,23,31 20,20,28 20,20,28 20,20,28 20,20,28 20,20,28 20,20,28 20,20,28 22,25,36 25,25,35 23,26,35 21,21,29 24,24,34 25,25,33 24,22,32 47,35,40 55,41,46 32,36,49 32,36,51 28,33,43 31,35,48 19,22,29 18,19,24 24,24,32 23,22,27 23,24,29 25,23,31 22,22,30 20,20,28 20,20,28 21,21,29 23,23,33 25,30,40 23,26,37 24,24,34 20,21,26 18,19,22 20,20,28 22,22,22 50,38,38
20,20,28 20,20,28 20,20,28 20,20,28 20,20,28 20,20,28 20,20,28 20,20,28 20,20,28 21,21,29 20,21,26 23,22,27 23,22,27 20,21,26 18,21,28 22,20,28 20,20,28 20,20,28 20,20,28 20,20,28 20,20,28 20,20,28 20,20,28 18,18,26 16,20,24 20,21,26 20,20,28 20,20,28 20,20,28 20,20,28 20,20,28 20,20,28 21,26,34 21,24,33 24,24,34 21,22,27 23,26,37 21,24,35 20,18,26 46,35,44 49,38,45 31,35,48 31,35,48 28,32,45 26,29,40 17,23,26 20,20,28 16,19,26 20,21,24 25,23,31 22,23,28 23,23,31 18,18,26 18,21,28 21,21,29 31,31,41 25,30,38 26,31,39 20,23,30 20,20,28 20,20,28 20,20,28 20,20,28 24,23,28
20,20,28 20,20,28 20,20,28 20,20,28 20,20,28 20,20,28 20,20,28 20,20,28 20,20,28 19,22,29 21,21,29 21,21,29 21,21,29 20,20,28 18,21,28 22,20,28 20,20,28 20,20,28 20,20,28 20,20,28 18,21,28 18,21,28 23,24,29 18,18,26 21,24,33 21,21,31 20,20,28 20,20,28 20,20,28 20,20,28 20,20,28 20,20,28 21,26,36 22,25,34 24,24,32 22,25,34 22,25,36 23,26,35 25,25,35 42,33,44 53,40,48 31,35,50 20,27,41 27,31,44 25,29,42 18,21,28 20,20,28 20,21,26 22,22,30 23,23,31 23,23,33 21,24,31 16,19,26 18,21,28 21,21,29 27,27,37 23,31,40 24,29,37 20,25,31 20,21,26 20,20,28 20,20,28 21,21,29 22,20,28
20,20,28 20,20,28 20,20,28 20,20,28 20,20,28 20,20,28 20,20,28 20,20,28 20,21,26 21,21,29 21,22,27 23,21,29 21,21,29 20,21,24 20,21,26 20,20,28 20,20,28 21,21,29 17,17,25 20,21,26 25,23,31 24,23,28 22,21,26 23,20,26 24,21,25 22,21,24 20,20,28 20,21,26 20,20,28 20,20,28 20,20,28 20,20,28 24,24,34 18,21,30 20,20,28 20,20,28 23,23,33 21,24,33 17,25,30 43,29,29 63,46,38 26,29,36 19,24,34 25,23,33 22,26,39 25,40,54 20,23,30 22,21,26 23,21,31 26,24,34 23,23,31 24,22,32 20,20,28 20,20,28 20,20,28 22,27,35 32,32,44 29,33,46 23,23,33 20,20,28 20,20,28 20,20,30 20,20,28 20,20,28
20,20,28 20,20,28 20,20,28 20,20,28 20,20,28 20,20,28 20,20,28 20,20,28 20,21,24 21,21,29 22,20,28 23,21,29 21,21,29 20,21,26 20,20,28 18,19,22 22,21,26 22,21,26 23,22,27 24,23,28 27,26,31 25,23,31 26,24,32 32,34,48 27,27,35 38,44,61 41,47,64 21,22,25 20,20,28 20,20,28 20,20,28 18,18,26 18,18,26 17,17,25 18,18,26 19,17,25 19,18,23 20,21,24 22,21,26 46,33,30 64,46,41 21,19,20 22,21,26 22,21,26 23,24,29 21,21,29 21,21,31 24,22,23 23,20,24 25,21,30 25,23,35 24,24,34 20,21,26 20,20,28 21,21,29 25,28,37 29,34,42 27,32,40 22,24,38 20,20,28 20,20,28 20,21,26 20,20,28 20,20,28
20,20,28 20,20,28 20,20,28 20,20,28 20,20,28 18,21,28 18,21,28 20,20,28 21,21,31 21,21,29 22,22,30 21,22,27 22,22,32 20,21,26 20,20,28 21,22,27 20,23,30 20,19,22 25,24,29 25,25,33 23,23,33 27,32,42 30,37,49 26,24,32 24,23,28 32,33,38 30,33,44 20,21,26 34,32,40 25,23,33 21,21,29 23,21,29 25,22,26 24,23,26 26,23,27 38,29,23 45,30,19 61,46,35 86,57,35 107,70,44 89,59,33 127,87,53 145,100,54 137,91,52 143,95,52 142,94,51 151,101,59 150,100,54 155,106,57 158,108,64 143,97,60 116,77,49 21,23,23 24,24,34 23,23,31 18,18,26 20,20,28 21,22,27 22,20,28 20,20,28 17,18,21 20,20,28 18,19,24 20,20,28
20,20,28 20,20,28 20,20,28 20,20,28 53,57,70 13,20,34 47,54,66 28,31,40 21,21,29 21,21,29 21,21,29 21,22,27 22,20,28 18,19,24 18,19,24 16,17,20 15,16,19 17,16,19 22,21,26 20,19,22 20,19,24 25,24,29 24,24,32 18,19,22 17,18,21 19,18,21 18,19,24 18,18,26 27,26,31 25,24,27 25,24,27 24,23,26 25,24,27 25,24,27 26,25,28 31,24,24 46,33,26 59,44,33 70,48,28 81,55,32 89,60,40 108,72,43 144,98,57 145,96,58 148,100,55 158,108,64 157,108,59 173,121,71 149,99,53 155,106,57 132,86,49 112,73,45 43,33,32 15,21,24 31,36,46 17,17,25 18,18,26 23,23,31 20,20,28 20,21,24 21,22,25 21,21,29 21,21,29 20,20,28
20,20,28 20,20,28 20,20,28 20,20,28 20,20,28 16,19,28 16,19,30 22,22,30 21,21,29 22,22,30 23,21,29 21,21,31 21,21,29 20,20,28 18,17,22 15,16,21 15,16,21 15,16,21 16,17,22 15,16,19 15,16,21 15,16,21 17,16,19 17,19,19 17,17,25 17,18,21 17,17,25 18,18,26 27,26,29 24,23,26 25,24,27 24,23,26 25,24,27 25,24,27 25,24,29 30,24,29 46,33,30 62,42,33 73,49,27 80,54,33 97,64,39 113,77,48 140,94,57 143,96,62 131,85,55 152,106,65 163,111,63 159,107,59 148,102,61 160,107,64 145,96,56 122,78,48 58,42,38 20,20,28 27,27,37 20,20,28 20,20,28 27,27,35 20,21,26 20,21,26 20,20,28 21,22,27 22,22,30 20,20,28
20,20,28 20,20,28 20,20,28 18,19,22 19,22,31 18,18,26 18,18,26 16,20,24 21,21,29 23,21,29 25,21,30 23,21,29 21,21,29 20,20,28 18,17,22 19,18,23 17,16,21 15,16,21 19,18,23 19,18,23 17,16,19 19,18,21 19,18,21 18,17,20 17,17,25 18,19,22 15,19,23 15,21,24 29,28,31 24,23,26 25,24,27 25,24,27 25,24,27 25,24,27 26,23,27 30,24,29 38,24,24 65,46,34 80,54,33 89,58,37 94,61,36 106,69,43 126,83,50 137,91,54 127,80,46 128,82,52 140,94,55 135,91,51 137,90,56 144,98,61 140,95,62 131,86,51 72,53,41 20,20,28 20,20,28 20,20,28 20,20,28 20,20,28 20,20,30 18,18,26 18,18,26 20,20,28 18,19,24 18,18,26
20,21,26 18,21,32 23,31,40 19,24,32 21,26,34 33,36,54 33,40,52 32,32,42 21,21,29 24,22,30 23,21,29 23,22,27 20,21,26 18,21,28 17,18,21 20,19,24 17,16,19 17,16,21 20,19,24 19,18,23 18,15,19 20,19,24 17,18,21 19,18,23 15,19,21 18,19,24 18,19,22 20,20,28 26,25,28 23,22,25 24,23,28 24,23,26 24,23,28 25,24,29 26,23,27 26,23,27 26,24,25 42,32,31 53,41,29 64,48,33 74,52,34 77,55,35 90,61,39 83,58,41 110,77,52 99,69,43 99,69,43 106,71,46 88,62,39 95,64,43 95,66,44 84,59,40 42,29,22 18,21,30 20,20,28 20,20,28 20,20,28 20,20,28 20,20,28 17,18,23 18,18,26 18,21,28 16,20,24 28,28,38
45,63,87 45,63,87 45,63,89 44,64,88 48,67,88 46,63,85 29,42,59 24,24,34 21,21,29 24,22,30 21,21,29 23,21,29 22,27,35 31,36,46 18,17,22 18,19,22 17,16,21 17,15,23 20,19,24 20,19,24 17,16,21 18,19,24 22,21,24 19,18,21 19,18,23 19,18,21 17,18,23 20,20,28 25,24,29 24,23,26 24,23,26 24,23,26 24,23,26 24,23,26 25,24,27 37,25,25 45,32,25 49,34,23 49,34,23 53,36,26 68,48,30 80,54,31 104,68,39 118,78,44 123,79,49 137,93,55 138,94,54 129,89,53 145,96,58 150,102,57 122,79,46 108,72,43 87,63,41 23,26,33 20,23,30 20,20,28 20,20,28 22,22,30 20,20,28 17,17,25 22,20,28 29,29,37 25,25,35 25,28,37
43,62,83 47,63,88 47,63,88 46,64,88 45,64,85 43,62,83 41,54,73 28,28,36 20,21,26 24,23,28 22,21,26 23,22,25 29,31,45 47,51,64 17,16,21 18,17,22 18,17,22 17,15,23 18,17,22 18,17,22 17,16,19 17,16,21 16,15,20 17,18,21 17,18,21 20,19,22 20,21,26 20,20,28 24,24,24 24,23,26 24,23,26 24,23,26 24,23,26 24,23,26 24,23,26 26,26,26 40,29,26 51,36,27 62,43,27 74,49,30 84,53,30 88,57,34 101,66,41 110,71,43 113,72,43 116,75,46 130,85,50 133,88,53 135,91,53 135,90,55 109,73,44 101,68,43 88,64,42 21,22,27 20,23,30 20,23,30 20,21,26 20,20,28 18,18,26 17,17,25 20,20,28 29,29,37 23,27,31 23,27,29
30,39,50 39,47,63 39,53,74 39,53,74 41,53,75 40,55,73 38,51,66 28,29,34 21,21,29 23,23,23 22,21,26 23,22,27 33,35,51 36,39,57 22,20,28 20,19,24 20,18,26 19,17,25 22,21,26 18,19,24 19,18,21 20,19,22 20,19,22 17,18,21 17,18,21 18,19,22 21,22,27 21,21,31 24,24,24 23,22,25 24,23,26 24,23,26 25,24,27 24,23,26 24,23,26 28,23,25 36,26,27 43,30,25 57,40,30 66,46,26 93,64,42 90,61,39 99,65,43 112,73,45 123,79,49 131,86,51 140,94,53 135,90,55 116,75,44 117,78,50 104,67,41 111,75,46 84,58,35 26,21,23 22,22,30 18,21,28 20,21,26 23,22,27 18,21,28 18,19,24 16,19,26 26,29,38 34,37,44 27,32,42
42,56,77 21,31,39 26,29,36 26,29,36 28,31,40 32,35,46 38,46,66 43,60,82 43,51,67 28,32,47 28,33,43 35,39,54 36,40,55 38,42,57 32,37,47 22,21,24 21,18,22 19,18,21 20,19,22 20,19,22 19,19,19 22,21,24 23,22,27 19,18,21 20,19,24 21,21,29 40,43,54 29,36,50 21,21,29 23,22,25 23,22,25 24,23,26 24,23,26 24,23,26 23,22,25 24,22,23 28,21,24 36,26,27 48,36,26 52,37,28 74,52,32 84,58,35 99,65,43 116,77,49 120,79,50 126,85,54 134,91,56 137,92,57 128,85,52 121,80,49 101,66,39 101,66,41 65,46,30 23,24,29 19,22,31 22,22,30 21,21,31 21,21,29 21,21,29 24,23,26 19,24,30 40,45,51 46,51,61 36,43,57
34,45,58 37,44,56 18,19,24 20,20,28 20,20,28 20,18,26 31,38,50 39,57,74 45,59,82 45,59,80 52,60,80 50,62,86 62,74,98 46,52,71 22,25,34 17,16,21 18,16,24 18,16,24 18,17,22 17,15,23 17,16,21 17,15,23 20,18,26 23,22,27 20,19,24 20,18,26 30,28,38 13,17,21 24,23,28 20,19,24 20,20,20 23,23,23 24,23,26 24,23,26 20,19,22 24,23,28 27,21,26 32,22,26 43,30,27 47,31,25 50,35,24 49,37,27 64,48,33 72,51,28 84,55,33 94,63,40 92,61,38 102,67,42 109,74,49 103,69,49 91,65,42 66,50,37 34,29,28 21,21,31 30,38,54 19,21,35 22,22,30 18,22,26 22,22,32 30,36,53 72,78,97 45,53,71 41,48,60 20,25,33