20,19,22 20,19,22 20,19,22 19,18,21 20,19,22 20,19,22 20,19,22 20,19,22 19,18,21 22,21,24 33,32,35 20,17,21 24,21,25 27,24,28 27,25,33 25,25,25 24,23,28 27,26,31 26,25,28 29,28,33 34,31,37 33,30,34 34,31,35 33,30,34 35,25,29 27,20,23 28,21,24 27,20,23 47,33,35 45,31,31 43,30,25 38,26,26 28,21,24 27,20,23 26,25,28 22,21,24 20,19,22 20,19,22 25,24,27 24,23,26 22,21,24 22,21,26 22,21,26 22,21,24 24,23,28 23,22,27 31,35,48 33,31,41 34,31,35 35,25,26 42,29,26 42,29,24 43,30,25 42,29,22 45,32,27 45,32,27 49,34,25 55,38,28 54,39,28 51,36,25 55,40,29 58,42,29 58,42,25 65,46,23
20,19,22 20,19,22 20,19,22 22,21,24 22,21,24 20,19,22 20,19,22 20,19,22 20,19,22 22,21,24 23,22,25 20,17,21 21,18,22 23,21,22 26,25,30 25,24,29 24,23,26 25,24,27 27,26,29 27,26,29 33,31,32 33,30,34 32,29,33 32,29,33 31,21,25 28,21,21 26,19,22 26,19,22 46,32,34 45,31,36 39,26,21 33,22,17 29,19,23 28,26,27 24,23,26 20,19,22 20,19,22 22,21,24 22,21,24 23,22,25 23,22,25 29,28,31 23,22,27 22,21,24 23,22,27 23,22,25 29,33,46 30,33,42 35,31,40 40,30,31 42,29,26 42,29,24 45,32,27 45,32,27 50,34,28 49,34,23 49,34,25 56,39,29 57,42,31 56,42,28 52,37,26 53,36,26 65,44,29 68,49,26
20,19,22 20,19,22 19,18,21 20,19,22 20,19,22 20,19,22 20,19,22 20,19,22 19,18,21 22,21,24 23,20,26 26,23,27 21,18,22 21,18,22 22,23,26 26,25,30 26,25,28 25,24,27 27,26,29 27,26,31 30,27,31 34,28,33 30,27,31 30,25,27 35,21,26 30,20,21 28,18,22 24,17,20 48,31,32 43,30,27 40,28,18 26,19,19 31,21,22 21,22,25 22,21,24 23,22,25 22,21,24 20,19,22 22,22,22 24,23,26 19,18,21 27,24,28 36,25,34 38,26,26 40,28,30 44,26,25 30,26,37 32,36,49 38,34,43 39,33,38 42,32,31 45,32,27 49,34,25 52,37,26 51,36,25 51,36,25 50,35,24 50,35,24 51,36,25 51,36,25 59,45,29 60,44,27 62,47,27 67,49,30
20,19,22 22,21,24 22,21,24 19,18,21 22,21,24 22,22,22 19,18,21 20,19,22 11,10,13 26,25,30 22,21,24 31,28,32 25,22,26 23,20,24 21,18,22 24,21,25 24,23,26 24,23,26 25,24,27 26,23,27 34,26,32 31,28,32 30,27,31 31,23,29 36,24,26 30,20,21 26,19,19 24,17,20 45,32,27 32,21,28 30,20,24 30,20,24 19,19,19 23,22,25 22,21,24 22,21,24 24,21,25 21,22,27 24,17,20 45,27,22 51,29,21 48,28,19 45,23,17 55,32,21 53,25,14 56,26,11 51,30,7 51,32,36 39,35,48 41,34,44 44,34,35 47,31,27 50,35,24 49,34,23 50,35,24 50,35,24 54,39,28 55,40,29 58,42,29 59,43,26 60,44,27 56,40,27 67,47,29 68,48,30
22,21,24 22,21,24 22,21,24 22,21,24 20,19,22 19,18,21 19,18,21 17,17,17 20,20,20 16,9,12 22,21,24 20,19,22 25,22,26 24,23,26 21,18,22 20,17,21 20,17,21 26,24,25 24,21,25 23,20,24 26,23,27 30,27,31 30,22,28 33,22,29 29,19,20 30,20,24 23,18,17 27,22,24 26,19,22 26,19,22 37,26,21 28,17,24 20,19,22 22,21,24 26,25,28 32,31,34 35,35,43 48,37,34 57,33,27 59,33,23 41,27,13 32,19,12 55,32,19 63,35,22 46,25,14 54,26,13 41,20,7 42,16,2 58,29,25 43,34,47 39,38,41 44,32,34 45,32,27 49,33,27 49,34,23 52,37,26 52,37,26 55,40,29 56,42,28 59,43,28 60,44,27 64,45,29 67,47,29 66,46,28
22,21,24 22,21,24 22,21,24 20,19,22 19,18,21 20,19,22 18,17,20 22,21,24 22,21,24 13,10,14 26,25,28 18,17,20 26,23,27 25,24,27 22,21,24 23,20,24 20,17,21 20,17,21 21,18,22 20,17,21 21,18,22 20,18,19 21,18,22 21,18,22 21,19,20 21,19,20 24,17,20 24,17,20 29,17,17 38,26,14 40,24,18 19,18,21 26,25,30 34,33,38 36,36,44 41,30,23 71,44,37 62,36,24 56,33,22 54,33,22 35,19,13 34,18,12 73,41,27 60,37,22 53,30,17 56,26,11 50,23,7 48,25,10 44,19,0 68,35,26 38,38,50 43,36,36 45,34,31 50,34,28 51,36,25 54,39,28 52,37,26 52,37,26 62,46,29 62,47,27 66,46,26 66,46,28 63,48,28 59,46,23
22,21,24 22,21,24 22,21,24 20,19,22 20,19,22 16,15,18 22,21,24 20,19,22 20,19,22 22,21,24 14,9,11 26,25,28 26,23,27 24,23,26 25,22,26 24,23,26 20,17,21 20,17,21 20,17,21 19,18,21 20,17,21 22,16,21 19,16,20 21,18,22 21,16,18 25,20,22 23,16,19 24,16,22 42,27,16 38,23,14 21,16,13 20,19,22 27,25,33 42,45,54 45,50,60 73,47,26 58,32,20 56,33,22 55,34,23 53,34,22 36,21,12 56,33,20 77,40,25 56,28,15 60,28,12 55,23,7 49,22,6 52,23,3 52,22,5 62,28,10 42,44,44 35,43,33 50,36,36 49,36,29 52,37,26 52,37,26 54,39,28 54,39,28 64,45,31 65,45,27 62,47,27 59,43,26 55,39,24 56,40,25
20,19,22 20,19,22 19,18,21 20,19,22 17,16,19 23,20,24 22,21,24 22,21,24 22,21,24 22,21,24 16,14,15 13,10,14 20,19,22 24,24,24 24,22,30 23,22,25 20,19,22 19,18,21 18,17,20 18,17,20 19,18,21 20,17,21 20,18,19 26,19,19 28,18,22 28,18,22 24,17,20 25,19,24 33,22,19 22,17,19 19,18,21 20,19,22 29,29,29 34,33,38 49,54,64 71,43,30 44,30,16 42,28,14 51,24,6 41,25,12 35,20,11 58,30,21 59,32,16 59,30,10 59,29,14 49,22,6 56,27,7 71,35,15 54,25,5 52,22,5 64,28,10 16,17,5 20,23,3 44,42,24 57,42,33 57,42,31 57,41,28 58,42,27 59,43,26 62,46,29 56,40,25 59,44,24 63,48,28 70,51,26
20,19,22 19,18,21 21,18,22 22,21,24 22,21,24 22,21,24 20,19,22 20,19,22 22,21,24 22,21,24 20,19,22 12,10,11 22,21,24 22,21,24 29,28,31 25,24,27 22,21,24 19,18,21 19,18,21 18,17,20 19,18,21 17,16,19 26,23,27 35,38,49 50,53,71 36,38,54 35,34,49 42,44,58 44,47,58 35,39,54 49,51,67 24,21,25 24,23,28 36,35,40 67,49,48 57,38,26 112,59,2 90,44,5 37,22,11 37,20,12 39,20,8 57,29,16 59,29,14 59,29,12 52,25,9 55,25,8 55,26,6 60,29,8 68,30,11 76,34,12 63,27,7 12,24,6 17,26,7 35,38,7 57,42,33 57,42,31 59,45,27 59,43,26 57,41,28 58,42,25 66,48,27 66,51,31 66,47,24 81,55,32
22,21,24 22,21,24 22,21,24 22,21,24 22,21,24 22,21,24 20,19,22 22,21,24 24,23,26 22,21,24 22,21,24 22,21,24 16,14,15 23,22,25 20,19,22 22,21,26 22,21,24 18,17,20 19,18,21 19,18,21 26,25,30 60,64,79 50,53,64 23,22,27 25,22,26 25,23,24 27,24,28 25,24,27 24,21,25 26,23,27 25,19,24 36,34,42 31,31,39 32,31,34 80,50,35 142,72,10 94,50,12 34,19,10 40,25,14 44,24,15 49,23,11 71,35,15 64,33,14 52,25,9 53,22,10 55,25,10 54,25,5 59,28,7 66,30,10 59,28,9 67,31,11 46,19,3 30,34,5 34,46,10 76,38,19 56,43,38 62,46,31 61,47,31 64,45,29 67,49,28 65,47,28 56,40,23 76,55,30 81,60,37
22,21,24 22,21,24 22,21,24 24,23,26 22,21,24 22,21,24 22,21,24 22,21,24 22,21,24 22,21,24 22,21,24 22,21,24 13,10,14 20,19,22 22,21,24 23,22,25 18,17,20 20,19,22 19,18,21 42,35,38 24,32,41 33,35,49 26,25,30 26,23,27 28,25,29 26,23,27 26,25,28 26,23,27 25,24,27 28,25,29 27,24,28 30,27,31 20,20,28 34,34,42 64,38,26 127,62,2 50,25,6 38,23,12 40,25,14 43,23,14 48,25,12 59,29,14 46,25,12 51,24,8 56,26,9 55,25,10 55,25,8 54,24,7 53,24,4 57,26,7 59,25,7 61,30,7 63,29,7 44,44,10 83,35,8 47,40,40 54,39,30 59,43,28 70,50,30 66,47,24 60,41,25 68,48,28 77,56,33 66,46,26
20,19,22 22,21,24 22,21,24 22,21,24 22,21,24 22,21,24 22,21,24 22,21,24 22,21,24 22,21,24 22,21,24 22,21,24 22,21,24 20,21,24 22,21,24 23,22,25 27,24,28 25,22,26 37,29,37 33,36,45 25,23,31 26,23,27 29,28,31 27,24,28 26,25,28 26,25,28 26,25,28 34,33,38 33,31,39 33,32,37 27,26,31 32,29,35 55,39,35 65,38,33 60,32,19 150,72,1 36,18,13 36,21,10 37,22,11 41,22,10 45,24,11 37,21,8 33,18,7 36,19,9 46,23,8 55,25,10 64,30,12 64,30,12 55,24,5 59,28,9 58,24,4 62,28,8 55,24,5 45,19,0 64,28,8 63,45,40 60,47,42 62,47,36 67,47,29 67,47,27 65,45,25 71,54,30 60,44,27 56,40,27
22,21,24 22,21,24 20,19,22 22,21,24 25,24,27 22,21,24 23,22,25 23,22,25 23,22,25 22,21,24 22,21,24 22,21,24 22,21,24 18,17,20 22,21,24 22,21,24 22,21,24 49,41,47 46,53,67 30,29,34 27,24,28 28,25,29 27,26,29 26,25,28 30,28,36 32,30,38 32,30,40 33,31,41 33,31,41 33,31,41 33,31,43 34,30,39 84,49,36 66,38,29 70,43,25 93,47,6 35,19,13 28,15,12 31,18,13 34,19,10 47,26,13 53,30,19 39,22,12 41,22,10 28,12,6 30,14,8 42,21,8 53,23,6 67,31,9 61,30,11 53,27,6 50,23,7 54,23,4 68,25,6 39,18,7 81,30,4 61,47,49 63,48,37 68,49,33 67,47,29 67,49,30 60,45,25 60,45,25 61,42,26
22,21,24 22,21,24 22,21,24 22,21,24 22,22,22 23,22,25 22,21,24 22,21,24 22,21,24 24,23,26 25,24,27 22,21,24 22,21,24 25,24,27 27,24,28 22,21,26 34,29,31 42,42,50 46,53,67 28,25,31 25,24,27 25,24,27 48,51,62 39,37,47 32,30,40 33,31,41 33,31,41 33,31,41 33,31,39 34,32,40 34,32,40 36,29,39 74,44,29 57,31,21 49,28,17 78,42,11 64,31,4 29,18,13 33,20,17 34,22,12 34,22,12 42,27,16 75,37,16 59,27,11 52,25,9 34,19,8 30,15,4 29,13,7 27,12,1 38,22,9 41,20,5 40,19,4 59,28,9 90,48,8 76,46,2 65,31,9 57,47,48 61,48,43 62,47,36 62,48,32 65,47,28 60,44,29 62,46,29 67,47,29
25,24,27 22,21,24 22,21,24 22,21,24 22,22,22 25,24,27 22,21,24 22,21,24 22,21,24 22,21,24 22,21,24 26,25,28 32,31,34 32,32,40 29,29,26 20,19,22 46,35,42 56,59,77 22,24,38 27,26,29 29,23,28 30,29,34 36,36,46 30,30,40 33,31,41 33,31,41 33,31,41 33,31,41 33,31,39 34,30,39 32,30,40 34,30,39 49,33,27 56,35,22 41,26,15 37,22,11 52,23,3 43,24,10 28,15,12 34,21,16 38,21,13 86,50,17 65,31,11 64,30,12 60,29,10 46,20,6 40,19,6 37,21,8 35,18,8 34,19,8 31,19,9 37,18,4 60,24,2 95,53,1 88,53,0 63,45,13 52,42,43 60,47,44 64,49,40 61,47,33 62,47,27 63,48,28 66,48,29 69,51,30
20,19,22 25,24,27 22,21,24 22,21,24 23,22,25 20,19,22 22,21,24 23,22,25 23,22,25 29,28,31 33,32,37 35,36,39 34,38,42 35,40,50 36,41,51 57,58,81 31,30,35 48,54,71 26,25,28 26,25,28 25,24,27 30,28,36 33,31,41 32,30,40 33,31,41 33,31,41 33,31,41 33,31,39 33,31,39 33,31,39 33,31,39 33,31,41 35,31,40 53,44,38 50,36,11 46,27,15 49,27,19 51,30,19 38,22,7 59,26,1 56,25,4 48,25,12 44,21,8 66,30,12 62,31,10 65,31,13 54,24,7 46,23,8 43,20,5 47,25,7 44,22,4 49,24,7 74,36,0 95,59,1 93,53,1 88,53,0 58,35,22 53,42,51 56,43,40 60,49,34 59,43,30 68,48,30 68,48,28 67,48,25
20,19,22 20,19,22 22,21,24 22,22,22 23,22,25 22,21,24 27,26,29 25,26,29 32,33,38 35,39,43 42,42,50 36,39,48 38,43,53 43,47,62 39,37,47 79,79,91 24,25,28 48,51,69 25,25,25 25,24,27 25,24,27 29,27,35 33,31,41 33,31,41 33,31,41 34,30,39 33,31,39 33,31,39 33,31,39 33,31,39 31,31,39 31,31,39 34,32,42 63,54,27 68,56,26 57,34,19 60,34,24 53,32,19 52,31,20 46,27,15 50,25,6 50,23,5 59,30,10 50,25,6 56,27,7 56,27,5 58,29,7 56,29,11 42,19,4 41,20,5 45,24,9 51,24,6 85,47,0 95,55,3 90,55,1 81,39,0 84,46,11 32,30,38 51,41,45 57,43,43 59,44,33 65,46,30 68,48,28 74,53,30
20,19,22 23,22,25 22,21,24 25,24,27 28,29,32 27,26,29 32,32,32 35,35,43 38,38,48 41,46,54 41,46,54 40,45,53 43,46,55 49,52,63 52,51,66 51,49,57 35,29,34 35,38,47 27,24,28 26,23,27 25,24,27 33,31,39 34,30,39 33,31,39 33,31,39 31,31,39 33,31,39 33,31,39 31,31,41 31,31,41 31,31,39 31,31,39 31,31,43 32,39,37 58,39,16 81,45,25 52,30,24 52,30,22 49,28,15 59,28,9 57,31,10 54,28,7 59,30,10 54,27,9 50,23,7 51,24,8 46,24,6 47,25,7 37,21,6 36,17,3 42,22,4 62,29,4 84,48,1 85,49,0 81,42,1 89,46,1 33,32,7 31,24,8 26,24,32 47,40,43 55,44,41 59,45,31 62,47,27 69,51,32
22,21,24 20,19,22 24,25,30 29,29,37 34,34,42 34,38,42 35,36,41 24,23,28 41,46,54 42,47,55 42,47,55 41,46,56 43,48,56 50,50,60 50,54,69 49,49,59 37,31,36 46,48,64 23,24,29 25,24,27 30,29,34 33,31,39 33,31,39 33,31,39 31,31,41 31,31,41 32,32,42 31,31,41 32,32,42 32,32,42 32,32,42 32,33,38 31,48,43 29,42,43 48,44,36 81,40,24 55,25,10 50,27,14 48,25,10 46,21,4 59,30,10 62,28,8 61,30,11 54,28,7 51,24,6 46,21,4 54,23,13 40,19,4 45,24,9 41,18,3 58,29,5 74,38,7 69,40,5 71,35,4 88,46,4 67,40,4 86,56,14 42,40,9 20,19,24 23,20,24 33,27,32 60,42,41 61,47,33 69,49,29
20,19,22 22,21,24 27,28,31 38,38,46 37,37,45 42,45,56 42,43,48 43,42,47 43,48,56 42,47,55 43,48,56 41,45,58 38,43,51 38,39,42 49,53,68 55,55,65 35,30,29 41,44,55 43,42,59 25,24,27 33,32,37 33,31,39 33,31,39 33,31,39 31,31,41 32,32,42 32,32,42 32,32,42 32,32,44 32,31,46 32,31,46 28,45,37 28,41,42 28,39,40 40,37,41 73,37,19 61,29,13 59,30,10 49,23,11 68,34,16 47,19,6 57,26,7 62,31,10 59,28,9 53,26,8 49,24,5 42,22,4 37,16,3 39,21,2 45,25,7 68,40,11 70,43,9 63,33,5 76,41,5 66,34,0 61,41,9 38,33,1 35,42,10 22,21,24 19,18,21 21,18,22 26,24,25 59,44,35 72,57,35
24,23,26 22,21,24 29,28,33 35,35,43 37,40,51 46,50,63 42,47,57 43,47,60 22,21,26 42,47,55 41,45,58 40,45,53 40,44,57 30,29,34 41,44,55 48,45,49 33,22,29 42,37,39 42,44,60 25,24,27 31,29,37 31,31,43 32,32,42 32,32,42 32,32,44 34,34,44 34,33,48 34,34,44 34,33,48 31,31,43 33,31,39 41,44,36 33,45,38 30,42,33 32,36,38 59,53,44 78,40,19 69,31,10 62,27,14 58,23,8 52,27,10 56,27,7 65,31,11 68,30,9 68,32,14 59,27,11 42,22,4 35,19,6 53,36,10 69,47,13 62,39,8 66,42,7 71,42,11 34,27,0 46,37,8 32,31,4 18,33,9 38,43,7 22,21,24 23,20,24 20,19,22 21,18,22 26,19,17 56,40,23
20,19,22 20,19,22 27,26,29 36,36,46 35,40,48 39,43,56 44,52,59 40,48,57 46,49,60 36,41,47 47,52,62 43,46,57 37,44,56 33,26,26 48,48,60 46,46,56 31,24,27 31,24,27 47,49,65 48,48,60 31,29,37 32,32,42 32,32,42 32,32,44 34,34,46 34,33,48 34,34,46 32,30,38 32,30,38 33,29,40 35,32,38 44,42,38 37,43,34 29,43,36 35,48,36 40,55,39 40,34,39 51,28,17 61,30,18 72,39,12 64,30,8 77,67,27 68,63,20 55,32,3 63,38,8 74,38,9 69,40,7 73,46,10 67,43,10 67,40,8 69,40,9 45,32,9 12,30,13 38,30,8 17,30,7 15,31,10 21,36,8 35,43,2 31,31,15 23,20,24 20,19,22 21,19,20 20,17,23 20,18,19
20,19,22 20,19,22 23,22,25 30,28,36 33,38,46 36,41,51 45,52,64 43,50,64 44,51,63 25,25,37 46,51,61 45,50,58 36,40,53 36,31,33 46,46,56 44,45,50 44,39,41 28,23,25 29,28,33 41,45,60 31,29,37 32,32,42 32,32,42 32,34,48 42,31,38 57,40,43 47,35,40 55,41,43 32,30,38 32,30,38 30,28,36 51,48,35 62,53,36 64,56,43 36,39,27 35,36,41 25,24,29 14,9,11 17,15,13 23,31,10 42,39,15 56,37,10 64,51,17 68,51,14 58,41,6 79,47,1 76,49,6 66,36,8 69,42,8 51,37,10 24,25,4 47,33,15 25,33,12 9,29,13 11,30,10 16,30,9 22,36,6 35,42,6 37,42,6 21,18,24 21,18,22 21,18,22 21,18,22 21,18,22
20,19,22 20,19,22 20,19,22 27,26,29 32,37,43 34,39,49 43,50,62 39,46,60 41,48,62 46,48,62 40,43,50 45,52,64 43,48,58 33,28,30 52,51,56 41,35,42 43,41,49 23,22,27 26,21,23 37,36,41 50,56,75 48,50,66 34,34,44 53,45,34 49,39,43 37,26,35 39,33,38 34,28,35 32,30,38 32,30,38 39,38,43 53,54,35 66,59,39 59,52,32 41,43,43 32,28,37 20,17,21 14,9,11 16,16,13 18,25,9 22,26,9 28,24,3 60,39,12 67,50,11 72,55,8 76,56,10 74,46,6 73,44,11 61,41,9 59,41,11 51,32,5 22,30,9 17,29,9 17,31,10 16,30,9 18,31,8 30,36,7 32,39,5 36,41,9 25,22,28 21,18,22 21,18,22 21,18,22 21,18,22
11,8,12 20,19,22 20,19,22 23,22,25 29,29,39 35,39,52 41,48,62 41,48,62 40,44,57 43,47,60 23,21,29 44,51,63 42,47,57 34,34,42 38,37,40 41,38,44 34,33,36 37,36,39 27,20,23 25,20,22 37,34,40 46,45,60 52,55,73 38,30,36 45,33,33 67,54,49 38,28,32 34,27,37 34,28,35 39,38,31 78,74,39 48,51,31 57,55,35 40,44,59 24,23,26 23,15,21 18,13,15 15,10,12 16,16,16 9,20,7 38,39,20 32,35,15 40,33,13 55,38,12 64,45,10 70,43,7 66,39,3 67,49,17 54,42,16 43,33,9 53,36,12 35,24,9 15,18,6 21,31,9 21,31,5 27,32,8 30,36,9 31,38,6 34,41,7 22,21,24 23,20,24 23,20,24 23,20,24 21,18,22
19,19,19 21,18,24 20,19,22 22,21,24 29,28,33 33,36,45 38,42,55 41,48,60 41,45,58 45,49,62 42,44,58 33,36,45 41,46,56 41,45,58 29,24,26 38,37,42 31,32,37 34,35,38 33,32,37 23,21,22 23,20,24 27,24,30 36,36,44 45,52,64 50,51,70 60,60,70 75,75,61 69,68,61 64,64,61 69,71,45 42,42,50 37,37,47 38,37,42 29,28,33 16,11,13 15,8,11 18,13,12 14,8,13 16,21,15 8,19,8 13,24,11 22,26,11 35,32,17 35,33,11 47,37,15 62,42,12 18,27,8 66,42,7 48,40,6 39,31,9 19,15,5 21,20,11 12,18,7 11,19,7 21,30,11 26,29,7 26,29,5 30,34,7 30,35,11 37,28,39 26,23,29 20,19,22 22,21,24 21,18,22
20,20,20 12,10,11 20,19,24 20,19,22 24,23,26 31,30,35 38,43,53 41,48,62 45,49,62 43,50,62 41,48,60 36,39,46 45,52,64 40,47,59 28,21,24 29,28,31 33,32,37 34,33,36 37,35,43 34,34,46 24,21,27 19,17,18 22,17,19 29,24,26 36,34,44 43,42,59 50,48,58 49,45,58 44,42,52 50,44,49 38,31,34 28,22,27 25,19,24 19,12,15 15,8,11 13,11,9 12,10,11 15,8,11 21,24,14 9,15,4 10,18,6 12,23,10 24,25,15 17,20,10 29,26,13 32,29,14 30,28,10 42,35,19 27,24,11 29,24,12 28,22,17 16,19,11 9,20,5 8,21,9 8,21,9 8,20,2 16,23,5 23,28,4 22,21,24 22,22,22 40,29,26 57,46,31 28,25,31 23,20,26
20,19,22 20,19,22 24,22,23 20,19,22 23,22,25 27,26,29 35,38,45 42,47,57 39,46,60 44,51,65 44,51,65 41,48,62 39,39,49 45,49,62 32,29,33 27,22,24 29,28,31 33,32,35 34,34,42 31,31,41 32,32,42 23,17,24 22,14,20 24,17,20 22,15,18 27,15,17 28,18,19 29,19,20 34,21,16 33,21,26 34,21,18 28,18,17 20,13,16 15,8,11 20,13,13 38,26,16 14,9,8 14,9,11 15,23,11 8,16,4 10,18,6 19,30,17 10,21,8 9,20,7 13,19,6 20,23,15 25,24,15 24,23,16 18,21,11 12,18,9 12,17,13 10,18,6 9,20,7 10,21,10 10,21,10 7,23,4 18,26,3 24,22,18 20,19,22 22,21,24 22,21,24 23,20,24 31,21,20 64,48,35
22,21,24 20,19,22 12,10,11 18,19,22 20,19,22 24,23,26 32,32,40 32,35,42 40,44,57 40,47,61 41,48,62 44,51,65 20,20,30 45,49,62 21,18,24 19,17,18 25,23,24 25,23,24 31,31,41 30,30,40 30,33,44 30,30,38 36,35,40 32,29,33 26,16,20 26,16,17 28,18,17 29,17,17 34,20,20 31,21,22 40,26,26 35,25,24 18,13,15 15,8,11 19,14,13 58,36,18 15,10,9 14,9,11 9,20,7 10,18,6 10,17,10 19,27,17 15,23,11 11,22,9 11,19,9 10,18,8 12,20,8 14,22,12 14,19,13 8,14,3 11,19,7 11,19,7 9,20,7 9,20,7 9,20,7 12,24,4 24,24,21 23,20,26 21,18,22 20,19,22 24,22,23 20,20,20 23,20,24 25,22,26
22,21,24 20,19,22 16,14,15 23,21,22 20,19,22 22,21,24 27,29,29 38,38,48 40,48,57 38,47,58 40,47,59 45,49,62 43,48,58 36,41,49 35,38,49 30,27,31 20,18,19 31,29,30 29,29,39 27,27,39 32,32,40 27,27,35 29,27,35 30,29,34 33,31,39 37,31,36 42,34,40 43,35,41 42,34,40 45,37,43 41,30,27 33,23,22 15,10,9 15,8,11 16,14,12 61,39,21 29,16,11 20,22,17 13,21,11 12,19,14 8,19,8 18,26,16 16,22,11 18,24,15 16,22,13 18,24,13 20,23,13 16,22,13 33,30,17 36,34,14 9,20,7 9,20,9 9,20,5 11,19,5 15,27,9 22,24,21 22,21,26 22,21,24 22,21,24 21,18,22 23,21,22 31,21,25 35,26,22 32,22,23
20,19,22 22,21,24 20,19,22 14,12,13 20,19,22 20,19,22 29,28,33 29,32,41 32,41,54 42,50,66 40,47,61 41,48,62 44,50,67 20,17,23 38,43,51 19,19,19 25,23,24 18,16,17 26,24,25 28,25,31 29,27,37 31,29,37 27,26,31 29,28,33 31,29,37 38,35,41 43,35,41 42,34,40 40,33,36 47,37,38 40,29,24 34,23,18 17,7,8 15,8,8 44,30,14 34,19,10 28,18,17 18,26,16 10,18,8 12,19,12 10,21,8 15,23,13 18,26,14 14,22,10 19,28,9 17,21,6 27,28,16 37,38,17 43,37,14 42,38,17 11,19,5 10,18,6 11,19,5 17,26,9 30,36,9 33,36,45 26,25,28 22,21,24 20,19,24 24,23,26 22,21,24 23,22,25 36,29,32 46,34,24
22,21,24 22,21,24 20,19,22 12,12,12 20,20,20 19,18,21 23,22,25 18,19,24 35,39,54 40,47,61 42,46,61 39,46,58 43,50,64 46,51,61 41,44,51 32,31,34 18,15,19 14,11,15 20,13,13 18,16,17 23,22,27 26,23,29 25,24,27 29,27,35 33,30,36 40,35,37 44,34,35 42,32,36 42,32,36 43,29,29 41,25,21 40,28,16 33,20,17 33,20,15 40,25,14 49,28,13 18,23,19 15,23,11 14,22,10 12,19,12 11,19,9 15,23,13 15,23,9 21,28,12 17,20,12 17,20,12 20,23,15 30,26,9 41,37,18 44,37,19 43,37,14 33,25,3 46,30,0 29,20,1 42,47,25 43,46,55 35,36,41 25,24,29 22,21,24 22,21,24 22,21,24 22,21,24 27,24,28 33,27,34
22,21,24 22,21,24 22,21,24 20,20,20 19,19,19 20,19,22 22,21,24 22,22,22 29,34,42 33,35,49 40,47,61 38,45,57 43,50,64 24,23,38 19,22,29 32,32,40 21,18,22 24,21,25 14,12,13 17,15,16 27,22,24 28,23,25 26,20,25 25,24,29 30,27,31 42,32,36 38,26,28 39,29,30 38,28,29 34,22,22 44,30,16 34,21,14 30,20,10 35,19,13 62,37,18 22,17,16 22,22,17 15,23,13 15,23,9 13,21,11 16,22,13 15,22,15 17,26,9 12,20,10 12,19,12 11,19,9 12,18,9 33,32,7 46,37,18 43,35,13 50,32,11 69,42,8 82,51,14 19,20,8 46,48,64 44,52,61 39,39,47 26,25,28 20,19,22 22,21,24 20,19,22 20,19,22 22,21,24 19,18,21
22,21,24 22,21,24 22,21,24 20,19,22 14,9,11 20,19,22 20,19,22 23,22,25 14,11,15 36,38,54 43,50,64 42,44,58 32,37,47 43,47,62 37,38,57 38,36,48 23,22,25 22,21,24 24,23,26 22,21,24 19,13,18 18,13,15 20,13,16 21,14,17 24,17,17 30,20,24 30,20,19 31,21,20 30,20,21 33,20,17 35,19,13 29,16,13 34,21,14 55,35,17 26,19,17 20,19,22 20,19,22 22,21,24 22,23,15 18,22,5 14,20,7 18,19,11 6,17,4 9,15,6 12,19,14 12,19,14 12,19,17 18,19,7 34,35,14 39,32,12 38,29,12 36,22,4 33,22,3 58,34,1 46,49,58 44,47,58 39,40,45 25,24,27 22,21,24 20,19,22 22,21,24 22,21,24 22,21,24 22,21,24
20,19,22 20,19,22 19,18,21 20,19,22 19,19,19 21,18,22 20,19,22 20,19,22 13,11,12 34,35,38 43,47,62 21,21,33 33,37,50 43,45,61 40,44,59 22,22,30 32,32,40 20,21,26 22,21,24 14,12,13 16,14,15 14,8,13 21,15,20 15,10,12 29,16,13 26,15,10 27,14,11 31,18,13 35,19,15 33,24,9 37,22,13 32,19,14 29,17,19 23,18,17 22,21,24 22,22,22 20,20,20 20,19,22 20,19,22 22,21,24 20,19,22 20,19,22 20,20,20 11,16,10 12,19,14 11,18,11 15,18,8 25,27,12 20,19,22 20,19,22 21,15,6 29,19,7 28,23,11 33,32,35 45,49,62 40,44,57 36,35,38 22,21,24 20,19,22 20,19,24 22,21,24 20,19,22 22,21,24 22,21,24
22,21,24 20,19,22 20,19,22 20,19,22 20,19,22 11,11,11 20,19,22 20,20,20 19,16,20 14,9,11 24,24,32 28,33,43 32,36,49 41,43,57 46,52,69 35,37,51 40,38,46 26,29,36 22,21,24 22,21,24 16,10,15 17,10,10 32,30,31 19,12,12 25,13,13 29,16,11 29,16,11 29,18,13 35,22,17 33,20,13 23,13,12 20,17,21 22,21,24 22,21,24 22,21,24 22,21,24 20,19,22 20,19,22 20,19,22 20,19,22 20,19,22 20,19,22 26,25,28 20,19,22 20,19,22 20,19,22 20,20,20 20,19,22 20,19,22 19,18,21 26,18,7 29,21,10 25,23,19 46,53,67 45,52,66 33,38,46 27,26,29 23,22,25 23,22,25 22,21,24 20,19,22 22,21,24 22,21,24 20,19,22