30,10,1 21,8,3 23,11,13 39,18,7 38,18,9 33,17,15 29,20,16 30,21,17 30,19,14 39,28,21 49,34,14 53,32,17 48,28,8 40,21,9 41,25,10 41,25,10 15,10,9 10,10,7 12,10,8 14,9,8 12,9,15 21,11,15 45,26,10 47,27,7 58,29,9 59,30,10 68,32,12 68,34,12 77,37,14 88,41,18 70,36,14 58,33,14 81,42,14 80,45,20 63,42,17 80,50,22 95,61,27 86,51,13 104,70,29 117,81,34 114,73,26 137,89,31 159,107,36 163,108,38 73,37,8 201,138,48 178,129,64 182,110,21 69,41,12 198,143,73 204,135,50 197,128,47 180,117,41 171,108,34 180,118,42 168,116,45 79,60,37 41,27,27 36,25,18 21,12,8 38,18,11 63,37,16 83,54,23 77,49,20
29,13,9 17,7,8 22,12,11 39,17,9 38,18,9 30,14,10 28,19,15 27,21,16 28,19,15 34,23,18 44,30,14 45,29,14 51,33,14 50,30,21 38,27,8 44,30,16 42,28,14 26,15,8 34,23,18 43,26,16 29,19,20 41,28,21 45,28,4 48,28,8 59,30,10 61,32,12 61,30,9 67,31,9 78,38,15 82,35,12 72,38,16 57,32,13 83,44,16 78,43,18 65,44,19 78,48,20 93,59,25 99,64,26 107,73,32 123,82,33 127,87,35 136,89,26 165,113,42 162,108,31 140,93,41 255,178,51 255,170,43 255,162,37 215,149,65 222,145,60 209,140,55 190,121,40 188,126,45 184,121,47 155,93,21 169,112,43 117,92,62 76,61,41 18,6,8 31,22,18 40,21,9 72,47,19 84,55,24 79,51,22
16,9,9 15,8,8 24,14,15 39,19,12 33,18,9 24,14,13 29,20,16 26,20,15 27,21,16 27,20,18 26,17,11 47,29,10 47,27,9 53,30,15 43,30,9 38,21,11 47,28,14 25,11,11 42,28,12 51,31,13 49,29,11 49,29,11 47,27,9 47,25,5 56,29,11 58,32,11 63,32,13 61,30,7 56,22,0 79,35,9 74,39,14 63,37,16 83,47,18 86,49,25 67,46,23 78,45,18 89,55,21 105,72,33 109,75,32 130,88,36 138,92,35 138,87,22 158,106,35 169,113,37 235,174,90 255,214,94 255,198,48 255,195,47 255,185,83 202,136,52 191,118,34 193,124,41 184,119,41 187,125,51 171,112,37 164,113,44 107,86,45 48,37,18 67,46,23 72,51,28 85,56,25 91,59,27 87,58,27 76,48,21
16,9,12 19,12,15 30,18,18 34,17,7 34,17,7 22,12,13 24,17,15 26,20,15 27,21,16 26,20,15 26,20,15 34,23,6 35,18,10 52,32,12 48,27,14 35,17,16 46,19,3 63,28,15 47,28,12 49,29,9 49,29,11 48,28,10 51,30,7 54,33,10 54,33,8 77,46,23 44,30,5 59,38,0 67,41,2 48,24,0 33,22,5 72,37,12 95,54,25 81,44,18 75,47,20 80,53,19 90,55,17 110,73,33 103,64,23 127,83,32 143,93,31 162,113,46 167,107,37 165,106,31 255,191,51 255,201,60 255,212,59 255,214,57 255,221,133 199,139,48 198,132,50 195,129,47 180,113,34 179,117,45 161,105,31 157,106,37 140,93,32 138,92,35 130,89,44 104,70,29 99,64,28 95,62,25 86,54,24 81,51,23
16,9,9 17,10,10 29,16,13 33,17,13 25,12,7 23,11,11 24,14,13 27,21,14 26,20,15 24,18,13 20,13,13 56,30,7 126,72,22 119,60,14 183,88,25 29,17,5 27,14,7 29,11,8 43,27,12 51,29,11 48,28,10 47,27,9 47,27,9 57,36,11 90,50,14 83,48,12 79,45,13 71,43,3 49,26,0 52,29,0 50,29,2 51,34,8 91,50,21 78,45,18 84,52,20 90,54,21 102,64,27 109,67,27 120,78,26 134,86,30 145,93,31 158,106,35 169,114,42 176,114,42 255,210,71 255,191,52 255,200,49 255,180,42 255,195,69 186,121,32 202,133,52 193,127,45 187,124,48 177,115,41 153,99,24 146,97,32 144,98,32 126,80,21 121,78,31 105,68,28 99,64,28 93,59,25 84,55,24 81,53,24
25,13,15 16,9,9 28,10,9 27,11,7 25,12,9 26,14,16 23,13,14 27,21,16 26,20,15 45,30,19 66,35,12 70,36,14 60,28,12 60,29,6 59,26,1 24,14,13 20,8,8 33,21,11 30,13,3 49,26,11 48,28,10 46,26,8 48,28,8 97,58,19 95,53,13 95,55,19 84,50,20 58,41,17 65,33,1 80,46,12 62,33,9 87,48,20 88,49,21 87,51,22 86,52,18 89,56,19 108,66,28 114,70,30 124,75,26 149,92,34 148,90,26 151,100,35 157,99,33 174,115,42 250,164,64 205,164,78 187,96,0 255,176,39 106,50,26 186,126,56 189,124,46 172,107,29 175,112,38 172,116,42 159,107,34 148,102,36 147,100,39 136,90,31 116,74,32 116,77,36 97,62,26 95,61,27 82,53,22 75,47,18
31,15,9 18,8,9 31,13,10 38,24,10 28,15,12 24,14,13 24,18,13 26,20,15 26,20,15 47,27,20 59,34,17 64,33,10 72,37,12 68,34,14 50,28,8 38,28,18 41,30,15 27,15,5 43,28,19 47,29,10 47,27,9 47,27,9 110,67,22 105,60,14 105,66,25 106,69,29 103,72,33 57,31,8 64,33,10 73,38,13 67,36,15 81,42,14 79,43,14 88,52,23 85,51,17 101,63,28 107,68,29 116,73,28 131,80,25 140,87,23 159,98,33 154,96,32 165,105,37 158,105,37 246,172,95 150,85,5 58,34,26 230,161,76 199,137,79 185,115,39 176,115,36 177,114,42 170,113,42 162,106,32 151,100,31 146,99,38 135,89,30 128,82,27 102,60,18 109,70,31 94,59,23 92,58,24 78,49,18 80,52,25
31,18,15 26,13,10 31,16,5 44,25,9 40,25,14 27,13,15 29,18,15 23,19,13 28,22,17 22,15,13 16,11,13 15,7,13 82,50,20 59,32,14 14,8,13 22,10,10 62,48,23 66,51,29 58,43,23 50,28,8 51,29,9 52,27,8 114,66,12 110,66,15 121,85,36 115,82,30 62,32,4 59,33,10 62,33,11 64,33,12 64,33,12 78,45,20 80,46,14 86,52,22 82,48,16 100,65,29 107,68,27 111,68,23 124,80,27 137,85,25 160,104,41 132,79,15 154,98,31 156,101,31 166,110,36 170,107,38 53,32,19 175,120,39 185,120,42 170,108,32 166,103,31 172,112,44 155,103,32 154,101,33 144,98,32 139,91,37 131,88,32 131,88,39 107,65,25 107,68,29 93,58,22 88,54,20 78,45,18 74,43,20
27,14,11 29,16,11 30,15,4 48,26,8 38,21,13 31,18,15 31,18,13 28,22,17 26,20,15 28,19,15 33,17,11 48,28,10 12,10,11 11,11,8 14,9,6 10,10,10 11,9,7 11,11,11 55,41,27 55,34,11 53,29,7 78,48,20 117,67,7 123,79,28 127,90,37 145,112,46 64,30,10 61,30,9 63,35,6 61,33,4 70,37,10 71,37,15 73,41,11 89,58,21 96,64,30 95,62,23 104,67,25 115,71,29 123,79,28 141,89,29 149,92,34 155,99,34 161,103,39 154,101,33 154,99,29 157,101,34 55,24,12 142,86,12 170,111,38 161,102,29 173,113,43 158,102,35 154,103,34 141,92,27 142,95,34 136,92,39 127,83,32 124,81,34 110,71,30 98,60,23 93,57,24 79,47,17 77,47,21 71,45,22
27,12,3 30,15,6 31,16,5 46,25,12 36,19,9 29,18,13 31,20,15 30,24,17 28,22,17 17,10,10 37,20,10 26,17,11 22,12,11 14,9,11 19,9,13 42,26,9 51,30,5 38,19,7 58,29,7 57,31,10 62,31,10 77,42,17 119,74,12 135,94,35 143,104,45 139,98,41 47,29,8 62,35,0 63,40,9 71,37,5 148,101,8 111,78,0 77,47,19 87,53,21 89,55,23 90,55,19 103,69,28 110,71,30 112,71,24 116,72,21 137,85,25 145,91,30 144,93,28 144,95,28 153,100,34 158,100,36 56,26,9 156,101,31 146,95,26 161,106,34 162,105,36 160,104,37 136,85,20 146,93,40 133,87,32 132,88,37 121,78,31 120,77,32 103,63,27 99,61,26 88,52,19 82,50,20 78,44,22 74,45,23
38,21,11 35,18,8 41,18,3 55,30,11 39,22,12 24,15,11 31,20,13 29,23,16 31,22,16 36,24,14 43,27,14 38,23,12 30,19,14 16,11,13 38,22,16 39,23,10 39,23,10 52,31,16 58,32,9 60,31,9 62,31,10 61,31,5 107,63,12 140,99,40 160,114,48 186,139,60 58,33,14 89,57,2 78,52,0 101,72,11 168,124,0 160,113,9 82,41,12 145,108,39 89,56,17 92,59,22 93,58,20 105,68,26 113,72,27 117,70,20 129,81,25 132,78,17 137,85,23 142,92,32 144,93,28 151,95,28 85,43,5 156,103,35 155,104,37 153,102,35 154,96,34 161,105,42 125,80,34 31,14,15 126,92,47 121,80,33 119,78,33 111,67,25 106,63,28 98,57,26 89,53,22 80,45,18 73,39,19 62,41,18
39,20,8 39,20,8 50,25,6 62,33,13 44,23,10 27,16,13 36,25,20 29,20,14 29,23,18 37,27,15 33,19,5 38,24,10 18,8,7 18,7,14 39,23,10 46,27,11 50,28,10 54,33,10 61,32,10 64,33,12 61,32,10 63,29,9 101,56,12 105,63,21 169,120,43 198,147,53 60,41,18 97,59,0 97,56,0 126,88,1 207,153,5 235,178,0 255,204,0 85,50,14 92,59,22 95,60,24 98,60,23 99,65,24 110,71,28 118,73,25 114,67,17 129,78,23 132,84,26 129,83,24 131,85,26 150,101,36 144,90,31 75,35,0 140,89,24 144,93,28 148,94,35 144,95,28 160,111,60 38,19,5 105,85,67 116,77,36 107,75,33 103,66,26 96,58,23 85,44,15 86,52,22 77,44,19 70,41,19 60,39,16
49,23,11 47,28,14 59,30,8 40,20,2 52,27,10 29,18,15 33,22,19 30,21,15 29,23,16 38,26,14 29,17,7 35,23,13 33,20,13 37,20,10 40,26,10 52,32,12 55,31,9 60,31,9 62,33,9 68,34,12 64,30,8 66,36,10 93,51,13 84,45,13 147,103,36 180,138,59 28,15,10 102,60,0 106,62,0 142,97,6 211,155,8 255,203,14 255,192,0 77,44,19 86,52,18 93,57,24 99,64,26 96,61,23 105,66,27 116,75,30 110,65,19 108,56,6 135,87,29 128,82,27 130,82,24 137,85,23 145,95,33 50,27,12 130,84,16 135,85,25 125,84,23 98,59,27 96,55,24 38,19,7 54,44,34 81,53,24 63,37,16 94,60,28 92,57,21 87,51,22 78,43,18 73,39,17 72,43,21 56,34,14
53,26,10 54,27,11 78,38,15 75,33,11 48,22,8 28,15,10 33,24,18 33,24,18 29,23,18 36,21,10 30,19,16 29,20,14 28,15,12 34,21,16 38,23,14 52,33,10 55,31,7 60,34,9 62,33,11 64,33,10 68,35,10 68,34,12 89,50,18 70,40,12 103,69,24 103,66,24 54,36,17 31,14,6 58,31,0 55,37,7 136,104,22 206,153,0 160,119,49 79,45,13 88,54,20 85,51,17 88,55,18 93,58,22 97,57,21 112,70,28 121,73,28 129,77,27 127,79,25 124,79,31 125,77,30 127,78,27 127,80,28 59,27,13 131,87,34 92,48,10 127,79,32 73,44,22 78,44,14 51,28,15 26,14,14 45,31,17 49,32,22 60,38,18 82,49,22 85,50,23 73,40,15 71,40,21 62,41,16 55,36,13
53,28,11 56,27,5 67,27,2 77,32,9 56,24,8 30,14,10 33,24,16 35,26,20 30,24,17 35,26,20 24,14,13 21,14,14 21,15,10 25,15,16 32,19,16 46,27,0 53,32,7 65,36,12 64,33,12 66,35,12 67,37,11 64,30,8 80,46,12 53,32,7 77,42,17 91,52,13 79,45,23 58,40,19 102,56,0 93,60,8 108,80,12 201,149,0 82,47,20 75,40,13 82,48,16 84,50,18 88,54,20 92,56,23 90,52,17 103,64,23 117,69,22 119,69,23 126,79,27 117,74,25 120,72,25 124,76,29 123,78,32 52,32,14 125,72,19 209,111,0 226,155,66 88,53,26 56,35,12 42,23,0 24,12,12 38,26,16 38,23,14 41,21,12 55,33,15 61,35,10 75,41,19 65,39,18 55,34,11 53,35,16
48,26,6 59,30,8 72,27,4 88,38,5 57,26,7 29,16,13 33,22,17 34,23,18 29,23,18 19,14,16 24,17,20 21,14,14 21,14,17 23,13,12 25,16,12 39,24,4 51,29,9 56,35,12 57,33,9 57,31,10 55,26,2 59,30,8 91,51,17 70,40,14 81,42,12 45,19,0 68,38,12 56,30,5 134,95,13 165,118,0 189,134,0 218,162,0 78,43,16 78,43,16 80,46,14 80,46,16 86,50,19 88,52,19 92,56,23 102,60,22 108,63,17 112,64,17 116,68,21 108,63,19 119,71,24 124,76,29 121,78,29 45,27,6 201,110,0 150,85,5 112,73,30 87,50,24 27,13,0 65,41,19 20,15,17 30,19,14 31,18,13 35,20,9 39,20,8 49,28,13 58,34,12 55,35,15 52,34,15 45,29,12
46,20,10 64,33,14 79,33,7 85,40,7 76,36,13 32,19,16 34,23,18 33,24,16 27,23,17 14,12,10 24,17,15 19,14,13 22,16,11 25,16,12 24,14,13 41,22,8 52,37,17 51,31,13 58,31,13 65,37,8 72,52,22 70,46,22 87,44,9 60,34,13 44,23,10 41,22,8 58,37,14 60,38,18 76,40,9 201,149,30 217,159,0 223,172,0 89,50,11 79,43,14 78,44,14 81,47,17 86,52,22 85,51,21 87,51,18 99,56,23 110,67,22 113,65,22 116,68,21 117,69,26 117,67,23 121,74,24 111,70,25 62,18,0 135,72,0 175,116,41 100,65,29 85,47,26 31,15,9 66,42,18 19,13,20 28,22,15 28,19,15 31,19,9 37,17,8 34,18,5 38,20,15 45,25,16 45,30,10 41,25,8
55,23,7 70,28,6 84,37,3 83,37,7 67,29,8 23,12,9 40,25,14 36,27,19 28,21,21 16,14,15 26,16,17 20,13,13 26,17,13 24,15,11 27,15,15 39,23,8 103,65,19 66,42,16 58,38,20 96,50,24 90,50,16 52,27,10 53,26,8 52,25,7 42,21,6 48,25,10 58,37,12 66,40,19 66,40,19 79,45,23 176,106,28 247,183,43 219,165,106 114,73,24 77,42,15 78,43,16 80,44,15 82,46,17 86,50,17 92,53,21 103,58,25 107,62,18 109,64,20 107,61,20 111,66,22 113,64,24 105,62,29 74,24,0 227,156,69 96,65,26 83,54,30 53,32,7 26,16,17 63,44,21 93,72,57 61,42,26 53,32,19 53,32,19 50,31,17 47,28,14 46,29,19 31,19,9 37,22,11 41,27,13
60,24,4 83,32,6 64,20,0 86,36,3 76,35,8 24,12,12 39,27,17 33,27,20 27,22,19 16,11,10 26,19,19 20,13,13 26,17,13 28,19,15 28,19,13 37,21,8 55,34,19 58,43,21 63,35,8 83,47,18 89,52,12 82,48,16 101,56,10 117,64,7 128,70,8 125,70,16 103,64,23 59,33,12 100,73,39 165,112,48 58,29,5 101,65,36 92,59,20 128,85,36 75,38,14 75,38,12 79,43,14 79,45,15 82,46,17 92,53,21 95,50,17 103,58,23 104,58,19 107,60,26 102,59,24 101,56,21 70,39,2 98,45,2 94,62,28 82,53,20 59,33,10 88,55,16 46,28,7 73,38,13 45,21,0 46,18,0 49,23,0 43,17,0 42,18,0 39,19,0 39,17,0 43,17,0 45,20,1 44,22,2
60,30,13 68,26,4 62,26,0 87,35,3 78,37,10 22,13,7 41,26,15 33,24,18 26,21,18 19,14,13 22,15,15 20,13,13 29,20,16 29,20,16 33,20,17 37,20,10 64,39,11 19,12,12 26,20,15 32,20,10 52,37,17 109,64,18 117,69,15 134,78,13 131,75,10 135,81,22 158,106,33 150,104,36 190,143,62 238,167,56 255,193,92 106,65,36 91,52,24 91,50,21 95,47,2 75,38,12 78,42,13 77,43,13 86,50,21 85,46,14 95,50,17 101,56,21 72,37,1 61,30,9 73,44,22 101,72,48 64,30,12 80,54,29 112,73,41 122,88,56 129,98,59 138,101,61 85,60,32 117,78,35 97,62,24 77,45,15 47,21,0 52,33,19 45,30,10 56,31,12 53,34,11 47,29,10 37,21,8 38,21,11
63,28,3 80,39,19 70,34,14 89,40,4 69,30,2 23,14,10 39,27,15 40,27,20 23,21,19 18,13,15 22,15,15 22,15,15 28,19,15 28,19,15 31,18,15 37,23,9 36,22,6 48,33,13 59,40,13 89,53,24 85,53,23 110,61,12 124,71,16 138,80,16 129,77,15 137,85,25 186,127,50 196,136,48 211,148,47 243,172,61 241,168,56 92,48,6 111,65,35 91,59,17 232,163,62 75,38,12 78,39,11 77,43,13 77,43,13 87,48,16 82,42,8 100,55,22 63,32,13 65,35,18 64,37,19 66,40,17 74,38,20 55,30,11 84,57,25 80,53,21 60,32,5 57,36,13 69,41,12 66,40,17 46,26,8 46,26,6 57,33,11 55,30,13 60,34,13 58,32,11 55,34,11 48,27,14 39,20,6 37,20,10
72,36,5 96,50,11 97,41,3 87,36,0 67,29,8 22,12,13 41,26,17 38,25,20 25,20,19 18,13,15 21,14,14 20,13,13 28,19,15 28,19,15 26,17,13 35,20,11 39,28,13 42,21,6 37,17,8 58,28,13 89,54,18 112,62,16 124,72,12 138,77,12 131,74,14 133,77,14 177,116,37 211,146,55 227,158,52 255,186,63 255,204,65 255,226,75 233,168,59 202,156,88 255,185,73 76,39,13 76,40,11 74,40,10 76,39,13 84,42,18 90,46,16 92,47,14 95,48,16 64,29,14 61,34,16 26,19,19 73,37,19 28,21,19 17,10,10 21,14,17 26,14,14 32,20,20 25,13,15 31,19,19 32,19,14 29,13,7 19,9,8 21,11,10 17,10,10 19,7,9 23,13,14 29,15,17 28,11,12 34,15,17
86,42,12 91,41,8 72,19,0 105,45,2 63,28,3 20,13,13 41,26,15 38,27,22 25,20,19 16,14,15 24,17,17 23,16,16 28,19,15 28,19,15 30,21,17 35,20,11 45,28,18 44,28,11 51,29,9 53,28,0 66,34,2 101,58,13 116,62,3 137,76,11 142,81,16 132,76,13 148,90,24 187,125,44 215,148,53 252,180,63 255,206,64 255,211,56 255,233,76 204,151,56 255,192,84 76,37,7 73,36,10 73,37,8 75,38,12 78,39,11 81,40,13 81,42,12 90,46,16 67,31,11 73,37,19 35,18,19 68,34,16 31,21,20 19,9,10 22,12,13 22,12,13 19,12,10 20,13,11 19,12,10 22,12,13 36,19,11 35,21,7 15,10,12 16,9,12 16,11,13 19,9,13 27,10,13 31,18,13 28,12,10
75,37,16 88,38,5 99,44,15 123,57,5 90,42,13 22,11,8 45,30,19 38,27,20 23,21,19 17,15,16 26,19,19 23,16,16 29,20,16 28,19,15 29,18,15 33,20,13 58,37,14 39,22,14 64,28,6 50,26,4 72,43,21 105,56,16 123,69,10 137,79,13 141,77,13 140,79,16 134,81,17 150,92,26 176,115,36 204,140,42 246,168,51 255,187,49 255,205,66 162,117,42 255,224,87 255,210,129 188,146,94 86,48,27 75,38,12 75,38,12 74,37,11 75,36,8 78,37,10 72,35,11 74,38,16 30,18,18 65,37,24 43,21,1 51,21,4 52,22,5 46,21,2 46,20,6 46,23,8 44,21,8 31,12,0 26,13,8 38,17,6 36,19,11 12,10,11 15,8,11 17,7,11 22,10,10 28,12,6 31,15,11
55,24,3 79,36,3 83,37,7 113,53,3 76,36,11 21,11,15 45,33,23 38,25,18 23,21,22 21,19,17 26,19,19 23,16,16 28,19,15 28,19,15 30,21,15 32,19,12 41,27,11 32,15,5 33,22,15 60,36,10 77,44,19 50,28,8 55,24,3 99,51,0 139,78,13 137,76,13 131,75,10 126,73,9 151,95,30 182,121,40 214,151,57 224,158,54 201,140,38 146,110,59 147,101,42 186,152,9 178,119,0 181,125,0 245,188,14 78,37,17 72,37,10 68,31,5 72,35,9 69,39,13 71,38,13 27,21,16 51,23,10 44,25,11 34,17,7 36,19,9 35,18,10 35,19,13 39,21,18 34,17,18 28,14,16 26,14,19 26,10,6 39,17,11 39,22,12 11,9,10 14,9,11 18,8,12 28,9,13 25,12,9
47,13,0 85,35,4 97,39,2 105,48,4 66,28,9 19,9,10 43,30,23 39,28,21 23,21,22 18,15,19 22,15,15 22,15,13 24,18,13 29,19,18 27,21,16 29,20,12 51,37,19 17,10,13 22,13,7 37,18,2 80,46,14 80,50,22 109,61,14 75,35,1 46,21,2 75,44,21 120,71,20 122,69,12 114,71,22 126,85,36 140,99,40 153,111,48 193,137,43 65,37,10 73,40,15 218,147,0 59,37,1 220,156,16 178,116,0 126,84,32 72,37,10 74,37,11 75,39,10 80,36,10 66,39,21 28,23,22 65,28,13 45,25,18 31,14,6 35,18,10 32,12,5 33,13,6 37,15,9 39,19,10 39,15,9 50,27,14 40,33,33 22,9,6 31,16,7 29,23,18 11,9,10 14,9,11 20,8,13 19,9,13
57,17,0 112,50,10 108,43,4 96,38,1 84,45,17 20,8,10 41,26,17 40,27,20 24,22,20 17,15,16 22,15,15 23,16,16 22,16,11 24,18,13 91,48,15 80,45,9 69,45,19 67,43,17 56,36,16 38,22,7 43,28,17 38,27,12 105,63,21 119,68,11 130,82,24 170,119,43 203,144,53 53,27,0 38,23,12 47,33,19 38,22,7 214,148,46 255,183,56 255,215,82 37,15,7 88,52,21 148,77,8 100,62,14 107,78,25 114,86,46 68,33,8 111,78,53 103,67,38 104,64,30 45,25,5 54,33,6 56,25,6 53,34,18 117,68,17 114,71,26 96,60,13 99,65,22 102,62,28 102,62,26 101,68,29 102,66,33 123,77,38 119,78,33 108,73,35 101,65,32 92,59,32 81,53,26 78,53,23 74,44,18
78,26,0 120,60,10 105,43,3 99,38,4 75,38,14 19,7,7 36,24,14 36,23,16 29,22,22 14,12,13 26,19,19 24,17,15 24,17,15 26,20,13 40,28,16 44,19,0 94,56,19 138,86,26 136,75,12 179,111,21 121,77,35 85,48,6 63,37,14 67,38,18 64,24,1 73,33,10 160,109,56 181,123,41 194,133,45 223,155,63 231,168,67 228,166,67 186,136,64 99,51,8 72,40,6 72,37,12 66,27,15 60,31,11 39,19,1 56,31,12 70,35,8 72,37,12 59,28,5 61,34,16 54,35,21 44,25,9 44,24,6 48,29,13 83,41,19 88,46,22 84,43,16 81,45,14 73,43,17 74,44,18 75,41,23 68,37,14 69,40,16 70,41,19 82,51,28 74,50,26 65,38,20 60,39,16 62,41,18 39,20,8
83,34,0 106,49,7 111,54,10 96,44,0 73,38,13 15,8,11 40,27,20 39,29,19 27,20,18 12,12,12 29,22,22 23,16,16 26,20,15 26,17,13 29,18,15 42,26,11 31,21,9 47,25,7 85,49,18 158,94,34 79,45,15 94,52,0 48,26,8 47,19,8 60,22,1 69,29,4 109,64,16 43,18,0 133,91,26 149,105,38 150,110,46 132,94,44 70,26,0 108,52,3 160,90,14 71,39,9 74,38,16 43,20,7 94,57,42 42,25,17 26,10,8 36,19,11 38,19,5 54,32,12 38,22,18 28,15,10 40,20,13 49,26,13 30,12,9 34,14,5 30,13,3 43,20,5 44,20,12 38,16,8 31,11,4 26,13,8 29,13,9 32,14,9 23,11,13 26,13,10 31,14,15 28,12,8 27,11,7 22,10,10
107,51,17 75,29,0 143,73,22 105,48,4 63,32,9 17,10,13 40,27,20 41,29,19 29,19,23 18,13,15 24,17,17 22,15,15 26,19,17 26,17,13 25,20,17 56,32,8 35,22,17 41,21,3 49,34,12 105,60,12 53,33,24 52,38,24 52,39,16 30,18,18 60,24,4 49,25,3 88,43,8 124,76,31 31,20,17 31,20,13 37,22,11 34,22,12 46,16,0 93,43,1 146,65,0 37,26,19 59,33,10 47,26,13 15,8,6 14,7,7 36,21,10 36,23,16 27,13,13 59,30,10 49,28,13 20,18,14 38,21,11 54,26,15 29,16,13 32,15,5 27,10,11 31,15,9 14,9,11 12,10,11 19,9,10 26,12,14 28,15,8 32,15,7 29,13,7 34,16,11 37,16,12 34,17,9 28,10,7 26,10,6
95,45,14 96,45,8 114,50,6 100,45,4 56,30,7 17,10,13 41,26,17 38,26,16 26,21,18 25,20,19 21,16,18 20,13,13 22,15,15 24,17,20 30,19,16 58,32,11 33,17,13 27,11,9 66,36,10 96,46,4 95,54,9 53,33,15 112,73,34 104,72,42 61,28,1 70,25,4 65,30,15 113,57,8 149,110,53 172,123,44 216,154,82 186,134,47 56,22,0 53,23,6 44,20,14 25,13,13 41,23,20 15,8,11 10,10,10 11,9,7 34,19,8 41,26,15 26,13,10 62,28,8 53,27,13 20,15,14 40,19,4 55,24,12 36,18,13 44,21,6 28,12,8 45,19,9 10,10,10 10,9,12 17,9,15 23,11,16 29,13,9 32,14,9 30,14,8 34,17,9 34,17,7 35,18,8 29,12,4 28,12,8
94,36,1 99,50,14 112,50,8 92,37,6 51,26,9 15,8,8 40,28,18 33,24,16 27,20,18 25,20,19 13,11,12 22,15,15 24,17,17 26,19,17 26,19,19 71,47,21 39,23,10 35,18,10 85,51,21 112,64,21 51,29,9 63,42,19 49,27,9 76,37,7 99,56,21 34,16,11 11,9,7 12,10,11 48,29,17 82,50,4 41,23,22 161,115,49 109,67,27 43,23,16 13,11,12 48,31,23 29,16,11 10,9,12 12,10,11 29,18,13 39,23,10 39,23,10 30,15,6 67,36,15 59,33,19 23,13,17 44,21,8 59,29,12 37,17,10 43,20,7 28,10,7 41,18,5 10,10,10 11,9,10 11,11,11 19,12,15 26,12,12 30,13,14 24,10,12 23,12,9 28,15,12 28,12,8 26,12,12 22,8,8
90,34,0 67,26,0 114,54,11 96,42,4 44,18,4 18,8,9 36,26,16 33,24,16 29,22,20 29,18,15 48,27,16 46,26,17 20,13,13 24,17,17 22,17,16 55,34,7 39,18,16 43,30,23 98,55,20 105,55,11 58,33,16 53,32,5 46,25,2 44,23,8 41,22,8 15,8,6 10,10,10 10,10,10 41,25,19 42,28,12 48,33,24 91,53,16 48,24,16 44,21,18 19,9,13 40,24,18 16,10,15 12,10,11 29,18,15 35,20,9 40,25,14 39,22,12 35,18,8 66,30,8 58,31,13 16,14,15 39,19,10 56,26,11 35,20,11 39,20,8 27,14,7 38,18,9 15,8,6 38,23,14 40,25,14 34,23,16 31,22,16 30,21,17 23,16,14 24,14,15 22,15,13 24,10,15 20,8,13 18,8,12
93,44,8 81,36,1 105,45,4 89,38,10 44,22,2 18,8,9 32,23,15 44,29,20 39,20,8 116,42,4 76,29,6 50,27,12 21,14,12 26,15,10 26,16,17 45,26,10 20,13,13 48,27,16 58,31,15 79,38,11 20,13,16 34,21,14 41,23,18 48,29,17 36,23,16 13,10,14 10,10,7 11,9,10 48,22,10 193,137,63 197,128,45 209,143,57 167,115,55 121,77,24 99,63,34 26,17,13 13,10,14 43,31,19 30,15,6 30,15,6 30,15,4 38,21,11 35,18,8 68,32,12 73,35,14 15,10,7 34,18,3 56,26,11 29,18,15 29,16,9 27,10,11 34,14,5 18,8,9 31,16,5 35,18,8 38,19,7 37,18,6 37,16,5 34,18,5 30,16,0 36,18,13 11,8,12 12,9,13 12,10,11
111,54,12 87,40,8 111,49,9 74,33,6 54,32,14 15,10,12 33,24,18 44,23,8 74,29,8 109,43,11 86,40,12 50,24,14 25,12,7 33,19,21 22,15,15 30,19,14 19,14,16 43,30,25 54,24,9 68,35,10 18,8,9 42,29,22 109,64,16 111,66,33 92,49,16 83,44,16 19,8,5 13,10,14 31,17,1 169,114,31 181,122,45 175,125,53 157,110,58 119,73,32 109,67,25 73,49,23 24,13,6 51,34,24 77,54,25 28,12,10 34,22,12 32,20,10 21,10,17 64,33,12 64,33,14 50,27,12 60,29,10 60,29,17 44,16,3 62,30,14 56,26,11 56,29,13 55,30,13 39,20,6 44,23,12 40,21,9 46,26,19 41,26,15 50,30,23 48,28,21 39,17,11 52,36,19 31,13,8 16,10,1
89,38,3 71,34,10 104,44,5 71,29,5 49,27,7 15,10,7 31,20,17 42,17,0 141,54,9 134,50,8 95,37,13 65,28,13 39,18,7 27,13,13 14,9,11 22,12,16 17,15,16 11,9,10 57,31,10 67,32,7 12,10,11 42,27,16 116,62,12 106,63,30 104,57,23 114,72,34 127,82,34 130,88,36 128,80,22 135,91,22 131,79,31 152,101,46 123,81,39 95,56,26 111,66,31 72,46,25 33,18,7 40,24,18 176,127,62 189,134,51 136,95,27 65,39,0 29,16,9 58,32,20 57,32,15 48,27,16 53,26,10 62,41,16 50,24,10 58,32,11 55,29,15 55,29,17 49,26,11 51,25,13 47,24,11 44,23,12 38,22,9 46,23,12 41,19,13 38,16,8 49,26,13 44,21,8 45,24,9 45,24,9