99,64,51 24,17,17 26,16,15 46,35,20 27,16,13 29,23,16 30,19,14 25,16,12 23,14,10 114,63,53 19,12,12 26,16,15 48,25,22 33,18,9 25,16,12 24,15,11 22,13,9 33,24,20 53,29,21 18,8,9 33,20,17 34,21,18 35,22,19 36,23,20 35,22,19 35,22,17 40,20,13 34,21,16 35,22,17 34,21,18 36,23,20 36,23,20 34,21,18 26,17,13 28,19,15 24,15,11 23,14,10 23,14,10 22,13,9 21,12,8 16,11,10 23,17,10 41,26,15 31,22,16 49,33,16 53,37,22 38,26,14 49,38,23 53,32,9 30,16,2 55,39,22 35,22,15 52,33,21 50,36,20 29,18,11 52,33,19 33,20,13 56,35,22 38,27,22 49,28,13 52,38,24 37,20,10 41,26,15 18,9,5
99,64,51 26,19,19 26,16,15 66,40,30 30,19,16 30,21,15 34,21,16 26,17,13 24,15,11 112,65,54 19,12,12 23,13,12 31,18,13 54,25,21 25,16,12 26,17,13 25,16,12 40,31,27 51,27,19 17,7,8 34,21,18 35,22,19 36,23,20 36,23,20 36,23,20 36,23,18 38,18,11 35,22,19 38,25,22 34,21,16 33,20,17 35,22,19 34,21,18 29,18,15 26,17,13 23,14,10 22,12,11 22,12,11 23,14,10 21,12,8 16,11,8 23,14,8 35,20,9 28,19,13 44,28,15 44,27,17 35,23,11 50,39,24 57,35,17 31,16,7 51,35,18 33,21,11 43,29,15 42,25,15 26,15,12 53,34,20 28,15,8 48,32,17 38,27,22 52,32,14 56,42,24 32,19,16 42,27,16 22,13,9
113,67,53 32,21,18 28,19,15 95,56,42 27,16,13 28,19,13 55,32,21 29,20,16 33,20,17 80,47,36 19,12,10 22,13,9 24,14,13 75,37,20 25,15,14 28,19,15 22,13,9 42,33,29 40,20,11 17,10,8 31,20,17 35,22,19 36,23,20 35,22,19 34,21,18 36,20,16 35,20,9 35,22,19 36,23,20 35,22,17 35,22,19 35,22,19 31,20,17 28,19,15 25,16,12 23,14,10 29,20,16 23,14,10 22,12,11 19,10,6 13,11,9 22,13,7 41,25,10 28,19,15 57,38,22 38,28,16 47,28,14 49,34,23 58,31,15 36,20,14 54,34,14 33,22,17 46,30,15 42,28,14 33,22,17 63,42,29 29,18,15 48,34,16 29,18,11 48,32,19 50,39,24 33,20,15 33,23,13 38,26,16
131,79,60 30,21,17 30,21,17 114,66,50 34,18,16 25,16,12 98,48,35 33,20,17 31,18,15 42,26,20 22,13,9 19,13,8 23,14,8 91,48,33 26,16,15 28,18,17 24,15,11 42,33,29 39,18,14 18,8,9 35,21,21 35,22,19 35,22,19 36,23,20 36,23,20 36,23,20 35,20,9 29,18,15 34,21,14 34,21,14 45,26,14 71,38,11 31,20,17 27,16,13 52,24,0 130,70,0 95,54,5 52,35,9 50,39,6 35,27,14 16,11,10 23,14,8 42,26,13 33,20,15 49,33,20 38,26,16 41,26,15 41,29,17 64,37,19 38,23,14 65,41,19 36,23,16 54,36,17 45,30,19 30,19,14 44,28,11 31,20,15 58,40,21 31,20,13 51,33,14 52,38,24 44,29,20 34,21,18 55,35,15
132,77,62 15,8,8 29,20,16 114,66,48 28,19,13 30,19,16 123,71,66 30,21,17 28,19,15 35,22,19 23,13,12 19,10,6 24,13,10 87,48,34 26,17,13 24,14,15 24,15,11 39,30,26 48,27,16 18,6,11 35,22,19 35,22,19 35,22,19 34,21,16 38,25,22 34,21,18 35,20,9 25,16,12 32,23,19 32,23,19 112,55,13 94,51,16 34,21,18 46,26,17 165,89,8 140,74,3 104,56,0 62,39,10 59,44,6 66,52,25 18,14,4 21,12,8 41,25,12 28,19,13 53,34,20 24,13,8 38,26,14 40,27,22 68,41,25 31,22,14 58,36,16 42,30,20 50,35,13 50,35,24 33,22,17 49,35,21 34,19,10 43,23,14 32,19,12 46,30,15 51,37,23 53,34,20 25,16,8 54,36,17
137,72,60 32,21,18 30,19,16 95,49,31 26,17,11 26,17,13 80,49,39 32,21,18 32,23,19 32,21,18 41,19,13 17,10,8 25,16,12 48,31,23 29,19,18 28,19,15 25,15,14 39,30,26 46,29,19 17,7,8 23,11,11 35,22,19 34,21,18 34,21,16 34,21,16 38,22,18 33,18,9 32,19,16 23,14,10 27,16,13 33,20,15 41,20,5 42,27,7 125,70,0 91,48,0 90,46,0 101,57,4 60,37,8 62,45,10 68,53,17 60,53,24 20,14,7 63,44,19 49,29,9 60,41,25 31,18,11 47,32,21 35,22,19 60,33,17 33,24,16 58,34,12 40,28,18 52,33,17 50,36,22 41,28,21 50,34,17 33,18,9 46,30,17 24,13,8 50,27,14 40,27,20 51,32,18 26,17,11 54,36,15
132,70,59 38,24,24 38,25,22 75,39,21 30,19,16 26,17,13 37,22,13 36,23,20 34,23,20 37,21,19 85,46,34 16,9,9 25,16,12 32,19,16 38,25,22 36,23,20 29,20,16 35,26,22 42,27,16 15,8,11 18,8,9 36,23,20 38,25,22 39,26,23 39,26,23 38,25,22 33,20,13 36,23,18 35,22,17 34,23,16 36,22,22 34,21,18 177,105,18 162,95,18 99,51,8 106,55,0 116,63,0 98,53,5 59,41,9 68,53,15 53,41,0 21,15,8 45,25,7 46,26,6 51,35,22 24,15,11 39,21,16 40,27,20 66,40,19 33,25,12 69,40,18 37,29,18 61,39,19 38,28,18 36,23,16 42,25,17 37,22,11 48,31,21 26,17,11 54,35,19 27,15,15 60,42,21 28,19,13 63,43,23
114,62,43 51,34,24 51,30,26 72,33,21 48,28,21 45,25,18 44,24,17 49,34,25 41,26,17 40,25,16 127,73,55 22,13,7 32,14,13 33,20,17 39,21,20 36,23,18 34,19,10 47,32,23 45,29,14 28,15,8 29,18,13 45,30,21 57,38,26 59,40,24 55,39,24 47,32,21 33,20,15 40,27,22 49,34,25 57,41,37 66,55,40 63,52,37 182,90,6 134,69,9 109,68,19 161,87,17 78,44,10 87,50,8 69,40,5 66,45,2 59,43,10 44,32,4 41,26,15 31,20,15 53,34,22 27,15,15 39,22,12 34,21,14 66,41,24 33,22,15 58,33,14 38,27,20 59,38,23 36,21,10 38,27,20 39,26,19 36,21,10 40,28,16 27,16,11 44,25,11 23,12,9 56,36,18 20,8,8 60,39,24
88,41,30 57,30,25 49,31,26 58,30,21 110,70,61 88,54,50 70,38,35 96,58,48 54,34,25 54,32,24 134,81,65 48,28,19 148,74,40 149,75,41 139,70,39 133,71,42 110,57,32 92,51,33 61,41,23 61,42,28 60,44,31 56,42,28 63,43,23 67,42,25 58,42,25 50,34,21 50,35,24 58,41,31 49,34,23 41,29,19 43,30,23 85,34,0 137,63,0 109,52,8 88,39,1 109,64,20 66,36,8 103,56,22 60,37,6 63,39,2 72,56,0 61,44,5 33,20,15 35,22,17 65,44,29 27,16,13 55,39,24 31,20,13 58,33,16 32,21,14 52,25,7 38,22,18 55,39,22 35,20,9 41,29,19 39,27,17 27,14,9 46,30,13 25,14,9 38,23,12 24,15,11 50,31,19 22,11,6 53,35,16
63,32,22 72,36,28 48,31,23 51,31,24 51,34,24 50,33,23 53,31,23 137,79,67 53,33,26 55,33,25 120,71,60 53,33,26 193,96,61 164,80,45 98,57,37 82,43,29 103,54,34 60,32,23 52,32,23 48,33,22 42,26,20 45,29,23 50,35,24 50,35,24 49,32,22 52,33,21 49,32,22 47,34,27 48,33,22 48,34,20 48,30,25 245,136,20 201,103,30 167,83,7 140,71,6 67,38,3 71,43,5 59,32,0 62,33,0 77,52,8 80,61,4 74,59,12 31,19,21 26,15,12 50,34,21 25,16,12 38,23,14 30,21,13 65,37,24 25,16,10 36,20,5 38,25,18 60,40,22 35,20,9 31,15,9 28,15,10 26,13,10 41,26,15 22,16,11 42,27,18 25,16,12 52,36,23 22,11,8 58,39,25
55,31,25 87,45,32 50,33,25 50,30,23 51,34,24 51,34,24 50,33,23 144,79,58 52,32,25 53,33,24 91,55,47 51,31,24 184,92,62 155,75,43 65,29,19 85,47,28 103,52,28 60,34,24 49,32,22 44,27,19 44,27,19 48,31,23 46,29,21 54,34,25 52,32,23 55,35,26 51,31,22 47,32,23 44,29,20 37,26,21 42,30,20 234,119,0 134,68,0 164,79,8 171,85,14 101,56,12 74,48,9 57,35,1 71,43,3 85,58,11 75,59,3 71,55,1 22,16,11 26,13,8 38,22,18 26,16,15 20,9,6 30,21,15 58,33,14 30,21,13 34,22,10 29,18,13 55,39,26 33,17,11 31,18,13 29,16,13 24,13,6 37,21,15 24,15,11 34,19,10 23,14,10 41,26,15 22,13,9 20,9,6
54,30,24 127,72,59 54,34,25 53,33,26 57,37,28 51,34,24 53,33,24 112,55,38 49,32,22 49,32,24 56,34,26 65,38,31 175,89,57 153,73,41 106,55,29 93,51,29 111,60,34 64,38,26 58,34,26 49,27,19 49,32,24 50,33,25 50,33,25 57,38,26 52,35,27 52,31,29 127,85,63 102,65,39 43,27,21 33,22,17 41,20,7 251,137,23 226,121,20 202,103,21 109,55,5 149,87,31 66,44,10 72,45,13 80,47,8 88,55,3 83,57,3 74,55,2 45,35,11 27,16,11 29,16,11 31,18,13 23,11,11 31,20,15 53,34,20 39,28,21 31,20,13 33,17,13 42,27,18 29,16,11 29,16,11 29,16,13 29,16,11 29,18,11 22,12,11 28,15,10 27,14,11 35,22,15 21,12,8 18,8,9
53,29,23 134,69,57 53,33,26 51,34,26 52,35,25 54,32,26 55,33,25 66,33,24 52,32,23 53,31,23 50,33,23 97,57,48 166,82,51 155,80,51 115,60,31 111,58,35 110,58,37 63,36,29 56,34,26 58,34,26 64,36,27 61,37,29 56,34,26 56,35,24 78,32,14 185,101,70 114,67,44 78,54,32 42,25,15 44,28,15 51,24,17 236,131,7 130,65,24 144,89,58 133,67,12 130,74,25 74,50,13 74,48,9 74,45,10 89,56,6 84,60,5 71,54,3 74,57,6 29,21,8 44,29,20 36,23,16 31,17,19 27,16,13 39,27,17 38,27,20 29,18,15 31,18,15 33,20,15 29,16,11 23,14,10 19,10,6 33,18,9 21,12,8 17,10,8 19,9,8 21,11,12 15,10,7 21,11,15 19,10,6
60,34,24 154,82,68 57,33,27 54,32,24 71,45,35 53,33,26 53,33,26 54,33,22 53,31,25 50,33,25 57,33,25 119,63,39 148,75,47 132,69,45 111,58,33 124,66,42 112,59,34 64,36,25 57,33,25 53,31,25 63,39,31 58,39,27 60,36,30 84,30,10 186,104,75 141,82,52 88,59,35 81,55,34 49,28,17 58,35,22 66,33,22 211,118,27 211,116,9 109,43,13 75,38,14 65,39,18 83,45,24 78,46,12 77,52,8 84,55,4 71,54,5 71,51,3 74,56,12 56,45,30 36,25,22 29,18,13 48,35,28 49,33,27 41,28,21 43,30,23 39,26,21 37,26,21 38,25,18 36,23,18 36,23,18 36,23,20 34,23,18 33,22,17 26,17,13 32,21,16 32,21,18 29,20,16 17,11,6 22,11,8
62,35,28 156,86,76 61,39,31 60,36,28 92,54,46 55,33,25 55,33,27 53,33,24 52,30,22 52,30,24 53,32,21 113,57,31 125,63,36 126,66,43 107,54,29 124,66,40 112,59,36 60,34,24 56,34,26 55,33,27 61,37,29 59,40,28 82,45,30 188,102,70 127,74,49 79,55,33 73,53,33 74,47,29 54,31,18 53,30,19 80,45,32 69,40,9 207,108,0 193,108,10 134,67,19 80,44,11 80,50,6 82,53,4 76,51,5 83,57,5 69,52,5 70,52,8 65,48,11 36,25,18 33,22,17 23,14,10 29,19,18 23,12,7 38,27,22 31,20,15 30,20,19 20,9,2 44,29,18 45,30,19 43,31,21 43,31,21 42,30,20 42,30,20 35,22,17 38,25,20 40,27,20 30,21,17 25,14,11 28,15,12
60,33,26 145,87,73 61,37,29 60,36,28 114,67,58 62,38,30 58,34,26 61,37,29 65,38,31 56,32,26 60,33,26 118,60,36 110,59,35 108,55,30 110,56,38 111,58,33 112,59,36 63,35,26 57,37,28 55,33,25 61,38,23 163,98,77 175,94,65 93,59,39 75,55,37 76,55,32 75,54,31 64,45,29 48,27,16 53,27,15 43,19,11 50,32,27 210,114,15 209,110,0 138,74,5 85,42,7 72,40,6 75,47,7 83,57,7 69,48,5 63,46,9 50,33,7 36,18,17 32,19,14 29,18,11 22,13,7 67,58,41 37,28,22 32,21,16 22,10,10 16,6,5 35,20,11 47,32,23 45,30,19 44,29,18 48,31,21 45,30,19 45,30,21 39,27,15 43,31,21 45,33,23 28,15,12 29,16,13 29,16,13
56,34,26 127,80,69 59,37,29 62,38,30 136,77,60 66,37,31 62,35,28 61,37,29 64,40,32 56,32,24 64,37,30 77,45,31 113,62,38 110,59,33 92,51,31 93,55,38 110,59,33 63,37,25 56,34,26 84,41,24 105,69,47 78,54,32 149,86,62 84,60,38 81,60,37 80,56,34 80,56,32 54,39,28 41,26,15 51,31,22 58,35,24 46,30,15 95,59,41 152,100,40 161,92,9 113,65,18 82,52,10 75,51,16 55,34,7 54,42,16 40,28,16 34,21,16 35,22,19 35,20,11 40,24,18 50,41,26 66,52,34 70,59,42 40,29,22 32,19,16 21,12,8 16,9,12 31,20,17 23,17,12 21,15,10 26,17,13 22,16,11 28,19,15 32,21,18 28,18,17 36,23,20 33,17,13 33,18,9 33,18,9
60,33,26 101,68,57 70,38,35 64,37,30 147,81,65 65,39,27 66,38,29 61,37,29 58,34,26 57,33,25 62,39,28 74,42,26 104,56,29 107,60,37 73,43,28 73,40,31 109,60,40 65,37,26 184,113,87 160,94,64 105,71,51 68,48,28 65,50,30 78,57,32 90,61,39 89,60,38 85,59,36 47,28,16 40,24,18 40,25,16 40,24,18 38,23,12 87,50,37 83,60,47 52,32,12 47,33,15 89,54,18 89,48,19 111,70,43 67,45,27 42,26,11 48,29,13 48,22,12 39,23,10 48,32,19 73,48,29 96,61,34 73,58,38 76,65,48 28,15,12 23,14,10 17,10,10 25,16,12 29,18,15 34,21,18 32,21,18 33,20,17 36,23,20 34,23,20 36,23,20 31,18,13 34,19,10 36,19,9 36,21,10
60,33,26 83,51,46 67,37,36 60,38,30 140,79,63 69,38,30 67,39,30 66,38,29 62,38,30 65,42,31 63,39,31 74,44,29 99,56,37 98,52,34 75,42,31 60,34,22 115,59,37 68,41,25 221,117,78 182,102,68 140,82,56 76,51,32 70,55,33 70,49,24 88,59,37 91,60,39 82,55,39 42,25,15 40,25,16 40,24,18 37,22,13 37,22,13 51,32,20 48,32,19 53,37,22 51,35,20 53,34,18 55,36,20 57,41,26 38,22,16 39,21,16 54,34,25 45,25,16 42,26,22 51,35,22 93,57,37 128,77,53 76,59,35 76,63,40 30,19,14 29,16,13 18,8,9 26,16,15 17,10,10 14,9,11 15,8,8 22,13,9 24,14,13 29,20,16 29,17,17 34,18,14 36,19,9 37,20,10 38,21,11
62,35,28 63,36,29 78,40,32 61,39,31 132,71,55 69,38,30 67,39,30 66,38,29 65,38,31 65,42,31 65,42,31 70,39,27 95,52,35 98,55,38 74,43,31 58,35,24 102,56,30 88,50,29 229,124,82 108,54,4 83,63,31 60,40,20 68,49,24 82,61,38 90,59,40 89,58,37 63,40,25 40,25,16 38,23,14 36,23,16 37,22,13 40,25,16 39,23,10 52,36,21 53,37,20 58,39,23 57,38,22 55,41,27 40,25,14 33,20,15 33,20,17 39,22,12 34,21,14 27,16,13 46,30,17 64,38,17 94,56,35 75,56,33 77,64,43 35,22,15 29,16,13 19,9,10 28,18,17 29,17,17 24,15,9 25,16,12 23,17,12 22,12,11 22,12,13 23,11,11 34,19,10 36,19,9 38,21,11 39,22,12
66,37,31 67,38,32 84,47,34 67,39,30 113,55,43 66,40,30 69,37,32 78,50,39 88,50,44 100,63,50 100,62,45 82,49,38 99,53,35 116,65,41 79,43,33 57,37,28 92,51,33 84,47,34 101,56,12 73,44,13 54,37,11 55,38,10 65,42,13 75,49,28 73,43,28 75,43,29 65,37,26 40,25,16 37,21,15 38,23,14 37,22,13 37,22,13 36,20,14 37,19,14 44,27,19 41,26,17 40,24,18 40,24,18 36,20,16 32,19,16 29,18,15 29,16,11 35,19,17 35,19,13 36,24,14 42,30,18 62,42,24 67,52,32 71,58,35 53,43,31 27,16,13 18,8,7 22,12,13 17,7,8 15,10,12 14,9,8 15,8,6 19,13,8 23,14,10 28,15,12 35,20,9 38,21,11 39,22,12 41,24,14
74,43,33 85,52,41 170,99,73 158,80,52 145,71,48 123,66,37 110,61,39 102,59,40 96,55,39 98,55,40 96,55,37 93,55,38 95,53,40 87,50,35 81,50,38 73,47,33 80,45,30 184,96,35 125,63,7 63,39,13 83,47,14 61,40,17 83,57,18 74,47,11 83,51,37 74,44,29 82,54,41 47,23,15 36,24,14 38,23,14 37,22,13 36,21,12 37,22,11 34,17,7 36,20,16 40,24,18 35,19,17 35,19,13 34,21,14 35,22,15 33,20,15 35,19,15 34,21,16 33,20,13 35,22,15 38,25,20 64,45,29 72,55,31 74,59,37 76,67,52 31,18,15 31,18,15 32,19,16 26,15,12 29,16,13 31,18,15 32,19,16 30,19,16 34,21,18 31,18,13 36,21,10 39,22,12 41,24,14 41,25,12
195,111,69 193,109,67 181,93,55 146,86,61 109,62,39 176,95,63 198,103,67 188,97,60 178,93,56 173,89,54 153,83,54 133,73,48 125,68,39 111,60,34 109,63,37 104,62,40 93,56,41 95,53,42 100,56,28 159,90,34 64,38,13 75,55,23 56,37,14 80,48,4 87,51,43 91,55,45 80,52,43 127,65,36 104,42,13 54,30,22 38,21,13 37,21,15 50,33,23 51,35,22 37,22,11 44,29,18 34,21,14 38,20,17 32,19,16 34,21,18 34,21,14 33,21,11 34,21,16 34,21,16 32,19,16 46,33,26 53,41,29 69,55,39 73,59,41 73,62,45 22,11,6 23,13,14 31,20,17 29,18,15 31,18,15 24,15,11 28,15,12 29,16,13 32,19,14 33,21,11 38,21,11 44,22,14 43,24,12 43,24,12
122,69,46 126,73,50 124,73,45 122,73,51 80,48,34 103,60,41 102,61,41 153,83,52 158,80,52 149,79,50 140,73,48 132,73,45 97,49,24 106,60,42 102,61,45 97,59,40 92,54,35 87,53,35 159,93,41 105,63,23 78,43,16 60,39,16 74,52,18 82,55,8 75,42,33 71,43,30 59,37,31 134,66,44 246,131,79 228,126,75 197,108,75 108,66,53 57,35,17 52,33,21 49,35,19 50,30,21 40,25,16 36,20,16 35,19,15 31,17,17 38,25,18 35,22,17 33,20,17 31,18,15 28,19,13 32,21,18 62,48,30 69,56,35 72,58,42 73,64,45 43,31,21 36,24,14 33,24,16 39,28,23 23,14,10 25,16,12 32,19,16 32,19,16 32,19,14 35,20,9 41,24,14 44,22,14 45,24,13 45,24,13
142,78,52 145,81,55 112,64,39 85,58,40 137,77,54 128,71,42 127,71,45 121,65,41 119,66,41 116,68,43 113,66,45 105,62,45 103,62,42 100,62,45 93,57,39 91,55,37 93,55,38 96,58,41 96,58,41 173,92,31 83,42,13 65,39,14 53,28,9 60,43,15 80,47,36 54,31,20 40,25,16 113,51,24 251,134,85 234,127,70 230,125,81 201,107,68 193,105,67 183,99,64 156,83,53 122,66,42 77,45,31 56,33,22 35,20,11 42,25,17 34,21,16 38,22,16 35,19,13 36,24,14 27,21,16 44,35,27 58,44,28 58,49,34 70,56,40 78,67,50 49,38,23 49,38,23 47,32,21 38,28,16 41,29,17 30,21,13 25,13,13 29,16,13 34,19,10 36,21,10 44,24,15 48,25,14 48,25,14 49,26,15
108,70,53 104,66,49 101,65,45 99,61,42 118,65,38 123,67,41 121,68,43 117,66,38 136,80,54 115,67,40 106,64,42 101,63,44 98,62,44 91,57,39 91,57,39 93,57,39 94,58,40 94,58,40 97,59,42 99,61,44 76,41,28 121,58,7 107,62,16 65,39,14 88,58,32 83,53,36 77,50,34 88,40,15 224,111,59 247,128,73 218,113,69 193,97,55 198,104,65 198,104,65 181,98,58 169,89,55 148,78,52 130,73,44 94,58,36 68,48,30 69,47,29 60,41,25 67,48,32 55,45,35 35,29,22 42,33,25 50,45,31 67,56,39 74,63,46 73,64,47 48,37,22 42,30,18 46,34,24 43,33,21 38,28,16 39,29,19 38,28,16 34,22,12 36,21,10 38,24,10 46,25,14 48,25,12 50,27,14 47,26,15
91,50,32 113,66,43 126,71,42 121,68,43 122,69,42 114,66,39 112,64,39 102,56,40 101,60,42 100,64,46 100,62,43 96,58,39 99,63,45 96,60,42 98,62,44 95,59,41 90,51,39 86,47,35 77,41,31 76,40,30 69,36,29 150,84,50 73,37,17 84,49,24 61,31,14 54,25,19 75,43,29 120,60,39 255,132,78 250,130,71 219,108,62 192,93,52 203,107,67 191,99,62 177,93,58 160,90,61 134,74,49 109,64,43 75,56,33 67,50,26 64,49,27 62,44,23 60,49,32 38,32,23 46,36,26 59,47,35 68,54,36 74,60,35 75,62,41 71,63,41 44,33,28 43,32,25 39,31,20 31,22,18 36,27,19 37,29,18 39,27,17 42,30,20 48,31,21 46,30,15 49,26,15 49,26,15 49,26,15 49,26,15
146,84,57 137,75,48 132,73,45 125,72,45 121,68,41 116,68,43 115,68,45 105,62,43 96,58,39 100,62,43 102,61,43 95,59,41 94,58,38 75,38,23 85,44,28 63,30,21 79,48,40 82,42,33 76,43,32 73,40,29 70,37,26 74,43,31 81,48,41 131,75,28 194,98,67 80,45,30 61,42,26 79,43,21 132,61,17 176,77,36 166,67,12 202,122,86 206,109,76 194,103,61 171,90,58 151,81,55 132,76,50 84,50,32 67,49,28 69,50,27 66,48,29 82,53,31 75,41,11 45,35,25 62,51,34 62,46,31 74,59,37 74,59,37 72,57,37 66,52,34 33,20,17 30,21,15 28,22,17 31,22,18 64,45,31 35,20,11 44,29,20 37,22,13 50,35,24 53,37,24 49,26,15 50,27,16 49,26,15 49,26,15
140,81,53 137,78,50 134,74,49 127,76,48 125,72,45 123,72,46 113,66,43 108,63,42 102,64,47 97,59,40 76,41,26 78,41,28 78,41,28 70,38,24 73,40,29 73,40,29 75,42,33 71,38,27 70,37,26 70,34,24 76,40,30 121,75,57 66,40,19 131,66,27 205,82,51 121,59,30 64,41,28 102,55,44 66,56,44 85,59,49 135,64,22 45,28,18 79,33,7 129,64,41 158,85,57 155,86,57 119,71,46 76,52,28 72,51,28 71,50,25 48,33,11 51,34,6 51,39,11 43,32,13 56,42,26 72,54,35 65,50,30 74,56,35 63,49,31 50,40,28 39,27,27 36,25,22 34,23,18 34,23,20 44,30,16 45,31,17 39,26,19 41,24,14 48,36,24 47,26,15 51,25,15 48,27,16 55,29,19 53,27,17
132,75,46 130,73,44 126,73,46 122,69,42 126,73,50 120,69,45 114,67,46 80,40,31 83,44,32 87,48,36 80,44,34 80,47,38 76,43,32 68,35,26 69,39,24 60,32,21 60,32,19 71,33,23 78,40,30 73,37,27 67,34,23 177,97,58 57,35,17 73,54,40 78,52,40 140,66,32 77,41,19 122,45,26 64,49,40 66,37,31 67,51,38 61,39,19 61,33,20 58,32,22 59,31,20 59,31,22 39,23,10 62,42,24 42,26,20 154,85,4 86,55,6 82,55,12 57,45,15 62,46,13 61,44,16 73,53,33 69,51,32 64,50,25 57,42,31 40,27,24 32,23,17 39,26,21 38,27,20 44,34,22 43,33,21 49,32,22 73,47,33 39,22,12 50,34,21 49,25,17 50,27,16 54,26,17 51,28,17 52,26,16
136,73,51 128,72,48 124,68,44 128,72,48 82,40,27 87,50,35 92,53,41 88,51,38 78,41,28 85,47,37 77,41,31 73,42,32 65,37,24 74,41,32 75,39,29 75,39,29 73,42,30 61,30,18 60,29,19 62,31,21 70,37,26 76,37,25 193,85,31 184,87,38 110,49,15 58,39,27 69,37,21 60,38,18 58,36,18 68,42,19 63,42,15 38,21,11 40,24,18 37,21,15 35,19,17 36,26,16 44,36,14 50,37,14 97,58,19 61,43,13 132,78,3 61,37,2 62,45,10 58,45,11 63,53,11 52,41,24 64,50,36 45,33,23 36,23,18 38,25,20 32,23,17 43,26,16 50,34,17 52,36,19 56,35,20 52,36,19 48,32,17 41,24,14 47,28,16 50,27,16 53,27,17 55,29,19 56,28,19 54,26,17
125,72,49 102,52,35 100,49,39 95,52,37 87,49,41 81,43,33 78,42,32 84,47,34 80,43,30 78,42,32 77,44,35 88,46,35 86,47,35 75,42,31 73,40,29 70,37,28 65,34,26 61,30,18 63,35,22 66,35,25 73,40,29 63,30,21 44,21,10 174,76,32 145,65,24 109,52,21 57,33,9 59,35,11 58,37,14 57,40,16 39,23,10 35,22,19 35,19,17 36,20,16 36,20,14 40,29,14 46,28,9 105,59,4 60,42,10 69,35,0 80,49,12 64,48,17 36,22,6 62,49,15 66,55,9 49,37,27 39,28,23 40,29,22 35,22,17 35,22,17 32,23,19 36,23,18 44,29,18 49,34,23 51,35,20 53,37,20 51,35,20 41,25,10 49,26,15 51,28,17 53,30,19 54,31,20 54,31,20 53,30,19
94,47,36 88,49,37 81,43,35 80,44,36 85,45,36 81,43,33 81,43,33 79,42,29 78,43,30 84,46,36 80,43,28 73,42,30 72,41,31 68,41,25 63,35,24 64,36,25 66,38,27 77,45,31 69,38,26 63,35,24 55,34,23 72,41,31 68,35,26 68,36,22 86,35,11 105,49,23 52,31,16 51,35,18 37,23,9 38,20,17 37,19,16 37,20,23 37,21,15 37,21,15 37,19,16 40,29,14 143,76,28 101,55,16 60,42,10 145,82,13 57,36,11 61,46,8 47,34,13 60,47,13 55,44,9 24,13,10 28,15,12 37,26,21 28,19,15 29,20,16 25,16,12 38,26,16 54,35,21 64,41,26 67,44,29 67,45,27 74,44,27 51,28,13 49,26,15 53,30,19 56,30,18 57,29,16 57,29,18 53,30,19
86,50,40 83,47,37 80,44,34 82,45,32 78,42,32 82,44,34 86,50,40 76,40,30 76,40,30 73,38,25 68,35,24 67,36,24 65,34,24 69,36,29 63,32,20 67,37,22 73,41,27 56,28,15 69,38,28 74,41,30 74,41,30 69,39,24 69,36,25 73,37,27 77,46,34 70,40,25 65,37,26 53,27,15 46,23,12 55,32,21 55,28,21 55,28,21 48,25,14 41,21,14 56,25,15 56,26,11 152,76,20 54,36,6 35,22,17 154,88,38 72,46,21 89,63,40 67,50,26 42,31,14 20,14,9 17,11,6 15,10,9 42,26,13 63,46,36 30,19,14 37,21,17 60,39,24 74,48,27 75,49,28 79,50,30 79,50,30 79,50,30 51,28,15 50,27,16 54,31,20 57,29,16 57,29,16 57,29,18 53,30,19
77,41,31 80,44,34 83,43,34 83,43,34 87,47,38 77,41,31 71,38,27 67,36,24 59,31,22 67,36,28 66,30,22 66,34,20 66,36,21 72,37,24 68,41,25 76,40,32 66,38,25 67,39,26 72,46,32 68,37,25 68,37,25 71,39,25 73,42,32 69,38,26 69,36,27 64,31,22 44,21,10 53,27,17 56,33,22 51,29,21 52,24,22 56,29,22 57,29,20 55,32,21 52,31,20 44,28,15 42,21,10 35,18,8 44,27,17 130,75,30 52,34,13 36,19,9 48,37,18 24,12,12 17,10,10 17,10,13 16,11,13 48,32,17 80,54,33 78,51,33 77,51,30 77,51,30 75,49,28 79,50,28 76,47,27 80,51,31 70,48,30 47,26,13 52,26,16 57,29,20 57,29,18 54,32,14 57,29,18 54,26,17
78,42,32 77,41,31 69,36,25 72,36,28 70,37,28 70,39,27 66,35,23 66,35,25 62,30,25 63,32,22 77,39,31 70,39,27 61,30,20 69,39,24 66,35,23 73,40,33 77,44,35 77,44,35 71,38,27 77,39,29 69,39,22 60,29,17 69,36,25 69,36,25 53,26,19 57,31,21 59,33,23 54,33,22 72,41,29 72,35,22 77,41,35 50,27,16 41,22,8 53,27,17 41,20,9 39,22,12 44,27,17 41,21,12 50,33,23 45,25,16 40,20,11 48,28,19 46,26,17 19,9,10 16,9,9 14,9,11 17,6,13 52,31,16 77,51,30 72,45,27 71,45,24 73,47,24 79,53,32 82,52,35 81,52,32 80,51,31 46,27,15 47,26,13 55,24,16 54,26,17 55,29,19 55,29,19 53,26,19 51,28,13