10,12,12 28,26,27 27,25,26 78,72,79 85,70,78 93,75,72 87,71,58 94,74,65 132,102,74 96,67,36 11,11,11 14,12,13 23,20,24 30,30,30 47,44,61 40,36,47 44,40,53 38,34,47 43,38,40 43,36,39 43,36,39 49,45,58 56,51,69 54,49,67 51,46,62 39,34,50 34,32,44 30,28,38 30,26,35 27,24,28 16,13,17 13,10,14 17,14,18 8,10,10 10,10,10 10,10,10 10,10,10 10,10,10 10,10,10 13,10,14 13,10,14 16,13,17 14,11,15 21,18,22 27,25,26 30,27,31 26,23,27 20,17,21 11,9,10 11,9,10 17,17,17 20,15,14 27,25,26 33,28,27 43,33,32 87,77,78 96,83,80 93,78,69 89,73,69 91,78,73 88,78,79 84,67,73 108,96,101 84,74,78
23,25,20 35,33,29 27,25,26 33,27,34 89,75,75 99,82,72 137,111,88 147,118,98 160,127,90 147,115,85 11,11,11 14,12,13 40,37,41 32,30,38 59,56,73 41,38,53 44,41,56 40,37,52 40,35,37 42,35,38 47,40,43 51,47,60 59,54,72 54,49,67 54,49,65 39,36,51 36,33,50 30,28,38 33,29,38 25,22,26 18,15,19 16,13,17 14,11,15 8,10,10 10,10,10 11,11,11 11,11,11 13,11,12 13,10,14 17,14,18 16,13,17 17,14,18 18,14,23 19,16,20 25,23,24 33,30,34 37,34,38 34,31,35 11,9,10 11,9,10 35,33,31 23,18,17 26,24,25 33,28,27 40,30,29 88,78,79 89,76,73 99,84,75 104,89,80 84,71,66 82,72,73 84,67,73 100,88,93 92,82,86
24,24,19 29,29,24 26,24,25 32,27,29 94,81,76 105,89,74 118,99,74 140,117,88 178,146,112 167,129,92 11,11,11 13,10,14 41,38,44 27,25,33 50,47,64 48,45,60 47,44,59 41,38,53 48,41,44 51,41,45 47,37,41 55,48,62 62,57,75 52,47,65 54,49,65 39,36,51 36,33,48 30,28,38 35,32,38 26,23,29 19,16,20 17,14,18 13,10,14 13,11,12 16,13,17 14,12,13 14,12,13 17,15,16 16,14,15 16,13,17 16,13,17 18,15,19 20,17,21 25,22,26 27,23,32 27,24,28 35,32,36 40,37,41 14,12,13 12,10,11 104,94,84 73,67,62 27,22,24 32,27,26 39,29,30 88,78,79 90,76,76 97,82,73 99,84,73 83,69,69 79,69,73 70,55,63 91,77,79 86,79,82
20,23,15 30,33,25 35,34,27 43,32,25 88,74,76 113,97,84 131,107,85 133,106,74 171,138,99 186,140,99 11,11,11 13,10,14 44,40,49 27,25,33 54,51,68 49,45,58 52,47,63 49,43,64 53,43,47 49,39,43 46,36,40 54,47,61 59,56,73 54,51,68 55,50,66 43,40,55 39,37,47 32,30,40 34,31,35 30,26,35 28,23,22 60,58,0 127,117,25 133,121,25 97,87,7 37,29,5 20,18,16 21,19,17 21,19,17 18,16,17 21,18,22 19,16,20 19,16,20 25,22,26 27,23,32 32,29,35 29,28,31 41,38,42 16,14,15 17,15,16 40,34,27 30,21,13 24,24,24 30,28,26 41,34,32 85,75,76 92,80,82 94,79,70 97,85,73 90,78,80 84,74,78 81,71,75 81,71,72 104,90,95
22,25,17 36,39,27 82,71,54 130,105,77 103,90,85 122,105,79 144,115,93 145,115,87 175,141,100 184,135,95 11,11,11 14,11,15 46,42,51 30,28,36 60,56,76 51,47,67 47,44,61 51,47,67 45,38,41 42,35,38 46,36,40 56,49,59 92,72,24 84,66,65 59,54,72 41,38,55 39,36,51 35,31,42 32,30,26 111,103,20 129,117,21 143,124,11 156,130,8 165,138,6 173,145,6 178,152,30 160,147,17 38,32,9 26,21,20 20,18,19 23,20,24 21,18,22 24,21,25 25,22,26 31,28,32 30,26,35 33,29,38 27,24,28 16,14,15 21,19,20 39,34,33 27,25,23 30,28,29 34,32,33 42,37,36 92,78,80 96,82,84 102,87,78 99,87,77 88,76,76 68,58,62 77,67,71 83,66,72 114,96,93
61,60,51 47,47,33 101,81,63 130,102,73 93,78,69 131,112,89 158,128,100 158,129,94 168,133,97 170,126,86 11,11,11 13,10,14 45,41,50 34,32,40 59,55,75 54,50,70 60,56,76 57,53,73 41,34,37 41,33,39 39,33,40 129,106,48 66,55,22 147,127,21 55,50,68 39,36,53 41,36,52 44,40,49 83,80,25 117,107,25 131,114,20 151,132,7 158,138,6 165,146,9 175,152,12 185,158,26 185,162,22 183,163,15 34,30,24 23,20,24 24,21,25 23,20,24 26,23,27 27,24,28 32,28,37 28,24,33 34,30,39 30,26,37 16,14,12 21,19,17 30,28,26 23,18,15 28,26,27 28,26,27 40,33,36 80,70,74 104,88,82 102,86,82 101,87,73 81,69,69 71,59,64 74,62,67 95,81,86 107,94,91
97,89,78 48,51,31 112,97,77 105,83,65 94,80,66 134,119,97 161,133,106 161,133,95 174,144,102 151,108,73 11,11,11 14,11,15 45,41,50 33,31,39 59,55,75 52,48,68 60,56,76 58,54,74 38,34,43 41,34,44 41,34,44 170,145,47 65,49,32 133,112,15 61,52,67 43,40,57 40,37,52 70,66,29 76,67,20 74,62,21 89,76,26 91,76,27 102,81,0 197,167,29 189,154,16 199,161,14 181,161,13 182,161,18 174,161,13 25,23,21 24,21,25 24,22,23 26,24,25 28,25,29 32,29,35 28,24,35 32,29,33 30,27,31 17,15,13 21,19,17 44,39,38 81,79,59 31,28,32 30,28,29 40,33,33 75,65,69 86,75,72 96,79,80 106,91,80 74,62,62 67,57,61 69,57,62 85,73,78 107,93,93
100,94,71 38,41,19 110,93,69 86,71,62 91,77,79 129,113,96 145,117,88 146,117,82 179,147,105 123,87,54 11,11,11 16,13,17 45,41,50 41,39,51 53,49,69 53,49,69 59,55,77 58,54,76 37,34,38 41,33,39 41,33,39 49,42,52 56,49,49 69,55,28 137,123,26 49,39,38 49,46,52 70,67,25 73,66,23 102,91,27 124,114,22 135,128,19 104,94,23 114,102,24 171,145,23 186,158,33 180,151,32 170,146,11 180,151,17 125,113,43 26,21,23 25,23,24 25,23,24 30,24,29 173,138,53 109,81,0 34,32,33 28,25,29 21,19,17 24,22,20 103,93,81 28,23,20 30,28,29 30,28,29 48,41,44 78,68,69 131,115,102 92,78,78 102,88,74 73,61,61 61,51,55 68,58,62 89,79,83 96,79,85
123,104,79 48,46,26 129,106,75 60,49,46 87,73,75 110,95,75 160,133,101 162,134,94 169,137,93 80,50,24 10,10,10 17,14,18 51,40,49 39,37,47 53,49,69 57,53,73 58,54,76 59,55,75 41,35,42 45,36,47 44,35,46 45,41,50 61,56,74 60,52,71 59,50,23 123,103,28 76,64,23 75,66,21 76,69,26 84,76,26 92,87,18 95,92,27 92,85,26 109,99,32 154,128,19 119,99,9 91,79,13 91,77,11 111,97,27 95,76,19 30,26,20 27,25,26 26,24,25 56,45,28 102,81,11 129,103,21 36,31,33 27,24,28 24,22,20 26,24,22 28,23,20 24,24,21 32,30,31 30,28,29 64,57,60 93,81,83 70,54,50 127,113,99 121,105,92 87,72,61 84,74,78 68,58,62 84,73,80 95,82,79
129,109,77 49,45,26 138,110,81 45,38,41 82,70,72 101,86,64 138,111,77 156,126,84 154,120,75 51,28,13 10,10,10 18,12,17 52,44,52 38,36,44 45,42,57 53,50,67 51,48,65 47,44,61 42,35,45 45,37,45 44,36,42 55,46,59 64,55,77 64,56,73 61,57,70 68,63,24 76,69,26 76,65,30 70,58,30 81,67,40 129,109,77 152,131,61 74,66,32 85,73,36 156,128,29 129,116,12 104,91,16 110,98,20 122,110,14 152,139,17 108,95,43 34,27,30 88,82,34 63,49,22 140,120,34 149,123,30 38,37,40 28,26,27 26,24,22 26,24,22 35,33,29 26,24,22 33,31,32 31,29,30 70,62,68 83,71,71 73,61,61 66,54,54 119,106,99 96,81,72 77,67,68 70,63,66 78,68,72 88,75,70
136,108,81 68,58,36 94,66,39 45,39,32 83,71,71 112,92,72 141,112,79 154,120,79 176,137,94 32,21,18 10,10,10 13,10,14 56,48,56 38,35,52 51,48,65 48,44,64 50,47,64 50,47,64 44,36,44 48,40,46 52,40,52 50,42,50 62,54,73 67,60,74 53,46,56 74,67,24 81,67,24 120,103,34 87,70,42 107,91,74 68,34,32 178,138,86 120,100,39 119,102,37 182,154,46 160,138,19 110,90,15 122,98,18 155,137,37 115,101,15 150,137,17 137,112,27 99,84,21 60,49,34 58,49,30 52,43,14 38,35,41 30,28,29 26,24,22 26,24,22 35,33,29 25,23,21 31,29,30 30,28,29 66,59,59 82,71,68 81,68,63 74,60,60 67,57,56 121,110,103 71,61,62 74,69,71 86,74,74 105,91,91
140,113,81 107,78,54 139,114,84 64,60,50 91,76,67 117,97,77 168,132,99 165,132,93 164,122,84 21,20,13 11,11,11 16,13,19 56,48,56 41,37,50 53,48,66 47,42,58 31,29,39 41,32,45 43,35,43 51,42,53 47,39,47 54,45,56 74,69,85 68,58,76 72,70,23 77,66,20 129,110,28 173,143,18 185,157,32 134,107,46 141,114,39 153,129,22 143,119,16 165,141,20 176,149,15 176,155,14 102,74,45 116,79,53 97,54,35 137,105,30 151,127,4 136,121,15 33,28,27 34,32,33 40,35,34 40,38,39 39,36,40 31,29,30 29,22,22 31,24,24 26,24,22 25,23,21 31,29,30 36,30,35 51,43,49 69,57,57 86,71,60 75,59,55 87,77,67 82,72,73 149,139,129 70,60,59 78,64,64 85,73,75
112,95,71 127,97,69 133,113,81 66,57,51 97,82,71 134,108,83 176,146,104 175,138,98 182,143,100 22,17,19 12,9,13 19,16,20 51,42,53 30,26,37 49,45,58 34,31,35 33,30,34 35,31,40 43,34,45 55,48,51 49,41,47 58,49,60 79,69,87 66,56,74 74,70,22 83,74,27 132,117,54 160,133,29 187,159,34 186,157,36 111,92,24 86,74,48 122,104,44 162,139,42 185,162,52 199,176,66 188,170,28 158,133,17 144,115,39 165,134,15 206,177,14 69,54,0 31,29,30 37,32,34 37,32,34 38,35,39 38,35,39 32,27,29 29,22,25 33,26,29 26,24,22 25,23,21 28,26,27 33,31,32 46,34,34 50,43,43 76,65,62 81,67,67 42,34,40 80,71,67 80,70,71 172,161,146 71,59,61 85,71,76
77,62,53 114,90,64 89,79,55 69,56,49 117,99,80 143,116,82 185,149,116 199,165,124 175,137,91 18,15,19 12,10,11 19,16,20 48,44,53 37,30,42 39,35,44 26,23,27 33,27,32 42,36,41 53,41,53 58,47,54 51,43,51 62,53,66 78,65,86 66,56,57 80,75,22 91,82,35 95,90,39 123,105,32 147,126,27 131,111,32 68,56,26 59,48,31 87,74,40 128,104,42 157,126,35 170,143,28 163,140,28 185,165,33 209,181,56 214,183,32 221,188,22 203,186,8 34,29,28 35,30,32 41,36,38 35,32,36 33,30,34 32,27,29 29,22,22 32,31,24 26,24,22 25,22,26 28,26,27 30,27,31 49,39,38 53,43,47 74,65,61 79,68,65 88,78,68 56,49,52 61,54,57 91,81,80 173,164,149 82,68,68
41,35,28 107,93,68 67,58,41 82,66,64 120,101,76 146,118,89 160,131,98 194,162,120 179,142,100 26,24,25 12,10,11 19,16,20 51,44,56 28,24,33 33,29,38 20,18,19 28,25,29 43,35,41 54,46,52 55,47,53 52,44,52 64,55,66 83,73,93 71,65,40 85,80,27 91,83,31 83,74,29 69,62,21 77,70,27 84,74,32 79,69,31 67,58,27 68,57,24 70,57,23 75,60,24 60,43,19 56,41,30 135,122,29 156,129,12 221,186,59 229,196,46 221,197,7 36,31,28 34,32,33 38,36,37 38,35,39 37,34,40 39,29,33 29,24,21 35,30,27 26,24,22 25,23,21 25,23,24 33,27,32 49,42,42 78,66,71 66,52,54 57,47,46 51,46,45 45,37,43 63,58,60 61,54,57 74,62,62 174,164,154
28,27,20 38,25,22 37,32,34 83,67,54 117,93,67 133,106,74 170,141,106 184,152,110 172,135,95 28,26,27 14,11,15 21,18,22 46,42,53 36,29,32 31,31,39 33,29,40 33,27,34 36,29,39 57,46,55 52,41,48 56,45,52 68,56,70 85,72,91 78,80,25 98,90,40 94,86,34 82,74,22 98,91,34 87,77,39 89,78,45 89,78,45 84,73,40 79,67,28 81,67,22 164,141,42 209,177,49 223,186,46 218,182,23 87,71,27 92,75,10 177,149,12 202,175,2 37,32,31 40,35,37 39,37,38 40,37,41 37,34,38 38,28,29 33,28,25 33,28,25 27,25,23 25,23,21 27,25,23 30,28,29 48,41,41 74,62,64 91,78,71 98,84,84 44,38,43 37,30,33 65,59,64 56,49,52 68,58,59 76,64,66
43,31,19 102,80,60 53,53,39 83,66,58 125,95,67 146,119,87 165,136,101 172,141,102 145,116,83 23,21,19 20,17,21 25,22,26 46,43,49 41,35,42 34,32,40 36,29,41 40,31,42 40,31,42 62,49,57 52,44,50 58,46,58 67,55,67 81,69,83 86,84,24 98,93,38 95,91,31 106,96,16 91,81,39 73,60,28 83,78,39 112,105,44 152,141,40 219,185,55 205,172,37 192,161,30 212,184,57 208,181,49 203,174,40 191,173,31 91,71,0 84,77,18 172,151,29 35,33,29 42,37,36 40,35,37 37,34,38 37,34,38 40,33,33 35,28,26 30,30,25 27,25,23 24,22,20 28,26,27 32,29,33 47,40,40 71,59,64 78,65,60 80,66,71 39,24,32 60,45,53 80,66,71 74,65,61 92,80,68 77,65,53
87,70,35 100,74,51 58,56,38 91,75,60 117,91,66 136,112,79 166,139,105 155,122,83 139,112,80 27,24,28 25,22,26 28,25,29 49,43,48 37,31,36 37,33,42 36,28,36 32,27,26 43,34,45 57,49,55 57,46,55 54,43,52 40,30,34 62,57,59 83,78,23 96,91,38 113,108,53 94,87,15 88,81,40 84,77,34 107,97,46 143,108,43 82,75,55 147,130,95 188,163,63 184,161,72 185,167,78 181,158,48 158,130,31 187,155,51 209,184,26 184,166,24 198,179,24 44,34,33 37,32,31 38,31,31 43,38,35 75,61,43 35,27,33 32,28,20 33,29,21 26,24,25 21,19,20 30,28,29 35,29,34 48,41,39 68,58,57 79,62,63 125,114,99 99,79,49 80,69,54 69,59,49 71,62,54 78,67,62 87,78,72
83,76,37 80,66,39 58,51,49 102,83,71 121,97,73 135,105,77 177,148,115 172,140,98 145,115,87 35,30,32 28,24,33 39,33,38 37,31,38 45,37,43 35,31,40 36,28,34 30,25,24 21,19,20 60,49,56 45,35,36 44,34,35 26,19,19 69,69,28 74,71,20 92,87,34 102,97,46 89,86,33 88,82,34 83,79,31 86,83,32 88,85,30 90,88,30 112,101,28 128,113,23 150,133,37 168,152,49 169,153,39 174,157,21 197,179,10 192,177,14 203,184,20 201,181,20 81,65,50 96,75,50 63,50,29 72,54,35 64,49,29 96,76,56 33,28,25 32,27,24 27,22,24 19,17,18 30,28,26 36,30,35 50,43,43 59,49,50 49,39,40 70,60,61 168,156,128 71,61,60 65,59,52 71,65,60 53,49,43 57,52,54
77,68,37 87,72,50 77,69,75 99,80,68 126,102,78 142,112,84 150,123,91 169,137,95 152,122,94 37,35,36 30,26,35 35,29,34 36,30,37 47,36,43 40,32,38 42,33,44 40,30,29 26,21,20 35,26,22 43,33,32 36,26,25 42,37,36 68,68,27 71,69,20 89,84,31 97,92,41 86,82,36 88,83,30 84,79,24 91,86,31 96,89,32 91,91,30 99,97,25 113,108,28 133,127,32 150,139,25 160,148,21 168,159,14 185,170,11 188,173,14 196,178,18 193,178,17 85,70,59 110,81,48 99,69,41 108,80,53 90,66,42 39,27,17 32,27,24 32,27,24 27,22,24 20,18,19 30,28,26 36,30,35 50,43,43 64,54,55 51,41,42 53,43,44 79,63,59 53,44,38 46,41,43 49,44,46 42,40,36 56,53,57
66,56,34 85,71,44 78,68,72 107,92,72 121,95,70 137,107,81 148,118,90 167,133,92 155,125,97 37,39,36 31,27,36 35,29,34 34,28,35 84,81,85 74,72,73 75,71,80 44,39,41 28,26,27 32,27,24 31,25,20 41,34,34 32,27,26 66,62,43 69,64,25 85,80,29 94,89,34 96,91,40 89,84,31 85,80,25 90,85,32 93,90,35 94,90,32 90,89,24 101,93,28 120,111,24 141,129,20 155,137,17 161,145,14 176,163,15 188,175,15 189,174,15 167,156,10 85,71,5 84,60,36 90,61,37 117,90,56 105,78,46 73,57,44 220,201,133 208,192,148 33,27,22 25,23,24 30,28,29 33,30,34 51,44,47 71,61,65 61,51,52 51,41,42 50,43,43 56,46,47 57,52,54 38,36,37 44,41,45 55,53,54
75,62,39 81,66,44 87,75,75 106,90,73 121,97,71 128,98,72 144,114,86 156,122,81 157,130,98 53,42,51 33,26,36 43,36,39 118,109,94 133,123,99 130,121,102 73,70,76 37,31,36 33,28,30 39,30,26 36,27,23 39,29,28 30,23,23 65,62,49 68,62,28 73,71,24 88,85,30 95,90,37 92,85,28 91,83,29 94,89,36 95,90,35 97,88,28 99,92,22 115,105,25 123,110,19 145,129,26 159,138,25 164,148,17 179,166,18 199,177,14 183,169,14 194,181,21 136,120,17 70,54,37 92,66,41 110,83,51 96,67,36 105,80,50 229,210,144 231,209,142 233,215,144 49,36,29 30,27,31 34,31,35 50,43,46 80,68,73 60,50,51 53,43,44 57,43,45 67,55,55 54,49,48 38,36,37 45,42,46 44,41,45
82,62,30 84,64,32 84,71,66 90,73,63 113,94,69 118,92,67 150,122,93 164,131,83 155,130,102 61,49,63 91,84,87 117,109,98 147,132,110 164,150,125 134,121,100 98,92,99 45,42,48 36,26,30 33,23,24 38,29,25 36,29,29 50,38,38 53,51,49 66,61,29 61,61,18 72,70,23 88,83,32 91,87,29 92,85,28 89,84,31 128,113,34 162,143,20 174,151,20 173,150,21 189,161,20 193,169,18 196,170,19 198,174,21 200,177,17 190,171,16 149,141,17 205,185,24 114,94,46 47,32,23 113,85,58 120,90,64 128,99,66 110,81,48 212,192,133 217,197,136 237,215,150 233,216,147 52,46,41 34,31,37 54,44,48 71,61,65 61,49,51 57,43,45 79,64,55 83,66,56 62,55,55 41,34,37 53,47,52 41,40,43
63,51,25 83,71,45 80,64,60 77,64,57 100,83,59 116,91,63 146,118,89 171,133,85 158,133,103 76,64,69 112,105,103 125,118,102 151,136,116 159,144,122 145,134,115 92,84,90 70,64,71 40,30,34 35,25,29 36,27,23 39,29,30 31,24,22 27,25,23 63,56,36 63,59,22 61,58,16 71,69,20 82,79,24 89,85,27 90,86,28 112,102,35 136,122,25 165,153,26 166,153,23 186,165,24 198,179,26 202,187,28 202,176,14 194,176,18 156,143,13 164,154,14 221,197,44 126,107,70 39,29,19 86,62,36 108,79,55 118,91,59 117,90,58 99,76,36 213,195,135 225,206,149 234,217,152 233,218,157 39,28,35 61,51,55 71,61,65 60,46,48 62,49,46 79,64,55 76,60,54 57,50,50 34,29,31 51,45,50 49,43,48
81,64,40 78,64,50 80,64,58 85,71,53 101,84,60 121,95,70 159,131,102 162,123,80 123,106,96 96,96,96 110,105,104 129,123,114 153,142,125 163,150,127 155,146,119 137,129,116 89,82,85 48,37,32 39,27,29 42,32,31 36,26,25 33,26,26 42,32,33 57,50,60 61,55,21 64,57,16 70,63,20 60,57,15 76,73,22 85,81,33 87,84,31 103,95,30 120,116,29 117,109,26 133,124,27 154,139,22 166,154,17 161,145,14 131,119,12 150,137,15 192,175,26 184,166,37 151,136,96 84,58,33 94,70,44 88,64,38 113,88,60 81,61,41 111,86,56 207,191,135 213,197,143 223,207,149 237,219,157 234,222,163 56,49,52 65,58,61 68,56,58 60,46,48 69,53,51 69,56,53 52,45,48 32,30,28 43,37,42 55,47,53
77,66,47 77,63,65 82,70,60 94,78,61 102,81,56 132,107,79 164,137,103 161,129,97 88,87,92 96,94,95 112,107,109 124,120,114 159,150,133 170,160,136 171,159,133 148,137,120 76,69,79 61,48,41 45,34,31 45,35,34 36,26,27 39,29,30 38,31,34 30,24,31 55,55,52 57,54,30 65,62,22 75,68,27 69,63,17 64,59,18 72,72,27 77,80,18 84,84,21 83,81,19 84,87,27 108,102,38 120,114,37 81,76,25 151,132,9 173,159,6 211,200,56 137,117,69 108,95,72 93,68,38 110,85,57 88,64,40 111,86,56 110,86,53 99,76,47 199,182,135 200,182,138 212,194,150 227,210,159 236,219,154 73,60,39 69,57,62 60,50,51 60,46,48 61,47,47 67,54,51 58,48,47 28,26,27 39,33,38 46,43,47
43,37,30 78,65,62 97,85,75 99,86,63 108,87,62 133,109,83 144,116,87 93,87,92 92,88,97 102,98,107 106,102,111 126,119,117 153,142,127 161,150,131 156,145,126 146,138,127 83,79,92 60,47,44 45,32,25 36,29,29 38,28,29 42,32,36 27,25,26 48,41,44 69,62,74 38,34,43 58,54,35 63,60,20 71,64,21 68,61,18 67,62,19 67,62,21 70,63,20 71,64,21 71,65,19 71,64,25 107,92,2 158,142,11 178,160,16 196,183,33 181,161,100 149,129,79 69,56,53 108,87,60 55,36,13 82,57,29 99,73,48 87,58,34 80,61,38 187,170,133 188,173,133 204,188,146 215,200,153 221,205,151 223,208,145 68,56,58 54,44,48 58,46,48 52,40,42 62,49,44 55,43,43 28,23,22 35,32,38 42,39,43
31,24,24 83,70,65 100,88,78 94,81,58 119,98,73 115,97,78 94,92,90 101,98,102 93,92,95 95,93,105 111,104,116 122,118,112 149,141,128 152,145,127 145,138,120 90,83,95 76,71,87 57,43,43 44,32,34 38,28,32 40,30,34 32,22,23 35,33,31 33,26,26 45,38,41 69,62,72 52,49,55 63,59,51 59,53,19 63,55,19 61,54,15 59,51,17 57,49,15 59,50,21 64,53,18 143,121,2 182,160,24 192,168,35 206,184,48 180,162,91 122,104,62 216,195,123 79,60,48 69,48,23 84,63,40 119,89,61 90,66,42 96,70,47 61,42,28 167,148,121 183,166,131 182,163,126 198,181,144 207,189,145 214,198,142 209,193,135 50,38,40 50,38,38 53,43,44 64,48,42 54,40,40 38,28,27 35,32,36 46,40,45
37,27,28 78,65,60 88,75,68 97,82,60 115,95,75 100,92,98 106,104,100 111,108,112 105,104,109 101,99,111 108,104,115 128,122,117 145,138,122 141,133,120 124,120,112 77,72,88 76,71,87 41,29,31 40,33,33 36,31,33 43,33,37 36,29,29 37,30,30 34,27,27 37,31,26 42,36,41 70,63,73 67,60,70 54,52,50 64,59,31 61,54,15 60,52,18 57,49,13 66,54,13 172,151,38 188,165,23 213,188,58 226,203,72 181,158,61 162,147,100 195,172,112 228,211,146 74,57,22 50,36,22 104,80,56 125,97,68 112,83,52 93,64,42 95,77,56 173,156,130 173,155,125 174,155,128 185,170,134 200,182,140 209,193,139 222,205,140 144,127,103 48,36,36 52,42,43 64,48,42 57,44,41 28,26,24 50,40,41 46,41,43
53,44,40 82,69,66 89,76,71 92,78,62 94,94,91 118,113,115 118,116,117 106,103,107 113,110,116 115,114,119 106,103,107 127,121,116 128,124,107 131,123,110 80,76,87 78,75,92 74,74,86 36,31,30 48,41,41 40,33,36 44,34,38 37,30,30 42,32,33 47,40,43 42,36,41 42,36,31 43,33,34 82,74,80 75,68,66 99,90,84 119,108,91 161,144,107 157,145,67 176,158,38 180,157,45 164,142,50 151,128,70 135,115,65 164,144,98 226,209,142 211,188,128 111,83,54 103,78,48 101,77,53 69,44,25 61,40,27 71,53,34 58,38,20 84,63,40 161,143,122 159,144,122 160,147,124 174,157,129 194,177,140 207,190,143 225,206,151 218,201,136 75,60,49 49,39,40 63,47,45 56,43,40 35,25,26 48,36,38 39,37,35
60,51,47 81,71,75 70,56,56 89,85,96 111,109,110 114,107,105 125,118,116 113,108,110 113,109,118 115,114,119 110,107,111 134,129,117 136,129,113 118,114,108 71,68,85 73,70,85 72,65,79 37,27,28 50,40,41 54,43,36 63,51,39 52,40,30 52,37,28 39,28,25 71,55,49 67,49,30 68,56,46 72,57,46 124,102,68 183,163,117 182,157,109 179,159,111 182,162,116 182,165,118 165,144,103 148,130,86 169,149,99 186,165,109 229,205,143 226,200,150 105,80,50 81,51,25 74,45,21 54,34,14 67,49,30 59,43,26 92,71,44 111,89,69 81,57,33 140,126,108 134,127,111 154,143,126 158,145,122 182,166,135 198,181,142 213,194,139 217,198,134 231,213,142 47,35,37 62,48,48 59,47,47 32,30,31 45,38,41 39,37,38
66,56,60 85,75,79 80,69,78 106,101,100 123,117,108 132,124,111 128,120,107 126,119,117 108,104,113 112,109,115 113,110,114 137,131,122 139,129,117 76,72,85 75,72,89 69,66,81 66,64,76 35,28,28 55,42,39 71,60,45 80,61,49 52,34,31 60,41,25 55,41,27 74,54,45 59,45,31 53,41,29 49,37,25 85,63,45 85,63,45 88,66,46 199,177,132 197,177,127 200,178,131 174,152,103 214,190,137 203,179,124 199,178,122 144,122,77 103,82,59 82,61,38 65,41,17 65,45,15 53,38,18 66,47,24 73,57,40 66,47,24 56,36,18 108,82,57 113,100,95 114,107,107 125,119,110 132,122,110 173,154,131 202,186,144 216,201,152 199,181,121 233,214,148 209,192,127 71,55,40 64,51,44 41,36,33 49,39,43 44,37,40
72,62,63 84,73,80 98,95,101 121,115,106 136,126,114 134,126,115 144,137,121 151,146,132 132,125,125 106,104,105 112,110,108 115,109,100 114,109,111 75,70,88 74,71,88 69,66,81 66,64,76 38,31,31 76,61,52 71,57,43 71,54,44 46,30,17 67,52,30 66,52,34 56,39,29 62,46,40 55,39,24 69,53,38 58,42,29 64,48,35 46,33,28 54,33,20 200,181,126 215,194,138 210,189,135 182,158,107 211,191,143 139,121,77 87,66,53 70,54,39 73,56,46 88,68,48 73,54,31 95,73,53 89,63,40 94,74,54 81,61,43 90,69,44 68,50,29 80,64,47 74,69,87 93,86,98 115,109,102 153,144,117 190,173,138 203,187,143 211,194,145 213,196,145 221,207,141 163,145,103 64,52,40 15,10,9 36,26,27 52,45,48
68,66,67 87,84,90 132,123,115 162,148,121 159,149,125 160,146,128 161,150,133 155,142,121 160,153,126 142,134,123 106,100,105 102,100,101 74,69,85 72,69,84 68,65,80 68,65,80 48,47,52 33,23,24 65,49,43 58,42,36 75,56,33 61,40,27 71,52,36 55,41,27 61,46,37 72,56,39 55,38,30 83,62,47 51,40,37 86,82,93 22,22,22 31,24,22 30,25,22 45,39,32 39,34,31 29,24,23 16,16,16 18,16,17 28,24,16 41,36,35 56,49,47 70,48,28 97,73,51 83,62,37 80,56,32 77,57,37 76,51,32 84,58,33 70,55,35 85,69,54 71,68,85 75,72,89 82,78,91 132,123,115 171,154,128 144,130,105 186,169,130 212,195,148 216,200,146 225,210,149 62,49,46 22,17,16 23,21,22 47,40,43
78,76,84 93,92,97 126,120,111 137,128,122 126,122,114 117,114,118 89,87,95 86,83,98 121,116,118 129,122,106 132,122,110 91,89,101 75,72,89 71,68,85 64,61,76 56,52,63 54,49,51 40,30,31 73,63,51 55,42,35 67,54,49 69,53,49 58,43,32 45,29,23 55,43,31 57,42,33 63,46,36 73,55,34 50,38,26 65,42,27 76,60,43 77,65,55 75,73,81 59,57,65 33,32,35 93,85,72 124,116,92 77,71,92 102,83,58 74,49,30 79,55,31 95,67,40 77,53,27 74,53,30 65,45,27 83,59,33 99,68,45 91,67,41 64,50,25 75,56,40 68,66,78 67,64,79 75,73,85 116,108,114 114,101,98 187,172,136 191,175,131 221,205,151 228,210,148 198,184,114 186,171,124 31,24,24 29,22,22 48,41,41
86,84,92 106,104,102 151,140,123 180,163,135 164,149,113 166,152,125 158,145,122 166,159,132 79,72,84 81,76,94 98,95,101 71,68,83 69,66,81 65,63,75 46,44,54 52,49,55 49,39,43 34,29,28 52,41,38 43,29,29 59,46,43 47,37,36 60,49,42 64,49,40 63,47,30 69,52,42 45,36,32 81,63,44 78,66,54 61,43,22 67,47,29 76,64,54 106,92,74 167,158,111 125,112,109 54,55,43 224,202,135 217,202,151 51,44,58 72,53,28 87,68,41 105,84,61 76,59,35 81,57,31 102,78,52 69,48,23 101,75,50 84,60,36 88,69,44 80,62,43 62,60,70 65,63,75 69,67,77 94,93,98 100,89,86 181,165,123 201,186,135 220,201,144 223,205,145 219,201,139 229,212,145 59,48,29 37,30,28 44,38,33