60,47,40 71,58,51 56,46,45 50,39,36 43,33,23 28,26,27 60,61,49 25,25,25 36,40,25 28,34,21 25,34,17 29,36,18 30,31,21 25,25,22 23,23,23 68,72,43 28,32,17 42,47,25 22,24,19 23,30,14 42,46,31 70,73,65 24,27,15 15,15,10 22,22,17 22,24,21 19,25,12 16,18,15 16,18,18 22,23,15 36,36,33 16,17,9 27,27,24 13,13,10 23,23,18 23,23,23 31,33,18 24,25,15 30,31,23 19,19,19 23,23,23 26,26,26 9,8,11 32,31,34 29,27,35 27,25,33 24,22,20 13,18,14 19,19,16 26,26,23 36,37,40 44,44,41 32,33,25 40,41,33 31,39,25 26,25,18 49,43,50 56,49,59 55,52,58 41,40,45 38,34,43 23,23,31 39,37,45 22,22,32
59,46,43 61,48,45 74,65,57 76,66,56 138,115,86 12,10,11 64,65,53 19,20,10 16,19,11 32,35,23 8,16,4 26,33,15 13,13,8 22,22,19 24,24,21 16,16,13 28,26,22 34,34,20 30,31,19 67,72,40 86,91,67 24,27,19 22,25,15 25,25,22 30,30,27 17,21,6 20,26,17 23,26,16 11,13,8 23,23,20 24,24,19 27,28,20 17,17,14 30,30,27 37,37,32 22,22,19 18,19,11 37,38,26 23,24,16 39,40,30 18,18,13 20,20,20 34,34,31 41,42,32 29,27,35 29,28,31 30,27,31 26,32,19 38,36,46 30,30,25 32,35,23 17,17,12 32,33,25 33,34,26 39,37,35 18,15,19 26,21,23 53,46,56 49,46,52 46,44,52 51,47,56 25,25,33 26,24,32 24,25,30
69,57,47 49,39,40 107,93,75 96,76,56 81,70,55 16,11,13 38,41,31 24,25,13 16,17,7 25,29,12 21,24,12 27,30,20 22,22,17 17,17,17 22,22,17 36,38,21 41,30,23 22,15,18 44,48,33 65,70,46 69,70,58 30,33,11 23,23,23 19,17,15 22,22,17 24,28,11 13,15,12 21,23,23 11,14,4 29,29,26 20,20,20 23,24,14 22,22,22 36,37,29 15,14,19 16,15,18 18,18,15 34,35,27 41,42,32 17,19,19 25,26,18 13,13,13 22,22,19 48,50,35 29,28,33 26,25,30 29,27,35 31,34,22 11,11,8 23,29,20 18,25,9 16,19,11 29,30,22 22,23,11 37,37,34 23,24,16 36,37,29 14,11,15 34,30,39 41,34,44 54,50,63 58,49,60 29,27,35 22,23,28
126,111,91 52,38,43 102,83,58 145,126,91 28,23,20 11,9,10 48,46,44 48,50,50 27,30,18 25,28,18 58,65,29 26,27,15 16,16,13 29,30,20 27,29,14 18,20,17 44,39,41 21,15,22 25,26,16 48,50,47 59,62,50 21,23,23 12,12,9 24,25,15 26,32,21 39,43,28 20,20,15 22,23,13 20,23,15 20,20,17 15,15,12 25,25,22 18,18,18 19,18,21 32,35,27 30,28,26 29,30,22 32,23,17 27,30,22 43,44,36 14,16,13 23,24,16 23,24,14 52,56,39 24,25,30 30,29,32 22,23,26 29,28,31 24,22,18 25,20,17 24,23,14 48,48,43 41,44,34 43,46,38 44,46,29 27,33,20 30,33,23 16,19,9 26,24,32 33,29,38 75,62,72 58,50,58 36,29,39 27,27,35
106,91,71 47,40,43 120,94,69 139,112,76 33,24,16 21,19,15 35,28,28 30,28,26 19,20,12 29,29,24 23,26,14 22,22,19 16,16,13 23,27,12 20,22,19 31,30,33 32,30,31 27,25,26 25,29,12 95,98,67 69,72,52 24,27,19 24,24,24 29,30,20 11,14,6 22,25,17 23,26,18 19,19,16 15,17,14 29,29,24 24,25,15 16,15,18 25,24,27 38,41,33 24,27,19 128,123,82 144,150,100 115,118,67 137,132,91 25,27,24 57,61,44 25,26,16 46,47,37 16,14,15 66,67,59 18,23,19 25,26,29 29,27,35 29,31,16 18,16,12 26,33,17 24,27,19 31,34,26 20,20,15 40,42,27 24,26,11 42,45,35 36,38,35 23,21,29 37,35,43 68,63,65 68,56,68 54,45,56 55,51,60
103,94,79 57,47,51 107,83,57 143,119,86 36,27,23 27,25,21 23,18,17 48,41,41 52,52,47 17,20,12 23,25,22 25,26,18 30,34,17 37,38,26 27,27,22 26,27,17 24,26,21 22,23,15 49,55,42 96,99,64 69,74,50 17,15,11 32,33,23 25,28,18 15,17,12 24,27,19 24,24,19 24,24,19 29,29,26 35,31,25 23,22,15 22,22,17 23,28,24 68,54,40 255,255,211 90,90,60 139,125,82 110,113,78 140,134,88 25,26,18 60,63,43 36,37,25 24,22,18 51,48,52 48,50,35 31,34,22 30,32,29 26,25,30 36,38,38 36,39,27 32,33,25 60,64,49 39,43,26 15,18,6 46,48,31 17,17,12 23,25,22 25,26,31 25,23,31 39,37,45 60,54,61 61,54,64 66,54,66 67,55,67
110,102,89 53,49,43 140,117,86 124,103,78 23,20,24 33,29,23 36,27,19 29,20,12 55,50,47 23,26,14 32,34,34 54,46,54 31,33,30 27,22,19 23,24,12 33,34,26 19,19,16 38,38,33 84,78,55 96,91,61 56,62,49 37,38,28 25,27,12 26,25,16 22,25,17 22,25,15 72,73,61 64,68,51 96,87,68 116,101,81 244,200,133 69,54,43 99,75,53 62,50,50 174,149,103 86,72,54 82,70,40 35,34,23 118,122,68 17,17,14 64,67,43 45,45,40 67,66,57 53,54,46 46,49,37 66,71,49 36,38,33 24,24,32 22,28,17 26,27,19 32,34,31 21,29,15 69,75,46 21,24,12 55,59,42 27,30,22 30,33,42 26,29,36 26,24,32 32,30,38 55,50,52 63,51,63 71,57,70 71,59,73
110,95,73 70,54,37 137,113,80 82,69,66 28,25,31 36,32,22 91,76,54 50,41,33 40,34,27 46,36,37 40,35,34 117,98,73 81,73,51 22,24,21 16,25,0 22,24,7 25,26,16 30,31,23 82,87,51 90,90,60 86,91,67 25,26,18 80,82,56 79,77,55 97,89,76 76,63,58 100,78,60 78,67,62 62,57,45 166,143,103 163,134,85 198,159,120 232,181,112 69,55,37 174,150,99 155,145,121 108,96,70 29,32,24 110,116,64 32,34,29 29,29,24 66,66,63 61,62,54 46,51,31 69,73,46 71,74,50 68,72,43 24,25,30 17,19,14 24,25,28 41,45,30 28,31,19 54,57,35 39,39,23 51,54,32 32,32,40 27,27,35 27,25,33 30,26,35 31,29,37 62,53,66 67,55,67 64,54,53 131,101,84
144,127,99 95,77,56 151,122,91 37,33,25 28,25,31 47,40,38 70,57,36 86,70,39 127,103,66 116,95,54 65,56,50 119,103,72 99,80,45 27,27,22 38,43,21 43,48,28 87,91,62 98,99,76 93,88,58 81,85,56 50,53,31 64,68,39 72,73,50 86,85,58 35,31,44 129,103,82 144,119,91 193,170,130 93,74,49 201,172,111 241,208,142 198,163,96 255,204,120 171,147,110 62,51,46 193,174,119 196,171,123 20,21,11 94,100,59 15,21,8 44,43,36 65,65,60 54,53,44 78,70,46 32,34,19 68,70,42 74,76,50 24,25,30 23,23,20 32,32,32 24,22,30 18,21,13 69,72,52 65,69,42 38,40,35 30,30,38 25,25,33 27,27,35 23,22,27 30,28,36 66,58,66 67,56,63 59,45,45 125,105,85
153,126,92 111,83,56 153,124,91 29,35,26 30,29,34 38,30,38 97,78,55 113,92,51 141,109,65 158,130,90 96,76,44 43,38,24 104,90,72 25,18,28 35,39,24 45,47,30 113,116,81 73,77,50 90,90,60 74,73,46 43,45,30 72,73,50 68,69,46 79,78,53 58,46,48 222,167,97 208,170,104 186,160,121 94,78,65 59,44,52 61,54,52 61,57,47 221,174,124 199,174,146 173,156,130 73,71,67 227,189,123 35,25,29 48,47,36 61,56,42 154,141,118 164,145,122 168,153,131 145,127,108 150,136,120 126,108,87 80,77,53 44,44,41 24,24,19 19,19,16 24,22,30 28,28,38 39,42,34 32,33,38 31,31,41 32,32,40 20,20,28 28,28,36 24,22,30 31,30,35 65,58,61 68,60,66 75,61,63 124,103,80
162,138,103 118,93,65 87,64,33 37,41,26 40,37,43 43,36,46 78,68,46 138,111,75 149,119,77 125,102,60 126,95,56 55,50,36 65,63,43 33,32,35 27,29,14 45,43,41 99,102,69 69,70,49 84,87,56 75,77,51 31,32,20 65,67,50 47,47,31 75,76,55 55,43,45 226,176,93 57,36,9 40,35,37 41,41,41 42,37,39 32,23,0 86,87,37 106,80,0 101,82,0 52,49,55 169,157,129 143,127,110 138,119,103 148,137,120 175,161,143 157,143,127 160,143,117 150,135,113 206,189,163 129,115,99 159,142,116 133,125,101 44,45,37 15,15,10 25,26,14 25,25,33 25,25,33 29,29,37 29,29,37 35,35,45 27,27,35 22,22,30 30,30,38 32,30,38 47,40,50 68,60,66 71,58,66 85,69,65 125,104,81
150,128,92 109,85,59 144,117,83 65,67,52 47,44,48 71,63,69 116,102,75 120,92,63 139,113,74 109,86,46 173,148,100 63,49,35 20,21,9 25,29,33 55,57,42 48,47,20 99,101,73 40,43,23 86,90,52 79,82,49 51,52,44 59,61,58 33,33,30 60,60,55 73,63,64 213,170,96 30,29,32 38,35,41 27,25,26 10,9,12 29,22,20 158,141,5 71,56,18 82,63,0 255,233,30 52,37,28 148,130,100 167,137,111 131,122,107 166,159,141 170,149,124 146,126,108 160,141,118 130,116,100 125,114,97 179,160,135 121,100,77 55,58,38 26,27,19 26,27,19 31,32,37 25,26,31 27,25,33 29,29,37 32,32,42 31,31,39 23,23,31 29,27,35 28,31,38 44,37,47 57,49,57 66,54,59 112,95,85 115,89,66
118,100,79 129,107,71 145,124,97 53,56,34 56,48,56 81,69,71 60,50,54 82,71,56 75,66,51 100,81,58 136,112,75 101,93,71 48,52,56 52,54,54 79,83,56 44,42,22 65,67,41 36,37,29 88,91,58 83,86,53 32,37,36 50,51,54 32,30,31 59,57,55 83,67,65 254,207,130 23,18,20 25,23,24 10,10,10 11,11,11 102,96,60 115,104,31 119,113,47 163,152,38 188,170,10 52,43,39 88,77,72 161,133,104 184,158,135 183,159,135 153,142,123 61,63,48 41,41,41 171,158,135 157,141,126 121,107,91 143,124,101 104,95,87 32,32,32 19,19,14 83,85,68 25,25,35 18,18,26 32,30,38 29,29,37 30,30,38 23,23,31 26,29,36 35,35,43 52,43,54 57,49,57 80,63,64 83,71,61 105,88,62
83,69,55 120,101,74 83,71,45 36,37,27 58,49,60 51,43,51 37,33,42 44,38,43 56,44,32 68,53,42 100,81,56 41,43,57 37,39,53 37,37,47 44,48,33 61,64,42 72,74,46 27,29,24 74,79,59 80,83,63 27,26,29 25,24,27 36,35,40 51,48,54 93,72,61 233,181,108 19,19,16 18,17,20 31,29,30 29,22,25 85,83,34 112,108,30 143,134,35 229,213,41 223,205,0 54,42,42 82,75,78 183,151,121 171,152,125 187,173,146 151,139,127 152,134,115 96,88,64 173,155,136 176,156,126 140,126,112 87,70,46 88,70,49 30,31,19 33,34,24 35,39,22 29,31,31 32,32,44 34,35,38 32,32,40 28,28,36 24,24,32 30,30,38 30,33,40 51,42,53 70,58,70 80,68,73 96,83,80 93,73,53
40,26,26 129,112,88 63,64,45 45,47,30 60,46,63 53,46,56 37,33,42 46,40,45 52,41,38 44,33,30 112,91,68 38,38,50 39,42,51 31,32,37 48,50,45 77,79,53 77,78,55 23,26,16 66,70,53 58,61,51 31,33,30 29,29,29 41,35,40 63,56,70 129,102,70 233,187,119 23,23,23 37,35,31 164,155,138 54,41,36 79,72,52 81,80,28 57,53,5 66,55,11 189,173,101 111,85,44 255,246,195 75,66,47 151,133,112 177,164,143 154,143,128 51,45,40 42,34,42 175,154,131 159,136,105 123,106,78 143,126,102 125,113,87 77,81,66 24,25,13 35,39,24 36,38,38 31,27,36 32,33,36 25,25,33 27,27,35 24,24,32 27,27,35 30,30,38 44,35,46 54,45,58 58,46,60 75,62,72 91,79,67
35,30,27 32,21,18 32,31,24 48,47,38 56,47,58 46,35,42 39,38,53 39,42,53 33,36,47 37,44,56 59,43,26 34,34,44 34,34,44 38,39,44 23,24,29 63,71,48 78,81,59 39,38,41 51,50,53 41,40,43 33,33,30 30,28,29 64,63,68 85,72,93 186,150,101 205,166,93 25,19,24 132,130,128 107,93,98 64,50,36 79,65,47 75,68,52 69,58,51 81,62,50 102,77,49 79,55,20 117,92,46 235,216,148 98,87,82 138,116,82 134,112,74 119,97,77 48,44,38 46,44,54 62,54,60 89,69,37 83,78,66 175,157,127 26,27,15 24,27,17 37,38,41 35,35,45 28,28,38 34,35,40 29,29,37 27,27,35 27,27,35 23,23,31 29,29,37 40,37,41 45,41,52 34,30,41 44,40,49 67,57,61
47,36,19 107,83,57 55,56,37 29,22,34 27,25,26 37,37,47 40,42,56 38,42,55 32,35,44 39,41,55 33,29,40 33,36,43 35,35,45 43,48,47 29,31,28 65,66,45 82,86,59 30,28,38 63,65,62 30,26,35 28,27,18 35,30,27 69,61,67 92,83,105 201,164,93 192,163,91 122,115,125 105,102,108 69,57,62 67,54,47 61,50,43 145,130,94 230,208,141 236,218,147 82,67,58 111,88,48 95,75,55 165,154,121 86,73,23 67,58,80 66,65,70 60,53,65 77,65,79 118,104,86 98,74,37 75,61,45 122,109,77 144,120,94 51,48,35 31,34,22 27,27,35 34,34,42 27,27,37 34,35,40 28,28,38 31,31,39 27,27,35 25,25,33 30,30,38 35,31,40 55,47,66 48,44,55 40,36,47 52,48,61
91,79,42 114,93,68 65,69,42 51,44,47 55,48,48 34,34,46 37,37,49 32,32,42 35,35,45 32,32,42 40,38,46 39,37,47 30,34,38 44,49,43 20,23,13 75,79,50 58,59,47 24,25,30 36,35,38 30,33,25 27,30,22 40,37,41 79,70,81 101,91,111 184,153,100 179,154,106 103,98,100 81,79,89 43,37,42 128,123,125 206,194,157 236,217,149 253,225,144 255,243,155 255,255,160 255,249,149 79,64,53 81,74,84 176,156,110 166,147,131 148,133,113 123,116,100 136,117,92 100,80,48 76,67,48 139,122,94 127,110,75 76,62,48 159,142,114 39,37,45 29,29,37 30,30,38 29,29,37 37,37,45 35,42,26 39,40,45 28,28,36 23,23,31 31,31,39 29,33,37 45,40,58 57,47,48 48,43,59 49,44,60
88,83,30 81,62,39 56,45,52 53,46,58 40,39,44 32,30,40 35,35,45 30,30,40 37,37,47 34,33,36 45,43,53 37,35,43 30,35,34 53,55,50 23,24,14 76,78,52 41,43,40 25,27,27 37,38,41 25,28,18 30,31,19 83,81,89 81,68,78 105,95,113 191,167,134 221,210,164 118,100,56 64,59,61 110,104,111 127,119,125 165,158,142 188,173,137 226,205,149 250,222,152 255,242,157 255,246,152 255,255,161 64,56,75 207,191,137 255,255,165 150,125,106 108,99,82 100,82,61 97,85,57 103,87,72 169,145,108 95,84,65 123,109,91 177,152,124 22,26,30 25,25,33 27,27,35 29,30,35 39,42,34 83,88,64 46,48,45 28,28,36 27,28,33 32,32,40 32,32,40 47,40,54 76,69,67 33,26,36 35,30,48
83,81,50 99,86,65 50,38,54 58,52,59 38,37,42 37,35,45 31,31,41 32,32,42 29,29,39 44,43,46 36,36,46 38,36,44 28,33,32 50,52,47 29,30,20 72,75,51 39,39,34 25,26,29 42,45,37 36,38,23 45,50,30 91,86,102 69,64,66 89,84,100 74,70,64 175,168,139 185,159,89 59,48,41 105,99,106 128,121,131 132,127,124 132,123,108 183,165,123 213,188,129 236,210,140 243,218,133 255,243,148 115,97,78 190,171,114 255,237,149 155,131,107 118,108,86 110,87,56 87,82,68 142,120,102 168,141,105 132,112,92 121,110,105 154,125,94 22,25,32 24,24,32 29,29,37 29,30,35 71,75,58 95,102,66 44,47,35 33,38,37 27,27,35 32,32,40 29,29,37 51,44,54 94,87,85 83,76,86 48,43,61
57,54,28 96,79,55 47,45,57 72,65,65 33,29,40 38,36,46 29,29,39 32,30,38 31,31,39 46,41,38 34,38,42 35,38,47 37,39,36 43,45,40 34,34,29 88,90,64 65,66,54 32,31,36 31,36,14 78,81,69 44,49,29 86,77,99 73,63,67 80,70,88 72,63,59 93,89,41 169,152,27 125,113,33 86,75,82 113,104,115 109,102,105 114,108,115 113,111,109 114,110,104 149,136,113 180,163,112 185,167,107 132,105,62 195,188,20 195,184,68 131,111,91 104,85,46 65,55,45 114,101,78 141,120,95 154,132,98 131,108,77 92,74,73 175,146,115 43,34,30 27,25,33 23,23,31 30,31,36 81,86,62 91,96,64 73,76,52 34,37,25 30,31,36 30,30,38 30,30,38 26,22,31 80,71,65 71,61,60 52,47,65
76,61,39 91,77,48 52,50,60 73,67,62 35,35,47 32,30,40 32,30,40 23,23,31 38,39,44 64,55,47 34,37,27 77,82,60 79,83,56 40,41,31 41,39,40 81,84,60 62,59,46 104,107,83 60,60,44 64,67,45 51,56,32 88,80,99 70,65,64 72,68,79 66,56,60 90,85,32 100,91,46 96,82,37 85,81,33 100,90,94 117,104,72 82,70,42 59,43,37 55,40,31 45,32,27 49,32,22 76,56,24 72,53,28 119,107,41 199,174,28 131,109,64 74,58,41 83,71,61 99,88,69 130,107,78 176,156,108 159,131,102 130,104,79 162,135,101 68,48,28 28,28,36 23,23,31 31,32,37 81,86,64 87,91,62 91,96,62 50,53,43 31,32,37 31,31,39 29,29,37 20,19,22 82,73,65 85,77,66 59,48,57
82,64,34 104,86,54 50,44,49 35,35,43 38,37,42 32,32,42 29,29,37 28,28,36 62,59,44 67,51,38 30,33,44 37,38,41 70,75,55 43,42,45 77,85,19 52,54,39 49,52,40 76,79,59 149,145,42 44,45,33 44,46,31 66,57,68 83,74,85 73,64,77 62,55,53 40,33,33 66,52,36 60,51,20 42,39,26 113,80,28 113,104,77 192,176,122 231,206,133 240,214,132 235,210,123 225,193,120 255,233,134 137,111,31 79,67,30 81,70,26 49,43,38 111,98,75 96,86,64 96,85,66 122,103,78 139,113,92 146,126,96 133,112,89 93,80,59 129,113,96 28,28,36 23,23,31 30,34,38 79,84,60 97,102,66 93,98,64 73,77,62 35,37,37 32,32,40 29,29,37 23,24,29 38,38,38 30,31,34 66,53,63
56,43,22 81,64,36 59,48,55 59,56,60 30,33,40 34,34,44 27,28,33 35,35,43 111,92,69 75,56,42 32,37,45 32,32,42 67,71,56 97,98,77 137,143,102 45,47,30 46,48,31 82,84,56 123,128,56 69,74,42 44,46,31 78,69,80 87,78,91 77,68,79 64,54,55 53,44,40 62,50,38 57,50,32 86,61,33 104,62,0 100,61,4 40,29,10 46,30,17 61,41,21 109,92,55 68,51,14 53,39,10 50,41,37 65,64,37 69,60,29 106,95,80 108,87,62 124,100,67 143,117,76 153,126,92 158,133,103 145,125,93 162,147,125 94,86,75 95,84,67 29,29,39 28,28,36 29,30,35 37,41,26 96,101,65 26,26,26 21,21,29 24,25,30 28,29,34 29,32,39 23,23,31 25,26,29 27,25,33 29,27,35
99,82,58 97,85,59 58,48,47 55,53,49 38,38,48 32,32,42 25,26,31 29,29,37 97,77,47 54,55,47 40,44,48 81,91,54 53,56,48 72,76,49 94,93,96 65,65,35 56,54,36 57,55,35 71,77,38 94,97,77 73,75,58 72,65,77 85,80,79 89,77,82 71,62,56 44,39,38 50,44,37 50,41,35 52,34,13 77,56,33 137,75,1 53,32,5 52,32,14 58,37,14 46,29,3 49,34,25 112,59,0 52,43,35 61,50,33 122,107,71 113,91,55 137,105,75 123,96,64 125,98,64 137,109,80 136,102,80 152,124,97 131,107,83 69,53,49 110,101,84 31,29,37 28,29,32 28,28,36 53,56,46 49,52,42 15,16,21 18,17,20 34,37,29 29,32,39 28,31,38 23,23,31 23,23,31 25,25,33 22,22,30
80,71,54 112,96,63 73,63,41 44,44,39 34,34,44 32,33,38 54,57,35 57,61,34 83,72,55 44,45,37 51,54,32 97,103,24 93,96,72 180,193,98 148,153,88 82,87,44 99,103,45 129,132,41 89,91,63 49,50,27 74,75,54 85,87,84 79,74,90 61,54,52 68,62,55 47,45,41 39,40,32 84,83,72 39,27,17 59,40,24 92,60,26 32,24,13 14,12,13 34,29,31 48,34,9 55,34,9 106,60,3 44,42,40 53,43,33 53,42,37 110,88,50 125,105,75 85,74,59 46,37,33 61,51,52 64,57,60 69,67,68 73,64,75 89,75,77 155,140,120 34,34,42 27,28,33 32,33,36 65,69,52 48,51,41 22,24,21 16,16,16 61,63,46 28,28,36 36,36,44 29,27,37 21,25,29 28,29,34 23,23,31
51,43,30 49,46,31 90,73,45 50,50,45 38,42,25 35,39,43 28,29,32 42,43,48 58,66,4 86,92,40 58,58,44 46,49,39 101,101,85 44,43,32 52,57,23 83,92,34 50,55,19 55,58,36 88,90,44 42,39,0 76,81,45 58,61,39 79,77,89 79,76,80 68,64,58 56,57,38 42,40,22 39,37,19 16,11,13 61,41,21 77,51,12 14,12,10 17,17,17 31,29,30 46,31,11 58,33,5 70,57,52 55,50,52 36,31,33 42,37,34 57,48,42 58,55,61 56,50,55 51,44,44 64,55,47 99,90,86 124,112,100 164,149,138 146,132,118 139,126,105 34,34,34 35,23,13 33,38,32 48,52,37 58,61,39 62,64,49 16,17,20 62,67,47 27,29,26 35,36,41 36,34,42 21,22,27 56,54,52 21,24,31
33,27,22 45,36,28 101,97,60 112,76,14 27,34,32 42,47,46 90,101,72 81,84,33 85,81,71 38,39,42 50,52,52 40,40,35 149,155,87 51,53,27 108,115,79 107,110,48 42,42,26 70,68,50 117,121,65 63,63,22 104,106,51 61,62,25 79,76,36 68,63,31 62,60,40 68,66,37 97,95,46 137,139,82 46,43,3 82,82,41 138,116,49 29,28,3 25,23,21 30,30,25 65,37,8 52,36,19 62,57,59 29,24,23 40,38,39 49,43,38 112,103,72 86,77,73 123,103,85 125,103,95 131,111,93 89,86,71 133,124,107 139,125,109 143,129,115 90,74,30 43,49,40 78,49,0 38,40,40 69,72,52 76,81,49 76,81,49 14,15,18 64,69,47 46,48,45 71,73,68 35,35,43 20,20,28 94,90,80 27,27,35
28,24,18 68,54,36 85,69,36 164,115,7 32,37,17 77,63,38 162,176,99 185,154,105 100,67,15 46,50,21 55,54,59 149,156,83 92,101,32 120,124,55 98,104,23 69,70,20 57,59,2 90,92,46 129,132,97 92,87,18 61,63,35 62,66,28 70,75,28 60,64,6 68,74,24 91,95,37 123,129,48 100,100,39 111,109,37 77,69,35 117,117,56 83,85,30 55,58,38 50,48,30 52,37,0 70,46,22 65,59,54 31,21,22 37,36,29 24,23,16 65,56,50 58,49,41 145,142,102 60,53,24 72,68,58 77,85,62 57,52,40 65,57,44 81,81,47 90,90,58 55,62,44 82,52,8 74,73,66 68,69,48 90,95,61 75,78,45 34,36,31 72,74,57 23,26,18 84,90,79 36,40,42 40,40,37 49,51,46 32,29,35
36,33,18 38,32,23 88,69,53 151,96,0 30,31,36 85,65,33 145,149,120 176,124,22 93,69,16 58,58,55 83,85,28 75,75,43 96,101,36 122,129,45 77,79,24 82,86,19 90,91,41 44,45,8 56,59,24 75,80,35 58,59,22 53,52,25 72,74,32 92,99,26 85,95,30 107,115,22 82,89,32 106,108,55 57,53,16 112,107,38 126,122,44 69,78,7 80,81,31 85,82,42 132,113,76 170,155,117 90,69,54 117,100,49 54,50,29 49,46,33 108,90,30 146,117,43 95,98,18 102,101,47 101,97,60 88,95,51 46,49,29 149,160,102 159,176,68 69,81,47 77,85,60 74,67,24 107,109,94 84,85,62 86,91,55 105,109,69 51,54,21 66,67,46 89,95,56 78,82,65 69,73,46 43,45,28 33,31,32 72,73,61
62,60,38 37,39,24 100,92,42 85,56,3 32,33,23 80,67,17 60,56,21 178,126,26 78,75,20 70,70,11 86,88,46 95,101,60 67,70,46 91,92,26 142,150,43 55,55,25 39,42,9 46,48,22 57,58,21 56,57,34 60,63,32 45,48,24 63,62,10 62,65,30 72,74,28 72,73,23 54,59,14 88,88,54 78,78,19 83,80,29 104,104,43 75,71,34 85,82,38 95,95,36 152,146,100 110,108,48 145,128,81 192,170,121 141,125,67 179,167,71 142,127,48 137,130,60 125,127,33 161,162,44 154,151,30 146,148,32 161,163,40 167,173,36 162,162,60 172,175,54 78,81,0 130,136,39 129,133,48 114,121,48 105,114,29 142,147,84 99,101,44 81,88,44 88,96,32 81,84,49 88,91,58 82,86,46 80,82,56 94,95,58
50,44,35 115,120,73 52,48,27 85,68,17 41,43,26 69,66,53 116,121,76 87,87,28 70,75,28 86,89,58 81,82,0 118,124,4 124,124,54 116,118,45 103,106,55 49,50,27 53,55,27 37,38,17 54,57,22 63,64,43 67,70,46 60,65,18 55,56,17 61,65,25 60,66,16 67,72,29 55,58,25 104,103,65 62,62,21 123,122,70 65,64,28 83,82,46 99,99,58 107,114,28 87,86,30 56,56,15 88,87,35 158,151,110 72,61,28 153,144,97 216,196,148 195,170,111 162,141,87 230,196,135 126,107,23 118,108,16 148,149,60 104,105,16 118,115,30 125,125,43 113,118,46 100,105,13 115,122,49 82,87,26 130,129,52 100,105,44 111,113,56 74,79,36 86,90,61 72,75,51 77,81,41 91,94,59 76,82,32 75,78,45
48,42,33 64,67,43 76,79,59 72,55,29 64,66,20 63,64,25 120,130,56 105,110,63 43,43,13 109,113,28 119,122,19 111,113,31 83,85,30 82,86,28 54,57,26 50,53,29 47,50,17 45,46,23 45,46,23 56,54,32 69,73,35 78,81,32 71,73,31 72,73,34 54,56,30 60,65,29 61,61,31 84,84,52 50,48,26 64,63,27 48,51,18 70,74,36 58,56,23 70,69,31 77,77,34 62,59,35 87,82,54 60,56,21 100,95,52 112,108,32 71,69,0 181,157,95 211,169,86 201,180,79 149,118,56 249,207,117 255,215,119 240,189,91 243,194,115 233,179,100 189,158,80 93,85,72 79,73,64 78,71,55 89,93,53 105,103,33 62,67,22 66,69,34 88,98,76 65,70,46 60,60,30 68,71,47 61,64,29 63,66,31
33,37,8 81,91,54 80,87,39 57,71,52 60,65,18 59,63,25 96,97,58 88,95,20 85,90,27 89,93,26 81,77,17 94,91,36 78,78,33 62,63,24 74,76,34 48,53,21 57,62,38 36,39,17 55,57,54 54,59,27 58,61,53 58,60,34 51,50,23 38,41,17 56,57,34 57,60,40 52,53,30 54,57,37 48,50,24 48,46,26 46,49,25 43,46,24 57,58,21 99,99,67 47,45,16 59,56,32 60,59,34 57,57,23 58,58,26 54,52,23 62,60,27 72,74,30 67,66,12 80,73,44 125,112,60 97,70,23 113,91,46 83,57,18 70,66,58 86,80,87 79,75,67 130,116,98 93,85,74 131,120,105 214,198,154 230,213,164 231,187,87 252,213,111 139,125,80 108,108,67 63,58,44 62,70,47 53,51,29 55,55,23
92,92,49 69,72,39 70,59,13 57,65,24 44,41,17 41,44,11 40,40,6 64,74,11 84,84,39 111,110,43 61,57,22 73,75,22 55,56,19 51,50,23 54,53,26 42,44,16 49,53,38 44,47,37 53,56,32 58,61,51 46,48,22 53,56,36 53,56,34 38,39,16 43,48,28 42,45,33 43,47,30 46,48,33 43,46,24 42,43,24 43,45,30 36,41,21 46,44,22 48,46,24 46,48,31 45,48,26 55,58,36 49,46,20 62,59,33 55,53,22 59,57,26 54,53,28 91,91,9 62,61,25 84,82,35 73,75,47 60,63,43 71,73,56 58,59,47 73,71,79 85,85,85 65,67,52 72,73,65 93,85,63 66,55,64 101,88,67 151,137,79 225,178,87 255,212,115 255,222,120 225,193,118 108,93,57 70,64,55 67,64,49
57,59,17 73,82,36 77,57,11 80,89,29 69,73,33 55,54,27 70,71,32 114,123,36 92,93,45 59,64,21 50,49,11 66,66,25 57,56,31 47,48,29 36,37,27 55,60,40 48,53,31 61,62,41 44,45,24 59,60,52 58,59,49 43,45,28 34,39,19 30,34,17 35,38,28 35,39,22 46,49,39 45,49,22 46,48,31 44,47,23 46,49,29 48,52,35 45,47,21 45,46,23 42,47,27 49,54,32 54,56,30 39,42,20 61,61,31 49,51,25 65,65,31 64,63,38 69,74,13 51,54,21 92,94,52 50,49,24 49,50,29 46,48,20 72,74,59 52,54,37 59,62,42 54,54,49 47,48,36 59,59,54 61,58,34 87,79,55 66,55,36 122,98,72 177,155,106 123,102,87 103,85,80 94,81,78 91,78,73 92,79,76