15,24,26 16,25,27 14,18,22 21,29,45 19,24,34 28,32,47 26,28,42 19,26,38 25,29,44 29,31,56 29,28,43 25,25,35 20,20,28 23,21,31 25,23,33 24,23,28 25,25,35 28,28,36 32,29,44 33,35,62 22,25,43 20,25,33 13,22,22 28,26,46 23,26,33 26,36,56 25,29,33 27,31,44 25,28,46 20,24,39 21,26,34 13,16,25 15,20,28 10,15,21 21,24,31 15,16,21 22,21,24 20,26,47 17,22,30 17,23,26 13,18,24 14,19,25 15,21,24 14,20,23 15,20,26 15,18,25 13,19,20 16,19,26 13,19,22 15,20,26 11,10,13 14,19,25 12,10,11 12,10,11 19,12,12 20,13,11 16,11,10 9,8,11 9,11,8 11,11,11 9,11,11 30,39,50 16,13,19 13,11,12
12,20,25 13,21,26 13,17,19 22,29,43 28,32,45 19,24,32 21,25,29 19,28,28 21,26,36 27,25,37 25,25,35 24,24,32 15,15,23 18,16,24 26,24,34 19,17,25 17,17,27 25,25,33 24,22,32 29,29,41 22,21,38 21,24,31 12,20,25 14,14,24 16,19,26 26,35,58 26,30,34 27,30,41 28,32,47 22,24,51 27,31,46 12,17,23 14,17,24 20,20,28 22,25,32 23,22,27 23,22,27 23,28,52 17,22,30 19,24,34 15,18,25 15,20,26 19,25,28 14,15,20 20,25,31 16,20,22 13,19,20 15,19,21 15,21,24 14,19,25 11,10,13 13,18,24 12,10,11 13,11,12 34,27,27 24,15,11 24,15,9 22,17,19 11,13,10 12,12,12 9,11,11 24,36,44 15,14,19 11,11,11
14,17,24 17,22,28 16,19,28 17,28,29 23,26,33 20,25,35 24,24,34 32,35,44 31,31,41 25,23,33 20,18,26 22,22,32 27,27,35 24,22,30 15,13,21 18,16,24 23,22,27 18,17,20 22,21,24 18,18,18 21,21,31 27,25,33 19,24,32 18,17,22 17,15,25 18,21,41 26,28,42 20,24,26 29,29,39 30,36,55 28,29,48 16,19,26 14,17,24 16,19,26 32,28,39 20,23,32 23,23,33 18,24,45 23,26,37 19,23,38 19,22,31 15,20,26 19,24,32 20,24,28 18,21,28 16,24,31 16,19,26 18,22,24 15,21,24 15,21,24 16,17,20 14,20,21 16,9,12 33,28,30 24,14,13 30,23,23 43,34,30 30,23,23 20,20,20 25,23,24 23,20,24 31,40,51 17,16,19 11,11,11
14,19,25 14,24,28 13,18,24 15,16,19 29,29,41 28,31,42 29,29,39 22,23,26 23,24,29 23,24,27 24,25,30 22,22,30 23,23,31 22,20,28 16,17,20 25,24,27 13,12,15 17,16,19 10,12,9 20,19,24 12,11,16 13,12,15 25,26,31 29,27,37 30,30,40 27,27,35 34,34,44 31,32,37 28,28,36 29,31,28 24,28,41 19,22,31 27,28,31 29,29,37 20,24,28 32,32,40 23,23,33 28,32,47 29,34,42 28,33,43 24,29,37 17,25,32 18,23,33 19,24,32 18,26,33 19,23,27 19,23,27 14,18,20 15,21,24 20,24,28 15,20,26 18,24,27 22,17,19 24,10,10 41,34,34 25,23,19 25,20,17 30,25,27 51,49,57 37,34,40 19,22,29 36,47,60 12,11,14 11,11,11
13,21,26 15,23,28 15,23,28 8,17,17 35,31,40 22,22,30 21,22,25 18,19,24 27,28,33 22,22,30 23,27,31 29,29,39 24,24,32 8,9,14 22,21,26 11,10,13 23,22,25 19,18,23 19,17,18 13,10,16 18,15,19 25,22,26 27,26,31 17,16,19 22,21,24 31,29,37 23,25,25 34,32,30 27,27,24 28,29,32 34,32,30 38,35,39 32,32,27 33,33,33 32,34,29 43,43,43 38,38,35 36,39,50 26,29,40 18,21,28 18,21,28 20,22,38 18,22,26 15,18,25 18,24,27 18,18,28 18,18,28 17,23,26 18,21,28 21,22,25 16,20,24 16,20,24 26,24,22 54,44,45 54,52,53 48,48,43 52,50,46 45,44,37 55,49,54 35,33,34 44,46,60 36,45,58 13,21,26 11,11,11
13,18,24 17,22,28 16,19,28 12,18,19 15,19,23 20,21,24 24,25,28 30,29,32 29,28,33 29,29,41 25,25,35 28,31,38 23,23,31 19,18,23 22,21,24 16,17,22 22,23,26 22,23,28 24,21,27 19,19,19 17,16,19 21,19,20 29,30,33 16,16,16 15,16,19 20,20,20 26,26,26 32,29,33 32,30,26 25,27,24 33,33,28 36,37,29 35,34,27 37,36,29 34,34,29 44,42,38 34,34,29 38,39,44 35,39,41 40,40,40 32,32,29 41,42,47 44,42,43 50,50,50 45,45,40 29,31,31 25,26,31 28,29,32 34,34,44 26,25,28 22,26,30 29,28,33 41,39,40 49,44,46 57,50,48 54,53,46 50,46,38 41,39,37 47,42,41 48,46,44 50,51,54 48,53,63 19,24,32 11,11,11
12,17,23 15,20,26 14,19,25 13,17,19 11,17,18 30,30,40 25,24,27 25,26,31 33,31,43 18,23,31 23,22,27 24,25,30 29,27,35 14,15,18 27,26,29 23,25,25 15,14,17 29,28,33 29,29,29 20,18,16 24,24,21 22,24,21 23,23,23 24,24,24 18,16,17 41,41,38 16,16,11 35,33,31 25,23,19 28,25,29 29,29,26 32,32,27 34,33,26 27,26,19 41,42,34 36,32,24 36,36,31 38,37,30 38,37,30 35,33,31 41,39,37 37,35,33 40,35,34 40,41,31 44,39,36 40,40,37 43,43,40 45,45,42 50,49,52 46,44,42 46,44,45 50,50,47 54,49,48 60,55,52 55,51,43 62,56,47 63,55,42 62,57,43 70,66,56 44,40,32 49,51,51 54,57,68 22,21,26 13,11,12
10,15,21 14,19,25 14,19,25 13,19,20 12,19,17 20,24,28 25,29,31 23,23,33 21,24,33 29,29,39 23,26,35 27,25,33 27,25,33 16,12,23 25,23,31 25,24,27 25,22,28 20,17,21 30,30,30 26,21,20 20,22,22 26,25,28 27,27,24 28,23,25 19,17,18 27,27,27 21,19,17 39,37,35 27,29,24 29,29,26 34,32,28 26,25,18 39,38,31 28,26,22 49,45,39 34,33,26 38,37,28 44,43,34 35,31,23 42,40,36 40,36,30 33,32,25 44,44,44 34,32,33 38,38,35 45,45,42 32,32,27 47,45,43 43,43,38 50,45,42 50,46,40 50,47,32 52,46,39 56,51,39 61,53,42 59,50,44 66,57,49 64,56,45 58,52,43 66,61,49 51,44,44 48,50,50 27,26,29 23,13,12
10,18,23 15,15,23 12,20,25 15,19,21 13,17,19 16,20,24 24,24,32 41,39,51 31,29,41 30,30,40 28,28,36 22,23,26 19,18,23 26,24,32 23,23,31 15,16,19 26,23,29 20,14,19 30,28,29 28,23,22 23,20,24 30,25,27 30,30,30 29,24,26 23,21,19 33,31,29 36,36,31 24,25,17 43,38,35 30,29,20 24,24,19 55,54,43 30,29,22 38,38,35 47,46,39 41,40,29 43,44,34 48,44,36 33,31,27 34,33,26 34,33,26 31,30,21 44,42,38 40,38,34 42,36,31 36,36,31 37,35,31 47,46,39 44,40,34 45,39,32 45,40,26 51,43,32 59,49,39 61,50,35 66,55,40 59,50,33 61,51,39 65,58,42 54,46,35 60,51,45 73,68,54 65,63,64 31,30,33 25,16,8
18,23,29 14,19,25 17,22,28 13,14,17 16,18,18 17,19,19 31,29,39 27,25,35 27,27,37 21,24,31 19,17,25 23,26,33 23,22,27 24,25,30 26,22,35 20,20,20 29,29,29 20,18,19 27,25,26 19,16,22 23,23,23 26,24,25 32,30,28 23,18,20 39,37,35 28,23,20 36,36,33 39,37,33 45,44,37 33,29,23 42,41,34 43,39,31 40,39,32 34,33,26 47,45,41 39,38,27 30,26,20 37,33,23 35,32,19 50,41,37 27,25,21 36,37,29 31,30,21 40,41,31 44,40,30 38,32,27 38,32,25 45,44,35 50,44,35 50,41,33 48,42,33 54,45,37 63,52,37 63,49,33 74,56,35 72,55,29 69,56,35 69,59,37 60,51,36 67,60,42 57,52,38 77,70,52 32,30,28 27,16,9
11,17,20 12,18,21 14,18,22 14,18,20 13,18,17 12,19,14 28,31,38 36,36,44 22,22,30 23,26,33 15,16,21 27,28,33 23,23,31 24,22,30 25,24,29 19,17,18 27,26,29 23,21,22 34,32,33 19,19,16 20,20,20 24,24,24 29,29,26 27,25,21 41,36,38 30,25,22 46,45,38 45,43,39 43,39,33 35,30,27 55,56,44 57,54,41 45,45,40 40,39,32 32,33,23 46,42,32 57,54,39 43,39,29 39,36,21 42,36,31 49,44,41 29,24,21 40,36,28 34,32,28 41,40,33 39,35,27 37,33,23 46,45,34 48,42,33 53,43,33 52,42,32 53,42,27 61,47,31 67,49,28 84,60,34 85,63,29 74,56,26 73,56,32 60,51,34 60,53,37 59,53,44 66,62,41 33,31,29 32,20,10
12,18,19 12,17,23 14,19,25 13,17,19 15,17,17 12,17,16 16,14,22 23,22,27 20,18,26 28,29,34 24,23,28 27,28,33 28,24,33 31,30,35 24,24,32 21,19,20 36,37,40 26,26,26 38,38,35 21,19,17 24,24,19 29,30,33 29,29,29 33,31,29 41,39,40 33,28,27 44,42,40 44,42,40 48,47,40 40,41,31 55,51,41 53,49,43 40,39,30 54,51,38 64,61,48 44,43,32 56,49,33 42,38,28 37,36,27 38,37,28 53,52,43 37,36,27 41,37,27 35,34,23 39,35,27 29,20,14 34,28,21 41,36,22 47,37,27 60,51,34 48,37,22 62,49,26 76,52,26 84,60,27 148,91,22 101,67,26 86,62,27 90,68,34 72,54,33 61,52,35 64,52,40 52,52,49 37,37,37 37,23,9
10,16,17 14,19,25 13,18,24 19,18,21 13,14,17 13,17,19 37,35,43 23,21,29 24,22,32 23,27,31 27,26,31 19,18,21 31,29,39 33,32,37 17,16,19 28,23,25 26,25,28 34,32,33 37,32,31 27,25,23 26,24,22 37,35,36 31,29,27 32,32,29 30,30,25 42,37,34 36,37,29 50,45,42 41,40,31 47,48,38 47,43,33 58,54,46 60,59,50 51,48,35 45,40,28 49,43,34 47,42,28 38,37,26 39,38,27 43,39,29 56,55,46 38,37,28 35,31,23 49,45,35 38,37,28 34,28,21 35,26,18 42,37,25 44,34,22 59,45,27 63,49,31 71,54,28 80,57,26 87,60,24 195,120,23 141,83,21 101,69,27 92,64,26 92,72,42 82,65,37 83,64,27 44,48,50 40,38,34 42,28,12
13,17,19 12,17,25 12,20,27 12,16,20 13,18,17 11,17,18 29,30,35 27,30,41 22,27,37 25,28,37 24,25,30 26,29,38 22,22,30 27,25,33 23,21,22 23,23,23 22,22,22 32,30,31 28,26,27 33,28,27 23,21,19 19,19,19 28,26,24 31,31,28 34,34,31 39,37,33 39,38,31 53,54,46 47,46,35 40,36,28 53,50,37 55,54,47 51,52,40 44,45,33 49,46,33 56,51,37 64,54,42 41,40,31 43,39,31 40,39,30 41,37,27 49,43,34 37,33,23 50,42,31 44,38,31 45,36,28 42,34,23 49,41,30 54,45,30 56,43,22 65,47,26 79,59,29 84,55,22 93,62,23 180,123,54 255,235,100 117,83,24 105,74,35 92,61,24 93,60,12 143,105,27 51,56,52 40,38,34 42,29,22
9,10,15 10,16,19 15,20,26 14,18,20 13,18,14 16,20,22 24,25,28 31,31,43 29,28,33 27,28,33 17,18,21 20,16,25 33,31,43 31,30,35 27,26,31 27,27,24 23,23,20 34,34,31 18,18,18 30,28,26 23,21,22 19,19,19 30,28,26 34,34,29 30,30,27 35,34,27 39,39,39 41,41,36 47,46,35 42,36,31 45,40,28 58,55,40 48,47,36 38,40,23 63,59,49 58,52,43 53,45,32 54,51,36 61,55,46 44,43,32 44,41,26 59,51,40 43,37,28 47,41,32 47,41,32 47,42,30 43,35,24 52,44,31 53,44,27 62,52,30 67,52,30 75,58,30 88,61,27 95,68,25 146,89,31 255,217,85 236,141,34 125,83,18 118,78,3 122,84,0 97,74,16 56,54,55 45,43,39 47,31,25
11,16,24 16,19,28 15,20,26 16,17,20 14,21,19 18,16,14 30,31,36 25,25,35 24,24,32 21,21,29 19,18,21 18,18,26 20,20,28 27,28,33 18,15,21 25,23,21 26,24,25 37,35,36 24,23,26 26,24,22 22,22,19 25,23,19 24,24,21 30,29,22 28,27,20 17,15,13 40,40,37 43,44,36 40,36,26 48,37,32 37,33,23 62,58,41 43,39,29 44,40,30 47,43,33 55,45,35 47,37,27 51,47,37 62,57,45 44,40,32 50,41,33 53,51,33 51,43,32 52,44,33 51,48,35 53,45,34 47,39,26 43,40,27 56,49,33 58,49,32 56,45,26 67,52,30 85,61,28 94,66,26 113,80,32 207,136,23 255,235,90 183,121,24 238,142,0 255,174,0 240,149,0 51,48,52 44,44,41 43,34,26
11,17,18 15,19,21 15,21,24 14,16,16 18,25,20 25,22,26 23,21,29 22,22,32 23,27,31 26,29,36 27,27,37 20,21,24 20,19,22 36,35,40 27,24,28 26,24,25 23,23,20 26,26,26 45,43,44 26,21,20 27,25,26 37,37,32 23,21,22 29,24,21 33,28,27 34,32,33 37,37,32 35,31,25 39,38,31 48,42,37 37,33,23 63,59,51 49,43,34 49,43,34 45,39,32 43,39,29 47,47,31 50,45,31 56,52,42 49,45,35 65,55,45 56,53,40 48,43,31 54,51,38 47,47,33 52,43,35 51,48,35 51,42,34 57,49,36 58,51,35 66,57,42 70,59,42 68,65,71 72,59,38 98,68,26 132,88,21 255,237,82 204,127,5 172,107,14 255,175,0 175,107,0 46,47,50 44,44,44 42,33,25
14,18,22 12,18,21 13,19,22 16,15,18 13,18,17 17,19,19 26,29,36 36,36,44 27,27,35 21,21,29 29,27,37 23,22,27 18,17,22 35,36,41 25,24,27 29,29,29 24,24,21 43,43,40 28,26,24 23,23,20 32,27,29 28,23,22 18,16,17 24,21,27 28,26,24 19,18,21 39,39,34 43,43,38 30,31,23 37,38,26 45,47,42 45,38,36 40,34,27 55,49,40 46,37,31 48,47,36 51,45,36 49,44,30 49,48,37 54,50,40 51,48,35 83,78,64 54,49,37 50,42,31 41,38,25 43,37,30 57,49,38 49,41,30 57,52,40 56,51,37 58,51,35 56,51,37 56,54,36 72,57,35 97,59,22 119,86,34 138,102,40 223,161,36 179,105,0 127,72,2 99,77,57 43,43,51 38,39,42 38,32,25
14,15,18 10,19,19 11,12,15 15,22,20 14,19,15 22,24,24 23,26,33 24,24,34 29,30,35 24,24,34 27,25,33 23,23,31 22,20,28 28,28,36 28,26,27 29,29,29 30,25,27 41,38,42 40,38,34 21,19,20 14,16,16 18,16,14 18,16,14 17,15,16 12,10,6 16,16,16 30,25,22 52,51,42 32,31,24 20,15,17 36,31,30 40,34,25 50,37,16 38,32,23 54,40,24 45,35,11 58,51,31 40,39,28 44,41,26 42,37,23 60,60,46 82,78,59 58,54,37 48,43,29 48,43,31 48,43,31 54,49,37 51,46,34 65,60,48 56,51,37 47,42,28 48,43,31 51,44,28 65,50,30 114,69,21 112,74,24 118,83,16 117,77,0 179,114,5 60,52,39 56,53,59 36,42,45 34,37,44 34,28,23
12,11,16 11,17,20 13,17,21 17,18,21 13,18,14 17,18,23 32,35,44 22,25,34 24,24,32 27,27,39 29,27,35 25,25,37 22,20,28 30,30,38 22,21,24 27,29,29 20,21,26 30,29,32 22,22,22 28,25,29 23,21,19 20,15,14 19,14,16 18,13,10 19,15,9 24,18,11 21,15,6 22,27,23 36,25,18 32,27,26 39,35,25 45,34,17 45,37,13 50,36,18 60,40,10 52,37,17 45,36,17 49,43,34 45,37,24 54,49,35 52,52,38 75,68,48 58,48,36 57,48,40 52,46,37 52,51,40 55,51,41 56,51,39 58,53,41 57,52,38 56,51,37 44,40,32 48,36,24 53,38,18 104,59,15 95,59,10 103,74,11 151,118,0 255,233,0 165,101,14 35,46,57 33,36,43 32,35,42 32,23,19
13,12,15 9,13,15 14,21,19 14,18,22 15,17,17 23,26,33 25,32,44 28,28,40 26,29,38 29,32,43 19,21,35 21,22,41 23,22,27 30,28,36 20,17,21 27,26,29 24,22,23 25,23,24 13,10,14 25,15,19 23,18,20 20,13,13 24,22,18 23,19,13 26,21,9 36,26,14 34,25,8 41,30,15 40,31,16 49,35,8 53,38,16 33,29,21 62,40,2 63,43,23 61,42,3 70,49,8 58,39,2 52,42,20 59,44,24 53,43,31 72,64,51 79,72,52 51,41,29 58,50,37 47,43,37 64,62,44 58,54,46 46,38,27 54,53,56 50,54,56 35,53,70 45,53,69 56,49,49 46,37,31 121,78,22 84,59,15 82,61,9 117,99,26 220,163,0 117,85,39 45,54,77 31,35,48 28,31,40 27,20,20
12,11,14 11,15,17 12,18,21 14,16,16 14,16,16 24,32,39 34,37,48 29,34,44 21,24,33 32,32,44 30,30,40 25,28,39 29,29,39 27,28,33 20,18,26 25,27,27 18,21,30 20,21,24 20,15,14 32,31,22 23,16,16 23,19,13 26,22,14 24,18,11 35,28,8 40,31,16 52,41,22 47,40,22 48,38,26 53,43,31 59,48,31 59,42,5 59,44,8 61,42,19 70,49,8 72,48,15 72,55,20 72,51,0 73,49,0 78,59,6 84,55,6 78,61,33 72,53,14 76,58,16 37,37,23 53,50,35 58,52,45 58,52,43 48,53,61 36,46,66 39,54,72 42,56,79 65,58,56 68,48,18 135,92,18 188,114,0 69,43,0 81,71,49 175,146,0 174,136,0 29,38,51 31,37,54 28,28,36 21,16,18
9,19,16 11,18,16 12,18,21 12,20,25 12,17,16 25,29,42 28,32,47 20,25,35 21,26,34 20,23,32 21,18,24 24,30,33 32,32,42 25,23,31 14,23,36 22,25,34 18,18,26 14,11,15 37,36,39 25,19,24 23,22,25 29,21,27 32,29,33 36,29,11 39,29,17 46,36,35 43,32,13 54,45,18 63,49,24 57,43,25 72,51,10 71,53,9 73,52,9 81,61,2 76,59,0 82,59,1 87,64,0 78,59,0 93,63,0 94,71,0 93,65,0 100,61,0 93,64,0 82,53,0 93,63,0 83,62,19 70,48,14 82,61,36 38,53,71 35,45,63 38,46,64 48,68,92 68,54,36 172,135,0 102,70,15 92,53,21 77,52,0 73,51,2 126,111,34 151,115,0 33,38,48 25,33,42 24,24,32 20,17,21
10,17,15 11,17,20 13,19,22 13,18,24 14,20,21 34,37,48 25,30,40 20,27,39 28,28,40 21,26,34 26,30,43 24,32,37 27,27,37 20,23,30 11,15,19 19,23,25 23,22,37 18,18,28 38,43,49 26,29,40 27,28,33 35,33,29 38,28,18 39,31,20 44,37,35 44,38,33 56,44,16 62,47,25 64,48,15 74,57,10 79,57,10 78,57,3 80,56,3 87,60,0 91,62,0 90,62,4 97,68,0 94,64,0 101,69,0 103,62,0 97,59,0 97,60,0 99,69,0 100,67,0 90,52,4 100,71,0 103,64,0 110,69,0 28,42,65 30,40,56 36,44,60 44,72,97 58,48,38 57,48,31 56,45,26 117,75,12 77,53,0 79,52,0 77,63,34 131,104,0 24,37,52 25,35,43 17,25,30 8,14,15
7,14,12 11,13,13 17,18,21 14,20,21 10,17,12 21,24,33 20,24,37 20,27,39 26,34,43 26,31,41 18,26,35 26,34,39 22,24,38 27,30,41 18,21,30 15,23,30 20,23,30 20,27,39 29,32,41 29,27,35 42,37,36 41,35,28 44,42,43 52,41,34 54,39,28 53,43,31 61,48,27 62,46,13 69,52,5 79,54,10 91,66,9 88,59,0 86,54,8 100,63,0 92,60,0 103,69,0 106,71,0 111,76,0 100,64,0 117,81,0 120,85,0 110,73,0 115,73,0 116,79,0 116,73,0 121,81,0 124,79,0 108,79,3 31,44,63 28,38,54 30,39,52 42,59,81 91,71,23 73,59,30 49,38,21 70,46,9 80,55,0 84,57,0 89,53,20 39,47,37 28,43,59 19,34,48 13,22,24 8,12,16
11,15,17 9,13,15 11,16,15 12,19,17 14,21,16 22,26,30 22,30,39 21,26,34 18,24,27 20,25,33 18,26,31 20,23,32 20,23,32 19,24,32 28,32,34 18,26,33 20,25,33 25,28,35 31,33,33 35,33,31 44,38,29 47,40,40 48,42,33 49,41,28 51,38,15 69,51,21 70,50,18 68,49,26 81,55,3 82,52,6 98,69,4 100,63,0 103,72,0 105,70,0 112,78,0 108,71,0 119,82,0 121,79,0 120,80,0 109,69,0 123,77,0 109,80,4 132,87,0 134,94,0 134,88,0 122,79,0 131,86,0 126,94,10 33,46,63 24,31,45 32,41,54 40,48,57 122,85,2 67,45,39 74,53,1 64,43,0 68,43,0 75,48,1 73,45,16 47,37,15 19,40,61 18,34,45 14,19,25 11,17,20
13,17,19 11,16,15 13,17,19 10,17,15 13,20,15 21,25,27 18,21,28 17,23,26 17,23,26 16,24,31 19,27,34 16,24,33 20,23,32 19,24,32 29,34,40 21,27,30 25,26,31 27,26,29 30,29,32 37,35,31 40,36,30 41,34,32 50,42,31 52,40,28 59,45,20 68,50,6 68,51,12 81,61,0 82,57,0 90,59,0 92,58,0 100,64,0 114,81,0 107,72,0 111,75,0 106,68,0 114,75,0 126,85,0 120,78,0 129,86,0 104,82,17 16,21,20 138,88,0 152,100,0 142,93,0 140,91,0 146,97,0 71,71,68 30,41,54 25,30,38 36,39,48 35,56,75 95,76,37 34,33,38 75,51,0 76,50,0 96,63,0 73,46,3 82,51,0 73,64,35 23,42,61 17,30,45 15,14,19 9,12,19
12,17,16 14,19,18 17,18,21 15,17,14 14,16,13 16,20,24 19,22,31 20,24,28 20,24,28 18,23,31 19,24,30 18,26,31 20,25,33 18,23,31 20,24,26 25,26,29 23,26,33 27,27,27 32,32,32 41,37,31 34,27,25 40,33,31 52,40,14 55,45,21 61,44,16 67,46,3 65,46,7 76,51,0 76,53,0 85,57,0 97,65,0 95,62,0 103,66,0 111,75,0 106,69,0 108,72,0 109,70,0 109,67,0 123,79,0 136,92,0 98,69,20 25,14,23 131,84,0 137,88,0 142,92,0 153,97,0 144,95,0 36,46,62 29,40,51 22,27,35 53,42,27 50,64,76 73,64,47 25,27,27 73,52,0 77,52,4 83,54,1 69,45,0 82,47,0 67,59,35 18,36,60 17,31,43 11,10,15 13,12,15
8,19,18 12,19,17 12,17,16 12,19,17 14,16,13 13,18,17 18,23,29 18,23,29 18,22,26 19,24,30 17,25,30 18,26,31 20,25,33 15,23,28 21,24,31 25,26,31 28,29,34 32,32,32 37,32,29 43,34,28 42,37,25 46,35,20 52,42,20 59,41,20 64,45,8 65,46,7 69,47,9 80,54,0 81,58,0 82,55,0 89,58,0 94,61,0 103,69,0 102,69,0 107,68,0 116,74,0 121,81,0 125,84,0 129,83,0 124,79,0 89,67,20 18,16,24 142,92,0 130,82,0 141,93,0 148,99,0 151,96,0 46,44,42 35,40,48 23,26,33 56,44,32 96,77,38 35,48,74 63,49,20 50,37,3 56,41,19 71,41,0 75,45,0 121,78,0 64,61,46 26,44,59 17,31,41 11,11,11 13,14,17
13,19,22 8,18,15 11,18,16 12,16,18 11,16,15 14,18,20 20,25,31 19,27,34 21,26,34 19,27,32 19,27,34 19,27,34 20,25,31 20,25,33 22,25,32 29,28,31 32,31,34 30,30,30 34,33,26 40,32,21 44,36,23 45,36,21 55,43,13 64,45,10 68,50,6 67,49,7 75,52,0 71,49,0 77,53,0 80,55,0 88,58,0 90,57,0 90,58,0 104,67,0 114,75,0 107,67,0 119,78,0 120,74,0 58,31,0 132,87,0 103,73,15 21,17,11 143,89,0 141,88,0 131,85,0 136,90,0 154,102,0 88,75,43 20,25,31 25,24,29 34,28,19 92,63,0 53,64,91 65,52,20 17,23,26 28,30,30 38,18,11 64,43,18 100,63,10 34,53,74 17,32,48 14,28,40 9,11,11 11,11,11
11,15,17 12,16,18 7,13,14 11,18,16 15,16,19 15,19,23 22,25,36 19,26,38 20,27,39 18,26,31 18,26,31 17,25,32 18,26,33 21,26,32 23,27,31 24,25,30 29,28,33 30,28,26 31,29,27 38,29,25 44,35,20 46,34,24 50,36,20 57,43,18 67,48,13 59,41,11 67,45,0 72,51,0 75,51,0 83,55,0 87,57,0 89,56,0 102,66,0 100,64,0 109,72,0 114,75,0 109,70,0 117,77,0 21,16,18 129,83,0 119,87,14 27,30,20 142,92,0 139,99,0 17,19,16 138,92,0 139,88,0 114,80,10 19,27,32 22,22,30 35,31,14 46,38,16 129,98,7 23,24,27 64,51,30 25,27,22 63,40,0 102,57,11 99,63,3 33,53,79 19,32,47 19,29,35 11,11,11 12,9,13
8,17,19 14,18,22 10,19,19 11,13,13 12,16,18 14,20,21 20,23,34 20,25,31 21,26,32 19,27,34 17,25,30 18,26,33 18,26,33 20,25,31 21,25,29 25,26,31 29,28,33 31,29,27 34,29,26 36,31,28 44,36,25 48,37,18 57,39,18 56,38,6 61,44,7 65,44,3 76,50,0 76,53,0 77,49,0 71,52,0 92,61,0 101,64,0 96,64,0 95,61,0 109,70,0 114,72,0 127,82,0 116,78,0 20,18,19 90,57,0 119,85,11 16,18,18 143,92,0 60,49,42 17,15,16 143,94,0 136,86,0 116,82,8 21,25,29 25,19,26 38,27,22 22,21,24 111,75,0 19,16,22 78,62,29 33,28,14 41,20,0 70,42,13 95,61,0 29,47,60 20,34,46 14,20,23 11,11,11 11,11,8
10,15,21 17,22,28 13,18,17 13,19,20 10,16,19 15,20,19 21,26,36 20,25,31 21,26,34 17,27,35 20,25,31 20,25,33 20,25,31 21,27,30 22,26,30 25,26,29 31,30,33 32,30,28 39,35,29 40,34,25 52,43,16 45,37,24 51,39,13 60,42,12 72,50,5 67,45,0 66,43,1 68,46,0 74,50,0 71,50,0 83,56,0 82,55,0 94,62,0 104,67,0 106,63,0 112,70,0 116,76,0 115,70,0 20,17,21 51,29,0 125,88,7 17,19,19 139,93,0 21,22,25 38,22,5 141,96,0 133,85,0 127,87,12 17,19,19 22,21,24 29,32,41 16,16,16 53,43,21 17,17,17 133,89,9 27,28,20 26,18,7 67,42,12 61,43,22 26,47,68 21,32,43 12,16,20 11,11,11 11,11,11
9,13,15 15,19,21 10,16,17 11,17,18 15,22,20 20,22,19 17,17,17 15,23,28 22,29,41 18,26,33 19,24,32 19,24,30 19,24,30 20,23,30 23,24,29 26,26,26 31,31,31 34,32,28 40,34,27 37,32,29 50,39,22 55,44,25 55,37,7 58,42,9 60,40,10 72,47,0 65,47,5 74,50,0 69,45,0 81,57,0 81,58,0 95,62,0 92,57,0 104,67,0 109,70,0 107,69,0 94,62,5 75,42,0 19,19,16 32,22,0 121,77,0 14,19,18 126,81,0 18,17,10 40,29,10 132,84,0 129,82,0 120,82,6 17,16,19 20,19,22 25,24,17 16,18,18 38,39,31 17,17,14 131,98,0 31,30,23 22,15,13 94,64,6 58,51,31 20,40,56 18,32,42 11,12,15 11,10,13 11,10,13
11,15,19 15,20,19 16,17,20 12,17,16 15,17,14 21,26,25 11,13,8 13,18,12 20,25,35 21,26,34 18,23,31 18,23,29 18,24,27 21,24,31 26,25,30 29,28,31 32,32,32 33,31,29 39,34,33 40,31,27 49,38,19 50,39,24 59,45,20 64,48,15 70,50,4 64,43,2 66,46,0 79,55,2 74,52,0 92,61,0 89,55,0 91,56,0 100,63,0 113,71,0 110,68,0 110,73,0 47,42,28 26,16,17 27,22,19 24,18,13 121,74,0 16,18,15 91,65,13 17,16,9 53,24,2 134,87,0 126,80,0 111,79,24 20,18,16 29,25,19 35,28,12 16,18,18 36,37,29 17,17,12 53,47,24 41,35,28 23,18,15 132,88,0 70,59,44 16,34,47 20,25,35 11,11,11 11,10,13 12,12,12
15,20,26 15,21,24 14,18,20 13,20,15 28,35,33 29,29,29 19,20,12 13,18,14 13,19,10 18,24,25 21,24,31 18,23,29 19,24,30 21,25,29 22,26,28 31,30,33 33,33,33 34,33,36 41,36,24 44,40,21 43,37,28 49,43,20 58,41,15 60,42,12 73,52,0 65,45,0 69,50,0 66,43,3 77,54,0 86,57,0 92,62,0 89,59,0 91,58,0 102,68,0 119,78,0 111,72,0 99,67,10 16,16,11 28,24,18 19,17,15 127,83,0 15,20,16 28,26,27 16,15,8 57,35,1 138,91,0 128,87,0 25,19,24 22,22,17 25,24,15 49,36,2 16,18,18 32,32,29 20,18,16 72,64,42 43,39,20 19,17,13 107,71,0 38,49,60 19,30,41 15,14,17 11,11,11 11,10,13 11,11,11