11,10,13 11,10,13 11,10,13 11,10,13 11,10,13 11,10,13 10,9,12 10,9,12 10,9,12 11,10,13 11,10,13 11,11,11 13,11,12 14,11,17 17,14,18 18,16,17 25,23,24 30,28,29 38,36,34 41,34,34 42,35,35 50,44,39 56,50,45 62,56,49 70,61,55 70,61,53 71,63,50 73,65,52 77,69,56 79,71,58 79,71,58 81,73,60 82,75,59 77,69,56 70,62,51 65,59,50 58,52,47 56,50,43 51,45,40 47,41,36 45,39,32 45,39,34 47,40,40 47,40,40 43,36,39 37,32,34 33,28,30 33,31,32 31,29,30 26,24,25 21,18,22 13,12,15 11,10,13 10,9,12 10,9,12 10,9,12 10,9,12 10,9,12 10,9,12 10,9,12 10,9,12 10,9,12 10,9,12 10,9,12
11,10,13 11,10,13 11,10,13 11,10,13 11,10,13 11,10,13 10,9,12 10,9,12 10,9,12 11,10,13 11,10,13 11,10,13 13,11,12 14,11,15 17,15,16 19,17,18 24,22,23 30,28,29 37,35,33 39,34,33 41,34,34 50,44,39 57,51,46 61,55,48 68,59,53 70,61,53 70,62,49 72,64,51 74,66,53 77,69,56 79,71,58 82,74,61 81,74,58 75,67,54 70,62,49 64,58,49 58,52,45 55,49,42 51,45,40 45,39,32 45,39,32 44,38,33 45,38,38 47,40,40 43,36,36 37,35,36 31,29,30 32,30,31 31,29,30 27,25,26 23,20,24 13,12,15 10,9,12 10,9,12 10,9,12 10,9,12 10,9,12 10,9,12 10,9,12 10,9,12 10,9,12 10,9,12 10,9,12 10,9,12
11,10,13 11,10,13 11,10,13 11,10,13 11,10,13 11,11,11 10,9,12 10,9,12 10,9,12 11,10,13 11,10,13 11,10,13 13,10,14 14,11,15 16,14,15 19,17,18 24,22,23 28,26,27 37,35,33 37,35,33 40,33,33 50,44,39 55,49,44 61,55,50 66,60,51 66,61,49 70,65,53 71,68,53 75,65,53 82,72,60 79,69,57 85,76,59 99,78,53 108,87,64 119,95,73 116,85,64 108,79,59 91,69,51 79,59,41 67,51,34 65,49,34 65,49,34 59,44,33 60,47,40 59,46,43 47,35,35 51,35,31 32,27,26 31,29,30 27,25,26 23,21,22 15,14,17 11,10,13 10,9,12 10,9,12 10,9,12 10,9,12 10,9,12 10,9,12 10,9,12 10,9,12 10,9,12 10,9,12 10,9,12
11,10,13 11,10,13 11,10,13 11,10,13 11,10,13 11,10,15 10,9,12 10,9,12 10,9,12 11,10,13 11,10,13 11,10,13 13,10,14 14,11,15 16,13,17 18,15,19 24,22,23 28,26,27 34,32,30 35,33,31 39,34,31 162,114,60 169,114,60 179,126,81 197,137,83 190,135,79 194,134,80 191,128,75 182,127,71 184,129,75 186,131,77 173,119,71 158,113,67 150,106,66 149,98,61 139,92,60 123,78,55 100,66,46 83,58,39 71,52,36 62,45,35 58,43,34 59,44,33 56,43,36 55,42,35 55,39,33 50,35,26 31,29,30 31,29,30 28,26,27 24,22,23 16,15,18 11,10,13 10,9,12 10,9,12 10,9,12 10,9,12 10,9,12 10,9,12 10,9,12 10,9,12 10,9,12 10,9,12 10,9,12
11,10,13 11,10,13 11,10,13 11,10,13 11,10,13 11,10,13 11,10,13 10,9,12 10,9,12 11,10,13 11,10,13 11,10,13 13,10,14 14,11,15 16,14,15 18,16,17 23,21,22 27,25,26 34,32,33 35,33,31 40,35,32 164,103,56 162,106,59 162,108,58 166,114,64 174,115,67 172,117,65 163,108,56 170,114,65 167,115,67 169,115,67 174,118,71 165,115,71 153,104,64 153,102,63 147,98,62 131,85,59 111,71,48 91,65,44 79,57,37 65,46,32 59,44,33 54,41,38 53,40,35 50,37,30 54,39,30 50,33,23 30,28,29 30,28,29 27,25,26 25,23,24 16,15,18 11,10,13 10,9,12 10,9,12 10,9,12 10,9,12 10,9,12 10,9,12 10,9,12 10,9,12 10,9,12 10,9,12 10,9,12
11,10,13 11,10,13 11,10,13 11,10,13 11,10,13 11,10,13 11,10,13 10,9,12 10,9,12 11,10,13 11,10,13 11,10,13 13,10,14 14,11,15 16,14,15 18,15,19 23,21,22 27,25,26 33,31,32 34,32,30 37,32,34 141,90,51 146,91,50 161,107,57 162,108,58 168,114,64 172,116,69 167,110,66 166,112,64 169,115,67 175,120,75 168,113,70 162,112,70 154,111,66 156,107,69 147,99,70 132,91,64 119,78,58 101,67,45 94,65,45 73,52,37 61,47,33 56,40,34 53,40,35 52,39,34 50,37,30 47,35,25 27,25,26 31,29,30 27,25,26 24,22,23 18,16,17 11,10,13 10,9,12 10,9,12 10,9,12 10,9,12 10,9,12 10,9,12 10,9,12 10,9,12 10,9,12 10,9,12 10,9,12
11,10,13 11,10,13 11,10,13 11,10,13 11,10,13 11,10,13 11,10,13 10,9,12 10,9,12 11,10,13 11,10,13 11,10,13 11,10,13 13,10,16 16,14,15 17,14,18 23,20,24 26,24,25 32,30,28 33,31,32 34,32,30 123,77,49 134,83,48 159,102,58 167,113,65 170,111,65 162,108,60 151,101,57 149,99,55 157,107,61 164,111,66 162,112,66 171,123,78 173,125,82 150,100,67 133,89,51 117,71,41 112,70,46 120,80,57 102,71,50 84,57,39 68,47,32 59,45,29 59,42,32 54,38,34 59,43,30 49,32,24 47,34,31 28,26,27 27,25,26 24,22,23 18,17,20 12,11,14 11,10,13 10,9,12 10,9,12 10,9,12 10,9,12 10,9,12 10,9,12 10,9,12 10,9,12 10,9,12 10,9,12
11,10,13 11,10,13 11,10,13 11,10,13 11,10,13 11,10,13 11,10,13 10,9,12 10,9,12 10,9,12 11,10,13 11,10,13 11,10,13 14,11,15 16,13,17 17,14,18 21,19,20 26,24,25 31,29,27 32,30,28 33,31,29 112,68,42 121,78,45 157,102,59 163,106,62 205,140,78 110,70,34 109,67,27 132,84,39 156,106,60 162,114,71 151,106,62 157,112,68 159,113,74 171,125,88 152,105,73 105,66,38 96,59,33 113,72,52 114,80,60 86,57,37 72,47,28 66,47,33 61,46,35 62,47,38 63,46,36 48,33,22 52,37,28 28,26,27 27,25,26 24,22,23 18,17,20 12,11,14 11,10,13 10,9,12 10,9,12 10,9,12 10,9,12 10,9,12 10,9,12 10,9,12 10,9,12 10,9,12 10,9,12
11,10,13 11,10,13 11,10,13 11,10,13 11,10,13 11,10,13 11,10,13 10,9,12 10,9,12 10,9,12 11,10,13 11,10,13 11,10,13 13,10,14 13,12,15 17,15,16 23,18,20 25,23,24 31,29,30 31,29,27 32,30,28 124,87,61 132,91,60 147,96,57 157,104,63 179,123,60 170,120,76 148,98,52 147,99,54 148,103,57 143,99,57 148,103,57 156,108,63 163,115,70 162,114,71 157,108,68 153,108,75 145,99,69 145,99,69 131,84,61 117,77,52 97,66,45 86,59,41 68,49,33 64,48,35 52,36,32 48,31,21 52,30,22 26,24,25 27,25,26 24,22,23 18,17,20 15,14,17 11,10,13 10,9,12 10,9,12 10,9,12 10,9,12 10,9,12 10,9,12 10,9,12 10,9,12 10,9,12 10,9,12
11,10,13 11,10,13 11,10,13 11,10,13 11,10,13 11,10,13 11,10,13 10,9,12 10,9,12 10,9,12 11,10,13 11,10,13 11,10,13 13,10,14 13,12,15 17,14,18 21,19,20 25,23,24 28,26,27 31,29,27 32,27,26 96,60,42 137,91,61 130,84,47 146,96,54 175,117,62 174,129,83 141,93,50 143,98,54 152,104,61 152,104,61 155,105,59 162,114,67 162,114,69 164,116,71 160,112,67 157,108,68 154,105,67 147,102,67 140,93,59 124,80,54 118,76,52 95,64,45 81,56,37 67,48,32 56,39,29 48,31,23 54,35,23 26,24,25 26,24,25 24,22,23 19,16,20 13,12,15 11,10,13 10,9,12 10,9,12 10,9,12 10,9,12 10,9,12 10,9,12 10,9,12 10,9,12 10,9,12 10,9,12
11,10,13 11,10,13 11,10,13 11,10,13 10,9,12 10,9,12 11,10,13 10,9,12 10,9,12 10,9,12 11,10,13 11,10,13 11,10,13 12,11,14 14,11,15 19,16,20 24,21,25 29,24,26 30,28,29 30,28,26 33,28,27 92,58,40 126,80,52 131,85,46 147,96,57 186,129,71 150,105,61 142,94,49 149,101,56 155,107,64 156,108,63 164,116,71 157,109,62 160,112,65 162,114,71 158,113,69 155,107,64 157,106,67 155,106,68 143,96,64 138,91,59 128,82,56 108,70,49 93,64,42 76,46,29 67,46,33 56,34,26 52,32,23 25,23,24 26,24,25 25,22,26 21,18,22 14,11,15 11,8,12 10,9,12 10,9,12 10,9,12 10,9,12 10,9,12 10,9,12 10,9,12 10,9,12 10,9,12 10,9,12
10,9,12 10,9,12 10,9,12 10,9,12 10,9,12 10,9,12 10,9,12 10,9,12 10,9,12 10,9,12 11,10,13 11,10,13 11,10,13 13,10,14 16,13,17 23,20,24 36,25,32 40,29,38 35,30,32 28,26,27 30,28,26 91,56,41 120,75,40 139,93,56 139,95,55 190,132,79 129,81,36 152,104,59 152,104,57 161,113,66 164,116,69 162,114,67 163,115,68 164,116,71 163,115,72 157,109,66 158,113,69 157,107,63 150,101,61 152,103,67 147,97,64 140,93,61 126,81,60 105,69,49 82,53,33 77,47,32 63,42,29 49,35,21 25,23,24 26,24,25 30,24,29 27,24,28 18,15,19 11,10,13 10,9,12 10,9,12 10,9,12 10,9,12 10,9,12 10,9,12 10,9,12 10,9,12 10,9,12 10,9,12
10,9,12 10,9,12 10,9,12 10,9,12 10,9,12 10,9,12 10,9,12 10,9,12 10,9,12 10,9,12 11,10,13 11,10,13 11,10,13 13,12,15 19,16,20 32,20,32 46,32,45 49,37,49 47,33,46 32,26,31 28,26,27 75,54,41 118,72,31 153,107,66 140,94,53 180,126,78 125,79,24 148,100,53 153,104,55 160,110,64 163,113,67 157,109,64 159,111,68 161,113,68 154,106,61 157,109,64 150,102,55 154,104,58 140,91,51 152,103,63 168,118,76 139,88,53 129,85,55 117,75,51 102,66,46 88,59,39 71,45,31 51,32,18 21,23,23 29,22,25 38,30,36 40,29,38 27,19,25 16,13,17 11,10,13 10,9,12 10,9,12 10,9,12 10,9,12 10,9,12 10,9,12 10,9,12 10,9,12 10,9,12
10,9,12 10,9,12 10,9,12 10,9,12 10,9,12 10,9,12 10,9,12 10,9,12 10,9,12 10,9,12 11,10,13 11,10,13 11,10,13 17,14,18 28,20,28 39,27,39 53,37,50 63,45,56 57,42,50 37,32,31 28,26,24 56,43,38 133,87,48 145,99,62 146,97,57 164,111,58 150,97,52 143,95,50 150,97,54 156,109,59 139,81,26 168,113,57 176,123,70 151,101,59 169,119,73 93,56,32 138,85,40 141,91,47 159,111,66 155,104,65 146,92,56 146,95,60 126,84,60 129,81,54 112,70,48 89,62,44 77,47,30 63,36,20 24,17,17 27,25,26 46,35,44 52,36,51 35,26,37 21,15,22 12,9,13 10,9,12 10,9,12 10,9,12 10,9,12 10,9,12 10,9,12 10,9,12 10,9,12 10,9,12
10,9,12 10,9,12 10,9,12 10,9,12 10,9,12 10,9,12 10,9,12 10,9,12 10,9,12 10,9,12 11,10,13 11,10,13 14,11,15 19,16,20 31,23,31 47,32,42 59,42,48 69,52,58 66,49,50 45,38,41 27,25,23 48,37,32 143,94,54 139,90,52 141,93,50 166,114,66 160,107,54 139,91,48 140,90,46 148,101,51 154,101,37 163,114,63 144,99,55 133,85,42 153,102,63 117,81,52 137,88,39 165,112,67 156,106,60 145,91,53 153,99,65 148,94,58 116,78,59 125,79,53 111,69,47 89,59,42 86,50,32 70,41,21 37,27,26 25,25,25 48,34,47 56,40,53 45,31,44 31,19,31 16,14,15 11,10,13 10,9,12 10,9,12 10,9,12 10,9,12 10,9,12 10,9,12 10,9,12 10,9,12
10,9,12 10,9,12 10,9,12 10,9,12 10,9,12 10,9,12 10,9,12 10,9,12 10,9,12 10,9,12 11,10,13 11,10,13 16,13,17 25,19,26 37,26,35 49,34,42 62,45,51 72,55,58 74,56,55 55,43,48 25,25,22 38,32,27 151,105,64 124,80,40 140,95,49 163,114,65 151,96,51 141,91,45 142,94,51 141,93,46 160,107,52 152,103,67 162,110,60 162,110,62 169,122,70 149,105,67 162,112,66 150,100,58 152,99,56 161,111,67 143,93,49 141,95,54 73,40,15 125,79,49 113,72,45 98,56,34 111,66,45 80,46,28 64,38,28 25,22,26 54,40,45 63,46,52 54,36,45 39,27,39 23,17,24 14,11,15 10,9,12 10,9,12 10,9,12 10,9,12 10,9,12 10,9,12 10,9,12 10,9,12
10,9,12 10,9,12 10,9,14 10,10,10 10,9,12 10,10,10 10,9,12 10,9,12 10,9,12 10,9,12 11,10,13 12,9,13 19,13,18 31,20,29 43,27,42 55,38,44 65,48,51 76,57,59 78,60,55 64,47,48 35,25,26 30,28,26 134,92,54 106,63,30 133,86,52 157,108,70 149,99,57 137,91,50 130,86,46 136,92,54 167,114,71 144,98,57 122,76,37 142,94,49 159,111,66 150,102,59 162,112,66 159,107,59 153,100,57 158,106,58 155,102,59 157,104,61 95,53,29 125,77,48 119,74,51 135,84,56 132,84,59 90,52,31 69,37,23 26,21,23 55,41,46 65,48,51 59,42,48 45,29,42 30,21,32 16,13,17 12,11,14 11,10,13 10,9,12 10,9,12 10,9,12 10,9,12 10,9,12 10,9,12
10,9,12 10,9,12 10,9,12 11,10,13 11,10,13 11,10,13 10,9,12 10,9,12 10,9,12 10,9,12 11,10,13 14,11,15 22,16,23 31,22,33 48,33,43 58,40,49 69,50,54 77,58,60 82,61,57 69,53,47 37,27,26 30,25,24 128,84,54 98,54,26 121,77,47 114,70,40 134,91,56 128,85,52 122,79,44 127,79,50 139,97,73 126,85,56 133,93,57 133,92,61 145,105,69 120,87,60 150,100,54 88,46,24 95,56,28 99,55,27 115,72,39 128,78,47 134,90,62 125,78,46 120,76,46 144,93,58 122,78,52 98,56,34 78,42,22 19,19,19 57,40,46 71,52,54 63,46,52 51,33,44 36,24,36 22,15,25 13,10,14 11,10,13 10,9,12 10,9,12 10,9,12 10,9,12 10,9,12 10,9,12
11,10,13 11,10,13 11,10,13 11,11,11 11,10,13 12,11,14 10,9,12 10,9,12 10,9,12 10,9,12 11,10,13 16,13,17 27,19,25 34,26,34 47,32,40 59,42,48 71,52,54 78,60,59 85,65,58 75,55,48 40,31,27 30,25,27 111,67,41 94,54,29 117,76,47 122,82,48 124,79,46 126,83,48 122,79,44 121,78,45 128,85,52 129,84,49 136,90,51 134,85,45 146,97,48 148,95,52 147,99,54 152,100,50 160,104,57 144,89,44 124,71,30 143,93,51 71,30,1 131,82,46 122,76,48 136,86,53 115,71,45 93,50,33 77,43,23 20,15,17 54,40,45 72,54,53 64,47,50 56,39,45 43,27,40 29,20,31 16,13,17 11,10,13 11,10,13 10,9,12 10,9,12 10,9,12 10,9,12 10,9,12
10,9,14 10,9,14 10,9,12 10,9,12 10,9,12 10,9,12 10,9,12 10,9,12 10,9,12 11,10,13 13,10,14 16,13,17 28,20,26 39,28,37 48,33,41 61,44,47 71,53,52 77,59,56 86,64,58 80,58,50 47,36,33 27,22,21 111,64,41 92,52,27 119,75,45 118,74,44 117,76,45 119,76,43 106,66,32 111,71,37 105,64,37 122,76,46 148,99,59 161,111,65 153,103,59 151,105,66 152,104,57 144,89,37 145,92,47 162,108,60 130,75,32 127,73,35 132,83,47 131,82,44 123,76,44 127,77,44 120,70,39 99,59,36 82,44,25 23,11,11 55,36,38 73,52,52 69,50,54 59,42,48 45,30,38 33,21,33 18,15,19 13,10,14 11,10,13 10,9,12 10,9,12 10,9,12 10,9,12 10,9,12
11,10,13 11,10,13 11,10,13 11,10,13 11,10,13 11,10,13 10,9,12 10,9,12 10,9,12 11,10,13 13,10,14 18,12,17 28,20,26 40,27,35 51,34,40 61,44,47 70,54,52 77,59,56 87,65,57 80,60,51 48,37,34 25,23,24 104,58,32 95,55,32 117,76,45 116,75,44 116,72,42 120,77,44 102,63,33 102,63,35 99,58,31 124,80,54 143,94,56 149,95,57 149,96,55 157,107,65 149,99,53 163,108,56 126,75,38 171,118,65 155,103,55 132,77,34 143,88,47 135,84,47 126,77,41 125,78,46 119,69,38 112,64,37 93,48,25 45,17,6 48,34,34 69,51,48 70,51,55 62,45,51 48,33,43 37,25,37 23,17,22 16,13,17 11,10,13 11,10,13 10,9,12 10,9,12 10,9,12 10,9,12
11,10,13 11,10,13 11,10,13 11,10,13 11,10,13 10,9,12 10,9,12 10,9,12 11,10,15 11,10,13 13,10,14 19,13,18 29,21,27 40,27,35 51,34,37 62,43,45 70,54,50 75,59,53 83,61,53 80,64,51 55,43,33 30,23,23 103,57,29 116,77,49 112,71,42 106,65,36 120,75,40 102,61,32 100,59,32 102,63,35 87,47,22 128,84,56 129,85,47 118,71,39 149,101,58 140,92,47 135,84,47 148,96,46 150,97,52 149,97,47 135,81,43 157,108,59 128,77,38 130,79,44 123,73,40 120,75,42 129,77,47 124,70,36 91,49,25 76,42,24 44,32,34 64,48,42 72,54,53 62,45,51 52,33,40 39,27,39 29,21,29 17,14,18 12,9,13 11,10,13 10,9,12 10,9,12 10,9,12 10,9,12
11,10,13 11,10,13 11,10,13 11,10,13 11,10,13 10,9,12 10,9,12 10,9,12 11,10,13 11,10,13 14,11,15 19,13,18 34,21,29 42,28,33 51,34,37 59,43,39 66,48,45 73,55,50 78,61,53 79,63,50 61,45,39 33,23,22 98,50,23 104,65,37 109,68,37 108,69,41 120,76,38 116,76,42 96,57,29 99,60,30 87,48,20 113,69,41 113,74,44 137,94,59 139,92,58 152,96,47 118,74,44 123,70,29 156,100,53 134,86,41 146,92,54 127,73,35 141,86,45 123,77,40 124,74,41 120,70,37 112,61,22 130,76,40 96,50,24 82,44,23 40,28,30 64,47,39 69,53,49 64,45,52 52,35,38 43,27,40 30,22,30 20,14,19 14,11,15 11,10,13 10,9,12 10,9,12 10,9,12 10,9,12
10,9,12 10,9,12 10,9,12 10,9,12 10,9,12 10,9,12 10,9,12 10,9,12 11,10,13 11,10,13 14,11,15 21,13,19 34,21,29 42,27,35 48,34,36 58,42,40 66,48,47 73,55,52 78,62,49 78,62,47 63,48,37 33,23,22 91,47,21 105,64,35 104,60,32 108,64,36 107,68,29 100,56,26 96,60,29 102,61,32 99,58,31 74,39,12 111,70,41 120,79,50 125,86,54 104,62,38 101,57,27 144,98,61 73,44,24 94,60,40 117,82,57 132,91,60 133,87,57 126,80,43 126,76,43 117,65,33 148,94,60 112,65,33 99,52,29 89,47,25 32,20,22 59,43,39 69,51,50 64,47,50 51,34,40 45,29,42 31,23,31 23,15,21 13,10,14 11,11,11 11,10,13 10,9,12 10,9,12 10,9,12
10,9,12 10,9,12 10,9,12 10,9,12 10,9,12 10,9,12 10,9,12 10,9,12 12,11,14 11,10,13 14,11,15 21,15,20 32,21,28 42,27,35 50,33,39 56,40,38 64,46,43 71,53,50 76,59,51 78,62,47 63,48,37 38,27,24 95,50,27 105,61,33 110,69,38 118,75,42 104,61,26 118,75,40 101,62,32 98,59,31 100,59,32 99,62,36 114,70,44 108,64,38 112,72,38 129,84,51 145,99,60 150,100,56 147,97,55 141,93,48 143,98,52 138,90,47 134,89,45 126,80,43 120,75,42 109,63,33 129,77,45 95,50,27 86,44,22 82,45,21 27,15,20 55,39,35 66,48,47 62,45,46 52,35,38 45,30,40 33,25,33 26,17,28 14,11,15 12,11,14 11,10,13 10,9,12 10,9,12 10,9,12
10,9,12 10,9,12 10,9,12 10,9,12 10,9,12 10,9,12 10,9,12 10,9,12 11,10,13 11,10,13 14,11,15 18,15,19 28,20,26 38,25,33 47,33,38 56,38,37 62,44,43 67,49,46 74,57,49 77,61,46 64,47,37 39,30,26 91,49,27 113,67,37 118,72,42 115,72,39 121,76,41 150,102,55 103,62,31 100,59,32 104,64,39 108,69,41 106,67,37 105,67,32 113,72,41 121,77,47 148,98,56 141,93,48 145,97,52 140,95,49 143,95,50 139,91,48 128,79,41 122,76,39 114,68,38 105,61,35 111,65,39 92,50,28 75,39,19 72,38,18 21,14,14 50,34,32 64,46,45 62,43,45 52,35,38 46,31,41 33,21,33 23,15,23 16,13,17 12,9,13 11,10,13 11,10,13 10,9,12 10,9,12
10,9,12 10,9,12 10,9,12 10,9,12 10,9,12 10,9,12 10,9,12 10,9,12 11,10,13 11,10,13 14,11,15 17,14,18 29,21,27 39,24,32 46,31,39 52,36,34 60,42,41 65,47,42 71,54,46 73,56,46 63,46,36 43,32,29 81,49,35 122,77,42 122,78,48 127,80,46 121,76,43 132,79,34 107,64,29 109,68,37 113,69,41 104,63,36 107,66,37 105,64,33 109,68,39 115,72,39 129,86,53 133,86,52 134,89,43 138,92,51 138,92,53 139,90,50 131,85,48 118,73,40 113,67,37 97,55,31 97,57,34 79,44,19 71,39,23 65,30,15 25,7,2 41,29,34 62,45,46 60,41,45 52,35,38 48,30,41 36,22,35 26,20,27 16,13,17 13,10,14 11,10,13 11,10,13 10,9,12 10,9,12
10,9,12 10,9,12 10,9,12 10,9,12 10,9,12 10,9,12 10,9,12 10,9,12 11,10,13 11,10,13 14,11,15 17,14,18 24,16,22 34,21,29 43,28,36 50,33,34 57,41,39 63,45,42 67,50,40 73,56,48 65,49,36 41,30,27 63,40,25 141,99,61 118,72,35 128,79,39 121,70,33 148,96,46 114,69,36 107,67,33 109,68,37 105,64,33 109,68,41 100,59,32 105,64,37 109,68,37 115,71,41 119,75,45 122,77,44 122,78,48 122,79,46 117,77,43 120,75,42 116,72,42 108,64,38 99,54,31 95,53,29 84,48,26 72,36,18 60,29,10 45,19,7 38,26,28 58,41,42 61,39,44 51,34,37 45,30,38 33,22,29 24,16,24 17,14,18 13,10,14 11,10,13 11,10,13 10,9,12 10,9,12
10,9,12 10,9,12 10,9,12 10,9,12 10,9,12 10,9,12 10,9,12 10,9,14 11,10,13 11,10,13 14,11,15 17,14,18 24,16,22 32,19,27 42,27,35 50,33,36 56,40,36 60,42,39 66,48,43 70,53,45 63,46,36 41,30,25 51,36,25 137,93,55 125,74,35 145,92,49 132,81,42 141,91,47 122,77,44 114,69,36 106,62,32 109,65,35 108,69,39 105,63,39 107,67,33 108,64,36 105,64,35 105,64,35 102,57,36 103,61,37 103,62,35 107,62,39 107,63,37 106,62,34 111,64,43 106,62,36 95,50,27 87,46,28 89,51,34 59,29,14 64,32,18 32,22,26 52,38,38 58,39,41 51,34,37 43,28,38 33,22,31 26,18,24 19,13,18 13,10,14 11,10,13 11,10,13 10,9,12 10,9,12
10,9,12 10,9,12 10,10,10 10,9,12 10,9,12 10,9,12 10,9,12 10,10,10 11,10,13 11,10,13 13,10,14 17,14,18 22,14,20 28,20,26 39,26,34 47,30,33 52,36,34 57,41,37 65,45,38 67,50,42 61,46,37 45,32,29 33,22,17 140,91,51 117,64,19 134,84,40 145,92,47 127,81,42 125,81,43 112,68,38 106,63,30 113,69,39 106,64,26 133,90,55 138,93,58 116,76,42 73,34,6 61,25,3 82,51,28 87,56,37 93,59,37 99,61,40 96,59,35 95,53,29 99,54,31 101,56,33 103,61,39 98,50,25 107,65,43 52,25,9 59,32,16 26,19,22 50,33,36 54,37,38 49,32,35 44,26,35 33,22,31 24,16,22 16,13,17 13,10,14 11,11,11 11,10,13 10,10,10 10,9,12
10,9,12 10,9,12 10,9,12 10,9,12 10,9,12 10,9,12 10,9,12 10,10,10 11,10,13 11,10,13 13,10,14 16,13,17 20,14,19 27,19,25 36,23,31 43,29,31 50,34,32 56,40,36 59,43,39 67,47,40 61,46,37 43,30,27 26,21,23 150,96,48 123,68,23 141,86,43 128,75,34 123,77,36 121,76,41 108,65,32 107,66,35 104,60,34 111,64,32 121,74,40 125,79,42 122,80,40 129,88,57 114,73,46 102,57,24 111,67,37 108,63,40 102,60,36 96,56,31 95,54,27 112,70,46 116,74,52 107,66,39 88,46,24 71,37,17 56,26,11 57,30,14 21,14,17 43,31,36 51,34,37 49,32,38 41,26,34 30,22,28 23,15,21 16,13,17 13,10,14 11,11,11 11,10,13 10,9,12 10,9,12
10,9,12 10,9,12 10,9,12 10,9,12 10,9,12 10,9,12 10,9,12 10,9,14 11,10,13 11,10,13 12,9,13 14,11,15 20,12,18 26,18,24 33,20,28 41,27,32 48,31,32 50,34,30 58,42,36 64,43,39 58,43,34 43,29,29 38,25,22 138,86,38 100,48,16 128,77,38 130,85,41 75,36,8 100,56,18 127,80,48 118,74,36 106,62,32 113,67,39 118,74,44 124,77,45 124,80,52 120,74,44 116,73,40 115,68,36 118,68,37 109,65,37 99,58,31 96,54,30 92,47,26 87,42,19 86,43,24 87,41,15 83,40,21 68,34,14 60,31,11 58,31,15 16,11,13 39,26,34 47,32,40 47,29,38 38,25,33 27,19,25 21,15,20 16,13,17 13,10,14 11,11,11 11,10,13 11,10,13 10,9,12
10,9,12 10,9,12 10,9,12 10,9,12 10,9,12 10,9,12 10,9,12 10,9,12 11,10,13 10,9,14 12,9,13 14,11,15 18,12,17 24,16,22 31,20,27 40,25,33 43,29,34 49,32,33 55,39,35 59,42,34 57,40,32 42,28,28 16,11,10 98,52,13 88,40,15 121,72,34 126,76,34 127,77,33 129,78,39 127,76,37 118,72,33 116,68,39 117,72,39 118,73,40 127,78,42 125,76,38 118,68,35 113,63,32 114,62,30 112,65,33 110,65,32 98,56,32 94,49,28 90,46,20 93,49,23 90,43,20 90,41,19 76,33,14 67,38,16 59,29,12 62,33,11 11,9,10 32,21,28 41,28,38 43,28,36 36,25,32 27,19,25 21,13,19 14,11,15 13,10,14 11,11,11 11,10,13 11,10,13 10,9,12
10,9,12 10,9,12 10,10,10 10,9,12 10,9,12 10,9,12 10,9,12 10,9,12 11,10,13 11,10,13 12,9,13 13,10,14 16,13,17 20,14,19 28,17,24 33,22,29 44,26,35 46,32,37 49,36,33 55,39,35 56,38,33 41,27,29 19,14,16 98,47,12 83,37,11 117,63,25 128,73,30 136,81,38 138,81,37 134,79,34 132,75,35 122,71,32 125,74,37 132,76,40 131,78,37 124,70,34 118,67,32 114,63,28 113,64,26 113,64,26 123,69,31 114,60,26 103,57,20 103,53,20 95,48,16 105,53,21 92,47,24 77,42,17 74,37,13 60,29,8 64,33,14 11,10,13 28,20,26 38,27,34 41,26,34 36,23,31 27,19,25 21,13,19 14,11,15 13,10,14 11,10,13 11,10,13 11,10,13 10,9,12
11,10,13 11,11,11 11,11,11 10,9,12 10,9,12 10,9,12 10,9,12 10,9,12 11,10,13 11,10,13 12,9,13 13,10,14 16,13,17 18,15,19 23,15,21 31,20,27 40,25,33 42,27,35 47,33,33 52,36,32 49,36,29 39,25,25 18,16,14 105,49,13 91,40,12 112,58,22 134,74,31 133,72,27 135,74,29 141,81,40 137,73,29 136,71,32 133,77,30 134,78,31 137,78,32 135,76,30 128,73,28 127,70,26 122,68,30 119,68,29 128,75,34 126,72,36 119,65,31 124,68,32 105,61,35 104,63,43 89,58,39 62,39,24 45,25,16 35,20,11 31,14,6 9,10,13 22,14,20 33,22,29 36,25,32 29,21,27 26,18,24 17,14,18 14,11,15 12,9,13 11,10,13 11,10,13 11,10,13 10,9,12
10,9,12 10,9,12 10,9,12 10,9,12 10,9,12 10,9,12 10,9,12 10,9,12 11,10,13 11,10,13 11,10,13 13,10,14 14,11,15 17,14,18 23,15,21 26,18,24 32,21,28 38,25,33 45,28,34 48,31,32 46,32,34 34,21,29 14,11,15 106,52,18 97,47,16 116,60,24 141,81,29 141,81,29 145,81,35 142,81,36 149,88,41 151,81,34 134,74,33 139,81,44 147,91,57 134,90,60 104,70,52 64,37,19 42,20,12 32,19,14 31,18,15 22,10,10 19,13,8 22,12,11 26,15,8 28,19,13 24,14,13 32,18,18 34,21,16 36,23,18 33,20,15 11,10,13 19,13,18 34,21,29 33,22,29 29,18,25 22,14,20 17,14,18 13,10,14 12,10,11 11,10,15 11,10,13 10,9,12 10,9,12