38,41,17 60,76,16 66,75,31 58,68,17 54,72,18 51,66,40 67,69,27 89,98,50 50,67,18 54,74,17 85,75,26 80,75,32 40,42,16 71,63,39 66,59,39 55,57,15 68,71,20 23,23,9 54,50,29 70,64,39 79,71,47 75,62,39 58,58,24 51,60,32 41,62,71 41,66,77 47,74,84 31,56,69 44,66,80 48,70,84 51,70,80 54,71,77 46,55,57 33,45,38 28,36,26 35,42,35 27,38,25 32,34,34 25,35,27 25,36,25 20,30,24 22,32,26 20,30,24 20,30,22 41,50,22 47,59,21 25,35,27 23,33,27 23,33,30 58,77,27 40,58,25 59,73,43 33,48,22 36,44,19 38,58,13 59,63,36 40,42,25 30,35,3 25,34,15 36,49,8 48,60,22 22,27,21 24,38,19 34,43,24
104,97,68 54,69,5 42,52,17 54,59,12 56,70,22 65,72,36 53,62,16 54,66,19 46,60,14 40,60,5 104,94,56 70,71,23 33,35,9 63,61,43 51,52,33 60,63,30 70,72,26 24,27,15 54,65,50 68,80,76 63,80,86 61,77,88 41,59,56 45,59,38 48,69,78 42,67,80 34,56,60 24,40,40 22,35,34 21,34,33 30,43,42 29,41,37 30,40,32 30,41,30 36,46,38 61,71,47 71,79,56 115,118,106 20,30,22 23,33,25 23,33,27 23,33,27 22,32,26 22,32,24 40,49,21 32,43,14 31,38,33 27,34,29 26,36,30 50,69,21 36,52,21 49,61,27 44,57,30 34,47,20 24,39,13 27,34,16 48,55,9 44,53,9 22,32,10 33,46,3 45,57,21 20,30,22 22,33,20 32,40,28
105,94,50 58,69,13 38,45,9 72,67,39 52,70,27 51,61,24 53,58,22 42,55,12 37,47,14 33,52,2 61,61,29 69,77,24 35,41,12 50,66,66 61,81,84 62,81,75 81,91,85 47,64,70 50,63,64 43,59,40 31,44,43 29,40,41 30,43,31 39,48,29 35,49,45 36,51,56 28,44,44 30,42,33 27,37,29 26,37,26 29,39,31 29,40,29 32,38,29 31,42,31 36,47,32 64,74,39 54,66,21 59,71,37 20,27,20 25,35,27 25,35,27 23,33,27 23,33,27 23,33,27 32,45,22 26,33,26 22,27,23 21,26,20 15,22,15 52,69,22 23,36,11 38,54,12 50,65,26 26,40,21 50,62,26 28,35,17 48,57,11 50,58,33 42,54,18 38,55,8 41,53,19 46,49,25 27,35,10 49,70,18
47,59,14 41,52,23 59,72,29 58,60,45 46,60,12 36,53,17 39,56,48 47,64,15 62,79,83 30,45,6 42,60,59 56,66,15 30,34,7 36,57,64 44,65,74 49,69,72 60,75,51 47,65,64 40,57,52 58,78,90 50,77,91 44,68,88 48,69,78 36,46,38 67,77,40 43,58,34 53,69,78 53,58,36 30,40,37 31,39,27 32,40,28 27,38,25 33,44,33 36,47,32 54,64,42 46,55,36 29,39,31 29,39,31 28,34,25 33,39,28 29,36,29 29,34,28 29,39,31 27,37,29 37,49,29 28,35,28 25,35,32 25,35,32 24,34,28 43,61,16 18,29,16 36,49,6 46,63,23 23,37,16 47,58,18 56,70,20 43,52,22 22,31,12 41,56,19 50,62,17 57,54,14 45,50,5 44,59,20 40,56,25
38,54,10 23,35,17 50,68,14 34,54,40 50,64,3 35,52,28 51,71,87 36,53,2 50,70,75 39,47,35 45,62,54 49,64,52 23,26,2 48,71,78 45,72,82 49,75,83 54,65,64 63,77,73 50,76,95 52,77,92 46,76,89 42,60,75 41,66,79 43,55,51 71,79,38 75,87,38 67,74,30 49,57,45 53,75,89 33,50,54 32,39,32 30,40,32 36,48,39 44,54,46 47,63,32 62,72,48 40,50,44 33,41,29 31,39,29 33,38,32 24,34,28 24,34,28 29,40,29 32,40,30 36,44,30 29,36,29 33,39,30 28,35,28 25,38,26 33,47,28 25,35,29 31,43,7 50,69,21 32,41,22 42,54,18 74,89,34 33,45,7 20,31,20 29,42,26 57,67,30 45,44,6 37,50,34 45,61,30 36,47,18
42,65,19 20,36,17 59,81,26 35,51,32 41,57,0 36,51,37 50,70,75 51,67,36 47,66,74 32,44,37 53,63,37 51,63,69 28,33,11 38,55,59 37,62,77 41,64,73 49,58,28 60,70,35 48,80,92 51,78,90 43,73,86 31,47,58 47,73,90 57,67,71 45,52,45 39,51,42 41,59,56 53,73,85 51,76,89 53,74,93 36,47,32 31,42,29 44,60,69 35,48,47 40,48,34 39,50,39 30,41,28 24,35,22 28,33,29 25,32,27 26,33,26 27,34,27 34,42,30 32,40,26 29,40,25 26,38,29 29,37,25 33,41,27 30,41,28 29,43,24 25,32,25 23,36,11 26,40,19 22,29,11 50,63,22 69,87,33 59,72,31 23,33,25 21,36,20 60,70,33 33,47,0 31,40,23 50,68,35 39,45,6
41,62,14 27,43,22 55,70,35 43,58,46 52,67,55 32,47,23 21,40,50 50,65,68 33,49,47 27,42,45 29,40,25 40,53,28 40,48,27 44,57,43 41,67,84 43,69,86 53,72,80 53,65,20 47,74,88 52,76,94 49,74,89 35,55,67 53,75,77 64,80,59 60,79,73 58,80,82 53,76,85 51,73,85 52,78,84 49,73,91 38,56,55 40,57,47 55,70,73 61,81,82 37,48,33 30,41,28 33,41,29 37,44,28 48,57,40 33,40,35 31,38,31 26,37,24 51,56,32 50,60,25 73,85,51 49,59,37 36,47,34 29,42,30 33,46,34 24,39,27 29,40,29 29,40,25 30,43,31 25,36,25 50,58,17 54,66,21 22,31,12 29,37,27 18,30,26 61,66,19 19,31,0 36,45,15 40,62,7 41,49,8
43,64,14 24,42,0 39,50,21 56,78,37 39,52,40 36,53,13 35,51,49 51,69,82 42,56,47 53,65,61 31,44,30 71,78,42 91,94,59 57,63,22 51,74,83 52,79,89 54,76,88 41,55,46 41,62,69 46,66,78 51,70,80 46,61,64 53,75,75 55,70,58 63,82,73 60,82,72 53,79,87 55,77,89 58,80,82 56,79,86 56,75,83 57,82,77 59,79,80 36,50,29 32,39,32 31,39,29 26,36,28 28,41,29 29,39,33 29,39,31 34,44,38 35,41,32 41,49,35 41,48,30 66,73,39 55,62,28 57,64,32 58,67,37 39,49,27 35,44,27 34,42,30 31,42,27 27,38,27 26,36,28 50,59,15 39,47,8 32,43,30 38,49,20 25,32,30 46,56,19 45,53,14 38,46,5 36,46,9 38,51,10
57,77,34 51,70,22 46,56,32 58,78,23 50,65,68 38,51,35 38,50,46 43,54,67 38,52,45 45,57,48 61,70,53 66,76,54 60,68,15 59,68,24 52,73,80 51,76,87 56,78,90 48,64,62 67,87,71 60,78,77 64,78,57 61,73,64 61,75,54 31,43,39 41,63,75 52,78,84 52,77,90 53,76,83 40,51,50 52,78,84 55,81,87 52,74,78 32,44,35 34,44,36 34,45,34 27,38,27 29,39,31 28,35,33 25,35,32 26,36,28 27,37,34 27,37,34 43,58,34 45,57,37 34,44,18 51,60,30 39,49,23 41,51,29 37,45,24 47,55,30 31,40,21 33,46,23 32,37,17 36,45,28 40,49,21 30,40,7 19,29,23 32,41,11 36,41,21 15,18,6 35,43,20 80,89,41 51,60,16 28,38,14
55,74,63 68,90,33 53,66,41 48,63,8 58,73,61 48,65,57 46,59,47 35,48,49 56,68,61 46,63,53 53,62,43 62,74,56 61,68,22 54,64,27 49,67,64 62,79,85 59,79,84 46,57,44 84,98,68 75,90,62 77,95,78 64,88,88 53,76,83 33,51,50 51,78,88 48,75,87 43,55,51 33,44,33 36,42,31 47,60,59 56,76,88 36,49,35 50,58,37 68,75,59 53,59,46 43,52,35 35,48,36 30,40,34 30,40,34 30,40,34 31,41,35 31,43,34 45,57,37 50,59,42 74,83,53 58,64,37 53,62,43 43,54,39 29,39,33 29,39,33 30,40,34 32,44,26 63,72,28 65,72,40 48,56,33 29,42,28 30,35,29 29,39,17 54,62,11 41,46,24 22,31,12 36,46,11 51,57,28 22,30,9
41,60,40 80,97,50 63,76,64 41,53,19 32,51,42 48,62,53 54,65,52 112,117,127 52,60,48 51,64,50 55,69,65 60,73,59 49,55,28 32,45,29 38,54,54 40,57,59 40,57,63 50,62,53 70,87,79 64,85,94 61,83,95 54,81,91 56,79,88 44,67,74 41,51,43 36,46,40 32,45,33 38,45,38 39,45,36 38,50,43 43,55,46 33,41,29 39,47,24 77,85,60 49,57,45 45,53,39 41,56,42 32,44,37 32,42,36 33,43,37 33,43,37 45,56,43 47,53,40 47,59,41 52,64,44 59,68,51 50,62,42 38,46,36 32,42,36 33,40,33 34,44,41 38,46,36 40,46,37 52,61,42 42,50,27 33,44,33 35,41,30 34,42,30 59,64,28 50,59,29 32,41,24 43,49,20 25,33,10 33,43,21
40,54,45 69,88,48 50,63,64 52,64,46 41,56,44 56,64,50 82,87,51 80,85,49 62,67,31 83,90,54 103,110,64 42,54,45 49,64,48 72,84,64 43,60,55 49,66,72 57,78,87 57,76,84 52,69,75 57,76,84 58,81,90 58,80,92 54,81,93 53,80,92 45,59,52 36,47,36 41,55,48 55,67,73 47,58,57 45,52,45 43,53,47 55,62,57 59,67,55 50,59,40 48,55,39 47,58,43 48,59,46 50,60,52 40,47,40 37,47,39 41,52,39 46,58,40 46,58,38 50,62,42 55,67,49 57,69,49 55,67,47 43,54,41 43,51,41 42,50,40 46,54,42 63,70,52 39,47,37 38,49,38 39,49,27 39,47,35 40,44,15 33,38,32 23,28,6 34,42,28 53,60,26 57,66,8 33,43,19 78,88,37
64,78,74 50,66,45 45,59,50 40,55,41 42,55,41 49,58,39 81,84,49 75,81,40 84,92,51 68,78,45 57,70,71 56,74,73 53,66,50 51,64,50 47,61,52 60,80,83 49,70,79 62,83,90 46,68,72 55,73,70 43,55,48 51,65,61 53,75,75 39,55,53 38,49,38 58,80,84 45,54,54 38,48,45 45,57,50 36,46,38 41,49,39 61,71,65 50,58,44 73,84,55 70,77,59 43,54,43 45,56,41 54,65,50 56,64,50 46,54,42 47,53,40 49,58,41 47,59,41 51,63,43 53,65,45 55,64,47 55,64,47 45,53,39 47,53,42 49,55,44 61,70,51 60,67,49 40,48,38 42,49,42 40,51,38 39,50,39 112,108,60 62,65,14 41,44,24 32,42,34 64,71,35 45,51,10 35,45,19 61,66,30
73,91,78 66,80,61 66,79,65 59,73,52 47,64,54 49,70,79 41,54,55 41,59,56 40,52,56 46,57,58 59,77,74 55,69,60 57,68,55 54,65,52 51,72,70 49,74,85 64,77,76 43,57,53 39,49,43 47,58,47 47,60,48 43,55,46 46,56,50 48,58,52 73,85,67 55,61,52 126,92,31 52,60,46 55,66,55 71,89,76 55,71,52 71,86,62 45,57,37 61,73,55 83,97,90 90,101,90 52,62,54 53,64,63 56,69,55 52,60,48 48,56,44 50,56,45 49,57,45 55,64,47 54,63,46 54,62,48 54,62,48 55,63,49 53,62,43 56,65,46 56,63,47 57,67,43 55,68,45 45,58,44 41,52,37 39,50,39 41,44,9 59,58,20 64,74,48 25,35,27 41,51,27 21,30,13 55,61,32 45,53,12
80,94,87 75,88,72 71,83,65 59,78,58 62,82,64 62,87,82 40,58,57 56,76,88 46,65,73 58,75,81 57,79,83 58,78,79 58,75,79 49,63,54 58,84,92 55,82,92 54,68,59 43,55,46 44,56,47 45,58,46 46,56,48 46,56,48 69,83,74 67,82,85 54,71,66 35,51,49 72,72,42 83,93,69 212,208,80 192,187,45 142,140,52 51,67,48 68,82,63 75,88,74 90,101,88 53,64,51 51,64,50 45,57,50 52,63,50 55,63,49 49,57,45 52,60,48 50,58,46 54,62,50 54,62,48 53,61,47 53,61,49 52,60,46 54,63,46 55,64,47 56,63,47 76,86,49 65,74,30 66,77,46 41,53,35 41,51,43 40,48,25 39,47,33 32,43,32 29,40,29 34,43,24 24,35,22 39,47,6 70,76,24
81,100,94 76,95,84 73,87,66 69,85,66 66,84,71 75,96,92 63,87,91 54,77,86 55,80,91 43,64,71 55,81,89 61,84,93 52,69,71 61,81,82 58,84,92 61,84,93 60,86,94 58,84,92 55,69,62 58,77,71 60,76,74 85,97,90 64,87,84 52,73,71 182,191,66 228,221,35 207,192,0 178,155,17 220,191,57 176,151,7 145,120,2 81,88,31 93,106,83 82,95,70 50,63,40 62,71,54 52,63,48 67,80,66 47,55,45 48,56,42 47,55,43 55,66,53 55,63,51 50,58,46 53,61,49 53,61,47 54,62,50 54,62,48 59,67,53 62,71,54 56,65,46 71,81,44 59,68,24 62,72,39 46,57,42 46,53,46 41,51,27 35,51,30 40,50,42 47,56,39 36,43,27 26,36,28 104,111,63 57,64,20
83,102,96 76,95,89 74,88,69 73,87,66 71,88,78 69,86,81 69,96,99 58,84,92 57,84,94 58,83,94 58,80,92 52,72,75 51,70,78 58,79,86 59,87,92 73,97,101 67,90,99 63,84,93 63,86,93 66,92,100 70,91,87 56,70,66 89,103,82 229,210,30 212,191,48 247,220,16 161,131,15 77,67,25 124,107,13 125,102,1 90,81,25 81,80,15 115,122,67 85,95,62 74,85,56 80,90,66 52,63,50 57,68,55 52,63,50 59,72,58 62,73,62 68,80,62 53,67,46 53,61,49 53,61,49 57,65,51 55,64,47 59,68,51 73,82,63 58,66,45 64,71,53 70,79,51 65,72,38 60,70,33 61,72,43 46,57,44 39,48,29 46,54,40 43,53,45 45,57,37 37,47,39 38,48,40 48,56,17 31,36,16
68,84,65 71,87,66 77,92,68 82,92,68 76,85,57 73,86,63 83,98,84 64,86,86 59,81,81 72,86,67 47,60,44 49,62,50 57,78,85 56,82,88 68,94,100 76,100,100 71,95,99 69,93,97 61,87,93 65,91,97 67,89,93 63,79,77 185,182,0 151,142,16 138,126,0 168,149,0 187,163,40 173,153,23 77,68,21 76,64,9 84,75,19 76,72,10 211,205,14 232,225,14 86,90,52 65,79,49 74,84,62 60,71,56 82,94,85 90,109,98 67,80,64 63,72,55 56,64,50 54,62,50 56,64,50 54,65,50 54,65,52 59,67,53 60,69,52 57,66,49 57,66,47 53,61,40 60,68,45 55,64,45 65,72,56 49,59,35 46,58,40 45,56,43 45,57,39 53,62,45 43,54,43 47,54,38 44,52,31 34,44,38
72,85,62 75,88,65 76,88,68 100,107,75 99,108,80 90,103,76 96,106,82 56,67,36 60,71,56 60,72,52 57,68,53 49,62,48 50,65,68 52,78,86 70,97,100 72,97,92 76,101,98 71,95,99 69,92,99 68,91,98 63,90,93 115,123,57 99,95,6 93,83,12 230,221,24 160,129,8 136,113,26 100,88,31 73,63,14 73,64,17 76,69,10 71,62,17 126,114,34 153,126,24 167,160,3 110,115,70 72,85,60 76,89,64 86,100,91 86,110,99 64,77,61 54,65,52 52,63,50 54,62,48 82,95,43 57,67,30 63,71,50 61,69,46 56,63,47 53,65,47 59,72,49 58,70,50 52,64,46 52,63,50 63,73,51 67,77,53 49,59,33 59,69,45 60,69,41 63,75,39 43,54,39 48,57,40 39,47,35 36,48,39
69,82,59 71,84,61 73,88,64 96,103,69 74,82,59 69,79,55 66,76,52 64,72,51 62,68,55 59,71,53 58,69,54 47,60,46 49,63,59 60,83,90 75,99,88 75,97,97 69,94,89 67,90,87 64,86,88 72,95,92 73,99,107 157,159,0 82,80,8 91,84,14 216,199,5 173,143,29 85,70,48 90,81,23 93,79,21 99,80,23 90,79,17 70,61,14 90,80,27 179,164,54 139,124,5 129,132,0 86,96,72 72,84,64 82,100,87 77,96,90 58,71,55 51,62,51 56,62,51 90,103,62 83,96,55 84,96,58 62,73,44 56,63,47 68,76,55 59,68,49 69,80,51 63,73,47 62,73,58 49,62,50 55,65,43 74,84,58 61,72,43 75,87,42 47,57,22 57,67,43 42,51,32 46,53,35 41,52,39 39,51,42
67,80,57 68,81,58 67,79,59 67,79,59 68,81,58 60,73,50 62,74,54 59,68,51 59,67,53 64,75,60 55,66,51 52,65,51 47,60,48 71,90,100 69,93,95 73,95,95 60,80,62 64,80,61 71,91,92 71,92,88 133,138,25 98,91,0 104,100,38 82,76,10 198,181,32 100,87,14 87,70,46 97,85,26 106,90,16 97,84,11 73,66,9 82,75,18 103,94,20 101,90,17 102,90,10 99,89,22 74,77,44 81,96,82 75,89,85 54,65,52 88,98,72 62,72,48 52,60,46 55,64,45 55,63,38 62,71,41 61,70,40 57,67,45 56,64,50 57,66,49 59,69,43 63,74,45 52,64,44 49,62,46 67,77,55 55,65,28 54,65,36 50,59,29 55,62,28 74,86,52 48,56,42 50,59,42 53,61,40 52,59,54
66,75,56 66,75,56 61,73,53 60,72,52 83,92,75 65,80,56 58,71,55 56,64,50 54,62,48 73,86,74 55,66,53 50,63,49 51,62,49 60,73,59 70,91,89 71,93,93 68,92,92 71,95,95 70,94,98 76,94,91 208,203,7 211,210,15 81,69,0 72,72,13 96,84,14 111,101,23 96,84,14 86,80,5 96,86,15 87,76,14 77,73,15 96,86,19 108,98,29 102,96,32 97,91,14 95,86,10 80,79,12 54,66,59 51,62,51 56,65,48 58,62,47 60,69,50 56,65,48 55,64,47 50,62,42 52,64,44 53,61,47 50,61,46 55,64,45 51,64,41 55,66,35 60,70,44 48,58,34 48,61,36 46,54,29 51,57,46 54,63,35 53,61,36 52,62,38 48,59,28 50,58,37 49,58,30 97,107,40 45,52,45
62,71,54 61,70,53 60,69,52 58,70,52 76,86,64 65,78,55 58,70,52 56,64,50 55,66,53 64,77,65 57,70,56 51,62,49 90,100,76 63,72,42 102,119,81 76,96,82 72,92,95 74,96,96 74,96,96 82,102,73 163,154,0 220,211,39 209,201,0 224,216,66 140,125,15 95,85,16 99,90,16 85,78,6 85,77,14 84,76,13 84,79,10 103,93,24 98,90,25 102,99,34 93,88,17 88,82,7 83,77,11 75,75,14 45,55,47 54,62,50 57,62,40 59,67,53 55,63,49 53,64,49 53,65,47 57,67,43 60,70,48 61,73,37 62,69,53 71,79,56 63,74,43 81,96,61 62,73,44 57,66,47 59,66,30 68,78,54 58,67,37 61,72,41 46,53,46 45,56,43 42,51,34 41,48,30 51,65,0 47,53,42
62,71,54 61,70,53 60,68,54 57,68,55 66,79,56 64,76,56 57,70,54 62,70,56 66,75,58 74,82,70 56,69,53 60,70,46 66,77,48 66,73,29 101,107,66 95,106,77 89,113,71 74,96,89 73,96,93 73,96,91 141,142,0 195,188,4 230,210,23 184,159,41 147,123,20 85,70,7 91,84,12 86,79,7 87,77,6 87,77,8 93,83,14 110,103,33 94,87,17 85,80,9 87,80,10 92,87,14 86,79,9 81,79,7 48,54,45 46,56,48 72,78,51 78,87,59 80,90,68 48,59,44 53,61,47 53,60,44 58,66,41 48,57,40 53,62,45 60,67,49 55,65,43 76,85,55 73,85,47 61,71,47 68,78,43 58,72,40 61,71,34 54,64,42 47,61,57 65,80,68 53,65,47 66,68,63 42,50,25 46,49,41
63,72,55 61,70,53 57,66,49 65,77,57 66,80,59 62,74,54 57,71,52 56,63,45 76,84,63 85,95,73 67,76,48 102,108,69 67,72,25 71,73,29 62,67,33 71,83,47 93,104,73 90,105,70 91,106,67 75,94,85 76,88,43 168,162,0 107,90,25 89,76,24 86,71,10 99,87,30 89,80,4 100,93,7 103,95,12 96,88,9 107,102,29 115,110,39 96,86,17 77,70,9 86,79,7 96,91,18 90,83,11 85,78,10 67,68,29 48,55,50 46,53,48 47,56,37 48,56,33 78,89,58 79,94,59 49,60,29 63,75,30 51,59,38 53,62,34 70,80,47 69,77,56 55,65,39 74,87,35 67,76,48 80,95,83 64,77,61 70,80,54 56,68,61 69,89,75 59,79,50 68,78,75 156,171,48 68,83,69 90,98,5
54,67,53 50,58,35 87,92,47 96,102,61 105,111,72 62,66,37 60,77,72 59,71,62 76,94,63 106,113,79 101,111,76 80,87,51 101,106,61 79,84,37 90,101,61 121,136,83 89,95,66 99,112,71 105,121,63 88,103,66 81,97,78 134,131,35 93,82,18 89,76,26 80,72,18 101,88,27 102,91,27 97,85,7 102,90,10 105,95,17 69,62,3 74,69,14 95,91,29 77,72,17 75,73,11 82,76,10 86,78,13 82,79,14 65,67,12 48,55,48 47,54,47 48,56,46 49,57,36 65,74,46 52,60,46 53,60,42 47,56,28 52,64,30 47,56,28 49,59,26 79,90,48 52,62,36 71,82,42 81,90,71 54,69,53 67,88,56 74,95,91 62,71,54 59,73,54 57,78,74 62,71,43 63,79,21 69,74,29 54,67,55
65,76,65 118,123,80 72,71,19 147,149,94 147,150,86 141,144,82 124,127,76 65,74,74 79,91,71 81,90,62 93,98,64 87,96,50 117,132,93 81,92,63 98,115,66 104,115,84 70,82,44 104,118,88 77,91,72 69,88,68 67,90,97 69,81,63 84,79,24 81,75,27 76,88,70 82,83,44 84,70,0 90,76,6 93,82,9 108,98,31 70,65,10 71,63,9 86,80,16 90,83,24 92,87,18 91,85,8 91,84,12 85,78,6 53,56,36 46,56,50 49,57,43 54,65,36 58,67,39 56,66,42 48,58,36 50,58,48 54,64,40 47,63,19 77,88,59 53,61,47 68,77,47 56,64,41 72,82,47 61,74,47 82,99,48 61,79,62 59,74,48 84,72,31 81,69,12 53,65,56 87,97,19 75,83,62 63,74,14 41,54,29
60,66,57 58,63,43 101,95,90 152,156,100 148,153,90 143,148,87 120,122,76 48,57,59 88,100,82 78,89,60 100,110,75 111,123,78 80,96,52 90,102,64 67,79,43 98,113,76 54,62,48 83,93,67 67,88,84 66,88,92 67,90,99 75,101,109 77,101,103 68,92,94 60,74,55 67,81,62 85,92,60 92,91,39 90,82,19 83,74,16 86,74,17 102,86,12 96,84,16 87,79,14 85,82,17 88,81,13 73,76,14 58,63,39 71,91,105 45,56,43 45,58,31 49,58,41 52,60,48 49,58,41 74,87,46 67,78,36 64,74,39 56,66,31 69,82,41 81,88,52 58,65,31 63,75,41 68,78,52 73,83,57 59,74,46 59,76,48 64,80,59 84,64,14 75,68,29 65,89,65 85,101,2 58,73,47 57,65,53 46,58,0
154,163,94 155,162,87 149,155,87 155,161,109 134,141,86 126,130,74 105,111,72 91,101,66 69,85,66 82,91,61 100,112,63 68,78,41 90,102,66 53,62,34 104,116,69 81,95,63 83,92,44 60,69,52 72,94,98 60,70,74 56,82,90 57,88,94 60,86,92 68,99,105 71,82,69 59,71,51 57,72,48 53,66,43 81,93,59 76,88,50 74,69,18 114,98,26 89,84,15 69,72,10 61,67,17 44,52,29 37,49,42 60,75,82 50,65,70 47,54,49 48,60,40 51,57,46 47,54,49 44,50,37 65,75,40 53,62,34 51,60,32 70,69,31 57,73,29 78,90,54 56,71,43 68,83,44 63,70,63 61,70,51 60,74,26 62,74,38 58,71,46 71,50,7 72,72,27 61,69,46 102,114,37 72,77,0 29,39,17 55,67,0
143,146,84 143,146,84 121,125,69 59,64,32 78,85,49 56,64,41 62,73,58 66,74,62 68,81,56 105,111,84 85,97,61 83,94,63 64,75,44 72,80,57 73,78,54 71,79,58 79,88,40 130,140,77 58,79,75 63,86,95 63,86,95 66,92,100 45,58,57 44,57,43 45,58,44 59,71,51 57,67,45 53,66,43 47,61,40 46,60,39 52,65,42 86,79,20 62,66,26 39,48,48 35,48,49 36,48,52 35,48,49 36,47,48 38,48,45 41,51,45 47,57,51 45,56,45 48,56,44 64,74,48 63,72,44 67,75,52 50,58,35 46,54,40 54,68,38 61,75,43 77,88,57 58,69,68 47,59,25 59,73,43 78,94,34 101,122,60 84,82,78 114,107,87 106,115,67 99,100,61 56,57,20 51,59,36 62,67,2 47,57,22
53,53,50 109,112,92 37,44,8 63,70,36 71,76,52 131,137,108 50,56,43 51,64,48 65,79,58 64,81,57 80,90,64 76,91,75 71,85,66 64,79,63 72,88,69 71,86,72 96,114,101 87,112,85 75,96,92 67,87,90 71,90,98 49,66,58 54,62,50 48,56,46 48,59,46 57,69,49 50,62,44 46,58,40 45,59,40 42,57,43 47,62,46 45,61,42 40,54,47 30,43,44 33,49,49 34,48,44 34,47,46 34,47,46 36,49,48 43,56,44 54,68,49 57,67,43 58,68,31 46,55,38 47,55,43 55,66,35 75,85,52 50,63,40 67,83,50 79,91,73 71,59,20 71,83,74 74,85,54 83,96,53 100,117,66 108,127,66 126,139,85 48,51,16 60,70,33 140,150,45 113,117,30 36,52,19 75,88,0 45,57,50
104,110,69 118,125,79 181,188,154 95,103,64 60,69,52 79,87,66 65,73,50 62,79,71 66,79,67 64,72,58 81,99,84 86,110,102 80,102,102 73,95,95 72,94,96 70,91,98 68,91,98 71,94,103 69,90,97 60,73,50 64,77,63 56,70,51 49,57,45 45,53,43 56,71,45 97,112,73 45,57,39 45,57,39 44,61,37 41,56,42 31,43,47 29,42,41 37,50,49 33,46,47 31,44,43 29,45,43 33,49,49 36,50,46 36,50,46 39,50,49 52,65,49 78,88,53 55,65,41 74,90,48 53,61,47 87,101,71 77,90,47 49,66,42 50,61,46 73,86,59 54,45,18 56,64,25 53,63,30 53,65,29 53,67,21 111,130,69 104,128,57 72,83,23 94,102,61 29,37,0 44,51,5 72,80,39 84,103,26 112,112,38
108,115,81 149,158,98 63,71,48 57,72,56 56,71,55 94,107,91 59,76,66 118,123,87 133,135,89 55,62,30 81,103,91 78,99,95 84,108,95 83,108,103 69,93,97 69,91,95 65,88,97 63,86,93 70,91,89 66,80,71 59,72,56 53,61,47 51,62,47 46,57,46 43,54,41 44,55,42 53,67,48 48,60,40 50,65,51 38,53,39 32,48,46 33,50,45 36,50,43 36,50,43 33,49,47 34,53,47 34,49,54 36,50,46 33,46,45 33,44,43 43,55,46 50,63,49 74,82,59 56,64,50 61,72,59 45,58,42 50,62,24 43,57,53 47,61,40 45,59,27 58,49,30 60,57,13 76,83,49 64,75,46 43,57,9 66,81,28 81,102,42 50,55,0 79,91,26 67,78,8 58,70,23 66,71,24 64,77,25 58,55,31
71,80,61 48,57,40 56,70,51 72,89,91 66,83,85 56,71,59 137,144,89 110,101,82 98,88,78 149,157,118 151,153,82 64,76,56 74,97,92 80,103,98 75,99,86 71,92,90 99,125,102 99,123,99 89,116,84 67,87,60 90,107,69 54,65,34 46,57,42 66,73,37 49,57,43 47,57,31 47,55,43 107,119,83 47,62,50 41,55,46 37,51,44 36,54,41 51,62,51 54,63,46 57,70,54 47,61,73 36,48,54 31,44,45 34,46,50 34,47,46 45,56,55 55,60,56 88,78,79 68,67,58 54,65,52 47,60,46 63,75,41 51,62,51 81,91,67 60,70,48 71,83,63 67,50,11 61,73,39 39,49,27 53,60,55 30,39,11 73,86,45 56,63,6 57,69,49 51,63,0 46,60,14 133,148,23 113,115,44 41,48,32
61,75,54 69,86,78 72,88,97 70,87,93 57,69,60 95,104,58 152,153,85 131,139,75 67,79,30 143,149,79 105,113,51 70,85,59 67,90,75 81,101,83 126,141,86 108,127,75 83,101,70 80,96,63 82,97,60 114,129,76 75,88,36 48,56,31 45,57,39 45,53,43 81,91,67 48,58,32 49,57,34 51,64,39 65,80,56 41,56,44 33,44,29 65,73,50 78,86,63 61,69,44 62,72,50 39,51,44 41,54,55 37,49,45 70,77,61 76,84,61 66,71,49 73,74,66 113,95,51 166,160,135 52,63,50 47,54,47 61,71,49 62,73,42 40,51,38 41,52,41 48,61,34 61,67,26 62,76,44 29,37,16 55,63,49 48,57,29 49,56,40 60,72,23 46,57,42 38,48,24 46,52,23 81,96,0 64,62,15 70,70,9
72,92,95 70,92,94 72,94,98 66,81,84 58,69,56 112,119,64 136,140,73 133,139,71 138,137,72 136,139,77 51,58,40 66,78,60 77,87,65 98,110,76 57,65,40 57,70,27 78,90,52 65,80,43 70,82,35 54,66,19 64,73,43 49,59,35 52,64,46 52,63,48 54,63,46 55,70,33 78,94,50 45,58,42 66,81,57 43,56,44 76,81,59 85,89,62 101,104,80 71,76,56 64,74,50 54,63,44 48,56,46 67,71,54 68,76,55 62,68,41 98,102,73 81,84,64 77,72,60 65,71,44 69,73,56 41,51,43 59,72,58 52,61,44 41,52,41 40,50,28 47,56,39 51,63,16 48,56,42 26,34,9 54,66,32 58,66,41 38,45,13 55,65,30 22,33,20 72,86,56 94,122,56 81,97,10 49,50,11 57,63,0