52,26,16 53,27,13 53,22,10 49,26,11 52,26,12 58,28,13 66,30,24 54,26,13 78,37,46 64,24,28 62,29,18 55,24,12 55,24,12 58,27,17 66,31,16 89,50,78 81,47,84 81,47,84 79,48,84 79,48,84 76,46,87 76,46,87 75,47,87 73,48,87 72,47,86 72,47,86 72,47,88 71,46,87 70,47,87 70,47,89 73,44,91 69,46,88 68,45,83 69,44,83 83,39,59 90,38,46 90,38,46 89,37,45 90,38,46 87,37,45 85,38,47 85,38,47 83,37,50 81,38,53 81,38,53 78,37,51 77,36,50 77,36,50 77,36,50 77,36,50 75,36,50 73,37,50 75,36,50 70,35,50 68,36,50 68,36,50 73,38,53 68,37,48 69,34,49 68,36,50 68,36,50 69,34,49 68,36,50 67,35,49
53,27,17 53,27,13 55,24,12 61,30,18 60,27,16 61,29,15 68,32,22 53,25,12 60,29,17 61,30,20 53,25,12 56,25,13 55,24,12 56,25,15 61,32,12 62,30,16 81,47,84 83,49,86 84,49,84 81,50,86 76,47,83 76,46,87 76,46,87 76,46,87 76,46,87 76,46,87 72,47,88 72,47,88 71,48,88 71,48,88 74,46,86 76,45,81 77,44,67 88,37,50 86,39,48 90,38,46 90,38,46 90,38,46 90,38,46 85,38,47 85,38,47 85,38,47 83,37,50 81,38,53 81,38,53 77,36,50 77,36,50 77,36,50 77,35,52 75,35,52 71,35,48 69,34,49 71,35,48 70,35,50 68,36,50 68,36,50 68,36,50 68,36,52 67,35,51 67,35,49 68,36,50 70,35,50 69,34,49 73,37,50
54,24,23 56,25,13 57,22,23 70,32,57 62,29,20 58,28,13 53,27,13 54,26,13 53,27,13 58,31,13 54,26,13 62,31,21 56,25,15 56,29,11 58,31,15 61,29,15 82,45,74 86,48,84 79,49,82 76,47,83 77,48,84 76,47,83 76,47,83 76,47,85 76,47,83 77,48,86 81,50,86 81,48,78 82,44,76 80,45,76 82,43,71 88,38,48 91,37,46 97,40,50 96,39,49 90,38,46 90,38,46 90,38,46 90,38,46 84,37,46 90,38,48 84,39,47 84,38,51 81,38,50 84,36,48 79,38,52 76,37,51 77,35,52 73,36,52 72,37,52 68,37,48 72,38,50 75,36,50 70,36,48 70,36,48 44,27,30 41,18,17 71,35,48 73,36,52 70,35,50 70,36,48 77,36,50 77,36,50 67,39,79
54,26,13 58,28,13 54,26,17 58,27,19 60,30,13 61,32,12 66,35,25 67,30,15 80,39,50 64,31,22 91,48,82 83,42,66 70,32,38 77,36,62 89,47,78 86,48,82 87,50,79 87,51,75 87,50,79 82,47,82 82,47,82 84,49,84 82,47,82 81,50,86 87,49,85 87,49,85 95,43,66 107,43,57 96,42,51 93,40,55 90,38,48 98,39,48 96,37,48 98,39,50 96,39,49 97,38,49 93,36,46 94,35,46 92,35,45 98,39,50 96,39,49 91,37,46 89,37,45 84,37,46 84,36,48 84,37,44 79,36,51 81,38,53 82,39,54 78,37,51 77,36,50 77,36,50 77,36,50 47,25,19 48,28,19 44,33,40 46,33,43 46,32,45 74,39,54 84,38,54 74,37,53 78,37,63 65,41,88 64,41,79
55,24,16 58,27,19 50,27,14 52,26,14 53,25,14 60,31,11 60,30,15 66,29,14 77,37,41 67,28,25 73,31,50 94,51,77 92,48,79 91,49,78 87,50,77 87,49,81 87,49,81 87,50,79 88,49,79 88,49,79 87,49,81 87,49,83 87,49,83 87,49,83 88,50,86 87,49,85 88,48,83 115,44,59 134,48,52 117,41,51 116,40,45 110,37,48 101,39,49 96,39,47 95,38,50 96,39,49 93,36,46 96,39,49 97,38,49 98,39,50 95,38,48 96,37,48 101,37,49 93,39,48 90,38,46 88,38,48 85,38,47 87,37,47 84,37,46 86,36,46 84,37,46 48,25,22 50,32,31 54,19,6 47,20,4 52,21,9 61,25,15 54,24,9 50,24,14 51,32,36 44,32,46 65,40,83 66,40,70 59,40,58
62,30,27 62,27,14 58,27,15 63,32,22 71,34,21 62,28,10 71,33,27 62,27,14 69,25,26 65,26,12 96,48,72 99,50,72 94,49,74 92,49,73 93,47,77 93,50,72 93,49,78 93,49,80 91,49,78 87,49,81 87,49,81 89,50,80 88,49,79 89,50,80 89,50,80 87,49,85 88,48,81 88,48,81 89,45,74 96,41,55 93,41,51 94,40,47 93,36,46 93,39,48 96,37,48 98,39,50 103,39,51 103,39,51 103,39,51 101,39,51 104,40,52 103,39,51 103,37,50 106,37,49 108,37,50 106,37,51 103,39,53 97,40,52 98,39,52 88,38,48 74,40,47 40,19,6 40,21,5 52,20,6 55,26,6 63,27,9 64,28,10 61,25,7 56,20,10 41,16,15 66,40,68 64,36,55 73,37,57 62,36,53
62,32,17 61,26,11 61,28,17 63,28,15 61,28,19 64,27,14 66,26,21 59,27,13 78,41,28 65,28,15 91,45,56 101,49,70 101,49,72 99,50,72 104,52,75 101,48,74 102,47,66 105,54,72 102,53,75 99,50,72 94,51,77 93,50,76 95,50,75 93,50,76 90,48,79 88,48,81 89,49,82 90,48,79 96,47,69 98,43,57 96,42,53 96,39,51 100,38,48 104,38,49 106,38,47 107,37,47 106,37,49 104,38,51 99,40,51 97,38,49 100,38,50 103,39,51 101,39,51 85,43,72 79,46,78 78,46,87 79,47,90 75,45,88 71,48,90 74,46,90 38,16,10 86,27,10 66,24,11 62,23,11 57,26,7 58,24,6 57,26,7 52,22,7 49,19,4 69,35,44 71,33,54 73,36,54 66,35,53 66,35,53
54,26,13 60,29,10 62,27,14 53,25,14 59,28,16 64,27,14 68,26,15 56,25,13 56,25,13 55,24,16 61,28,17 104,53,66 104,50,71 103,50,68 109,51,68 113,50,69 132,48,56 127,48,54 110,47,66 110,52,72 110,50,71 105,50,69 107,52,68 104,52,73 105,53,74 105,50,69 108,46,60 116,39,51 120,39,44 111,38,47 102,38,48 107,39,48 107,39,48 107,39,48 107,39,48 113,37,44 104,38,51 104,38,51 102,38,50 100,38,50 94,35,46 101,39,51 96,41,55 89,46,72 90,42,66 82,46,84 83,49,88 79,49,90 77,47,90 77,48,86 72,40,56 79,30,19 55,20,5 49,19,4 53,23,8 50,25,8 47,24,9 42,21,6 42,19,4 83,36,55 72,37,52 75,33,50 75,35,52 69,33,53
53,25,14 60,31,9 56,25,13 59,29,14 56,25,15 56,25,17 57,24,13 56,25,15 55,24,16 56,25,17 55,24,14 62,27,14 92,48,49 79,34,31 111,51,69 112,47,64 113,43,53 111,43,52 110,41,53 110,42,51 112,43,57 113,42,57 114,45,59 111,53,70 107,52,71 110,52,69 107,54,72 111,53,70 109,54,73 105,53,74 108,55,73 104,51,69 111,41,51 107,39,48 118,39,45 116,37,41 114,38,45 108,38,48 107,39,48 104,39,47 108,42,55 94,50,70 91,48,82 90,50,85 88,48,81 88,50,86 88,50,86 86,50,88 86,51,86 82,47,82 83,44,74 84,36,48 49,17,3 40,19,4 40,21,5 39,20,6 32,16,1 39,20,8 77,37,56 75,35,52 71,34,50 70,33,49 77,35,54 68,35,54
59,30,8 66,32,10 63,28,15 63,26,13 60,27,16 59,29,14 63,26,11 56,25,15 58,27,17 58,27,15 57,24,13 56,25,13 56,25,13 57,25,11 57,24,13 117,42,47 118,42,47 113,40,49 118,42,47 116,40,47 113,40,49 113,40,51 111,40,53 111,42,58 113,47,62 115,49,64 116,50,63 110,48,62 109,46,63 112,46,59 109,43,56 109,43,54 108,42,53 108,40,49 108,38,48 111,38,47 105,40,48 108,39,51 109,45,57 102,48,59 106,53,71 103,53,78 97,52,79 100,50,77 105,53,76 97,49,73 88,50,82 90,51,81 88,50,84 88,50,84 88,50,86 84,43,67 80,38,57 83,37,53 80,37,47 37,18,6 77,38,52 72,37,52 79,38,52 75,35,52 73,37,50 71,35,48 61,39,47 73,37,45
62,33,11 61,30,9 65,28,15 61,26,13 61,26,13 60,30,13 72,33,21 56,25,13 65,27,17 61,25,15 68,26,15 59,27,13 75,36,24 94,34,34 105,42,49 156,54,52 154,49,46 157,50,43 145,49,43 148,51,45 135,49,46 130,50,50 116,40,43 115,39,49 115,40,47 116,40,52 115,39,49 111,37,51 110,42,51 109,39,49 109,39,49 109,39,49 108,40,49 106,41,49 106,40,51 106,40,53 109,45,57 111,52,65 113,53,71 111,52,75 110,50,68 100,41,54 109,45,59 110,36,50 108,37,52 105,47,67 102,52,77 96,54,83 95,52,78 92,50,79 89,47,78 80,37,49 75,34,45 84,36,48 84,37,46 47,24,11 46,17,13 80,39,53 84,38,51 75,36,50 37,27,17 45,24,9 45,26,10 42,30,18
64,21,13 63,27,17 63,25,15 58,28,13 59,32,16 61,28,19 136,48,55 59,27,13 133,53,55 66,28,18 139,51,58 132,56,61 141,47,47 128,41,45 124,43,48 116,40,47 121,40,45 118,39,45 130,49,56 135,49,48 139,42,43 136,41,46 127,40,44 125,41,47 122,39,42 121,41,43 120,39,44 121,40,47 117,40,50 113,38,45 114,38,43 119,38,47 127,39,46 128,42,46 121,40,47 123,50,61 119,55,69 117,55,69 114,54,70 113,38,45 111,38,47 104,39,47 98,41,51 101,39,53 108,44,56 117,51,66 119,53,68 102,40,54 88,38,48 91,41,51 85,38,45 85,38,45 82,36,47 83,36,55 66,27,36 43,15,13 35,19,6 27,14,11 30,25,24 35,21,7 47,27,9 46,24,4 45,25,5 37,22,2
55,24,16 54,23,15 56,25,17 58,27,15 60,29,17 61,28,19 146,51,56 67,31,13 144,53,54 69,28,12 145,51,53 150,49,42 143,46,45 141,44,45 149,51,54 167,62,59 147,50,51 153,55,54 131,40,39 127,41,40 129,40,38 134,40,38 128,42,39 134,40,40 140,43,39 142,45,41 139,43,39 135,38,41 131,39,43 128,41,45 128,41,45 129,45,55 127,51,58 130,53,63 131,54,64 129,49,60 122,51,64 121,48,59 118,39,47 114,42,48 108,38,46 108,40,47 96,39,47 103,39,49 110,36,50 114,43,58 101,39,49 96,39,47 91,37,46 94,40,49 92,39,52 89,37,45 68,29,26 43,20,7 52,24,11 30,14,1 37,20,10 37,21,8 37,22,2 37,22,2 41,23,4 49,30,7 46,26,8 48,28,10
57,24,15 56,23,14 55,24,14 56,25,13 62,32,15 61,29,15 150,53,49 65,29,9 153,52,54 64,33,12 156,53,56 167,56,50 208,70,49 202,59,37 196,56,29 170,54,41 160,48,38 160,50,37 150,43,36 142,45,41 156,49,40 149,48,41 167,56,39 169,54,43 161,52,44 157,58,50 152,52,49 147,50,51 141,44,45 137,43,43 131,41,44 122,41,48 120,39,46 123,39,47 122,41,46 120,39,44 118,39,45 115,39,49 108,40,49 105,39,50 100,38,48 98,39,48 61,24,23 52,38,43 41,22,6 40,21,7 39,20,6 46,30,13 40,22,3 60,34,20 54,32,12 57,36,13 40,21,5 35,19,6 56,21,8 42,22,4 34,18,3 44,24,6 46,26,8 41,26,6 36,21,1 46,26,8 45,25,7 41,26,6
63,26,13 56,26,11 58,28,13 53,27,13 65,31,13 60,30,15 165,54,48 65,28,13 157,55,51 67,29,12 164,56,45 161,57,51 162,55,48 181,60,46 195,59,37 196,58,37 189,56,35 171,54,46 182,53,31 176,49,31 173,54,42 170,53,43 147,46,37 143,42,42 151,44,39 153,49,41 153,56,59 141,44,45 133,44,44 123,41,39 123,40,43 118,43,41 119,38,43 121,40,45 115,39,51 115,39,49 111,38,47 106,41,49 108,40,49 108,40,49 85,34,37 76,27,28 49,23,13 95,39,44 91,38,40 63,32,22 41,22,8 44,26,7 44,23,0 65,36,16 58,37,14 58,32,11 38,22,7 33,18,7 53,26,10 43,25,6 35,19,2 43,25,6 45,25,7 43,25,6 38,23,3 37,23,5 41,26,6 41,22,6
61,19,6 59,23,13 60,28,14 56,28,15 63,29,11 60,30,15 169,59,48 64,27,12 156,61,52 66,29,16 122,40,36 167,58,52 169,59,46 169,57,45 177,61,48 191,64,46 174,59,50 176,60,45 176,55,39 158,54,44 166,56,43 163,52,44 164,53,38 157,48,32 151,42,38 145,45,42 156,49,44 162,53,45 146,44,40 138,44,46 146,46,41 149,47,43 142,44,45 141,44,47 141,44,43 136,41,46 138,44,46 127,41,45 118,39,47 123,39,47 108,43,49 108,40,47 68,22,22 103,40,45 86,31,27 89,34,34 99,38,45 102,41,46 81,36,31 51,32,9 55,36,11 55,34,9 40,26,8 33,18,7 48,22,8 41,21,3 36,21,1 38,23,3 39,24,4 38,22,5 38,22,7 34,18,5 51,22,16 83,36,41
56,21,8 58,23,10 65,26,12 56,26,11 61,30,11 59,33,12 174,55,43 67,31,13 82,27,14 67,31,11 69,26,11 86,28,16 177,58,44 179,59,40 179,58,42 178,59,45 177,58,44 177,56,40 164,51,30 171,51,32 174,54,35 164,47,37 158,48,37 175,52,39 169,50,36 171,53,34 159,46,39 153,46,39 159,47,37 165,49,36 172,52,31 172,50,32 171,55,40 168,54,38 172,45,29 144,44,41 122,42,44 123,43,45 113,41,47 108,40,49 111,38,49 47,15,10 110,42,49 108,35,44 93,32,37 104,39,47 104,39,47 107,39,48 104,40,50 107,43,53 49,26,11 47,29,8 41,23,4 41,15,5 40,20,2 38,22,5 37,21,8 36,22,4 36,20,3 38,22,5 35,19,6 31,20,5 79,38,47 79,36,48
56,24,10 54,26,15 65,29,11 55,25,10 60,29,10 59,33,12 175,59,44 64,29,16 170,73,53 66,29,14 181,63,42 184,62,44 186,61,42 190,63,43 188,61,41 199,68,44 194,65,43 193,60,39 204,61,37 198,58,33 210,67,38 214,66,39 189,59,40 186,60,46 194,62,43 195,64,42 193,59,41 220,58,27 207,59,30 194,59,34 192,58,40 171,52,36 158,46,34 148,41,36 136,42,44 132,41,42 127,41,43 126,40,44 124,41,44 126,39,43 124,38,42 108,29,26 124,41,42 144,43,43 132,44,51 114,35,39 109,40,45 108,37,50 121,40,47 116,40,47 122,41,50 125,46,54 146,58,65 134,55,61 41,27,11 44,25,2 38,19,0 55,34,9 51,30,5 64,38,15 42,22,4 38,22,9 89,38,41 85,38,45
56,23,12 57,25,11 60,28,14 53,27,13 56,29,13 58,33,16 126,46,30 60,30,15 163,75,57 65,28,13 214,72,38 226,72,38 221,74,38 214,72,36 211,68,37 201,65,34 200,64,33 207,65,36 229,75,41 229,70,38 218,65,35 213,66,34 210,64,34 214,68,38 209,67,38 205,66,36 203,67,36 205,66,36 229,70,38 218,67,39 203,64,34 199,64,39 172,53,37 151,42,36 140,42,43 154,45,41 164,47,37 174,51,38 165,46,32 172,50,30 168,47,31 161,45,39 146,44,40 166,51,40 173,52,40 151,42,34 135,39,33 113,36,32 123,37,41 119,35,41 128,45,46 151,57,57 155,58,61 142,56,60 41,22,8 40,19,4 49,28,5 53,32,9 59,33,10 63,34,12 57,33,11 36,22,8 87,37,43 86,36,44
55,24,12 59,29,14 60,30,15 49,28,17 53,31,13 51,33,14 54,34,14 58,28,13 100,42,28 65,28,13 224,75,37 222,66,30 226,73,36 217,71,32 214,72,36 216,71,34 224,75,37 226,74,37 224,72,35 224,71,37 214,67,35 210,65,32 208,65,34 207,64,33 205,63,34 205,63,34 202,60,31 200,60,33 190,61,39 171,53,34 178,53,32 176,54,36 161,47,31 156,48,35 159,47,35 156,45,37 151,44,35 151,42,34 140,42,41 144,42,38 163,43,34 179,52,45 182,60,42 165,49,36 165,49,36 154,45,37 150,44,30 157,44,37 151,42,34 167,56,50 173,65,54 174,63,59 162,60,58 148,56,62 53,31,13 52,32,12 54,33,10 51,30,7 58,32,9 60,31,9 65,41,19 58,30,21 90,36,47 88,36,44
43,26,16 48,29,17 54,31,18 51,28,17 47,28,16 49,28,15 60,33,17 53,30,17 55,32,17 56,28,17 76,23,7 141,54,31 238,78,39 242,80,28 239,80,34 220,67,28 225,72,38 225,72,38 227,71,35 222,70,33 217,70,34 220,70,35 220,70,35 215,69,39 194,54,29 186,53,32 175,52,37 168,52,35 167,48,34 159,49,36 156,48,35 176,53,38 183,54,32 195,52,28 194,54,27 196,53,27 195,52,28 187,52,27 181,51,34 197,61,39 214,71,47 202,65,41 205,73,45 207,70,46 202,66,44 198,66,49 199,65,51 193,65,54 189,66,53 186,65,51 185,62,49 188,64,56 176,63,56 46,20,6 47,27,7 47,30,6 51,32,9 55,31,9 58,32,9 56,32,8 52,33,10 58,27,17 90,39,40 89,38,41
45,25,16 44,29,18 44,29,18 45,23,15 47,25,17 45,29,16 49,26,15 52,26,16 53,30,15 51,30,15 53,30,15 68,20,6 171,58,26 108,30,0 100,36,8 94,27,0 145,44,15 184,71,39 228,72,34 224,71,37 224,71,37 226,72,38 228,71,38 222,68,34 218,64,32 212,58,31 217,60,29 218,59,27 233,75,40 216,62,32 205,55,24 228,71,38 227,70,37 229,71,36 229,77,35 227,74,37 233,75,40 227,70,37 217,64,32 213,59,29 211,57,30 224,71,41 220,69,41 217,69,42 213,69,45 204,69,44 204,69,44 205,67,48 205,67,48 204,67,50 195,64,52 145,46,38 141,43,44 39,20,6 36,20,5 39,23,6 33,18,7 58,39,23 51,31,11 59,33,12 53,33,13 56,28,17 114,39,37 115,40,43
44,27,17 42,25,15 46,24,16 49,27,19 49,25,17 48,29,17 50,27,16 52,25,18 50,26,18 51,28,17 56,25,13 59,26,17 72,21,11 104,31,3 96,25,4 108,43,22 170,46,11 243,75,32 238,74,32 238,74,32 239,77,32 240,76,36 231,74,34 228,74,40 228,75,38 228,74,40 227,73,39 226,72,38 226,73,36 226,72,38 225,72,38 224,71,37 226,73,36 228,75,38 226,72,40 226,73,43 227,74,44 228,74,42 228,74,40 229,75,41 227,73,41 225,70,43 224,70,45 218,70,41 216,69,44 214,70,48 216,69,48 220,71,49 225,72,42 210,68,39 199,67,41 204,71,48 41,20,7 37,21,4 33,18,7 39,23,6 28,16,4 34,17,7 44,25,9 45,27,8 57,35,17 62,36,26 148,61,65 140,62,63
47,27,18 42,25,15 46,26,17 50,26,18 46,24,16 50,26,18 51,24,17 51,24,17 52,25,18 60,28,23 54,26,13 56,25,15 59,25,7 73,26,3 83,20,0 81,25,1 92,20,0 137,51,19 227,72,31 242,76,30 242,77,28 244,79,30 245,78,30 240,77,37 240,77,35 239,79,36 236,79,39 231,73,36 232,74,37 232,74,37 232,75,35 235,77,40 241,78,40 239,76,38 233,71,42 227,73,39 227,73,39 231,74,41 237,77,38 246,84,39 243,79,39 237,73,40 234,72,43 230,73,42 225,71,44 222,74,47 227,73,48 222,71,45 220,72,45 220,72,45 210,70,45 80,32,16 41,19,11 48,32,15 41,26,6 36,22,8 32,20,8 32,20,10 35,20,11 38,22,5 41,25,8 47,24,13 156,65,66 137,62,60
43,26,16 42,25,15 47,25,17 52,25,18 48,24,16 53,21,16 52,23,17 53,24,18 56,27,21 58,27,17 60,28,14 70,33,18 62,33,13 66,30,10 66,28,9 73,25,7 78,27,1 97,28,13 183,55,24 251,84,36 251,84,36 252,85,37 251,86,37 251,86,37 251,84,36 251,86,37 251,86,37 249,84,33 249,84,35 249,84,35 250,83,35 248,80,35 247,80,32 247,80,32 247,79,34 245,79,33 245,78,37 246,78,35 252,81,37 255,92,27 247,82,33 248,80,35 180,60,10 208,72,52 232,75,46 182,52,21 102,20,0 232,72,49 212,74,53 208,73,46 112,30,5 73,37,17 42,26,13 35,20,9 35,20,9 36,21,10 31,18,11 25,14,11 29,17,7 47,33,17 47,33,17 63,37,27 82,23,4 86,20,6
53,29,21 42,25,15 44,24,15 52,23,17 52,25,18 50,21,15 56,25,17 54,25,19 56,25,17 56,25,17 76,27,7 84,35,13 76,32,6 86,28,6 77,25,4 77,25,4 84,20,3 126,41,15 111,30,1 251,85,41 250,83,35 248,81,31 248,81,33 248,81,31 248,81,33 248,81,33 249,79,32 251,78,30 251,78,30 249,79,30 249,79,30 251,78,28 254,81,35 249,79,32 249,79,30 248,78,31 246,78,33 245,77,32 249,78,34 255,83,31 154,44,0 252,81,37 159,55,6 227,83,57 209,83,44 193,79,50 118,27,8 235,73,44 216,79,62 173,63,50 175,66,48 31,26,12 38,23,12 36,22,8 37,22,11 33,18,7 60,18,5 23,14,8 33,21,9 51,37,19 43,27,12 75,25,19 77,22,9 72,22,7
55,29,19 49,28,17 51,24,17 52,31,20 53,27,17 58,26,21 59,26,19 62,31,23 61,33,22 59,25,21 164,40,16 161,60,31 198,78,44 100,27,13 115,42,14 84,35,15 107,29,3 202,65,39 174,51,22 254,81,33 255,82,32 255,83,33 255,84,32 255,83,34 255,83,34 255,84,35 255,83,35 255,84,33 255,83,33 255,82,30 255,82,32 255,83,32 255,81,29 255,83,31 255,83,31 255,83,30 255,85,32 247,87,44 213,64,24 185,50,14 128,37,0 154,51,20 155,46,15 125,36,5 112,26,7 116,26,4 110,27,5 102,26,4 90,30,9 84,27,8 64,18,2 32,23,8 38,24,10 44,28,13 79,22,5 84,24,3 86,22,7 34,18,12 29,18,11 41,27,13 41,27,9 80,22,10 77,22,9 87,30,11
52,26,16 47,26,11 51,25,13 50,27,14 47,28,16 60,29,21 57,29,20 60,28,23 60,34,24 60,26,22 159,58,31 116,40,16 128,44,13 234,58,16 255,81,36 80,32,18 155,44,9 255,87,30 255,88,35 255,87,33 255,87,38 255,89,36 255,89,34 255,91,39 247,85,40 217,66,20 180,50,12 162,44,9 155,46,15 147,43,17 130,32,4 135,37,9 136,38,12 128,36,8 112,29,7 112,30,8 111,29,4 107,25,3 107,28,5 103,27,3 106,29,14 97,25,13 88,29,10 87,26,8 89,29,8 82,25,8 81,23,9 90,27,7 91,25,9 77,23,5 40,21,9 38,23,14 40,25,14 49,28,15 82,25,6 94,34,13 86,31,20 32,20,10 25,12,7 37,22,13 38,21,13 88,30,16 89,32,15 85,30,17
48,24,16 47,25,17 49,26,13 47,25,17 45,23,15 60,29,21 56,30,18 60,29,21 53,26,21 62,26,20 175,57,26 158,54,19 191,54,12 158,35,2 142,39,6 87,33,13 202,54,9 197,46,2 221,67,19 174,35,0 119,29,7 120,30,4 120,33,10 116,26,2 110,25,1 108,25,3 99,23,1 105,26,3 112,29,7 114,32,5 108,26,0 109,28,3 99,23,1 103,27,5 90,22,2 92,24,6 101,30,13 105,31,8 93,30,8 85,25,2 96,24,5 99,27,6 88,30,8 103,26,7 84,27,8 80,22,8 76,24,3 77,25,6 74,26,8 70,24,6 50,24,14 37,22,13 40,26,12 64,24,15 74,26,8 74,28,14 48,24,16 30,15,6 84,34,21 38,23,12 42,27,16 44,25,11 79,31,13 72,26,12
49,20,14 51,22,16 56,27,21 55,23,18 55,24,16 56,25,15 64,26,20 65,26,23 68,25,19 68,25,19 69,24,19 69,26,18 76,28,14 83,30,16 86,33,17 91,34,17 89,28,12 87,26,10 89,28,10 91,30,12 105,34,8 109,29,11 109,27,5 105,23,3 93,21,0 88,22,6 92,32,11 88,29,10 94,26,8 93,24,11 104,29,11 109,31,3 100,28,7 108,29,6 104,30,5 94,29,10 99,28,7 99,28,7 101,30,9 94,29,6 98,27,6 99,28,7 92,29,7 80,26,6 87,31,9 93,30,8 90,32,6 99,34,15 87,28,11 92,32,11 43,26,18 35,22,15 50,30,21 71,28,11 69,28,12 88,35,19 37,22,11 23,17,10 37,14,13 44,27,17 44,29,18 44,29,18 60,30,29 61,28,19
49,20,14 63,24,21 47,23,15 52,25,18 48,24,16 48,25,14 58,26,21 62,26,16 70,28,17 66,23,15 73,26,15 74,27,16 70,28,17 72,29,14 78,30,16 84,30,10 76,26,9 87,27,13 84,27,8 91,30,12 96,32,17 94,36,14 101,33,11 99,32,7 80,27,2 102,28,5 88,32,8 89,29,8 97,33,7 98,34,8 104,33,9 104,32,11 96,28,6 102,30,9 99,31,9 95,30,11 101,31,7 95,30,9 96,33,9 87,27,2 101,34,9 100,32,10 99,35,9 86,30,8 90,30,7 88,29,10 83,32,8 85,32,9 94,35,18 79,29,12 40,28,16 34,22,12 86,29,10 74,28,12 82,32,15 83,28,13 38,23,14 40,20,13 50,21,15 40,28,16 44,29,18 45,30,21 70,25,18 51,23,14
44,22,14 48,24,16 46,23,12 46,24,16 47,25,17 57,29,18 58,30,19 59,32,14 60,30,15 70,28,15 71,27,15 66,29,14 73,27,11 73,32,14 79,27,8 97,33,16 78,32,16 86,37,17 65,30,17 93,40,17 85,38,17 88,39,17 89,37,16 84,39,18 98,35,13 78,32,14 103,36,11 72,34,24 90,37,10 89,33,9 74,31,14 86,33,10 93,35,13 95,37,15 95,30,9 92,32,11 106,39,14 91,32,13 82,33,13 81,34,13 71,28,9 100,42,18 75,37,20 90,39,15 100,32,12 68,31,16 98,40,18 79,28,18 60,30,15 77,34,19 41,25,12 36,23,16 76,34,21 76,33,16 74,31,16 55,29,15 38,26,14 62,25,22 59,25,21 35,20,11 41,26,15 49,34,25 56,24,19 69,32,31
40,21,9 46,23,12 40,19,6 47,26,13 43,27,14 44,22,4 57,25,11 67,30,17 62,26,16 83,38,31 73,27,13 57,25,11 97,39,13 69,29,6 93,40,17 85,31,13 58,31,24 91,43,16 76,30,4 78,40,23 70,34,14 88,36,15 111,40,19 87,38,16 75,34,16 108,38,12 76,35,17 103,41,14 88,39,19 78,35,20 84,37,26 93,39,19 83,34,12 101,44,25 96,33,11 68,30,20 92,37,8 83,32,8 66,30,12 78,32,6 79,33,19 65,30,15 90,38,17 81,40,22 78,30,12 103,35,13 71,32,18 85,33,14 108,40,18 72,34,15 44,28,15 46,24,16 84,35,15 92,38,18 67,28,14 36,26,16 41,27,13 73,32,16 64,26,9 70,34,24 39,27,17 44,24,17 64,26,18 44,15,9
39,22,12 47,25,17 45,24,13 48,27,12 47,28,16 41,18,5 54,26,13 53,28,11 56,29,11 56,26,11 68,31,16 68,27,11 59,28,16 64,31,20 91,33,7 77,34,19 70,33,20 81,38,23 72,30,8 60,33,17 95,37,23 79,32,11 58,31,24 77,36,20 78,35,16 68,35,26 85,39,21 96,38,12 57,31,21 61,30,20 99,37,10 63,32,20 73,32,14 105,42,18 84,35,13 66,34,20 98,42,16 109,42,17 63,32,22 66,30,20 94,38,12 90,39,13 67,35,21 88,40,13 95,38,19 70,28,17 75,33,20 117,38,15 62,30,14 70,28,15 64,25,13 39,30,15 75,37,18 46,19,12 52,21,9 36,24,14 63,25,15 59,27,13 66,31,16 62,31,19 41,28,23 40,29,24 44,25,11 56,27,21
39,18,7 44,23,12 41,21,12 35,18,8 48,27,14 53,27,13 47,24,9 47,26,11 51,25,13 53,26,10 58,28,11 65,31,13 82,34,18 79,32,21 77,34,19 86,33,10 72,36,18 60,28,12 76,38,19 86,37,26 63,32,20 60,29,19 89,36,20 78,35,20 54,30,22 60,32,21 90,39,15 57,33,25 52,29,26 86,40,12 70,34,24 66,31,18 83,36,15 90,42,17 93,36,7 59,29,14 76,35,17 98,41,12 81,39,17 70,39,31 59,33,23 70,34,24 76,33,16 63,27,17 70,38,22 80,33,12 78,32,16 65,36,16 93,41,22 74,31,14 54,26,15 31,18,11 55,25,10 71,29,16 36,23,18 37,22,13 65,37,24 61,30,20 73,34,22 45,19,7 35,23,13 36,25,18 44,24,15 53,29,21
38,23,12 34,19,8 41,25,12 44,24,15 48,25,12 45,24,13 49,26,15 49,21,12 53,27,15 57,29,16 57,29,20 56,29,13 61,29,15 59,26,15 56,26,11 59,28,16 64,30,12 55,29,17 53,28,11 63,30,19 62,31,19 58,30,17 64,36,23 57,24,13 67,28,14 96,38,12 70,33,18 54,30,22 96,35,19 101,36,15 58,30,19 61,31,16 88,40,15 81,38,19 84,35,13 71,34,19 63,29,11 88,37,11 100,43,14 64,32,18 50,23,16 57,29,20 89,36,13 67,30,15 60,29,21 54,26,17 63,30,19 78,30,12 67,34,23 53,30,17 46,24,16 36,25,20 56,21,6 43,20,5 36,24,24 32,21,16 56,24,10 56,25,13 41,15,5 41,21,12 32,21,14 35,19,15 25,16,10 38,25,20