81,19,8 83,18,8 74,16,4 64,15,6 42,15,8 24,12,14 15,10,12 13,11,12 13,11,12 13,11,12 13,11,12 13,11,12 13,11,12 13,11,12 13,11,12 13,11,12 13,11,12 13,11,12 12,11,14 61,71,89 15,9,14 13,10,14 63,66,84 18,23,33 20,20,32 23,21,33 59,75,104 27,27,37 23,25,39 24,47,72 11,34,70 44,59,91 21,25,40 21,25,40 22,25,43 24,27,49 22,29,41 24,30,47 25,30,54 26,32,49 27,33,54 27,33,54 27,33,54 27,33,52 23,29,46 26,29,47 27,30,48 26,37,64 28,37,60 34,30,50 43,24,38 38,40,65 36,22,35 30,22,41 41,17,21 34,19,27 47,31,44 29,17,29 27,18,29 29,17,29 19,17,27 20,16,25 19,17,25 11,11,19
80,20,8 81,19,8 75,17,5 62,14,8 28,12,6 15,10,9 15,10,12 13,11,12 13,11,12 13,11,12 13,11,12 13,11,12 13,11,12 13,11,12 13,11,12 13,11,12 13,11,12 13,11,12 13,12,15 38,48,68 15,10,9 13,10,14 17,13,24 61,71,89 27,26,43 25,27,43 26,28,42 17,17,25 20,23,34 51,67,103 52,84,133 56,71,103 21,25,40 21,25,40 22,25,43 24,27,49 25,31,48 25,31,52 26,31,55 26,32,49 26,32,51 27,33,54 27,33,54 27,33,54 25,31,48 27,30,52 27,30,52 32,43,70 28,37,60 33,29,49 44,25,39 53,49,73 36,22,39 41,19,27 38,20,29 39,40,70 45,30,38 31,18,28 27,18,29 29,17,29 20,16,25 20,16,25 19,17,25 14,10,19
84,17,8 89,19,11 79,19,7 72,19,5 16,11,13 13,10,14 13,10,14 13,11,12 13,11,12 13,11,12 13,11,12 13,11,12 13,11,12 13,11,12 13,11,12 13,11,12 13,11,12 13,11,12 17,15,25 24,39,71 14,12,13 12,10,22 31,40,51 18,16,24 48,24,28 49,17,14 22,26,41 26,29,47 18,20,34 16,20,24 38,46,64 28,31,38 21,25,40 21,25,40 22,25,43 24,27,45 27,33,52 21,31,51 26,35,58 26,35,58 26,35,58 26,35,58 24,34,54 27,33,54 26,35,58 24,33,58 22,28,49 28,40,64 38,34,58 29,35,52 40,26,41 32,25,37 42,33,55 44,21,22 53,22,28 50,37,56 37,21,17 36,20,18 33,19,21 33,19,24 23,16,26 20,16,25 19,17,25 21,11,12
92,19,10 87,17,7 77,17,5 77,17,7 55,9,9 68,18,12 86,16,6 39,12,7 16,8,14 13,11,12 13,11,12 19,9,13 13,11,12 13,11,12 13,11,12 13,11,12 13,11,12 13,11,12 24,21,36 62,74,107 13,10,14 33,59,107 18,15,30 23,33,53 76,21,6 82,20,7 43,25,34 32,29,46 20,23,30 24,22,42 50,67,89 32,36,51 21,25,40 21,25,40 23,29,48 24,27,45 27,33,54 27,30,52 28,29,52 24,30,51 26,35,58 26,33,56 27,37,57 27,28,51 69,72,79 40,43,50 26,32,53 24,36,58 43,39,59 46,30,45 34,26,43 33,25,42 47,17,18 52,22,23 55,22,24 77,51,72 35,18,19 36,19,20 30,18,23 46,21,18 43,18,19 22,16,23 19,17,25 30,12,11
93,19,10 139,25,9 132,28,4 124,25,6 126,32,11 118,27,10 98,21,4 83,17,1 79,19,5 14,9,11 13,11,12 30,14,12 13,11,12 13,11,12 13,11,12 13,11,12 13,11,12 13,11,12 28,31,51 19,17,25 13,11,12 46,60,83 32,49,92 18,18,30 35,14,1 50,16,12 25,23,31 24,23,38 16,16,26 25,28,39 38,48,68 32,35,53 21,25,40 21,25,40 26,29,47 24,27,45 28,29,52 27,33,54 28,30,55 29,31,56 25,28,50 27,30,52 25,28,50 27,32,56 60,63,53 29,35,22 29,35,54 25,32,55 37,31,52 48,30,41 38,26,42 27,24,39 38,21,24 62,20,23 48,22,28 68,43,57 38,19,26 35,18,21 33,19,24 44,17,12 39,16,15 20,16,25 20,16,27 66,16,12
90,17,8 84,17,6 127,25,7 141,29,1 117,23,5 106,22,5 121,26,10 107,23,8 60,17,11 49,16,16 13,11,12 13,11,12 13,11,12 13,10,14 13,10,16 14,12,13 13,11,12 13,11,12 26,28,44 12,9,13 13,11,12 14,8,13 16,34,62 20,21,40 22,14,20 23,11,16 23,19,30 38,47,72 36,44,62 19,22,33 19,26,40 24,30,49 21,25,40 21,25,40 25,31,50 24,27,47 27,33,54 28,31,53 27,36,59 26,36,56 26,34,54 28,38,58 28,38,56 28,30,57 29,37,27 29,37,42 29,34,58 25,31,52 37,35,55 39,26,45 51,29,37 41,26,34 36,21,31 51,20,26 63,24,33 54,35,53 56,26,25 35,18,21 33,18,26 64,23,21 35,16,18 20,16,25 20,16,25 47,15,12
133,27,0 118,24,6 122,23,2 120,24,11 134,27,7 119,25,9 117,23,7 114,25,12 82,20,11 32,7,4 21,14,14 13,11,12 13,11,12 13,11,12 14,12,13 24,20,31 13,11,12 13,11,12 32,38,55 14,9,11 13,11,12 24,21,27 16,15,20 27,32,56 17,16,19 37,14,15 12,10,20 17,24,36 37,46,69 22,25,36 18,18,28 23,29,46 21,25,40 21,25,40 27,39,61 23,29,46 24,33,56 26,32,53 31,44,70 40,53,81 61,121,208 50,81,98 68,89,41 78,100,63 47,61,40 32,39,62 29,34,58 26,34,54 33,40,65 40,29,52 41,25,38 30,23,35 33,20,39 28,20,28 67,22,28 52,21,29 34,20,22 33,18,28 32,17,25 36,17,19 43,18,19 61,20,20 18,14,23 41,13,15
113,30,15 111,19,9 113,22,3 120,26,5 132,23,3 147,28,2 57,9,3 44,8,0 63,18,11 65,16,7 41,13,11 25,12,9 21,11,12 16,11,10 19,17,27 16,14,22 13,11,12 13,11,12 17,16,21 15,15,12 13,11,12 13,11,12 12,9,13 47,64,86 18,19,24 50,25,24 76,16,4 23,23,33 20,27,39 22,20,30 19,29,45 26,32,51 21,25,40 21,25,40 36,43,68 26,27,46 29,32,54 31,34,56 46,44,52 33,40,35 42,58,37 64,78,48 73,88,60 102,124,83 100,126,63 111,139,77 28,37,50 24,29,53 30,39,62 34,30,50 30,29,44 66,24,27 28,24,35 29,20,33 75,20,18 66,22,23 31,19,24 35,18,21 35,18,24 29,18,25 30,18,23 84,33,25 15,15,23 24,10,10
16,22,43 14,25,36 86,35,27 150,31,15 121,24,2 82,24,10 37,13,7 75,14,7 74,16,4 58,14,2 47,13,9 39,15,9 29,13,9 26,12,12 23,21,31 31,30,47 13,11,12 13,11,12 13,11,12 13,11,12 13,11,12 13,10,14 15,26,55 14,27,46 22,20,30 18,16,24 127,28,16 83,30,32 28,40,73 18,17,32 25,24,39 31,36,60 21,25,40 21,25,40 29,36,59 24,27,47 27,32,56 27,33,54 59,17,6 57,31,21 60,73,46 60,75,51 53,62,45 77,85,60 86,98,60 109,127,73 113,145,86 26,32,49 26,36,56 32,26,47 43,34,49 56,25,33 39,24,32 41,23,32 89,32,29 105,28,24 61,23,27 39,18,16 54,17,16 23,17,24 25,18,28 40,18,23 15,15,23 50,7,3
19,28,51 31,26,53 25,21,43 70,34,24 66,26,19 58,15,0 53,13,8 94,18,5 85,18,7 80,18,5 60,16,6 51,15,9 43,14,10 37,13,5 26,16,15 13,11,12 13,11,12 13,11,12 13,11,12 13,11,12 13,11,12 13,11,12 13,11,9 15,10,12 22,20,32 17,15,27 78,23,21 30,21,34 40,54,77 37,50,80 22,25,36 25,31,50 22,25,43 24,27,45 42,60,88 24,27,47 27,33,54 29,32,54 65,16,7 41,41,25 61,76,52 35,42,26 33,30,36 62,67,45 76,89,62 107,123,92 120,145,100 117,145,83 31,36,62 48,28,38 61,27,36 64,28,36 68,21,28 42,23,25 57,45,61 100,32,30 50,15,16 39,18,16 75,23,22 26,15,22 21,14,24 30,18,20 14,14,24 41,16,17
29,27,51 32,28,52 30,26,50 49,38,45 85,23,12 66,16,3 57,14,8 102,22,8 86,19,8 89,15,6 67,16,6 59,16,12 50,14,8 46,12,8 34,13,11 13,11,12 13,11,12 13,11,12 13,11,12 13,11,12 13,11,12 13,11,12 13,11,12 13,11,12 23,22,39 20,18,30 33,19,24 67,27,22 25,43,71 27,51,80 26,22,33 22,21,36 22,25,43 32,35,53 34,46,68 25,26,45 26,34,54 29,31,56 39,19,10 59,73,52 56,60,43 55,63,40 60,70,48 67,72,48 74,82,59 83,98,72 113,139,105 106,134,86 127,152,105 40,35,51 49,25,31 54,30,36 62,20,25 46,22,26 43,24,28 80,29,32 53,18,19 31,18,26 76,26,24 23,20,24 21,14,24 30,18,30 34,18,16 23,15,21
33,34,57 38,32,57 26,22,44 66,27,26 109,21,12 56,14,1 53,14,11 102,19,6 78,16,7 84,19,7 82,17,7 70,16,7 57,15,4 58,13,6 41,14,7 21,11,15 13,11,12 13,11,12 13,11,12 13,11,12 13,11,12 13,11,12 13,11,12 13,11,12 22,25,47 19,22,44 18,14,23 19,16,20 18,22,37 35,28,42 25,22,37 23,21,33 24,28,43 25,29,44 38,54,83 27,25,45 27,32,56 35,33,53 62,66,37 39,53,34 46,43,28 61,70,51 89,102,86 59,69,45 75,85,59 76,84,63 70,85,59 77,98,66 104,129,98 86,118,57 74,107,99 82,99,144 56,36,59 65,71,101 31,34,54 35,33,53 33,18,26 17,14,20 53,23,24 25,19,24 21,15,20 31,21,22 96,24,12 15,9,14
34,30,54 34,28,53 24,22,46 24,21,36 92,20,3 80,18,7 53,12,10 97,22,6 86,19,10 85,20,12 70,18,13 73,17,11 61,16,9 64,15,6 47,14,7 19,12,12 13,11,12 13,11,12 13,11,12 13,11,12 13,11,12 13,11,12 13,11,12 13,11,12 20,26,43 34,47,77 18,16,24 17,15,25 19,22,33 57,28,33 28,28,40 32,29,44 23,31,47 20,27,41 24,30,49 66,51,42 37,41,45 37,35,47 55,34,21 23,16,19 48,52,37 65,77,59 51,59,36 63,81,68 87,108,87 94,109,97 73,88,62 61,77,46 91,113,72 85,113,67 54,71,73 41,58,91 47,68,107 94,128,183 18,49,94 35,47,71 66,63,80 19,16,22 32,18,20 23,15,21 23,15,23 36,18,17 89,18,15 22,10,12
26,31,55 29,34,58 18,25,48 27,22,40 86,19,10 81,19,6 38,15,12 11,14,25 23,24,45 39,52,82 45,70,121 50,92,169 62,42,79 75,25,19 59,16,8 20,13,16 12,12,9 13,11,9 16,9,9 15,9,14 15,10,12 13,11,12 13,11,12 13,11,12 23,29,46 23,45,75 27,19,25 37,15,20 36,23,33 28,26,46 20,19,36 29,30,53 38,59,98 21,23,39 26,28,44 27,29,43 53,52,43 29,32,52 84,41,35 68,50,29 59,50,35 48,44,27 39,47,35 65,74,85 45,50,56 79,90,77 114,142,105 78,103,72 82,102,77 47,64,36 53,68,100 40,51,78 62,95,155 77,126,187 91,134,204 91,145,216 97,152,229 21,28,51 30,18,30 23,14,25 20,17,23 38,19,26 64,15,4 37,9,7
24,31,54 26,33,56 22,27,51 29,25,45 81,21,9 79,19,7 13,13,10 14,14,24 24,30,51 22,31,54 23,32,57 39,53,101 38,67,126 51,90,155 100,121,189 32,26,33 17,15,25 19,12,24 32,10,18 26,12,12 17,10,13 16,11,13 13,11,12 13,11,12 22,28,47 16,30,53 21,17,26 85,27,17 63,28,31 25,27,43 22,28,45 28,31,51 50,65,110 20,26,43 25,23,35 33,34,53 28,31,49 27,33,54 44,36,55 87,54,29 57,49,36 79,53,39 42,55,54 32,36,51 52,57,67 96,118,77 101,125,83 83,105,75 70,86,67 26,32,23 43,54,83 78,110,159 63,100,151 67,107,157 83,127,192 87,137,207 94,152,226 112,173,250 23,20,26 22,15,25 23,16,28 34,20,25 100,20,2 47,18,14
27,36,59 26,33,56 22,27,51 27,25,45 86,20,6 72,14,4 13,10,14 17,17,29 20,23,41 22,34,56 23,36,62 23,36,64 23,36,64 26,39,67 41,57,107 49,92,164 67,119,215 57,105,194 36,24,56 37,13,7 32,11,11 22,8,8 16,9,9 13,11,12 19,24,48 21,32,59 18,18,28 122,33,22 88,28,26 21,29,45 29,35,54 28,29,50 51,84,148 22,25,43 25,27,41 19,27,45 28,31,53 24,33,56 33,42,65 117,60,29 51,56,36 102,53,33 17,9,15 46,44,45 69,91,61 75,97,58 78,103,76 72,93,70 30,32,29 21,18,24 28,16,28 47,80,126 43,76,120 56,93,142 71,110,163 85,128,196 95,149,222 99,164,240 32,62,102 29,18,27 23,17,24 22,16,21 66,15,5 30,12,11
29,30,53 24,33,58 29,34,58 29,25,45 82,17,7 15,10,7 10,11,14 19,17,29 21,24,44 24,32,60 25,38,68 24,39,71 24,39,71 23,40,73 25,43,83 34,49,92 47,77,140 46,69,123 59,95,169 81,64,107 47,13,9 37,12,9 29,11,8 15,10,9 17,34,67 22,46,77 12,22,30 118,35,22 79,27,26 27,24,41 30,26,46 33,29,42 12,22,42 24,23,40 34,35,54 21,28,53 26,32,53 44,59,93 62,95,159 48,51,43 100,64,42 92,49,32 82,51,32 58,73,47 66,82,49 66,81,57 72,93,72 60,82,56 26,20,25 30,16,29 41,13,11 27,45,71 48,86,128 56,93,142 74,113,168 83,128,195 88,138,208 98,153,230 112,177,253 85,28,29 47,24,21 83,35,31 43,9,5 31,13,12
32,30,54 26,36,56 35,37,62 38,19,35 64,19,16 15,10,12 13,13,23 21,20,35 23,29,48 24,36,60 25,41,77 32,52,94 30,55,97 34,52,90 22,33,62 46,77,124 63,110,195 43,75,144 50,73,129 78,34,33 52,16,8 48,15,8 39,15,7 20,13,13 23,38,70 28,50,82 27,45,71 90,33,34 70,22,16 31,22,37 44,17,31 24,27,45 29,33,48 23,24,43 27,28,49 22,29,52 30,37,60 48,73,126 36,41,65 25,29,31 74,45,23 111,60,34 97,56,25 84,61,32 66,68,42 63,82,62 59,76,50 27,27,24 34,17,18 30,22,30 39,16,17 31,48,79 46,79,123 51,86,136 60,99,152 75,124,187 88,143,220 101,163,240 107,172,255 37,41,72 19,15,24 21,15,22 68,13,9 34,14,7
28,29,52 29,30,53 23,31,51 77,21,24 6,10,12 13,11,12 14,14,22 18,21,39 23,28,52 25,38,66 33,53,95 35,61,109 43,73,125 34,55,105 21,33,57 32,47,81 64,100,172 71,110,188 36,44,90 77,19,9 75,23,20 61,15,17 53,14,13 31,15,13 19,35,62 24,47,81 22,38,67 24,35,62 45,32,51 24,20,29 22,20,28 24,26,51 30,28,52 25,23,43 22,24,40 23,29,50 45,48,66 31,50,97 23,16,28 39,46,58 33,40,24 35,44,27 56,50,25 87,63,30 78,65,33 60,62,45 16,14,12 34,17,23 39,17,20 28,28,40 35,16,18 35,54,85 52,81,124 53,86,132 68,109,162 72,121,184 94,152,230 98,159,239 102,168,248 106,167,240 57,23,19 149,25,1 38,9,5 44,11,11
26,34,54 26,29,51 20,32,56 96,26,20 18,7,14 13,11,12 15,15,23 19,22,40 23,30,53 26,39,67 32,54,97 43,70,127 51,84,144 47,74,131 32,52,96 48,73,126 80,126,229 69,112,193 49,93,158 107,146,222 71,87,125 58,68,113 57,16,14 30,13,16 24,37,63 23,43,71 27,50,84 24,37,63 25,32,55 25,22,37 25,21,34 46,54,74 28,26,50 19,32,62 23,25,41 70,75,110 32,33,52 26,29,40 21,18,24 32,25,39 24,25,28 20,25,19 36,40,23 35,42,24 17,18,10 12,12,12 19,14,13 29,19,23 32,18,20 33,30,47 27,19,27 38,61,95 47,80,126 58,95,144 74,116,177 86,136,204 90,152,229 103,167,246 96,160,241 97,151,222 123,35,26 58,17,28 36,15,13 49,14,15
31,43,67 28,35,60 21,34,60 101,28,21 13,11,12 13,10,14 19,17,27 19,23,38 21,30,53 26,41,73 35,61,109 46,76,137 53,83,148 46,74,138 41,66,117 42,77,156 29,36,61 21,37,73 89,140,230 57,90,152 52,79,136 37,72,135 72,17,15 43,18,19 29,34,58 24,37,56 25,37,61 27,41,62 24,33,58 20,19,34 22,22,34 36,52,77 25,26,47 29,36,59 24,27,47 59,35,51 26,23,29 22,21,26 21,21,29 20,16,25 23,20,26 16,14,24 25,22,26 13,11,12 15,14,17 20,13,13 35,24,33 22,16,21 27,18,29 28,24,35 42,51,74 42,69,108 53,86,130 58,95,144 78,119,183 80,129,202 84,134,204 100,161,238 86,139,219 83,125,175 84,112,164 25,15,14 49,14,15 47,13,11
28,48,76 23,43,71 42,61,92 12,15,26 13,11,12 13,10,16 20,18,28 21,24,42 23,32,57 32,50,88 48,73,128 51,85,153 54,87,151 56,81,134 56,72,120 51,65,102 25,31,50 21,23,37 72,118,210 72,118,208 52,77,132 56,85,132 53,74,138 37,20,26 26,35,60 26,33,56 25,39,60 27,36,59 24,36,58 21,20,37 16,16,28 25,33,51 73,87,97 69,72,94 80,56,74 34,35,56 29,37,57 27,24,30 22,22,30 26,22,31 24,16,22 36,23,33 18,18,26 25,28,35 28,21,31 34,19,29 30,26,37 31,27,40 26,18,26 29,36,50 43,69,102 50,81,124 65,100,150 64,101,152 81,119,181 88,133,202 84,132,200 101,156,231 93,127,193 70,89,122 62,83,118 23,11,23 67,15,10 46,12,8
21,23,37 22,24,38 18,18,28 13,11,12 18,16,26 16,14,22 21,21,33 14,22,42 22,34,58 25,43,79 41,69,123 48,68,121 49,82,144 50,80,143 46,74,128 12,30,68 70,110,197 91,151,255 20,22,36 68,112,204 64,88,135 47,74,131 40,69,126 20,17,32 16,36,62 28,37,60 27,36,59 27,33,54 30,37,62 19,21,35 22,22,32 19,25,16 45,53,41 36,55,65 92,49,45 30,31,52 30,38,58 31,35,50 24,24,34 24,20,29 23,17,24 31,20,27 33,26,36 21,21,31 24,23,28 15,13,21 21,17,30 21,24,35 35,53,81 40,61,96 47,70,106 58,89,132 70,107,158 74,113,168 73,113,171 85,123,181 80,120,178 90,138,208 21,47,82 31,47,72 95,141,205 28,19,32 89,20,7 49,16,9
17,9,17 16,15,18 13,9,18 13,11,12 15,15,25 18,18,30 21,23,39 18,21,39 22,31,54 23,36,64 18,35,68 26,41,73 26,44,82 28,49,86 37,62,113 51,90,155 41,93,189 75,144,255 58,95,172 21,54,118 59,91,169 44,72,138 55,76,140 14,27,44 21,42,77 25,41,68 24,42,66 25,39,60 30,38,45 78,89,90 32,33,36 41,49,28 46,55,36 59,66,61 87,31,23 25,29,44 29,37,57 29,37,57 29,27,37 27,25,33 22,21,26 27,25,35 18,15,21 17,17,25 18,17,22 30,40,56 56,70,93 46,67,104 49,75,112 56,81,123 63,88,130 66,97,142 66,103,154 76,112,166 75,115,173 68,107,160 75,115,165 95,142,199 67,108,163 115,157,214 89,137,205 32,15,35 102,22,4 42,13,7
10,9,14 10,10,18 13,10,14 13,12,17 13,13,21 15,15,23 15,15,25 15,15,25 19,17,29 19,17,27 16,16,26 18,17,32 21,23,39 19,27,45 26,35,60 25,36,65 22,37,69 19,39,67 21,37,77 35,36,59 24,31,54 26,34,66 43,66,118 52,80,132 22,40,76 25,41,70 27,40,66 23,41,69 34,44,62 50,55,33 55,60,36 34,39,33 36,44,34 48,55,48 53,68,73 47,54,49 30,38,58 30,40,60 20,27,39 23,24,29 25,23,33 23,23,31 24,20,31 27,28,47 29,36,50 28,32,47 36,42,61 36,52,79 43,62,95 51,77,114 61,92,137 69,104,156 73,109,163 71,110,163 75,114,169 80,120,170 76,116,162 87,132,192 112,162,232 58,100,146 100,146,210 28,19,30 112,20,10 55,14,12
45,12,5 42,14,5 59,15,14 56,17,16 42,18,24 44,21,32 46,23,34 35,20,30 19,22,31 20,20,32 22,22,30 25,23,31 24,28,41 52,65,95 30,39,62 26,27,48 25,29,42 89,100,138 34,52,80 102,122,166 25,21,34 44,50,69 59,89,141 67,100,164 30,48,86 27,44,75 20,43,70 23,41,69 82,17,5 58,27,15 57,61,34 37,42,36 31,34,26 39,42,34 49,57,47 47,58,45 33,47,59 30,45,63 29,40,67 20,20,28 19,17,25 18,18,28 36,43,57 20,24,37 21,21,33 24,29,39 25,31,48 28,41,60 32,49,71 38,61,88 56,82,117 60,95,143 66,103,154 72,107,159 67,107,157 70,107,154 86,123,174 26,42,67 41,64,98 86,123,174 70,116,167 47,24,35 114,26,17 53,15,7
50,14,8 78,16,7 95,22,10 92,19,5 78,16,7 65,16,7 80,18,5 70,17,3 20,16,29 20,18,26 22,20,28 23,21,33 23,23,35 25,25,37 26,28,42 35,37,53 17,25,43 52,68,106 55,76,122 55,76,115 31,23,31 19,9,8 47,58,85 50,65,110 24,40,80 46,68,109 23,41,65 65,10,10 76,17,0 50,14,8 47,42,30 29,36,31 42,51,34 34,42,28 54,63,46 38,46,32 45,57,39 25,42,62 24,39,57 36,39,48 32,39,51 19,24,34 19,22,33 22,21,36 25,29,42 29,35,56 29,38,61 27,41,64 28,44,69 28,46,72 38,55,86 49,76,117 67,102,152 68,105,156 62,99,150 64,102,146 44,72,104 41,67,102 97,138,193 63,101,145 77,112,171 70,35,36 51,74,108 56,92,135
73,11,0 119,25,7 101,24,5 114,25,14 118,24,8 99,22,5 91,18,9 84,17,8 16,16,24 17,15,23 19,17,27 23,21,31 25,23,35 25,25,37 27,25,45 25,28,37 17,10,13 16,10,15 18,18,30 59,85,133 77,105,167 55,11,1 35,13,7 15,9,14 15,8,18 13,10,16 82,22,20 88,18,10 43,14,10 21,11,10 12,26,38 47,61,71 47,59,50 63,75,66 63,78,66 46,52,43 42,56,47 47,58,59 43,57,53 19,24,20 21,25,38 20,27,41 24,31,45 29,35,54 29,39,59 29,41,63 31,43,67 31,45,68 32,46,69 31,48,70 32,48,77 44,67,101 53,82,125 58,91,135 62,99,146 72,109,160 37,54,87 32,48,75 35,55,81 99,141,200 89,131,188 23,29,46 13,13,13 23,38,52
137,28,8 119,29,3 128,21,3 127,24,9 132,27,6 110,24,3 109,21,3 89,19,9 18,17,22 13,11,19 20,18,26 25,23,35 25,24,39 25,25,37 52,61,84 35,39,52 21,11,12 15,10,9 33,37,50 65,97,150 61,97,153 38,74,119 21,12,25 11,14,36 6,23,56 57,78,126 112,26,7 93,19,10 54,16,10 42,13,9 48,63,70 43,45,40 40,52,32 41,44,36 41,49,35 52,55,43 29,36,29 25,33,23 27,35,25 27,32,26 22,26,39 31,37,56 29,35,54 29,39,59 29,42,61 29,41,63 32,45,71 28,46,72 32,48,75 27,47,73 32,52,80 34,52,88 38,59,96 39,62,96 53,85,125 32,54,86 87,128,181 82,118,172 40,59,90 65,98,142 80,124,169 71,26,21 15,9,14 12,12,9
178,35,6 182,40,11 162,30,0 148,28,5 151,30,5 150,30,7 149,27,5 83,22,17 13,12,15 16,15,20 24,22,32 27,25,37 27,25,35 22,26,39 49,67,93 38,54,81 21,12,8 19,13,18 25,29,42 52,94,155 59,94,153 42,72,110 82,19,13 85,20,12 57,14,8 33,56,83 101,17,0 70,17,5 58,14,4 45,12,12 51,54,42 55,55,39 58,54,35 54,55,36 55,62,44 34,40,29 27,33,22 26,34,22 34,40,27 33,42,25 24,31,45 33,41,61 33,42,65 29,37,55 33,41,61 32,44,66 31,47,74 29,45,72 34,52,80 30,49,80 30,49,80 29,49,77 31,49,75 31,49,77 35,48,74 35,48,67 33,64,97 81,121,171 75,113,157 72,109,158 51,49,59 111,27,12 26,15,12 14,11,15
204,35,10 190,40,7 202,34,2 173,33,6 165,28,4 170,33,9 49,18,8 11,11,19 20,18,26 22,20,30 25,23,33 26,24,36 27,24,39 30,26,39 71,87,112 38,50,85 22,12,11 19,14,11 26,33,56 55,91,147 57,88,131 35,51,80 82,20,11 77,15,4 60,16,6 81,36,44 97,22,6 72,17,4 63,15,11 40,15,12 55,57,57 20,18,16 88,34,27 101,42,37 20,16,6 14,17,9 33,41,27 33,44,29 34,46,28 38,50,32 38,48,45 31,39,55 30,39,62 31,43,65 28,42,65 29,47,73 30,48,74 31,47,74 29,47,73 29,49,77 32,48,75 31,48,70 34,47,66 37,46,69 35,51,80 32,50,74 36,54,80 46,72,107 68,99,144 43,48,58 98,134,188 128,39,26 93,32,39 12,12,12
228,41,9 231,43,5 220,39,7 201,33,1 13,17,21 23,21,29 22,20,32 22,20,28 24,22,30 22,22,34 36,39,61 28,31,51 26,23,38 26,21,39 71,86,120 58,53,71 32,14,11 26,12,14 40,53,81 43,72,117 37,44,67 46,75,122 64,22,39 81,19,10 71,16,1 78,30,26 92,20,3 77,19,7 62,14,8 36,12,6 13,11,12 13,11,12 16,11,13 50,25,22 43,40,27 36,40,23 39,51,33 36,48,30 44,56,38 42,58,39 44,60,41 35,46,47 31,43,65 31,44,63 31,45,66 33,45,67 32,45,71 32,46,69 32,46,67 33,43,63 35,47,69 35,49,72 35,47,71 36,48,72 38,50,72 35,52,74 38,47,72 37,43,60 40,37,41 28,45,78 77,120,190 98,64,90 12,13,5 105,21,11
90,6,0 142,14,5 66,0,0 23,22,27 24,22,32 24,22,32 24,22,32 23,21,31 23,23,33 41,44,66 31,43,65 47,61,84 32,31,46 24,24,34 43,54,83 43,25,36 54,16,8 33,12,8 35,51,80 37,63,100 23,32,55 53,93,155 61,100,153 80,21,4 85,23,10 73,17,11 88,19,6 75,17,7 57,14,10 29,11,8 13,11,12 13,11,12 13,11,12 13,11,12 19,12,12 38,40,23 25,31,20 37,44,28 44,56,36 45,59,50 47,61,42 43,56,44 34,43,66 35,44,67 31,41,61 29,33,46 30,38,54 28,38,56 30,40,56 31,41,61 33,45,67 32,49,71 34,48,71 32,46,67 38,48,68 28,30,44 33,25,31 35,28,31 81,107,140 72,112,170 80,121,187 59,100,182 139,45,27 113,29,16
15,15,23 18,14,25 21,17,28 22,20,30 24,22,32 24,22,32 25,21,32 25,21,32 24,22,32 22,22,32 27,25,35 25,31,48 28,30,44 25,30,40 30,37,60 76,19,16 70,16,7 42,13,9 31,44,63 34,51,82 57,101,175 62,100,162 58,98,156 99,14,13 79,19,7 70,22,18 73,18,5 71,17,8 48,14,10 23,11,13 13,11,12 13,11,12 13,11,12 13,11,12 13,11,12 14,12,8 43,47,30 47,61,40 47,64,40 43,55,37 22,29,24 61,94,140 23,22,27 20,20,30 23,23,33 21,17,26 23,20,24 23,22,27 16,16,28 25,27,41 28,31,49 21,24,35 25,23,31 29,29,29 27,25,23 24,22,30 54,75,110 66,106,154 76,115,168 75,118,172 73,117,182 60,106,186 31,55,102 21,29,47
17,15,23 17,15,23 19,18,23 23,21,29 23,21,31 23,21,31 24,22,32 24,22,32 24,22,32 23,23,31 25,24,39 22,24,40 34,44,64 58,76,114 67,94,153 70,16,7 75,19,11 52,13,10 32,34,50 26,39,69 30,60,110 62,91,148 59,97,157 88,80,113 85,16,1 36,20,45 62,12,6 57,14,8 41,14,9 17,10,13 13,11,12 13,11,12 13,11,12 13,11,12 13,11,12 12,11,14 20,18,16 47,55,43 17,15,13 13,10,14 27,28,60 48,69,104 13,16,23 18,18,26 20,20,30 24,22,32 20,23,32 18,18,26 30,22,28 27,19,25 26,21,23 30,27,31 27,22,24 18,15,19 25,23,31 19,27,45 46,70,101 71,111,157 70,115,171 64,106,156 69,109,159 48,88,138 32,53,90 14,12,13
20,16,25 18,14,23 20,18,26 23,21,31 24,22,32 24,22,32 24,22,32 22,22,32 27,27,39 28,40,64 59,80,115 55,76,113 76,106,156 111,145,211 124,85,115 117,23,7 89,19,9 63,12,4 22,22,34 26,42,69 31,53,85 33,51,89 41,68,107 55,85,135 63,15,9 29,54,96 53,15,9 42,14,5 34,13,9 13,11,12 13,11,12 13,11,12 13,11,12 13,11,12 13,11,12 13,11,12 13,11,12 12,11,14 11,15,30 29,32,50 46,27,29 66,52,65 17,13,22 16,16,24 18,18,26 18,18,26 21,21,31 22,22,32 20,23,32 20,20,28 17,17,27 22,20,32 21,24,33 23,26,37 28,32,47 29,33,48 29,37,55 46,68,98 66,106,156 72,114,173 69,111,161 62,96,133 31,45,93 23,20,26