53,75,105 41,56,74 26,36,54 23,22,25 85,27,15 52,18,14 11,13,13 11,12,15 34,52,80 59,94,155 23,23,31 22,22,30 22,23,28 19,18,21 20,19,24 20,21,24 16,20,22 18,13,15 31,21,25 41,24,30 29,23,30 60,98,158 20,20,28 22,21,26 20,21,24 22,21,26 15,19,21 13,19,22 37,51,74 65,91,126 64,89,131 62,91,136 66,90,137 69,88,119 12,11,16 13,11,12 13,11,12 13,11,12 13,11,12 13,11,12 13,11,12 13,11,12 13,11,12 13,11,12 13,11,12 12,12,12 12,12,12 24,24,24 13,11,12 13,11,12 39,51,75 16,17,22 13,14,19 12,11,14 13,11,12 13,11,12 21,11,12 22,12,13 25,13,15 33,18,9 34,19,10 31,18,13 31,14,15 26,14,16
47,70,104 35,49,70 31,40,53 22,21,24 74,23,13 44,16,14 12,11,14 13,11,12 34,53,86 53,92,147 20,20,30 16,18,18 15,16,19 16,17,20 20,21,24 17,18,21 17,18,21 34,17,18 61,25,19 46,25,25 44,40,53 44,82,126 20,19,22 17,18,23 20,21,26 18,19,24 19,18,21 15,16,19 17,16,31 50,68,104 64,80,120 30,36,53 29,32,50 20,21,26 22,23,28 25,24,29 12,11,16 13,11,12 13,11,12 13,11,12 13,11,12 13,11,12 13,11,12 13,11,12 13,11,12 12,12,12 9,11,11 11,13,13 13,11,12 13,11,12 15,24,37 16,16,24 14,15,20 13,12,17 12,12,12 14,12,13 21,11,12 21,11,12 26,14,16 31,15,9 38,18,11 33,18,7 33,17,13 27,15,17
42,52,72 53,70,103 48,54,73 20,21,26 67,23,13 23,11,13 12,12,12 12,12,12 39,61,102 51,84,146 20,20,28 18,19,22 14,20,21 15,19,21 15,19,21 18,19,22 14,15,18 21,15,20 51,24,19 43,19,13 33,50,72 34,55,92 18,17,22 18,17,22 18,19,22 19,18,23 19,18,23 15,14,19 17,16,21 23,22,27 23,21,29 20,20,28 17,18,21 11,12,15 16,17,20 22,23,28 23,21,29 21,21,29 13,12,15 13,11,12 24,22,30 15,14,17 13,11,12 12,11,14 29,30,33 11,12,15 41,45,60 37,35,45 13,11,12 13,11,12 14,15,20 13,17,19 13,14,19 12,11,14 13,11,12 13,11,12 16,14,12 21,11,12 31,17,17 33,17,11 35,17,12 34,17,9 33,18,9 23,13,14
46,42,62 52,73,112 40,53,81 31,27,36 29,16,13 13,10,14 13,11,12 13,10,16 34,57,91 66,101,162 16,20,22 20,19,22 18,19,22 17,18,21 16,21,20 14,15,18 14,15,20 15,16,21 53,21,16 37,19,14 40,58,98 22,31,44 17,18,23 16,20,22 17,18,21 16,20,24 17,15,23 22,22,22 22,21,24 20,19,22 20,21,26 20,19,24 13,12,15 12,12,12 13,11,19 22,21,24 22,23,26 24,24,32 22,23,26 16,13,17 32,34,48 25,28,39 13,10,14 12,11,14 13,12,17 13,11,12 27,25,37 18,19,24 12,12,12 13,13,13 16,14,22 16,14,22 13,11,19 12,11,14 13,11,12 13,11,12 13,10,14 19,12,15 29,15,17 34,17,9 33,17,11 37,17,10 35,18,10 24,14,15
57,38,54 55,74,107 53,75,116 54,62,80 42,19,16 12,12,12 14,12,13 16,10,17 32,58,95 42,63,100 16,17,20 18,19,22 17,18,21 15,16,21 14,15,20 13,17,21 15,13,21 12,11,16 53,18,19 35,22,19 35,60,100 13,13,23 22,21,26 16,16,24 15,16,21 14,18,20 20,19,22 23,22,25 22,21,26 23,21,29 13,12,17 13,11,19 34,32,40 19,18,23 12,12,12 17,16,21 17,18,21 22,22,30 21,24,31 21,25,29 37,43,60 38,46,62 13,13,10 10,12,12 13,12,15 15,16,19 14,14,24 33,31,39 13,10,14 13,10,14 13,11,19 13,13,21 15,14,19 12,11,14 13,11,12 13,11,12 13,11,12 13,11,12 15,10,12 33,17,11 37,16,12 39,17,11 35,18,10 29,15,20
56,24,21 63,59,70 65,91,139 62,84,116 53,21,16 10,11,14 36,42,61 69,59,79 47,52,78 22,34,58 18,17,22 17,18,21 18,19,22 17,18,21 15,16,21 17,16,19 13,12,15 10,12,12 53,20,13 30,13,14 36,63,104 12,12,9 22,20,28 14,14,22 14,15,20 29,32,43 20,19,22 22,21,24 23,22,27 17,16,19 16,14,22 30,30,40 9,13,17 27,27,35 31,31,39 12,11,14 13,14,19 23,24,29 23,23,31 24,24,32 25,29,44 47,62,94 13,13,13 13,11,12 12,12,9 13,14,19 11,11,21 39,43,56 15,9,14 16,11,13 11,12,17 15,15,23 13,9,18 13,12,17 13,11,12 13,11,12 13,11,12 15,10,12 13,10,14 23,11,11 35,18,10 39,17,11 37,17,10 33,17,15
65,25,18 76,54,59 54,75,114 52,76,125 54,24,23 13,12,15 38,61,95 64,48,65 36,40,55 13,11,19 16,14,22 19,18,21 12,16,18 26,25,30 18,19,22 12,12,12 13,11,12 12,12,12 59,20,17 32,18,20 34,60,104 12,12,12 13,12,17 11,9,17 20,20,28 17,18,21 18,19,22 20,21,24 15,16,21 15,16,21 16,14,22 29,27,37 34,32,44 33,36,43 32,44,66 27,25,33 27,28,33 15,16,21 26,24,32 26,24,32 24,23,28 56,77,114 15,14,17 13,11,12 13,10,14 14,15,20 17,18,21 50,58,78 12,12,9 18,13,15 25,24,29 22,23,28 16,17,20 19,17,25 11,12,17 13,11,12 13,11,12 13,11,12 13,10,14 19,12,15 34,16,11 39,17,11 40,18,10 35,18,10
21,18,22 46,50,65 57,73,100 64,83,114 47,22,19 13,11,9 39,61,102 49,65,94 30,33,40 13,11,21 23,23,31 15,16,19 17,18,23 24,24,32 17,16,21 13,11,12 13,11,12 13,11,12 85,27,17 58,28,27 42,60,98 13,10,14 13,11,12 16,17,20 20,21,26 15,16,21 17,18,21 21,21,29 11,12,17 18,17,20 25,26,31 13,17,21 33,41,69 53,72,119 25,31,50 42,60,98 21,24,31 21,22,27 23,22,27 23,23,31 24,24,32 61,82,117 16,15,20 20,18,28 13,12,17 20,17,21 15,16,21 42,46,59 29,13,11 13,10,16 26,25,30 13,11,19 17,18,23 17,18,23 15,19,21 13,12,17 13,12,15 12,12,12 12,12,12 19,12,15 29,16,13 39,17,11 35,18,10 34,17,9
21,14,17 20,14,19 49,59,79 52,67,99 48,21,16 10,12,12 43,72,117 47,53,72 30,33,42 17,15,25 29,29,39 14,14,22 15,13,21 36,36,46 13,12,15 13,11,12 13,11,12 13,11,12 64,24,19 40,19,17 44,67,101 12,12,12 12,11,14 12,11,14 18,20,20 15,16,21 18,19,24 20,21,26 18,17,22 31,29,37 12,10,18 36,34,42 22,28,49 28,54,87 27,30,39 33,37,50 31,39,59 25,26,31 13,12,17 21,24,31 23,21,29 64,84,112 29,31,45 55,53,65 17,16,19 18,19,24 17,18,21 36,39,46 29,13,9 16,15,18 20,20,28 17,16,21 16,17,20 18,22,24 20,21,24 13,14,19 13,13,21 12,12,12 13,11,12 22,12,13 31,15,13 41,17,9 37,17,10 33,18,9
15,10,7 13,11,9 40,47,61 69,67,79 50,22,13 12,12,12 29,33,46 50,69,102 64,70,87 29,28,33 30,33,42 14,15,20 26,30,34 13,10,16 13,11,12 13,11,12 13,11,12 13,11,12 69,21,15 27,15,15 45,72,100 13,10,16 11,12,17 11,11,19 22,23,28 16,17,20 15,14,19 17,16,21 28,28,36 12,10,20 21,21,29 23,24,27 23,23,31 42,57,89 36,60,91 20,21,24 26,30,43 34,40,57 25,25,35 27,28,33 23,23,31 32,39,53 31,39,55 20,18,26 18,17,22 18,19,22 19,22,29 53,55,69 13,10,14 35,17,16 18,14,23 22,20,28 12,12,12 20,19,24 20,21,26 15,16,19 15,15,23 12,11,14 16,11,10 22,12,13 33,17,11 40,18,10 39,17,11 35,18,10
45,18,13 42,17,14 45,27,36 85,56,66 72,24,18 14,12,13 12,12,12 35,54,85 61,52,67 31,37,58 28,31,38 15,15,23 36,39,46 13,11,12 13,11,12 13,11,12 13,11,12 12,12,12 49,17,12 13,12,17 47,72,96 11,12,17 13,11,19 15,13,21 15,16,21 20,21,24 22,21,24 24,24,34 25,30,36 28,29,34 20,20,28 23,24,29 25,23,33 17,52,100 35,45,63 23,19,28 17,23,40 25,28,35 23,26,33 18,19,24 22,25,32 27,35,42 49,61,83 11,11,11 15,14,17 20,21,26 22,20,28 48,47,62 12,11,16 28,14,14 18,18,26 23,22,27 14,12,13 16,15,18 23,22,27 18,19,22 15,15,23 12,12,12 19,12,12 22,12,13 30,14,12 42,18,12 54,20,16 37,17,10
86,26,14 84,26,12 78,34,33 123,31,19 83,30,18 20,13,16 13,11,12 35,46,75 57,91,146 29,34,44 32,35,44 14,14,22 12,11,16 13,11,12 13,11,12 13,11,12 15,10,12 18,13,15 81,27,18 46,21,22 53,69,98 13,11,19 11,12,17 17,15,23 17,16,21 23,22,25 20,21,24 23,26,33 39,47,65 43,62,95 25,26,31 25,28,37 23,21,29 23,62,115 24,57,103 17,17,25 22,21,24 26,29,40 23,23,31 22,25,32 23,26,33 24,25,30 43,61,89 9,11,11 20,21,26 20,19,22 24,21,27 53,59,78 10,12,12 25,14,11 21,21,29 24,23,26 15,15,15 12,11,14 23,22,27 20,19,24 18,18,28 13,11,12 21,11,12 25,13,15 30,14,10 40,16,10 49,20,16 35,18,10
65,51,64 57,47,76 91,33,23 122,33,20 41,20,16 13,10,14 12,11,14 33,48,80 42,71,118 32,36,51 36,36,46 13,11,19 13,10,14 13,11,12 13,11,12 13,11,12 12,11,14 20,13,16 70,22,16 23,29,46 57,64,87 16,14,22 14,14,22 15,16,19 20,20,20 24,23,26 23,22,25 26,25,30 27,30,37 23,26,35 25,26,31 29,29,37 24,22,32 31,70,125 33,65,114 16,15,20 23,22,25 28,31,38 24,24,32 24,25,30 24,24,32 23,23,33 54,77,113 12,12,12 24,22,30 24,22,30 20,21,24 40,44,59 10,12,12 21,16,15 19,16,20 23,24,29 14,12,13 12,12,12 23,21,29 19,18,21 20,18,26 14,12,13 22,12,13 28,14,14 33,17,11 34,17,9 49,20,14 36,19,11
50,57,80 60,51,73 54,49,67 126,30,17 23,16,14 13,11,12 12,12,12 32,46,67 40,80,130 32,35,46 33,31,41 15,14,19 12,12,12 12,12,12 12,11,16 12,11,14 13,12,17 24,16,24 90,23,16 35,63,97 18,21,30 13,14,19 18,19,24 21,22,25 18,19,22 21,22,27 22,22,22 24,24,32 28,28,36 28,31,42 27,28,31 27,28,31 27,25,33 33,78,134 35,70,118 14,15,18 22,21,24 28,28,36 27,28,33 22,23,28 26,24,32 22,25,32 59,82,116 13,11,12 23,21,29 24,24,32 24,22,30 51,64,90 12,12,12 23,16,16 27,19,25 13,12,17 13,11,12 12,12,12 22,21,26 19,18,23 17,15,25 18,13,15 23,13,14 31,18,15 34,19,10 37,16,12 44,17,12 40,19,19
54,54,80 53,51,73 58,67,92 121,33,15 22,16,11 13,11,12 13,11,12 30,49,70 50,85,146 55,61,82 23,26,35 17,17,25 12,12,12 12,11,14 13,12,17 13,12,17 13,11,21 23,15,23 93,28,16 27,45,81 16,20,22 18,19,22 18,19,22 20,19,24 22,22,30 22,25,32 24,24,32 27,27,35 28,28,36 30,30,40 29,29,37 32,32,40 21,21,29 42,84,143 44,75,131 14,15,20 15,14,19 24,25,30 27,28,33 29,27,35 23,23,31 25,26,31 57,80,116 12,12,12 24,25,30 21,21,29 23,23,31 53,69,96 13,13,10 19,14,13 24,13,20 13,11,19 12,11,14 13,11,12 23,21,29 18,17,22 19,17,25 18,13,12 25,13,15 33,17,11 33,18,9 37,17,10 42,18,12 56,20,14
51,47,69 50,43,55 59,62,84 127,32,21 23,16,14 12,12,12 13,10,14 37,56,89 38,68,118 86,32,25 56,42,47 27,26,31 12,11,16 13,11,19 13,12,15 17,13,22 14,10,21 33,23,27 109,29,11 59,31,33 29,29,37 20,18,26 20,19,24 22,20,28 22,21,26 21,22,25 23,24,29 28,28,36 25,26,31 32,31,34 27,25,33 26,25,30 17,18,23 46,86,146 46,83,132 19,15,24 20,20,20 32,30,38 27,28,33 28,28,36 25,23,31 25,24,27 61,84,118 11,10,13 24,25,30 21,22,27 25,24,29 56,70,93 12,12,12 16,14,15 29,15,15 13,11,19 13,11,12 13,11,12 12,11,14 20,19,24 16,14,22 22,12,13 27,13,15 33,17,15 35,17,12 38,18,11 52,18,16 47,18,14
86,41,36 93,32,25 82,65,85 139,30,12 22,16,11 13,11,12 10,11,14 22,41,72 56,94,152 30,30,40 32,28,39 11,12,17 14,11,15 22,11,18 29,19,20 31,19,24 26,18,24 23,15,21 68,23,20 26,39,58 17,22,30 20,19,24 20,18,26 21,22,27 23,22,27 23,24,29 21,22,27 28,28,36 29,28,33 34,34,42 24,24,32 26,29,36 22,23,26 57,99,160 56,93,142 18,18,26 22,21,24 28,29,34 24,24,32 25,25,33 27,25,33 23,23,31 71,90,121 12,11,14 26,24,32 23,23,31 19,22,31 38,47,72 10,12,12 14,11,15 17,10,10 13,12,15 13,11,12 13,11,12 12,12,12 17,18,23 14,11,17 20,13,13 31,17,19 31,15,11 35,18,10 39,17,11 50,21,17 48,14,10
93,63,76 43,30,38 90,30,18 127,33,12 23,11,16 13,11,12 12,12,12 30,53,87 73,108,158 30,28,38 22,20,28 16,13,19 26,12,14 30,18,20 35,19,17 36,19,20 39,25,27 31,20,27 51,26,23 27,33,50 18,15,21 22,22,30 22,23,28 24,23,28 23,23,31 23,24,29 25,23,31 27,27,35 25,25,33 34,34,44 24,22,30 29,29,37 24,23,28 57,98,153 57,97,145 24,22,30 20,21,26 30,29,34 31,30,35 30,30,38 25,26,31 24,24,32 32,46,67 16,11,13 22,22,30 26,24,32 22,23,28 22,22,30 26,24,32 38,48,66 12,12,9 34,13,9 12,12,9 13,11,12 11,11,11 20,18,28 16,10,15 22,12,13 28,14,16 33,17,11 35,18,10 39,17,11 42,18,12 67,22,19
52,48,59 39,42,53 104,44,32 125,31,13 25,13,13 13,11,12 12,12,12 31,54,92 83,114,161 29,32,43 15,13,21 25,15,19 37,19,18 47,24,23 45,24,20 41,23,20 35,22,19 33,21,26 55,27,25 28,36,54 22,14,20 16,15,20 25,23,31 19,23,27 24,22,30 24,23,28 27,25,33 29,29,39 24,24,32 27,24,30 23,21,29 23,22,25 22,22,32 72,104,155 66,105,158 26,25,30 19,18,21 21,22,27 28,29,34 28,28,36 24,24,32 25,25,33 47,68,105 19,7,9 25,25,33 23,24,29 22,25,32 18,18,28 29,27,35 38,46,62 12,12,9 96,34,23 13,11,12 13,11,12 13,10,14 18,19,24 16,11,10 22,12,13 29,15,17 33,18,9 35,18,10 37,17,10 45,18,11 72,23,12
27,30,48 20,27,41 109,48,43 134,32,12 51,22,18 13,11,12 13,11,12 31,52,87 59,71,104 36,33,48 15,14,17 35,18,19 48,23,20 53,25,23 62,30,27 49,26,23 46,29,21 40,29,26 59,26,26 33,36,56 18,17,20 23,20,24 22,22,30 23,23,31 21,22,27 26,24,32 28,28,36 28,28,36 30,31,36 24,25,30 23,24,29 27,30,37 28,38,56 83,114,159 64,107,161 26,30,34 18,19,24 20,21,26 29,30,35 29,29,37 24,24,32 23,24,29 61,74,102 31,19,21 22,23,28 23,23,31 24,24,32 17,22,28 35,35,45 25,34,47 11,11,6 94,33,26 14,12,13 13,11,12 13,11,12 16,15,20 19,12,12 21,11,12 28,15,12 33,17,11 34,19,8 38,17,13 45,18,13 75,25,12
25,39,49 47,67,95 151,43,20 152,31,4 104,36,18 17,15,13 12,11,14 28,40,64 35,44,69 31,31,41 13,11,19 50,21,17 63,29,27 66,27,24 63,26,25 56,26,25 56,28,26 44,26,23 56,27,23 36,45,68 23,22,25 23,20,26 26,24,32 23,23,31 23,23,31 24,24,32 25,26,31 27,27,37 30,30,38 24,22,30 27,25,33 30,28,38 52,86,141 76,99,135 79,122,176 34,34,44 25,21,30 20,21,26 28,28,38 27,27,35 24,24,32 24,24,32 59,65,86 22,16,21 29,23,28 23,23,33 22,23,28 23,22,25 33,35,51 36,29,39 36,16,9 76,32,20 13,11,12 13,11,12 12,12,12 14,12,13 17,10,10 21,11,12 26,14,16 31,15,13 33,17,11 34,16,11 38,18,9 90,25,15
37,34,49 44,66,96 121,38,25 187,35,12 146,32,5 65,14,4 18,21,30 24,45,80 38,45,68 30,30,40 17,15,23 59,25,23 68,24,23 79,30,19 74,29,24 68,29,28 59,30,26 73,30,26 77,32,27 26,40,61 30,30,42 26,25,28 22,22,30 25,25,33 22,23,28 21,22,27 27,27,35 27,27,35 31,31,39 20,20,28 27,25,33 29,29,37 18,23,31 66,78,113 77,119,176 36,39,48 26,23,29 20,18,26 26,24,34 25,26,31 27,27,35 20,23,30 32,36,49 42,25,31 46,27,29 24,23,28 22,21,26 23,21,31 25,32,44 39,26,34 40,11,7 73,30,22 13,11,12 13,11,9 15,10,12 20,13,13 19,12,12 21,11,12 27,13,15 31,14,15 34,19,10 34,17,9 36,18,15 73,23,19
59,67,87 37,39,55 18,12,17 98,76,111 98,31,20 136,27,9 25,23,31 37,68,113 37,45,61 32,32,42 17,13,22 71,26,23 79,30,21 84,30,23 80,29,21 76,28,24 76,33,29 86,31,27 81,31,25 27,39,63 30,30,38 19,18,21 22,23,28 24,24,32 22,22,30 26,24,34 25,25,33 28,28,36 27,27,35 22,21,26 22,20,30 20,19,22 23,23,31 41,51,69 82,122,184 33,40,54 23,19,28 20,18,26 29,29,37 23,24,29 23,26,33 21,22,25 23,24,29 52,29,30 34,27,27 23,24,29 21,21,29 19,18,21 33,39,60 61,29,26 67,20,9 82,32,28 13,10,14 13,11,12 12,12,12 19,12,12 19,12,12 21,11,12 22,12,13 29,15,20 31,18,11 34,16,11 35,18,8 49,15,11
42,43,64 22,22,32 11,9,17 74,73,104 122,31,12 107,22,12 34,38,53 62,97,149 39,43,56 31,31,41 26,15,24 84,31,19 83,32,22 76,28,22 82,31,23 79,31,27 64,30,26 95,34,27 96,38,26 29,46,66 26,24,36 21,21,29 23,24,27 21,24,31 23,24,29 24,23,26 29,29,37 25,25,33 30,30,40 21,22,27 30,30,40 20,21,24 25,25,33 34,41,53 96,141,201 34,44,62 22,21,26 20,19,22 22,23,28 23,23,31 27,27,35 24,25,30 28,31,42 54,31,30 32,27,29 23,21,29 20,19,22 16,17,22 44,54,74 81,29,24 99,30,17 47,25,19 13,11,12 13,11,12 13,11,12 19,12,12 17,10,13 19,12,12 22,12,13 26,12,14 29,15,15 33,17,11 34,18,12 54,18,12
23,24,29 35,39,52 12,11,14 75,70,97 133,31,13 45,16,12 37,54,76 32,55,91 37,34,49 32,30,40 35,18,19 91,30,23 91,31,21 87,32,21 80,31,22 80,32,28 66,28,30 58,20,14 50,26,20 74,44,59 25,22,26 23,24,29 32,28,41 30,53,78 23,24,29 22,26,28 28,28,36 25,25,33 27,27,35 25,25,35 25,26,31 25,25,35 26,24,34 35,37,51 95,136,202 56,71,89 18,18,26 19,18,21 23,23,31 25,26,31 26,29,38 23,23,33 32,32,42 79,29,23 57,29,27 22,22,30 20,21,26 15,16,21 46,52,73 94,32,23 97,24,17 34,18,14 13,11,12 13,11,12 13,11,12 14,12,13 16,11,13 19,12,15 22,12,16 23,13,17 27,13,18 29,15,17 30,13,14 79,20,13
33,42,55 35,40,48 19,22,33 136,51,43 106,31,15 19,12,12 40,59,90 43,73,113 32,35,46 33,30,36 26,18,24 94,32,21 103,33,23 89,29,19 85,32,20 80,28,25 79,24,20 112,31,20 48,35,45 51,59,75 25,23,31 22,22,22 19,16,22 42,45,65 27,30,37 23,23,31 29,29,37 25,25,33 29,30,35 24,24,32 27,28,33 22,26,28 24,23,28 32,35,44 68,80,113 91,109,135 20,17,23 25,23,31 25,25,33 27,26,31 27,25,33 23,23,31 34,39,49 90,34,26 44,23,21 20,19,24 16,20,24 13,14,19 59,57,79 78,21,18 66,16,10 41,19,11 13,11,12 13,11,12 13,11,12 13,11,12 13,11,12 18,13,15 21,11,12 21,11,12 23,11,13 25,13,15 22,12,13 64,16,10
28,28,38 61,74,102 22,32,38 163,41,19 64,24,19 13,12,15 29,48,79 55,93,153 29,28,33 37,25,30 38,22,20 99,34,24 91,33,21 87,29,17 88,29,22 76,29,20 106,28,16 108,28,14 48,58,92 41,50,75 24,24,32 15,14,17 17,14,20 21,29,45 32,30,38 26,24,32 30,28,36 24,24,32 28,28,36 28,28,36 13,17,21 16,20,24 21,18,22 30,27,33 106,146,204 50,69,90 13,12,17 10,11,16 29,30,35 27,27,35 25,25,33 22,22,30 36,39,48 97,32,20 77,34,26 20,19,24 16,17,22 12,15,26 94,72,96 125,34,17 123,29,8 38,21,13 13,11,12 13,11,12 13,11,12 13,11,12 13,11,12 13,11,12 14,12,13 19,12,12 19,12,12 20,13,13 17,10,8 54,15,1
31,47,83 57,68,97 64,60,84 147,39,16 35,19,17 13,13,10 37,60,98 37,67,119 22,25,34 26,19,22 30,18,18 53,23,22 56,26,25 62,40,48 91,32,27 75,30,27 146,33,12 133,30,15 32,30,40 46,58,80 25,25,33 18,17,22 15,14,17 21,31,49 35,34,49 25,26,31 30,30,38 30,30,38 30,28,36 32,30,38 26,25,30 22,23,28 38,38,50 48,48,60 37,36,53 33,32,37 16,25,36 16,16,24 15,16,19 25,28,35 28,31,42 34,47,64 42,45,63 88,58,61 80,32,26 15,19,21 15,15,23 13,11,21 98,68,81 134,32,12 115,27,9 36,18,13 15,10,12 13,11,12 13,11,12 13,11,12 13,11,12 13,11,12 13,11,12 13,11,12 13,12,15 23,15,23 34,21,14 67,17,11
62,99,166 48,89,155 53,64,104 116,29,17 14,12,13 17,16,21 41,66,108 40,67,108 46,67,104 35,43,63 36,35,50 33,38,44 33,40,54 39,47,65 39,40,59 65,35,36 112,32,18 84,29,27 43,41,53 50,66,95 25,25,33 20,20,28 17,14,18 27,42,58 36,47,78 21,24,31 29,27,37 32,30,38 20,20,30 22,20,28 23,26,35 31,31,41 35,36,55 35,37,53 43,51,67 59,67,87 60,76,112 43,55,79 45,44,59 27,25,33 28,32,47 44,62,90 34,48,71 68,43,42 87,28,21 17,16,19 13,9,20 13,13,13 84,58,77 130,32,17 105,22,7 40,27,37 12,12,12 13,11,12 13,11,12 13,11,12 13,11,12 13,11,12 13,11,12 15,10,12 13,10,14 29,15,15 37,20,12 62,17,12
41,49,79 51,86,147 88,38,46 47,18,14 12,12,12 10,11,16 36,52,88 28,54,87 29,59,97 36,67,114 29,53,82 40,54,77 38,61,84 44,60,87 36,39,48 43,50,73 143,32,15 126,24,6 47,38,53 38,41,63 58,65,79 24,40,65 13,9,18 21,41,69 27,27,35 31,27,38 28,31,40 52,56,69 48,54,73 56,68,101 22,42,70 18,34,59 22,32,50 28,36,52 30,39,62 23,37,58 24,40,65 27,30,41 18,15,21 22,26,41 25,32,46 22,31,54 41,43,68 88,50,42 120,31,18 24,24,36 16,18,32 25,22,26 97,55,62 93,28,18 82,22,12 57,37,49 13,11,12 13,11,12 13,11,12 13,11,12 13,11,12 13,11,12 13,11,12 13,11,12 36,25,32 24,12,17 24,14,13 58,18,13
118,33,28 162,36,13 122,27,11 90,18,4 60,15,12 56,18,12 52,38,51 51,71,115 39,61,102 37,59,91 38,60,92 37,53,89 41,59,85 41,59,87 22,22,30 38,36,46 106,27,20 94,24,14 40,59,90 52,73,110 18,17,22 28,44,69 20,32,54 30,42,75 43,70,109 40,67,108 40,68,104 42,69,108 48,64,100 37,55,81 88,42,53 59,50,61 69,48,74 46,62,87 41,49,79 35,39,52 26,31,39 29,34,44 24,32,48 29,29,41 122,49,60 131,50,59 137,53,63 55,59,74 59,47,59 46,42,62 23,33,51 37,53,80 50,35,45 95,32,28 71,23,21 53,38,48 16,17,22 12,11,14 12,11,14 29,28,33 11,12,15 10,12,12 13,11,12 13,11,12 62,34,34 22,26,41 78,28,22 60,21,18
59,24,25 157,49,26 137,22,0 58,22,12 25,13,15 23,13,14 34,31,48 59,54,83 37,53,80 34,56,88 45,61,97 33,49,74 44,61,92 42,61,92 43,55,79 43,29,29 61,23,15 75,32,28 42,35,49 33,51,89 45,68,106 39,61,102 49,75,121 49,77,131 55,84,131 42,68,105 49,73,118 20,33,50 28,27,44 25,20,22 88,35,39 81,32,33 119,35,22 135,39,33 99,52,59 72,46,67 46,61,93 49,60,98 49,61,96 59,47,63 111,44,48 96,40,45 101,42,51 26,29,38 32,32,44 45,34,41 51,40,49 30,28,40 39,38,43 43,33,37 75,32,28 37,21,15 32,38,41 27,30,39 29,29,39 34,34,44 32,37,47 31,36,46 12,11,14 12,12,12 21,11,10 63,20,14 78,22,14 60,19,17
87,32,21 75,36,33 82,24,10 73,17,9 16,9,9 21,22,27 38,53,87 66,99,159 67,37,40 37,33,46 92,43,44 109,33,20 58,33,32 31,43,67 15,19,23 9,10,13 32,30,42 40,55,87 85,114,161 80,110,164 59,88,131 42,58,96 45,61,88 55,59,88 53,51,73 47,40,54 43,49,77 43,57,94 35,61,109 104,67,83 127,96,134 134,124,173 133,132,194 115,151,225 79,127,197 38,60,103 43,68,110 44,67,105 45,67,110 45,65,109 43,70,111 44,69,111 48,69,115 45,70,112 39,64,104 40,63,99 39,63,108 44,53,78 57,38,42 55,36,40 57,27,30 41,23,22 20,27,39 26,32,49 39,55,80 36,53,75 40,56,85 44,54,72 35,45,63 38,45,59 33,37,50 32,28,37 40,15,12 53,15,5
55,37,46 130,33,13 19,12,10 13,11,12 12,12,12 25,28,39 33,46,72 34,64,118 47,33,46 33,24,35 36,26,30 53,31,39 55,54,69 27,25,33 32,35,42 32,33,38 31,39,48 44,41,56 86,30,24 30,51,90 44,67,105 71,101,162 44,75,122 41,68,107 81,114,176 75,113,175 83,120,185 92,128,198 84,125,189 89,136,209 89,136,211 39,60,95 36,57,78 50,74,121 43,64,110 48,67,114 48,65,110 40,62,94 44,58,99 34,52,90 29,46,77 33,44,73 30,47,78 29,48,79 30,49,80 39,57,93 41,64,100 36,54,92 35,46,75 39,50,77 34,43,66 34,29,45 32,20,25 28,22,29 30,32,48 32,30,42 12,9,13 11,12,17 12,11,16 13,10,14 15,15,15 12,11,14 8,13,12 52,15,12
23,15,21 40,16,10 34,14,7 13,11,12 13,13,13 30,39,52 29,36,50 48,70,111 43,69,117 50,78,130 30,46,71 80,119,186 85,114,161 35,39,54 27,35,44 22,25,34 31,39,48 25,30,36 42,37,53 97,34,28 60,15,8 26,12,12 16,15,20 30,20,21 41,43,59 36,45,58 37,44,56 37,44,67 40,63,101 96,131,194 71,102,158 86,121,173 54,85,141 35,56,93 34,55,92 41,64,102 41,63,104 37,60,96 37,60,98 39,61,93 37,62,102 46,72,109 44,64,108 38,61,99 37,55,93 37,56,89 40,67,106 39,60,97 47,65,101 50,58,90 69,54,76 63,45,56 70,39,47 68,37,43 80,30,24 78,24,15 54,20,18 44,17,12 33,17,13 24,12,12 34,18,16 13,13,13 11,13,10 71,23,17
31,40,63 45,52,75 50,68,104 40,59,90 41,59,87 44,68,99 37,59,91 38,59,96 41,59,99 44,60,96 44,70,105 35,48,76 36,53,84 53,65,100 72,75,111 58,79,114 46,65,98 45,59,80 36,45,70 88,122,177 125,34,17 136,26,4 90,30,18 87,32,17 120,32,14 121,33,13 125,37,17 89,32,29 86,28,16 72,26,26 25,40,74 46,62,102 30,40,58 29,33,48 36,37,58 36,40,55 44,53,78 33,49,76 37,60,87 31,53,85 32,40,58 46,54,74 31,41,57 36,51,83 35,51,78 34,46,81 30,46,71 40,52,76 45,53,73 36,53,75 35,48,74 44,51,74 38,44,63 42,50,70 34,49,65 38,49,76 38,51,79 35,55,83 36,52,81 33,47,68 36,44,62 31,41,49 65,20,17 22,17,16