22,30,50 13,16,27 9,16,30 10,16,37 11,15,30 12,14,30 14,10,21 11,10,25 14,13,30 11,14,34 45,78,120 46,72,109 28,59,90 20,39,72 15,23,51 18,16,26 13,11,21 12,10,20 12,9,26 13,10,25 12,10,22 18,14,34 8,22,61 5,18,48 9,16,30 8,17,58 16,25,77 13,21,67 12,16,31 10,10,20 12,16,31 12,15,33 17,25,71 11,32,80 16,57,98 21,57,98 20,31,60 21,21,33 21,23,39 20,20,30 21,21,31 22,22,32 21,21,31 10,53,92 19,60,101 14,47,91 26,68,104 25,58,102 11,19,37 17,16,31 9,27,81 10,46,89 14,54,102 0,38,84 6,34,84 11,23,58 10,18,50 15,19,52 17,28,66 5,26,76 9,30,76 12,19,56 13,16,36 15,16,35
17,19,46 10,8,28 11,10,25 13,14,33 9,16,30 11,13,29 13,9,20 11,14,32 13,16,36 11,14,32 67,99,148 60,91,134 45,78,120 10,40,78 24,41,74 25,23,33 13,11,21 13,11,21 12,9,26 13,10,25 14,10,23 12,9,26 13,26,83 12,22,67 10,17,42 9,18,43 11,22,62 13,21,69 8,17,42 9,15,32 12,16,31 12,14,30 16,35,84 19,58,95 17,58,99 21,55,94 20,33,63 18,21,32 19,22,40 21,21,31 21,21,31 22,22,32 23,21,31 13,51,91 20,51,96 18,51,95 30,69,106 30,63,107 21,33,82 13,18,42 13,28,83 8,34,80 8,43,91 5,41,86 10,42,91 11,20,59 12,20,52 11,18,32 63,33,62 13,32,83 21,65,110 12,41,84 13,22,63 14,22,70
12,8,21 13,9,18 13,11,23 13,11,19 13,11,21 15,13,23 13,11,19 10,17,42 12,10,20 14,10,21 69,103,158 54,89,141 60,91,138 53,86,130 29,62,106 30,28,38 30,28,38 23,21,31 25,22,37 12,10,22 12,9,24 15,12,27 9,17,45 10,18,48 5,16,54 13,24,64 15,22,75 14,20,64 9,17,47 7,16,41 11,17,45 8,12,25 13,39,85 13,44,87 15,46,89 15,54,91 17,38,75 11,23,72 16,24,56 20,20,28 20,20,28 23,23,33 22,22,32 12,41,84 10,34,83 11,44,86 12,45,89 8,44,89 11,45,84 14,27,73 14,24,71 11,25,66 11,35,80 14,40,88 13,31,85 12,20,66 16,23,60 17,17,29 19,24,48 14,32,88 8,36,88 9,32,84 13,29,81 12,42,92
11,17,38 16,14,26 11,13,29 14,13,30 11,14,25 12,14,28 10,13,31 11,14,32 13,10,25 13,9,18 73,107,164 51,88,139 57,92,144 40,77,124 10,39,84 23,22,37 27,27,37 24,24,34 13,11,21 13,11,23 16,12,25 16,12,25 13,9,22 14,10,23 9,19,64 7,18,58 19,24,71 11,20,59 4,18,59 13,22,61 9,8,23 11,10,25 8,17,40 21,32,72 22,46,91 15,31,71 17,29,62 10,24,61 15,27,51 21,22,27 21,21,31 18,18,30 20,20,30 18,20,36 15,23,51 18,33,67 18,34,63 20,32,65 24,41,74 23,42,75 16,22,50 15,15,27 19,23,52 19,29,76 16,28,77 17,41,90 17,24,61 19,17,29 21,19,39 18,29,69 22,49,90 23,49,93 21,27,67 19,21,48
14,10,21 10,10,20 11,11,21 11,10,27 12,20,48 11,10,25 15,13,25 10,13,31 11,15,30 15,11,31 54,83,128 50,80,120 57,92,140 35,71,116 12,49,96 14,13,28 18,18,28 16,16,26 13,11,23 22,13,28 25,11,24 24,12,26 22,10,26 15,12,29 11,20,61 12,16,49 15,13,25 15,13,25 19,17,29 20,16,29 24,19,35 25,22,39 14,19,56 18,24,52 15,24,63 20,29,70 18,27,68 11,28,73 15,26,55 21,22,27 20,20,30 17,17,27 20,20,32 20,19,36 11,25,66 13,44,91 14,52,96 18,42,91 15,37,78 27,45,85 17,24,59 17,15,23 17,15,25 14,16,32 19,27,75 22,26,66 17,16,31 19,16,31 17,20,40 17,26,78 19,35,83 18,33,78 26,35,85 26,25,58
13,9,20 16,12,23 13,11,19 11,10,27 12,13,32 14,15,36 18,18,44 11,17,36 13,10,27 12,20,48 53,82,125 44,76,114 49,79,117 29,67,107 5,36,79 15,13,25 13,13,23 13,11,21 12,9,24 12,9,24 14,9,25 19,12,24 18,10,27 12,9,24 8,11,33 12,15,35 12,9,13 12,9,15 13,9,22 18,14,25 23,15,32 24,18,39 15,15,25 16,18,34 19,21,35 23,22,37 12,20,50 10,19,58 15,18,36 21,21,31 22,22,32 21,21,31 20,20,30 17,23,44 18,59,100 15,58,99 10,39,86 8,24,74 18,30,79 18,23,58 15,18,36 16,15,20 19,17,27 16,16,26 15,21,40 20,19,34 20,19,34 18,17,34 20,21,40 14,15,36 13,22,65 14,23,77 11,22,80 12,20,50
12,10,11 14,11,17 13,11,21 16,14,26 13,18,42 18,19,49 19,15,35 8,10,26 25,13,25 12,10,22 33,66,108 38,68,108 39,71,109 40,78,120 11,37,74 16,13,28 17,13,24 15,13,23 15,12,27 15,12,27 13,10,25 13,10,25 9,11,27 11,10,25 10,9,24 8,22,63 13,10,14 13,10,14 13,10,14 17,9,15 17,10,13 21,11,15 18,15,21 22,20,28 21,21,31 19,46,87 13,48,96 12,23,63 18,17,32 21,20,35 21,21,33 18,18,28 20,20,30 12,31,80 14,32,86 15,39,88 12,23,63 10,23,67 14,26,77 12,22,56 12,19,42 17,17,27 18,18,28 20,18,28 17,17,25 22,20,30 16,15,30 20,20,32 19,17,27 16,15,30 16,18,59 17,21,73 16,19,55 22,19,48
11,7,16 16,10,17 14,10,21 20,11,24 13,11,23 14,13,30 23,13,31 13,11,19 16,12,23 12,8,21 36,68,106 45,73,109 38,71,113 43,81,125 21,59,103 17,13,24 14,10,19 18,11,23 13,10,25 13,11,23 13,11,23 13,11,21 13,14,35 8,12,27 13,11,23 12,10,20 11,11,19 12,11,14 13,11,12 15,9,16 19,8,15 21,10,17 13,12,15 12,10,18 12,10,18 9,23,62 22,37,82 14,23,73 11,14,34 11,13,29 13,11,21 13,12,17 12,10,18 17,28,68 15,28,74 14,23,62 13,25,58 15,28,74 12,25,71 11,21,55 10,21,59 11,18,32 13,12,17 13,12,17 14,11,17 16,12,21 13,12,17 15,14,19 16,14,24 15,13,21 18,14,34 15,19,48 10,23,80 10,20,65
15,14,31 19,12,26 14,13,28 23,11,27 14,10,21 14,13,30 29,17,33 18,11,23 16,13,28 11,10,25 36,69,104 31,62,105 60,91,138 43,76,122 17,58,97 15,16,39 16,12,21 16,8,25 13,12,29 10,9,26 15,13,23 13,11,21 12,10,22 7,16,55 13,22,61 12,21,64 18,20,72 42,68,105 33,63,101 20,30,66 13,34,73 16,14,26 11,10,13 11,17,34 10,17,31 9,16,39 11,17,36 16,21,45 8,14,42 18,24,54 10,10,20 12,9,13 12,11,16 14,28,78 14,30,80 12,21,60 16,26,71 13,22,63 9,18,41 14,20,48 13,19,38 17,24,47 12,11,14 12,9,13 13,10,14 13,10,14 12,10,18 12,11,16 13,10,16 13,10,16 14,11,17 13,15,31 9,15,32 11,15,30
23,12,19 19,11,19 12,15,26 13,11,23 19,12,26 11,9,21 27,18,31 15,14,29 14,13,28 9,11,27 40,68,102 32,65,100 34,62,96 37,70,103 22,54,92 21,12,25 22,11,18 20,13,23 13,10,25 8,12,41 10,9,24 17,15,25 13,11,21 13,11,21 13,10,25 13,16,38 54,74,118 53,78,118 23,57,94 8,19,48 12,10,18 12,9,15 13,10,16 12,15,35 12,14,30 11,13,29 12,15,33 19,25,55 19,36,81 14,21,44 12,14,30 13,10,16 13,10,16 15,21,49 13,16,38 10,17,40 10,17,42 8,11,29 13,18,42 12,15,35 9,11,25 13,13,25 12,9,15 20,8,13 13,10,14 12,10,11 12,10,22 13,11,21 13,10,14 19,9,13 26,12,14 16,9,19 13,11,21 12,10,20
26,16,36 20,12,20 11,17,36 10,16,33 18,15,30 15,13,33 27,19,38 17,15,35 14,13,30 11,13,29 32,62,102 47,75,109 44,70,107 33,64,97 15,43,75 19,32,62 21,21,49 20,11,24 11,10,27 14,27,86 13,9,22 18,16,24 13,11,21 13,11,23 13,11,23 16,21,47 56,82,126 54,81,122 42,76,113 18,32,71 12,10,18 12,9,15 13,9,18 10,18,50 14,13,30 11,14,32 13,12,29 9,29,71 8,26,62 6,22,62 15,17,33 13,10,16 12,9,15 13,12,29 11,16,40 15,31,79 11,21,57 11,15,30 12,14,28 11,11,23 10,10,20 10,10,20 13,10,16 30,12,11 12,8,17 13,10,16 13,11,33 15,11,31 12,9,13 12,9,15 15,9,14 12,9,13 12,10,18 13,9,20
20,11,24 19,7,19 20,16,29 34,14,26 24,18,39 10,18,36 18,19,38 17,20,42 37,11,28 37,52,86 52,78,113 64,93,136 65,90,130 51,78,117 50,73,109 38,61,99 28,37,62 47,56,81 24,33,58 21,19,43 18,11,21 17,13,24 13,11,21 12,10,20 13,10,25 12,10,22 52,75,109 51,77,112 22,59,97 14,21,56 12,10,20 13,9,18 12,9,15 12,8,17 13,10,14 14,13,30 15,18,38 23,44,79 10,25,57 9,21,54 10,10,22 13,10,16 13,10,16 16,27,69 11,20,59 12,23,63 10,18,46 10,16,37 10,10,20 13,10,16 11,10,13 12,11,16 21,11,15 14,10,19 15,13,25 12,10,22 15,11,33 12,9,24 12,10,20 13,10,16 12,9,13 13,10,14 12,9,15 13,9,20
19,14,30 21,19,43 20,16,27 108,20,29 19,12,24 15,13,25 15,16,37 25,14,21 52,73,112 53,74,109 62,79,110 58,84,128 37,69,109 33,65,105 50,73,111 26,32,60 24,14,32 19,10,25 13,9,18 13,12,43 11,15,30 13,12,27 13,11,23 14,9,25 17,14,29 11,11,23 50,66,104 53,79,116 30,65,99 9,18,43 12,10,22 11,8,14 12,9,13 19,20,43 12,9,13 11,9,19 12,10,20 14,11,17 25,45,87 10,10,18 10,11,16 14,10,19 12,9,15 14,28,80 5,16,56 9,21,72 14,25,81 8,21,76 14,14,24 15,9,14 13,10,14 13,9,18 65,4,0 19,8,17 13,9,18 13,9,18 14,10,23 15,11,33 16,12,36 13,10,16 13,10,14 13,11,12 13,10,14 13,10,14
23,11,23 23,14,27 32,12,22 73,33,37 21,14,26 21,15,36 33,64,97 51,72,109 48,75,105 58,76,104 51,70,101 52,74,106 61,87,131 57,86,131 59,87,137 63,90,131 57,86,129 51,79,113 9,17,37 15,22,47 19,29,74 16,32,80 13,10,25 12,10,20 12,10,22 10,7,22 52,80,116 62,86,133 45,76,119 26,44,80 14,10,21 13,10,14 13,10,16 7,15,35 12,18,48 11,11,23 17,15,25 16,10,17 13,10,14 13,12,17 12,11,16 13,10,14 11,9,19 12,10,22 16,28,79 12,27,61 17,29,78 15,28,74 22,24,49 16,19,30 20,18,26 13,10,14 60,6,0 20,8,10 13,10,16 13,10,16 14,11,15 12,9,13 12,10,22 12,10,18 12,11,16 14,14,22 15,15,23 15,15,23
25,11,24 25,18,32 63,13,21 27,12,20 22,10,22 20,14,35 20,53,88 30,49,80 31,53,83 27,49,81 36,60,91 53,76,114 34,58,89 44,67,105 26,46,88 31,56,96 35,59,104 25,47,88 7,18,45 15,18,38 7,15,43 10,16,37 10,8,28 12,10,20 14,9,25 35,51,80 64,93,138 59,88,133 40,76,117 34,66,104 15,45,85 15,13,35 12,18,39 26,54,88 12,30,68 13,18,44 13,11,19 21,24,42 11,18,30 34,59,99 11,10,13 12,9,13 12,9,13 12,15,35 11,16,42 10,18,66 19,28,69 52,65,93 20,18,42 20,16,48 15,9,14 31,9,12 91,19,7 30,9,5 13,10,14 15,9,14 13,10,14 15,9,14 13,10,16 12,8,17 13,10,16 12,11,16 12,10,18 12,10,18
33,10,21 33,14,28 100,20,20 22,10,26 20,11,26 12,14,30 39,57,93 33,51,87 10,26,64 25,43,81 27,45,83 34,60,97 34,57,95 34,59,99 31,53,96 49,70,109 54,74,116 24,43,92 25,50,92 15,21,53 18,20,45 11,14,36 12,10,22 12,9,24 14,46,99 22,63,116 28,70,104 18,52,91 23,62,99 37,70,114 32,64,104 9,21,54 11,12,31 11,10,25 12,10,18 13,11,23 10,26,55 8,31,67 34,52,88 86,98,122 60,76,103 13,10,14 13,10,16 11,18,43 10,20,56 6,15,38 32,37,45 12,22,56 15,13,37 15,16,37 16,9,21 19,7,12 64,13,16 30,9,7 15,10,12 68,16,24 13,9,20 12,10,18 12,11,16 12,10,18 12,8,17 12,9,15 13,10,16 13,9,18
32,11,26 31,15,30 68,12,6 23,11,23 12,10,20 19,16,33 16,38,70 21,42,77 14,30,68 55,73,109 55,77,109 53,74,113 41,61,103 47,68,107 14,23,64 24,44,86 40,62,103 27,46,93 15,26,57 12,17,41 17,19,44 15,20,44 7,25,53 4,17,43 15,19,71 14,26,75 22,57,105 27,63,106 26,58,96 7,44,91 16,58,94 8,19,46 13,10,25 12,11,16 12,10,20 13,13,25 12,10,18 20,42,85 20,31,69 78,87,100 12,15,26 12,9,13 12,9,15 14,13,30 9,15,43 13,15,42 25,27,43 16,23,48 13,18,44 10,9,24 14,10,23 14,10,19 29,6,17 64,21,31 32,25,66 15,13,25 13,11,23 11,9,17 12,10,20 13,9,20 12,9,13 13,10,14 12,9,13 13,10,14
32,11,11 31,10,10 55,11,10 24,10,23 16,12,21 11,14,32 14,54,86 43,71,103 27,53,88 29,57,91 26,48,91 30,46,94 13,22,63 15,29,79 7,14,39 35,60,102 15,32,77 12,21,46 18,16,28 16,18,34 18,21,43 17,25,43 14,22,54 9,25,61 10,18,38 66,89,127 33,64,107 12,22,58 13,16,25 20,42,83 35,71,116 8,16,44 11,10,27 17,22,57 15,12,29 13,14,33 13,12,17 15,20,44 20,21,40 78,91,110 22,20,30 12,10,18 12,10,18 12,11,16 9,17,47 15,16,37 25,26,47 24,46,76 28,47,78 15,21,49 22,13,24 19,15,37 14,22,54 10,13,31 18,23,49 11,11,23 12,10,18 12,10,18 12,10,20 12,10,20 12,10,18 12,10,18 12,10,18 12,10,18
34,12,15 35,15,25 34,12,15 25,12,22 14,10,21 13,26,54 19,51,91 15,46,81 24,50,85 17,36,83 24,50,94 21,40,87 11,23,72 31,53,96 12,25,71 24,43,92 17,12,30 14,10,21 26,24,36 23,23,33 18,20,34 19,28,67 15,40,82 12,13,32 10,16,35 12,13,32 11,14,32 11,14,32 11,12,17 8,9,30 17,39,80 35,65,105 9,10,31 19,25,55 14,10,19 15,31,71 9,9,21 37,45,73 57,65,97 39,62,96 23,21,33 13,9,18 13,11,19 12,10,18 12,14,28 46,46,72 9,9,17 53,66,92 13,31,59 55,71,111 13,11,19 21,9,21 19,15,26 13,10,14 12,10,18 12,11,16 10,10,18 12,10,18 12,10,20 12,10,20 13,9,20 13,11,21 12,10,20 7,11,26
30,13,19 32,18,31 40,15,16 29,16,26 15,13,25 46,69,105 44,67,101 41,70,97 32,53,90 23,45,88 19,40,86 25,40,83 16,37,87 26,53,94 18,32,80 23,28,75 21,17,30 24,22,34 30,28,40 24,24,34 22,22,32 21,27,59 18,33,78 14,14,24 12,10,22 12,10,18 18,19,24 11,11,19 25,23,31 25,23,35 22,24,51 23,42,93 18,24,52 16,15,30 14,14,22 22,39,84 26,31,57 43,60,93 90,110,154 38,59,96 74,87,131 14,14,26 13,9,18 13,10,16 31,37,77 20,21,42 16,15,30 71,79,97 25,41,79 13,22,63 10,10,18 16,9,21 13,9,18 12,10,18 12,10,20 12,10,18 10,10,22 13,11,21 13,11,21 13,11,23 13,11,21 11,11,21 21,35,76 18,42,91
43,20,33 35,16,23 27,39,74 16,64,101 18,61,104 16,54,94 29,66,102 41,69,103 37,65,101 32,62,102 28,44,92 12,26,67 25,46,92 34,59,101 42,62,104 22,25,47 27,24,39 27,25,37 29,26,41 27,24,39 27,26,43 26,29,51 20,31,58 25,22,37 8,11,18 25,25,33 27,27,37 23,23,31 26,27,48 25,31,61 26,30,63 26,36,72 23,42,89 17,24,38 21,24,33 10,18,48 12,22,58 38,59,98 105,124,184 35,54,103 15,22,57 18,31,77 18,40,83 15,31,67 19,36,79 33,41,71 49,68,119 105,124,173 17,22,59 16,21,56 24,34,70 15,40,91 12,43,90 10,39,84 6,33,74 13,28,73 12,21,64 14,24,69 14,26,75 16,29,75 14,25,63 13,29,67 9,22,52 18,22,51
11,13,29 20,29,54 20,37,82 16,27,65 9,17,45 12,20,50 15,23,53 11,27,67 21,50,97 22,55,101 20,57,95 14,50,95 15,48,92 10,39,86 34,60,104 9,50,89 33,71,113 27,58,93 18,44,77 10,33,60 16,33,64 19,32,58 22,33,60 29,34,58 26,28,42 25,28,39 18,30,54 9,31,61 21,35,76 21,32,70 28,28,40 25,24,39 19,24,34 18,20,34 25,41,91 19,40,90 26,37,77 55,78,114 101,123,182 16,31,76 20,31,73 12,13,47 3,13,29 12,13,32 8,11,29 28,34,62 34,54,107 55,71,121 12,17,54 22,28,72 12,21,71 16,14,24 13,13,23 18,22,51 16,32,61 16,31,63 17,32,66 16,37,83 16,49,93 14,50,93 24,53,96 22,54,94 27,52,92 25,43,83
13,11,21 12,10,22 14,10,21 10,10,22 16,11,27 12,10,20 13,11,19 11,11,21 13,14,33 13,25,49 10,30,74 17,41,88 25,45,89 7,21,62 12,25,71 19,29,63 16,52,93 18,59,98 16,31,74 17,39,82 17,37,79 18,40,81 16,28,63 27,69,105 35,72,108 33,72,107 8,40,80 15,43,77 38,61,97 33,54,89 26,49,85 24,54,94 26,63,101 16,36,80 21,23,37 77,31,33 78,28,34 37,55,95 52,74,117 12,31,78 18,29,67 37,21,46 12,18,39 35,21,47 42,22,34 24,25,75 13,26,83 9,30,78 15,21,53 12,17,41 11,23,58 19,41,84 16,36,78 20,37,82 17,24,59 21,45,90 20,41,89 17,28,70 9,20,58 7,23,59 8,24,62 9,22,66 12,32,76 9,34,85
12,10,18 12,10,20 12,10,20 13,9,18 12,10,18 12,8,19 15,13,23 15,15,25 15,16,39 7,18,49 12,21,44 12,19,54 13,25,60 14,22,68 19,25,65 18,28,64 17,29,80 12,23,65 15,30,73 25,39,87 25,34,73 15,25,59 33,55,87 39,78,115 36,73,111 34,73,110 28,65,103 32,71,108 15,59,93 24,69,107 21,66,106 21,62,103 10,32,75 17,19,46 16,17,36 23,21,31 23,14,27 27,45,85 13,30,73 20,42,83 19,33,72 5,14,39 12,10,20 27,12,22 34,10,16 32,32,58 16,27,85 12,33,83 17,23,67 21,28,63 11,22,64 15,15,25 14,11,17 25,13,15 22,11,18 17,20,58 15,28,74 11,28,71 11,30,81 14,55,96 14,55,96 20,56,101 19,57,99 19,59,105
13,11,23 13,11,23 11,9,17 12,9,15 12,9,15 12,9,15 14,17,37 10,22,46 15,22,57 12,18,48 11,16,40 19,26,61 16,22,50 12,19,44 14,22,50 12,19,54 15,25,59 16,26,73 20,31,69 18,28,75 14,31,64 15,31,67 19,33,70 14,41,82 15,47,87 23,61,101 33,71,104 33,70,106 19,56,94 13,34,73 17,20,40 15,17,33 5,29,60 7,15,35 15,15,27 17,13,24 14,13,28 22,37,82 15,23,51 14,44,84 14,23,62 13,9,18 12,9,15 13,10,14 13,10,16 16,14,26 14,22,68 17,26,78 15,20,57 19,28,69 11,20,59 16,14,22 11,11,19 25,14,21 26,15,24 20,12,20 68,12,15 74,26,40 31,42,82 20,46,92 12,43,88 16,47,90 15,46,89 15,41,87
12,10,20 10,10,22 12,10,22 12,9,15 12,10,11 11,10,13 12,21,60 18,34,82 14,27,71 16,38,81 23,60,98 16,38,81 17,19,44 20,24,53 25,29,58 25,23,43 17,22,46 15,17,44 17,22,59 19,21,46 12,22,58 19,33,72 22,23,46 26,24,34 26,24,36 25,24,39 22,20,42 17,25,53 14,14,26 14,10,19 16,12,21 14,10,19 12,11,16 12,11,16 13,12,17 13,10,16 17,15,27 18,31,75 20,28,60 24,45,91 14,17,39 12,9,15 12,9,13 13,10,14 12,9,15 12,11,16 16,21,68 13,22,65 10,16,44 25,34,77 11,21,55 19,18,23 12,10,18 13,13,21 11,11,19 12,9,13 13,10,14 13,10,16 15,16,37 28,34,74 22,14,31 24,20,29 26,24,32 26,24,34
10,10,22 15,12,27 12,8,17 12,9,13 13,10,16 12,11,16 6,17,55 14,26,75 18,38,82 18,42,87 12,43,88 23,62,97 11,26,58 22,28,47 27,25,45 25,26,47 23,30,55 20,22,36 22,23,46 20,23,43 15,16,37 15,25,59 23,23,35 25,25,35 20,16,25 18,11,23 16,12,25 17,14,29 12,10,20 16,13,19 13,10,16 11,8,12 12,9,13 12,9,13 12,9,15 12,9,13 16,14,22 19,30,68 16,22,50 16,33,78 9,9,21 15,13,21 11,11,19 11,9,17 12,10,18 12,9,13 15,20,57 13,26,83 19,27,73 15,32,77 11,20,59 13,11,19 13,13,21 13,13,21 12,11,16 13,10,14 13,10,16 11,10,15 13,9,20 13,20,55 21,25,65 19,25,65 18,20,34 15,15,23
12,10,20 12,10,20 12,8,17 12,9,13 13,10,16 9,9,19 12,25,69 19,27,75 17,31,81 16,26,71 19,36,81 12,44,82 21,54,96 22,25,47 27,24,39 24,24,36 23,24,47 25,22,37 18,21,30 25,23,35 22,22,48 19,16,33 18,16,28 19,15,28 20,11,26 19,22,42 19,14,32 15,13,25 13,9,18 12,9,13 14,8,13 13,10,16 18,16,26 15,15,25 16,16,26 15,15,23 14,14,24 20,31,71 16,20,51 21,41,83 16,15,20 17,15,23 13,11,19 11,9,17 12,10,18 13,10,16 10,9,26 16,28,81 11,20,70 21,36,81 19,24,59 30,28,36 13,11,19 15,13,23 13,10,16 12,9,13 13,9,18 13,11,19 15,13,21 14,17,35 58,20,26 67,21,21 57,19,23 32,14,13
12,9,13 12,9,13 13,10,14 13,11,12 13,10,16 12,15,26 7,21,58 11,24,70 14,30,78 15,29,77 15,29,66 8,26,66 16,40,85 22,27,51 22,24,49 22,25,45 25,36,67 17,27,61 25,31,63 23,30,55 28,27,42 27,26,41 27,23,34 28,24,37 15,12,27 13,11,23 13,13,25 13,10,25 12,10,18 12,10,18 15,13,21 15,18,27 17,15,23 18,15,21 14,15,20 13,11,19 44,60,89 32,49,92 24,35,75 16,30,80 17,13,22 11,14,21 13,14,19 15,16,21 12,10,18 13,9,18 12,9,15 12,27,84 7,26,77 17,27,72 12,16,56 11,9,17 15,13,21 13,10,14 12,9,13 13,10,16 13,11,19 13,13,21 13,13,21 16,14,24 38,17,32 69,17,14 28,12,8 36,15,15
13,10,14 13,10,14 10,9,14 12,9,15 18,16,28 25,38,66 33,70,108 28,69,108 30,69,106 29,68,103 16,57,100 10,53,94 24,65,106 30,66,107 24,66,100 29,67,107 37,71,110 15,26,57 19,20,39 9,20,58 22,31,70 18,29,60 27,26,41 22,23,42 15,16,37 13,10,27 17,20,42 15,13,25 12,10,18 12,10,18 12,10,18 12,11,16 12,11,16 13,12,17 15,14,19 11,9,17 45,68,106 76,93,138 22,33,62 19,24,32 18,16,26 13,13,21 14,17,26 18,18,28 16,14,22 13,9,18 15,10,12 10,38,92 96,116,169 10,21,52 15,20,55 13,11,19 13,10,16 13,10,16 13,10,16 13,12,17 13,13,21 13,13,21 14,14,22 14,10,19 25,10,18 77,16,9 44,17,12 46,12,10
5,17,39 7,19,41 5,17,39 13,54,95 15,63,102 15,63,104 18,63,105 25,63,103 33,70,106 24,68,104 35,74,109 26,69,110 24,54,92 21,62,103 26,64,104 34,62,98 11,27,54 11,41,79 14,48,85 20,50,88 27,43,83 20,28,56 20,23,43 15,19,52 10,19,44 12,20,48 12,23,65 9,24,69 14,38,85 8,14,33 10,10,18 11,12,17 10,10,18 12,11,16 13,10,16 14,16,30 33,43,61 22,22,34 22,60,93 17,48,91 18,66,118 11,63,107 7,42,94 12,54,100 11,64,113 12,42,94 10,25,68 35,60,100 13,9,18 13,12,15 13,12,29 12,10,18 13,9,18 13,11,19 13,11,19 13,11,19 12,15,24 12,15,24 11,11,19 12,9,15 16,12,21 51,12,9 22,12,16 26,13,23
26,68,114 24,66,112 13,60,104 22,67,107 25,70,110 30,71,110 20,61,100 10,40,78 24,66,102 17,53,94 34,60,97 15,39,84 15,37,78 15,36,82 14,25,54 19,45,91 16,38,79 16,30,67 22,25,43 24,23,38 16,15,30 23,21,33 15,13,23 9,9,21 14,15,36 12,17,43 12,22,58 7,21,62 11,16,40 9,10,29 11,11,21 12,10,18 9,29,71 13,35,94 6,22,70 23,54,101 16,22,43 70,77,102 17,25,55 29,47,83 42,82,128 25,73,114 22,67,109 11,55,100 11,56,98 16,59,102 21,60,97 6,17,44 13,11,23 27,43,79 11,11,21 8,15,38 6,19,49 20,44,93 18,39,87 16,33,76 12,26,67 10,23,67 8,22,61 9,43,82 7,52,90 16,64,105 18,61,100 27,68,111
23,66,105 10,53,92 28,69,108 14,58,103 8,55,99 11,59,98 4,20,47 9,15,36 10,13,31 6,18,40 16,30,53 22,51,94 26,59,101 21,59,101 8,37,82 17,29,80 17,27,63 20,28,56 26,29,49 25,25,51 15,23,55 10,15,41 20,28,58 14,27,73 14,27,71 12,23,65 17,36,83 15,28,74 14,10,19 14,21,46 18,48,98 14,58,107 58,81,137 25,55,107 33,65,114 42,67,107 32,56,101 60,76,126 12,23,52 4,24,50 15,62,110 18,56,100 6,15,38 8,16,44 9,17,45 14,21,46 11,14,36 11,14,32 16,18,32 10,19,44 13,24,62 18,39,76 9,37,71 24,52,86 22,59,97 16,48,88 10,21,63 10,21,59 8,32,77 4,33,78 6,35,78 10,46,91 20,58,102 11,54,97
23,69,102 18,62,96 15,59,95 21,59,103 22,60,102 14,57,96 17,13,33 21,50,79 15,58,97 15,65,105 26,65,102 20,47,88 13,32,79 14,31,76 24,30,72 24,30,60 17,24,49 21,23,48 23,16,28 19,17,27 11,10,27 13,14,35 10,13,33 11,18,43 15,22,59 15,13,35 8,14,42 13,11,21 10,10,18 12,17,41 15,27,76 11,56,98 35,67,120 76,97,145 61,80,127 41,67,113 25,56,99 74,96,139 15,17,42 9,25,77 9,41,92 9,29,82 11,10,15 13,12,27 12,22,58 7,18,56 9,27,67 9,25,77 8,15,40 19,23,65 15,24,67 8,23,66 9,17,49 9,16,39 6,16,36 9,14,38 11,11,23 13,14,33 11,21,57 12,23,61 16,27,67 10,24,63 17,29,64 13,19,40
5,34,81 15,48,94 12,19,54 11,15,30 6,16,52 15,33,73 13,61,100 16,57,96 14,57,96 15,53,97 17,36,85 26,26,65 24,26,67 23,22,53 19,21,46 20,18,38 22,18,38 22,13,24 18,14,25 14,10,21 16,14,26 17,15,35 16,14,34 13,14,37 11,18,43 15,16,37 12,13,34 11,9,21 11,12,33 8,16,48 7,35,85 9,51,99 14,60,111 7,47,93 23,49,97 23,43,98 16,39,95 14,33,84 16,21,47 20,22,63 12,14,28 15,18,38 14,8,13 13,11,21 15,21,61 3,10,33 17,31,81 13,43,95 37,66,123 34,62,116 14,21,72 11,17,47 16,17,38 10,9,26 15,13,23 12,8,21 12,14,30 10,13,33 12,22,58 15,25,59 13,23,59 16,24,56 8,16,34 7,15,35
12,23,61 14,30,80 11,18,43 5,22,65 18,59,102 21,62,101 10,41,84 18,34,82 13,22,74 23,25,66 21,12,34 19,24,71 22,21,56 29,25,47 23,20,35 15,15,25 14,11,17 21,14,24 13,11,23 16,13,30 15,14,29 13,10,25 14,13,30 14,12,32 14,12,34 16,12,32 22,20,42 11,9,19 11,25,64 13,39,85 11,48,95 12,64,110 20,74,120 13,69,114 0,20,62 27,74,120 27,71,116 0,31,73 11,14,36 1,21,47 17,53,94 11,44,90 14,23,36 7,20,48 0,29,72 0,28,64 11,25,73 15,46,104 45,77,130 30,62,113 21,33,84 16,22,54 16,12,23 14,9,25 14,12,32 13,12,29 11,12,31 9,22,50 22,54,94 19,56,94 31,72,111 34,76,112 38,74,115 35,72,121