17,24,38 13,27,48 17,23,40 19,22,40 16,21,45 29,59,99 18,26,46 18,21,39 35,25,45 24,20,40 19,22,40 20,21,42 21,31,51 17,25,41 20,21,40 20,22,38 14,24,42 22,29,43 22,25,47 18,26,44 21,22,41 19,22,40 14,27,42 55,92,157 16,14,24 25,28,50 32,56,105 34,59,99 53,43,74 63,63,100 85,58,93 37,38,57 22,25,43 18,21,39 17,23,40 19,22,40 14,26,48 20,43,79 23,26,37 20,23,41 14,30,55 18,40,70 13,38,64 19,20,39 17,24,38 18,21,39 19,22,44 22,44,85 30,56,100 26,49,87 22,30,50 16,16,26 28,20,26 55,21,33 19,21,35 17,21,36 17,21,36 17,21,36 17,21,36 17,21,36 19,22,40 51,22,29 23,32,57 21,34,60
17,23,42 21,33,55 17,23,40 19,22,40 17,23,42 29,60,105 25,35,69 18,21,39 36,20,35 47,23,39 19,22,40 19,22,44 17,25,43 18,21,41 43,24,38 29,26,41 21,24,44 35,30,46 30,24,47 31,30,47 22,25,43 17,23,42 68,100,153 49,91,152 11,11,21 24,27,45 51,92,158 43,68,119 38,43,69 71,62,88 76,68,105 33,35,49 22,25,43 18,21,39 17,23,40 17,23,40 15,25,43 21,40,73 17,25,34 20,23,41 20,30,50 16,22,41 24,36,60 16,22,39 18,25,39 18,21,39 19,22,44 38,63,103 28,54,98 33,56,94 20,26,45 15,15,25 43,21,26 43,23,33 17,21,34 17,21,36 17,21,36 17,21,36 17,21,36 17,21,36 21,24,42 30,26,37 18,25,37 25,37,61
17,23,40 18,24,41 18,24,41 19,22,40 19,22,42 33,68,118 21,36,70 18,21,39 18,21,41 32,18,42 19,22,40 14,27,55 14,26,48 15,23,41 46,29,49 49,32,52 19,25,44 50,30,42 47,28,42 106,34,36 61,29,45 19,27,47 69,98,141 56,97,163 22,28,45 40,58,98 61,106,177 39,71,124 51,76,127 46,51,86 48,67,116 29,35,54 23,24,45 17,23,42 23,21,43 18,24,41 34,26,43 21,22,43 18,24,43 24,22,44 17,23,40 19,22,40 18,24,43 18,21,39 20,26,43 19,22,40 21,23,39 31,58,97 23,42,75 19,35,64 49,30,37 87,27,25 90,27,21 23,14,25 17,21,36 17,21,36 17,21,36 17,21,36 18,22,37 20,23,41 19,22,40 35,27,44 30,25,41 25,31,52
19,22,40 20,23,41 18,24,41 19,22,40 19,22,40 47,68,114 39,57,97 19,22,40 18,21,39 19,22,40 19,22,40 15,25,45 17,25,45 15,25,45 41,26,46 32,29,44 20,26,43 52,29,40 22,28,45 23,21,43 19,25,42 37,68,113 84,110,172 62,105,175 19,25,42 48,77,122 51,94,162 42,77,136 53,82,139 48,64,112 54,81,138 29,38,51 18,27,38 34,29,47 41,33,52 35,22,41 73,23,29 65,25,31 44,24,34 21,25,40 30,21,36 31,22,37 32,19,38 23,20,35 20,22,38 16,24,40 21,22,43 19,23,38 18,21,32 17,17,27 19,15,24 126,30,24 120,32,25 19,21,37 17,21,36 18,20,34 20,18,38 21,21,33 24,19,37 20,23,41 22,23,42 58,25,29 27,24,39 21,24,42
17,25,41 20,22,38 17,25,41 19,22,40 20,23,45 16,29,57 16,32,61 16,22,39 18,21,39 19,22,40 16,26,46 20,23,41 18,24,43 21,25,38 78,36,43 21,22,41 24,22,44 49,28,43 20,26,43 20,21,40 21,24,46 42,70,122 35,49,88 67,117,194 19,27,43 56,88,139 59,102,170 57,90,152 49,72,126 45,64,113 46,73,130 33,56,92 28,49,86 24,37,63 24,36,60 25,26,47 20,27,41 42,25,47 31,21,39 22,23,42 28,23,41 28,23,41 27,24,41 30,22,41 20,21,40 31,21,39 56,29,43 19,21,35 18,18,30 16,19,30 17,17,29 130,27,28 104,29,32 21,20,37 17,21,36 19,21,35 36,22,35 30,23,33 29,21,38 24,22,42 21,22,41 64,24,30 17,23,42 20,23,43
15,33,50 20,19,36 18,24,43 19,22,40 19,22,40 33,48,82 22,40,76 15,24,47 19,22,42 19,22,40 24,37,65 17,23,40 22,28,47 20,23,41 25,21,43 17,23,42 21,19,39 25,23,43 26,27,48 19,22,40 22,25,45 36,60,107 11,19,26 87,148,246 57,87,141 43,83,143 50,85,144 49,82,142 43,67,114 35,55,99 52,82,136 44,70,114 44,83,136 47,82,134 36,50,87 44,44,70 46,37,61 37,25,39 33,23,41 28,23,41 33,22,45 36,24,40 22,21,36 23,29,48 22,20,40 28,19,32 23,22,39 22,25,36 21,17,30 16,18,32 14,18,33 23,16,30 48,28,38 22,21,38 17,21,36 17,21,36 16,18,34 17,21,34 15,21,38 18,24,41 27,22,38 76,27,30 28,18,36 22,28,49
29,46,79 30,44,65 20,23,41 19,22,40 19,22,40 19,27,47 48,74,118 40,57,100 28,35,58 16,22,39 21,22,43 20,23,41 16,24,40 22,25,43 23,21,43 19,22,40 20,23,41 24,27,45 24,27,47 21,22,43 32,45,73 24,44,86 63,105,166 52,100,170 46,86,146 39,78,133 38,70,121 46,77,135 43,67,116 34,56,99 50,74,132 19,40,79 46,84,146 50,89,154 38,68,120 34,56,99 58,51,79 65,49,74 52,28,44 26,20,41 18,25,39 20,23,43 19,22,40 18,24,41 23,22,39 26,22,33 53,32,47 62,14,12 38,35,50 17,16,33 14,17,35 15,19,32 28,23,41 18,20,36 17,21,36 17,21,36 17,21,36 17,21,36 18,22,37 18,21,39 29,22,36 66,24,27 22,27,51 25,28,48
45,72,131 48,77,136 41,22,29 28,24,37 17,23,40 21,29,47 33,54,91 33,51,89 30,46,82 49,29,41 82,25,26 74,29,37 21,22,41 24,28,43 48,21,33 19,22,42 25,22,39 58,23,38 31,26,44 22,21,38 81,52,76 72,64,97 51,96,165 47,76,133 38,72,127 34,64,116 37,63,111 49,85,141 53,81,133 50,71,121 50,85,148 47,67,109 54,99,168 50,91,155 51,90,155 44,77,137 48,58,103 39,61,102 85,52,73 84,43,65 26,46,72 17,23,42 17,23,40 22,28,47 18,24,41 22,20,40 23,29,48 34,16,25 54,48,69 32,62,112 30,51,86 18,20,36 21,23,37 18,20,34 17,21,36 17,21,36 17,21,36 17,20,38 18,21,39 19,22,40 30,18,34 43,22,37 20,26,45 22,25,45
35,44,67 36,39,61 48,22,26 22,21,36 18,22,37 19,21,37 19,20,39 20,21,40 20,21,40 51,25,34 98,34,37 22,21,38 19,22,40 19,22,40 20,21,40 19,22,40 20,21,42 67,38,48 32,27,45 20,22,38 42,36,59 58,46,76 41,71,125 38,60,101 28,54,98 31,56,96 40,61,107 61,87,151 48,71,123 61,89,153 54,88,156 32,54,86 35,50,84 48,83,142 35,67,116 34,59,101 32,53,88 28,44,73 25,55,95 36,77,141 34,64,118 23,29,50 34,27,39 24,27,49 56,47,73 88,49,77 40,27,48 28,12,25 35,76,129 30,46,86 17,16,33 35,15,25 18,22,35 20,20,32 17,21,36 17,21,36 17,21,36 18,21,39 19,22,40 18,24,41 27,18,33 48,24,40 24,27,47 21,28,51
25,23,43 43,41,65 54,23,31 29,22,36 35,48,78 18,21,39 18,21,41 19,20,39 18,21,39 19,23,38 22,21,38 19,22,40 20,21,42 24,22,42 23,21,41 19,22,42 18,24,43 21,24,44 36,61,101 30,51,97 31,57,101 38,69,116 29,50,96 32,48,84 14,28,51 26,45,78 34,53,86 55,82,141 41,62,108 42,67,109 70,117,190 55,73,131 57,62,109 25,41,68 33,62,105 20,33,59 29,46,79 15,22,47 55,105,182 30,43,71 50,80,143 24,40,78 28,49,88 36,61,112 37,62,113 32,57,99 28,52,97 23,49,84 87,30,31 74,28,30 51,33,44 20,26,45 18,23,29 16,10,17 15,10,9 39,16,15 85,31,24 36,21,31 23,21,33 21,23,37 23,21,33 20,23,41 22,25,43 25,23,47
33,34,57 42,44,71 59,21,25 58,27,35 37,62,104 23,41,79 19,30,57 17,23,42 19,25,46 20,26,47 19,20,39 17,23,40 26,37,68 47,76,123 17,25,55 19,22,40 21,29,57 54,74,116 45,65,107 11,24,41 39,68,115 58,53,80 31,60,107 36,51,83 24,37,67 21,42,77 34,53,86 57,79,140 39,53,92 38,49,87 63,81,137 39,59,101 23,44,79 40,33,61 27,53,90 20,29,52 14,22,38 35,55,99 58,102,178 38,50,83 28,44,82 21,37,66 42,73,129 54,90,162 45,78,140 34,59,110 35,61,105 55,38,58 134,30,22 35,23,35 15,22,34 16,25,36 17,16,21 14,11,17 14,12,13 13,10,16 15,10,12 13,11,12 14,11,17 15,15,23 29,10,12 29,12,15 77,22,22 53,23,36
25,46,81 39,49,83 78,27,30 74,29,35 16,29,55 14,35,70 23,40,85 25,41,70 18,24,41 19,22,40 90,42,59 37,62,104 24,39,71 44,30,47 55,74,121 28,43,77 13,23,43 41,72,119 15,34,67 27,43,81 27,45,85 25,41,79 52,78,126 39,53,92 28,44,71 30,48,84 75,103,157 62,80,147 60,73,130 62,77,122 51,72,118 41,51,85 217,61,46 68,32,42 31,43,67 32,45,75 20,30,48 38,59,105 46,84,154 25,41,70 21,31,51 20,26,47 48,74,118 49,95,175 47,77,140 40,71,118 33,51,89 38,26,40 19,29,49 11,18,30 18,22,37 14,18,31 14,22,38 18,24,41 13,16,27 15,15,23 15,18,27 13,21,30 23,29,48 24,33,56 19,23,36 15,10,12 13,10,14 15,10,12
21,39,77 46,62,110 41,52,92 32,20,34 64,28,36 21,24,44 19,27,47 20,21,42 19,21,37 22,24,40 23,41,77 30,45,79 37,59,102 33,64,109 33,63,117 38,69,127 41,69,119 25,53,105 1,24,62 17,42,82 45,76,134 31,66,118 50,90,150 53,101,171 42,82,142 36,71,132 54,88,156 77,98,162 67,75,121 66,76,123 109,101,147 45,75,136 34,57,93 28,49,84 29,45,72 32,40,58 24,35,48 32,44,68 30,55,95 28,44,69 23,31,49 22,28,47 32,50,88 35,71,116 42,74,125 40,69,114 23,40,71 12,16,31 16,22,39 12,17,27 17,20,38 19,32,58 20,43,81 23,39,68 16,26,42 19,31,53 20,34,57 23,40,71 30,55,97 23,39,68 13,14,19 13,11,12 13,11,12 13,11,12
52,14,8 17,15,25 51,59,91 105,25,25 78,28,36 19,31,55 30,46,82 26,39,67 40,61,98 41,64,100 34,60,106 31,70,135 41,93,176 45,88,169 39,80,135 45,93,175 48,91,163 36,76,136 66,106,179 54,101,174 56,91,152 40,74,131 52,85,147 48,83,144 40,79,134 40,78,138 47,85,145 69,80,120 148,55,79 42,55,85 31,52,98 27,43,79 24,47,83 22,38,67 16,22,39 15,23,32 27,39,63 25,40,72 13,15,31 25,43,69 38,44,74 20,21,26 27,31,44 23,42,73 35,65,103 30,51,90 21,36,68 17,23,40 20,26,43 18,26,44 19,31,53 32,54,95 35,67,118 18,39,76 24,37,56 24,40,69 21,42,81 30,55,95 23,48,90 27,40,70 13,11,12 12,12,12 13,11,12 6,9,27
33,10,0 26,14,19 54,44,64 44,51,86 28,47,94 29,53,98 38,64,110 8,15,27 31,51,93 33,68,131 41,89,171 37,80,150 27,56,113 34,64,116 47,81,138 36,68,117 40,75,123 51,89,147 44,79,140 45,73,123 53,82,127 47,76,123 38,66,116 36,71,121 38,73,121 39,71,122 67,45,69 123,61,71 51,69,109 35,61,109 38,66,118 38,70,119 49,82,128 25,41,68 20,26,43 17,23,40 20,23,41 20,26,45 10,17,29 24,42,66 45,52,75 16,11,13 8,16,21 25,32,55 24,36,58 24,41,72 28,45,76 16,23,37 23,29,46 23,33,51 22,34,56 36,61,103 38,77,132 33,63,117 25,38,66 22,34,56 25,46,83 40,69,114 28,49,88 22,28,45 13,11,12 13,11,12 13,11,12 42,72,133
94,23,2 23,17,12 22,28,47 20,34,55 24,42,70 31,51,93 27,49,90 25,46,81 22,41,74 18,39,78 23,45,86 26,56,106 38,70,123 43,74,130 29,55,101 18,39,78 22,38,65 23,38,70 33,64,111 48,77,134 37,70,116 37,67,121 46,64,118 46,74,124 36,61,101 40,73,119 46,74,124 39,69,109 38,66,102 29,54,94 30,54,101 27,51,96 25,42,85 20,29,54 18,24,41 15,19,34 17,24,36 14,17,28 31,35,50 8,21,38 18,24,45 13,12,17 46,53,78 39,38,41 13,10,16 14,16,32 12,15,24 45,65,109 36,65,108 42,77,129 47,73,119 27,56,99 33,65,114 29,60,103 22,39,70 22,38,63 25,47,88 42,70,122 22,40,68 13,20,32 12,11,14 16,11,10 63,18,11 61,26,41
93,38,38 18,21,32 18,25,37 43,61,89 44,61,94 44,64,106 32,53,92 28,46,82 22,38,65 21,37,62 24,38,77 28,46,82 20,41,76 24,41,74 26,42,69 25,39,62 20,33,59 24,40,67 31,47,74 31,45,66 185,72,78 26,52,96 40,71,127 43,78,137 50,85,148 40,80,138 42,76,133 50,82,133 27,56,103 30,56,104 28,57,104 27,53,101 16,41,81 16,38,79 16,36,64 28,44,73 30,51,90 43,68,123 32,53,90 19,27,57 50,72,113 48,65,108 49,69,113 43,58,92 27,44,77 28,54,102 48,83,131 30,65,113 26,56,106 61,105,179 25,57,110 25,42,85 27,50,84 23,45,86 23,37,58 21,36,54 21,39,75 38,66,116 23,36,64 15,17,31 32,11,9 77,19,9 82,17,5 76,21,10
6,10,14 26,33,47 28,37,62 20,19,36 15,22,34 20,24,37 20,24,39 18,24,43 22,30,48 28,44,73 25,48,86 25,42,75 25,36,63 21,31,51 22,32,52 25,28,46 21,29,47 23,33,53 16,25,48 39,54,99 49,87,147 51,89,151 57,96,163 55,90,153 53,88,149 37,70,130 57,109,194 44,97,173 41,76,139 53,101,179 32,70,130 28,63,111 38,68,122 45,83,141 47,85,145 35,66,122 43,73,134 43,79,135 33,55,96 40,57,100 56,80,129 49,73,120 58,82,131 31,42,71 12,16,29 53,80,139 40,71,143 44,86,161 61,99,169 47,82,134 29,56,97 28,46,84 24,35,62 33,29,51 31,28,45 22,29,52 18,34,70 31,52,98 27,28,47 46,7,6 75,17,7 56,19,18 40,63,99 37,73,129
13,11,12 12,11,14 14,12,8 50,77,134 38,43,67 22,24,40 19,25,42 19,25,44 18,26,44 17,25,41 17,24,38 24,28,43 19,23,38 18,26,42 25,38,66 28,41,71 27,45,81 23,43,85 59,66,103 29,60,105 42,73,129 43,75,128 45,78,124 48,75,116 38,66,102 41,67,104 26,55,100 48,92,157 40,79,144 52,92,154 43,78,137 33,70,121 37,72,120 39,71,120 29,58,103 27,62,125 37,77,148 34,69,128 43,73,136 26,40,77 59,84,139 57,83,131 64,88,146 81,94,151 75,102,173 68,102,170 90,125,214 86,99,145 24,41,74 23,44,81 23,44,81 24,40,69 27,41,62 23,30,55 53,37,52 48,30,39 12,19,31 19,31,55 28,41,69 28,44,71 35,61,107 41,70,117 32,65,111 33,62,109
13,11,12 13,11,12 13,11,12 13,13,10 29,11,10 108,30,20 14,14,26 13,13,21 16,14,24 16,17,38 23,31,49 22,32,52 30,50,92 54,86,135 38,63,105 38,53,96 45,65,107 121,50,65 22,25,45 21,29,49 36,62,108 27,52,103 46,77,124 40,69,112 51,83,136 55,103,171 54,102,170 57,94,145 28,56,108 49,83,140 32,68,122 46,85,152 39,71,124 42,74,127 41,81,150 36,84,152 40,85,156 38,79,145 29,65,119 14,27,46 57,82,135 55,83,133 60,83,137 74,92,150 71,102,160 61,91,156 95,137,241 86,86,125 26,46,88 29,54,96 37,63,107 32,57,99 24,41,74 28,45,76 27,40,66 31,26,42 18,22,37 18,22,37 22,28,45 15,25,41 27,52,94 46,76,130 39,79,127 30,65,115
52,84,137 8,17,40 18,13,15 55,19,11 86,19,8 56,16,20 19,21,35 17,21,36 23,29,48 24,32,52 16,18,32 22,25,43 27,24,39 17,20,38 20,26,43 24,36,58 22,30,60 33,53,95 42,68,116 46,70,117 33,62,119 52,85,147 42,82,144 39,74,133 45,83,145 42,78,132 42,79,128 18,46,96 30,59,116 44,87,157 24,59,111 34,68,123 29,57,107 28,54,102 27,49,92 38,64,108 19,48,95 33,55,98 38,62,109 28,44,73 58,83,134 66,91,146 70,95,148 77,91,141 62,81,132 92,112,194 65,83,150 65,59,84 20,43,77 30,56,91 29,52,90 34,64,116 39,69,109 29,59,99 29,54,94 21,32,59 39,15,24 63,25,17 13,16,27 22,28,49 26,38,62 21,37,66 31,58,99 42,74,127
42,57,89 14,19,27 52,16,10 57,17,10 54,14,9 68,26,29 22,30,48 18,19,38 25,23,43 19,25,44 19,27,47 15,23,39 18,24,45 22,38,67 33,55,98 41,71,125 41,69,119 29,58,105 46,82,138 48,86,144 41,79,139 42,80,138 40,79,134 43,69,115 22,52,102 46,81,144 31,65,120 39,69,119 37,71,128 35,69,124 40,64,122 17,38,73 46,60,99 38,58,100 35,59,108 32,57,99 32,54,97 30,51,90 29,46,79 44,68,113 54,79,132 62,87,138 74,84,129 68,35,37 79,53,83 35,17,28 85,52,73 14,28,40 21,34,62 19,33,56 15,19,34 19,25,42 20,38,64 26,47,82 24,46,87 25,41,70 43,24,38 103,20,5 13,10,16 19,26,40 23,39,75 16,31,63 24,40,80 25,36,63
15,10,12 15,10,12 31,14,6 33,13,6 34,13,9 39,20,27 24,27,47 19,25,44 19,25,46 28,36,54 22,35,54 25,41,70 19,25,44 24,32,50 14,28,51 25,46,85 38,57,104 30,60,112 42,81,136 42,81,134 41,71,123 17,46,93 36,71,130 35,67,120 38,68,122 37,63,111 29,54,94 33,55,98 34,55,90 25,48,86 32,61,104 34,65,112 35,61,109 29,55,99 31,53,94 25,45,87 19,32,60 19,31,55 33,55,96 52,77,132 59,84,137 70,88,146 53,39,65 20,43,77 83,37,53 98,50,62 54,30,48 7,24,30 12,15,22 15,13,21 15,19,32 19,22,40 17,25,41 10,18,38 19,32,60 23,36,64 20,23,41 42,17,16 10,10,20 18,21,39 19,26,49 27,43,81 22,41,72 27,29,54
13,11,12 13,11,12 16,11,10 16,9,12 16,7,18 23,19,32 11,9,17 13,19,36 24,34,54 23,31,47 20,26,43 16,24,42 23,30,53 19,35,60 23,42,73 39,64,106 36,58,99 32,53,92 28,48,90 11,29,65 37,63,109 34,69,121 36,71,123 40,65,116 35,65,105 32,57,99 14,32,70 34,52,88 31,52,89 28,49,84 26,47,84 29,56,97 30,57,98 31,53,96 27,49,90 23,44,81 20,37,68 18,36,62 56,81,134 59,83,141 61,85,145 67,68,102 87,35,41 24,42,66 18,21,39 43,26,46 9,12,19 12,17,23 11,14,21 17,21,36 16,22,39 20,30,50 23,40,71 23,41,77 21,40,73 24,37,63 16,24,33 14,11,17 28,31,51 14,16,32 17,25,43 22,31,54 24,41,63 19,21,37
13,11,12 13,11,12 13,11,12 13,11,12 11,11,21 12,19,33 10,11,14 18,18,28 23,29,46 20,23,41 17,21,34 24,37,67 35,59,106 31,62,107 30,55,95 21,43,73 40,58,98 23,45,86 29,54,96 31,55,100 32,57,99 29,51,94 19,38,69 23,39,68 23,42,75 19,40,79 19,37,73 20,37,70 20,33,61 23,41,79 23,46,84 23,44,83 23,39,68 19,32,60 24,41,72 14,30,55 28,46,84 50,76,124 59,84,137 67,92,143 70,97,154 95,102,155 68,27,36 19,26,38 10,18,27 16,23,37 16,18,32 15,13,23 14,14,24 13,17,30 22,28,47 16,32,61 25,41,68 21,39,67 20,39,72 18,24,45 11,20,33 10,10,20 18,21,39 14,17,28 12,17,27 23,31,51 21,28,51 11,11,19
13,11,12 13,11,12 13,11,12 13,11,12 15,13,23 17,24,38 25,28,50 15,22,34 16,14,24 14,14,24 12,19,31 27,44,77 23,40,71 15,32,63 31,52,89 29,52,90 33,54,91 22,39,70 30,49,82 18,38,66 24,40,69 24,37,63 23,39,68 24,40,67 14,26,48 20,34,57 21,37,66 22,39,72 23,41,81 20,37,68 22,38,65 24,37,67 20,32,56 23,41,67 45,66,112 45,66,114 59,85,133 56,79,133 58,84,132 66,102,158 75,122,209 126,162,255 39,20,27 45,25,35 11,12,15 16,15,20 12,10,20 14,14,26 14,17,28 19,23,36 22,28,49 16,26,46 19,26,40 16,23,37 17,21,34 12,20,29 14,14,24 12,15,26 18,23,31 11,11,19 14,14,22 18,20,34 24,27,47 12,11,14
13,11,12 13,11,12 13,11,12 13,10,14 15,15,23 15,20,28 12,15,22 15,13,23 13,11,12 13,11,12 13,10,14 17,17,27 22,20,32 15,15,25 13,11,19 19,30,61 23,41,79 28,40,73 25,39,62 26,38,62 26,34,50 24,33,56 22,32,52 19,27,47 24,40,69 22,41,74 20,41,76 16,35,66 21,33,57 20,30,46 16,26,42 17,24,36 53,77,126 45,69,116 54,82,132 54,82,134 58,81,135 59,84,135 65,100,163 63,111,181 95,147,245 118,164,255 49,29,41 58,34,43 13,11,12 12,11,16 11,11,19 15,20,30 16,23,37 18,24,41 22,28,45 15,21,38 12,19,33 18,20,36 24,27,45 15,21,38 9,9,17 14,16,30 14,14,24 16,13,19 13,11,12 12,11,16 17,13,22 15,10,12
13,11,12 13,11,12 13,11,12 13,11,12 12,11,14 12,11,14 12,12,12 13,11,12 13,11,12 13,11,12 13,11,12 13,11,12 13,11,12 13,11,12 15,10,12 14,14,24 16,19,30 17,21,34 19,26,40 22,29,43 15,21,38 19,29,49 22,38,65 22,30,48 18,24,41 24,34,54 22,40,68 22,40,68 21,31,49 20,26,43 20,23,41 8,15,38 59,82,136 49,73,122 59,86,145 60,87,144 58,81,135 62,90,142 70,118,198 78,121,193 81,137,227 114,161,255 48,32,57 23,12,19 13,11,12 13,10,14 13,10,14 13,11,12 13,11,12 13,11,12 13,11,12 15,10,12 13,11,12 13,11,12 13,11,12 13,11,12 13,11,12 14,12,13 13,10,14 13,11,12 13,11,9 13,11,9 13,11,12 13,11,12
13,11,12 13,11,12 13,11,12 15,10,12 13,11,12 13,11,12 13,11,12 13,11,12 13,11,12 13,11,12 13,11,12 13,11,12 13,11,12 13,10,14 13,11,12 14,12,13 15,10,12 13,10,14 13,12,17 19,22,33 18,22,37 19,29,49 26,35,58 21,33,55 24,33,56 26,35,58 32,44,68 26,40,63 26,42,67 30,43,71 28,41,69 26,42,69 61,87,135 48,78,118 63,90,149 63,89,153 65,90,145 63,91,145 84,137,228 49,62,106 71,128,211 96,142,236 54,31,44 14,11,17 13,10,14 13,11,12 13,11,9 13,11,12 13,11,12 13,11,12 13,11,12 13,11,12 13,11,12 13,11,12 12,12,9 13,11,12 13,11,12 13,11,12 13,11,12 13,11,12 13,11,12 13,11,12 13,11,12 13,11,12
13,11,12 13,11,12 13,11,12 13,11,12 13,11,12 13,11,12 13,11,12 13,11,12 13,11,12 13,12,17 12,15,22 12,15,33 15,19,32 18,26,42 22,28,47 23,29,46 26,36,56 25,37,59 28,44,73 30,46,73 30,44,81 28,45,78 27,46,77 27,45,81 26,47,82 29,47,85 27,46,79 25,43,71 27,45,83 27,44,75 30,51,88 30,53,91 58,84,132 55,81,125 66,95,163 63,96,158 68,101,172 65,88,153 59,100,166 23,25,39 71,110,188 80,111,183 51,20,31 29,38,61 26,32,49 29,37,55 29,39,59 27,33,50 26,30,45 19,23,38 20,22,36 15,19,32 13,13,21 16,14,22 12,11,14 13,11,12 13,11,12 13,11,12 13,11,12 13,11,12 13,11,12 13,11,12 13,11,12 13,11,12
13,11,12 13,11,12 13,11,12 13,11,12 13,11,12 13,11,12 13,11,12 13,10,14 12,11,16 13,11,19 10,15,25 7,10,17 14,19,27 17,21,36 22,30,48 21,29,49 15,27,51 18,31,59 22,39,70 27,44,75 26,45,78 30,51,88 30,57,87 38,61,97 33,54,91 37,60,96 38,61,99 35,62,101 29,59,97 34,61,100 30,57,98 32,62,102 44,74,124 56,82,130 74,101,142 68,108,177 71,116,183 59,87,149 71,102,158 30,24,45 58,48,93 46,29,51 43,23,33 32,49,92 28,46,82 26,45,76 22,42,70 25,44,75 22,39,59 26,35,58 28,36,54 20,26,45 17,21,34 14,17,26 10,15,23 11,16,22 17,22,32 12,15,22 12,11,16 13,12,15 13,11,12 13,11,12 13,11,12 13,11,12
13,11,12 13,11,12 13,11,12 13,11,12 13,11,12 13,11,12 13,10,14 15,13,21 10,18,25 17,24,36 19,25,42 21,31,47 23,33,53 19,27,45 27,40,66 28,39,66 29,41,65 25,38,64 27,46,77 26,47,82 27,45,81 33,56,92 34,60,97 36,64,98 33,56,90 36,62,97 34,60,95 42,70,106 35,64,107 50,76,120 44,75,122 33,62,105 40,69,116 7,25,51 35,62,103 80,122,199 81,131,226 88,138,217 59,84,135 28,29,52 31,52,87 33,44,75 32,34,61 38,65,106 36,58,101 34,61,100 27,54,95 24,49,89 28,49,84 23,42,73 27,40,70 26,38,60 27,37,55 23,30,44 11,14,21 10,11,16 15,13,21 12,11,14 13,10,14 13,11,12 13,11,12 13,11,12 12,12,12 15,10,9
13,11,12 13,11,12 13,11,12 13,11,12 13,11,12 13,11,12 13,10,16 12,15,22 11,19,26 18,22,35 22,28,45 20,30,50 23,29,48 29,36,59 22,34,56 25,38,64 30,44,67 25,39,62 25,41,68 32,45,73 22,40,66 20,39,70 25,42,75 21,40,73 27,46,79 45,67,108 46,68,109 41,72,115 42,74,123 38,73,123 37,72,122 39,69,119 43,69,104 46,68,127 38,61,97 33,57,88 34,45,76 39,63,112 48,72,121 33,62,105 31,62,105 65,105,176 32,50,104 30,47,78 19,30,57 12,19,33 14,17,35 11,11,23 11,7,16 12,10,18 12,11,16 13,11,12 14,12,10 14,12,13 13,11,12 15,14,19 12,11,16 8,9,14 10,15,23 11,14,23 14,19,29 35,46,73 33,49,76 25,43,71
13,11,12 13,11,12 13,11,12 13,11,12 13,11,12 12,11,14 13,12,17 12,15,22 24,28,41 26,29,47 31,37,56 25,38,57 23,39,64 27,46,79 27,40,70 26,38,60 29,52,90 33,51,89 30,52,93 32,53,92 35,62,101 30,53,89 39,64,106 34,64,104 34,57,95 29,51,92 31,56,96 34,51,94 26,41,73 26,48,78 29,47,83 21,34,60 9,19,37 11,26,40 45,65,109 12,20,25 25,42,73 36,62,108 14,36,68 13,12,15 12,11,14 90,120,174 32,35,73 13,11,12 13,11,12 13,10,14 15,9,14 13,10,14 13,11,12 14,11,15 13,10,14 13,11,12 9,9,17 15,22,36 27,48,85 33,62,109 31,62,109 38,64,108 39,68,113 38,64,108 31,52,89 20,42,74 26,47,86 21,43,73
13,11,12 13,11,12 12,12,12 13,11,12 13,12,17 15,13,21 16,16,24 15,20,28 20,27,39 24,31,45 24,27,45 24,30,47 22,30,46 18,26,35 12,20,40 8,14,33 8,16,36 7,14,37 9,16,39 16,25,50 35,63,99 38,65,104 41,67,113 38,71,117 37,63,109 31,58,99 46,71,113 39,64,106 32,45,75 29,39,59 29,39,57 24,30,47 17,17,14 20,17,21 18,25,37 0,5,22 1,17,42 15,39,70 41,76,124 31,64,110 20,26,47 56,93,158 34,70,140 13,10,14 13,11,12 13,11,12 13,11,12 13,11,12 13,11,12 13,11,12 13,11,12 13,11,12 13,11,12 13,11,12 13,11,12 13,11,12 37,55,83 32,64,104 42,68,112 40,70,110 37,64,105 30,55,95 31,52,89 23,42,75
13,11,12 13,11,9 12,11,14 14,14,22 14,19,27 18,22,37 21,25,40 20,23,41 22,30,48 23,33,53 27,37,57 25,41,70 27,45,81 33,51,89 28,49,86 28,46,74 33,44,75 25,33,51 14,19,29 15,14,17 16,16,24 11,12,15 9,13,15 1,8,22 9,18,43 32,55,91 41,72,119 48,74,122 51,80,139 42,77,127 49,85,139 37,70,116 37,72,122 50,86,140 56,92,148 51,87,143 51,92,147 44,83,136 36,71,121 40,45,71 31,39,48 22,39,72 20,28,37 14,12,10 7,10,19 15,10,12 13,11,12 13,11,12 13,11,12 13,11,12 13,11,12 13,11,12 13,11,12 13,11,12 13,11,12 13,11,12 13,11,12 16,13,17 13,11,12 29,29,29 37,35,36 13,11,12 13,11,9 12,10,18