15,21,38 15,21,38 10,17,31 11,18,32 11,18,32 12,19,31 15,21,38 11,18,32 12,19,31 9,18,29 12,19,33 12,19,33 13,19,36 9,19,35 17,23,42 13,19,40 18,21,43 17,23,44 17,23,42 16,22,43 16,21,45 16,22,43 16,22,39 17,23,42 17,22,46 17,23,44 23,29,46 19,32,51 22,34,58 26,39,65 23,36,64 16,24,44 17,18,21 14,15,18 17,18,23 18,23,31 26,19,31 34,13,9 35,10,9 8,11,18 19,23,36 26,32,49 30,48,86 34,53,86 20,30,46 12,20,29 11,19,28 10,16,35 32,38,57 9,12,23 12,20,29 11,15,28 13,11,19 12,8,19 16,18,34 8,21,40 9,19,27 11,20,33 10,19,44 11,17,36 29,16,26 63,23,27 24,22,42 24,37,65
15,21,38 12,18,35 10,17,31 12,19,33 9,16,30 12,19,31 16,22,41 12,19,33 11,18,30 12,19,31 14,18,31 14,19,29 13,19,36 10,20,36 15,23,41 15,21,40 17,23,44 13,19,38 16,22,41 16,22,43 16,22,43 19,22,44 17,23,42 17,23,40 17,23,44 17,23,42 26,32,49 27,40,59 29,41,65 27,40,66 19,35,64 18,26,46 18,17,34 17,16,31 16,17,22 28,25,31 33,19,32 56,17,14 25,10,18 11,20,31 18,22,35 22,25,43 24,40,67 31,47,76 31,44,74 8,16,23 9,17,26 11,16,26 15,22,34 16,18,32 8,11,22 11,11,21 15,15,27 21,30,55 11,18,41 8,21,40 9,19,27 9,19,25 13,19,36 11,17,36 13,16,25 42,16,22 38,19,21 10,17,40
15,21,40 10,17,31 12,19,33 12,19,33 12,19,33 13,20,34 18,22,37 11,18,32 12,19,33 15,19,32 19,17,25 20,18,28 15,21,40 15,21,40 14,22,40 15,21,40 15,21,38 16,22,39 18,21,39 17,23,44 17,23,42 16,22,39 18,22,37 15,21,38 17,23,42 19,25,46 25,31,48 25,31,52 28,46,82 37,57,110 29,53,98 25,43,79 25,41,70 25,31,52 30,27,44 42,27,35 48,25,36 58,19,16 31,18,26 11,19,28 13,20,32 27,25,45 23,31,47 19,28,41 24,31,43 8,16,23 16,16,13 18,17,20 14,24,42 15,22,36 11,20,31 13,13,23 13,18,28 11,16,24 11,19,37 8,18,38 8,18,38 15,21,40 13,20,32 12,20,38 10,18,27 11,16,24 13,16,23 16,27,40
12,18,35 12,19,33 12,19,33 10,17,31 12,19,33 16,22,39 16,22,41 13,19,36 15,22,36 16,24,40 17,21,36 17,17,27 19,20,39 18,21,39 19,20,39 17,23,40 17,23,42 16,22,41 13,19,38 17,23,42 15,21,38 13,19,36 15,21,38 19,25,46 19,22,42 12,22,38 36,29,41 26,29,49 21,39,75 36,56,113 35,59,108 32,54,97 29,44,87 30,45,79 44,29,49 63,23,25 59,24,25 49,16,16 29,15,20 21,18,24 18,18,28 17,20,38 24,30,49 20,28,37 25,32,46 9,16,28 15,20,19 60,68,54 63,86,51 61,88,47 51,66,40 9,17,24 14,19,29 10,18,25 12,18,35 9,18,41 12,21,46 10,18,38 12,19,33 11,20,33 12,18,35 11,16,26 11,15,28 10,18,25
10,16,33 12,19,33 12,19,33 12,19,33 13,19,36 17,24,38 13,19,36 10,18,27 10,18,27 13,20,34 16,22,39 20,22,38 20,21,40 17,23,40 17,23,40 17,23,40 19,22,42 19,22,44 19,22,42 20,23,45 19,25,46 18,24,45 17,23,42 19,27,47 15,23,39 15,23,39 22,26,41 28,29,48 25,32,55 16,38,68 23,46,84 24,45,82 29,39,59 50,28,50 56,24,21 62,22,17 60,22,16 35,17,16 36,19,25 26,18,26 21,21,31 18,17,32 26,29,47 22,29,41 19,28,51 8,16,25 53,44,25 39,31,7 67,77,42 51,60,30 53,65,58 45,59,40 39,50,35 12,19,31 14,17,35 10,22,46 14,22,42 11,18,30 17,22,30 15,20,30 13,20,32 12,16,29 11,16,24 12,17,27
9,18,31 12,19,33 11,18,32 12,19,33 17,23,40 12,18,35 12,19,31 11,18,30 12,19,31 13,20,34 10,17,29 20,18,30 20,21,40 16,22,39 16,22,39 19,22,42 20,23,43 20,23,45 19,22,40 17,23,44 19,27,47 20,26,47 20,26,47 18,24,45 19,22,42 19,22,40 19,25,44 28,31,53 27,29,54 32,28,50 26,33,56 20,35,53 21,31,49 20,26,43 20,20,32 37,16,33 28,17,26 23,17,22 46,21,20 39,19,29 25,18,28 20,18,30 26,28,42 20,24,39 21,25,40 16,24,33 52,34,15 62,60,31 60,67,31 78,91,68 96,118,118 82,105,86 88,107,98 10,18,23 15,24,37 12,21,44 18,24,43 15,23,28 13,21,28 13,21,28 16,23,35 11,18,32 29,21,29 23,16,26
11,20,33 15,22,36 15,21,38 17,20,38 16,23,37 15,21,38 15,21,38 11,18,30 12,19,33 19,25,42 18,24,43 22,20,40 19,20,39 16,22,39 17,23,40 17,23,42 19,22,42 24,30,51 20,26,43 19,25,46 19,25,44 20,25,49 18,24,43 17,23,44 18,24,45 20,23,45 22,28,49 25,31,52 28,36,56 27,33,52 22,25,43 21,31,47 18,25,39 17,21,34 15,22,36 17,21,36 30,18,23 29,17,22 49,21,21 46,20,24 28,17,26 27,19,25 33,22,31 28,28,40 24,24,36 22,31,42 48,29,17 39,47,24 42,50,27 56,71,47 61,81,56 87,113,105 29,37,25 11,20,22 12,18,35 11,18,41 8,18,38 13,24,37 13,21,28 12,19,33 10,21,32 8,18,36 35,21,23 44,20,24
12,19,33 13,20,34 15,21,38 13,19,36 12,19,31 10,17,29 15,21,38 11,17,34 16,22,39 16,24,40 19,25,42 20,26,43 12,18,35 20,26,47 21,31,51 18,24,41 15,21,38 17,23,42 18,24,43 20,26,43 19,25,42 20,26,45 19,25,46 18,24,43 17,23,44 20,23,43 20,27,41 23,29,46 25,33,53 23,33,53 37,30,44 16,24,40 19,23,38 19,23,38 16,22,39 16,23,37 36,19,22 27,19,25 50,20,23 52,24,26 38,21,24 31,21,22 30,20,24 40,32,49 35,49,61 22,32,38 45,59,50 24,35,20 62,67,45 72,93,70 56,76,51 48,69,48 33,59,67 12,27,30 11,15,28 14,22,38 9,19,39 19,29,47 10,17,29 11,16,26 12,21,34 10,18,36 24,16,24 52,19,19
12,19,33 13,20,34 17,23,40 17,23,40 12,19,33 12,18,35 16,22,39 12,19,33 13,20,34 13,20,34 20,22,38 20,19,36 8,16,32 20,23,45 18,26,46 13,20,34 12,19,33 12,20,36 18,24,41 21,24,42 17,23,40 15,21,38 17,23,40 18,24,41 19,22,42 20,23,43 19,25,42 19,25,42 20,23,43 22,30,48 23,30,53 15,21,38 18,22,35 18,22,35 19,25,42 11,20,31 37,18,25 31,18,26 58,20,22 61,23,29 10,11,16 40,61,96 59,110,184 56,121,197 17,43,80 22,33,46 34,50,48 22,33,18 26,33,15 48,58,36 71,97,74 41,56,42 35,55,37 45,55,31 13,13,21 13,19,38 15,23,41 12,21,34 11,18,32 10,18,25 10,19,32 11,17,38 15,18,29 53,20,22
11,18,32 12,19,33 21,20,37 21,20,35 13,16,34 11,17,34 12,20,36 13,20,34 11,18,32 15,22,36 19,21,37 27,20,30 11,18,32 15,23,39 16,22,39 10,17,31 15,22,36 15,22,36 18,24,43 20,23,41 16,22,39 15,21,38 15,21,38 20,26,47 19,22,40 15,21,38 16,22,39 21,24,44 18,24,41 22,29,43 19,23,38 15,19,32 14,18,31 12,19,31 18,21,41 15,24,37 42,18,22 37,20,26 62,21,19 48,25,24 49,50,80 61,93,146 55,101,163 60,111,183 57,106,179 31,48,68 20,28,35 38,53,29 30,44,23 29,43,24 33,47,26 46,59,45 72,95,60 12,17,16 11,14,25 11,19,37 11,20,33 10,19,32 11,17,34 10,17,29 12,20,38 11,19,39 11,17,36 45,21,30
10,17,31 13,17,32 23,20,37 23,20,37 12,15,33 9,17,33 13,19,36 11,18,30 12,18,35 15,22,36 18,20,36 35,24,33 12,15,33 12,21,34 18,22,37 12,19,33 18,21,39 10,20,36 16,22,41 19,22,42 15,22,36 11,18,32 16,22,39 19,25,46 15,18,36 15,21,38 16,22,39 21,24,44 22,25,45 19,25,44 15,21,38 18,20,34 11,20,31 11,20,31 12,22,38 14,25,38 36,18,27 32,19,27 70,22,20 27,20,23 67,72,109 56,91,143 54,98,163 55,106,178 54,105,168 25,41,68 19,26,38 30,40,46 34,51,43 30,46,27 23,35,15 33,45,25 40,51,36 17,15,23 9,12,19 15,21,42 15,21,38 15,21,38 15,21,38 13,19,36 12,22,40 14,22,40 12,20,38 15,27,51
13,17,32 15,19,34 21,20,37 25,22,37 12,15,33 9,15,32 15,21,38 10,17,29 10,17,31 12,19,33 12,19,33 22,20,32 9,17,33 16,22,39 11,14,32 10,19,32 12,21,34 11,20,31 14,23,36 16,22,39 9,20,33 9,18,31 15,21,40 21,24,44 12,19,33 16,22,39 15,22,36 19,20,39 18,24,41 16,23,37 15,21,38 17,20,38 12,19,33 12,21,34 14,23,36 22,30,46 33,21,33 33,18,26 79,23,17 46,21,35 57,78,128 49,88,141 46,93,152 49,95,159 46,87,142 13,27,50 23,33,49 38,44,61 46,62,71 32,45,22 39,48,20 26,20,27 20,18,26 20,16,25 12,19,33 14,22,40 18,21,39 17,20,38 13,19,36 15,21,38 10,20,40 12,20,40 15,18,38 19,28,51
12,19,33 13,20,34 16,22,39 14,18,33 11,15,30 11,15,30 17,21,34 10,17,29 11,18,30 18,22,37 16,22,39 17,20,38 9,19,37 18,21,39 11,17,34 9,19,35 16,22,39 12,21,34 12,20,36 13,19,36 12,19,31 10,19,30 13,20,34 17,23,42 10,19,32 13,19,36 10,19,32 14,18,31 15,19,32 12,19,31 16,22,39 13,19,36 15,22,36 11,20,33 14,24,40 19,27,45 33,20,30 25,19,24 70,22,16 64,61,90 56,93,144 48,90,149 49,98,161 49,88,143 41,63,95 20,23,30 34,45,56 20,31,44 30,39,50 55,73,109 52,26,3 31,18,28 24,16,22 25,19,26 22,35,54 22,32,50 14,17,35 18,21,39 16,22,39 16,23,37 10,20,40 12,20,40 19,22,42 21,28,51
12,18,35 10,17,31 16,22,39 11,20,31 12,16,31 21,21,29 21,22,41 15,22,34 11,18,30 35,23,35 39,20,24 29,17,31 21,21,33 24,28,43 16,22,39 15,21,38 14,22,40 13,19,36 15,23,39 16,24,40 12,19,33 10,17,31 15,18,36 17,25,41 11,18,32 13,19,36 11,20,31 9,20,31 12,19,33 12,21,32 15,21,38 13,20,34 12,21,34 17,27,43 21,29,45 17,25,43 41,19,22 22,20,32 58,13,8 63,72,113 56,91,150 52,92,152 51,95,158 46,93,152 7,9,9 27,27,35 32,39,51 19,26,38 32,40,56 32,35,55 62,91,134 45,23,28 34,20,25 34,19,27 29,37,65 15,23,43 15,18,36 15,21,38 15,21,38 14,17,35 12,19,42 18,24,45 15,18,36 19,28,51
11,19,35 10,17,31 22,21,36 17,17,27 20,18,30 19,17,27 18,20,36 17,21,34 13,20,34 21,17,26 30,20,24 77,22,22 20,26,43 21,24,44 18,25,39 22,20,28 22,22,34 22,21,36 18,23,33 16,23,35 18,24,41 16,22,39 15,21,40 23,29,46 15,21,38 15,21,40 10,17,29 12,19,33 15,21,40 15,19,34 13,19,36 12,19,33 15,22,36 21,30,53 14,29,45 14,22,40 41,22,26 17,17,27 63,39,48 20,50,90 26,53,94 31,66,114 43,88,146 47,83,137 33,36,47 17,22,30 31,38,50 32,39,53 24,30,49 32,39,62 43,45,61 47,25,30 40,23,26 37,20,26 30,38,66 16,23,46 12,18,35 13,19,36 10,16,33 11,17,34 12,20,38 13,19,38 14,17,35 19,28,51
10,21,32 12,16,29 37,19,30 33,20,28 22,19,34 19,22,42 16,22,41 16,22,39 15,17,31 19,17,29 38,20,29 68,28,30 21,33,57 21,29,47 19,26,40 20,20,28 22,22,32 23,21,33 20,22,36 21,23,39 20,23,41 19,21,37 20,22,36 20,22,38 21,23,37 20,24,37 20,23,41 18,24,41 19,20,39 15,22,36 15,21,38 16,24,40 19,32,47 16,31,49 19,27,59 14,28,51 35,30,46 13,20,32 29,45,74 29,52,90 25,48,86 24,45,84 34,53,100 30,50,92 24,30,47 14,19,29 25,29,42 29,39,55 17,29,35 31,41,59 83,122,175 11,14,34 39,21,20 32,19,29 21,29,49 12,20,36 10,19,32 11,17,34 13,20,34 13,19,36 13,19,36 12,18,35 11,17,34 19,28,51
13,20,34 38,23,31 34,20,22 58,20,26 20,23,41 17,23,42 17,23,40 18,24,41 12,19,33 18,18,30 50,24,33 40,26,39 21,31,51 19,27,45 18,24,43 23,22,37 22,23,46 18,24,43 17,25,45 17,25,43 16,24,40 16,23,35 19,24,34 16,22,41 12,24,46 11,23,45 10,21,48 11,25,48 24,53,96 31,64,108 45,80,128 38,68,118 9,31,43 33,54,91 74,99,152 55,90,142 60,94,151 31,58,99 31,51,95 25,54,101 29,47,87 21,42,81 23,44,79 25,44,77 23,39,66 23,41,69 18,38,66 21,49,83 12,25,40 30,40,48 65,110,177 50,81,116 30,23,26 12,20,27 19,28,41 20,24,39 14,17,35 18,21,41 18,21,39 17,20,38 17,20,38 18,19,40 12,18,35 20,29,52
15,22,36 27,20,32 33,17,30 50,21,26 17,24,47 17,23,44 20,26,47 18,24,45 14,18,31 14,18,31 52,23,33 27,25,45 18,24,41 17,23,40 28,40,64 15,42,70 24,51,79 24,50,83 26,50,81 24,46,78 25,46,81 23,50,80 29,52,88 22,48,85 33,57,88 25,51,86 32,55,91 35,64,107 38,69,116 37,68,113 38,70,110 38,69,104 36,65,110 30,61,104 30,51,88 87,118,174 38,66,120 24,42,68 28,38,72 30,45,77 27,50,88 25,50,90 23,48,90 19,47,83 17,29,53 33,61,93 57,97,157 58,99,163 49,89,135 18,31,46 71,118,175 75,121,185 18,16,24 12,17,25 13,23,41 13,16,27 17,25,45 18,23,47 20,23,43 27,30,41 22,19,34 18,26,46 51,66,100 11,27,56
18,21,41 18,19,38 38,23,31 35,24,31 23,29,46 18,30,54 19,29,49 22,29,52 12,19,31 11,20,33 29,20,31 20,23,41 18,24,41 16,22,39 20,30,46 19,29,45 13,26,45 19,33,56 14,36,66 26,37,64 24,33,58 19,31,53 29,38,63 28,44,69 24,40,69 21,39,63 24,40,67 19,30,57 24,34,52 24,34,52 25,38,57 8,21,38 25,44,75 26,45,76 16,33,55 27,49,65 49,81,134 34,41,78 41,23,20 29,37,67 27,53,86 31,56,98 27,38,69 18,15,19 31,34,54 44,85,126 53,97,144 54,105,168 56,107,168 11,29,42 52,82,122 74,122,192 38,43,51 30,67,114 49,88,166 74,117,198 13,13,41 7,22,38 66,25,25 52,19,23 30,17,27 15,13,23 12,15,24 11,16,24
16,22,41 22,21,38 48,25,36 25,21,34 19,21,37 26,32,51 24,33,56 25,33,51 16,18,34 20,19,34 20,19,34 20,22,36 20,23,41 18,26,42 15,24,37 14,24,40 12,22,38 13,23,41 14,17,35 15,23,41 18,26,44 8,18,36 18,26,46 18,26,44 18,24,45 15,25,43 16,26,44 14,26,48 15,25,43 14,24,42 17,27,47 14,27,44 11,28,50 14,22,42 13,23,39 15,28,47 41,65,125 42,66,115 39,35,59 29,35,56 27,35,67 18,29,56 24,59,107 36,57,107 36,62,108 41,79,123 48,88,138 53,95,156 54,99,170 17,49,87 32,40,58 65,110,181 78,91,121 12,15,22 8,12,16 14,10,19 32,51,100 26,22,42 61,20,20 42,23,27 25,23,33 21,23,37 22,26,39 25,31,48
14,22,38 22,21,36 23,15,32 15,21,40 16,22,43 18,20,36 25,32,55 11,18,30 19,21,35 30,28,40 22,21,36 28,20,37 20,26,45 21,29,47 12,17,25 17,25,41 16,24,40 18,26,44 18,26,46 16,24,40 16,24,40 14,22,40 17,25,43 16,22,39 11,20,33 22,31,42 39,52,80 32,51,82 36,55,86 29,48,79 30,43,69 15,23,41 14,23,46 9,17,33 17,24,38 22,21,36 24,41,63 69,95,143 20,33,50 39,27,41 39,24,32 41,28,25 31,41,59 26,42,71 24,50,94 36,67,110 45,74,131 39,71,122 45,77,130 44,79,127 22,32,40 64,99,158 81,94,124 18,16,26 22,23,28 11,15,19 16,15,32 76,32,31 48,28,21 32,60,110 28,43,77 15,18,29 11,19,28 12,27,45
18,20,36 38,20,29 33,20,28 29,20,33 16,24,44 19,21,37 19,27,47 12,14,30 61,23,25 86,27,22 99,25,23 77,33,34 24,31,56 25,32,55 13,13,21 18,22,37 17,23,42 16,24,42 17,25,43 16,24,40 15,21,38 10,18,34 15,23,39 15,23,39 18,24,41 25,31,50 23,37,60 21,41,67 28,47,78 25,42,85 34,57,95 29,48,79 18,26,44 17,21,36 22,21,36 19,21,35 16,24,42 32,45,75 28,37,60 34,30,50 25,23,35 31,37,54 41,59,113 32,51,82 28,53,95 47,75,129 76,131,248 50,128,241 54,78,138 39,71,111 18,28,34 33,52,85 25,23,31 36,52,77 31,46,78 47,72,123 98,31,35 69,50,82 34,79,148 27,47,63 11,13,10 13,13,10 13,13,13 13,12,17
20,19,34 36,21,29 48,22,28 15,18,29 16,22,41 18,21,39 24,33,56 10,24,36 15,19,32 36,23,33 36,18,29 15,20,30 22,31,54 22,34,58 11,16,24 11,16,26 15,23,39 17,23,40 16,26,46 16,24,40 13,19,36 11,17,34 15,23,39 15,16,35 18,27,40 21,29,45 30,46,73 32,53,92 44,65,104 42,62,104 33,55,98 38,63,103 33,49,76 22,40,64 26,22,35 23,21,31 14,18,31 11,16,22 29,41,63 28,44,71 16,31,47 19,27,45 46,74,128 41,53,86 23,45,86 27,48,98 49,77,129 63,111,193 39,84,155 33,62,121 27,49,90 19,34,50 54,20,18 52,14,16 47,14,16 17,24,36 53,66,125 39,66,125 17,31,54 13,13,8 11,12,15 18,19,24 12,15,24 14,14,22
16,22,41 23,20,37 32,18,33 12,19,31 14,24,40 15,21,38 28,36,64 11,21,29 13,18,28 30,19,28 26,19,31 12,21,34 19,26,49 20,34,57 10,20,28 11,16,24 12,21,34 15,21,38 16,22,39 13,19,36 13,23,39 20,22,38 10,15,25 12,17,27 16,25,38 22,30,46 25,39,62 28,46,82 33,56,94 41,64,102 46,68,111 32,53,88 23,40,62 28,45,67 31,27,49 28,20,28 20,16,25 14,10,19 26,34,52 31,47,85 19,27,45 33,36,56 49,81,132 42,54,87 26,56,108 32,52,96 20,41,76 20,43,79 15,46,81 31,61,99 31,60,119 20,27,39 56,23,27 57,18,17 52,15,14 30,22,28 33,76,146 13,19,38 14,15,20 9,14,13 16,18,32 10,15,21 11,16,22 11,18,30
16,22,39 21,20,37 23,19,30 12,19,33 10,20,36 14,22,38 21,33,55 12,19,31 14,22,38 15,19,34 15,19,34 10,21,34 17,23,44 9,19,37 9,21,29 9,12,19 14,23,36 10,19,32 11,20,33 12,14,28 11,20,31 15,22,36 18,21,30 20,25,35 11,11,19 22,26,41 24,32,48 21,31,49 25,38,55 22,34,58 46,69,107 42,63,98 18,25,37 19,28,41 33,45,78 28,27,42 30,22,30 10,11,16 20,26,43 30,43,71 16,25,36 22,32,48 52,90,152 42,62,104 29,56,97 30,55,97 21,35,56 20,32,56 21,31,51 25,42,62 45,77,126 20,28,35 34,52,88 65,17,13 82,26,20 50,38,54 26,49,87 23,42,75 13,13,8 13,13,13 10,15,23 12,17,25 17,22,32 50,81,155
16,22,39 19,21,37 16,18,32 14,18,31 11,19,35 9,18,31 26,39,65 11,20,33 12,21,34 17,21,36 12,19,31 10,21,32 16,26,46 8,18,34 9,21,29 12,15,24 13,18,24 9,19,25 10,18,25 10,18,23 14,19,27 28,21,31 16,14,15 22,29,41 12,12,9 20,25,35 20,24,39 15,20,30 26,36,56 37,46,71 38,56,84 40,60,104 19,24,34 36,52,81 28,41,69 23,30,53 33,20,28 13,11,12 20,24,37 30,43,69 20,33,52 24,32,41 38,64,110 50,71,119 48,58,105 31,48,81 27,30,52 22,23,42 23,22,37 24,31,45 35,54,105 64,100,143 18,25,48 81,17,18 81,26,24 58,56,94 20,38,66 27,43,79 9,19,35 13,13,10 14,17,24 11,16,24 12,20,25 30,55,97
17,23,40 20,21,40 21,20,37 10,17,29 11,19,35 12,19,31 33,41,69 19,22,40 19,22,40 25,26,45 19,25,44 14,23,36 17,25,45 12,21,32 15,23,32 10,19,30 10,15,21 11,16,24 11,16,24 10,15,21 24,38,61 32,28,48 22,26,30 23,30,42 18,24,43 15,22,36 17,26,39 17,24,38 19,32,51 31,47,72 41,54,73 40,53,79 15,21,38 30,46,73 38,59,96 18,25,39 18,21,39 16,9,12 18,26,35 23,40,62 24,36,58 24,35,62 27,41,62 51,75,122 41,48,83 35,46,77 31,27,47 24,22,32 20,18,26 25,28,48 29,47,83 51,64,90 16,27,40 64,23,23 94,26,24 36,66,118 17,27,47 25,43,79 35,51,103 10,11,14 11,14,21 12,18,21 10,21,34 41,60,107
18,21,39 20,19,34 16,18,32 14,16,30 14,22,40 13,20,34 21,31,51 15,21,38 16,24,42 19,28,51 23,41,69 23,37,58 22,41,74 24,46,78 23,45,75 27,46,79 22,28,45 13,13,21 12,15,26 10,15,21 12,21,32 24,42,70 17,35,61 19,28,41 24,33,56 23,36,62 21,29,47 22,28,45 22,30,50 24,33,56 38,46,66 12,15,22 18,12,19 16,23,35 41,63,95 13,16,23 13,14,17 12,12,9 18,26,33 28,36,56 23,29,48 26,43,65 40,57,100 75,92,123 38,50,83 38,70,121 31,29,49 24,20,31 23,16,19 26,29,47 25,37,61 39,42,20 36,47,78 22,25,34 44,21,20 28,61,105 22,30,50 20,39,72 24,48,93 20,33,52 11,18,32 13,16,25 23,31,49 30,50,94
18,21,39 20,19,36 18,20,34 15,17,33 13,20,34 15,23,39 15,23,43 14,17,37 22,31,56 19,33,56 17,29,51 21,29,47 21,39,65 20,40,68 23,39,68 23,39,66 19,29,47 9,12,23 15,14,19 15,18,25 14,17,26 12,17,25 22,38,67 18,31,50 19,25,44 24,35,62 25,37,61 22,32,50 22,32,48 18,27,40 27,30,48 17,24,36 16,25,38 17,25,43 24,34,50 15,20,26 13,11,12 11,12,17 20,24,39 25,33,49 23,25,41 33,40,65 24,35,64 53,38,60 41,38,55 50,36,49 18,40,81 51,66,100 23,13,12 18,17,10 26,30,45 42,53,82 57,87,137 28,38,44 41,17,23 23,46,82 15,25,43 19,39,65 20,39,72 21,37,64 20,41,78 20,33,59 26,48,91 30,51,99
19,35,62 24,42,70 23,43,71 29,46,77 26,48,80 18,34,61 23,41,65 21,33,55 13,23,43 18,31,50 23,39,66 14,27,46 28,44,71 29,45,74 30,45,77 35,51,78 31,49,75 23,32,55 16,16,24 14,17,28 11,18,30 13,18,28 12,17,23 11,24,41 52,19,21 19,21,37 21,31,51 19,42,65 24,37,54 20,27,39 22,28,45 32,50,86 38,69,125 42,66,115 23,36,62 20,28,33 15,15,25 15,17,31 18,25,39 22,26,41 21,24,42 34,43,66 33,44,73 49,36,57 41,36,63 30,56,102 35,63,113 33,68,118 40,68,130 35,63,117 27,39,63 54,87,149 42,77,127 21,26,32 30,27,31 22,38,67 18,24,43 21,33,55 22,31,54 22,40,66 22,38,63 24,47,85 30,51,90 25,46,85
24,45,80 33,56,92 30,53,91 37,59,91 45,77,128 33,62,105 22,35,54 18,34,61 24,46,76 23,46,80 30,52,93 25,46,85 25,47,88 24,46,89 25,46,85 23,42,73 10,11,16 9,10,15 11,21,29 13,21,30 14,18,31 14,17,28 15,15,25 14,17,26 12,17,25 12,17,23 41,66,106 85,19,5 11,12,17 20,34,57 15,33,57 26,39,65 28,48,90 24,50,94 50,97,182 33,61,123 13,27,48 23,21,33 27,24,39 23,22,37 25,24,41 39,34,52 78,45,75 51,55,95 29,54,105 38,66,120 36,67,123 35,67,120 34,64,118 44,75,131 40,71,129 33,62,119 48,78,132 17,20,40 19,26,38 21,32,61 20,23,41 21,39,63 22,38,65 22,40,68 21,38,69 20,38,64 21,37,64 22,40,68
37,50,78 38,54,79 45,68,102 41,64,100 48,85,136 56,95,148 25,39,62 16,30,53 14,34,60 21,42,79 6,25,56 14,37,64 9,28,59 16,34,62 20,33,61 27,40,68 13,13,21 13,21,30 17,22,32 15,23,32 12,20,29 12,19,31 12,22,30 11,20,33 12,19,31 10,22,28 20,14,21 13,11,9 16,26,46 29,58,103 44,79,142 34,64,118 15,27,49 21,37,64 26,44,82 52,88,158 40,83,155 32,62,123 18,41,79 21,37,64 17,29,62 21,37,64 25,39,76 23,44,79 34,59,110 35,58,110 35,63,115 35,63,115 29,53,98 32,54,95 42,67,120 34,64,118 31,57,105 34,59,114 41,70,127 23,31,49 18,18,28 29,37,55 24,33,44 25,37,61 20,40,66 19,32,58 22,31,54 22,30,48
19,29,37 23,33,49 37,55,83 43,66,102 55,92,143 63,104,168 20,43,77 24,41,72 23,42,75 13,31,67 21,43,73 26,47,82 22,48,81 24,50,83 32,58,91 14,19,29 12,19,31 12,19,31 12,19,31 15,23,32 14,18,31 14,19,29 14,24,32 13,20,32 11,20,31 17,21,34 12,15,24 11,11,19 24,37,65 27,49,92 33,61,113 36,69,129 23,36,64 24,33,46 22,40,68 23,44,81 33,69,125 49,93,167 43,81,153 38,72,129 39,66,123 37,66,123 39,69,134 46,76,141 46,76,139 41,69,119 20,39,72 14,28,51 16,32,59 18,31,57 23,41,67 28,49,88 27,47,73 12,22,42 15,23,28 12,20,27 15,23,30 12,22,26 12,20,29 10,21,22 15,20,26 15,20,28 19,27,45 15,19,32
31,52,89 35,53,93 35,51,80 27,49,81 42,69,110 47,87,137 50,85,133 22,45,81 26,53,94 21,43,73 17,39,71 18,42,73 31,58,99 26,50,81 9,31,47 14,19,29 11,18,32 12,19,31 12,19,31 12,19,31 18,22,35 18,22,37 15,24,35 14,23,34 18,22,37 18,22,37 17,21,34 25,37,72 36,61,116 30,51,97 27,54,95 26,52,96 22,40,64 16,37,76 27,25,33 40,19,19 33,46,76 37,62,115 45,82,147 42,85,155 44,84,153 44,79,142 39,69,130 39,73,139 44,77,141 35,65,126 39,70,128 43,70,129 40,70,124 35,60,113 30,55,97 24,50,87 25,42,75 13,22,45 15,25,43 15,23,28 13,21,26 15,20,26 13,21,26 15,20,26 15,18,25 17,17,25 13,19,22 9,13,17
27,52,92 19,42,78 19,32,51 18,30,54 18,37,70 30,54,99 19,46,87 34,62,112 40,71,127 24,50,98 27,50,86 22,45,81 27,50,88 8,27,60 15,25,41 11,21,29 14,17,28 11,18,30 15,19,34 15,22,34 16,23,35 18,22,35 18,22,37 19,23,38 17,24,38 17,24,38 15,25,41 24,45,84 30,56,104 38,63,116 36,69,129 17,43,80 33,49,76 30,26,37 36,23,31 41,22,26 47,22,23 51,30,30 35,58,112 38,68,129 40,77,144 45,77,144 43,75,142 39,73,141 39,69,132 42,77,140 35,66,124 46,61,106 67,53,77 60,55,82 57,42,62 42,53,95 33,55,98 31,54,90 18,31,48 18,23,31 15,21,24 16,24,31 18,21,28 15,20,30 15,20,30 23,32,57 7,18,31 14,18,22
26,47,84 23,42,75 26,49,83 31,53,94 30,55,95 32,54,95 30,51,90 20,41,76 26,47,86 30,55,95 38,59,105 36,64,116 40,65,118 19,39,67 17,26,39 14,19,29 12,17,25 13,16,25 11,18,30 12,22,30 12,20,29 13,21,28 18,22,37 19,23,38 18,22,37 17,24,38 19,25,42 23,36,62 21,39,75 34,58,107 35,61,107 54,73,122 27,25,35 38,30,38 45,30,38 31,23,31 20,21,26 20,21,26 26,19,31 35,61,109 27,51,96 36,68,119 38,66,128 40,68,130 40,74,129 32,64,117 35,61,105 28,49,84 37,35,55 36,22,37 26,19,29 19,15,26 11,14,21 13,18,26 15,18,29 14,13,28 17,24,36 23,32,45 24,37,54 25,31,48 22,29,43 20,24,37 18,25,39 22,30,46