23,10,18 16,13,17 24,13,22 21,13,19 14,10,19 13,11,19 12,10,18 11,11,19 16,14,22 12,10,18 15,13,21 13,11,19 13,11,19 11,11,19 13,11,19 13,11,19 12,10,18 13,11,19 13,11,19 12,11,16 12,11,16 28,14,16 19,12,15 13,10,14 13,10,14 13,10,14 13,10,14 13,10,14 13,10,14 13,10,16 12,12,12 13,10,16 37,56,89 49,74,116 17,15,23 20,18,26 20,18,26 20,20,28 22,20,28 19,17,25 22,20,28 19,22,29 18,18,26 20,20,28 21,21,31 47,51,64 34,44,62 44,60,85 18,21,32 20,20,30 21,21,31 21,21,31 24,22,30 22,20,30 24,22,32 23,23,33 21,24,33 22,22,30 23,21,29 22,20,28 24,22,30 21,21,31 24,24,34 22,22,32
25,10,18 16,13,17 25,12,22 20,12,18 22,13,24 20,12,18 12,10,18 11,11,19 12,10,18 13,11,19 13,11,19 14,10,19 13,11,19 13,11,19 15,13,21 13,11,19 13,11,19 13,11,19 13,11,19 12,11,16 12,11,14 31,12,14 29,13,11 14,11,15 13,10,14 13,10,14 13,10,14 13,10,14 13,10,14 13,10,16 39,37,49 26,32,51 19,28,51 48,69,106 18,16,24 19,17,25 22,20,28 18,18,26 22,20,28 20,18,26 20,20,28 21,21,29 16,16,24 18,18,28 18,18,28 47,51,64 50,60,80 40,56,83 19,21,35 23,21,31 20,20,30 18,18,26 21,21,29 22,22,30 23,23,33 23,23,33 24,22,32 21,17,26 20,18,26 18,18,26 25,23,33 21,21,31 20,20,30 20,20,30
27,9,18 19,13,18 24,11,21 23,12,19 11,11,19 13,13,23 13,11,19 13,11,19 13,11,19 13,11,19 12,10,18 13,11,19 12,10,18 13,11,19 12,10,18 15,13,21 12,10,18 12,10,18 11,9,17 12,10,18 12,10,18 29,12,13 52,13,10 13,11,12 13,10,14 13,10,14 13,10,14 13,10,14 13,10,14 13,11,12 27,30,41 14,22,42 43,70,109 18,24,52 18,16,24 20,18,26 17,15,23 19,17,25 22,20,28 20,20,28 20,18,26 20,20,28 20,20,28 19,17,25 23,21,29 21,21,33 44,58,81 49,68,101 22,22,32 20,20,28 21,21,29 21,21,29 20,20,28 22,22,32 23,21,31 24,22,32 24,24,34 22,22,32 21,21,31 26,24,34 26,24,32 20,20,28 22,22,32 22,22,32
26,12,14 26,12,14 25,11,13 19,11,17 12,10,18 13,11,19 11,11,19 13,13,21 13,11,19 12,10,18 11,9,17 12,10,18 13,11,19 12,10,18 12,10,18 13,11,19 12,10,18 12,10,18 12,10,18 12,10,18 12,10,18 27,13,13 41,14,7 16,11,13 13,10,14 13,10,14 13,10,14 13,10,14 13,10,14 13,10,14 20,24,39 20,23,41 44,65,111 43,70,109 19,17,25 19,17,27 20,18,26 22,20,28 20,20,28 17,17,25 21,21,29 20,20,28 20,20,28 18,16,24 22,20,28 21,21,29 49,62,88 54,75,112 25,27,41 23,21,31 20,18,26 22,20,28 22,20,30 21,21,29 21,21,31 23,23,33 21,24,33 22,22,32 23,21,31 22,20,32 18,18,28 21,21,29 21,21,31 20,20,28
26,12,14 26,12,14 25,11,16 17,10,13 14,10,19 11,11,21 11,11,19 13,11,21 13,11,19 12,10,18 13,11,19 12,10,18 12,10,18 12,10,18 13,11,19 12,10,18 12,10,18 12,10,18 13,11,19 12,10,18 13,9,18 20,13,13 64,14,8 24,12,14 13,10,14 13,10,14 13,10,14 13,10,14 13,10,14 13,10,14 21,23,39 22,30,50 58,82,127 54,88,145 19,15,26 17,15,23 17,15,23 22,20,28 24,22,30 23,21,29 19,17,25 23,21,29 19,17,25 20,18,26 22,20,28 22,20,28 43,53,73 52,74,104 32,39,62 24,22,32 22,20,28 22,22,32 25,23,33 23,21,29 18,18,26 20,20,28 21,21,29 20,20,30 21,21,29 20,20,28 21,21,31 18,18,26 23,23,33 22,22,32
26,12,14 26,12,14 27,13,18 14,9,11 13,9,18 12,9,15 11,9,17 11,11,19 13,11,19 15,13,21 12,10,18 12,10,18 13,12,17 12,10,18 12,10,18 13,11,19 12,10,18 12,10,18 12,10,18 12,10,18 12,10,18 19,13,18 74,16,6 30,14,12 13,10,14 13,10,14 13,10,14 13,10,14 13,10,14 13,10,14 21,23,39 44,56,89 47,68,105 53,82,141 19,13,20 17,15,23 17,15,23 19,17,25 20,18,26 18,16,24 21,21,29 21,21,29 20,18,28 22,20,28 20,20,28 21,22,27 36,47,60 56,75,108 64,87,123 15,18,27 22,20,28 22,20,28 22,20,28 20,18,26 21,21,31 21,21,29 20,20,28 20,20,28 21,21,29 18,21,30 21,21,31 20,20,28 22,22,32 24,24,34
28,11,12 28,12,10 38,15,14 13,11,12 13,10,14 13,10,14 13,10,16 12,10,18 12,10,18 12,10,18 12,10,18 13,11,19 12,10,18 12,10,18 13,11,19 13,11,19 12,10,18 12,10,18 12,10,18 12,10,18 12,10,18 23,11,13 70,15,2 34,11,8 15,10,12 13,10,14 12,9,13 13,10,14 13,10,14 13,10,14 23,22,37 34,48,71 30,51,90 52,84,135 22,20,30 19,18,23 19,17,25 18,17,22 19,17,25 20,18,26 22,20,28 20,18,26 20,18,26 20,18,26 19,17,25 20,18,28 44,54,72 46,64,92 59,82,120 21,25,40 16,15,20 18,18,26 18,18,26 20,20,28 21,21,29 22,22,30 21,21,29 19,22,29 21,21,31 22,22,32 20,18,28 21,21,29 21,21,31 22,22,32
22,10,10 17,10,13 18,8,9 16,9,9 15,10,12 19,9,13 19,9,10 16,8,14 11,10,13 13,10,16 12,10,18 13,9,18 12,10,18 12,10,18 12,10,18 12,10,18 12,10,18 13,10,16 12,10,18 12,10,18 10,10,18 22,12,13 94,16,6 33,12,10 17,10,13 17,10,13 13,11,12 13,10,14 13,10,14 12,9,13 29,30,49 38,45,68 30,51,86 60,91,147 22,20,30 18,14,23 17,15,23 16,14,22 18,16,24 19,17,25 20,18,26 20,18,26 20,18,26 18,18,26 20,20,28 37,39,55 36,49,68 55,76,111 52,65,84 15,14,19 18,16,24 17,15,23 20,20,28 21,21,29 23,21,29 20,20,28 23,23,33 21,21,29 20,20,28 24,22,30 20,20,28 16,19,26 18,18,26 22,22,32
28,12,8 19,9,10 19,9,10 21,11,12 22,10,15 24,12,12 24,12,14 21,11,12 17,10,10 17,10,13 18,7,14 15,9,14 13,10,16 13,10,16 13,10,16 12,10,18 13,9,18 12,10,18 12,10,20 12,11,16 10,10,20 27,15,17 92,19,5 50,16,12 16,11,8 28,12,10 13,11,12 13,10,14 13,10,14 12,10,11 20,26,43 37,49,82 32,48,84 66,101,160 20,18,30 21,17,26 20,18,26 20,18,26 19,17,25 19,17,25 15,15,23 18,18,26 18,18,26 20,20,28 19,21,37 40,46,65 28,29,48 57,82,122 22,22,30 13,10,14 13,10,14 19,18,23 20,20,28 20,20,28 20,20,28 20,20,28 20,20,28 21,21,29 20,20,28 23,21,29 20,20,28 21,21,29 23,21,29 22,22,32
19,9,13 19,9,13 19,9,13 21,11,12 22,10,12 14,9,11 26,12,14 26,12,12 26,12,12 20,8,10 18,8,12 19,9,13 16,11,13 16,9,12 13,10,14 13,10,16 13,10,14 13,9,18 15,9,14 12,10,18 13,9,18 22,11,18 105,18,4 51,14,11 16,9,9 12,10,11 13,10,14 13,10,14 13,10,14 13,10,14 33,31,41 37,42,66 16,44,80 62,97,149 23,19,28 23,19,28 19,17,25 19,17,25 18,16,24 18,16,26 22,28,45 19,17,25 20,21,26 20,20,28 51,67,103 23,19,32 21,21,31 69,87,123 24,20,29 19,18,23 12,11,14 12,12,12 24,22,30 22,22,30 22,20,28 22,20,28 22,20,30 17,17,27 22,22,32 22,22,32 22,22,32 19,22,29 22,22,32 24,24,34
19,12,12 21,11,15 25,11,16 21,11,12 23,11,13 12,10,11 28,12,10 32,14,9 31,13,8 26,13,10 26,12,12 24,12,14 21,11,12 19,9,10 19,9,13 17,10,13 17,10,13 13,10,14 13,10,14 13,10,16 13,10,14 22,12,13 108,21,7 45,13,8 15,10,12 15,10,12 13,10,14 13,10,14 13,10,14 13,10,14 18,16,26 30,43,73 37,55,95 51,86,134 21,17,28 21,17,26 20,18,26 19,17,25 17,15,23 57,38,52 32,44,68 17,17,25 23,21,29 21,21,31 42,55,83 15,15,23 22,22,32 66,82,109 23,22,27 21,21,29 21,21,31 31,29,37 15,13,21 22,20,28 22,20,28 22,22,32 24,22,32 21,21,31 20,20,28 20,20,28 20,18,28 21,17,26 22,22,32 21,21,31
68,19,10 44,15,11 13,8,10 22,12,13 26,9,12 12,10,11 33,12,8 32,11,7 34,12,6 32,11,7 27,14,7 27,14,11 26,12,14 28,11,14 23,11,13 24,10,12 22,10,15 20,8,10 14,12,13 13,11,12 12,11,14 23,13,14 103,16,2 31,12,14 13,10,14 15,9,14 13,10,14 13,10,14 13,10,14 13,10,14 14,11,17 32,44,68 43,65,106 58,93,143 21,14,24 18,15,21 22,15,25 15,15,23 24,20,31 53,26,52 21,18,24 18,16,24 20,20,28 21,21,29 19,17,25 14,10,19 21,21,29 23,22,27 20,18,26 20,18,26 21,21,29 18,18,26 22,27,37 18,21,30 20,20,28 24,22,32 21,21,31 16,16,24 21,21,29 20,20,28 23,21,31 18,18,26 21,21,31 21,21,31
69,19,6 39,12,7 15,10,9 28,11,12 30,12,7 37,12,9 40,15,12 36,11,8 36,12,6 30,13,3 29,14,5 29,13,9 26,12,14 25,11,13 28,11,12 28,11,12 28,12,8 28,11,12 20,8,10 19,12,12 16,11,10 26,12,17 106,22,5 25,11,11 13,10,14 13,10,14 13,10,14 13,10,14 13,10,14 13,10,14 16,13,19 20,33,59 43,69,115 66,102,156 18,14,23 20,14,19 18,15,21 17,15,23 85,43,50 46,61,104 20,18,26 18,16,24 20,20,28 22,20,28 20,18,26 19,15,24 39,41,57 20,19,24 20,20,28 20,20,28 20,19,24 23,21,29 36,40,53 21,21,29 22,20,28 20,18,26 20,18,28 23,21,29 22,20,28 20,18,26 24,22,32 20,20,30 20,18,26 21,21,29
67,17,11 44,12,7 17,10,10 27,11,9 37,13,7 19,9,13 34,13,13 40,11,5 40,11,7 35,13,7 33,13,6 28,12,6 30,12,7 31,13,10 28,12,8 30,13,5 30,13,5 28,12,8 23,11,16 20,8,10 19,9,10 31,15,9 90,18,0 30,14,12 13,10,14 13,11,12 13,10,14 13,10,14 13,10,14 13,10,14 14,14,26 28,41,67 44,69,111 64,95,151 20,16,27 18,15,21 23,11,23 29,20,33 115,62,77 59,87,137 18,16,24 20,19,24 17,17,25 18,18,26 19,17,25 18,18,26 34,41,55 18,16,24 20,20,28 22,20,28 22,20,28 18,18,26 20,20,30 23,21,29 21,21,29 20,20,28 20,20,28 20,20,28 20,18,26 22,20,28 23,21,29 20,18,26 19,17,25 20,20,28
48,12,4 53,15,9 47,15,10 52,15,12 43,14,8 24,10,10 34,13,13 45,13,8 43,14,8 37,10,3 34,12,6 31,13,10 30,12,7 30,13,5 33,12,8 34,12,6 33,13,6 33,13,6 27,11,9 26,12,12 17,10,10 34,16,13 106,19,5 32,14,13 15,10,12 19,7,9 13,10,14 13,10,14 13,10,14 13,10,14 36,35,50 26,35,60 45,69,116 66,97,153 19,15,24 18,15,19 23,13,14 17,17,27 51,43,60 58,75,120 18,16,26 17,16,21 17,16,21 22,20,28 20,18,26 24,20,31 25,25,37 20,18,26 22,20,28 20,18,26 20,18,26 20,20,28 22,22,30 21,21,31 19,17,25 18,18,26 18,18,26 19,17,25 19,17,25 19,17,25 20,18,26 20,18,26 18,18,26 20,20,30
38,11,6 50,14,8 24,11,8 22,10,10 29,13,7 24,10,10 14,9,8 33,12,10 46,14,11 45,16,10 33,13,6 30,12,7 33,13,6 31,11,4 37,14,11 34,12,6 37,13,7 35,13,7 31,14,6 29,13,7 25,11,11 37,16,14 104,20,7 39,14,11 18,6,8 28,9,11 13,10,14 13,10,14 13,10,14 13,10,14 32,34,48 30,46,73 48,72,117 57,92,144 19,17,25 46,27,31 62,29,33 38,37,42 43,59,99 27,28,51 20,20,28 18,18,26 16,14,22 19,17,25 20,16,25 20,18,26 18,18,26 22,22,32 23,22,27 20,18,26 18,18,26 27,27,35 18,18,26 19,17,25 20,20,28 21,21,29 21,21,29 20,18,26 20,18,26 20,18,26 20,20,28 24,24,32 20,20,28 22,22,30
35,10,7 49,12,9 20,8,10 24,10,12 33,12,8 19,9,10 14,8,13 54,13,11 47,13,9 37,13,7 33,13,6 33,13,6 35,13,7 35,13,7 34,12,6 35,13,7 37,13,7 36,12,6 34,11,8 33,12,8 30,12,11 37,14,11 110,19,2 57,19,13 16,8,14 13,10,14 13,10,14 13,10,14 13,10,14 13,10,14 13,11,21 20,26,43 49,75,119 58,93,141 34,16,25 76,41,44 89,34,23 59,33,50 59,86,143 33,37,50 22,20,28 18,18,26 16,14,22 18,16,26 19,17,27 19,17,27 19,17,25 20,20,30 49,60,91 16,16,28 20,20,32 20,18,26 18,18,26 22,20,28 18,18,26 23,21,29 23,21,29 22,20,28 22,20,28 22,20,28 21,21,29 21,21,29 20,21,26 21,21,29
22,10,10 48,14,10 20,8,10 27,10,11 34,12,6 40,15,14 58,18,13 63,18,13 51,14,11 34,12,6 33,12,8 33,13,6 34,12,6 37,13,7 37,13,7 36,12,6 39,12,7 37,13,7 39,12,7 34,12,6 30,13,5 42,15,8 131,22,4 43,16,11 15,9,14 13,10,16 13,10,14 13,10,14 13,10,14 13,10,14 14,11,17 36,40,55 40,62,94 56,91,141 70,32,34 82,44,50 76,31,26 58,45,66 51,82,138 23,19,28 20,18,26 18,16,26 18,18,26 20,18,26 19,17,25 19,17,25 17,17,25 17,17,25 59,76,107 60,83,121 42,55,81 18,16,24 19,17,25 19,17,25 20,18,26 19,17,25 17,15,23 18,16,24 20,18,26 20,20,28 22,20,28 20,18,26 22,20,28 20,20,30
15,9,14 57,17,8 27,11,9 29,13,9 23,11,11 41,13,11 27,11,7 28,15,12 34,12,6 33,13,6 31,13,8 33,13,6 34,12,6 37,13,7 35,13,7 37,13,7 39,12,7 42,13,9 41,14,9 37,13,7 33,10,7 45,17,8 95,18,3 25,13,13 12,9,13 13,11,12 12,10,11 13,10,14 13,10,14 13,10,16 16,13,19 20,22,38 41,59,97 63,99,155 78,29,30 78,24,17 82,23,18 51,23,25 61,99,161 17,15,25 18,16,24 16,16,26 17,15,23 19,17,27 20,18,26 18,18,26 19,17,25 18,18,26 37,45,73 62,84,125 62,80,120 17,15,23 20,18,26 18,18,26 22,20,28 20,18,26 20,18,26 20,20,28 20,18,26 20,18,26 22,20,28 23,21,29 17,17,25 20,20,28
16,10,15 37,13,7 33,13,6 23,11,13 19,9,10 42,13,7 31,13,8 28,11,12 33,13,6 33,13,6 30,12,7 33,13,6 34,12,6 37,13,7 34,12,6 37,13,7 39,11,9 47,13,9 39,12,5 38,11,6 37,13,7 37,13,5 30,9,5 13,10,14 13,10,14 13,11,12 13,11,12 13,10,14 12,8,17 12,9,15 16,12,21 36,46,64 44,65,102 61,93,146 75,24,25 73,23,21 76,25,17 48,24,30 66,106,168 17,16,19 16,14,22 17,17,27 20,18,28 17,15,25 20,18,26 16,16,24 18,16,24 20,20,28 20,24,39 59,82,120 65,85,127 13,11,19 20,18,28 20,18,26 18,18,26 18,18,26 20,18,26 20,18,26 20,18,26 22,20,28 18,16,24 22,20,28 20,20,28 19,22,29
12,12,12 26,9,10 34,13,9 29,10,14 48,16,11 31,15,9 29,11,8 27,11,7 34,12,6 33,13,6 30,12,7 30,12,9 33,13,6 34,12,6 34,12,6 39,12,7 44,15,9 47,15,10 43,14,8 35,13,7 46,14,9 130,23,3 70,16,7 34,13,13 21,11,15 16,11,13 13,10,14 13,10,14 13,10,14 13,10,14 13,11,12 24,37,56 63,91,141 50,82,133 47,79,119 34,25,36 84,24,22 72,22,18 71,111,180 15,15,23 14,15,20 18,16,24 20,16,29 18,16,26 15,15,25 16,16,24 18,16,24 20,18,26 22,20,28 55,72,105 63,88,130 19,16,22 17,15,23 19,17,25 18,18,26 18,18,26 19,17,25 22,20,28 22,21,26 18,16,24 19,17,25 20,18,26 18,18,26 21,21,29
12,12,12 37,14,11 40,10,9 35,13,7 83,15,13 47,13,9 41,14,9 31,13,8 29,13,9 26,13,8 26,12,12 28,12,10 33,13,6 34,12,6 34,12,6 37,12,9 37,13,7 37,13,7 47,15,10 42,15,10 40,11,5 142,35,19 148,26,6 129,31,16 74,20,11 49,19,20 27,13,13 16,10,15 14,11,15 17,14,18 18,14,23 17,17,29 33,63,103 53,81,131 49,53,66 94,32,19 89,19,11 67,22,19 68,107,174 17,29,53 14,14,24 15,16,21 17,15,23 18,19,38 39,51,75 45,58,88 32,46,83 15,15,25 18,18,26 38,44,65 61,84,122 15,15,23 17,15,23 17,17,25 15,15,23 20,18,26 22,20,28 20,20,28 20,20,28 20,20,28 20,20,28 20,18,26 20,19,24 20,20,28
58,13,8 45,13,8 41,14,9 44,12,9 64,15,4 80,15,0 42,13,7 27,14,9 26,13,10 26,13,10 33,12,10 48,8,3 68,14,7 70,14,8 26,20,27 20,20,28 22,20,28 29,21,27 43,16,11 37,15,7 47,13,9 80,14,0 19,7,7 13,10,14 13,10,14 13,10,14 15,9,14 13,11,12 13,11,12 13,11,12 12,11,16 20,33,59 57,86,133 61,96,157 23,40,73 120,31,20 80,21,14 62,22,17 62,25,22 39,61,102 61,96,157 35,51,78 13,11,19 26,28,42 33,35,49 34,33,48 25,33,53 66,96,159 20,18,26 21,21,29 59,81,113 20,26,43 16,17,22 18,16,24 18,16,24 19,17,25 20,20,28 20,20,28 20,20,28 20,20,28 21,21,29 17,17,25 20,18,26 20,20,28
37,13,7 52,14,8 56,17,14 34,12,6 32,11,11 28,12,6 30,12,9 32,12,3 84,19,11 84,17,6 85,15,5 78,16,5 65,17,13 25,19,26 21,21,31 21,21,29 20,20,28 20,20,30 21,21,29 37,12,11 60,12,6 171,25,0 89,16,7 41,17,11 25,13,13 20,8,8 22,10,10 29,12,13 34,16,11 29,11,8 25,11,11 19,22,40 41,66,108 46,77,124 51,82,127 123,40,27 89,26,20 70,16,7 48,21,14 38,50,83 54,84,134 15,33,59 34,34,46 33,36,54 32,34,50 19,22,33 22,22,32 23,40,71 61,90,149 16,22,41 44,62,90 57,83,118 22,29,41 16,14,22 17,15,23 19,17,25 19,17,27 20,20,30 20,20,30 20,20,28 20,20,30 20,20,28 18,16,24 20,20,28
52,14,8 52,16,8 57,14,10 31,13,8 33,13,6 26,13,6 16,11,13 70,16,9 75,16,9 75,19,11 68,16,11 64,21,15 20,20,28 20,20,28 20,20,28 20,20,28 20,20,28 20,20,28 20,18,26 36,17,19 45,18,13 37,18,20 83,14,1 45,15,14 19,12,15 13,10,14 13,11,12 18,8,12 18,8,12 16,9,12 15,9,14 34,50,86 33,52,85 44,66,107 23,10,18 111,30,21 102,29,22 69,22,13 52,18,16 32,34,50 36,51,83 20,16,29 33,37,52 49,75,123 67,100,160 26,32,51 22,24,40 34,52,88 61,101,163 55,86,133 32,38,55 32,35,55 48,57,82 30,38,54 40,37,52 43,51,69 41,47,68 38,46,66 41,51,71 57,66,89 18,18,26 18,16,24 19,17,25 19,17,25
29,13,11 42,14,14 32,15,7 36,12,6 37,13,7 27,11,9 41,16,17 59,19,14 60,19,17 57,18,17 55,18,15 37,18,22 22,20,28 20,20,28 20,20,28 20,20,28 18,18,26 22,20,28 33,19,21 33,19,19 22,20,28 16,19,28 34,12,4 15,9,16 12,9,13 13,10,14 13,10,16 13,10,14 13,10,14 13,10,14 13,10,16 34,55,90 37,59,91 43,70,109 19,12,22 68,17,18 106,33,21 77,22,11 59,21,11 34,26,34 15,18,25 18,16,24 22,20,28 25,25,37 54,95,159 23,31,51 29,27,39 42,71,114 43,61,99 22,25,36 15,19,23 39,42,60 22,22,34 22,20,28 10,10,18 16,14,15 18,12,19 16,13,17 16,10,15 50,73,109 17,15,25 16,14,22 19,17,27 21,21,31
12,10,6 25,12,5 49,15,11 40,15,16 39,18,16 27,9,8 37,15,9 40,17,14 42,18,12 42,18,12 39,16,15 21,17,26 20,20,28 17,17,25 18,18,26 19,17,25 20,20,28 17,18,23 20,21,26 18,18,28 19,17,27 28,18,22 19,12,12 13,10,14 13,10,14 13,10,14 13,10,14 13,10,14 13,10,14 13,10,14 12,10,11 37,61,106 37,65,99 43,70,111 18,21,43 19,12,15 117,33,20 99,29,21 77,21,15 55,23,20 24,16,24 19,17,27 17,17,25 20,20,28 57,68,97 22,22,32 18,17,22 24,35,64 24,24,32 17,16,21 22,22,30 39,41,57 14,11,15 13,10,14 13,10,14 13,10,14 13,10,14 13,10,14 12,11,16 49,66,88 19,17,25 22,20,28 16,16,24 19,17,25
51,13,3 55,15,8 17,10,10 16,11,13 17,10,13 23,11,13 23,10,18 18,15,21 17,16,19 17,16,19 15,16,19 21,18,24 18,18,26 21,21,29 17,17,25 18,18,26 19,17,25 19,17,29 56,78,110 49,77,113 22,22,32 62,25,22 15,10,9 13,10,14 13,10,14 13,10,14 13,10,14 13,10,14 13,10,14 13,10,14 13,11,12 32,48,75 43,72,115 35,61,96 21,28,53 14,11,17 62,14,12 112,28,18 99,31,29 77,22,9 31,20,27 23,21,29 21,21,31 22,22,32 21,24,35 21,24,33 18,18,26 14,33,66 17,17,27 13,14,19 41,22,26 13,10,14 12,11,14 13,10,14 13,10,14 13,10,14 13,10,14 13,10,14 11,15,17 33,40,54 15,15,23 14,14,22 13,14,19 19,17,25
55,7,1 47,10,7 28,15,12 13,11,12 22,10,12 42,14,12 46,14,9 17,15,23 17,16,21 15,13,21 15,16,21 19,17,27 19,17,25 18,18,28 18,18,28 18,16,24 26,20,27 19,13,18 50,72,115 50,78,114 59,84,124 83,62,79 13,11,12 13,10,14 13,10,14 13,10,14 13,10,14 13,10,14 13,10,14 13,10,14 13,10,14 18,24,41 53,83,135 36,66,104 10,17,31 13,10,14 13,10,14 33,14,28 106,28,18 76,25,17 76,38,42 24,22,30 21,24,33 25,23,33 25,25,37 57,75,115 39,55,84 21,42,77 16,15,20 25,12,20 16,9,12 13,10,14 13,10,14 15,9,14 13,10,14 14,12,13 14,11,15 14,11,15 17,17,27 23,23,35 17,16,21 16,16,26 13,14,19 14,15,20
22,12,13 30,12,7 37,13,7 12,10,11 33,10,7 57,14,10 51,13,7 36,14,17 19,16,20 27,25,35 23,30,42 13,13,21 10,10,18 21,24,35 22,20,32 30,20,24 18,12,19 13,10,14 12,9,13 19,33,56 64,89,131 64,28,38 13,10,14 13,10,14 13,10,14 13,10,14 13,10,14 13,10,14 13,10,14 13,10,14 13,10,14 10,10,20 43,66,104 52,82,122 17,16,31 13,10,14 13,10,14 13,10,14 70,21,22 72,25,16 30,13,19 40,15,14 56,18,20 47,23,17 32,18,18 47,59,94 24,33,56 63,21,38 22,20,32 34,16,13 13,11,9 22,8,8 25,11,11 22,10,12 19,12,12 18,8,9 16,8,14 22,22,32 26,24,34 18,16,24 16,15,20 17,13,24 19,15,26 19,17,25
22,12,16 36,18,17 36,16,9 19,9,10 37,14,15 56,18,12 48,16,11 33,17,13 15,8,8 17,15,23 25,25,33 12,11,14 15,14,17 17,15,23 14,17,26 13,10,14 13,10,16 13,10,14 13,10,14 13,10,14 35,16,20 34,15,17 15,9,14 15,9,14 13,10,14 13,10,14 13,10,14 13,10,14 13,10,14 13,10,14 13,10,14 13,10,14 33,49,76 48,71,107 40,58,96 11,16,24 14,14,24 13,13,21 16,14,24 76,25,17 79,27,24 28,17,24 51,24,36 52,49,66 20,18,26 13,15,12 46,24,29 79,77,99 47,44,61 35,45,65 24,15,26 18,16,14 14,12,13 13,10,14 13,11,12 14,12,13 15,10,12 19,27,36 36,38,52 30,17,27 52,15,14 46,16,15 41,49,77 44,56,89
59,80,115 18,39,60 30,32,48 32,38,57 35,43,61 31,37,54 27,34,48 28,33,43 18,21,32 18,20,34 26,28,44 13,12,17 17,15,23 16,14,22 39,41,55 17,14,20 13,10,16 13,10,14 15,10,12 19,9,13 22,12,13 15,9,14 13,10,14 15,14,19 31,29,39 33,31,41 29,27,37 24,22,32 20,20,28 26,24,34 36,34,44 26,24,36 34,40,59 39,57,85 34,62,96 68,92,139 62,84,116 41,54,84 39,52,80 56,25,36 30,39,64 42,60,88 13,16,38 27,47,75 41,61,103 44,65,104 53,39,56 49,64,96 43,54,81 36,52,81 43,66,100 40,61,96 38,60,90 44,62,90 52,66,105 36,55,88 21,39,67 51,69,107 38,64,101 53,67,108 37,53,89 42,63,98 46,63,96 32,49,82
40,56,85 35,51,80 33,40,65 33,40,63 33,42,65 38,48,68 42,45,63 30,38,58 30,36,55 32,38,59 36,43,66 39,47,65 35,44,67 34,44,64 37,46,71 32,39,51 16,14,22 17,14,20 43,21,29 22,10,12 15,9,14 13,10,14 13,10,14 13,10,14 13,10,14 13,10,14 13,10,14 13,10,14 13,10,14 13,10,14 13,10,14 13,10,14 12,9,13 33,39,67 43,68,110 43,76,120 55,82,121 32,44,79 24,38,61 32,13,17 32,43,70 33,39,67 39,57,93 38,59,96 40,63,99 35,43,71 48,73,115 46,64,100 44,70,105 50,75,115 48,76,112 44,60,89 35,53,77 49,66,99 39,56,89 30,50,76 39,65,102 38,59,98 39,60,99 44,65,104 44,67,105 52,74,115 51,75,120 39,63,110
26,34,52 29,37,55 31,37,58 31,38,61 30,38,58 29,39,57 32,50,78 30,46,75 40,53,81 34,52,78 31,43,67 31,37,56 22,29,43 22,28,49 31,39,57 31,41,59 35,45,63 42,43,62 19,9,13 13,10,14 13,10,14 13,10,14 13,10,16 13,10,14 13,10,14 13,10,14 13,10,14 13,10,14 13,10,14 13,10,14 13,10,14 13,10,16 13,10,14 30,36,53 32,53,88 36,61,101 44,70,114 56,85,130 26,34,52 20,11,22 10,10,20 11,11,21 29,40,53 28,38,58 28,37,62 37,46,71 36,47,74 41,58,89 37,63,100 48,73,113 34,55,90 37,57,83 38,54,81 36,55,86 35,53,89 40,61,98 36,62,99 40,63,99 44,70,114 50,72,115 41,62,101 49,74,114 50,76,120 51,77,123
11,12,15 12,12,12 16,14,15 15,15,15 12,11,14 13,11,12 13,11,12 14,11,15 13,10,14 13,10,14 13,10,14 13,10,14 13,11,12 15,10,12 13,11,12 12,11,14 12,11,14 12,11,14 13,10,14 12,11,16 14,11,17 13,12,17 13,10,16 13,10,14 13,11,12 13,11,12 13,10,14 14,11,17 14,11,17 13,10,16 12,11,14 13,11,12 13,9,20 27,34,48 53,71,109 45,66,105 58,77,126 48,73,113 11,11,23 15,14,17 15,10,12 15,8,8 13,10,16 16,13,17 20,13,25 21,17,26 25,25,35 27,32,42 26,28,42 25,27,41 23,30,42 26,35,48 30,38,54 35,45,63 38,43,67 33,41,61 31,40,63 29,37,57 33,39,56 35,39,54 33,36,54 33,36,54 32,40,58 33,43,63
19,15,26 18,21,32 18,20,34 19,21,35 24,30,47 25,31,50 20,23,41 20,23,34 20,20,32 16,18,34 18,18,30 11,11,21 14,16,30 26,32,51 30,44,67 41,58,89 42,63,100 42,64,96 39,58,89 38,50,74 39,47,65 28,38,58 29,37,57 25,44,65 38,55,86 40,52,76 43,52,77 37,45,65 43,53,71 41,50,73 40,56,81 38,60,90 41,60,93 36,52,90 34,51,82 40,58,94 39,60,95 32,50,86 40,53,83 39,55,82 43,62,95 54,76,117 33,39,69 34,13,13 52,12,5 72,17,6 69,20,11 67,17,11 42,13,7 52,16,8 73,15,5 37,9,7 17,10,13 13,10,14 13,10,16 13,10,14 16,10,15 26,19,31 22,11,18 28,11,14 36,8,6 38,8,7 35,11,5 22,10,12