12,15,33 12,16,31 12,16,31 12,14,30 12,15,33 13,16,34 13,14,33 15,13,33 12,13,32 13,11,31 16,13,30 16,13,30 15,12,29 15,12,29 15,12,29 15,12,29 13,12,29 14,13,30 15,14,31 15,12,29 15,12,27 15,12,27 15,12,27 15,12,29 15,12,29 14,13,30 15,12,29 15,12,27 13,11,23 15,12,29 15,12,29 15,12,27 14,24,44 13,27,48 16,38,68 17,35,61 13,31,57 11,19,37 14,22,38 13,34,69 17,44,83 16,35,68 19,32,60 22,19,36 16,12,23 14,11,17 19,25,46 13,25,47 13,10,27 15,12,27 13,10,25 14,13,28 14,18,31 10,19,32 14,22,40 13,16,34 15,24,37 25,33,51 15,15,23 14,15,20 14,14,24 16,14,26 13,23,41 13,17,30
15,13,33 13,15,31 12,16,31 13,15,31 12,15,33 12,15,33 13,14,33 15,13,33 13,14,33 14,12,32 16,13,30 15,12,29 15,12,29 15,12,29 15,12,29 15,12,29 13,12,29 14,13,30 15,14,31 15,12,29 15,12,27 15,12,27 15,12,27 15,12,29 16,13,30 16,13,30 15,12,29 15,12,27 15,13,25 15,12,29 15,12,29 15,12,27 15,33,57 23,35,68 17,39,71 21,37,66 12,26,47 13,23,41 12,28,53 17,38,73 17,34,65 12,21,44 20,29,54 23,18,36 17,13,24 14,11,17 17,23,44 14,26,48 15,12,29 15,12,27 15,12,27 13,15,29 12,16,29 12,16,31 18,30,54 17,23,40 14,14,26 17,16,21 14,14,22 16,15,20 14,13,28 16,14,26 14,10,23 20,32,56
12,13,32 10,16,33 13,15,31 12,15,33 12,15,33 15,13,33 15,13,33 14,13,30 14,13,30 14,13,30 14,13,30 16,13,30 15,12,29 15,12,29 15,12,29 15,12,29 14,13,30 14,13,30 14,13,30 16,13,30 13,12,27 15,12,27 15,12,27 16,11,27 15,12,29 15,12,27 15,12,29 15,12,27 16,13,28 13,17,32 12,15,26 15,25,43 19,43,74 19,41,73 17,40,67 17,29,51 17,20,40 11,14,32 21,43,75 17,24,49 12,15,33 12,16,31 18,17,34 26,19,33 20,14,19 16,10,15 19,22,42 15,27,49 13,12,27 15,12,27 15,12,27 14,18,33 12,14,30 11,15,30 19,38,69 14,34,60 17,17,29 14,14,24 16,16,26 18,25,37 17,21,34 14,14,26 16,14,26 15,13,21
12,15,33 12,13,32 15,13,33 13,14,33 13,14,33 15,13,33 15,14,31 14,13,30 15,14,31 14,13,30 14,13,30 15,12,29 15,12,29 15,12,29 15,12,29 15,12,29 14,13,30 16,13,30 25,13,27 23,14,27 24,11,19 61,45,43 40,40,26 13,12,27 14,13,30 15,12,29 15,12,29 15,12,27 15,14,31 18,19,38 17,25,43 11,27,52 19,38,71 15,34,65 22,39,72 18,25,48 13,10,25 19,20,39 11,23,47 12,18,35 14,13,28 15,12,27 18,17,32 23,16,28 23,13,17 18,12,17 20,23,43 16,29,55 14,13,30 15,14,29 14,13,28 11,15,30 13,17,32 13,17,30 18,34,59 15,34,65 17,24,38 14,14,26 16,25,38 13,26,43 19,26,40 16,14,24 15,15,25 15,13,23
11,17,34 12,16,31 14,13,30 15,13,33 12,15,33 13,14,33 14,13,30 14,13,30 14,13,30 14,13,30 14,13,30 15,12,29 15,12,29 15,12,29 15,12,29 15,12,29 14,12,32 23,14,29 22,11,20 15,13,23 69,44,25 42,36,27 50,41,35 16,11,29 14,13,30 15,12,29 16,13,30 15,12,29 15,17,33 14,25,52 30,43,42 45,62,34 48,66,35 55,69,37 54,72,39 52,69,43 8,18,24 16,13,28 19,27,47 15,12,27 15,12,27 15,12,29 18,15,32 20,12,18 21,10,17 18,12,17 16,17,36 14,26,50 15,12,29 16,13,28 15,12,27 11,14,25 12,16,31 14,18,31 20,23,43 22,23,42 20,22,38 13,16,27 19,28,41 13,26,41 16,26,42 17,21,34 16,16,26 17,17,29
12,18,37 13,16,34 13,15,31 15,13,33 13,14,33 14,13,30 14,13,30 14,13,30 14,13,30 14,13,30 15,12,29 17,14,31 15,12,29 15,12,29 15,12,29 14,13,30 17,14,29 26,14,26 29,13,26 59,23,15 67,38,16 31,32,20 40,46,37 14,14,22 15,11,31 16,13,30 15,12,29 15,13,33 53,25,27 45,24,11 39,52,29 46,60,28 51,66,29 54,71,33 56,75,39 65,81,39 65,84,46 73,89,68 14,13,28 14,15,34 13,13,25 14,16,32 25,18,30 21,13,19 18,12,19 16,12,21 16,17,36 13,26,45 14,16,32 14,13,30 14,17,35 12,20,38 18,24,41 17,23,40 28,23,41 30,22,41 20,19,36 20,27,41 19,32,49 15,26,39 17,25,41 12,19,33 15,15,25 14,14,24
12,18,37 13,14,33 12,14,30 14,12,32 14,13,30 14,13,30 14,13,30 14,13,30 14,13,30 16,13,30 17,13,33 17,13,33 15,12,29 15,12,29 16,13,30 14,13,30 23,15,32 30,16,29 28,16,28 23,21,29 53,41,29 55,42,35 50,44,35 60,83,66 15,11,31 16,13,30 13,15,31 92,26,12 57,26,7 31,24,8 45,56,27 51,68,32 58,73,34 52,71,31 54,71,31 67,83,39 70,87,49 70,93,74 83,102,96 21,32,61 21,21,33 15,14,31 18,14,27 15,13,25 15,13,25 15,12,27 14,17,37 14,26,48 15,18,36 14,17,37 12,14,30 13,14,35 16,26,46 19,29,49 31,28,45 37,28,50 19,17,29 14,18,33 12,15,26 11,11,19 11,11,21 14,14,26 14,14,24 14,14,24
13,19,40 11,17,34 14,13,30 14,13,30 14,13,30 16,15,32 14,13,30 16,13,30 15,11,31 17,13,33 17,13,33 15,12,29 15,12,29 15,12,29 16,13,30 14,13,30 23,18,34 21,14,26 25,20,38 17,14,29 15,12,29 34,15,22 68,31,18 40,41,29 63,76,64 13,16,36 78,23,23 59,25,7 53,23,8 38,29,12 53,59,32 64,79,44 68,88,45 56,74,31 62,82,39 65,82,42 64,83,43 69,97,72 80,110,121 95,108,81 18,30,54 11,11,21 15,12,27 15,12,29 16,13,30 15,12,27 18,21,39 14,16,32 11,13,29 15,17,31 13,15,29 13,12,15 13,11,23 21,35,58 30,37,62 30,30,56 43,24,40 40,27,46 13,11,21 13,11,21 13,11,19 16,13,28 14,13,28 16,13,28
12,20,40 12,18,35 13,14,33 15,13,33 15,13,33 14,13,30 14,13,30 17,13,33 17,13,33 17,13,33 17,13,33 15,12,29 15,12,29 15,12,29 16,13,30 14,13,30 17,16,33 14,13,28 23,22,37 15,12,29 15,12,29 15,12,29 14,13,30 44,21,20 38,38,33 38,32,23 31,24,8 94,20,0 94,31,7 50,35,13 37,35,13 38,39,18 29,38,21 70,87,61 68,87,47 65,84,44 66,86,43 67,95,49 76,107,92 85,107,81 37,47,53 22,38,67 13,13,25 14,13,28 14,13,28 14,13,28 16,22,43 14,16,32 11,12,15 13,11,21 13,11,19 13,11,21 16,15,30 17,26,49 23,39,66 27,36,61 32,38,59 25,14,23 16,14,22 16,14,22 16,14,22 14,14,26 16,13,28 16,13,28
11,19,37 13,16,36 13,14,33 15,13,33 15,14,31 14,13,30 14,13,30 16,13,30 17,13,33 17,13,33 17,13,33 15,11,31 15,12,29 15,12,29 14,13,30 14,13,30 21,16,32 17,12,28 21,23,39 15,12,27 15,12,29 15,12,27 15,12,27 12,15,33 129,39,13 73,27,1 102,28,3 124,35,6 80,40,15 30,35,13 38,39,20 53,38,18 30,37,19 32,43,28 61,81,65 66,86,72 74,93,73 70,92,53 69,92,48 71,95,46 83,102,50 18,35,68 15,13,23 15,14,29 12,14,30 13,14,33 14,24,44 16,25,48 11,10,25 11,11,23 14,17,35 16,23,46 17,24,47 18,31,57 23,38,72 29,40,67 41,33,52 17,13,24 16,14,22 16,14,22 13,13,21 14,14,24 14,14,26 14,13,28
16,24,44 14,17,37 11,15,30 14,13,30 14,13,30 14,13,30 14,13,30 17,13,33 17,13,33 17,13,33 16,12,32 15,11,31 15,12,29 15,12,29 15,12,29 16,12,32 34,17,23 34,14,24 22,24,40 15,12,27 15,12,27 15,12,27 15,12,29 17,16,33 135,31,5 109,28,1 107,34,6 85,34,8 48,32,17 22,28,15 19,25,14 29,31,16 22,32,10 30,42,24 29,41,21 34,46,28 56,78,68 77,100,95 75,93,76 73,97,57 68,92,43 43,58,44 14,13,30 13,15,29 9,16,28 15,15,27 56,68,61 21,30,53 15,23,41 13,25,47 14,27,46 12,21,44 13,14,35 17,23,42 23,41,77 29,46,79 29,35,63 13,13,21 19,17,25 14,19,27 12,19,31 14,19,27 14,17,26 17,17,27
14,23,46 14,21,44 13,16,34 15,14,31 14,13,30 14,13,30 14,13,30 14,13,30 14,13,30 17,13,33 16,12,32 15,12,29 15,12,29 15,12,27 15,12,29 18,11,25 45,14,22 49,15,22 11,29,46 15,12,27 16,13,30 16,11,27 13,14,33 121,22,14 123,26,2 95,30,9 35,33,15 25,31,18 24,27,15 25,30,29 17,18,23 24,26,26 36,46,24 40,49,30 20,28,14 34,46,28 43,58,44 50,65,51 52,64,46 53,65,56 47,61,57 38,46,34 32,37,33 10,14,29 23,22,25 51,52,33 49,48,37 21,33,55 14,18,33 12,14,30 20,26,45 13,15,29 12,19,33 16,23,37 17,38,75 29,54,96 34,46,79 15,21,38 18,23,33 15,20,26 15,20,30 12,19,33 14,17,28 16,16,24
16,25,48 16,23,46 14,17,37 12,13,32 15,14,31 15,14,31 14,13,30 14,13,30 15,14,31 17,13,33 16,12,32 15,12,29 15,12,29 15,12,29 15,12,27 23,14,27 26,13,23 58,16,21 9,29,53 15,12,27 13,12,29 12,16,29 9,19,37 145,26,0 106,35,11 65,29,9 25,28,18 27,35,21 25,28,16 29,33,18 32,35,27 36,25,22 58,76,104 39,41,41 36,42,33 34,45,30 30,42,22 27,39,21 34,41,25 32,40,19 42,52,28 56,67,36 70,74,34 17,24,17 44,45,35 55,63,51 47,49,34 16,35,66 12,25,44 12,22,42 14,27,46 11,15,30 15,18,36 13,22,45 17,35,63 59,48,75 59,54,83 19,25,42 16,19,28 17,22,30 13,21,28 17,25,34 15,22,34 14,14,26
16,30,53 15,24,47 14,22,42 12,15,33 14,13,30 14,13,30 14,13,30 13,12,29 16,13,30 17,14,31 16,12,32 15,12,29 15,12,29 15,12,29 15,12,27 35,17,26 26,13,23 54,15,24 14,27,46 11,17,34 11,18,32 12,18,35 99,33,30 141,32,1 92,35,16 51,37,19 31,40,23 30,42,22 38,51,28 36,44,23 26,33,17 29,35,22 34,43,24 43,52,33 60,69,50 61,80,60 65,85,67 22,37,21 42,49,33 40,50,26 45,63,46 25,36,21 69,76,44 36,42,33 35,42,37 34,39,33 68,81,69 18,35,66 12,26,47 15,25,45 15,25,45 14,13,28 14,13,30 12,26,47 20,22,36 87,33,44 80,38,45 19,21,35 18,21,30 15,23,30 16,23,37 18,26,44 20,26,43 14,16,30
16,32,59 15,24,47 12,15,35 13,15,31 14,13,30 14,13,30 14,13,30 14,13,30 14,13,30 16,11,29 16,12,32 15,12,29 15,12,29 15,12,27 15,12,27 35,20,30 31,14,17 37,15,23 13,19,38 13,19,38 16,22,41 15,21,40 155,24,0 113,32,3 56,34,14 33,40,22 33,40,22 32,45,22 51,63,43 58,71,48 57,70,47 50,63,40 38,47,28 52,62,38 34,44,20 55,74,54 70,90,63 82,98,65 21,26,25 20,15,14 60,74,95 55,58,48 71,76,42 20,20,30 14,16,32 15,17,33 15,13,33 19,37,73 14,23,46 12,18,37 15,21,40 15,12,27 15,14,31 18,37,68 42,33,55 109,36,31 58,25,29 23,21,33 13,21,28 13,21,30 17,27,45 19,25,44 19,25,42 16,18,32
17,34,65 15,24,47 15,18,36 15,14,31 14,13,30 15,13,33 15,14,31 14,13,30 14,13,30 14,13,30 13,12,29 15,12,29 15,12,29 15,12,27 15,12,27 40,22,31 46,15,21 35,15,25 15,21,42 13,25,49 17,24,47 12,26,49 148,23,2 59,34,15 32,40,19 34,41,23 35,45,21 36,46,24 38,52,31 49,63,44 39,53,34 19,25,12 29,37,25 28,36,24 32,40,28 43,58,42 56,78,71 65,89,93 83,116,121 37,42,38 52,64,88 70,70,82 86,85,47 17,14,29 12,16,31 15,14,29 13,14,33 16,35,66 13,23,43 11,17,36 13,12,29 15,12,27 15,21,42 17,33,62 50,41,65 106,37,42 20,13,23 21,23,37 16,26,42 15,22,36 20,26,47 20,26,43 20,26,43 17,21,36
17,35,63 13,27,50 12,18,35 12,15,33 14,13,30 14,13,30 14,13,30 14,13,30 14,13,30 14,13,30 13,12,29 15,12,29 15,12,29 15,12,27 16,14,26 67,20,29 72,17,17 50,19,27 14,22,42 12,28,55 14,26,48 29,31,45 74,29,6 27,35,12 35,40,18 35,43,20 35,50,26 38,50,32 41,52,37 34,46,28 21,30,13 20,26,15 14,20,11 29,35,26 34,42,32 38,50,41 56,69,55 61,74,58 68,84,65 74,78,51 36,45,26 69,79,53 123,123,78 13,12,29 12,15,35 14,15,34 11,18,32 16,36,62 16,22,39 15,14,31 16,14,26 16,13,28 4,20,45 18,37,68 54,45,71 96,37,46 20,15,17 23,33,53 14,27,42 18,25,39 20,26,43 20,26,43 20,26,43 14,19,29
15,33,61 14,28,51 14,22,42 13,16,34 14,13,30 15,14,31 14,13,30 14,13,30 14,13,30 14,13,30 14,13,30 15,12,29 15,12,29 15,12,27 15,12,27 46,16,19 79,19,21 34,24,44 14,24,42 15,32,54 14,31,51 20,8,8 27,34,18 34,37,15 38,43,19 39,47,22 41,53,33 38,48,26 34,43,24 23,35,15 31,40,23 29,39,17 31,40,21 27,33,20 28,31,19 34,45,32 41,51,43 48,59,44 68,78,52 106,102,67 82,108,83 82,109,79 108,126,93 13,14,33 13,19,36 10,18,34 14,13,30 17,35,63 9,15,34 14,13,28 15,17,33 14,17,35 12,28,53 23,44,79 54,47,75 98,41,51 19,25,42 17,27,47 25,31,48 21,24,42 19,24,48 19,25,46 20,26,43 19,27,43
19,39,67 14,28,49 17,25,45 14,17,35 13,14,33 14,13,30 15,14,31 14,13,30 11,15,28 12,14,30 14,13,30 13,12,29 14,13,30 15,12,27 15,12,29 27,12,22 70,17,19 11,27,56 16,29,57 22,24,38 13,13,8 21,27,14 32,41,22 35,43,18 32,45,20 41,51,27 38,52,33 29,38,21 27,39,19 32,41,24 32,40,28 33,44,31 34,45,32 33,44,29 29,37,23 20,26,15 27,30,18 23,29,18 23,24,14 49,58,41 62,87,71 85,116,131 113,118,94 30,25,41 38,28,46 30,21,34 11,10,25 13,15,31 18,30,52 19,27,47 14,17,35 13,22,45 14,35,70 30,55,97 50,41,65 100,48,58 19,27,43 18,26,44 22,28,49 18,24,43 16,26,42 20,27,41 20,26,43 18,27,40
20,41,76 19,33,54 13,26,45 17,20,42 13,14,33 14,13,30 14,13,30 14,12,32 16,13,28 14,13,30 13,12,29 14,13,30 14,13,30 15,12,27 16,11,29 24,15,30 51,1,11 3,17,27 13,13,10 18,21,13 16,17,9 27,34,18 34,44,22 40,50,26 37,50,27 41,53,35 22,34,16 34,44,22 33,42,25 30,41,28 31,42,29 34,45,34 36,47,36 34,49,37 36,47,32 38,50,32 44,59,43 60,82,72 66,80,59 29,37,25 50,63,40 77,94,68 112,112,80 43,13,16 27,18,33 17,14,29 16,12,23 14,13,28 18,24,43 18,20,34 12,16,31 10,20,38 18,39,76 27,58,101 30,46,75 100,47,60 17,27,43 18,27,40 16,26,42 17,23,42 16,27,40 15,26,39 18,27,40 18,27,40
20,39,72 21,33,57 14,26,50 16,23,46 12,15,35 13,14,33 13,15,29 34,10,19 74,19,15 62,21,19 52,19,10 19,17,18 19,15,26 15,12,27 15,17,33 17,14,20 14,12,13 16,15,18 21,23,18 20,31,18 19,27,15 28,37,18 37,45,22 42,47,23 42,50,27 33,46,30 34,43,24 33,40,22 29,36,18 27,39,19 31,42,29 34,45,34 38,51,39 51,65,58 65,84,78 61,83,71 61,81,63 78,110,111 80,111,87 64,84,57 35,50,26 66,80,48 107,107,62 76,20,12 57,19,13 55,15,10 32,11,9 16,11,10 15,10,12 31,12,19 14,16,30 12,24,48 22,45,83 35,60,100 27,54,95 83,46,64 47,36,59 18,26,42 18,25,39 15,21,38 15,26,39 16,26,42 20,27,41 13,16,27
23,43,85 26,44,80 14,25,54 17,24,47 14,17,37 12,15,35 13,15,31 31,14,6 31,15,9 21,14,14 34,11,8 49,14,17 13,15,12 12,11,14 14,12,13 14,12,13 14,11,15 15,15,15 24,24,24 17,28,15 22,33,20 28,37,18 39,47,24 37,45,24 39,51,33 26,39,23 35,43,22 22,29,13 15,20,14 17,18,21 22,23,26 30,29,34 39,37,49 41,52,79 75,104,104 76,100,78 64,90,67 77,109,106 82,108,85 80,98,65 36,45,26 51,59,36 108,107,55 25,13,15 25,15,14 20,13,16 15,13,23 13,11,31 16,11,29 27,13,26 12,16,29 16,24,42 20,43,79 28,56,92 25,51,86 81,39,58 84,37,56 31,19,35 16,25,38 18,18,28 17,17,29 14,18,31 15,18,29 18,18,30
11,17,36 15,18,36 13,19,38 17,20,40 17,14,31 14,13,30 63,8,8 32,14,13 23,19,32 12,25,53 4,19,35 13,16,27 16,14,22 23,26,33 13,16,23 13,13,13 14,11,15 13,13,13 15,14,17 14,15,18 21,24,12 23,35,15 39,47,24 41,49,28 43,52,33 29,43,24 35,40,16 32,38,11 33,36,12 34,39,17 33,44,31 65,78,104 33,44,75 20,24,39 27,30,39 40,43,61 56,73,95 78,97,105 91,104,79 84,100,81 35,43,22 48,62,32 106,94,55 15,12,27 15,13,23 16,12,21 21,12,23 18,26,46 18,38,64 29,17,29 13,19,36 12,28,55 24,49,91 22,51,94 30,55,97 93,50,74 33,34,57 42,21,36 19,23,36 17,22,32 20,18,30 17,17,27 20,18,30 16,16,26
21,43,75 15,31,58 14,22,42 15,16,35 14,13,28 38,18,28 52,41,64 43,69,113 43,78,126 55,90,149 58,91,151 48,74,120 27,35,63 16,16,28 32,35,42 24,29,37 19,18,23 15,15,15 13,13,13 13,15,15 18,18,18 20,28,16 39,47,24 42,50,25 39,52,29 33,45,25 33,41,20 34,39,15 34,40,13 37,41,14 36,48,28 33,47,28 40,52,58 70,83,113 82,91,141 60,61,82 20,21,26 27,25,33 48,50,35 73,78,54 42,50,27 61,77,46 17,16,5 19,12,24 58,20,14 76,20,14 71,15,9 40,17,18 47,28,44 30,16,31 12,18,37 14,23,46 21,40,73 25,56,99 21,47,84 76,38,59 60,43,65 28,27,44 17,14,29 23,16,26 23,16,28 27,25,35 25,23,35 21,21,33
14,34,60 16,35,66 11,27,54 14,22,40 68,34,41 37,52,84 38,67,110 43,80,131 45,84,139 51,93,150 51,93,154 61,107,171 46,88,136 42,68,112 26,34,43 27,32,42 40,43,61 21,26,36 16,15,18 15,14,17 13,12,15 16,18,15 35,40,18 42,50,25 38,50,30 38,50,30 34,39,17 35,41,14 35,40,18 38,43,19 41,44,20 40,50,26 36,54,39 32,54,42 31,49,36 37,54,60 74,95,141 96,115,164 111,112,133 102,105,85 71,81,46 87,98,56 16,13,28 36,11,8 103,21,1 111,20,1 112,20,6 84,17,6 48,15,17 34,20,33 14,26,48 19,31,53 20,41,76 18,41,79 19,40,77 57,37,60 62,42,65 51,36,56 19,21,37 18,17,32 16,23,35 18,25,39 16,26,42 18,26,42
20,38,74 16,34,70 14,30,57 89,32,33 36,44,72 27,50,84 38,71,115 44,86,136 47,88,143 49,94,154 53,99,163 51,96,154 51,96,152 47,87,145 40,59,90 28,32,45 37,44,58 20,24,37 12,11,14 15,14,17 15,14,17 15,14,17 22,27,23 37,43,16 42,50,27 37,51,30 34,42,21 34,40,13 35,40,18 36,44,23 39,44,22 39,49,25 39,53,32 38,54,35 35,54,34 37,53,34 40,52,32 49,66,40 71,84,43 120,113,52 71,94,48 105,110,65 16,13,28 15,12,27 16,12,23 53,12,10 47,16,22 30,25,41 41,18,29 24,22,46 12,28,53 11,27,52 21,40,73 19,40,75 22,50,86 37,54,97 69,41,60 55,38,58 19,25,44 18,26,44 18,26,42 16,27,40 16,27,40 16,27,40
22,48,85 20,37,70 96,23,18 42,35,49 23,45,75 33,62,105 41,76,124 48,87,140 47,97,155 58,106,174 56,107,170 55,103,171 51,95,158 51,98,155 46,82,138 26,31,41 28,37,48 26,33,47 19,22,33 14,15,20 15,14,17 11,12,15 18,19,22 15,18,8 33,41,16 36,51,27 33,45,25 27,39,19 30,43,20 32,44,24 39,49,25 40,53,30 39,52,27 40,52,32 38,52,31 40,53,30 36,49,22 40,54,24 69,78,34 92,99,42 86,99,47 17,15,11 16,11,27 15,12,27 15,13,25 52,14,16 33,24,48 23,41,69 40,27,48 20,25,49 17,26,51 11,29,57 15,34,67 18,37,70 23,50,89 37,42,68 85,44,68 84,43,65 41,26,46 17,26,39 19,23,36 20,23,34 19,26,40 16,27,40
60,41,43 103,31,17 59,28,39 34,37,59 33,54,89 36,63,104 43,80,129 49,89,149 56,101,168 59,107,177 60,108,176 57,102,171 60,106,170 61,106,166 44,83,136 22,25,34 32,36,49 30,37,51 25,33,42 26,34,43 26,29,38 18,17,20 13,12,15 15,14,17 19,27,13 32,42,18 34,47,24 33,46,23 32,44,26 32,46,27 37,49,29 40,53,30 42,52,28 40,53,30 39,52,27 41,51,29 34,47,22 38,48,22 65,73,34 68,89,39 71,73,70 19,22,33 13,10,25 16,11,29 15,12,27 59,18,18 29,36,59 30,46,82 40,33,61 19,28,53 13,26,45 16,34,62 23,46,82 20,43,79 23,46,82 46,31,51 94,44,52 89,43,54 83,37,48 23,21,33 19,21,35 15,20,28 12,19,33 19,26,40
119,31,24 86,35,38 39,33,54 26,42,69 26,49,87 40,70,110 43,80,131 48,90,149 55,100,167 54,104,172 63,108,175 59,102,172 56,100,163 51,96,154 41,78,125 22,27,37 25,32,46 29,36,50 29,36,48 32,39,53 29,36,48 22,22,30 16,15,18 15,14,17 19,16,20 26,34,22 32,45,22 34,46,26 34,46,26 37,51,32 41,56,44 41,56,40 41,53,33 41,54,31 43,53,27 43,56,31 41,53,33 47,60,35 66,81,46 81,87,46 49,56,81 37,47,65 22,20,32 15,13,25 13,12,27 21,13,21 27,33,54 20,42,74 39,39,67 21,37,62 14,26,48 16,34,62 26,53,92 27,53,90 27,53,90 46,42,64 70,30,47 98,46,67 95,44,62 20,27,41 15,23,30 15,20,28 15,20,28 12,19,33
100,37,42 58,31,45 30,37,62 19,41,73 30,58,94 43,74,119 46,86,136 49,91,150 56,101,168 55,98,166 57,102,169 56,102,166 55,101,165 52,93,148 32,62,102 23,29,46 20,27,41 26,32,49 29,36,50 34,41,55 28,32,45 27,31,44 22,23,28 13,14,17 15,14,17 16,17,22 23,29,16 33,45,27 37,51,32 40,53,37 40,55,39 37,59,47 40,60,46 44,63,54 55,71,50 72,89,65 81,105,67 74,92,49 81,93,46 64,89,58 34,62,98 12,9,15 33,41,59 15,12,27 15,11,31 13,12,27 22,42,70 32,55,91 23,36,64 16,34,62 13,25,49 13,32,63 30,66,107 35,71,116 39,68,113 31,42,71 86,42,62 93,42,55 104,46,61 23,32,55 17,22,30 15,20,28 15,20,28 12,19,33
67,38,48 30,38,58 23,41,69 25,44,75 29,60,95 40,80,126 49,88,141 54,96,155 56,101,168 55,103,169 60,105,174 56,102,166 54,100,162 47,88,143 31,58,97 20,39,60 18,23,31 25,31,48 30,37,51 32,35,53 24,29,39 34,38,51 23,26,33 22,21,26 18,17,20 13,12,15 14,15,20 27,36,19 37,49,29 38,56,39 42,60,43 43,62,40 45,61,42 41,57,36 45,61,40 66,83,57 84,97,54 85,87,41 86,111,55 54,80,67 43,73,111 11,14,25 29,39,57 13,16,34 13,12,27 22,20,40 29,46,79 26,49,87 14,26,48 15,27,49 14,26,48 15,31,58 19,45,89 44,82,140 37,74,123 26,56,94 87,43,61 87,37,45 115,49,64 31,39,57 12,19,31 14,19,29 14,18,31 12,19,33
30,35,61 25,41,66 30,47,78 28,54,91 37,69,109 39,81,129 47,88,141 54,100,162 51,97,161 50,94,157 56,99,167 62,105,173 56,100,163 47,86,141 26,54,88 24,42,70 15,16,21 19,22,33 25,31,48 34,40,59 23,30,42 24,31,43 29,34,42 25,28,39 13,14,19 15,14,17 13,15,15 20,24,26 20,30,22 33,46,23 41,54,31 43,56,31 45,60,36 41,54,29 45,61,40 62,75,50 72,84,39 70,104,45 80,121,73 41,58,60 49,79,119 17,30,56 34,36,50 23,33,53 15,11,31 13,15,31 23,39,66 24,45,82 16,26,46 16,26,46 17,29,51 16,33,64 16,34,70 29,59,97 31,61,101 36,76,134 73,41,66 100,43,55 129,55,71 32,25,37 16,19,28 17,22,30 16,18,32 12,19,33
30,39,62 25,43,69 25,47,77 29,56,95 39,72,118 44,81,130 51,91,141 50,93,161 48,92,155 49,94,152 57,103,167 61,105,170 54,96,153 39,76,123 23,49,82 21,39,67 14,15,18 21,24,35 26,30,45 24,30,47 25,31,48 22,29,43 26,33,47 26,33,47 23,26,37 23,23,35 13,13,21 14,18,20 26,35,48 44,57,83 25,37,28 39,49,41 36,50,31 38,51,28 35,50,26 53,59,32 75,101,51 71,111,59 81,119,81 24,44,58 54,85,128 42,68,105 28,31,38 29,41,63 24,27,45 12,14,30 27,43,79 19,42,76 16,30,53 19,31,55 22,38,67 21,39,75 20,38,66 24,47,83 31,59,109 9,26,57 55,31,51 111,52,65 136,56,69 51,28,39 15,20,28 17,22,30 14,18,31 12,19,33
30,46,73 22,46,77 27,50,84 38,69,112 41,78,127 48,87,140 53,93,153 54,97,165 53,98,165 56,104,170 54,99,159 54,98,163 54,94,152 30,66,111 25,49,80 27,44,75 13,15,15 21,21,29 20,24,37 27,34,48 27,30,48 23,30,44 25,32,46 23,30,44 18,23,31 38,42,57 40,42,58 23,25,39 20,20,20 38,46,53 57,86,131 50,83,129 28,56,88 47,77,115 56,78,82 71,106,85 72,108,91 78,119,91 58,84,59 42,62,86 55,91,132 67,112,179 11,15,17 31,37,56 38,50,74 16,13,28 23,42,75 28,55,94 12,34,64 14,34,62 19,38,69 19,38,69 16,40,71 30,51,86 16,32,59 30,53,91 34,38,67 106,46,62 138,64,80 60,35,47 15,20,28 15,20,28 15,20,30 12,19,33
27,50,84 28,56,90 37,62,102 45,81,126 40,80,130 55,95,157 55,101,165 55,100,167 57,102,169 62,107,178 56,101,168 58,105,164 45,86,139 30,57,98 25,48,84 23,42,73 11,16,15 16,16,24 15,20,28 18,24,41 17,25,41 24,33,46 26,35,48 25,35,41 32,35,44 16,20,24 15,18,29 15,15,23 15,15,25 31,31,41 24,23,28 36,48,70 60,103,157 64,104,154 36,68,106 48,80,120 44,76,116 48,83,106 60,91,134 51,85,124 51,88,135 58,104,166 3,15,23 34,41,55 38,50,72 9,17,33 25,41,79 29,52,86 15,33,61 18,39,74 20,42,74 23,41,77 20,43,77 26,47,84 32,61,106 27,56,99 24,58,95 94,49,72 121,58,77 62,34,51 19,26,38 17,22,30 14,18,33 12,19,33
32,55,93 34,65,100 41,77,118 39,76,123 50,90,148 53,94,158 57,102,162 58,106,174 55,103,173 58,106,174 60,105,172 56,101,161 41,73,113 26,49,85 26,50,81 23,42,75 14,15,18 18,19,24 23,26,37 22,24,40 25,34,45 26,35,46 23,31,38 13,19,22 34,39,47 23,24,29 27,25,35 23,23,33 17,22,30 31,38,52 12,17,16 12,15,22 15,22,34 37,50,78 72,102,142 54,95,148 56,99,151 36,77,130 59,95,140 35,73,115 64,109,169 55,107,172 26,47,82 32,40,49 40,41,62 28,37,62 15,18,36 31,61,101 10,16,37 12,15,33 10,16,33 13,16,34 10,18,34 12,22,42 15,41,74 14,35,72 36,73,122 40,75,125 60,63,99 89,41,55 20,26,43 16,23,37 13,17,32 21,23,39