18,19,22 41,41,49 39,43,56 37,35,43 30,29,32 30,29,34 92,61,40 111,65,37 147,87,33 27,25,21 22,22,22 27,26,29 31,29,30 36,25,18 163,99,53 168,99,43 58,42,38 50,40,41 68,56,44 97,71,59 35,29,34 43,36,36 34,32,33 26,21,23 25,23,24 25,23,24 16,9,9 26,26,26 27,26,29 29,28,31 29,28,31 42,46,61 37,33,46 24,25,30 18,16,14 17,25,32 34,38,42 51,50,55 49,42,42 38,43,53 49,45,54 56,45,52 83,56,22 30,24,29 28,26,27 12,12,9 19,19,19 21,21,29 27,32,38 33,38,48 35,39,52 34,36,50 34,39,47 34,35,38 35,35,43 35,38,45 46,44,52 44,42,43 71,50,23 80,60,51 27,27,27 35,45,61 39,43,56 39,46,60
24,22,20 24,21,25 38,39,44 31,30,33 30,29,32 34,33,38 102,63,35 111,65,37 161,88,29 27,25,26 27,27,27 26,25,28 31,29,30 84,54,37 176,100,44 174,107,55 89,59,42 79,53,39 58,42,36 60,46,46 34,27,37 37,20,12 32,27,24 27,22,24 26,24,25 20,18,19 16,9,9 18,8,7 11,10,13 14,19,18 34,32,44 42,46,61 35,35,45 64,68,83 38,36,44 36,36,46 42,41,56 25,23,24 66,55,48 41,46,56 47,43,52 57,45,50 88,59,28 17,9,15 19,14,16 20,20,20 23,23,23 22,23,26 29,34,40 32,37,47 36,39,50 34,36,50 30,30,30 34,33,36 35,38,45 34,37,44 47,45,55 40,33,33 56,47,43 105,76,54 37,27,28 38,47,60 36,43,55 38,42,57
23,21,22 23,21,22 23,21,19 26,23,27 29,28,31 31,30,33 101,55,29 111,69,31 150,86,40 29,29,29 29,29,29 30,29,32 25,22,26 144,89,48 173,103,45 111,72,42 96,62,42 97,66,45 91,60,37 97,72,53 26,24,22 26,21,23 27,25,23 24,22,23 25,23,24 18,16,17 16,9,9 16,9,9 16,9,9 23,23,23 65,71,90 43,48,58 47,49,63 35,40,48 28,22,29 26,23,27 29,28,31 26,20,15 76,65,60 40,45,55 52,51,56 60,48,53 84,54,26 20,18,19 23,23,23 22,22,22 24,23,26 24,23,26 28,31,38 32,35,44 35,38,47 26,25,30 34,35,40 33,36,43 36,37,42 41,45,49 42,36,43 73,49,23 46,45,60 99,72,56 99,66,39 37,44,58 38,42,55 38,42,55
23,21,22 27,25,26 24,22,23 26,25,30 30,29,32 28,23,25 94,54,29 110,64,27 134,94,60 29,29,29 26,25,28 30,29,32 24,22,20 156,93,44 182,105,45 169,139,152 98,64,44 103,69,49 90,56,36 59,43,39 25,23,24 24,22,23 29,24,23 24,22,23 25,23,24 17,15,16 15,10,9 15,23,41 40,45,55 37,37,45 31,31,39 26,25,28 26,23,27 28,25,29 26,23,27 34,31,35 38,39,42 19,12,12 50,43,43 41,44,53 58,50,56 59,49,50 62,42,22 29,22,25 24,22,23 22,22,22 23,23,23 24,23,26 28,31,38 35,38,47 27,26,29 32,35,42 32,33,38 36,36,44 41,41,51 38,39,44 74,49,19 41,39,49 44,47,56 93,70,59 122,78,48 38,42,55 35,40,50 33,37,50
25,22,26 28,25,29 20,18,19 29,28,31 31,32,35 23,18,20 107,63,33 115,69,32 93,71,53 27,27,27 32,30,28 33,33,33 45,26,14 157,94,43 161,95,40 107,86,101 113,77,57 106,72,50 97,60,36 29,28,31 26,21,23 24,22,23 23,21,19 24,22,23 25,23,24 13,11,12 15,10,7 36,39,46 22,22,30 25,24,27 27,24,28 29,28,31 25,26,31 34,35,40 15,10,9 18,13,10 27,20,20 17,10,10 41,38,44 43,46,55 67,57,61 55,43,45 28,18,17 29,20,16 29,19,20 25,20,22 22,22,22 23,22,25 36,37,40 29,30,33 36,36,44 31,30,35 33,36,43 39,42,51 35,32,38 66,42,18 41,43,59 40,43,54 42,45,56 87,65,57 108,75,48 35,39,54 38,42,57 36,40,53
31,30,33 30,29,32 29,28,31 24,25,28 30,29,32 22,12,16 99,59,34 101,57,29 69,49,42 32,31,34 34,35,38 37,36,39 106,64,26 171,101,50 163,98,34 74,60,65 121,87,69 105,69,51 112,67,44 25,25,25 26,21,23 23,21,22 23,18,15 24,22,23 26,24,25 11,9,10 16,9,9 17,15,16 27,26,29 27,27,35 41,45,49 40,44,59 36,41,51 35,39,54 16,9,12 54,49,48 15,8,6 16,9,9 31,31,39 47,51,64 58,55,61 37,35,36 26,19,19 28,18,17 29,20,16 26,19,19 26,20,25 33,32,35 32,29,33 35,38,47 32,33,38 35,36,41 37,40,49 38,36,44 46,34,24 49,40,36 38,43,51 43,45,59 46,50,65 73,57,53 95,64,43 33,38,48 35,39,52 36,40,53
27,28,31 28,29,32 34,34,34 26,25,28 25,24,29 23,16,16 94,54,31 102,61,32 43,36,39 31,31,31 35,36,41 32,37,43 156,96,46 165,100,45 94,49,16 56,39,29 184,106,58 196,116,48 124,75,37 21,22,25 26,21,23 24,22,23 23,21,19 40,35,37 25,23,24 15,10,12 15,10,9 18,8,12 13,11,12 23,22,25 43,50,62 43,50,64 35,40,50 29,34,44 21,16,15 27,20,18 16,9,9 19,12,12 45,42,46 48,51,60 35,36,41 23,22,25 24,18,13 32,21,16 28,19,11 26,20,15 27,21,26 27,26,31 37,40,49 32,33,36 37,38,43 39,44,52 36,35,40 54,40,26 40,35,34 35,39,43 36,39,50 41,45,58 42,46,59 53,47,54 30,27,33 32,32,42 40,32,38 60,42,23
32,32,40 31,32,35 30,31,34 26,25,30 29,30,33 25,15,16 99,60,30 108,64,34 37,37,45 29,28,31 38,39,44 32,32,40 152,98,48 154,96,45 68,48,39 69,39,24 182,114,55 178,112,57 40,17,2 23,23,23 24,24,24 24,22,23 23,21,22 24,17,20 26,24,25 12,10,11 13,13,13 13,13,13 13,11,12 33,32,37 47,54,66 48,55,69 39,42,51 22,25,34 35,33,34 15,10,12 32,31,34 32,31,34 38,28,29 53,37,24 87,59,32 56,34,14 37,22,11 32,21,14 33,20,13 35,22,15 27,26,29 34,32,40 37,35,43 37,37,47 52,50,58 43,37,42 66,42,18 34,37,46 31,39,48 28,33,39 35,38,47 38,42,55 28,26,27 40,27,24 42,27,16 43,28,19 52,35,25 45,29,14
32,35,42 28,32,36 29,31,31 30,27,31 27,27,27 31,25,18 98,59,31 115,70,35 36,44,51 36,37,42 37,38,41 55,30,13 161,98,49 163,99,53 61,42,28 98,55,36 175,106,52 113,63,30 23,21,17 23,22,25 25,23,24 23,21,22 24,22,23 25,20,19 26,24,25 17,17,14 14,16,13 14,16,16 14,16,13 37,40,47 48,55,67 51,58,72 35,40,48 21,22,27 24,22,20 24,21,25 33,32,37 33,32,37 34,31,35 37,25,25 42,26,13 71,53,34 63,47,30 35,18,8 31,20,15 32,22,21 33,32,35 34,35,40 39,39,49 52,50,58 38,31,31 53,42,27 30,30,42 34,34,42 29,23,28 34,23,18 34,21,18 47,31,25 48,33,24 48,33,22 40,25,14 41,26,15 48,29,13 43,28,19
46,41,43 51,45,50 59,49,53 59,46,39 76,61,50 79,58,45 84,62,44 106,79,61 61,49,54 44,38,45 35,32,36 122,72,28 146,90,41 149,94,42 56,42,28 137,84,39 177,108,54 125,76,38 22,17,16 22,23,26 25,23,24 23,21,22 23,21,22 24,24,21 23,21,22 19,17,15 17,17,14 17,17,14 16,16,13 42,47,57 42,46,59 51,58,72 32,37,43 46,51,57 19,16,20 40,43,52 37,41,45 41,41,49 37,37,45 37,36,39 31,29,30 26,19,19 65,46,30 63,47,34 40,24,18 30,23,26 37,34,40 52,49,55 57,46,53 45,32,25 45,30,19 36,25,22 31,22,18 37,25,27 39,26,21 39,26,19 32,19,14 38,25,18 34,21,14 36,21,10 42,25,15 44,29,18 45,30,19 42,27,16
41,30,27 39,28,21 47,32,23 49,33,18 58,42,27 68,47,24 83,52,31 92,51,31 109,68,48 131,83,58 152,96,70 152,104,88 141,88,47 72,38,16 65,46,30 155,88,45 151,93,42 88,38,7 23,21,17 23,22,25 24,22,23 24,22,23 25,23,24 25,23,24 26,24,22 30,25,24 20,18,19 18,16,14 18,16,17 43,47,60 36,41,51 42,46,59 33,33,33 34,33,38 20,18,16 63,72,95 27,30,39 36,36,44 38,37,40 36,35,38 33,32,35 36,36,36 38,27,20 65,46,32 120,73,23 85,55,29 57,44,37 54,44,43 61,42,17 37,22,11 32,22,21 29,20,16 33,20,17 34,21,18 37,21,19 34,21,16 35,23,13 44,29,18 40,28,16 38,23,14 41,27,13 40,25,14 46,30,17 44,28,11
30,22,28 40,33,36 45,33,35 38,29,23 39,27,27 46,33,30 53,34,22 62,47,27 99,62,36 94,59,32 125,78,46 102,61,30 121,71,40 138,91,59 133,88,65 165,105,62 118,74,34 24,14,15 24,22,23 25,22,26 25,23,24 24,22,23 24,22,23 25,23,24 25,23,24 28,21,21 20,18,16 20,18,16 20,18,19 41,45,58 36,41,49 42,47,57 54,62,71 33,28,25 46,49,67 41,34,32 25,27,41 28,31,42 36,37,42 35,36,41 37,38,41 41,40,45 34,32,33 67,46,21 75,47,18 114,65,27 85,53,23 42,25,15 29,19,18 30,20,21 31,20,17 33,20,17 33,20,17 34,21,14 33,20,15 34,18,16 36,23,18 38,25,18 42,26,20 45,30,21 49,32,22 35,22,17 45,30,19 49,33,16
28,25,29 26,23,27 28,25,31 27,24,28 23,20,24 23,21,22 26,23,27 28,25,29 32,27,29 37,30,33 50,39,32 78,53,36 90,59,38 115,71,43 139,86,43 146,95,56 122,76,48 29,22,25 24,22,20 24,21,25 24,22,23 24,22,23 24,22,23 25,22,26 25,23,24 22,22,22 26,21,23 21,19,20 36,37,42 40,48,57 36,36,44 41,37,46 48,47,50 54,61,75 52,57,81 52,55,73 58,76,100 44,50,67 39,39,47 41,40,43 35,35,43 34,37,44 37,36,39 44,29,20 67,43,21 124,76,22 40,20,11 30,21,17 33,23,22 31,19,19 30,21,17 28,18,17 29,20,16 29,20,16 31,22,18 33,22,19 39,26,21 45,30,21 41,25,23 44,29,18 42,30,20 28,22,17 46,29,21 47,32,21
24,21,25 27,26,29 30,29,32 26,25,28 27,25,23 27,20,23 27,24,28 31,28,32 36,30,35 33,26,26 34,22,27 26,23,27 30,24,29 27,25,26 47,36,29 109,72,48 124,77,45 146,91,50 24,22,23 25,22,26 24,22,23 23,21,22 24,22,23 26,24,25 26,24,25 23,20,24 29,27,35 27,25,26 59,59,59 27,26,29 29,28,33 60,63,74 54,61,75 52,59,73 57,67,87 50,57,71 46,49,58 50,41,37 55,42,37 52,37,28 32,32,40 35,27,33 61,48,43 50,41,35 79,43,21 124,78,23 24,17,17 30,20,21 29,19,20 29,19,18 29,20,16 30,21,17 32,23,19 31,20,17 31,22,18 33,22,19 38,25,20 41,29,17 45,30,21 48,31,21 49,33,27 23,18,20 50,34,21 56,40,25
27,26,29 25,24,27 35,30,32 38,31,31 56,42,28 70,44,32 82,51,32 81,52,30 80,55,38 64,45,31 28,21,24 27,22,21 24,22,23 31,28,32 30,27,31 28,25,29 92,54,33 122,68,48 25,23,24 24,21,25 23,23,23 24,22,23 25,23,24 26,25,28 50,49,54 26,25,28 27,24,28 26,23,27 26,24,22 28,21,19 32,27,29 57,61,74 54,58,73 47,54,68 44,51,65 46,44,52 76,55,42 86,57,33 109,65,35 68,47,32 66,64,76 28,13,4 138,118,111 84,54,28 115,66,17 56,22,0 27,22,21 30,23,23 29,22,22 30,20,21 30,21,17 31,22,18 36,23,20 38,22,20 36,23,18 36,23,20 39,26,21 48,33,24 55,38,28 72,52,43 37,30,28 34,28,33 39,29,30 33,28,27
25,26,29 30,31,34 35,33,34 45,34,31 57,42,22 63,43,25 86,57,35 78,48,22 89,56,31 90,56,34 95,55,30 37,27,28 29,22,25 31,23,29 34,26,32 30,22,28 64,45,31 24,13,8 24,24,24 26,24,25 24,22,23 21,19,20 25,23,24 28,26,27 27,24,28 25,22,26 17,15,16 20,18,16 20,18,19 21,19,20 47,46,51 56,66,84 53,60,74 42,47,57 51,45,50 84,57,39 105,64,37 114,69,34 134,83,28 102,68,38 48,47,64 74,75,94 160,122,101 106,62,24 125,73,11 31,21,22 28,21,21 28,21,21 29,22,22 29,22,25 32,22,23 32,22,23 37,26,23 36,27,23 38,27,24 45,34,31 42,32,33 39,28,35 34,27,30 37,29,35 36,28,34 30,28,29 31,28,32 29,28,33
25,24,27 35,35,43 38,37,40 54,40,42 67,45,27 60,42,23 76,47,23 84,51,24 86,51,26 102,62,37 96,60,31 34,28,33 30,27,31 32,26,31 41,35,40 36,27,21 25,20,19 16,16,13 25,25,25 26,24,25 24,22,23 26,24,25 17,17,14 18,16,14 18,16,14 18,16,17 20,18,19 19,17,18 21,19,20 22,16,21 57,69,91 91,87,98 159,113,74 142,93,44 101,62,32 109,65,37 109,67,29 134,82,32 132,80,30 117,71,30 139,95,57 69,46,33 101,64,38 152,94,28 111,76,40 32,23,19 30,23,26 30,23,26 31,24,27 35,28,28 40,30,31 40,34,39 35,29,36 30,27,31 27,24,28 29,23,28 27,24,28 30,27,33 35,32,36 37,31,36 35,29,34 33,31,32 36,30,35 31,31,31
19,17,18 23,21,22 40,29,22 52,36,23 63,44,19 69,44,25 81,52,28 73,54,42 79,50,30 95,56,28 89,51,32 26,25,28 26,23,27 28,26,27 23,21,22 23,21,22 23,21,19 18,16,14 26,24,25 25,25,25 17,15,13 17,17,14 20,18,16 20,18,16 21,19,20 21,19,20 18,16,17 19,17,18 22,16,21 59,67,87 60,66,83 90,83,93 121,99,81 145,99,62 168,110,57 137,83,33 127,75,27 140,88,28 130,81,30 111,71,35 134,88,47 155,100,44 157,99,35 121,69,21 55,37,34 45,35,39 33,29,38 28,28,36 31,30,35 30,29,34 27,28,33 30,27,33 27,25,23 28,22,27 29,23,28 30,27,31 29,23,28 28,26,27 25,23,24 24,24,24 23,23,23 24,23,26 21,22,25 24,23,26
20,17,21 23,20,24 23,21,22 31,36,44 51,44,47 72,55,47 79,57,39 86,61,44 28,22,29 54,42,32 42,26,11 25,23,24 25,23,24 25,23,24 21,19,20 23,21,22 20,20,17 17,17,14 26,24,25 26,26,26 18,16,14 20,18,16 20,18,19 18,16,17 19,17,18 20,18,19 20,18,19 21,19,20 57,63,82 46,48,62 62,68,87 74,73,88 106,83,72 145,98,64 205,131,54 221,138,48 148,92,25 142,88,27 136,87,36 132,83,32 114,77,51 110,69,42 127,79,32 115,70,26 32,30,40 26,25,30 27,24,30 33,29,38 31,30,35 32,31,36 30,29,34 30,27,33 30,27,31 23,23,23 23,20,24 24,22,23 36,39,46 26,25,28 26,25,28 26,26,26 25,25,25 26,25,28 27,26,29 26,25,28
26,23,27 28,25,29 24,22,23 34,39,47 64,52,57 84,63,52 81,57,35 118,75,58 24,25,28 24,24,24 27,20,20 25,23,24 25,23,24 19,17,18 24,22,23 25,23,24 20,18,16 18,16,14 26,24,25 25,25,25 20,18,16 19,17,15 19,17,15 21,19,17 21,19,20 20,18,16 20,18,19 34,34,44 53,52,67 47,49,63 60,64,79 72,71,88 105,84,73 151,105,64 231,146,50 225,137,32 169,105,36 151,95,28 144,93,28 134,85,34 124,81,46 127,81,40 131,84,34 128,75,18 32,30,40 31,27,36 29,29,37 25,22,26 22,17,19 28,21,24 29,19,20 55,48,60 20,18,19 24,22,23 24,21,25 25,23,24 24,22,23 29,32,39 26,30,34 29,29,29 27,27,27 26,25,28 27,26,29 29,28,31
26,23,27 26,23,27 25,24,27 33,38,48 66,49,52 88,67,54 88,62,39 120,80,55 30,27,31 27,24,28 32,26,31 29,27,35 25,22,26 27,25,26 25,23,24 25,23,24 21,19,17 18,16,14 25,23,24 24,22,23 20,18,16 21,19,17 20,18,19 21,19,20 21,19,20 20,18,16 25,20,22 49,52,70 41,41,51 44,47,58 59,62,82 70,66,79 109,78,59 163,108,54 222,135,38 112,59,14 229,144,50 158,94,30 154,94,24 133,85,38 129,86,41 139,91,35 149,96,30 139,92,42 25,22,26 25,20,22 21,19,20 22,17,19 23,16,16 28,18,19 31,19,19 35,25,24 35,29,34 23,21,22 24,21,25 25,23,24 26,21,23 25,23,24 25,26,29 27,28,31 25,26,29 27,26,29 28,29,32 29,28,31
31,28,32 26,23,27 29,28,31 35,34,49 68,52,48 95,69,59 85,59,38 120,78,54 31,24,27 28,25,29 28,25,29 27,26,31 24,23,26 30,27,31 28,25,29 27,25,26 19,17,15 17,15,13 24,22,23 25,23,24 20,18,19 23,21,22 23,21,22 24,22,23 24,22,23 28,26,27 53,59,76 41,44,55 39,39,49 45,45,57 56,55,70 73,59,64 108,69,37 141,88,35 169,101,29 96,55,26 239,151,46 183,110,28 146,95,30 139,91,35 142,92,32 146,97,30 162,101,22 60,41,29 23,20,26 25,23,21 22,17,19 20,17,21 23,16,16 29,19,20 28,18,19 30,21,15 57,45,47 32,29,33 31,28,32 26,25,28 36,35,38 40,40,40 30,29,32 29,28,31 27,28,31 29,28,31 27,26,29 27,28,31
31,28,32 28,25,29 32,31,36 39,39,51 74,56,51 95,70,53 86,57,33 112,72,47 16,17,20 17,14,18 20,18,19 25,23,24 27,24,28 28,25,29 23,21,22 19,17,18 18,18,15 16,16,13 24,22,23 25,23,24 28,26,27 30,27,31 30,27,31 29,28,31 26,25,28 24,25,28 46,48,62 39,39,47 42,38,49 47,45,53 53,47,54 71,51,42 105,61,31 115,55,3 92,51,24 228,141,48 223,137,37 166,96,18 142,93,28 143,92,23 158,101,30 159,96,27 169,103,21 25,23,24 26,24,25 28,23,25 25,23,24 19,19,19 23,18,17 23,18,17 34,22,22 29,20,16 41,23,22 62,48,50 28,25,29 29,28,33 31,30,33 24,23,28 25,23,24 37,36,39 28,29,32 29,28,31 29,28,31 25,26,29
30,27,31 30,27,31 34,35,40 42,44,58 80,64,51 95,68,50 97,66,43 113,72,43 22,22,22 23,21,22 23,21,22 16,14,15 19,17,15 19,17,15 20,18,16 20,18,16 17,17,14 17,17,14 24,22,23 25,23,24 25,23,24 23,21,22 25,23,24 26,26,26 27,25,26 37,37,45 37,40,51 38,39,44 40,39,44 39,38,41 47,39,45 69,48,37 110,64,27 193,118,46 202,123,32 196,116,32 226,141,43 165,98,21 137,86,19 144,91,25 151,95,21 157,94,18 143,83,13 23,25,25 24,23,26 26,25,30 26,24,25 19,17,18 21,19,20 29,24,26 52,37,26 28,22,17 31,19,19 40,28,18 57,47,51 20,19,22 23,20,24 23,21,22 23,20,24 24,21,25 29,30,35 28,29,32 25,26,29 28,28,36
19,17,18 28,26,27 34,37,44 47,45,57 83,62,51 107,78,56 105,69,47 120,75,42 23,22,27 24,22,23 27,25,26 18,16,14 19,17,15 20,18,16 20,18,16 19,17,15 20,18,16 17,17,14 24,22,23 24,24,24 25,23,24 25,23,24 24,22,23 25,23,24 25,23,24 44,40,49 37,37,45 38,38,46 37,37,45 40,37,43 43,35,41 71,52,40 114,69,34 139,86,31 173,104,39 202,119,32 207,126,29 176,103,26 156,93,24 145,92,24 153,91,17 150,91,18 28,23,25 24,24,24 24,24,24 24,24,24 24,24,24 24,24,24 21,19,17 26,19,19 24,17,17 32,20,20 29,20,16 38,25,20 67,50,42 26,21,23 21,19,20 21,19,20 23,21,22 23,23,23 24,23,28 25,28,35 29,30,35 27,28,31
23,21,22 23,21,22 34,37,48 48,45,51 84,60,52 111,77,55 114,73,46 122,75,41 26,23,27 28,25,29 28,25,29 18,16,12 19,17,15 20,18,16 20,18,19 20,18,19 20,18,16 20,18,16 24,22,23 23,23,23 25,23,24 24,24,24 25,23,24 25,23,24 24,22,23 35,32,36 39,37,45 37,37,45 40,39,44 43,35,41 62,45,35 84,52,36 125,75,33 154,97,39 186,111,41 204,122,32 199,124,36 175,105,29 165,97,23 134,83,14 131,81,9 34,23,18 25,22,26 27,26,29 27,26,29 24,24,24 23,23,23 24,24,24 25,20,19 21,14,14 28,18,19 29,19,20 30,20,19 35,22,19 41,26,15 68,55,52 23,22,27 25,20,22 24,23,26 23,20,24 23,20,24 30,29,34 25,26,29 25,26,29
25,23,24 25,23,24 32,35,46 42,36,41 81,58,45 114,78,56 121,75,45 122,75,43 25,22,26 25,22,26 32,37,43 18,16,14 18,16,14 19,17,18 19,17,18 20,18,16 20,18,19 25,23,24 27,25,26 25,23,24 25,23,24 24,24,24 25,23,24 25,23,24 24,22,23 30,28,29 38,36,44 39,38,43 40,37,41 46,34,34 71,49,29 95,58,32 123,75,30 151,94,34 168,102,31 160,99,34 140,79,14 154,95,20 117,71,14 118,71,10 28,24,33 24,23,28 26,26,26 27,26,31 25,24,27 25,25,25 23,23,23 24,24,24 24,24,24 27,20,23 30,20,21 26,17,13 29,20,16 40,27,24 38,25,18 48,31,23 70,60,64 30,28,36 30,28,36 31,27,36 24,23,28 24,22,23 35,35,43 27,26,29
24,24,24 24,24,24 32,35,44 49,39,43 85,58,40 94,58,36 123,77,47 103,72,51 25,22,26 25,22,26 34,33,38 17,17,12 18,16,14 20,18,16 19,17,15 20,18,16 20,18,16 25,23,21 27,25,26 25,23,24 24,22,23 25,23,24 25,23,24 25,23,24 23,21,22 27,24,28 60,68,84 30,27,33 42,36,41 61,46,37 82,51,28 97,57,23 114,66,23 122,70,22 129,70,13 159,91,21 132,81,16 111,67,16 111,64,14 131,79,19 24,24,24 26,25,28 24,23,26 25,23,24 25,24,27 24,24,24 24,24,24 25,25,25 23,23,23 24,24,24 28,18,17 30,20,19 29,20,16 31,21,20 32,21,14 41,26,15 59,43,30 41,30,25 23,21,22 21,19,20 23,21,22 23,21,22 28,23,25 33,32,35
23,23,23 24,24,24 34,34,42 47,41,36 86,62,40 66,41,24 122,74,45 61,41,34 25,22,26 24,21,25 24,21,25 17,17,12 19,17,15 19,17,15 18,16,14 20,18,16 20,18,19 24,22,20 25,23,24 25,23,24 26,24,25 25,23,24 25,23,24 25,23,24 24,22,23 31,28,34 30,32,46 48,52,67 62,60,72 37,25,30 70,41,21 90,51,21 95,53,15 101,55,14 164,96,22 122,69,5 129,82,21 131,82,13 137,82,12 144,84,14 26,24,25 24,23,26 24,24,24 24,24,24 25,25,25 24,24,24 23,23,20 24,24,24 25,24,27 24,24,24 28,23,22 21,14,14 23,16,14 44,38,43 36,22,8 40,25,14 51,34,24 77,55,49 23,21,19 23,21,22 21,19,20 23,21,22 24,22,23 31,28,32
24,23,26 24,23,26 30,33,40 62,45,37 84,58,33 59,40,17 120,70,37 37,29,35 25,22,26 25,22,26 27,24,28 25,22,26 18,16,14 18,16,14 18,16,14 20,18,16 19,17,18 24,22,23 26,24,25 25,22,26 27,24,28 25,23,24 26,24,25 24,22,23 25,23,24 28,25,31 46,46,58 38,36,46 54,58,62 163,105,41 163,96,19 77,50,34 113,64,15 171,108,34 118,74,23 154,92,16 177,105,21 168,103,23 158,92,17 142,81,16 26,25,28 24,23,26 26,25,28 24,24,24 24,24,24 24,23,26 25,25,25 24,24,24 24,24,24 25,25,25 25,25,25 22,16,21 19,17,18 41,29,29 44,27,19 45,30,21 49,33,20 52,36,23 79,60,48 26,21,23 21,19,20 23,21,22 23,21,22 27,22,24
23,22,25 26,25,28 35,32,36 66,49,39 84,53,34 73,43,26 118,71,39 34,30,39 26,23,27 26,24,25 24,21,25 24,21,25 26,23,27 18,16,14 19,17,15 19,17,15 18,16,17 25,23,24 27,25,26 26,24,25 26,23,27 25,24,27 26,23,27 24,22,23 23,21,22 24,22,23 55,54,71 70,47,36 54,30,22 78,42,24 88,48,23 103,58,12 159,101,37 44,27,17 102,63,24 146,92,31 184,112,32 189,116,36 164,98,25 153,91,19 25,25,25 24,24,24 24,24,24 24,24,24 24,24,21 24,24,24 24,24,24 24,23,26 23,23,23 26,26,26 24,23,26 22,21,24 24,14,18 32,22,21 32,21,18 37,21,15 41,26,15 49,34,25 65,46,32 55,38,28 57,55,65 55,65,85 54,61,75 53,52,57
25,25,25 27,27,27 34,31,35 76,53,40 85,54,33 80,49,28 124,77,45 28,26,27 31,28,32 25,22,26 24,22,23 25,23,24 24,21,25 25,23,24 20,18,19 20,18,16 19,17,15 26,24,25 27,25,26 27,25,26 26,24,25 26,24,25 26,24,25 25,23,24 25,23,24 25,22,26 36,35,40 51,39,39 62,41,28 81,42,14 121,73,19 149,103,44 28,21,24 23,18,20 72,51,36 141,90,35 166,102,38 202,125,49 183,109,37 158,92,19 24,25,28 24,24,24 25,25,25 25,25,25 24,24,24 24,24,24 24,24,24 25,24,27 26,25,28 25,24,27 25,25,22 24,24,24 31,22,18 29,19,18 37,21,17 39,26,21 44,29,18 49,34,23 52,36,19 77,56,45 28,25,31 32,26,31 38,28,27 40,30,31
25,24,27 32,31,34 37,31,36 80,59,44 82,53,31 88,58,32 123,78,43 28,22,27 30,27,31 28,26,27 25,23,24 25,23,24 25,22,26 25,22,28 20,18,16 20,18,19 19,17,15 28,26,27 25,23,24 25,23,24 26,26,26 27,25,26 26,24,25 26,24,25 25,23,24 25,24,27 29,30,35 41,35,42 83,54,23 129,78,25 106,69,27 32,31,36 25,22,26 33,30,34 60,49,44 119,80,48 175,114,53 202,129,54 195,119,38 165,99,28 30,25,24 26,24,25 24,25,28 25,25,22 23,23,23 24,24,24 25,25,25 24,24,24 24,24,24 26,26,26 26,25,28 25,24,27 27,25,26 32,23,19 32,21,16 35,22,15 41,26,15 51,34,24 50,34,19 60,41,27 29,22,20 21,19,20 23,21,22 24,22,23
25,24,27 34,35,38 37,36,41 82,61,50 84,57,39 91,62,38 119,76,43 25,25,25 26,23,27 28,25,29 27,25,26 26,24,25 25,22,26 26,23,27 20,18,19 20,18,19 18,16,17 27,25,26 25,23,24 26,24,25 26,26,26 26,26,26 24,22,23 24,24,24 24,23,26 25,24,27 26,23,27 50,43,46 78,63,52 54,44,43 47,50,57 34,36,36 27,26,29 34,35,40 46,46,56 108,82,59 163,107,44 195,124,53 217,138,47 170,102,28 111,74,34 37,27,17 23,25,25 24,24,24 25,25,25 24,24,24 23,23,23 24,24,24 24,24,24 24,24,24 25,25,25 26,25,30 26,25,28 24,22,23 33,24,20 39,26,23 44,29,18 52,36,23 47,33,19 50,34,17 83,65,60 25,20,22 20,18,19 26,21,23
27,26,29 34,35,38 48,46,54 82,62,53 79,58,43 97,66,47 120,76,46 25,24,29 27,26,29 28,25,29 28,25,29 27,25,26 26,23,27 25,23,24 20,18,19 20,18,19 20,18,19 27,25,26 25,23,24 26,24,25 25,23,24 26,26,26 24,22,23 25,23,24 25,24,27 25,24,27 24,23,26 51,54,63 47,45,53 38,36,37 43,48,54 34,35,38 32,33,38 39,39,47 46,51,61 71,59,59 148,98,52 190,124,53 224,142,43 196,124,44 154,90,26 106,64,26 106,67,26 28,20,26 22,24,24 24,24,24 23,23,23 24,24,24 24,24,24 26,25,28 24,24,24 26,25,28 26,25,28 24,23,26 31,21,20 35,22,19 43,31,19 36,24,12 34,19,8 50,34,19 53,34,20 81,61,54 23,21,22 23,21,19
29,28,31 36,37,42 52,51,56 80,63,55 84,63,50 94,70,48 118,74,46 25,24,27 25,24,27 25,22,26 27,25,26 28,25,29 26,24,25 26,26,26 20,18,19 20,18,19 26,21,23 28,23,25 25,23,24 27,25,26 26,26,26 27,25,26 25,23,24 25,23,24 24,23,26 25,24,27 48,48,56 46,53,65 37,40,47 34,35,38 38,39,44 36,37,40 33,39,42 36,41,47 46,50,63 61,54,66 123,84,54 181,118,51 224,144,40 195,120,30 162,94,20 112,67,19 102,60,22 105,65,29 54,34,25 21,23,23 24,24,24 25,25,25 24,24,24 24,24,24 26,26,26 26,26,26 25,24,27 24,23,26 25,25,25 32,23,19 33,21,21 42,32,36 75,54,29 49,33,20 53,37,20 63,42,27 36,27,23 23,21,22