14,23,46 14,23,46 14,23,46 14,23,46 14,23,46 14,23,46 14,23,46 14,23,46 16,23,46 14,23,46 14,23,46 14,23,46 16,23,46 17,23,44 17,22,46 14,23,46 14,23,46 14,23,46 14,23,46 16,25,48 18,30,52 20,32,54 14,23,46 15,24,47 16,25,48 16,25,48 19,25,46 17,24,47 19,31,53 20,32,54 19,28,51 17,26,49 18,25,48 12,9,15 12,20,27 18,21,28 20,25,31 22,34,58 28,45,67 26,40,63 28,40,62 31,43,65 29,41,63 31,43,65 29,41,63 27,41,62 29,40,53 30,39,52 28,39,50 23,34,47 33,42,55 27,35,44 14,19,27 10,18,23 11,16,22 28,37,50 26,35,46 8,12,16 11,11,11 11,10,13 11,10,13 11,10,13 11,10,13 11,10,13
14,23,46 14,23,46 14,23,46 14,23,46 14,23,46 14,23,46 14,23,46 14,23,46 12,24,46 14,23,46 14,23,46 14,23,46 14,23,48 14,23,46 14,23,46 14,23,46 14,23,46 14,23,46 14,23,46 14,23,46 15,24,47 15,24,47 17,24,47 21,30,53 19,25,46 18,24,45 17,24,47 15,24,47 16,25,48 16,25,48 19,28,51 22,31,54 22,34,56 26,35,58 11,11,11 14,19,27 18,23,29 15,20,30 26,43,65 30,48,74 33,46,72 34,46,68 29,41,63 27,39,61 26,38,60 30,40,56 31,38,52 34,44,62 34,47,64 26,39,54 6,11,17 9,11,11 11,10,13 15,16,21 23,23,31 25,34,45 12,15,22 17,15,23 13,12,15 15,14,17 15,14,17 13,13,13 11,11,11 11,11,11
18,24,45 16,24,44 14,23,46 14,23,46 14,23,46 14,23,46 14,23,46 14,23,46 14,23,46 14,23,46 14,23,46 16,23,46 14,23,46 14,23,46 14,23,46 14,23,46 16,25,48 15,24,47 18,25,48 15,24,47 16,25,48 16,25,48 16,25,48 17,24,47 16,25,50 18,24,45 16,25,48 18,24,45 17,25,45 18,24,45 18,25,48 18,25,48 15,27,49 18,30,52 26,36,56 11,10,15 11,15,19 15,20,26 20,25,35 31,47,72 34,46,68 33,45,67 26,40,61 17,24,38 26,36,54 26,34,43 27,37,53 26,33,45 28,38,54 26,36,52 30,37,49 36,45,58 33,40,52 29,36,48 22,27,37 24,29,39 11,16,22 11,14,21 12,11,16 11,11,11 11,10,13 11,10,13 11,10,13 11,10,13
14,23,46 14,23,46 16,23,46 14,23,46 14,23,46 14,23,46 14,23,46 14,23,46 14,23,46 14,23,46 16,24,44 18,24,45 17,24,47 16,25,48 16,25,48 16,25,48 16,25,48 16,25,48 19,25,46 15,24,47 16,25,48 16,25,48 17,25,45 18,24,45 18,26,46 20,26,47 19,25,46 17,25,45 20,32,54 17,27,47 16,25,48 21,23,48 20,26,47 19,27,47 17,29,51 22,30,48 10,9,12 11,11,19 12,18,21 30,37,51 31,43,65 31,43,65 28,41,60 17,22,30 29,37,42 32,40,56 26,34,41 27,34,48 26,37,50 23,31,47 34,41,55 26,34,43 27,34,46 25,28,37 21,24,33 22,27,35 10,15,21 10,15,21 12,11,14 11,11,11 11,10,13 11,10,13 11,10,13 11,10,13
15,23,43 16,24,44 15,24,47 15,24,47 16,25,48 16,25,48 16,25,48 16,25,48 16,25,48 16,25,48 16,25,48 16,25,48 15,24,47 16,25,48 16,25,48 16,25,48 19,24,48 19,24,48 19,25,46 21,24,44 16,25,48 18,25,48 17,24,47 18,24,45 17,26,49 20,32,54 21,33,55 17,26,51 17,27,47 19,27,47 17,27,47 23,32,57 17,31,52 19,28,51 20,29,52 21,30,53 22,32,50 9,10,13 9,11,11 13,16,23 31,41,57 29,41,63 28,42,65 32,36,49 31,39,48 26,34,41 31,35,48 32,39,53 32,40,60 29,39,55 26,40,52 26,31,39 35,20,11 21,31,37 20,23,32 25,30,38 11,16,22 11,11,19 12,11,14 11,10,13 11,10,13 11,10,13 11,10,13 11,10,13
18,24,45 18,24,45 16,25,48 16,25,48 16,25,48 16,25,48 16,25,48 16,25,48 18,25,48 18,25,48 15,24,47 15,24,47 16,25,48 16,25,48 19,25,46 18,26,46 21,24,46 18,24,45 19,25,46 18,24,45 18,25,48 18,24,45 17,24,47 16,25,48 18,25,48 15,24,47 17,26,49 19,28,51 20,29,52 17,26,49 19,28,51 21,30,53 20,29,52 20,29,52 22,31,54 20,32,54 22,34,56 29,35,54 11,10,15 9,10,15 12,11,14 50,58,67 29,34,42 31,40,53 31,36,46 27,35,42 27,35,42 26,37,48 28,39,52 31,42,55 22,27,35 40,25,16 46,28,9 25,32,44 20,23,30 22,30,37 11,14,21 10,15,21 11,12,15 11,10,13 11,10,13 11,10,13 11,10,13 11,11,11
16,25,48 16,25,48 16,25,48 16,25,48 16,25,48 16,25,48 15,24,47 18,26,46 18,24,45 41,47,68 19,25,46 18,23,47 16,25,48 16,25,48 19,25,46 18,26,46 19,24,48 18,26,46 19,25,46 19,25,46 16,30,51 18,25,48 20,26,47 19,26,49 16,25,48 16,25,48 17,26,49 17,26,49 18,25,48 16,25,48 16,25,48 16,25,48 18,25,48 16,25,48 17,26,49 17,26,49 17,29,51 19,31,53 24,32,52 12,11,14 11,12,17 24,24,34 23,26,35 29,37,44 26,33,45 27,35,44 20,25,31 19,29,45 26,39,54 24,24,32 44,25,11 46,27,11 47,28,14 25,33,42 20,23,30 21,26,34 10,15,21 11,14,21 10,11,16 12,11,14 13,13,13 12,11,14 11,10,13 10,9,12
19,25,46 16,25,48 16,25,48 16,25,48 16,25,48 16,25,48 16,25,48 16,25,48 18,26,46 15,24,47 15,24,47 18,23,47 31,36,60 18,24,45 18,24,45 19,25,46 18,23,47 18,23,47 18,24,45 17,25,45 16,25,48 17,26,49 21,28,51 16,25,48 19,24,48 18,25,48 16,25,48 16,25,48 16,25,48 16,25,48 16,25,48 17,26,49 17,26,49 17,26,49 17,26,49 17,29,51 17,29,51 17,29,51 17,29,51 25,25,33 9,10,15 27,32,40 30,40,58 26,37,50 29,40,53 28,40,48 29,38,49 29,36,48 40,27,22 42,27,16 43,27,14 49,29,11 56,34,16 24,32,39 19,22,29 22,27,37 14,20,23 12,15,22 11,11,19 11,11,19 12,11,14 12,11,14 12,11,16 12,11,14
19,25,46 17,25,45 19,25,46 16,25,48 18,23,47 18,24,45 18,24,45 17,24,47 15,24,47 17,24,47 15,24,47 15,24,47 15,24,47 15,24,47 18,26,46 16,25,48 16,25,48 16,25,48 16,25,48 15,24,47 15,24,47 16,25,48 69,81,45 74,94,97 85,107,119 69,97,93 28,39,38 14,26,48 17,29,51 17,29,51 15,27,49 14,26,48 16,25,48 18,25,48 17,26,49 17,26,49 15,27,49 17,29,51 15,27,51 17,22,30 48,50,64 25,30,38 29,38,51 31,40,53 23,32,45 27,35,42 25,22,26 40,25,16 39,27,15 44,27,17 52,31,16 54,32,14 53,31,13 19,29,37 20,24,28 26,33,45 14,18,22 10,15,21 9,12,19 13,13,21 13,13,21 11,11,19 12,11,16 10,11,16
15,24,47 15,24,47 15,24,47 14,23,46 15,24,47 15,24,47 15,24,47 15,24,47 15,24,47 15,24,47 15,24,47 16,25,48 16,25,48 16,25,48 16,25,48 16,25,48 16,25,48 18,26,46 14,26,48 13,25,47 61,75,43 65,78,26 62,70,47 61,73,69 58,64,51 56,55,30 56,60,22 58,69,27 16,25,48 14,26,48 15,27,49 15,27,49 14,26,48 14,26,48 16,25,48 16,25,48 16,25,48 14,26,48 25,32,44 13,13,21 13,16,23 9,13,17 26,34,50 23,31,36 26,31,41 27,20,23 33,21,21 34,21,14 40,25,14 46,30,17 46,27,13 51,29,11 51,28,13 24,32,41 21,21,29 23,30,42 14,17,24 11,16,24 11,14,21 10,15,21 11,14,21 8,13,19 10,10,18 13,13,21
15,24,47 15,24,47 15,24,47 15,24,47 15,24,47 15,24,47 19,28,51 16,25,48 16,25,48 16,25,48 16,25,48 16,25,48 16,25,48 16,25,48 16,25,48 23,33,53 22,24,51 14,26,48 15,27,49 24,41,31 70,88,43 69,79,46 55,58,46 44,40,23 48,40,18 49,40,13 49,40,11 49,44,16 53,62,62 16,25,48 16,25,50 16,25,48 16,25,48 16,25,48 16,25,48 16,25,48 16,25,48 16,25,48 24,32,41 11,11,21 12,11,14 12,11,14 26,28,42 25,33,42 18,15,21 28,17,24 26,19,19 34,21,18 36,21,12 37,22,11 43,26,16 46,27,11 43,24,8 26,31,41 19,22,31 21,30,41 14,19,25 12,17,23 10,15,21 10,15,21 13,13,21 10,15,21 13,13,21 13,13,21
15,24,47 15,24,47 16,25,48 17,26,49 16,25,48 16,25,48 16,25,48 16,25,48 16,25,48 16,25,48 16,25,48 16,25,48 16,25,48 16,25,48 16,25,48 16,25,48 16,25,48 17,26,49 84,95,80 75,87,38 55,60,17 75,86,55 82,100,97 79,96,86 50,40,16 52,43,16 55,43,13 55,41,14 47,40,13 19,27,45 16,25,48 16,25,48 16,25,48 16,25,48 16,25,48 16,25,48 16,25,48 16,25,48 25,33,40 14,14,22 11,12,15 13,14,19 25,28,39 13,16,23 13,14,17 16,15,18 24,17,20 25,15,14 26,17,13 32,21,18 35,22,19 36,20,14 38,25,18 28,33,39 20,25,33 29,37,46 20,23,34 11,16,22 8,16,21 10,15,21 10,15,21 13,13,21 13,13,21 15,13,21
16,25,48 16,25,48 16,25,48 16,25,48 16,25,48 16,25,48 16,25,48 16,25,48 16,25,48 16,25,48 16,25,48 16,25,48 16,25,48 16,25,48 16,25,48 16,25,48 18,25,48 32,37,36 40,37,22 46,44,24 41,44,22 41,38,23 40,38,18 47,37,15 57,43,18 57,45,15 56,42,13 52,38,13 54,42,16 51,49,31 16,25,48 16,25,48 16,25,48 16,25,48 16,25,48 16,25,48 16,25,48 16,25,48 16,25,48 22,29,43 24,29,35 22,26,30 11,10,13 12,12,12 11,11,11 13,13,13 16,9,12 17,10,10 19,12,12 19,12,12 19,14,11 16,13,17 16,13,17 22,30,39 19,22,31 28,33,43 18,25,39 12,17,23 11,17,20 10,15,21 11,16,22 11,12,17 10,15,21 10,16,19
16,25,48 16,25,48 16,25,48 16,25,48 16,25,48 16,25,48 16,25,48 16,25,48 16,25,48 17,26,49 16,25,48 16,25,48 17,26,49 16,25,48 16,25,48 17,26,49 16,26,46 40,50,17 35,36,15 37,38,19 45,41,20 37,38,15 43,42,17 50,44,19 57,40,14 61,46,10 63,46,11 61,45,14 55,44,29 52,38,24 24,26,51 17,26,49 16,25,48 16,25,48 16,25,48 16,25,48 16,25,48 16,25,48 16,25,48 18,26,44 23,24,29 23,26,35 11,10,13 11,11,11 11,11,11 19,9,10 19,9,10 22,13,9 24,15,9 25,16,10 33,17,11 25,14,11 31,18,11 22,25,32 20,25,33 23,30,42 17,24,36 10,18,23 12,15,22 12,16,20 11,16,22 13,13,21 11,14,21 11,16,24
16,25,48 16,25,48 16,25,48 16,25,48 16,25,48 16,25,48 18,25,48 16,25,48 16,25,48 16,25,48 16,25,48 16,25,48 16,25,48 16,25,48 16,25,48 16,25,48 17,24,47 57,63,52 28,21,19 53,54,35 47,41,16 39,40,19 41,36,22 52,44,22 55,38,14 67,48,9 67,48,9 67,49,7 52,37,15 38,34,17 57,48,31 57,48,31 16,25,48 16,25,48 16,25,48 16,25,48 16,25,48 16,25,48 16,25,48 16,25,48 25,30,38 24,29,37 11,10,13 11,10,13 22,12,16 22,12,13 22,13,9 23,14,8 24,15,11 25,16,12 32,20,10 32,19,12 36,22,8 29,32,41 21,26,34 24,29,37 19,23,36 10,18,23 12,17,23 11,16,22 11,14,21 9,13,15 15,13,21 20,25,33
16,25,48 16,25,48 16,25,48 16,25,48 16,25,48 26,29,40 19,25,46 22,23,26 16,25,50 16,25,48 16,25,48 16,25,48 16,25,48 19,24,48 16,25,48 19,27,57 76,84,61 48,50,24 51,51,21 40,39,12 46,40,15 46,40,17 43,38,24 57,44,23 50,41,14 64,48,15 73,50,8 73,50,8 72,49,7 43,34,15 62,45,10 63,42,17 19,26,51 16,25,48 15,24,47 16,25,48 16,25,48 16,25,48 16,25,48 16,25,48 24,29,37 20,28,35 11,10,13 16,8,14 22,13,9 23,14,10 24,13,10 28,15,8 31,18,11 36,19,11 36,21,12 36,22,8 36,22,8 32,27,29 23,26,35 24,29,37 18,26,33 13,16,23 11,17,20 11,16,22 10,15,21 10,16,17 10,10,18 10,15,21
16,25,48 16,25,48 16,25,48 19,26,49 14,26,48 18,25,48 57,55,35 97,94,27 18,25,48 17,26,51 22,24,40 16,25,48 16,25,48 16,25,48 16,25,48 18,25,48 73,90,92 61,75,54 48,51,31 54,47,31 60,45,23 50,40,16 51,44,15 52,47,19 66,48,18 72,51,8 75,50,4 74,52,5 75,50,6 73,51,4 58,42,9 22,27,51 16,25,48 16,25,48 16,25,48 16,25,48 16,25,48 16,25,48 16,25,48 16,25,48 26,31,39 20,25,33 16,9,9 19,9,10 23,14,8 20,14,7 26,15,10 29,17,7 35,24,9 40,26,12 41,22,6 35,21,7 38,22,5 36,29,27 25,30,38 25,30,38 17,25,34 13,16,23 11,16,22 12,15,22 10,15,21 13,18,24 12,15,22 10,15,21
16,25,48 16,25,48 16,25,48 16,25,48 16,25,48 18,25,48 48,49,39 81,78,34 70,63,22 76,67,9 16,26,46 16,25,48 16,25,48 16,25,48 16,25,48 16,25,48 54,56,28 46,47,26 44,37,21 47,33,17 28,24,14 55,38,14 49,43,20 64,53,34 76,56,24 82,57,11 81,57,6 77,52,6 77,52,4 75,50,2 62,44,0 15,27,49 16,25,48 16,25,48 16,25,48 16,25,48 16,25,48 16,25,48 13,26,52 13,26,45 25,30,40 23,23,31 21,11,12 22,13,9 26,17,11 27,16,11 33,21,9 34,19,10 35,20,9 45,24,9 45,27,8 46,23,8 46,24,4 43,30,23 23,31,38 25,30,36 18,23,33 14,14,22 12,17,23 11,16,22 13,18,24 14,19,25 11,16,22 12,15,22
16,25,48 16,25,48 16,25,48 16,25,48 16,25,48 16,25,48 65,62,36 63,59,24 70,53,6 74,63,0 17,26,51 14,26,50 16,25,48 16,25,48 16,25,48 18,25,50 40,36,17 71,84,61 50,42,20 69,66,40 55,45,21 62,50,24 58,46,18 58,44,17 77,58,21 81,59,14 91,60,9 83,57,7 83,57,5 80,56,5 71,48,6 55,60,40 17,24,47 16,24,52 13,26,52 14,25,52 11,27,52 13,26,52 15,27,49 12,31,39 23,31,47 26,29,36 23,14,10 26,17,11 29,16,11 35,20,9 37,23,7 36,22,8 42,22,4 45,25,5 45,25,7 52,26,12 52,26,5 45,28,20 26,34,43 20,28,37 15,20,28 16,14,22 12,17,23 13,18,24 12,17,23 13,18,24 11,16,22 11,16,22
16,25,48 16,25,48 16,25,48 16,25,48 16,25,48 18,25,48 21,27,14 32,36,21 32,33,14 71,63,9 56,51,23 78,67,23 32,34,48 16,25,48 16,25,48 18,25,48 39,41,15 67,81,60 53,55,29 56,53,27 59,49,25 61,49,23 64,50,21 60,46,17 69,52,17 84,62,17 92,63,10 91,60,9 85,59,7 82,58,7 74,52,5 69,64,21 15,27,51 13,26,52 14,25,52 14,25,52 19,28,51 14,25,52 20,35,49 48,74,82 18,28,34 25,28,35 23,14,10 27,16,11 29,16,11 36,21,12 38,22,9 43,24,8 45,24,9 48,26,8 50,25,8 49,24,5 59,30,8 52,31,20 25,33,42 24,32,41 17,22,30 11,16,22 12,16,18 12,15,22 14,14,22 11,16,22 11,16,22 14,14,22
16,25,48 16,25,48 16,25,48 16,25,48 16,25,48 16,25,48 20,25,35 35,45,21 36,39,19 23,30,12 64,49,11 26,27,46 18,26,46 16,25,48 16,25,48 17,26,49 64,72,60 55,58,50 47,48,40 43,39,29 43,34,19 48,38,16 65,45,15 73,52,11 65,49,16 81,60,19 89,62,15 95,62,10 91,60,7 84,58,4 79,54,6 78,64,21 72,79,35 40,46,65 20,25,49 29,43,55 11,24,39 12,26,36 35,56,65 16,23,37 17,27,47 23,26,33 25,16,10 29,16,11 34,19,8 36,21,10 46,25,10 50,28,10 55,30,13 46,26,6 58,31,13 52,28,6 60,31,11 62,36,22 24,32,39 26,31,39 15,20,26 12,15,22 11,16,22 10,18,23 10,15,21 11,16,22 11,16,22 13,13,21
16,25,48 16,25,48 16,25,48 16,25,48 16,25,48 16,25,48 22,28,17 31,41,19 28,35,19 32,32,18 36,39,19 56,43,11 74,66,53 16,25,48 16,25,48 17,24,49 55,68,41 43,41,19 47,45,16 55,46,17 62,48,21 65,50,12 74,53,10 74,55,18 56,48,14 75,59,26 87,63,12 92,57,3 93,62,9 83,58,10 74,53,12 77,55,17 74,69,26 60,71,40 64,68,83 17,27,47 11,26,40 13,29,40 16,23,37 12,22,28 16,14,22 24,24,34 27,16,9 37,22,11 37,20,10 44,23,8 49,26,11 52,27,8 53,29,5 57,31,10 56,30,9 58,29,9 77,37,12 72,36,14 26,31,41 25,30,38 18,23,29 13,18,24 11,16,22 13,16,23 11,16,22 12,17,23 11,16,22 10,15,21
16,25,48 17,26,49 16,25,48 16,25,48 16,25,48 16,25,50 38,47,28 31,35,18 24,28,11 31,33,16 23,27,12 35,28,12 22,30,50 16,25,48 13,27,50 14,26,50 60,72,27 44,49,25 45,40,12 49,44,14 57,45,15 61,50,15 72,50,14 67,53,24 70,56,27 77,60,23 95,63,6 89,63,13 49,44,16 51,46,14 47,42,14 46,40,15 54,71,47 67,75,91 50,50,60 34,37,46 15,26,37 19,31,37 19,33,43 23,44,53 16,24,31 21,24,33 35,20,11 35,21,5 43,24,8 42,22,4 50,28,10 57,31,10 59,30,10 58,29,9 65,31,9 60,31,11 81,40,13 75,37,16 29,37,46 24,29,37 18,23,29 13,16,23 10,18,25 11,16,22 11,16,22 12,17,23 12,15,22 11,16,22
20,26,47 21,29,49 14,26,48 16,25,48 16,25,48 17,26,51 23,30,14 28,32,15 27,29,12 27,31,16 31,33,16 27,31,16 56,42,13 14,25,52 14,25,52 13,27,50 58,73,34 63,72,26 51,46,14 54,47,18 62,51,18 65,52,20 71,56,18 68,56,26 75,59,26 87,62,14 83,57,7 45,38,11 52,47,19 51,46,16 42,41,16 34,38,40 27,28,33 29,28,33 50,49,64 46,36,37 52,31,18 52,31,20 41,43,43 13,16,27 34,51,57 20,23,32 36,20,7 38,22,7 48,26,8 50,28,10 53,31,11 56,29,11 60,31,11 65,29,7 68,30,11 62,28,8 87,40,8 82,40,18 22,32,38 23,31,40 21,26,34 15,18,27 13,18,24 10,18,23 11,16,22 12,17,23 14,14,22 11,16,22
14,25,52 27,31,16 36,45,45 14,25,52 14,25,52 25,33,51 29,33,16 33,36,16 23,27,10 27,29,14 25,29,14 26,28,13 41,30,13 26,29,40 10,26,51 25,33,53 74,83,94 54,66,21 50,45,15 52,47,17 62,53,22 68,56,26 65,53,25 72,59,27 71,52,15 46,37,6 46,41,11 52,46,23 44,41,28 26,19,19 25,22,26 44,44,54 46,44,54 56,59,70 58,39,25 58,42,27 70,50,32 32,20,10 49,32,22 54,35,21 14,15,20 11,14,21 38,23,12 39,23,10 47,27,9 46,26,8 56,30,9 56,30,9 68,34,14 71,30,10 83,38,15 77,36,16 93,42,5 81,36,13 27,35,42 24,32,39 19,22,31 14,19,27 14,19,25 10,18,23 12,17,23 10,18,23 14,14,22 12,17,23
14,25,52 24,31,45 34,34,20 33,34,22 18,26,44 16,25,50 25,29,12 33,35,18 24,26,11 17,20,12 28,31,19 35,35,19 28,22,15 48,41,10 79,56,27 66,63,67 66,74,79 66,85,49 45,48,15 47,47,15 59,51,17 64,52,22 58,46,18 47,40,22 39,33,10 46,39,12 52,49,25 30,28,24 27,22,21 27,22,24 35,32,38 63,63,75 52,45,48 41,43,40 67,64,68 95,93,101 112,111,116 117,115,113 49,32,22 37,21,8 24,23,28 8,13,19 34,20,4 53,32,9 53,28,11 48,26,8 54,28,7 63,29,9 75,37,16 83,38,15 88,42,12 83,37,11 97,46,9 97,39,2 31,35,50 24,32,39 18,23,31 15,20,28 12,17,25 12,15,22 12,17,23 12,17,23 11,16,22 9,17,22
13,26,52 11,27,52 29,30,18 34,36,21 32,32,16 35,38,30 29,33,16 31,35,18 17,25,43 12,26,49 21,24,14 20,23,11 23,21,17 50,45,6 53,54,57 19,29,21 75,87,93 63,73,47 62,71,43 30,35,11 22,23,11 22,24,9 26,28,13 40,34,11 45,39,16 43,37,28 32,30,28 25,20,22 23,18,17 32,27,26 32,29,33 41,30,27 55,56,59 68,74,77 85,88,95 103,98,95 105,92,85 114,100,86 123,106,98 53,37,22 34,22,22 11,15,19 49,29,9 53,31,11 54,33,10 59,30,8 64,30,8 63,32,9 80,33,10 85,41,15 80,35,12 81,35,7 103,45,8 103,45,8 29,38,49 25,33,40 15,20,30 13,21,28 12,20,27 13,16,23 13,18,24 12,17,23 12,15,22 11,16,22
14,25,52 14,25,52 15,26,53 25,28,16 30,33,13 32,32,18 31,33,16 31,35,18 18,22,35 17,26,51 15,24,47 30,31,23 58,42,11 58,56,57 53,40,33 58,70,76 71,85,95 50,55,49 65,80,68 57,67,45 56,62,35 56,61,41 43,44,32 27,27,24 33,31,29 22,17,16 23,21,19 29,24,23 27,25,23 27,20,20 33,21,21 48,48,43 49,51,51 58,62,64 82,71,66 108,81,63 113,79,57 117,82,55 129,95,75 122,77,44 41,28,21 13,14,19 54,32,12 56,29,11 52,27,8 57,30,12 69,31,10 79,35,9 80,36,8 82,36,8 89,39,8 96,42,8 101,48,7 106,48,11 30,37,49 26,34,43 20,25,35 17,22,30 9,17,22 13,13,21 12,15,22 11,16,22 10,15,21 15,15,23
14,25,52 14,25,52 14,25,52 14,26,48 22,27,35 27,28,20 28,32,17 27,29,12 25,26,14 14,25,52 16,25,50 14,25,52 75,75,43 51,42,27 50,50,60 45,57,61 78,92,102 58,66,71 49,56,54 35,40,39 38,38,38 42,44,44 38,36,34 32,27,29 23,21,22 27,25,23 24,22,20 30,23,23 27,22,21 24,17,15 32,23,19 45,47,44 50,50,50 49,51,48 81,65,50 111,72,44 125,78,46 130,84,45 126,79,45 133,83,37 51,34,26 13,14,19 56,34,14 61,32,10 58,32,9 58,29,9 71,34,10 73,33,8 79,38,11 88,42,14 90,43,11 92,38,4 97,46,9 119,52,9 30,38,47 25,33,42 19,24,32 17,22,30 11,16,22 10,15,21 12,17,23 12,15,22 14,14,22 12,17,23
14,25,52 14,25,52 14,25,52 14,25,52 14,25,52 14,26,50 30,35,15 32,34,17 32,34,17 24,24,34 16,25,50 22,35,54 50,54,69 43,41,49 39,38,43 44,46,62 51,55,59 65,73,78 61,69,74 54,62,67 30,30,38 44,38,43 27,22,24 26,24,25 25,24,27 29,24,26 26,24,25 28,25,29 25,20,22 28,23,22 45,45,40 46,48,45 48,50,47 52,52,49 86,65,50 123,77,47 133,82,43 137,84,39 132,77,32 136,83,30 82,59,44 13,12,17 47,27,9 53,28,9 58,32,11 70,34,12 79,37,15 81,41,16 87,40,8 87,44,11 96,50,13 92,42,9 98,44,6 118,56,14 29,34,44 27,32,42 19,23,36 13,18,26 11,16,22 11,15,19 12,17,23 16,14,22 11,16,22 11,16,22
19,27,55 19,27,55 19,27,55 19,27,55 19,27,55 15,26,53 34,39,45 40,40,26 32,34,17 30,31,12 17,29,53 80,90,106 57,60,69 41,43,59 42,42,52 52,62,80 32,32,44 29,36,50 34,38,53 25,23,33 28,29,34 23,23,23 29,22,25 24,17,17 25,20,19 28,23,25 31,29,30 25,23,24 34,27,27 29,22,22 47,47,47 48,50,47 49,47,45 52,52,52 88,68,48 118,74,44 133,83,39 132,79,34 136,82,32 147,89,38 113,79,47 13,14,19 51,29,9 58,32,11 63,29,7 73,36,12 72,30,6 78,36,12 89,39,6 89,44,9 93,44,8 99,45,9 102,44,9 126,65,20 30,37,49 26,34,43 18,26,33 17,22,30 10,15,21 12,15,22 12,15,22 10,15,21 11,16,22 15,15,23
17,26,49 17,26,49 17,26,49 17,26,49 17,26,49 17,26,49 16,25,48 29,36,18 39,46,28 36,39,19 31,30,21 73,83,91 45,45,55 42,45,56 37,35,43 41,40,43 24,21,27 15,13,21 44,44,44 29,23,28 27,25,26 26,24,25 29,22,22 33,26,24 29,22,20 23,18,20 27,22,21 34,29,31 26,21,20 29,24,26 44,44,44 46,48,48 51,50,53 59,58,61 91,66,47 118,77,46 129,81,38 126,78,35 139,83,34 145,85,33 117,78,50 13,11,19 54,33,10 62,33,13 66,32,10 69,32,8 79,37,13 76,34,10 86,40,10 93,45,16 97,48,12 98,47,10 95,45,14 112,50,10 32,37,47 27,34,46 19,27,36 15,20,28 10,16,19 11,16,22 14,19,25 11,16,22 12,17,23 12,15,22
16,25,48 16,25,48 19,28,51 17,26,49 17,29,53 16,29,55 16,29,57 12,31,62 40,48,27 37,43,32 32,34,17 66,76,82 54,58,71 47,49,63 43,41,49 26,25,28 42,46,48 39,42,51 64,68,70 29,30,33 26,21,23 27,25,26 34,27,30 26,21,20 29,24,26 19,17,15 29,24,21 23,21,19 21,19,17 25,23,21 41,41,41 46,48,45 54,58,62 60,63,72 91,67,45 116,72,44 129,78,39 130,80,36 133,79,29 146,88,35 108,75,50 12,11,16 53,28,9 61,30,9 76,35,15 75,40,13 73,33,10 74,34,11 81,36,13 85,39,9 85,40,5 100,49,10 97,48,10 106,46,7 26,36,52 27,34,46 19,27,36 17,22,28 12,15,22 10,15,21 13,18,26 12,15,22 9,17,22 11,16,22
17,28,55 15,26,53 15,26,53 15,26,53 17,30,58 18,31,59 18,31,59 16,33,64 16,33,64 15,30,64 33,34,24 25,28,18 43,50,62 42,46,59 39,39,49 51,52,55 48,50,47 56,62,63 62,71,73 28,29,32 43,43,40 33,28,30 28,23,22 28,26,27 24,22,18 27,25,23 27,20,20 26,21,20 23,21,19 25,23,24 31,31,31 46,48,48 68,78,86 62,61,66 94,68,47 116,77,45 129,78,39 126,81,37 129,77,29 145,90,38 94,64,49 13,11,21 51,29,11 57,33,9 64,30,10 74,33,13 70,35,10 67,31,9 78,33,10 86,40,12 99,47,15 104,53,18 95,45,12 108,48,9 27,34,48 27,34,46 21,26,34 17,22,28 12,15,22 11,16,22 14,19,27 15,15,23 12,15,24 12,15,22
17,28,55 17,28,55 17,28,55 17,28,55 17,28,55 17,28,55 17,28,55 16,29,55 16,29,55 17,28,57 36,44,62 32,33,21 35,39,43 36,36,44 32,30,31 48,48,45 48,53,47 32,43,32 34,42,28 36,39,31 28,23,25 23,21,22 24,24,21 25,23,19 30,23,21 33,26,24 31,21,22 26,21,23 25,23,21 28,23,25 26,24,25 42,47,46 69,75,78 61,59,57 98,69,47 112,71,42 127,81,40 128,80,35 139,85,37 134,79,27 79,58,45 13,13,21 58,35,22 61,35,12 64,33,14 68,33,8 77,35,13 74,32,10 78,33,10 86,40,10 89,38,10 108,53,10 96,45,8 95,45,14 32,35,44 27,35,44 21,26,34 18,23,31 13,16,23 10,16,19 13,16,25 12,15,22 12,15,22 11,16,22
17,30,58 17,30,58 14,32,60 17,30,58 17,30,58 17,30,58 17,30,58 19,32,60 19,32,60 19,32,60 71,77,94 22,23,26 29,33,16 42,47,53 47,51,53 59,72,60 52,70,57 38,51,39 34,36,19 42,38,19 47,41,32 26,26,23 25,23,21 30,25,27 26,26,26 20,18,16 24,22,20 25,20,22 26,24,25 24,22,23 33,31,32 41,48,43 68,76,83 64,63,66 88,67,44 109,72,46 112,69,34 126,77,37 132,79,34 142,87,33 56,34,26 12,11,14 53,31,25 65,36,16 80,43,17 82,42,17 72,31,2 78,39,11 92,46,16 90,44,14 87,39,14 107,54,13 98,49,11 100,49,10 44,32,34 27,34,46 22,27,35 18,23,31 12,15,22 10,15,21 11,16,22 12,15,22 12,15,22 12,15,22