22,21,24 22,21,24 20,19,22 20,19,22 20,19,22 20,19,22 20,19,22 15,19,21 20,19,22 20,19,22 20,19,22 20,19,22 21,18,22 26,19,22 35,21,21 38,25,22 31,21,22 23,20,24 22,21,24 23,22,25 23,20,24 23,20,24 23,20,24 23,20,24 23,20,24 23,20,24 23,20,24 23,20,24 23,20,24 22,21,24 20,19,22 29,29,37 25,23,31 24,23,28 27,25,33 23,21,29 23,22,25 22,21,24 29,29,39 29,32,50 22,25,34 36,39,48 38,38,46 42,42,50 36,34,44 34,34,46 27,25,33 32,32,40 34,36,50 46,48,64 45,55,75 55,59,61 113,82,59 131,91,57 157,104,59 188,123,68 162,106,59 128,87,42 108,69,41 37,33,27 33,38,46 34,39,47 33,41,48 36,44,51
22,21,24 20,19,22 20,19,22 20,19,22 20,19,22 20,19,22 22,21,24 23,20,24 22,21,24 20,19,22 22,21,24 20,21,24 57,28,24 122,59,37 128,61,36 146,76,47 129,62,37 109,57,36 76,45,37 29,22,25 20,21,24 22,21,24 22,21,24 22,21,24 22,21,24 23,20,24 20,19,22 22,21,24 23,22,25 23,22,25 23,22,25 27,27,35 25,25,33 22,23,28 26,24,34 23,21,29 23,22,25 24,23,28 26,29,38 29,33,46 21,24,33 35,38,47 32,32,40 42,42,50 34,37,46 34,34,46 25,23,31 35,35,43 27,30,39 36,38,52 34,46,54 51,56,55 89,68,53 133,90,57 169,116,71 166,110,61 198,134,74 165,106,58 130,87,40 68,48,30 22,28,31 24,29,35 25,30,36 29,36,34
20,19,22 20,19,22 20,19,22 20,19,22 20,19,22 22,21,24 22,21,24 22,21,24 20,19,22 29,24,23 133,69,43 141,68,40 133,60,30 111,46,23 102,54,27 104,52,22 94,46,19 98,47,23 95,51,25 88,50,31 93,56,43 41,25,23 22,21,24 22,21,24 23,20,24 22,21,24 22,21,24 23,22,25 25,24,27 24,23,26 20,19,22 25,24,27 27,25,33 25,24,29 20,21,26 22,23,28 23,22,25 24,23,28 29,34,42 31,35,48 22,25,32 34,39,47 30,33,40 37,37,45 32,35,46 27,27,37 28,22,27 33,32,35 30,30,40 32,40,49 37,34,40 46,41,43 79,60,48 118,83,56 142,97,62 169,115,67 176,118,65 189,127,71 141,91,47 109,68,39 28,29,32 20,21,24 20,21,26 45,33,23
22,21,24 22,21,24 22,21,24 20,19,22 20,19,22 22,21,24 20,19,22 21,18,22 80,35,12 138,64,30 143,69,35 133,60,30 105,49,23 95,47,18 90,43,22 104,51,26 85,40,19 80,42,21 74,37,22 53,27,17 72,41,29 80,49,30 67,36,26 23,20,24 24,23,26 25,24,27 26,25,28 27,26,29 29,28,31 25,24,27 17,16,19 17,17,17 26,24,32 25,23,31 20,18,26 25,22,28 24,23,28 23,24,29 24,24,34 30,32,46 20,23,32 35,40,48 31,31,39 43,41,49 33,36,43 29,29,39 23,22,27 30,31,36 32,30,38 31,29,37 29,28,31 42,26,22 62,41,26 98,70,43 118,86,54 158,114,72 170,114,67 185,128,70 162,103,55 123,79,49 57,37,28 21,19,15 29,17,17 36,24,14
22,21,24 20,19,22 20,19,22 20,19,22 20,19,22 20,19,22 19,18,21 90,35,20 141,66,37 130,61,30 127,58,29 112,50,23 80,40,17 94,46,21 84,38,20 95,48,25 66,31,16 47,24,9 42,20,12 41,25,12 43,24,12 53,32,21 72,42,27 82,45,30 31,28,32 31,30,33 26,25,28 25,24,27 27,26,29 31,30,33 17,17,17 18,17,20 17,17,12 24,23,26 25,24,27 23,22,27 22,23,26 18,15,19 17,16,19 18,22,24 27,27,37 42,42,50 31,32,37 41,39,47 27,33,36 28,29,34 15,16,19 27,29,29 27,24,28 27,24,28 21,26,34 22,21,26 53,36,28 75,49,26 121,89,57 131,90,61 161,111,69 157,109,64 178,119,73 126,81,48 87,56,33 32,21,18 33,20,13 33,21,11
20,19,22 22,21,24 22,21,24 22,21,24 22,21,24 23,22,25 46,28,27 137,65,30 121,58,27 120,54,24 107,44,20 99,48,24 57,26,7 88,43,22 88,43,22 87,42,21 64,32,16 53,30,17 41,21,12 41,25,12 35,19,6 39,22,12 52,31,20 77,45,29 81,50,40 42,35,35 29,30,33 30,31,34 27,28,31 33,32,35 25,25,25 18,18,18 19,19,19 19,19,19 20,20,20 20,20,20 19,19,19 17,16,19 16,15,18 13,14,17 29,29,37 40,38,46 24,25,30 31,28,32 24,23,26 24,23,26 25,24,27 26,25,28 23,23,23 38,37,42 20,21,26 23,22,27 38,31,29 61,43,22 104,75,44 123,89,59 147,102,67 150,104,63 163,113,71 137,91,52 108,68,43 48,33,22 35,23,13 34,22,12
24,21,25 24,21,25 23,20,24 24,21,25 20,19,22 27,21,28 127,60,35 122,56,26 105,48,19 106,46,21 91,40,16 70,34,14 56,26,11 64,33,14 106,53,26 83,38,17 60,33,17 58,32,18 40,26,12 42,26,13 38,22,9 35,18,8 37,22,11 44,23,10 67,37,22 76,43,34 47,34,42 31,30,33 33,32,35 27,27,27 25,24,27 24,24,34 27,26,29 19,18,21 19,19,19 20,20,20 20,19,22 20,20,20 20,20,20 22,22,22 23,23,23 23,23,23 22,21,24 23,22,25 23,22,25 24,23,26 24,24,24 19,19,19 25,24,29 31,28,34 20,19,22 24,23,26 22,28,31 48,37,30 66,49,25 114,81,54 117,81,52 134,95,63 135,90,67 131,90,61 96,60,38 51,36,25 36,24,14 36,21,10
30,23,23 28,21,24 23,21,19 37,30,30 32,27,29 78,38,29 127,58,29 117,50,25 92,41,17 89,43,15 78,35,18 61,26,11 80,39,21 61,28,17 73,36,21 77,36,20 61,29,15 57,29,16 46,23,10 38,22,9 39,23,10 36,19,9 35,18,8 34,19,8 48,25,14 65,37,26 69,44,41 44,40,51 30,31,34 30,30,30 23,24,29 22,26,30 29,28,33 24,24,32 23,23,23 22,21,24 23,22,25 18,17,20 19,18,21 17,16,19 25,24,29 22,21,24 27,26,29 27,26,29 23,22,25 20,19,22 18,18,18 19,18,21 28,29,32 20,21,24 26,25,28 23,22,25 30,30,42 30,31,36 55,43,33 77,56,31 109,78,55 110,81,57 121,81,56 128,87,58 91,58,33 67,38,14 67,41,18 54,33,10
48,33,24 39,27,27 41,30,27 46,33,26 56,39,31 130,60,36 104,46,20 90,39,15 76,38,17 66,32,14 58,27,15 60,29,10 73,35,16 62,30,16 55,29,19 55,24,14 58,30,19 56,30,18 50,27,16 43,20,9 37,20,10 39,19,12 41,21,12 32,15,5 34,17,7 36,21,10 72,44,33 51,45,52 36,39,48 30,29,32 24,24,34 22,25,32 25,24,29 25,23,31 23,22,27 23,22,25 24,22,30 16,15,18 17,14,18 17,14,18 27,27,35 30,29,34 27,27,35 24,23,26 25,22,26 16,15,18 20,20,20 19,18,23 34,35,38 21,22,25 31,30,33 23,22,25 22,21,26 22,22,22 38,29,23 64,46,27 97,64,39 121,82,41 126,81,37 133,85,38 124,81,36 112,72,38 100,63,37 91,58,33
70,47,32 61,41,23 23,16,19 44,29,18 109,49,24 120,51,22 90,39,15 74,31,12 70,36,18 56,23,12 51,23,10 53,22,10 62,31,19 62,31,19 49,26,15 44,23,12 50,27,16 51,28,17 47,26,15 45,24,13 46,23,12 42,21,10 37,20,10 35,18,8 32,15,5 32,15,5 51,28,17 68,44,38 37,38,43 38,38,46 17,16,21 21,26,34 26,25,30 19,18,23 23,22,25 22,21,26 25,23,31 14,15,18 17,14,18 17,14,18 31,29,37 30,30,38 25,25,33 23,22,25 26,25,28 15,14,17 20,20,20 20,20,20 29,28,31 24,23,26 27,26,29 25,24,27 20,19,22 15,16,21 23,23,31 30,21,17 90,61,39 111,66,31 146,88,37 119,77,37 88,59,35 71,49,31 67,48,34 68,49,35
82,55,37 80,53,35 69,48,33 65,44,31 135,60,31 107,42,19 78,35,16 64,29,14 62,27,12 61,28,17 58,27,15 45,19,7 39,18,5 49,23,13 58,30,19 47,26,15 49,26,15 48,25,14 48,26,18 48,25,14 51,28,17 43,24,12 35,18,8 36,19,9 36,16,7 30,15,4 34,19,8 62,39,26 48,46,56 38,38,46 11,15,17 19,23,27 24,23,26 15,14,17 23,22,25 25,23,31 25,24,27 17,14,18 17,14,18 17,14,18 30,31,36 24,24,34 28,29,34 22,23,26 27,27,27 13,13,13 20,19,22 20,19,22 19,19,19 22,22,22 23,22,25 23,22,25 29,28,33 31,31,41 26,24,34 20,17,21 80,53,37 90,56,36 110,64,25 90,57,32 57,39,18 49,35,19 44,33,28 45,32,27
95,64,43 74,43,22 81,56,39 104,56,29 122,53,24 87,39,12 58,28,11 56,25,13 49,21,12 56,26,11 61,29,15 54,26,13 45,24,13 45,24,13 56,28,17 53,27,13 48,25,14 53,30,17 48,27,16 50,27,16 54,26,15 49,26,15 44,22,14 37,20,10 28,13,4 28,12,6 31,14,4 47,26,13 43,35,43 44,44,54 18,19,24 23,23,33 23,22,27 17,16,19 24,23,26 24,24,32 25,22,26 17,14,18 17,14,18 17,16,19 26,29,36 25,26,31 27,30,37 22,23,26 24,25,28 15,15,15 20,19,22 20,19,22 23,23,23 23,22,25 22,21,24 25,23,24 23,19,28 32,30,40 32,30,28 29,20,16 72,46,25 99,55,25 80,50,22 63,43,25 50,34,30 45,33,33 41,34,34 40,33,33
106,69,45 87,51,31 104,70,50 103,54,16 98,45,18 78,35,16 62,27,12 54,23,11 40,18,10 38,22,9 39,20,8 49,23,13 53,25,16 56,28,15 57,29,16 55,29,17 48,48,18 21,31,9 9,32,15 17,35,18 59,28,16 51,28,15 43,19,11 32,15,7 34,19,8 31,14,4 32,15,5 40,20,11 40,28,30 40,39,42 30,30,38 16,16,16 25,24,27 17,16,19 24,23,26 21,22,27 24,21,27 17,16,19 18,15,19 21,21,29 29,33,37 29,28,33 24,25,28 25,24,27 23,24,29 13,13,13 18,18,18 21,19,20 28,31,38 25,24,27 23,22,25 26,21,23 55,39,24 57,43,25 55,41,27 58,39,16 80,50,22 119,71,24 125,77,34 121,78,31 105,71,41 83,62,39 48,41,44 45,38,41
118,72,54 116,80,58 112,70,48 103,53,22 91,43,16 71,35,17 55,25,10 60,28,12 55,24,12 48,22,10 39,17,9 35,18,8 38,21,11 44,23,12 47,24,11 51,67,25 19,33,14 7,27,11 7,30,13 12,39,21 24,55,31 39,20,8 42,20,12 41,19,11 36,20,7 34,19,8 29,14,5 38,21,11 45,28,29 30,24,31 24,24,32 15,14,17 19,19,19 16,16,16 18,20,20 19,18,21 22,21,24 15,14,17 27,26,29 24,25,30 30,31,36 26,25,30 25,26,29 19,18,21 18,17,20 19,19,19 18,17,20 25,26,29 29,30,35 33,32,37 47,38,34 86,51,24 105,64,33 104,63,32 87,52,25 84,51,26 104,60,18 134,85,34 123,77,36 110,77,52 75,62,55 44,32,34 43,37,42 48,42,47
119,78,58 120,79,59 116,71,50 110,59,31 95,44,20 70,34,16 55,25,10 55,29,15 49,21,8 48,22,10 48,22,10 44,21,10 44,23,12 46,23,12 47,24,13 32,54,15 14,30,11 4,24,10 4,27,10 6,33,15 12,39,19 35,62,34 42,21,10 38,19,7 31,16,5 30,15,4 29,13,7 37,20,10 40,27,37 27,23,32 25,25,35 28,28,36 22,23,28 20,22,22 20,19,22 19,19,19 17,16,19 17,16,19 16,15,18 16,16,16 17,17,17 17,17,17 19,18,21 19,18,21 19,18,21 19,19,19 22,21,24 27,24,28 23,32,32 61,53,61 106,74,42 118,74,36 109,68,39 89,55,25 86,52,22 97,56,27 124,77,27 140,84,35 129,80,40 110,75,50 82,66,60 72,60,62 66,59,62 58,51,51
131,91,68 100,66,46 106,69,43 116,65,39 107,61,33 64,27,12 54,24,9 51,25,11 50,27,14 53,30,15 52,26,14 44,23,12 44,23,12 48,24,16 59,57,26 31,52,18 13,29,10 4,24,8 4,24,10 7,22,10 4,27,10 23,53,32 42,21,10 41,22,10 35,18,8 31,16,5 30,15,4 39,27,29 26,23,29 27,26,31 17,16,19 17,17,25 18,17,20 26,25,28 25,25,33 22,21,24 26,25,28 26,25,30 22,21,24 20,21,24 23,22,25 23,24,27 22,23,26 25,24,27 24,23,26 18,18,15 19,19,19 24,21,27 80,56,32 122,83,40 125,82,33 114,73,42 88,52,21 86,52,18 86,52,18 102,59,26 130,81,32 151,97,49 159,104,59 156,107,67 150,106,76 138,93,70 121,86,59 105,76,52
118,87,66 150,104,76 135,93,69 109,68,50 119,77,53 85,43,30 63,28,13 47,24,11 42,21,10 44,21,10 43,20,9 49,23,13 46,25,14 46,24,16 60,67,31 31,48,12 2,22,4 13,14,2 27,16,9 58,33,16 70,38,24 19,16,3 32,22,12 36,19,9 34,14,5 32,15,5 28,10,5 34,28,35 28,28,38 19,17,25 27,32,38 22,22,30 18,16,24 20,19,24 19,19,19 24,23,26 26,23,29 28,32,36 24,23,28 27,28,33 23,27,29 23,24,27 23,22,25 23,22,25 24,23,26 17,14,18 20,29,31 75,45,19 129,86,30 132,84,39 111,72,40 88,58,30 85,50,23 84,50,16 94,55,23 112,66,29 137,88,39 146,96,52 147,97,55 151,101,59 154,104,60 154,104,58 143,93,47 131,82,44
118,82,64 143,102,73 121,78,59 134,88,70 114,76,59 106,67,53 60,27,16 56,28,15 56,25,13 51,23,10 46,23,12 41,22,10 39,19,10 40,20,11 46,48,22 8,23,7 72,35,20 87,39,21 79,37,15 57,30,14 55,32,19 49,35,21 30,21,6 36,19,11 35,19,17 52,43,54 37,35,47 31,30,47 18,17,20 25,28,35 28,28,36 34,34,42 22,22,30 24,24,32 24,23,26 21,18,22 19,16,20 22,21,24 23,22,25 23,22,27 27,28,33 25,26,29 23,22,25 18,17,20 20,19,22 25,24,27 69,45,37 137,88,37 126,76,45 104,68,39 116,77,47 108,80,53 93,58,33 80,45,18 106,64,26 121,71,27 141,87,37 139,89,45 144,91,46 146,98,53 149,99,55 146,96,50 138,90,45 127,81,44
112,82,65 165,113,81 141,104,91 160,109,81 127,84,65 107,71,53 107,73,55 55,24,14 52,21,11 45,19,9 36,17,5 41,18,7 44,23,10 51,28,13 52,43,12 33,26,8 105,43,14 131,53,23 88,45,26 29,13,9 37,20,12 54,39,28 75,75,32 50,55,63 43,45,59 53,55,69 48,49,68 39,43,58 20,20,28 29,29,37 22,21,26 24,23,26 20,19,22 22,21,24 18,18,26 25,25,33 21,22,25 30,27,33 16,19,26 20,19,24 23,20,26 19,18,21 19,18,21 24,23,28 25,25,33 30,26,20 149,94,42 126,82,40 104,64,39 128,80,37 93,69,47 67,51,34 75,53,35 83,54,23 111,68,23 135,85,25 147,93,34 151,96,42 153,100,47 153,101,51 149,100,51 143,95,48 138,90,43 132,83,43
156,112,86 101,64,49 131,93,76 112,80,66 122,84,65 127,84,69 134,100,82 131,98,87 126,103,92 91,69,63 84,69,18 72,57,19 75,58,11 90,67,7 79,59,9 59,47,17 106,43,19 130,57,27 58,29,9 28,15,10 24,11,8 51,35,20 69,70,22 34,37,44 40,42,56 42,46,61 51,53,69 38,37,52 30,29,32 25,24,29 27,26,29 27,27,27 30,29,32 32,31,34 29,31,31 29,29,37 27,31,35 29,27,35 28,28,36 32,35,42 25,26,31 30,28,36 30,28,36 31,31,41 38,38,48 129,94,58 134,82,32 117,70,38 129,79,37 127,78,40 73,57,40 59,44,33 74,52,34 98,64,34 118,73,27 143,91,31 148,94,35 152,97,41 153,100,43 153,101,51 158,104,56 156,103,58 164,109,64 166,109,65
164,119,96 154,105,85 143,93,62 147,102,81 135,97,80 132,94,75 124,92,76 130,97,88 119,93,83 104,82,74 86,70,68 84,68,14 172,119,6 145,101,1 119,83,7 89,67,4 116,58,21 116,52,24 56,26,11 60,30,15 39,19,12 51,37,19 56,58,14 66,71,28 30,30,38 34,34,34 40,39,42 41,40,43 40,39,42 32,31,34 23,24,27 30,29,32 29,28,31 30,29,32 31,28,32 30,29,32 24,29,37 28,28,36 30,30,40 39,39,49 57,57,67 41,40,57 50,51,70 48,50,64 62,50,50 138,84,34 128,79,30 132,79,38 136,83,42 105,69,47 74,55,41 62,45,35 81,57,31 115,69,39 132,83,32 145,92,28 147,93,32 149,96,32 155,98,40 173,108,53 183,118,56 210,128,56 222,142,72 227,147,77
194,135,107 173,126,94 147,94,67 114,76,57 152,105,84 144,108,88 131,94,81 130,100,85 117,89,78 106,83,68 92,73,61 95,74,59 176,120,2 146,100,0 117,78,5 89,67,4 89,50,7 108,49,19 53,23,8 58,30,17 101,48,23 76,38,21 55,38,10 57,57,14 71,71,30 28,26,22 37,38,43 40,39,44 42,40,41 44,45,50 33,31,29 27,25,26 29,29,29 30,30,30 29,29,29 27,26,29 28,29,32 24,24,32 25,25,33 31,31,41 41,41,51 60,60,68 48,50,66 44,46,62 118,78,44 137,84,31 143,84,36 135,82,37 125,80,47 98,67,46 69,48,35 56,43,38 102,65,39 128,78,36 137,84,31 144,91,27 146,92,31 148,94,33 162,106,43 182,115,49 197,119,52 204,123,44 226,138,59 231,144,62
161,102,74 169,124,101 184,130,96 125,89,67 135,97,80 146,98,71 121,79,68 123,88,75 114,82,68 97,66,54 108,87,83 157,108,2 153,103,2 127,86,0 96,67,4 77,57,7 81,48,9 106,47,19 112,48,22 103,52,26 61,33,20 59,31,18 79,42,27 47,43,6 59,56,16 68,65,21 61,60,22 30,31,23 40,40,40 41,40,43 49,44,43 33,33,28 26,24,25 32,30,31 31,31,31 32,31,34 28,29,32 31,28,32 24,23,26 27,27,35 30,28,38 39,39,49 60,63,72 64,63,80 134,83,30 134,83,26 134,82,32 129,81,36 110,77,52 85,67,48 61,49,39 60,52,39 116,69,35 130,81,32 137,84,31 141,87,26 145,91,30 150,94,31 170,105,43 191,113,44 190,116,48 187,116,47 198,121,47 207,125,51
236,155,105 189,127,100 147,107,84 184,132,102 138,93,70 149,103,77 136,100,82 103,73,58 120,87,76 115,86,80 102,73,53 158,109,1 141,94,3 112,76,0 87,64,6 72,55,8 78,47,8 134,65,34 143,66,33 126,62,36 38,19,7 41,21,12 53,27,15 51,40,7 53,47,11 58,55,15 61,61,18 68,65,21 65,66,27 52,45,25 45,35,25 51,47,41 33,32,35 30,27,31 29,29,29 27,26,29 29,30,33 31,30,33 31,30,33 24,25,28 33,36,43 33,36,47 39,39,51 79,59,50 132,84,30 134,82,34 133,84,33 129,84,40 106,72,50 80,61,45 55,44,37 73,58,38 124,73,36 130,77,32 129,80,31 134,83,26 144,90,29 157,96,35 183,114,47 192,114,43 198,120,53 181,111,53 170,101,47 160,94,42
235,150,95 207,133,99 168,115,92 175,123,102 154,111,103 111,88,73 146,99,78 146,114,100 119,89,74 109,83,69 163,109,1 147,102,0 127,85,6 102,72,3 81,60,6 70,55,8 69,49,3 137,63,29 124,53,27 71,34,19 49,26,15 41,19,11 39,23,10 51,38,6 53,45,9 53,47,11 54,51,11 59,56,16 58,58,17 61,61,16 61,59,12 60,43,17 58,51,20 61,64,42 25,26,29 30,27,31 27,26,29 27,27,27 27,27,27 32,32,32 27,28,31 27,30,41 43,37,44 126,82,29 136,85,32 139,88,31 136,83,28 125,79,38 104,71,44 68,54,38 52,45,45 87,58,34 124,76,31 129,80,31 125,75,29 126,79,29 146,93,29 170,105,43 188,114,46 194,116,47 201,120,43 196,117,44 161,98,45 127,77,46
193,131,102 206,143,108 189,131,105 155,107,82 155,112,93 133,98,83 138,95,80 130,91,77 132,91,19 164,111,0 151,104,2 139,97,7 117,79,3 98,69,4 79,60,7 68,52,8 69,48,7 121,55,25 84,38,20 53,25,14 57,31,19 62,31,19 63,36,20 55,40,4 52,44,8 54,46,10 52,48,11 56,53,13 57,54,14 59,56,16 60,57,17 62,44,12 65,52,20 65,62,36 40,52,32 28,25,29 32,31,34 25,25,25 25,22,26 27,26,29 33,32,35 32,32,32 112,72,36 115,72,27 141,90,37 132,81,24 132,80,30 125,80,45 107,73,41 67,55,43 45,45,42 89,58,35 124,76,29 127,78,29 124,76,29 119,74,30 141,93,37 170,106,42 193,115,44 200,122,44 188,113,43 172,103,38 169,103,30 138,85,42
208,141,96 128,89,61 194,125,92 199,141,119 145,109,91 147,113,95 151,119,85 145,99,3 167,111,0 158,107,2 145,98,5 127,88,6 111,77,7 88,67,0 75,58,7 68,52,8 65,49,7 99,43,17 59,28,16 40,21,9 44,22,14 59,31,18 76,41,26 65,42,11 54,43,8 54,46,10 54,46,10 53,47,11 53,50,10 56,53,13 58,55,13 69,49,17 66,52,25 18,36,19 32,37,15 35,58,41 30,29,32 30,27,31 24,24,24 27,26,29 29,29,29 31,30,33 104,65,33 95,61,27 128,79,39 137,82,30 129,83,28 130,84,45 99,73,48 59,52,50 51,51,51 84,58,35 119,71,24 124,76,29 124,76,29 113,71,31 118,75,42 140,86,36 176,107,42 194,116,45 182,111,42 161,97,35 132,78,28 117,68,28
91,55,35 130,81,59 142,99,82 131,85,67 112,68,17 122,86,8 153,106,4 165,113,0 154,107,3 146,98,1 130,86,4 121,83,7 108,76,5 89,67,2 72,55,6 68,52,8 63,51,10 106,51,22 55,25,10 67,24,5 74,36,17 56,30,18 57,29,16 71,40,19 55,48,9 55,48,9 54,46,10 54,46,10 52,48,11 53,50,10 56,53,11 65,49,16 68,57,24 40,43,19 70,64,41 24,49,31 38,48,40 34,34,34 27,27,27 27,24,28 29,28,31 30,29,32 82,53,29 53,42,37 127,83,30 134,81,24 131,84,32 119,84,48 83,67,52 55,53,51 53,53,53 72,53,39 115,73,35 121,76,30 117,73,31 113,70,35 103,67,34 112,69,36 143,89,39 165,97,34 167,102,40 152,92,38 119,70,32 89,57,27
31,20,13 177,124,97 101,70,58 138,81,12 135,80,10 155,110,7 164,111,0 161,110,1 149,101,2 136,94,2 125,86,4 117,78,5 106,73,7 87,64,4 69,54,7 67,53,8 63,51,10 70,44,5 83,36,13 130,57,25 106,46,21 51,28,13 45,24,13 57,37,7 61,51,13 57,47,9 54,46,10 52,46,10 51,47,10 52,48,11 57,52,13 65,47,17 67,53,24 34,42,19 31,43,23 22,47,29 34,65,41 49,47,45 39,39,39 24,25,28 30,30,30 37,32,31 66,47,24 37,35,36 118,74,23 136,88,32 137,87,43 110,81,48 61,56,55 52,49,53 52,52,52 53,51,49 109,70,38 126,80,39 118,79,40 107,73,41 93,67,42 98,68,40 123,75,32 137,82,26 149,90,33 138,85,32 113,68,33 81,53,26
72,55,56 149,108,79 99,80,23 148,86,5 155,88,11 136,92,12 161,111,0 153,103,0 143,96,3 130,86,4 120,82,4 110,76,4 98,69,4 84,64,5 69,54,7 63,52,8 63,51,12 64,49,11 114,50,22 145,65,31 106,49,30 31,14,6 27,14,7 61,46,8 57,47,7 56,49,10 52,46,10 54,46,10 51,47,10 52,48,11 54,49,10 58,44,17 59,47,19 17,32,18 52,55,35 20,45,27 27,58,34 39,50,39 51,46,48 35,37,37 32,31,34 62,51,36 53,36,28 36,30,37 101,58,23 118,74,32 115,79,46 87,72,63 55,55,55 47,47,47 48,48,48 60,60,60 76,65,62 121,84,58 113,79,57 97,75,55 84,69,60 88,71,61 109,70,42 128,75,30 132,76,29 122,72,26 107,62,29 82,53,33
137,87,70 59,82,22 77,75,26 146,84,8 165,97,9 123,72,5 158,107,0 147,101,3 136,90,4 124,85,3 113,76,3 106,73,7 92,68,4 82,61,5 71,54,7 65,50,12 62,52,14 58,46,9 114,52,23 121,57,29 52,27,10 49,26,15 36,17,5 63,44,7 57,45,8 57,47,9 54,46,10 50,44,10 49,46,6 50,46,9 58,48,10 55,41,16 60,46,19 15,33,18 30,42,24 20,45,27 30,56,33 38,69,43 56,49,47 45,45,42 55,44,37 82,56,31 40,33,33 34,33,36 69,48,25 118,74,36 106,73,46 55,48,51 72,55,45 57,52,49 52,49,53 66,65,68 74,71,77 77,75,73 92,78,78 82,75,75 76,71,73 73,71,72 98,75,60 120,70,39 128,73,28 117,69,26 102,58,32 80,53,35
136,119,72 46,72,11 101,74,27 47,53,1 170,96,3 154,90,5 148,102,2 142,97,4 131,89,6 125,86,6 113,76,5 101,71,4 89,67,2 81,62,9 69,53,9 63,51,14 59,49,11 58,48,10 106,50,24 81,40,22 56,35,12 47,24,13 58,27,15 58,31,13 56,45,10 56,45,10 49,45,8 49,45,10 51,47,10 52,48,11 65,50,14 52,40,14 61,42,19 66,67,48 36,41,21 15,40,22 25,49,27 34,60,35 43,42,45 54,45,41 74,54,34 65,47,28 31,30,33 31,30,33 37,30,28 110,70,34 104,71,44 58,46,48 50,45,44 41,40,43 59,59,59 62,62,62 75,74,77 76,75,78 76,70,75 71,70,73 61,61,61 58,58,58 87,77,67 105,72,47 121,70,33 119,71,26 104,60,32 82,56,35
59,89,29 33,62,7 50,50,7 10,50,9 157,91,7 164,95,10 121,77,10 139,94,5 129,87,4 123,85,7 110,78,5 99,71,3 88,65,5 77,61,7 68,54,9 61,51,11 59,49,11 58,48,10 71,42,9 60,30,15 37,18,6 45,23,15 61,30,18 58,27,15 53,39,10 51,45,11 50,44,10 49,45,8 49,45,10 51,47,10 55,38,12 55,42,19 42,35,15 15,33,20 28,35,17 12,35,16 20,41,20 29,55,30 31,44,32 65,50,30 68,56,44 45,36,32 36,35,40 30,31,34 46,37,33 105,66,34 98,67,44 63,54,48 38,36,34 40,35,37 37,34,38 60,57,63 67,66,69 71,70,73 66,65,68 60,59,62 55,54,59 59,58,63 55,53,54 93,73,55 104,67,43 103,56,24 105,61,35 85,59,38
41,78,16 15,55,3 53,57,3 10,53,13 130,77,13 153,87,5 132,80,9 133,92,4 124,85,3 114,78,2 107,72,5 93,66,1 87,64,4 74,59,10 65,54,8 62,50,13 61,51,13 61,51,13 61,46,8 74,33,15 99,47,26 76,33,14 52,26,16 54,26,15 51,39,9 51,45,11 51,47,10 51,47,10 49,45,10 58,47,12 52,39,16 55,43,17 39,42,22 10,35,17 27,32,12 15,34,14 13,33,17 21,47,24 38,58,40 63,41,23 66,54,44 42,36,41 34,34,34 32,33,36 47,43,35 94,65,32 87,61,36 65,54,49 32,31,24 36,38,38 30,27,31 30,27,31 46,44,52 48,48,48 41,42,47 45,46,49 49,46,50 53,52,57 51,48,52 49,44,41 100,73,55 82,65,41 75,48,32 80,56,32
41,74,18 15,55,5 74,57,20 6,51,9 105,76,25 122,75,14 136,80,6 103,66,11 118,82,6 113,76,3 106,73,5 95,71,7 84,65,8 75,58,11 65,54,8 61,51,13 60,53,14 60,53,14 58,48,10 123,50,20 144,60,27 103,43,22 44,23,12 46,23,12 50,44,10 51,47,10 51,47,10 51,47,10 48,47,9 57,43,14 50,38,12 51,38,17 36,41,21 49,55,28 13,31,18 15,30,14 12,30,15 13,33,15 35,55,37 64,47,37 49,42,40 33,30,34 29,28,33 27,24,30 41,34,34 89,60,25 83,54,30 69,53,40 43,38,26 41,35,30 31,30,33 33,33,33 25,24,29 34,37,48 30,33,40 41,39,47 41,40,45 38,37,40 37,36,39 40,39,42 90,74,59 96,77,61 72,57,48 63,46,49
40,65,20 22,51,9 17,46,6 9,50,6 13,47,4 92,62,16 126,73,7 120,74,8 99,69,11 110,76,6 105,72,4 91,67,3 81,62,7 73,58,9 65,54,10 62,52,14 57,50,11 59,52,13 57,50,11 122,49,17 131,56,29 95,43,22 53,25,14 40,21,7 49,45,8 52,48,11 52,48,11 51,48,8 56,45,12 50,38,12 51,39,13 29,25,6 16,31,17 24,37,21 14,27,11 8,23,9 10,28,11 14,32,17 27,45,30 26,24,25 25,23,24 27,26,29 34,33,36 34,32,33 33,31,32 81,54,18 85,55,27 80,51,27 71,50,25 63,41,23 41,25,19 32,31,36 30,29,32 37,29,35 33,28,30 23,18,17 30,23,33 33,33,33 37,36,39 39,38,41 61,56,53 106,78,65 83,71,61 68,61,64