23,23,33 26,24,32 23,21,29 25,23,31 25,24,29 36,34,42 23,24,29 21,26,34 34,37,48 36,39,50 22,24,38 28,32,45 29,33,46 31,36,46 29,34,42 29,32,41 24,22,30 24,24,32 23,23,31 27,26,31 34,33,38 24,22,30 48,51,62 59,66,78 42,42,54 75,56,44 21,23,20 66,37,17 39,35,44 31,31,43 156,97,49 27,32,40 32,35,53 47,56,69 29,37,46 38,36,44 30,29,34 71,34,10 24,24,34 24,29,39 21,24,31 24,29,37 22,29,41 28,32,47 20,24,37 36,39,48 66,39,23 28,33,43 27,30,39 32,37,45 27,32,40 28,32,45 30,33,42 27,31,44 27,32,42 81,50,27 203,116,48 94,55,23 82,45,21 66,34,18 168,107,62 97,59,38 77,43,21 110,58,26
22,22,30 24,23,28 23,21,31 36,36,46 27,26,31 27,25,33 27,25,35 26,25,30 41,41,51 43,41,49 32,37,47 33,37,50 38,42,55 39,42,60 26,31,39 23,26,33 21,25,29 24,24,32 33,36,47 34,34,42 18,18,26 28,31,40 27,25,33 29,27,35 39,37,38 107,70,46 17,19,19 124,78,41 21,24,35 26,23,38 56,48,65 34,36,50 28,28,36 23,26,33 24,24,32 35,30,32 30,32,46 67,45,25 23,26,35 23,26,35 24,24,32 27,30,37 25,32,44 34,36,50 26,31,41 41,44,53 149,97,49 23,26,33 23,26,37 26,31,37 29,34,42 26,31,39 26,34,43 24,29,37 29,29,37 90,54,25 91,51,28 73,44,22 57,41,35 47,29,10 90,42,13 113,63,32 129,76,35 121,72,32
24,22,30 24,23,28 21,22,27 23,23,23 24,23,28 24,23,26 23,22,25 29,27,35 26,25,30 34,36,50 32,38,55 28,33,43 29,31,45 24,29,39 21,24,35 21,24,31 21,22,27 22,23,28 36,39,48 42,46,61 18,22,24 33,37,50 27,32,42 27,28,31 40,25,14 123,73,40 21,27,30 147,83,37 81,70,67 25,26,29 26,25,28 29,34,42 38,42,57 38,42,55 40,42,56 26,29,47 26,31,41 31,30,45 37,28,41 23,26,35 23,23,31 21,26,34 26,30,43 27,31,44 28,33,41 39,43,56 141,86,43 30,30,42 27,25,33 28,31,40 23,26,35 22,23,26 28,20,26 28,22,17 50,33,25 55,36,20 64,42,24 77,51,26 110,70,45 84,51,26 115,69,41 101,53,26 115,72,39 122,69,28
24,22,30 24,23,26 23,22,25 24,23,26 23,22,27 24,23,26 24,23,28 25,21,30 24,22,30 21,18,22 23,25,25 23,23,31 24,24,32 24,23,28 23,22,27 27,32,42 20,24,26 22,24,24 33,35,49 39,43,56 44,44,52 22,21,24 32,35,42 27,28,33 54,33,22 67,37,22 25,26,31 147,80,35 81,61,54 25,24,27 24,25,28 23,26,37 39,47,63 42,45,56 27,28,31 21,26,34 20,25,33 23,26,37 42,36,41 27,27,35 24,24,32 23,26,33 21,26,36 24,29,39 25,30,40 38,47,58 32,27,29 39,28,21 61,41,23 49,33,20 43,29,15 48,34,18 54,35,21 56,36,18 72,48,26 83,49,27 77,44,19 88,52,30 95,51,23 114,66,37 111,64,30 118,69,31 119,68,31 112,62,29
23,23,31 25,25,33 24,24,32 25,23,31 25,23,31 23,22,25 23,21,29 23,22,25 24,23,26 24,23,26 23,22,25 23,22,25 23,22,25 24,22,30 24,24,32 22,23,28 22,23,28 22,22,32 20,24,28 27,27,39 28,23,25 19,23,27 20,24,26 25,26,31 60,40,31 30,19,14 27,27,27 137,91,73 29,21,29 23,23,31 23,24,29 26,34,41 41,46,56 34,38,51 23,23,31 23,23,31 23,24,29 25,23,31 21,24,35 41,34,32 80,59,44 25,23,24 25,25,25 27,22,24 33,23,22 40,26,28 39,28,25 45,31,17 39,27,17 53,37,24 65,44,29 64,41,26 65,45,25 65,40,21 77,46,25 73,42,21 92,55,31 83,49,27 109,61,34 103,57,29 125,75,33 124,77,43 104,70,48 91,59,43
25,25,33 27,25,33 25,25,33 27,25,33 27,25,33 25,23,31 26,24,32 27,26,31 23,22,27 23,22,27 24,23,28 24,23,26 24,23,26 24,22,30 24,23,26 23,22,25 24,24,24 22,23,28 23,22,25 24,23,28 26,19,19 23,26,33 22,25,32 21,22,27 58,42,29 33,31,29 47,37,38 49,38,23 32,29,33 21,25,29 29,28,31 33,38,48 26,29,36 49,49,57 23,24,29 24,24,34 22,23,28 20,21,24 22,21,24 24,23,26 27,21,26 25,23,24 29,22,25 26,21,23 33,23,27 36,24,26 35,25,24 45,30,21 48,31,21 51,34,24 52,36,21 60,41,27 70,45,28 77,48,26 81,52,28 88,57,36 111,63,36 54,33,29 77,54,39 77,54,43 66,47,33 74,53,42 70,49,36 66,45,32
23,23,31 24,24,32 23,23,31 25,23,31 26,25,28 26,24,32 26,25,30 27,25,33 27,25,33 26,24,32 27,25,33 26,24,32 24,23,28 23,22,25 23,22,25 23,22,25 24,23,28 24,22,30 22,22,30 25,24,29 19,17,18 29,28,33 27,25,33 22,23,28 52,41,26 34,39,45 118,83,47 95,55,32 20,24,28 25,26,31 21,22,25 24,24,24 48,48,56 20,22,22 21,23,23 20,21,24 20,21,24 20,21,24 20,21,24 23,22,25 25,22,26 26,24,25 25,23,24 25,23,24 36,26,27 39,29,30 26,20,27 50,38,26 55,36,22 57,38,26 56,41,32 51,35,31 43,31,33 44,34,38 44,32,32 52,39,36 33,28,27 25,25,25 26,24,34 21,24,31 24,25,28 30,24,29 48,34,34 25,23,19
22,23,28 23,23,33 23,23,31 23,23,31 23,23,31 23,23,31 22,25,32 26,24,32 24,24,32 26,24,32 26,24,32 27,25,33 25,25,33 24,24,32 24,22,30 25,23,33 25,25,33 23,23,31 21,21,29 22,25,34 33,37,50 30,28,36 34,30,41 36,31,30 60,47,42 101,77,55 102,71,52 156,98,61 20,21,24 20,21,24 20,21,24 20,21,24 20,21,24 21,22,25 18,19,22 20,21,24 21,22,27 21,22,27 23,22,25 25,22,26 95,67,38 28,22,27 34,26,32 35,30,32 47,37,41 42,31,38 40,32,38 31,30,35 37,30,40 37,34,40 32,29,35 23,26,33 24,29,35 23,24,29 24,25,30 27,25,33 27,28,31 22,26,28 22,22,30 21,26,36 26,31,41 29,33,48 22,29,41 23,23,31
40,43,61 32,37,47 29,32,43 32,37,47 25,25,35 24,24,32 19,25,28 22,23,28 25,25,33 24,25,30 22,22,30 24,23,26 23,23,31 26,25,30 24,24,32 25,25,33 25,25,33 23,26,33 25,25,33 24,24,34 22,22,30 19,22,29 22,26,30 30,24,31 46,25,23 95,66,44 100,68,24 91,42,4 19,23,25 20,21,24 21,22,25 19,23,25 21,22,25 21,21,29 22,23,28 22,22,30 19,22,29 23,23,33 25,25,35 26,29,38 70,45,17 34,28,33 24,24,36 29,28,31 24,24,32 28,22,27 31,29,37 29,32,39 27,28,33 22,26,30 20,25,31 20,25,33 21,26,36 30,28,36 28,31,38 30,33,42 29,33,46 22,27,35 23,27,31 26,31,39 21,26,36 32,36,49 27,31,44 31,35,48
32,36,51 27,34,48 35,39,52 32,36,49 35,39,52 33,37,50 26,29,36 32,37,45 26,31,41 29,34,44 25,29,42 25,32,44 31,36,44 22,27,35 25,30,38 24,25,30 27,27,35 24,24,32 24,22,30 22,22,30 22,25,34 20,21,26 29,29,39 64,36,25 63,37,27 82,45,32 89,43,15 103,56,24 117,57,34 27,24,28 23,24,29 24,24,34 22,25,34 25,28,37 25,25,35 27,27,37 27,28,33 24,24,32 21,22,25 23,23,31 72,48,24 42,21,6 24,24,24 24,24,32 29,30,35 35,29,24 41,40,43 25,28,35 24,29,35 24,22,30 25,28,35 28,28,36 24,29,35 26,29,38 24,29,35 27,30,39 25,30,36 25,30,40 29,34,42 27,32,40 29,34,44 28,32,45 24,28,41 31,35,48
33,37,50 26,33,45 28,33,43 31,35,48 20,25,31 25,30,40 28,33,41 26,31,39 25,30,38 25,30,36 25,33,42 23,26,37 26,29,40 22,27,33 20,24,28 24,23,26 23,24,29 27,27,37 23,23,31 23,23,31 21,24,31 23,21,29 57,37,30 40,17,14 51,24,17 76,40,32 90,40,25 76,42,24 117,54,30 53,31,23 24,25,30 23,23,31 22,22,32 24,25,30 22,25,32 27,27,35 24,25,30 23,24,29 23,24,29 24,25,30 51,32,18 124,89,51 25,22,26 43,41,49 23,24,29 78,53,34 29,28,33 22,27,33 29,32,39 25,28,35 27,32,42 24,24,36 25,28,39 26,31,41 26,31,41 29,34,44 27,31,44 27,32,40 30,33,44 31,35,48 27,31,44 28,32,45 24,28,41 26,31,39
36,40,55 30,32,46 25,30,38 22,27,37 26,29,40 21,26,34 19,24,32 25,31,34 22,27,35 24,29,35 25,30,38 29,32,41 22,27,33 23,26,33 23,24,29 23,24,29 23,23,33 23,24,29 27,27,37 22,22,30 25,23,31 21,22,27 65,49,16 57,43,14 60,38,18 65,41,8 114,85,13 80,65,16 92,36,10 100,37,13 24,24,32 24,24,32 24,25,28 23,25,25 23,24,27 23,23,31 24,24,32 23,24,29 24,25,30 23,24,29 33,26,24 125,81,43 24,21,25 28,25,29 27,20,18 108,72,39 21,21,29 21,26,34 26,31,41 20,24,37 28,33,43 26,24,32 30,32,46 25,30,40 24,28,41 21,26,34 22,27,37 24,28,41 24,28,41 28,32,45 25,30,40 29,34,44 21,26,34 22,27,35
26,30,43 22,27,37 22,27,37 31,36,44 18,26,33 26,31,37 24,29,35 25,30,38 26,31,39 24,29,35 23,31,38 27,27,35 25,28,35 27,27,35 23,23,31 23,24,27 25,25,33 24,24,32 25,26,31 27,27,35 22,22,30 22,23,28 36,19,9 46,29,19 74,67,26 76,65,48 64,56,22 77,55,17 86,42,16 78,43,0 23,23,33 22,22,30 24,24,32 23,24,29 24,25,28 24,24,32 23,24,29 24,25,30 24,24,32 24,25,28 26,23,27 85,59,34 25,24,27 25,22,28 27,23,17 116,76,40 26,29,40 27,30,37 34,39,47 24,29,37 26,30,43 29,34,42 31,36,44 19,24,32 28,33,39 28,32,45 28,33,41 24,29,39 21,26,36 26,31,39 19,24,34 25,28,35 25,23,33 21,24,31
31,36,46 33,36,47 29,33,46 32,36,49 32,35,44 27,32,40 25,30,40 32,35,46 27,32,40 27,32,38 29,32,43 25,28,39 21,24,31 20,23,30 20,21,26 21,22,25 21,22,25 21,22,25 21,22,25 27,25,33 26,24,32 23,23,31 28,33,39 38,31,4 81,78,36 86,68,26 73,67,31 128,77,12 75,28,7 43,26,27 24,24,32 25,25,33 24,25,30 24,24,32 24,24,32 24,25,28 24,25,30 22,23,26 23,23,31 23,24,27 25,24,27 55,40,31 29,20,14 26,25,28 33,23,22 117,78,46 19,24,23 21,22,25 22,22,30 22,27,35 22,27,37 27,32,40 21,26,36 26,31,41 25,30,38 28,33,43 28,32,45 27,32,42 26,31,39 24,29,37 24,29,37 23,27,31 23,24,29 23,24,29
26,31,39 32,37,45 33,38,46 28,30,44 34,39,49 25,30,40 28,33,43 23,26,35 28,31,42 24,29,37 28,33,39 27,32,42 27,32,38 20,23,30 21,22,25 21,22,25 22,23,26 21,22,25 21,22,25 21,21,29 28,28,36 23,23,31 28,31,38 79,81,26 80,78,29 61,56,13 118,81,10 103,68,14 39,25,25 22,23,26 23,24,29 24,24,32 26,24,34 24,24,32 23,23,31 23,24,29 24,25,30 24,25,28 23,23,31 27,25,26 35,29,34 52,35,25 20,16,8 38,28,27 33,27,18 54,34,27 34,32,42 34,39,49 26,33,45 23,26,37 26,30,43 24,29,39 21,26,36 25,30,40 28,33,43 24,29,39 25,30,40 25,30,38 28,31,40 29,29,39 26,24,32 24,24,32 24,24,32 23,23,31
31,36,46 25,30,40 28,33,43 28,33,39 31,36,46 28,33,43 27,32,40 28,33,43 26,30,43 32,36,49 26,31,39 32,37,45 29,34,42 28,28,36 22,23,28 21,22,27 22,23,26 22,23,26 21,22,25 22,23,28 25,26,31 56,47,18 55,55,12 68,66,17 69,70,22 68,65,21 111,80,20 167,119,33 31,32,35 26,23,29 22,26,30 28,33,43 25,25,37 23,24,29 25,26,29 24,24,32 24,25,28 24,25,30 24,24,34 34,34,44 36,37,42 24,24,24 16,14,15 56,40,23 92,67,39 45,31,31 51,39,44 21,25,29 22,23,26 22,23,26 25,28,39 26,30,43 32,36,49 28,31,42 26,31,41 27,32,40 32,37,47 24,29,39 19,27,32 23,26,35 24,24,34 24,24,32 24,24,32 23,24,29
31,35,50 27,32,42 27,32,38 29,33,46 31,34,52 32,37,47 29,33,46 31,35,50 35,39,52 28,32,45 31,36,46 27,32,38 32,36,49 24,29,37 23,23,33 21,22,25 23,24,29 22,23,28 22,23,28 19,23,25 10,41,15 47,46,19 76,49,6 69,55,1 100,71,8 142,88,2 172,105,10 169,100,1 117,84,18 21,24,31 24,29,37 26,29,40 27,28,33 23,24,27 25,26,31 24,25,30 23,24,29 22,23,26 26,24,32 35,36,39 29,28,31 26,26,26 21,19,20 58,39,14 46,34,34 55,36,40 54,40,26 30,30,42 20,20,28 19,23,25 26,29,36 31,35,48 27,32,42 27,32,40 28,33,41 25,30,40 22,27,37 26,31,39 25,25,37 24,24,32 24,24,32 24,24,32 23,23,31 23,23,33
28,33,43 25,28,37 26,31,37 32,36,49 35,39,52 29,34,42 32,36,49 33,37,50 28,33,43 33,37,50 32,36,49 29,33,46 35,39,52 25,30,38 24,25,30 21,22,25 22,23,26 22,24,24 23,24,27 18,46,23 8,36,11 10,36,13 34,33,8 104,73,9 123,80,6 150,94,0 137,89,3 165,99,0 147,93,16 29,49,22 28,30,44 26,28,44 22,25,32 25,25,33 25,25,33 25,26,29 25,25,33 32,31,34 139,91,64 36,35,40 30,29,32 29,30,35 20,21,24 72,36,14 26,25,28 38,31,34 46,33,28 72,50,42 40,32,40 48,48,60 48,52,65 36,41,51 28,33,41 25,33,38 27,32,38 29,27,35 29,27,37 24,24,32 23,23,31 23,23,31 23,23,31 23,23,31 24,24,32 23,23,31
28,28,36 24,23,26 21,22,25 23,22,25 23,22,25 23,24,29 32,35,44 25,30,40 27,34,48 34,39,47 29,36,50 34,41,55 33,35,49 26,29,38 23,24,29 23,24,27 23,23,31 22,23,28 22,23,28 9,40,14 9,35,10 10,36,11 24,34,10 80,55,9 112,80,9 147,93,5 128,81,0 156,97,4 141,100,32 20,55,7 27,35,42 32,37,45 27,27,35 23,24,27 24,24,32 22,25,32 25,25,33 48,61,78 34,39,45 31,30,33 31,30,33 30,28,36 16,15,18 90,40,0 27,27,35 35,25,26 45,32,27 52,32,23 30,32,46 22,23,26 21,22,25 24,24,32 28,33,41 25,25,33 22,27,35 25,25,33 24,25,30 23,23,31 23,23,31 23,23,31 24,24,32 24,24,32 23,23,31 23,24,29
21,25,29 20,21,24 20,21,24 20,21,24 21,22,25 21,22,25 21,23,23 22,27,35 33,40,54 25,29,42 35,39,54 34,38,53 31,38,50 23,27,29 22,23,26 23,25,25 24,25,28 21,25,29 19,28,28 9,40,14 10,37,9 11,36,9 32,42,16 62,54,18 96,74,9 127,83,5 133,84,0 163,100,6 154,95,20 13,52,9 26,34,43 28,33,41 25,26,31 22,23,26 24,24,32 23,26,33 28,28,36 46,47,66 36,41,47 30,29,32 25,24,27 29,28,33 14,12,13 179,104,36 27,27,35 34,29,26 41,29,31 49,32,22 77,55,37 25,35,43 21,22,25 24,25,30 37,38,43 30,28,36 23,26,35 24,24,32 24,25,28 24,25,30 23,24,29 24,24,32 24,24,32 24,25,30 24,24,34 21,22,27
22,21,24 18,19,24 18,19,22 18,19,22 18,19,22 21,22,25 22,23,26 21,22,25 34,38,51 39,43,58 19,22,31 23,22,25 16,19,28 32,39,51 21,22,27 23,24,27 22,23,28 33,41,46 28,51,32 12,36,14 12,34,8 16,29,6 41,49,26 22,34,14 36,30,0 46,39,0 56,49,6 76,66,17 53,48,0 11,40,8 31,36,46 33,38,48 23,24,27 22,23,26 22,26,30 24,25,30 28,28,38 39,43,56 30,34,36 29,28,33 32,33,38 27,27,27 21,11,12 207,118,35 23,27,31 24,25,30 26,25,28 48,31,23 56,39,29 83,58,41 47,37,41 33,31,43 34,30,41 35,35,43 24,24,32 23,24,29 24,25,28 25,26,31 22,22,30 24,24,32 23,23,31 23,24,29 23,24,27 24,24,32
18,19,22 18,19,22 18,19,22 20,21,24 36,39,50 18,19,24 18,19,22 21,22,25 20,22,22 22,23,26 23,24,29 21,23,23 18,18,26 34,37,44 25,25,35 20,24,26 21,22,25 22,23,26 16,50,20 8,37,7 26,37,8 26,29,7 33,36,14 16,28,8 21,31,7 17,34,8 49,44,14 34,32,0 99,74,17 14,38,14 24,61,26 30,33,40 21,25,27 21,25,29 24,24,34 24,26,26 24,24,32 33,36,47 28,30,30 33,32,37 28,31,38 25,27,27 38,28,18 201,124,50 25,28,35 24,24,32 25,25,33 44,28,22 52,32,23 62,46,31 29,31,47 21,22,25 26,25,28 37,31,38 25,25,35 24,24,32 24,24,32 24,24,32 24,25,30 26,25,28 24,24,32 23,24,29 22,23,26 23,24,27
18,19,22 18,19,22 18,19,22 18,19,22 20,19,24 20,21,24 20,21,24 18,19,22 20,21,24 18,19,22 18,19,22 18,19,22 18,19,22 18,19,22 16,20,22 18,19,22 18,23,22 21,23,23 22,36,29 17,49,20 99,99,38 87,68,11 76,66,28 20,30,8 18,28,6 32,38,9 51,45,11 36,42,3 57,54,1 7,26,4 17,43,20 41,58,34 23,24,27 23,23,31 24,25,28 24,25,28 24,24,32 39,43,56 31,31,41 28,28,36 29,32,39 25,24,27 60,39,28 41,42,47 25,30,36 24,29,39 27,30,41 42,29,24 48,36,26 55,41,27 72,49,36 19,23,25 22,24,24 28,26,27 35,32,38 24,24,32 24,24,32 24,24,32 24,25,30 23,26,33 25,25,33 23,26,37 22,25,32 28,33,41
18,19,22 18,19,22 18,19,22 18,19,22 18,19,22 20,21,24 20,21,24 20,21,24 20,21,24 20,21,24 18,19,22 18,19,22 18,19,22 18,19,22 21,22,25 20,21,24 21,22,25 21,22,25 20,21,24 12,32,16 99,97,48 86,77,30 41,34,3 41,39,10 33,41,18 36,45,17 34,35,0 22,32,8 13,56,14 23,60,25 26,39,14 183,131,31 24,25,28 24,24,32 24,24,32 23,23,31 24,24,32 28,33,43 49,53,68 36,36,44 30,33,40 27,26,29 50,39,22 38,42,57 31,35,48 28,33,43 21,24,31 29,23,28 32,22,21 59,38,25 64,45,31 74,52,34 51,40,47 39,36,42 38,27,34 27,27,35 24,24,32 24,25,28 22,27,33 25,28,35 25,28,37 24,29,35 25,30,38 25,28,35
18,19,22 18,19,22 18,19,22 18,19,22 18,19,22 20,21,24 20,21,24 20,21,24 20,21,24 20,21,24 18,19,22 18,19,22 18,19,22 18,19,22 20,21,24 20,21,24 21,22,25 21,22,25 21,22,27 22,29,24 47,60,17 87,80,39 70,51,12 11,19,5 15,31,12 14,36,10 21,47,11 20,59,25 17,60,20 21,61,22 25,60,21 77,90,47 133,107,66 24,25,30 24,24,34 23,24,29 25,25,33 31,36,44 31,29,39 34,34,42 34,34,42 28,29,34 32,21,18 59,47,37 27,32,40 27,27,37 23,26,33 23,27,31 45,32,25 49,35,21 57,38,26 76,60,56 17,23,26 24,23,26 27,25,26 47,41,48 25,25,33 22,25,32 25,30,38 25,30,38 25,30,38 29,32,41 32,35,44 26,31,37
18,19,22 18,19,22 18,19,22 18,19,22 18,19,22 20,21,24 20,21,24 20,21,24 21,22,25 18,19,22 18,19,22 18,19,22 18,19,22 18,19,22 18,19,22 20,21,24 20,21,24 21,22,27 23,24,27 10,33,16 22,48,23 10,35,19 11,31,15 11,29,14 9,37,12 10,48,19 13,52,20 12,51,17 12,51,19 12,51,15 11,53,16 11,53,16 144,88,14 21,27,28 27,25,35 25,24,29 23,27,31 30,33,44 29,29,39 35,35,45 34,34,42 31,27,40 32,26,31 53,26,8 83,59,37 53,28,11 34,36,50 26,30,32 27,26,29 43,29,29 67,47,38 66,40,28 54,38,32 100,66,36 113,69,31 49,28,13 30,30,38 26,31,39 24,32,41 27,32,40 25,30,38 35,40,50 31,36,46 32,37,47
18,19,22 18,19,22 18,19,22 18,19,22 18,19,22 33,36,43 32,38,41 44,44,56 40,43,52 47,45,55 37,37,47 37,40,47 37,37,45 36,39,48 38,43,51 40,43,50 40,43,52 48,52,67 37,39,53 27,44,36 24,50,27 18,44,21 16,37,16 11,37,14 9,35,10 8,45,14 7,39,8 11,40,8 11,46,9 12,44,11 8,45,10 7,39,8 31,59,11 119,79,43 102,66,37 113,74,44 136,100,78 136,95,66 157,109,66 31,31,39 29,32,39 38,35,39 29,29,37 90,57,32 188,123,68 143,89,41 161,103,50 64,48,35 80,49,28 113,73,48 113,72,41 62,50,50 35,32,36 49,40,36 104,67,41 126,78,33 124,74,43 119,69,38 44,32,32 29,32,41 27,32,40 22,25,32 28,31,40 22,25,36
18,19,22 18,19,22 18,19,22 18,19,22 18,19,22 26,25,28 26,26,26 29,29,29 26,26,26 25,25,25 25,25,25 25,25,25 26,24,25 25,25,25 25,25,25 25,25,25 25,25,25 25,25,25 22,24,24 20,25,21 11,23,5 18,41,22 17,38,15 19,43,21 6,37,11 8,45,12 11,38,8 12,36,12 7,39,8 9,41,8 13,40,8 9,37,12 12,44,13 84,56,29 98,64,42 100,65,40 136,92,54 147,99,52 140,95,51 26,32,33 30,34,36 25,29,33 25,29,33 27,25,35 81,60,37 91,65,44 43,37,32 32,25,35 28,24,33 30,29,32 28,33,41 29,33,37 32,36,40 25,30,29 25,24,29 30,23,26 84,49,34 116,76,42 95,59,28 110,70,34 26,29,36 25,28,35 28,29,34 25,23,31
19,16,20 18,19,22 18,19,22 18,19,22 18,19,22 29,29,29 27,27,27 26,26,26 27,27,27 27,27,27 25,25,25 25,25,25 25,25,25 24,24,24 25,25,25 25,25,25 25,25,25 25,25,25 25,25,25 25,25,25 13,25,7 2,25,6 21,42,21 18,42,20 6,37,11 10,47,14 8,37,7 12,36,12 9,38,6 10,37,5 10,38,3 12,32,7 7,39,10 60,72,36 77,51,26 96,66,40 128,85,52 150,102,57 143,99,48 34,30,39 26,30,32 27,28,31 27,28,33 28,29,32 30,31,36 25,28,35 25,29,31 26,30,34 28,28,36 30,31,36 29,30,35 32,30,38 29,28,33 25,24,27 28,29,34 25,24,27 28,26,27 50,38,28 80,51,27 80,51,29 77,61,57 39,54,72 33,36,47 28,28,36
18,15,19 20,21,24 18,19,22 18,19,22 18,19,22 27,27,27 27,27,27 27,27,27 27,27,27 26,26,26 26,26,26 27,27,27 25,25,25 25,25,25 25,25,25 25,25,25 25,25,25 25,25,25 25,25,25 21,26,25 10,23,9 6,21,7 19,42,23 16,40,18 5,36,10 8,45,12 17,40,5 14,36,10 10,35,6 11,38,8 9,36,6 10,31,8 8,34,9 18,48,13 82,56,31 103,66,40 119,81,46 137,91,52 127,84,51 36,35,40 31,31,39 28,28,36 30,28,38 31,31,39 31,32,37 25,28,35 28,29,34 31,31,39 29,29,37 29,29,37 24,24,32 25,24,29 24,21,25 30,29,32 27,30,37 29,30,33 26,25,28 27,24,28 27,24,28 30,25,24 30,23,21 64,55,47 43,55,77 42,57,75
19,18,21 18,19,22 18,19,22 18,19,22 23,22,25 26,26,26 29,29,29 26,26,26 26,26,26 26,26,26 26,26,26 26,26,26 25,25,25 25,25,25 25,25,25 24,24,24 25,25,25 25,25,25 25,25,25 16,30,21 4,24,10 8,23,9 20,40,24 21,42,21 10,36,11 9,43,13 27,51,13 14,34,9 14,36,10 12,34,6 13,35,7 11,30,8 9,34,14 13,42,14 84,55,33 97,64,39 100,66,34 130,87,52 142,99,54 32,33,38 28,29,34 27,28,31 29,29,37 31,31,39 32,32,40 31,29,37 29,32,39 31,31,39 30,30,38 29,29,37 28,29,34 29,33,35 26,25,28 29,30,33 31,32,37 27,28,31 26,25,28 25,24,29 27,24,28 26,23,27 91,67,41 55,35,28 26,29,36 31,39,44
20,17,21 18,19,22 18,19,22 18,19,22 24,23,26 26,26,26 27,27,27 26,26,26 25,25,25 26,26,26 26,26,26 26,26,26 24,24,24 25,25,25 26,26,26 25,25,25 25,25,25 26,26,26 29,29,29 8,33,15 6,24,9 7,27,13 19,39,21 18,38,22 7,35,12 9,42,15 32,59,18 12,33,10 12,33,12 12,33,10 12,34,8 10,31,10 5,28,11 10,34,12 90,56,34 100,65,40 117,78,46 126,83,50 133,88,55 31,32,35 27,28,31 28,29,34 31,32,37 34,34,42 28,31,38 29,29,37 30,33,40 31,31,39 28,28,36 29,30,35 31,31,39 30,31,34 26,25,28 28,29,32 25,24,29 29,30,35 25,26,29 22,21,24 24,24,24 21,19,20 128,69,23 28,20,26 40,51,64 26,29,36
19,18,21 18,19,22 18,19,22 18,19,22 18,19,22 26,26,26 26,26,26 26,26,26 26,26,23 26,26,26 26,26,26 26,26,26 24,24,24 24,24,24 25,25,25 24,24,24 24,24,24 24,24,21 26,26,26 8,33,13 7,27,13 4,24,10 23,44,23 12,35,16 8,34,9 4,40,12 49,73,33 13,32,10 10,31,10 13,33,6 12,31,9 16,29,13 43,43,13 55,41,12 81,55,30 81,55,30 100,64,35 99,67,37 97,61,32 30,30,38 30,31,36 28,28,36 31,31,39 31,31,39 34,34,42 34,32,40 32,30,38 29,29,37 35,35,43 30,30,38 32,33,36 30,31,36 30,27,31 26,25,28 25,26,29 25,24,27 23,22,27 24,23,26 20,20,20 23,21,22 129,78,25 25,23,21 51,49,50 25,33,42
19,18,21 18,19,22 18,19,22 18,19,22 26,26,26 26,26,26 25,25,25 23,22,25 22,22,22 24,24,24 24,24,24 25,25,25 24,23,26 24,23,26 25,25,25 25,24,27 25,24,27 26,25,30 25,24,27 9,33,11 5,28,11 5,25,11 23,46,27 11,34,15 8,34,11 50,50,18 58,37,0 25,22,26 10,18,8 25,22,26 29,22,22 20,19,12 52,46,10 64,50,7 129,99,30 116,80,49 115,76,44 117,77,43 129,83,53 28,32,34 32,33,36 27,28,31 34,34,42 35,36,41 32,36,40 34,34,42 30,30,40 31,31,39 30,33,42 31,32,37 35,36,39 30,29,32 27,24,28 26,25,28 24,23,26 25,24,29 24,24,24 20,20,20 22,22,19 25,23,31 121,85,54 31,31,41 55,45,33 30,39,41
20,19,22 18,19,22 18,19,22 18,19,22 25,25,25 25,25,25 25,25,25 24,24,24 24,24,24 24,24,24 25,25,25 24,24,24 25,25,25 25,25,25 25,25,25 24,24,24 24,24,24 25,25,25 23,25,25 5,32,12 8,34,11 4,27,10 13,38,20 18,28,20 57,53,7 83,70,9 76,52,0 28,23,25 29,24,23 43,32,27 45,32,25 25,16,10 24,18,9 30,27,14 90,81,23 43,40,27 101,65,36 120,80,46 118,77,46 67,47,38 33,32,35 32,33,36 35,35,43 35,36,41 32,36,40 34,37,46 35,35,43 30,33,44 36,36,44 35,38,45 29,29,39 27,31,35 30,29,32 29,28,31 29,28,31 24,23,26 20,20,20 20,19,22 23,24,27 43,27,23 66,65,68 38,49,62 50,37,34 49,59,77
22,21,24 20,19,22 18,19,22 18,19,22 28,25,29 25,25,25 24,24,24 24,24,24 24,24,24 24,24,24 24,24,24 24,24,24 23,23,23 24,24,24 25,25,25 25,25,25 25,25,25 25,25,25 26,26,26 9,34,14 7,33,8 7,30,11 21,26,22 27,25,26 73,68,38 39,35,27 50,47,23 26,23,29 30,23,23 33,26,26 46,35,28 51,37,23 62,46,29 62,43,27 56,40,23 27,23,15 39,35,27 82,61,38 125,84,53 133,94,53 32,33,36 32,33,36 31,29,37 34,39,47 35,38,45 35,38,47 32,33,38 33,36,43 31,36,44 37,37,47 29,29,37 29,28,31 33,32,37 26,25,28 26,25,28 18,17,20 21,19,20 24,22,23 29,24,26 80,63,53 54,50,61 66,57,68 31,22,18 63,56,59