25,22,26 27,21,26 25,23,24 25,22,28 25,22,28 23,22,25 24,21,25 24,21,25 24,21,25 21,18,22 20,17,21 19,18,21 20,19,22 20,19,22 20,19,22 23,22,25 20,19,22 20,19,22 20,19,22 19,18,21 20,19,22 20,19,22 20,19,22 20,19,22 20,19,22 20,19,22 20,19,22 24,21,25 24,21,27 24,21,25 19,18,23 20,20,20 15,17,17 50,34,17 33,26,24 37,20,21 147,108,28 126,94,39 114,70,19 111,45,13 76,58,26 62,44,23 48,34,9 27,20,18 21,18,22 32,22,21 20,19,22 20,19,22 20,19,22 20,19,22 20,19,22 22,21,24 40,29,22 38,27,24 20,19,22 22,21,24 20,19,22 20,19,22 20,19,22 20,19,22 20,19,22 19,18,21 20,19,22 23,22,25
25,22,26 27,20,30 25,22,28 25,21,30 25,22,28 25,22,26 24,21,25 24,21,25 24,21,25 25,22,26 26,20,25 22,21,24 20,19,22 20,19,22 20,19,22 20,19,22 20,19,22 20,19,22 20,19,22 22,21,24 20,19,22 20,19,22 20,19,22 19,18,21 20,19,22 20,19,22 20,19,22 22,21,24 24,21,25 24,21,25 20,19,24 28,23,25 29,17,17 107,69,3 37,33,25 164,112,50 155,110,37 48,30,27 125,94,45 102,61,16 34,20,25 51,37,23 43,28,17 18,20,20 23,18,17 21,18,22 20,19,22 20,19,22 20,19,22 20,19,22 20,19,22 20,19,24 20,19,22 20,17,21 20,19,22 20,19,22 20,19,22 20,19,22 20,19,22 20,19,22 20,19,22 22,21,24 20,19,22 20,19,22
26,23,27 25,22,26 26,23,27 26,23,27 25,22,28 25,22,26 24,21,25 24,21,25 23,20,24 24,21,25 24,21,25 23,20,24 23,20,24 23,20,24 22,21,24 22,21,24 20,19,22 18,17,20 18,17,20 20,19,22 20,19,22 20,19,22 20,19,22 20,19,22 20,19,22 20,19,22 20,19,22 22,21,24 20,19,24 23,20,24 48,35,30 70,40,25 73,41,25 93,65,38 90,53,9 99,57,3 136,87,22 122,86,28 104,75,26 86,61,15 85,51,29 58,37,14 43,29,11 42,25,15 43,27,25 22,22,22 21,18,22 20,19,22 20,19,22 20,19,22 20,19,22 22,21,24 19,18,21 23,21,22 24,21,25 22,21,24 23,22,25 19,18,21 20,19,22 20,19,22 22,21,24 22,21,24 22,21,24 21,18,22
25,22,26 24,23,26 24,23,26 24,23,26 25,22,26 25,22,28 25,22,28 24,21,25 23,20,24 23,22,25 22,21,24 23,22,25 24,21,25 23,20,24 23,20,24 24,21,25 22,21,24 22,21,24 20,17,21 21,18,22 20,19,22 20,19,22 20,19,22 20,19,22 20,19,22 20,19,22 20,19,22 22,21,24 28,18,17 69,38,26 92,54,37 86,47,33 89,52,37 84,47,32 70,37,26 69,36,25 69,39,24 66,33,22 70,47,18 71,46,18 70,44,23 70,38,22 83,53,36 74,46,33 73,42,30 73,38,23 44,21,10 21,18,22 20,19,22 20,19,22 20,19,22 19,18,21 20,19,22 20,18,19 32,22,26 22,21,24 23,22,25 22,21,24 20,19,22 20,19,22 20,19,22 20,19,22 23,22,25 23,22,25
22,21,24 25,24,27 24,23,26 23,22,25 23,22,25 24,21,25 25,22,26 24,21,25 23,20,24 22,21,24 20,19,22 20,19,22 22,21,24 22,21,24 24,21,25 24,21,25 22,21,24 24,21,25 28,21,24 28,18,22 19,18,21 19,18,21 20,19,22 20,19,22 20,19,22 20,19,22 22,21,26 35,22,19 82,43,29 86,50,32 73,41,25 80,42,25 86,49,36 77,42,29 67,36,24 62,36,24 59,33,21 61,33,24 46,24,16 36,20,7 52,33,19 73,41,25 85,49,31 88,51,38 89,54,39 70,37,26 66,36,19 79,36,17 21,18,22 20,19,22 22,21,24 25,22,26 22,21,24 22,21,24 19,18,21 19,18,21 22,21,24 22,21,24 20,19,22 20,19,22 20,19,22 22,21,24 22,21,26 24,23,26
20,19,22 20,19,22 22,21,24 24,23,26 20,19,22 19,18,21 23,22,25 22,21,24 20,19,22 22,21,24 20,19,22 20,19,22 22,21,24 25,24,27 24,23,26 24,21,25 25,22,26 25,22,26 32,22,23 32,22,23 21,18,22 20,19,22 20,19,22 20,19,22 22,21,24 20,19,22 28,21,24 74,41,30 95,54,36 66,35,23 88,47,31 82,40,27 78,41,28 66,35,23 50,27,16 41,24,14 45,25,16 46,25,14 55,32,19 45,25,16 53,27,17 78,43,30 85,48,33 91,56,41 86,51,36 80,43,28 70,35,20 71,33,12 58,31,24 20,19,22 24,23,26 25,22,26 25,22,28 25,22,26 24,21,25 20,19,22 19,18,21 20,17,21 20,19,22 20,19,22 20,19,22 20,19,22 24,24,24 24,21,25
20,19,22 20,19,22 20,19,22 25,22,26 20,19,22 19,18,21 20,19,22 20,19,22 20,19,22 20,19,22 22,21,24 22,21,24 22,21,24 24,21,25 25,22,26 25,22,26 25,22,26 26,24,25 34,22,24 33,21,21 32,22,23 20,19,22 20,19,22 20,19,22 23,22,25 24,21,25 82,51,39 94,57,44 57,34,21 87,48,36 85,44,26 87,46,30 61,30,18 42,20,12 34,17,7 42,25,17 53,29,21 45,23,17 59,33,23 61,30,20 80,42,32 73,36,23 77,42,29 86,51,36 88,51,36 75,40,27 84,47,34 72,35,22 100,38,9 59,24,11 21,19,20 30,23,26 24,21,25 24,21,25 24,21,25 25,22,26 25,22,26 25,22,26 20,19,22 20,19,22 22,21,24 24,23,26 24,21,25 23,20,24
20,19,22 20,19,22 22,21,24 24,23,26 23,20,24 19,18,21 19,18,21 20,19,22 20,19,22 22,21,24 20,19,22 22,21,24 22,21,24 22,21,24 25,22,26 25,22,26 25,22,26 29,23,28 33,23,24 36,23,20 59,40,24 36,25,20 19,18,21 22,21,24 29,19,18 74,43,33 97,62,47 67,39,28 78,45,34 88,49,35 76,38,21 85,43,32 52,26,16 38,21,13 47,28,16 45,29,16 46,31,11 58,37,12 67,40,22 69,36,25 68,38,23 70,39,27 65,38,22 73,40,29 56,25,17 72,36,26 78,39,27 73,36,23 64,29,16 108,46,19 38,21,11 44,28,24 39,27,27 22,21,24 24,21,25 24,20,29 24,21,27 24,21,25 21,18,22 22,21,24 24,21,25 24,21,25 23,20,24 24,21,25
20,19,22 20,19,22 23,20,24 25,22,26 23,20,24 19,18,21 19,18,21 20,19,22 20,19,24 22,21,24 20,19,22 23,22,25 23,22,25 23,22,25 22,21,24 23,20,24 29,22,25 32,22,26 36,24,26 47,32,23 36,27,23 22,21,24 22,21,24 27,22,24 72,44,31 94,58,40 60,34,20 73,42,30 78,46,32 102,61,45 88,49,35 79,39,30 43,25,20 35,28,10 52,43,16 73,64,19 87,80,23 86,79,20 83,73,22 76,62,17 77,66,22 70,60,18 61,54,15 54,45,16 50,31,17 71,43,30 77,42,29 65,30,17 68,32,14 61,29,15 111,45,11 43,30,25 20,19,24 20,19,22 20,19,22 20,19,22 21,18,22 20,19,22 20,19,22 23,22,25 24,21,25 24,21,25 24,21,25 23,22,25
20,19,22 20,19,22 20,19,22 25,22,26 23,22,25 19,18,21 19,18,21 20,20,20 22,21,24 20,19,22 23,22,25 22,21,24 22,21,24 22,21,24 20,19,22 20,19,22 36,25,22 34,22,27 40,26,26 50,35,26 23,17,24 21,18,24 22,21,24 51,29,21 87,52,39 72,41,29 69,43,31 61,33,22 77,40,25 99,57,44 87,45,32 83,44,30 46,37,8 61,50,17 85,77,25 90,83,22 89,82,23 85,81,19 87,83,25 77,71,23 78,73,22 77,72,21 72,63,18 63,56,17 52,39,16 33,26,8 77,45,31 82,40,27 68,31,18 65,30,15 87,40,19 74,33,17 23,21,22 22,21,24 20,19,22 20,19,22 22,21,24 20,19,22 24,21,25 23,22,25 24,21,25 24,21,27 23,20,24 23,20,26
20,19,22 20,19,22 20,19,22 25,22,26 23,22,25 19,18,21 20,19,22 20,19,22 20,19,22 20,19,22 23,22,25 22,21,24 22,21,24 22,21,24 22,21,24 22,21,24 38,24,24 31,24,24 46,34,34 33,31,39 23,20,24 23,17,24 29,24,26 75,47,36 73,46,30 48,27,16 54,26,15 57,30,23 74,37,24 95,51,39 85,48,35 66,36,21 62,54,18 79,70,23 95,87,24 96,90,26 91,84,25 89,82,25 85,80,27 85,80,27 89,84,29 86,83,30 78,73,22 75,68,27 62,54,20 40,33,15 35,19,13 83,41,28 64,29,16 68,29,15 58,27,15 124,55,17 23,22,25 22,21,24 20,19,22 20,19,22 22,21,24 24,23,26 27,21,26 23,22,25 24,23,26 25,22,26 20,19,22 23,20,24
20,19,22 20,19,22 23,22,25 25,24,27 22,21,24 19,18,21 20,19,22 20,19,22 20,19,22 19,18,21 24,23,26 20,19,22 22,21,24 22,21,24 22,21,24 23,22,25 38,26,26 65,46,30 30,24,29 39,33,38 47,35,35 28,23,25 56,39,29 73,45,36 58,35,24 36,24,12 60,34,24 60,29,19 85,46,32 89,50,36 86,47,35 64,47,19 77,71,23 105,98,30 101,94,26 92,82,29 71,62,15 72,63,16 89,81,27 88,83,28 90,82,28 87,83,21 85,81,23 81,76,25 73,67,21 59,50,19 30,25,11 73,35,18 73,36,23 72,33,19 44,23,12 83,32,8 75,36,22 20,19,22 20,19,22 20,19,22 25,22,26 25,22,26 23,22,25 26,23,27 24,21,25 20,19,22 20,19,22 22,21,24
20,19,22 20,19,22 26,23,27 28,22,27 20,19,22 19,18,21 22,21,24 20,19,22 20,19,22 19,18,21 23,22,25 23,22,25 23,22,25 23,20,24 22,21,24 23,22,25 39,26,19 23,18,20 20,19,24 20,19,24 27,22,24 82,68,10 77,59,15 84,72,31 39,28,13 31,20,15 27,14,11 34,14,7 81,44,31 81,43,33 71,45,24 76,70,22 93,85,31 65,55,17 86,77,30 92,85,26 90,83,24 91,83,29 85,75,24 85,80,27 86,78,24 63,49,20 59,42,16 59,45,18 70,59,24 63,55,21 33,31,13 82,33,11 67,34,23 66,31,18 37,20,12 55,24,12 81,36,13 44,21,18 21,18,22 23,22,25 25,22,26 24,21,25 30,25,27 21,18,22 22,21,24 23,22,25 23,20,24 22,21,24
20,19,22 20,19,22 23,22,25 23,22,25 19,18,21 19,18,21 20,19,22 20,19,22 22,21,24 19,18,21 23,22,25 22,21,24 23,22,25 22,21,24 23,22,25 27,19,25 36,26,25 29,27,35 24,23,28 23,21,29 39,28,11 94,75,22 85,69,15 82,68,14 71,57,14 53,40,6 27,19,0 79,42,27 78,39,25 70,39,20 70,58,21 62,57,6 85,80,25 85,81,21 82,77,24 81,76,25 82,77,24 87,83,25 88,84,22 89,81,27 83,74,27 72,62,22 63,55,19 59,51,17 61,53,19 55,46,19 40,36,15 62,28,8 57,31,17 65,30,15 33,20,13 42,18,10 80,35,14 65,31,13 30,23,26 25,22,26 36,26,30 26,20,25 20,19,22 20,19,22 20,19,22 20,19,22 24,21,25 24,21,25
20,19,22 20,19,22 24,21,25 23,22,25 19,18,21 19,18,21 20,19,22 20,19,22 20,19,22 19,18,21 23,22,25 22,21,24 23,22,25 23,22,25 23,20,24 35,22,19 48,36,26 41,34,34 29,32,41 36,36,48 24,22,23 97,80,31 91,75,17 86,70,16 76,59,10 73,60,12 72,58,13 82,43,31 71,39,23 69,39,24 72,54,22 94,90,32 83,76,17 59,54,11 55,50,9 68,63,10 80,74,26 87,83,25 89,85,23 82,77,24 59,53,19 50,40,16 50,43,14 65,55,17 62,55,14 57,50,19 45,36,17 59,28,7 56,28,15 61,29,15 26,13,6 42,26,11 51,38,17 30,23,5 47,34,13 40,29,24 25,19,24 21,18,22 22,21,24 20,19,22 22,21,24 22,21,24 23,22,25 23,20,24
20,19,22 22,21,24 26,23,27 23,22,25 19,18,21 18,17,20 20,19,22 22,21,24 20,19,22 19,18,21 23,22,25 22,21,24 23,22,25 23,22,25 25,22,26 41,28,23 40,28,18 38,22,16 26,21,23 22,21,24 24,21,25 53,33,24 65,45,27 44,28,13 33,21,9 30,20,10 53,32,17 80,45,32 73,49,23 67,46,19 79,68,24 93,86,27 105,106,85 106,109,101 26,18,26 40,49,51 56,48,12 88,83,28 101,95,29 85,77,27 36,32,15 30,26,7 48,43,4 74,73,64 39,34,33 35,34,23 29,26,13 48,30,11 56,28,19 61,30,18 41,33,11 28,23,9 40,26,10 52,34,13 59,42,16 26,21,23 23,17,22 26,21,23 24,23,28 20,21,26 23,20,24 26,23,27 29,24,26 26,21,23
20,19,22 22,21,24 26,23,27 25,24,27 19,18,21 19,18,21 20,19,22 20,19,22 19,18,21 20,19,22 23,22,25 22,21,24 23,22,25 23,22,25 31,24,27 35,25,29 29,23,18 49,35,21 51,37,23 23,20,24 24,21,25 50,35,26 55,33,25 48,26,18 41,21,12 41,20,9 88,51,36 73,42,30 63,51,14 100,89,45 96,88,38 102,95,34 93,81,26 66,54,13 52,43,12 60,52,16 61,51,13 81,77,29 99,96,31 88,83,30 76,66,28 30,23,7 86,83,70 86,88,83 19,18,23 30,34,36 33,26,8 42,32,8 53,25,14 59,29,14 31,23,10 36,27,12 48,33,11 57,43,16 54,46,12 84,53,32 71,50,27 53,37,24 50,30,21 53,36,26 58,43,32 33,23,24 21,18,22 21,18,22
20,19,22 22,21,24 26,25,28 25,24,27 20,19,22 20,19,22 22,21,24 20,19,22 20,19,22 22,21,24 23,22,25 22,21,24 24,23,26 24,21,27 41,28,23 24,21,25 32,21,18 48,33,24 52,38,24 22,22,22 26,20,25 45,27,24 53,33,26 55,28,21 47,27,18 58,32,22 62,32,17 57,31,17 96,82,39 92,89,38 102,92,39 97,89,37 93,82,38 92,83,38 80,71,26 80,74,26 89,87,29 108,102,38 117,113,51 89,84,29 78,71,28 64,48,17 37,38,17 45,36,9 57,45,17 57,42,20 50,40,18 52,39,16 68,38,23 48,25,12 54,31,20 53,32,17 83,49,29 94,58,38 101,65,43 91,57,37 79,53,32 72,47,28 38,27,24 23,20,24 21,18,24 21,18,22 21,18,22 21,18,22
25,23,31 25,23,33 25,23,33 26,24,32 25,23,31 23,21,29 24,23,28 23,22,25 20,19,22 22,21,24 23,22,25 23,20,26 23,22,25 25,22,28 36,24,24 21,18,22 40,27,24 51,36,27 45,33,23 21,18,22 23,20,26 39,25,25 48,30,25 45,23,15 46,26,19 33,18,7 81,44,29 51,32,18 97,89,39 98,93,40 105,98,41 100,92,42 92,81,37 87,76,32 87,76,32 80,68,31 100,96,34 86,82,34 99,92,33 86,77,32 73,66,27 55,40,18 54,44,22 54,50,29 51,47,28 62,49,26 61,48,27 62,46,13 47,18,12 36,19,11 56,28,17 66,41,22 76,45,26 81,45,25 76,44,28 70,43,25 70,45,26 61,42,28 24,21,25 21,18,22 21,18,22 21,18,22 21,18,22 21,18,22
27,25,35 27,25,33 27,25,33 27,25,35 27,25,35 26,24,32 27,25,33 29,27,37 26,24,32 25,24,27 20,19,22 22,21,24 23,20,24 31,24,24 28,21,21 23,20,24 41,28,23 50,35,24 54,39,30 21,18,22 24,21,25 32,22,26 48,31,23 48,31,23 39,22,12 71,43,32 74,37,24 41,26,17 102,97,44 99,94,39 104,96,42 112,102,51 105,95,53 95,84,38 91,80,36 66,55,20 88,83,30 37,32,18 63,58,30 50,42,20 29,21,8 33,30,17 59,49,25 66,53,30 71,64,37 63,54,25 58,45,24 65,48,13 28,15,12 37,20,12 54,26,15 67,40,22 86,52,32 90,52,33 77,46,27 74,45,25 73,46,28 67,45,27 23,20,24 24,21,25 21,18,22 21,18,22 21,18,22 21,18,22
26,24,32 25,23,31 26,24,32 26,25,30 24,23,26 23,22,25 24,23,26 24,21,25 24,23,26 25,22,26 25,22,26 26,23,27 28,22,27 30,23,26 30,20,24 21,18,22 45,33,23 54,39,30 53,36,26 24,21,25 23,20,24 26,20,25 41,25,23 43,23,16 48,27,16 45,25,16 74,42,28 31,18,11 98,96,36 103,99,41 104,96,42 109,100,53 100,92,42 91,81,32 82,73,28 92,88,26 110,104,29 103,96,24 84,80,22 83,80,27 77,65,24 56,47,20 79,69,27 86,77,30 79,69,31 71,57,30 57,44,21 62,44,14 27,14,11 35,19,15 39,20,8 83,52,33 92,51,31 90,52,31 83,54,32 79,50,28 80,49,28 71,44,28 27,19,25 25,19,24 23,20,24 21,18,22 21,18,22 21,18,22
26,24,34 24,22,30 23,20,24 23,20,24 23,21,22 22,21,24 19,18,21 21,18,24 24,21,25 26,23,27 26,23,27 24,21,25 25,22,26 30,25,27 33,21,21 21,18,24 46,34,24 58,40,35 48,35,28 21,18,22 21,18,22 23,20,24 30,20,21 36,24,26 55,29,17 70,38,24 54,26,15 32,20,10 92,92,29 102,97,42 102,97,44 100,94,46 94,86,34 87,78,31 88,83,30 109,102,34 109,103,28 101,94,24 82,77,22 85,78,21 85,76,29 57,48,17 61,53,17 89,80,33 80,70,28 69,57,29 53,43,21 62,44,14 28,15,12 33,17,15 45,26,12 98,56,34 95,55,32 99,57,33 86,52,30 82,53,31 81,50,29 73,46,30 31,21,25 28,20,26 25,19,24 23,20,24 20,19,22 20,19,22
25,23,31 22,21,26 23,22,25 23,20,24 24,21,27 22,22,22 20,19,22 20,19,22 23,18,20 26,21,23 24,23,26 26,23,27 27,24,28 30,27,33 36,34,44 26,25,30 29,21,27 30,27,31 33,32,37 25,21,30 24,21,27 23,20,26 24,21,25 35,21,23 42,27,18 44,24,15 56,28,19 44,23,10 71,67,19 97,96,31 98,96,36 100,96,36 97,90,33 95,91,33 115,109,34 107,103,25 114,105,31 107,101,24 79,70,23 89,81,27 79,69,27 56,47,18 57,48,19 82,76,28 74,67,26 63,51,23 50,39,20 61,45,14 31,15,9 35,20,9 77,49,36 102,60,36 105,63,39 104,62,38 87,54,29 84,53,30 85,51,31 72,48,26 33,21,21 31,21,25 27,19,25 26,20,25 22,21,24 23,20,24
29,27,35 22,21,24 22,21,24 24,23,26 25,22,26 22,21,24 22,21,24 19,18,21 23,18,20 28,23,25 30,26,35 31,29,37 33,31,39 37,35,47 36,34,46 33,25,31 33,21,23 38,28,32 40,36,45 44,37,49 46,39,49 50,41,52 47,39,45 28,25,31 31,23,29 29,18,25 55,31,23 57,31,21 35,25,1 89,90,24 99,96,29 99,96,29 99,97,25 105,100,27 104,99,28 91,83,33 77,65,26 73,54,31 75,53,33 74,54,36 57,41,24 54,44,22 50,43,16 67,62,21 64,58,22 54,44,20 54,41,20 41,27,11 34,18,12 36,19,11 66,41,24 105,63,39 114,68,38 117,70,38 98,53,30 94,54,31 86,52,30 61,39,21 35,22,19 32,22,23 29,22,25 27,19,25 26,18,24 26,20,25
26,24,32 22,21,24 23,22,25 23,22,25 25,22,26 24,21,25 25,22,26 24,23,26 25,20,22 33,31,39 31,31,41 32,30,40 30,28,36 31,29,37 28,25,31 29,24,26 33,23,22 36,24,24 43,33,37 45,34,41 50,40,44 45,35,39 47,37,41 48,41,44 45,38,41 48,41,44 51,38,46 44,28,26 40,29,26 83,85,30 93,94,28 102,97,28 104,99,26 105,101,25 102,95,23 92,87,34 98,77,50 83,64,41 66,50,35 60,44,29 56,41,32 60,49,32 57,47,23 60,51,20 53,48,18 48,40,18 59,42,14 35,19,15 39,22,14 45,25,16 49,32,22 77,46,27 118,71,37 119,72,38 98,57,26 97,56,27 87,54,29 49,32,24 41,28,23 38,25,20 44,28,24 64,46,41 98,64,44 132,80,48
21,18,22 21,18,22 23,20,24 24,23,26 25,22,26 27,21,28 23,20,26 24,22,20 28,25,31 29,27,37 29,29,37 32,28,37 32,28,37 31,28,32 31,28,34 33,26,29 40,27,22 39,26,21 45,33,35 45,35,36 45,35,36 46,34,36 56,40,36 58,42,36 57,45,35 61,45,39 62,47,38 62,45,37 58,43,34 58,45,22 88,93,30 98,95,28 104,99,30 105,100,27 107,97,26 100,95,26 88,83,28 72,62,20 62,53,22 59,47,21 56,44,18 55,46,15 57,48,17 59,50,21 49,39,17 52,40,14 66,39,21 47,25,17 44,27,17 51,32,20 51,35,22 54,35,23 116,70,40 128,77,38 111,67,27 111,67,29 73,47,24 49,33,18 43,31,19 43,27,21 65,40,21 132,78,42 115,68,36 104,60,34
20,19,22 20,19,22 21,18,22 25,24,29 24,23,26 24,21,25 22,21,24 26,21,23 20,17,21 21,18,22 22,21,24 24,21,25 28,22,27 30,22,28 29,24,26 35,25,26 40,27,24 42,27,18 36,24,24 45,33,33 52,36,30 52,36,30 54,39,30 56,41,32 58,43,32 61,46,35 65,45,36 66,46,37 67,46,35 66,47,33 81,79,30 87,87,26 96,93,28 101,96,27 105,100,31 100,97,32 98,91,30 86,78,28 79,70,25 73,64,19 67,59,23 62,56,20 60,52,18 48,40,16 49,37,11 72,46,21 100,63,39 81,54,38 58,41,31 72,49,34 111,64,41 115,70,37 126,83,38 130,80,36 120,70,28 106,63,28 72,43,21 72,46,25 90,59,36 111,66,43 105,64,37 110,64,36 105,61,35 126,76,43
21,18,22 21,18,22 21,18,22 26,24,32 25,22,28 23,22,25 22,21,24 23,20,24 21,18,22 21,18,22 22,21,24 22,21,24 23,20,24 23,20,24 26,21,23 28,21,21 36,23,20 30,19,16 21,18,22 38,25,20 44,28,22 48,33,24 49,34,23 51,36,25 53,37,24 59,40,28 67,46,31 70,47,32 70,48,30 66,49,21 79,79,20 77,79,26 81,80,24 87,85,25 95,91,29 101,95,29 102,94,31 91,84,27 86,78,28 80,71,24 62,54,18 54,49,19 46,40,17 46,36,14 71,51,21 98,62,40 106,69,45 119,74,53 125,77,50 129,79,48 133,82,45 137,84,41 136,86,42 117,69,24 136,78,25 106,62,24 120,70,28 142,85,41 140,85,40 121,72,34 117,66,38 105,61,35 119,72,40 136,82,48
21,18,22 21,18,22 23,20,24 26,24,32 26,23,29 23,22,25 22,21,24 23,20,24 21,18,22 21,18,22 21,18,22 21,18,22 21,18,22 21,18,22 23,20,24 21,18,22 25,19,24 24,21,25 28,22,27 34,22,22 37,25,25 41,25,19 43,27,21 47,32,23 49,34,25 52,33,21 52,36,23 59,41,20 75,71,25 86,84,24 86,86,27 73,74,26 75,76,26 76,78,25 81,80,26 80,79,23 88,88,25 83,78,27 81,75,27 64,56,20 44,38,15 40,36,15 42,36,13 52,35,11 52,35,7 53,39,12 71,46,18 108,64,38 126,74,42 135,81,47 141,86,45 151,91,48 153,94,48 130,77,24 164,92,26 116,69,17 113,65,22 122,69,26 125,76,36 140,82,45 149,87,47 143,83,44 137,80,40 143,83,44
21,18,22 20,19,22 25,22,26 26,24,34 24,21,25 24,21,25 23,21,22 21,18,22 21,18,22 21,18,22 21,18,22 21,18,22 21,18,22 21,18,22 21,18,22 21,18,22 21,18,22 21,18,22 21,18,22 20,19,22 23,20,24 24,21,25 24,21,25 40,32,21 65,48,24 46,38,16 72,69,25 75,72,21 87,83,25 92,89,24 94,91,24 82,81,29 69,70,22 69,70,22 72,70,23 68,66,19 65,65,22 59,55,18 52,45,16 41,38,12 35,36,15 35,36,13 48,33,13 65,47,15 53,44,15 52,43,16 53,44,17 55,43,15 56,44,18 45,35,13 54,35,12 69,33,2 166,101,44 144,84,14 209,106,21 134,81,17 165,95,37 184,107,47 184,108,43 178,102,42 171,94,43 161,90,46 133,76,32 118,69,29
21,18,22 21,18,22 26,23,27 26,24,32 25,22,26 25,22,26 25,20,22 21,18,22 21,18,22 21,18,22 21,18,22 21,18,22 21,18,22 21,18,22 21,18,22 21,18,22 21,18,22 23,17,22 21,18,22 21,18,22 21,18,22 26,21,18 32,47,23 76,61,23 74,56,26 65,53,23 80,77,22 83,79,21 91,85,21 99,92,24 100,98,24 89,87,25 73,74,24 68,65,23 63,62,24 61,60,24 56,54,23 48,48,18 47,41,18 39,37,17 34,32,14 43,34,15 64,44,12 60,46,17 54,45,16 56,47,18 57,49,15 57,51,15 54,49,17 56,41,19 52,40,14 47,40,22 33,36,14 71,51,19 255,162,0 151,85,12 161,96,32 162,93,37 147,87,35 138,82,35 126,75,38 114,69,34 129,73,35 110,60,29
21,18,22 21,18,22 26,23,29 26,25,30 24,23,26 24,21,25 26,19,22 21,18,22 21,18,22 21,18,22 21,18,22 21,18,22 21,18,22 21,18,22 21,18,22 21,18,22 21,18,22 21,18,22 21,18,22 20,19,22 14,27,15 31,34,12 14,42,17 84,66,22 81,62,23 60,46,17 83,81,21 85,83,23 92,86,22 101,96,27 108,104,28 99,97,27 90,88,26 79,76,25 63,63,22 57,52,24 45,43,14 44,38,13 37,35,15 32,33,14 33,28,14 39,32,14 56,42,15 52,43,14 57,48,17 62,54,18 66,59,16 66,63,19 66,58,22 63,49,20 67,53,24 22,35,12 41,42,21 45,35,13 27,35,12 175,102,22 150,89,24 135,81,20 119,72,20 89,55,14 79,45,15 122,71,32 176,99,48 161,93,50
21,18,22 21,18,22 26,25,30 25,24,29 24,23,28 24,21,25 27,20,23 21,18,22 21,18,22 21,18,22 21,18,22 21,18,22 21,18,22 21,18,22 21,18,22 21,18,22 21,18,22 21,18,22 21,18,22 21,18,22 21,50,22 43,31,5 32,37,17 79,61,17 90,74,30 65,52,18 86,84,24 85,83,21 91,85,21 100,93,23 109,103,28 108,104,28 101,94,26 93,86,25 81,78,27 69,64,25 56,54,23 49,43,18 42,39,15 38,34,15 40,36,17 47,39,17 49,39,15 59,51,17 71,61,19 77,71,25 81,76,25 82,81,25 72,61,17 89,73,29 80,65,25 15,41,18 13,32,12 28,26,8 21,31,9 31,32,9 165,99,26 142,86,21 120,74,19 94,60,15 75,43,11 165,95,48 182,100,42 154,88,40
21,18,22 23,20,24 26,24,32 24,22,30 24,23,28 24,21,25 23,17,22 21,18,24 23,17,22 21,18,22 21,18,22 21,18,22 21,18,22 21,18,22 21,18,22 21,18,22 21,18,22 21,18,22 21,18,22 29,44,28 10,47,16 44,54,21 33,36,16 51,48,8 86,71,24 81,67,24 82,77,26 87,83,21 89,85,23 98,91,23 103,97,22 112,106,29 107,101,26 103,96,24 91,88,23 83,78,25 73,69,21 68,63,20 69,62,23 69,62,21 68,61,20 56,47,16 63,54,23 80,75,22 85,81,19 89,86,21 89,86,21 90,87,22 85,72,24 81,65,21 74,57,18 37,35,15 27,33,6 9,35,12 13,31,16 20,29,12 53,29,0 141,89,18 126,78,24 100,61,20 159,90,34 198,111,47 163,91,43 136,81,38
21,18,22 21,18,22 26,25,30 24,23,28 25,24,29 20,21,24 21,18,22 21,19,20 21,18,22 21,18,22 21,18,22 21,18,22 21,18,22 21,18,22 21,18,22 21,18,22 21,18,22 21,18,22 21,23,23 22,48,23 10,46,18 13,49,21 17,38,15 21,38,14 89,73,29 86,68,26 75,65,25 88,84,22 89,86,21 96,90,26 100,93,25 108,104,28 113,107,32 106,100,25 99,92,24 89,85,23 85,81,21 82,80,20 87,83,23 92,86,22 77,71,23 65,55,13 78,73,22 84,80,20 89,86,21 90,87,22 94,88,24 91,88,23 84,68,26 82,66,22 66,48,18 12,44,13 58,45,22 6,37,13 5,32,16 18,30,12 22,29,11 101,72,37 114,71,24 129,70,22 187,106,43 180,99,49 147,87,44 87,54,29
21,18,22 23,20,24 27,25,33 25,22,26 26,23,27 22,21,24 20,19,22 21,18,22 23,20,24 21,18,22 21,18,22 21,18,22 21,18,22 21,18,22 21,18,22 21,18,22 21,18,22 21,18,22 30,43,29 15,41,16 9,47,18 6,49,21 33,31,9 11,44,17 82,67,20 82,66,22 65,52,18 90,87,22 90,86,24 90,87,20 94,91,24 99,94,23 112,103,29 114,105,29 102,95,25 88,85,20 89,86,21 94,90,28 101,94,24 99,93,27 84,74,25 80,72,20 89,82,21 88,84,22 91,88,23 94,87,26 97,91,27 97,91,27 86,69,22 90,73,26 51,37,12 46,37,20 21,36,12 6,36,15 7,34,18 8,31,14 17,31,12 25,33,12 124,72,24 169,97,47 167,95,49 146,81,42 111,68,35 43,28,17