24,23,26 24,23,26 24,23,26 23,22,25 24,22,30 24,22,30 23,21,29 23,22,27 23,22,25 20,19,22 25,24,27 31,32,37 24,23,26 23,22,25 20,19,24 22,21,24 18,19,24 23,23,33 26,29,38 20,21,24 32,30,38 22,21,26 32,40,49 33,38,46 38,41,59 19,22,31 33,37,52 35,39,52 31,35,50 22,26,41 20,23,30 24,22,32 24,24,32 24,24,34 31,30,33 20,20,28 23,26,35 19,23,36 32,35,46 71,51,42 22,21,24 23,20,26 120,74,44 27,27,35 139,87,55 29,32,41 60,67,81 34,41,53 44,44,54 23,23,33 26,24,34 24,24,36 52,38,40 27,35,40 24,29,37 23,23,31 25,28,37 26,29,40 24,29,39 29,33,46 43,43,53 66,56,60 84,54,37 32,35,46
24,23,26 23,22,25 24,23,26 24,23,26 23,22,27 24,23,26 23,22,27 23,22,25 23,22,27 24,23,28 23,22,25 24,22,23 23,22,25 20,19,22 26,25,28 24,22,30 22,23,28 21,22,27 25,23,33 21,22,25 26,24,32 31,27,36 23,26,33 25,28,37 39,42,60 23,26,35 24,28,43 34,38,51 31,35,50 26,31,39 20,28,35 24,25,30 25,28,35 37,37,47 20,19,22 29,32,39 27,27,35 22,23,28 32,35,46 72,47,30 24,23,26 29,24,26 64,33,12 24,24,32 35,28,26 31,39,46 25,23,31 22,27,37 33,37,50 36,38,52 31,35,50 31,34,52 80,36,8 28,31,40 25,30,38 19,25,28 21,24,33 22,24,40 27,32,42 20,25,33 42,45,54 66,53,61 33,23,27 26,29,38
27,25,33 26,24,32 24,23,28 23,21,29 23,22,27 23,22,25 24,23,28 24,22,30 23,22,25 23,22,25 23,22,25 25,24,27 23,22,25 24,23,28 24,23,28 21,22,25 23,21,29 25,23,31 38,38,46 29,28,33 29,27,37 36,34,42 20,21,26 25,25,35 24,32,41 30,32,48 31,35,48 32,36,49 38,37,52 32,34,50 19,24,32 23,24,29 19,24,32 43,43,53 38,44,47 23,26,35 40,42,56 23,24,29 30,33,42 74,43,22 25,28,35 41,27,27 82,52,35 23,22,27 22,23,26 25,23,33 40,43,63 38,42,55 26,29,38 27,26,31 22,27,37 26,31,41 28,31,42 107,57,26 21,26,36 23,23,31 26,24,32 25,28,37 22,26,39 27,32,40 39,43,58 33,29,42 37,26,23 45,28,18
26,25,30 27,26,31 26,24,32 26,24,32 26,24,32 26,25,30 25,23,31 26,25,28 26,25,30 24,23,26 23,22,25 24,23,26 23,22,25 24,23,26 24,23,26 24,23,28 23,22,27 23,22,27 22,24,24 24,22,32 25,22,28 23,22,27 29,28,31 27,23,32 30,37,49 32,37,47 27,32,42 20,21,24 29,34,44 20,28,35 21,24,31 21,21,29 20,24,28 21,21,31 46,49,60 67,41,29 80,49,41 70,44,23 94,66,37 82,46,15 27,27,37 100,66,46 67,50,40 21,25,27 23,24,29 25,24,29 43,50,64 35,39,52 49,49,57 24,24,32 23,23,31 24,25,30 26,24,32 23,26,37 108,68,45 98,81,71 24,24,32 26,24,22 27,20,23 29,24,23 40,27,24 33,21,21 46,29,21 44,29,18
22,22,30 21,24,31 24,22,30 22,22,30 23,23,31 23,24,29 25,24,27 26,25,30 29,27,35 26,24,32 26,24,32 26,24,32 24,22,30 25,24,29 23,22,25 23,22,25 24,23,28 23,22,27 24,23,28 21,22,25 24,22,30 24,22,30 23,20,24 25,23,24 24,23,28 24,23,26 22,22,30 23,23,31 22,27,35 22,22,30 20,23,30 22,23,26 30,19,16 69,37,32 44,25,13 39,23,8 73,42,34 68,40,31 89,50,36 98,51,19 29,27,35 128,77,40 80,54,44 26,25,30 28,25,29 22,26,30 38,45,59 29,29,39 24,25,30 23,23,33 24,25,30 23,24,27 23,24,27 22,21,24 19,18,23 26,24,25 25,23,24 26,24,22 27,21,26 29,24,26 35,25,26 42,29,24 39,29,28 45,30,19
23,23,31 24,24,32 23,23,31 22,22,30 22,22,30 22,22,30 24,24,32 25,25,33 24,24,32 29,27,35 26,24,32 25,23,31 26,24,32 27,26,31 23,26,33 25,25,33 25,23,31 26,25,30 25,23,31 25,24,27 24,23,26 23,22,25 24,23,26 23,23,23 23,22,27 24,23,28 24,23,26 24,23,26 24,23,28 24,21,27 23,22,27 21,22,27 51,30,19 35,19,6 35,20,11 53,28,11 47,26,15 46,26,17 50,24,14 97,43,23 37,37,47 145,81,35 178,107,54 24,24,32 20,19,24 41,39,40 27,25,37 37,40,51 21,22,27 20,21,26 20,21,24 20,21,24 18,22,24 23,22,25 25,22,26 25,22,26 25,22,26 25,23,24 25,23,24 28,23,25 35,25,26 45,33,23 39,28,25 56,39,29
23,23,33 22,22,32 22,23,28 23,24,29 24,24,32 24,24,32 22,25,32 22,25,32 22,23,28 22,22,30 25,23,31 19,24,30 23,24,29 25,25,33 26,24,32 27,25,33 27,25,33 27,25,33 27,25,35 30,26,37 27,25,33 27,25,33 26,24,32 27,26,31 26,24,32 26,23,27 24,23,26 23,22,25 23,22,25 23,22,27 23,22,27 23,22,25 29,14,5 31,15,9 31,15,9 45,26,12 51,33,14 64,32,16 87,60,28 105,54,26 65,43,35 115,69,32 61,25,5 22,22,30 20,21,24 21,22,25 28,22,27 20,21,24 20,21,24 21,22,25 23,22,25 26,24,25 20,21,24 23,22,25 25,22,26 25,22,26 25,22,26 29,24,26 33,26,29 40,28,33 43,33,34 37,30,30 33,30,36 29,27,35
22,23,26 23,24,27 22,23,28 23,23,31 27,27,35 23,23,31 23,23,31 23,24,29 23,23,31 23,23,31 23,23,31 23,24,29 24,25,30 21,22,25 22,23,28 23,24,29 23,23,31 22,27,33 23,24,29 24,23,28 24,25,28 23,24,27 26,25,30 27,25,33 27,25,33 27,25,33 26,24,34 24,24,32 23,23,31 24,23,26 24,23,28 18,31,19 34,18,12 29,13,9 38,18,9 49,28,15 59,43,12 90,70,22 79,55,18 123,67,0 113,76,61 114,79,66 36,22,22 20,21,24 20,21,24 20,21,24 20,21,24 20,21,24 21,22,25 20,21,24 27,26,31 94,61,34 21,21,29 30,23,33 31,27,36 31,29,39 26,24,34 27,27,35 27,25,33 23,23,31 25,26,29 39,42,53 28,31,40 27,30,37
23,23,31 22,22,30 23,24,27 23,23,31 22,23,26 22,23,26 22,23,26 22,23,26 22,23,28 21,25,29 27,32,42 21,25,29 24,24,32 21,25,29 21,24,31 19,24,32 20,23,30 21,24,31 22,25,32 23,23,31 22,22,30 24,24,32 25,23,31 23,23,31 23,23,33 23,24,29 23,22,25 26,24,32 24,24,34 29,27,35 26,24,32 25,37,17 15,31,12 43,31,19 89,85,27 87,85,23 82,81,27 81,70,26 117,74,18 100,75,31 25,23,31 23,23,31 75,54,43 21,22,25 21,22,25 21,22,25 21,22,27 21,22,27 21,22,27 23,23,31 24,23,26 112,72,38 27,27,37 23,26,33 27,27,35 21,22,27 21,22,27 22,24,24 22,25,36 19,22,29 22,26,30 20,26,29 22,27,35 21,26,32
22,23,28 23,23,31 22,23,26 22,23,26 22,23,26 21,22,25 22,23,26 22,23,26 22,23,28 24,24,32 25,28,39 23,24,29 24,23,28 29,34,44 33,37,50 33,38,48 38,42,57 31,36,46 28,33,43 35,39,54 28,31,42 25,30,40 21,26,34 21,24,31 21,24,33 19,24,30 22,26,30 22,25,32 25,25,35 27,25,35 25,29,31 50,34,21 80,74,26 77,82,21 88,86,24 85,85,24 78,75,22 94,67,6 121,79,14 69,44,27 27,24,30 20,21,24 24,23,26 24,23,26 23,26,33 27,27,35 28,28,38 25,25,35 30,33,42 22,25,34 26,20,27 101,66,30 22,23,28 23,23,31 22,22,30 21,22,27 22,21,24 22,21,24 34,33,38 25,25,33 25,28,37 24,24,32 22,27,33 24,29,37
22,24,24 22,23,28 23,23,31 22,23,28 21,22,25 22,23,26 21,22,25 21,22,25 22,23,26 23,24,29 25,30,38 22,23,28 22,23,28 31,36,44 33,37,50 31,35,48 31,37,54 29,33,46 34,38,51 34,37,55 33,37,52 32,37,47 29,34,44 28,31,42 26,31,41 25,33,42 27,32,42 26,29,40 28,28,36 22,22,30 59,39,30 67,55,18 73,60,12 79,69,16 75,70,15 63,61,14 68,64,16 97,73,9 72,45,27 34,20,22 23,24,29 23,23,31 27,27,35 24,24,32 23,23,31 23,23,31 23,24,29 24,24,32 23,24,29 24,24,32 22,21,26 93,61,29 27,24,30 22,23,26 23,24,27 22,23,28 22,23,26 27,28,31 84,59,40 93,66,48 22,23,28 19,23,27 22,22,30 32,35,44
22,23,26 22,23,26 22,23,26 22,22,30 22,23,26 22,23,26 21,22,25 21,22,25 22,23,26 25,25,33 25,30,38 22,23,28 22,26,30 27,32,40 28,33,41 34,39,49 27,34,46 29,32,41 26,31,41 28,33,43 27,32,40 24,28,41 21,26,36 26,29,38 22,25,32 25,30,38 24,29,37 22,25,32 21,25,27 21,28,26 15,44,16 17,34,10 63,36,0 98,64,1 108,70,4 55,43,17 28,28,12 40,35,37 72,54,49 23,21,29 24,24,24 23,24,29 23,23,31 27,28,33 24,25,30 25,26,31 25,25,33 22,22,30 23,23,31 23,23,31 22,23,28 69,44,25 74,57,47 21,24,31 23,23,31 23,24,29 64,45,29 100,66,36 99,65,43 45,29,23 26,24,32 25,30,40 34,36,50 33,36,45
22,23,28 22,24,24 22,24,24 22,23,26 22,23,28 22,23,26 22,23,26 22,23,28 22,23,28 23,26,33 25,28,37 22,23,28 21,26,32 29,34,42 34,39,49 31,35,48 30,38,47 30,37,49 27,32,42 21,26,36 27,30,39 22,27,35 22,25,34 23,26,33 22,27,33 22,25,32 27,30,37 25,28,35 22,26,30 14,53,17 11,39,14 11,37,12 25,31,2 51,38,6 104,68,6 125,75,1 24,25,30 32,35,46 78,58,49 25,22,26 23,24,29 23,24,29 23,24,29 21,22,25 20,23,30 23,23,31 22,22,30 23,23,31 24,24,32 23,24,29 24,21,25 33,22,15 100,79,64 22,26,30 23,24,29 25,23,24 106,70,37 109,73,40 69,46,31 29,24,26 54,43,40 22,22,30 20,21,26 20,21,26
22,22,32 22,23,28 22,24,24 23,24,29 22,23,26 22,23,28 22,23,26 22,23,26 25,25,33 26,29,38 25,30,38 22,22,30 25,30,40 28,33,43 31,36,46 24,29,39 33,37,52 24,29,39 20,25,33 22,27,35 26,31,37 28,33,41 26,31,39 22,27,33 25,30,38 24,29,35 26,29,36 22,25,32 22,28,29 9,46,13 9,37,14 12,34,8 10,32,6 23,31,10 75,60,24 107,73,3 132,85,6 28,32,45 76,50,40 24,23,28 22,23,28 23,23,31 23,24,29 23,23,31 23,23,31 21,26,32 23,23,31 23,23,31 21,24,31 22,23,26 36,31,33 30,19,14 108,79,59 29,23,28 20,24,26 24,22,20 103,67,34 94,64,38 24,21,25 28,23,25 39,27,27 63,50,47 24,22,30 22,23,28
22,23,28 23,23,33 23,24,29 22,22,32 22,23,26 23,23,31 22,22,30 22,23,28 23,24,29 27,30,37 23,23,31 22,22,30 26,31,41 34,38,51 32,36,49 27,32,40 34,38,51 34,33,48 33,36,47 29,33,46 35,37,51 28,33,41 26,31,39 22,25,32 25,30,36 25,33,40 22,27,33 22,25,32 15,29,22 9,42,15 10,34,12 14,30,9 22,27,7 23,36,11 15,31,12 92,57,1 132,76,0 77,46,9 58,37,26 23,23,23 26,25,30 23,23,31 25,23,31 22,22,32 23,23,31 23,23,31 23,26,33 25,25,33 30,27,31 33,32,35 17,15,16 34,21,18 45,24,11 57,41,24 25,22,26 27,26,29 103,67,36 34,27,27 22,23,28 26,23,27 36,26,27 52,37,28 25,25,33 27,27,35
23,23,31 22,22,30 23,24,29 23,23,31 23,24,29 22,23,28 23,23,31 23,24,29 19,22,29 26,29,38 23,23,33 20,24,28 27,31,44 36,40,53 32,37,45 31,36,44 31,36,44 26,34,41 27,30,41 25,30,40 28,33,43 29,29,41 30,33,42 26,31,41 29,34,44 25,30,38 27,32,40 20,28,33 15,49,17 6,37,11 9,33,9 15,30,6 25,33,12 17,30,5 22,35,12 37,35,4 108,60,6 119,62,0 63,41,35 23,22,25 23,24,29 26,24,32 23,24,27 24,25,30 23,23,31 22,27,33 25,29,42 22,25,34 32,32,40 37,35,43 28,28,36 39,21,16 20,15,14 48,32,15 25,26,29 75,56,29 24,24,34 29,32,43 27,30,39 27,22,24 34,21,29 45,29,25 73,59,59 27,32,38
23,23,31 23,23,31 23,24,29 24,24,32 23,23,31 23,24,27 22,22,30 23,23,31 20,23,32 29,32,41 23,23,31 22,25,32 35,39,52 34,38,51 31,35,48 31,36,44 31,36,44 25,30,38 29,31,45 32,36,49 28,33,43 29,34,44 29,36,48 31,35,48 28,32,45 34,38,53 29,34,44 31,30,45 10,46,18 6,37,11 10,31,8 23,31,10 38,41,21 31,36,16 27,37,13 24,34,10 47,36,3 67,52,3 63,50,47 24,23,26 23,24,27 26,25,30 22,23,28 26,24,32 23,24,29 37,31,38 32,30,38 24,25,28 32,32,40 34,32,40 26,25,28 23,21,22 21,23,23 46,27,13 30,25,22 23,25,25 27,27,35 30,30,40 25,30,38 24,24,32 30,23,23 44,28,24 49,34,23 58,46,48
24,24,32 24,24,32 23,24,29 23,23,31 23,23,31 23,24,29 23,24,29 22,23,28 22,25,32 26,28,42 23,23,31 27,27,39 35,39,54 31,38,52 28,33,41 26,34,41 31,39,48 23,31,40 26,34,43 31,36,46 27,35,44 32,37,47 33,37,50 29,36,48 31,39,48 34,36,52 28,33,43 32,37,43 9,46,15 12,44,15 18,31,8 11,23,5 17,29,9 13,34,11 18,31,6 33,32,5 50,45,17 85,63,14 62,47,55 23,22,27 25,24,27 27,23,32 23,24,29 24,24,32 45,48,66 92,80,85 50,48,58 40,43,52 34,34,42 34,32,42 30,30,30 22,21,24 25,23,24 66,46,28 21,25,29 24,25,30 24,24,32 25,25,33 27,27,35 24,24,32 29,22,25 37,27,26 45,29,25 55,40,31
24,23,26 20,23,30 25,29,33 19,22,29 25,25,33 23,23,31 21,25,29 22,25,36 21,26,34 28,31,42 23,23,31 29,27,37 36,43,55 33,37,50 27,32,40 28,32,45 27,32,40 20,24,26 22,23,26 22,23,26 21,24,31 35,38,49 33,35,49 35,38,49 33,37,50 34,38,51 29,35,52 27,30,41 8,46,17 10,41,15 26,48,18 44,37,17 78,57,16 36,29,0 22,35,10 40,34,9 37,41,12 69,54,14 58,42,38 23,22,27 25,24,27 26,25,30 23,23,33 23,25,39 49,62,88 42,46,59 43,50,64 36,40,44 34,34,42 22,21,24 22,22,22 20,20,20 21,16,13 44,29,20 21,25,29 23,23,31 24,24,32 23,26,33 22,28,31 22,27,35 28,28,36 31,24,24 46,33,26 51,34,26
25,23,33 48,51,69 51,59,77 60,66,87 53,59,80 23,24,29 46,48,64 35,36,39 28,29,32 28,31,42 49,48,65 74,85,114 32,39,51 26,30,43 22,27,35 26,31,37 23,26,33 20,24,26 20,21,24 21,22,25 22,23,26 21,22,25 25,28,35 36,40,55 28,32,45 31,38,52 34,38,53 30,32,48 11,47,19 10,41,15 14,46,17 7,27,9 12,29,5 19,31,11 89,59,13 33,37,8 73,49,14 84,68,12 53,40,33 24,22,20 26,25,30 25,24,29 23,23,31 41,43,57 48,54,75 42,47,55 41,48,60 36,36,44 32,32,40 20,19,22 20,20,20 21,19,20 28,15,8 27,22,24 23,23,31 23,24,29 27,27,35 23,31,36 26,31,41 22,27,35 24,29,39 31,23,29 46,36,37 51,36,27
34,31,37 33,29,38 30,27,31 26,23,27 28,25,29 27,24,28 25,24,27 27,25,26 27,24,28 30,30,30 32,29,35 32,31,34 27,32,40 20,25,35 21,27,30 28,28,38 22,26,28 20,18,26 18,19,22 18,19,22 20,21,24 21,22,25 20,22,22 22,27,33 35,44,57 33,37,52 15,20,28 22,36,27 20,58,29 9,46,15 12,43,17 6,27,6 7,28,7 10,31,8 12,31,9 29,26,0 99,57,15 65,56,11 57,41,39 25,25,33 23,23,31 25,23,31 23,24,29 35,35,45 28,30,44 38,43,53 34,37,46 32,35,42 34,33,38 24,23,26 20,20,20 16,11,10 69,53,40 23,24,27 21,25,29 23,24,29 27,27,35 25,30,38 24,29,35 25,28,35 23,24,29 21,24,33 37,27,28 45,30,21
44,47,58 32,34,50 29,32,41 23,24,27 25,25,33 27,30,37 25,25,35 23,24,27 20,21,24 27,27,37 31,35,48 24,23,26 32,35,42 18,19,22 16,20,22 17,18,21 18,19,22 18,20,17 18,19,22 20,21,24 23,24,29 18,19,22 18,22,24 20,21,24 21,22,25 23,22,27 20,24,28 7,31,9 20,53,26 10,48,19 45,51,10 31,34,3 9,30,9 12,31,11 12,32,7 14,34,9 20,33,6 103,60,0 51,39,39 22,23,26 24,24,32 24,24,32 23,23,31 26,31,41 41,45,60 30,33,42 32,33,36 32,31,36 30,29,32 27,27,27 20,19,22 19,13,8 36,36,46 22,23,28 24,22,32 23,24,29 25,26,31 25,25,33 25,25,33 22,26,30 22,25,34 23,26,35 24,24,32 45,29,27
43,44,49 39,37,47 35,32,36 31,29,30 26,24,25 26,24,25 25,25,25 25,23,21 26,24,22 25,25,25 25,23,24 25,25,25 26,24,25 26,25,30 30,25,24 18,19,22 18,19,22 18,19,22 18,19,22 18,19,24 18,19,22 20,21,24 18,19,22 20,21,24 18,19,22 18,19,22 33,53,39 6,34,11 7,34,6 106,109,45 93,92,27 89,84,29 21,31,5 10,29,7 11,31,6 15,32,8 22,40,9 46,67,33 58,46,46 48,43,40 26,24,32 25,25,33 24,24,32 28,31,42 43,49,66 40,47,61 32,33,38 30,29,34 32,31,36 30,27,33 26,25,28 53,37,22 30,32,48 25,28,37 22,26,30 22,25,32 22,25,32 23,24,27 22,27,33 24,29,37 25,30,40 27,32,40 22,27,35 38,26,28
36,39,48 49,52,61 35,38,47 33,31,43 24,23,26 20,19,22 29,28,31 22,22,22 23,23,23 17,16,19 19,18,21 18,17,20 24,23,26 22,22,22 24,24,24 24,25,28 18,19,22 18,19,22 18,19,22 18,19,22 18,19,22 20,21,24 20,21,24 20,21,24 20,21,24 18,19,22 11,42,18 9,40,14 7,32,12 106,110,43 92,91,35 97,87,34 90,76,33 11,28,18 11,32,9 17,32,6 18,41,8 24,50,14 54,38,32 65,48,38 27,25,33 27,25,33 25,23,31 33,36,45 54,52,62 46,45,62 32,35,42 30,31,36 32,35,42 29,28,33 22,23,26 57,35,15 28,32,45 25,33,42 24,24,32 26,24,32 25,25,33 23,26,35 26,31,41 25,29,42 27,32,42 27,32,40 24,24,32 24,25,28
55,61,78 50,56,73 32,36,51 30,32,46 22,21,24 24,23,26 29,29,37 23,26,35 24,24,34 23,22,27 23,23,23 18,19,22 32,32,42 32,33,38 28,28,36 35,40,48 18,19,22 18,19,22 18,19,22 18,19,22 20,21,24 20,21,24 20,21,24 20,21,24 20,21,24 19,23,25 9,35,12 5,33,10 8,34,9 78,85,37 81,76,33 90,82,30 19,29,7 9,30,9 10,29,9 14,31,7 24,47,14 23,49,15 56,43,38 62,46,40 24,24,32 24,24,32 25,25,33 24,25,30 20,21,24 18,19,24 23,24,27 32,33,38 31,30,35 27,26,31 26,25,28 66,42,18 29,34,44 26,31,39 22,25,34 24,24,32 22,25,32 24,29,37 26,30,43 27,32,42 25,30,38 21,26,34 23,26,33 22,25,32
52,58,75 38,44,61 33,37,52 36,38,52 23,22,25 23,22,25 22,22,30 23,22,25 23,22,27 20,19,24 20,19,22 20,17,21 32,31,36 25,25,33 25,24,29 30,33,40 18,19,22 16,20,22 18,19,22 18,19,22 20,21,24 21,22,25 20,21,24 20,21,24 18,19,24 20,27,22 8,34,11 6,32,9 8,34,11 8,32,10 21,38,12 68,62,26 51,52,29 7,28,7 11,30,10 12,32,7 28,54,20 16,44,9 56,52,61 50,42,48 26,25,30 25,23,33 24,24,32 23,22,25 20,21,24 21,22,27 20,20,28 32,32,40 32,30,38 30,29,34 28,25,29 25,15,14 69,50,27 36,30,35 25,25,33 23,23,31 22,25,32 25,28,37 27,32,42 24,29,37 27,27,37 26,24,34 34,34,42 37,31,26
49,53,68 34,38,53 33,37,50 28,31,40 19,17,18 20,17,21 20,19,24 19,16,20 21,18,22 17,16,19 18,17,20 18,15,19 25,24,27 22,21,24 24,21,25 21,18,22 22,23,26 18,19,22 18,19,22 18,19,22 25,26,31 35,35,43 35,38,45 36,39,48 34,39,47 24,43,32 7,33,10 7,30,11 8,34,11 7,33,10 7,33,10 7,33,10 7,33,10 8,34,11 10,31,8 13,35,9 37,65,28 16,42,8 30,25,24 32,27,26 32,27,24 29,24,26 44,33,26 59,43,30 59,44,33 72,53,37 82,61,38 29,30,35 30,28,38 31,30,35 60,49,42 92,61,38 180,122,60 157,95,39 137,84,43 174,108,60 35,24,31 31,29,30 32,27,29 38,25,20 96,59,33 118,82,49 78,63,54 66,47,35
53,58,68 33,38,48 32,37,47 29,32,41 17,14,18 17,14,18 18,15,19 18,15,19 18,15,19 17,16,19 17,16,19 17,16,19 21,18,22 21,18,22 20,17,21 18,17,20 22,21,24 16,20,22 18,19,22 18,19,22 26,26,26 25,27,27 27,27,27 27,27,27 23,28,24 8,36,13 6,31,11 7,33,8 9,35,12 8,34,11 7,33,10 7,33,10 7,33,10 11,35,11 8,32,8 14,35,12 43,73,36 18,44,10 26,24,25 27,25,26 26,24,25 27,25,26 29,24,26 39,30,26 41,30,27 47,35,25 51,35,29 32,32,40 29,29,39 34,35,40 29,31,31 27,30,37 48,32,28 133,86,52 165,107,52 89,56,31 105,72,47 77,52,35 59,51,40 28,23,25 30,31,34 32,33,38 30,33,40 29,30,35
37,37,49 31,31,43 31,31,43 19,18,21 17,17,17 19,19,19 17,17,17 17,16,19 17,16,19 17,17,17 17,16,19 17,17,17 19,19,19 18,15,19 18,15,19 17,14,18 17,16,19 16,20,22 18,19,22 18,19,22 24,25,28 29,29,29 27,27,27 26,26,26 22,29,24 16,41,21 5,28,11 7,33,10 10,36,13 8,34,11 8,32,10 7,33,10 10,34,10 8,32,8 10,31,10 11,38,10 21,54,16 23,49,15 25,25,25 25,25,25 27,25,26 27,25,26 27,25,26 30,25,27 37,27,26 39,28,21 54,38,32 32,36,38 32,36,40 28,29,32 25,29,31 27,26,29 25,26,29 40,30,29 63,37,23 25,24,29 27,28,31 25,26,31 26,25,28 27,28,31 33,31,39 28,31,38 29,30,35 29,28,33
32,31,36 34,34,31 25,25,25 20,19,22 22,21,24 18,17,20 18,17,20 16,15,18 17,16,19 18,17,20 17,16,19 17,17,17 18,18,18 18,18,18 18,17,20 17,16,19 19,18,21 17,18,21 18,19,22 18,19,22 25,24,27 26,26,26 27,27,27 25,25,25 24,49,31 6,34,9 3,29,6 8,34,11 9,35,12 7,33,10 7,33,10 9,35,12 11,37,12 7,33,10 8,34,9 10,36,11 17,42,13 26,52,18 25,25,25 25,25,25 26,26,26 26,26,26 27,25,26 28,26,27 35,25,26 45,32,25 55,40,29 31,32,37 27,28,33 29,30,35 28,29,34 27,26,29 25,26,31 30,29,34 29,30,35 30,31,36 27,28,33 23,27,31 28,28,36 28,29,34 28,28,36 25,22,26 30,31,36 27,24,28
42,46,59 32,37,47 32,37,47 18,15,21 19,16,20 20,19,22 20,17,21 18,15,19 19,16,20 19,16,20 18,15,19 17,17,17 24,23,26 20,17,21 20,17,21 18,15,19 20,17,21 17,18,21 18,19,22 18,19,22 26,25,28 26,24,25 26,26,26 24,24,24 21,49,24 7,33,10 2,27,7 8,34,9 7,33,10 8,34,11 7,33,10 8,36,13 9,35,10 7,33,10 10,36,11 10,36,11 24,44,15 28,50,22 26,23,27 27,25,26 27,25,26 27,25,26 27,25,26 28,26,27 33,26,26 39,28,25 52,38,24 37,36,39 34,34,42 29,30,35 27,26,29 27,26,29 29,29,37 32,31,34 29,32,39 30,29,34 31,29,37 30,29,34 30,29,34 30,28,36 27,27,35 26,25,28 28,29,34 22,21,24
39,44,54 35,38,49 22,27,35 18,15,21 18,15,19 20,19,24 20,17,21 19,16,20 19,18,21 19,16,20 18,15,19 17,17,17 24,23,26 19,18,21 20,17,21 17,16,19 20,17,21 22,21,24 18,19,22 18,19,22 24,25,28 25,25,25 26,26,26 25,25,25 9,35,10 5,28,9 6,31,13 11,37,12 8,34,11 7,33,10 7,33,10 6,34,11 6,34,11 7,33,10 8,36,11 11,35,11 30,45,17 24,46,18 26,23,27 26,24,25 26,24,25 27,25,26 27,25,26 27,25,26 33,26,26 36,26,25 55,39,26 32,33,38 31,32,37 25,24,27 27,26,29 29,30,35 34,33,38 31,31,39 28,31,40 29,29,37 29,32,39 29,29,37 31,31,39 29,29,37 29,28,33 27,26,29 29,28,31 23,24,27
38,43,53 33,38,46 27,30,39 23,20,24 18,17,20 24,21,27 20,17,21 20,17,21 19,18,21 17,16,19 18,15,19 17,16,19 23,22,25 19,18,21 19,16,20 18,17,20 20,19,22 18,19,22 18,19,22 18,19,22 22,21,24 26,25,28 26,26,26 26,26,23 7,33,10 6,24,9 6,33,13 17,43,20 8,32,10 8,34,11 8,34,11 7,35,12 8,34,11 9,35,12 9,35,10 16,32,11 28,43,17 28,48,23 25,25,25 26,26,26 25,24,27 25,25,25 25,25,25 27,25,26 31,24,27 34,22,24 50,34,28 29,30,35 28,29,32 26,25,28 27,26,29 31,29,37 32,32,40 32,35,42 29,27,35 32,30,38 31,31,39 27,27,35 31,29,37 27,28,33 27,28,33 30,31,34 29,28,31 24,23,26
38,42,55 33,37,50 27,30,39 23,20,24 18,17,20 25,24,29 20,17,21 20,17,21 20,17,21 17,16,19 18,15,19 17,16,19 31,30,33 20,17,21 20,17,21 18,17,20 18,19,22 17,18,21 20,21,24 18,19,22 25,24,27 25,25,25 25,25,25 26,37,26 8,31,12 5,23,10 8,33,15 18,42,20 8,34,11 7,33,10 8,33,13 8,34,11 7,33,10 8,36,11 11,33,7 29,42,19 11,30,10 33,50,26 26,25,28 25,24,29 26,23,27 23,25,25 25,24,27 25,24,27 28,25,29 24,23,28 27,21,26 31,32,37 28,29,34 29,28,31 26,25,28 28,32,36 34,34,42 32,32,40 29,29,37 30,31,36 27,25,33 27,28,33 30,28,36 28,29,34 29,30,33 30,27,31 29,28,31 25,24,27
36,41,51 36,41,51 23,27,31 18,15,19 17,16,19 26,25,28 21,18,22 20,17,21 19,18,21 17,17,17 18,15,19 20,14,19 24,23,26 23,17,22 19,18,21 18,17,20 22,21,24 20,19,22 18,19,22 18,19,22 25,25,25 25,25,25 24,24,24 7,35,12 7,25,10 5,23,10 6,34,11 14,40,15 8,34,11 7,33,10 8,34,11 6,34,11 5,33,10 7,35,12 11,30,8 18,32,13 11,32,9 35,52,28 24,24,24 25,25,25 25,25,25 26,26,26 28,26,27 29,24,26 46,33,28 41,30,25 46,33,26 48,34,34 27,28,33 30,29,34 26,25,28 32,32,40 31,32,37 35,35,43 32,32,40 29,30,35 28,28,36 27,25,33 32,31,34 31,32,37 31,30,33 30,29,32 25,26,29 26,25,28
38,42,55 35,40,48 25,26,29 19,16,20 17,16,19 31,30,33 21,18,22 20,17,21 19,18,21 19,18,21 17,16,19 17,16,19 27,26,29 21,18,22 18,17,20 20,17,21 21,18,22 18,19,22 18,19,22 18,19,22 26,26,26 24,24,24 26,24,25 7,33,10 4,22,7 4,24,10 6,34,11 9,35,10 7,33,10 7,33,10 7,33,10 6,34,11 7,35,12 8,36,11 16,32,11 12,28,9 12,28,7 27,50,17 25,25,25 25,25,25 25,25,25 26,24,25 25,23,24 27,25,26 35,26,22 44,33,26 56,40,27 61,47,29 30,29,34 29,30,35 27,26,29 25,26,31 35,36,39 34,35,40 35,35,43 34,35,40 28,29,34 34,35,40 29,30,35 32,32,40 34,33,38 28,29,32 30,31,34 26,25,28