18,19,22 18,19,22 18,19,22 18,19,22 18,19,22 18,19,22 20,21,24 25,22,26 25,23,31 26,24,32 25,23,31 25,23,31 25,23,31 26,24,32 25,23,31 24,21,25 24,21,25 24,21,25 23,22,25 23,20,24 22,21,24 18,19,22 18,19,22 24,22,23 37,24,1 109,83,31 76,58,28 145,70,7 165,89,8 34,29,26 237,132,21 203,106,2 170,94,13 135,67,6 102,46,20 104,47,16 96,41,10 73,39,21 42,34,40 29,34,44 32,34,48 31,35,50 29,34,44 28,33,41 28,33,41 29,34,44 29,33,46 29,33,46 32,36,49 29,33,46 28,33,43 29,33,46 29,34,42 26,31,37 28,32,45 28,33,43 28,33,41 27,32,40 25,29,42 27,27,35 25,26,29 23,24,27 21,22,25 21,22,25
18,19,22 18,19,22 18,19,22 18,19,22 18,19,22 18,19,22 23,22,25 25,23,31 24,22,30 26,24,32 26,24,32 25,23,31 25,23,31 26,24,32 25,23,31 24,21,25 24,21,25 24,21,25 23,22,25 23,20,24 22,21,24 18,19,22 18,19,22 77,57,11 103,68,12 113,76,21 41,24,0 114,63,8 193,106,24 85,51,19 154,81,6 100,45,0 76,34,12 98,45,20 108,51,20 108,49,19 108,50,17 111,50,18 105,49,23 69,44,41 36,36,46 29,36,50 29,33,46 28,33,41 29,33,46 29,33,46 31,35,48 31,35,50 31,35,48 31,35,50 31,35,48 28,32,45 28,33,43 27,32,40 28,32,45 28,33,41 27,32,40 25,30,38 28,32,45 27,27,37 25,25,33 24,24,32 22,23,26 22,23,26
18,19,22 18,19,22 18,19,22 18,19,22 18,19,22 18,19,22 25,22,26 25,24,29 25,23,31 24,24,32 24,24,32 26,24,32 26,24,32 26,24,32 25,24,27 24,21,25 23,22,25 23,22,25 23,22,25 22,21,24 22,21,24 18,19,22 20,19,22 94,76,16 47,39,26 100,67,19 68,47,24 130,89,32 113,62,9 94,49,1 56,26,11 67,30,15 81,35,17 76,35,17 83,38,17 94,41,14 89,38,14 84,40,14 84,40,14 108,45,14 103,54,32 56,39,42 29,32,41 29,34,42 31,35,48 29,33,46 32,37,47 32,36,49 32,36,51 32,36,51 31,35,48 28,33,41 29,34,42 28,33,39 29,33,48 31,36,46 28,32,45 28,33,43 27,31,44 25,30,38 25,26,31 24,25,28 24,24,32 22,23,26
18,19,22 18,19,22 18,19,22 18,19,22 18,19,22 18,19,22 24,22,30 24,22,30 25,24,29 26,24,32 27,27,37 24,24,34 29,27,35 26,24,32 25,23,31 24,23,26 24,23,26 24,23,26 23,22,25 20,19,22 22,21,24 18,19,22 25,22,26 62,42,12 75,45,1 102,66,17 90,51,12 79,45,13 35,19,4 41,21,12 52,26,14 54,27,11 62,28,10 73,35,16 76,35,17 83,36,13 91,39,18 88,40,15 100,43,14 90,39,13 88,42,14 112,50,23 92,44,28 48,41,51 31,35,48 31,35,48 32,36,49 31,36,42 32,36,49 32,36,51 35,39,52 40,44,59 39,42,60 35,39,54 27,31,44 29,34,42 31,36,46 33,36,45 33,38,46 33,38,48 32,32,42 28,28,38 24,24,32 23,24,27
18,19,22 18,19,22 18,19,22 18,19,22 18,19,22 18,19,22 25,22,28 26,24,32 26,24,32 29,27,37 27,27,37 28,28,38 30,30,40 30,28,38 24,23,26 23,22,27 24,23,26 24,23,26 24,21,25 22,21,24 20,19,22 20,21,24 30,21,17 68,37,25 72,34,13 81,39,17 90,42,28 73,42,23 30,14,8 32,16,3 35,18,8 43,20,7 56,26,9 65,31,13 78,32,16 84,40,14 102,45,16 101,46,17 96,41,12 98,41,12 108,50,24 89,40,20 97,45,15 104,51,24 58,41,42 33,37,50 32,35,46 31,35,48 31,35,48 23,26,35 19,16,20 19,18,21 21,18,22 20,19,22 19,13,18 17,14,20 16,15,18 16,15,18 16,15,18 16,15,18 20,19,22 24,24,32 24,24,32 32,30,40
18,19,22 18,19,22 18,19,22 18,19,22 18,19,22 18,19,22 25,24,29 27,25,33 27,27,37 30,30,42 31,31,43 31,30,45 34,33,48 32,30,40 24,23,26 24,21,25 24,22,23 24,21,27 24,21,25 23,20,24 20,19,22 22,23,26 80,44,34 72,37,24 88,41,20 88,41,18 88,40,15 70,35,20 37,20,10 36,16,9 35,18,8 38,19,5 51,23,12 60,28,14 74,33,15 85,39,9 92,39,12 98,39,11 92,39,14 102,45,16 98,41,12 91,40,14 73,37,19 85,42,23 104,56,11 139,82,0 41,35,42 32,36,49 32,36,49 26,31,37 17,14,18 17,14,18 17,14,18 17,14,18 19,13,18 19,13,18 17,14,18 17,16,19 31,24,27 43,29,34 39,29,33 25,24,29 26,24,34 23,26,33
18,19,22 18,19,22 18,19,22 18,19,22 18,19,22 18,19,22 27,25,33 25,25,35 31,31,43 35,34,51 33,37,50 39,38,53 35,37,51 29,29,37 24,22,30 24,21,25 24,23,26 24,21,25 24,21,25 23,20,24 19,18,21 70,48,40 68,36,22 70,34,16 81,38,19 74,31,14 85,39,21 77,34,15 74,36,15 54,22,8 59,29,12 61,45,12 60,48,11 63,40,9 71,33,14 77,32,9 86,38,13 89,39,8 69,28,8 106,47,17 98,46,16 98,41,10 67,31,13 47,26,13 119,68,0 147,85,4 158,100,18 33,36,47 27,35,42 22,22,30 17,16,19 19,13,18 25,19,24 30,23,26 39,28,25 46,32,32 54,38,32 57,41,35 59,43,39 62,46,42 49,39,40 27,25,33 24,24,34 29,27,35
18,19,22 18,19,22 18,19,22 18,19,22 18,19,22 20,19,22 27,26,31 29,34,44 32,36,49 33,37,52 34,38,53 34,38,53 40,43,61 29,29,41 23,22,25 24,21,25 23,22,25 23,22,25 24,21,25 23,20,24 33,17,15 77,40,25 76,37,23 76,38,19 70,34,14 74,38,18 68,31,16 71,37,7 88,51,7 88,52,3 112,80,7 101,74,1 88,69,5 72,57,10 74,53,12 76,37,9 86,38,11 88,40,15 71,29,7 105,45,20 104,44,23 67,29,8 57,30,14 85,53,0 134,79,0 140,81,4 141,88,4 54,32,24 50,32,29 54,38,32 55,40,31 50,38,28 54,38,32 53,40,37 55,42,39 53,39,41 53,41,43 53,41,43 46,36,37 47,37,36 46,36,37 35,29,34 29,27,37 29,27,37
18,19,22 18,19,22 18,19,22 18,19,22 18,19,22 18,19,22 31,29,37 30,33,44 35,39,54 38,42,57 39,42,60 36,42,59 45,48,66 28,27,42 24,21,25 24,23,26 23,22,25 25,19,24 23,22,25 23,20,24 75,42,31 81,40,22 76,35,17 75,34,16 65,27,8 62,31,8 85,59,7 101,71,4 113,82,4 116,83,6 132,95,14 122,90,8 124,88,10 112,78,6 84,62,13 81,60,8 89,44,11 97,47,16 95,45,14 70,28,6 109,45,17 101,42,14 81,50,1 115,67,0 120,75,0 120,74,8 85,45,22 77,47,32 55,38,30 52,36,30 53,36,28 59,42,32 58,40,37 55,39,35 54,41,38 57,41,35 60,42,37 56,40,34 55,40,31 54,39,30 54,41,36 39,28,35 28,28,38 29,27,35
25,24,29 23,22,25 18,20,20 18,19,22 18,19,22 20,21,26 31,31,41 36,38,54 38,37,54 41,44,62 42,45,63 41,44,62 46,50,65 29,29,39 25,22,26 23,22,25 25,22,26 24,21,25 24,21,25 23,22,25 90,52,31 82,39,20 81,35,21 82,39,20 55,31,5 73,58,9 99,72,9 115,83,12 123,91,16 124,91,14 128,93,12 88,57,8 103,69,0 126,90,14 111,77,7 78,58,8 95,64,13 94,48,20 100,47,20 107,62,16 92,39,14 107,45,16 115,64,9 56,30,5 56,26,9 59,27,11 74,36,19 73,40,29 61,42,30 54,39,30 55,40,31 57,42,33 56,41,32 59,44,35 60,43,33 61,46,37 61,46,37 58,43,34 57,42,31 51,36,25 61,45,41 42,31,38 27,27,37 29,27,35
26,24,32 26,24,32 25,24,27 20,19,22 18,19,22 21,22,25 34,34,44 37,38,57 37,39,55 38,37,54 36,36,48 35,31,42 33,31,39 27,23,32 24,23,26 25,22,26 21,22,27 23,23,23 27,26,31 36,26,27 99,61,42 98,53,32 85,40,19 77,36,16 52,40,10 81,62,9 106,78,8 117,85,14 126,89,16 124,91,14 126,91,10 122,87,6 122,86,8 121,85,9 110,76,6 84,65,8 106,75,13 95,64,11 94,47,15 104,54,10 87,53,10 98,42,18 108,44,18 95,39,13 51,20,10 56,24,10 67,31,13 78,43,30 62,40,32 54,39,30 52,37,28 51,36,27 51,36,27 51,36,27 55,40,31 55,39,33 58,43,34 58,43,32 57,42,31 51,36,25 56,41,32 41,34,37 30,28,36 32,30,40
32,26,33 29,23,30 26,23,29 25,23,31 24,23,28 23,22,25 26,23,27 26,23,27 27,25,26 27,25,26 30,27,31 30,27,31 34,31,35 26,25,28 31,31,41 23,22,25 20,25,31 26,31,37 16,15,18 64,38,26 88,50,33 91,49,27 92,45,24 67,30,15 61,51,13 87,67,8 108,82,14 116,86,17 88,52,1 109,77,20 123,87,11 128,91,10 125,88,7 118,82,4 100,70,1 62,45,10 42,34,21 66,47,24 82,48,14 102,46,20 132,88,10 82,44,7 103,43,18 106,44,15 91,42,20 78,37,19 71,33,16 75,38,23 64,41,30 53,36,28 52,37,28 51,36,27 51,36,27 48,33,24 46,34,24 49,33,29 52,36,30 46,34,34 43,33,32 43,33,37 40,30,34 31,23,29 27,25,33 27,25,33
43,31,36 41,29,34 40,30,31 35,28,31 29,24,26 25,24,29 26,23,27 25,22,26 25,23,24 26,24,25 38,35,41 38,38,50 38,34,47 26,23,27 19,18,21 20,18,19 18,15,19 18,15,19 20,17,21 88,57,38 80,44,26 88,41,20 91,39,18 58,31,15 62,55,14 91,75,17 104,81,21 83,54,5 112,79,11 113,81,8 109,79,10 130,91,9 134,87,6 111,74,3 82,71,52 108,108,92 23,13,12 70,66,58 100,67,15 105,55,22 141,94,5 142,89,5 68,33,8 88,37,13 113,49,23 66,31,16 75,32,15 66,35,23 62,40,32 51,35,31 52,35,36 46,34,34 44,32,34 40,30,34 36,29,32 33,27,32 30,27,31 26,23,27 27,24,28 27,24,30 27,24,28 27,24,28 24,23,26 21,18,22
52,39,36 54,38,36 39,29,33 44,34,35 44,34,35 43,33,34 42,32,36 38,31,34 39,29,33 35,25,29 29,22,25 26,24,25 40,33,36 35,27,33 25,22,26 26,23,27 27,24,28 30,27,31 37,29,35 94,53,35 67,35,21 80,39,19 89,41,14 59,33,23 62,57,14 77,52,6 97,75,12 87,66,10 64,46,4 65,53,16 77,67,18 114,85,11 125,86,6 100,69,5 78,54,19 86,64,28 105,71,10 120,82,18 115,76,15 123,76,26 144,91,7 149,95,9 91,57,0 70,27,12 105,41,13 93,40,17 66,30,12 57,31,21 53,32,28 31,23,29 28,25,29 27,24,28 25,22,26 24,21,25 23,20,24 20,19,22 19,18,21 19,18,21 20,17,21 20,17,21 20,17,21 20,17,21 20,17,21 20,17,21
56,38,35 44,35,31 33,23,24 40,30,31 40,30,31 40,30,31 43,33,34 42,32,33 42,32,33 40,30,31 35,28,28 24,22,23 38,30,36 36,29,32 27,22,24 26,23,27 28,25,29 28,25,29 45,33,38 80,45,32 57,29,16 78,40,23 91,40,16 55,28,21 60,53,14 81,61,15 77,60,13 72,59,27 92,79,58 65,51,22 72,67,24 99,80,16 127,87,10 114,77,8 108,75,9 119,81,17 116,82,19 119,83,21 130,84,18 135,89,21 144,93,13 146,93,9 148,101,10 49,23,9 85,34,10 121,48,18 85,40,17 59,28,18 42,25,28 25,19,24 20,17,21 19,18,21 19,18,21 20,17,21 22,16,21 20,17,21 20,17,21 20,17,21 19,16,20 19,16,20 15,16,19 18,17,20 19,18,21 19,18,21
43,32,39 47,37,38 41,29,31 43,33,32 43,33,34 42,32,33 43,33,34 43,33,37 39,29,33 37,30,33 34,27,30 24,22,23 38,31,34 36,29,32 25,23,24 29,23,28 36,28,34 34,31,35 88,72,41 70,53,16 49,35,8 65,35,18 86,39,18 62,36,26 64,56,20 64,54,16 73,61,49 73,73,68 31,31,31 73,56,28 90,85,32 122,88,16 151,104,15 155,107,12 144,96,10 96,64,9 127,89,25 138,87,18 148,96,23 157,102,19 146,98,12 144,93,13 148,102,6 46,20,6 72,27,6 105,42,18 86,35,9 54,26,17 28,23,25 20,17,21 19,18,21 15,16,19 19,18,21 19,18,21 17,18,21 19,18,21 19,18,21 17,18,21 17,18,21 17,18,21 17,18,21 17,18,21 17,18,21 17,18,21
27,21,26 30,24,29 31,23,29 39,34,36 40,33,36 37,30,33 40,33,36 42,32,36 40,30,34 42,32,36 37,30,33 23,23,23 40,33,36 37,30,33 25,23,21 30,27,31 32,29,33 32,29,33 78,62,31 68,51,14 64,49,9 62,48,5 81,35,19 58,30,17 76,70,24 61,53,17 65,58,42 70,60,38 73,57,13 76,65,19 94,93,39 118,86,15 122,89,12 63,38,0 78,51,4 131,89,8 121,86,21 133,87,17 144,92,21 151,100,20 143,95,11 144,94,9 149,100,8 46,23,10 59,25,7 90,42,17 80,35,12 33,21,21 19,19,19 19,18,21 15,19,21 17,18,21 20,19,22 19,18,21 19,18,21 19,18,21 19,18,21 19,18,21 19,18,21 20,17,21 19,16,20 20,17,21 20,17,21 20,17,21
43,33,34 43,33,34 40,30,31 29,22,25 21,18,24 23,20,24 25,22,26 30,24,29 38,28,32 36,29,29 34,27,30 26,21,23 42,34,40 37,30,33 25,23,24 25,22,26 25,22,26 25,22,26 41,30,27 84,67,18 74,60,15 52,38,9 81,40,24 74,43,31 73,68,27 85,78,35 86,71,31 81,67,22 83,67,23 95,71,18 56,43,9 44,27,0 100,71,6 119,85,11 139,96,9 144,103,4 145,101,5 125,88,7 129,90,10 138,91,14 145,97,13 144,97,4 146,100,4 42,16,2 74,32,10 75,32,15 33,21,26 21,18,22 21,18,22 21,18,22 21,18,22 21,18,22 21,18,22 21,18,22 21,18,22 20,19,22 20,19,22 20,19,22 20,19,22 20,19,22 20,19,22 20,19,22 20,19,22 20,19,22
42,32,33 40,30,31 40,30,31 40,30,34 25,25,37 22,20,28 22,16,21 23,20,24 23,22,25 25,24,29 24,23,26 36,35,50 55,56,77 40,33,36 25,23,24 24,24,24 22,21,24 19,18,21 28,23,25 46,25,21 56,30,20 44,22,14 87,48,34 67,39,26 50,35,15 96,94,45 89,79,37 91,73,29 104,79,31 112,83,20 83,74,27 96,81,18 122,89,12 117,89,10 132,93,9 152,107,4 155,105,4 154,108,8 138,98,5 136,92,10 143,98,7 150,104,6 147,101,3 66,28,7 61,38,27 18,19,22 18,19,22 18,19,22 18,19,22 18,19,22 18,19,22 18,19,22 18,19,22 18,19,22 20,21,24 20,21,24 18,19,22 18,19,22 18,19,22 18,19,22 18,19,22 18,19,22 18,19,22 18,19,22
47,37,38 40,30,31 40,30,31 40,30,34 47,51,82 54,66,90 41,47,64 37,37,49 40,38,46 38,36,46 36,34,42 48,51,69 59,62,84 41,34,37 31,24,27 23,23,23 23,22,25 23,22,25 21,16,18 42,24,19 51,28,17 53,29,21 72,37,24 61,28,17 47,26,13 101,103,50 92,86,52 99,77,32 113,83,27 115,83,12 78,73,22 84,80,18 122,89,12 116,87,15 113,67,12 124,75,8 145,96,6 158,111,9 148,101,10 145,101,5 146,101,8 151,105,5 143,96,3 47,26,15 16,19,26 16,20,22 18,19,22 18,19,22 18,19,22 18,19,22 18,19,22 18,19,22 18,19,22 18,19,22 20,21,24 20,21,24 18,19,22 18,19,22 18,19,22 18,19,22 18,19,22 18,19,22 18,19,22 18,19,22
61,53,72 42,32,31 40,30,34 40,30,31 33,28,30 55,64,89 53,66,94 43,42,59 50,49,66 41,41,53 35,37,51 53,58,84 53,56,78 37,30,33 31,24,27 24,22,23 24,22,23 23,23,23 24,22,23 39,26,21 45,27,22 49,25,17 40,18,12 66,30,20 60,32,23 97,91,55 93,90,46 91,71,23 107,77,19 108,78,11 77,76,20 95,86,26 88,46,24 87,41,15 130,87,52 48,23,6 30,19,14 59,35,13 152,105,14 151,105,9 150,104,6 144,100,4 135,94,6 18,19,22 18,19,22 18,19,22 18,19,22 18,19,22 18,19,22 18,19,22 18,19,22 18,19,22 18,19,22 18,19,22 18,19,22 20,21,24 18,19,22 18,19,22 18,19,22 18,19,22 18,19,22 18,19,22 18,19,22 18,19,22
54,61,86 52,48,59 40,30,31 42,32,33 40,30,34 58,64,92 58,73,105 48,57,80 59,61,86 43,44,63 41,42,61 54,65,92 51,49,69 36,29,32 31,24,27 26,24,25 24,22,23 23,23,23 25,23,24 25,23,24 34,22,22 44,26,23 41,24,14 73,37,27 56,25,15 40,21,9 90,91,41 80,65,25 99,74,17 104,77,16 73,70,19 76,44,14 54,33,18 40,25,16 36,21,12 43,29,15 85,48,24 125,80,18 145,101,5 148,102,4 145,101,5 142,97,6 81,51,0 18,19,24 18,19,22 18,19,22 18,19,22 18,19,22 18,19,22 18,19,22 18,19,22 18,19,22 18,19,22 18,19,22 20,21,24 21,22,25 18,19,22 18,19,22 18,19,22 18,19,22 18,19,22 18,19,22 18,19,22 18,19,22
58,63,87 52,56,71 43,33,37 40,30,31 44,34,38 43,34,47 55,73,109 53,66,96 54,60,81 45,48,66 49,51,67 53,61,81 42,35,38 36,29,32 31,24,27 27,25,26 25,23,24 26,24,25 26,24,25 25,23,24 21,19,20 30,18,20 41,25,19 42,20,14 66,31,16 35,18,8 90,82,48 75,70,31 80,67,17 94,76,16 86,74,19 74,45,12 43,21,3 59,38,25 83,49,27 111,59,29 127,77,17 133,89,7 148,102,6 147,101,5 138,98,5 127,88,6 135,93,1 27,22,24 18,19,24 18,19,22 18,19,22 18,19,22 20,21,24 20,21,24 18,19,22 18,19,22 18,19,22 18,19,22 20,21,24 21,22,25 20,21,24 18,19,22 18,19,22 18,19,22 18,19,22 18,19,22 18,19,22 18,19,22
64,71,94 49,52,72 48,40,48 42,32,36 40,30,34 43,33,37 46,44,64 59,70,99 56,65,90 45,49,62 48,52,67 38,37,40 44,37,37 38,31,34 33,26,29 27,25,26 25,23,24 26,24,25 25,23,24 25,23,24 18,19,22 22,21,24 29,19,20 38,22,20 43,20,9 28,15,8 33,20,13 85,87,34 72,68,20 81,68,16 83,71,16 81,71,18 78,59,22 85,58,40 95,56,28 99,56,11 104,69,4 138,91,10 149,100,8 142,97,6 124,88,0 116,78,2 141,100,3 129,89,14 20,21,24 18,19,22 16,20,22 16,20,22 18,22,24 20,21,24 20,21,24 20,21,24 18,19,22 18,19,22 20,21,24 21,22,25 20,21,24 18,19,22 18,19,22 18,19,22 18,19,22 18,19,22 18,19,22 18,19,22
43,46,64 57,60,82 39,35,46 47,37,38 42,32,36 41,34,37 38,31,31 46,49,67 61,74,102 47,48,67 33,27,32 43,35,41 43,36,39 36,29,32 37,30,33 32,27,29 27,25,26 26,24,25 26,24,25 26,24,25 18,19,22 18,19,22 18,19,22 29,22,22 27,20,20 27,20,23 30,20,24 27,20,20 72,80,29 72,69,27 76,68,16 80,70,17 76,65,21 70,59,15 85,66,13 108,74,13 121,80,8 141,95,11 135,93,3 123,85,7 106,72,0 131,89,6 144,98,0 143,96,7 128,91,10 31,22,16 18,20,20 18,19,22 20,21,24 20,21,24 20,21,24 18,22,24 18,19,22 18,19,22 18,19,22 21,22,25 20,21,24 18,19,22 18,19,22 18,19,22 18,19,22 18,19,22 18,19,22 18,19,22
21,25,29 58,59,82 46,48,64 51,44,56 47,35,37 40,30,31 38,31,34 32,30,31 64,62,82 34,33,36 31,29,30 42,34,40 43,36,39 36,29,32 37,30,33 34,27,30 28,26,27 26,24,25 26,24,25 25,23,24 18,19,22 18,19,22 18,19,22 18,19,22 18,19,22 18,19,22 20,19,22 18,19,22 20,21,24 27,28,20 68,66,19 69,65,19 76,67,20 81,68,18 93,72,16 111,77,14 120,83,12 121,82,9 113,76,7 105,71,8 125,83,0 141,97,1 145,99,1 139,94,1 139,92,1 132,91,5 65,43,0 18,19,22 20,21,24 18,22,24 20,21,24 20,21,24 20,21,24 17,23,24 20,21,24 20,21,24 20,21,24 18,19,22 18,19,22 18,19,22 17,23,24 20,21,24 18,19,22 18,19,22
21,22,25 28,28,38 57,58,79 35,34,49 52,48,57 39,29,33 37,30,33 36,29,32 33,26,26 40,33,36 33,27,32 40,33,36 38,31,34 37,30,33 38,31,34 36,29,32 30,28,29 26,24,25 25,23,24 25,23,24 18,19,22 18,19,22 18,19,22 18,19,22 18,19,22 18,19,22 18,19,22 18,19,22 18,19,22 18,19,22 19,19,19 62,62,30 51,52,13 46,41,11 40,40,8 47,34,11 71,51,5 83,57,3 80,54,4 105,71,0 141,92,0 143,96,3 139,97,3 138,93,2 129,88,2 127,85,4 124,89,8 123,96,10 29,25,19 20,21,26 20,21,24 20,21,24 20,21,24 18,19,22 20,21,24 21,22,25 20,21,24 20,21,24 20,21,24 20,21,24 20,21,24 20,21,24 18,22,24 18,19,22
23,24,29 23,24,29 42,45,54 60,63,83 55,54,71 44,37,40 35,28,28 36,29,32 36,29,32 30,23,26 36,30,35 40,33,36 37,30,33 37,30,33 38,31,34 36,29,32 27,25,26 27,25,26 26,24,25 25,23,24 18,19,22 18,19,22 18,19,22 18,19,22 18,19,22 18,19,22 18,19,22 18,19,22 18,19,22 18,19,22 18,20,20 27,26,17 74,73,21 53,49,12 40,32,10 26,21,7 35,25,3 64,42,4 96,66,0 124,85,5 138,98,3 138,98,3 136,96,5 131,92,8 120,88,6 117,86,8 117,83,11 115,89,9 122,98,16 124,108,23 23,21,19 20,21,24 20,21,24 20,21,24 20,21,24 20,21,24 21,22,25 20,21,24 20,21,24 20,21,24 20,21,24 18,22,24 20,21,24 18,19,22
23,23,31 23,23,31 22,22,30 56,59,77 49,52,72 48,47,64 40,30,29 33,26,29 34,27,30 27,22,24 36,30,35 40,33,36 40,33,36 37,30,33 37,30,33 36,29,32 27,25,26 26,24,25 25,22,26 25,23,24 18,19,22 18,19,22 18,19,22 18,19,22 18,19,22 18,19,22 18,19,22 18,19,22 18,19,22 18,19,22 18,20,20 83,89,37 103,101,31 80,78,20 64,61,17 61,55,19 77,69,15 92,81,19 113,86,13 129,92,7 134,97,5 130,94,4 124,89,8 122,86,8 116,82,8 108,79,7 106,78,8 106,79,6 108,85,14 115,95,16 107,87,12 97,77,27 84,65,38 23,24,27 20,21,24 21,22,25 21,22,25 20,21,24 20,21,24 20,21,24 20,21,24 20,21,24 20,21,24 20,21,24
24,24,32 23,23,31 22,22,30 21,21,29 50,53,71 40,42,56 37,31,38 35,28,31 33,26,29 26,24,25 33,27,32 40,33,36 38,31,34 36,29,32 36,29,32 34,27,30 26,24,25 27,25,26 25,22,26 25,23,24 18,19,22 18,19,22 18,19,22 18,19,22 18,19,22 18,19,22 18,19,22 18,19,22 18,19,22 22,21,26 94,97,35 106,112,33 105,103,29 89,85,23 85,81,19 89,83,19 91,85,19 96,84,18 115,89,9 126,91,8 122,86,8 118,87,9 113,84,8 110,81,7 103,76,3 99,76,7 99,76,5 98,75,6 88,62,10 83,57,7 105,70,16 105,66,7 51,45,9 95,75,27 25,25,11 20,21,26 21,22,25 20,21,24 20,21,24 20,21,24 20,21,24 20,21,24 20,21,24 20,21,24
22,25,32 23,23,31 22,22,30 22,22,30 37,36,53 42,41,56 39,37,47 37,30,30 31,24,27 26,23,27 28,25,31 42,35,45 40,32,40 34,27,30 29,24,26 34,27,30 25,22,26 26,23,27 25,22,26 25,22,26 18,19,22 18,19,22 18,19,22 18,19,22 18,19,22 18,19,22 18,19,24 27,22,8 75,73,15 94,94,22 100,98,24 104,103,26 105,103,31 89,83,17 90,82,19 92,86,22 92,86,20 100,83,14 115,86,10 115,86,10 106,81,6 106,81,8 104,78,8 98,75,4 96,75,5 97,76,6 97,75,8 73,46,0 90,61,12 94,63,12 43,38,8 22,45,26 86,74,35 55,45,5 61,50,17 56,51,19 21,22,25 20,21,24 20,21,24 20,21,24 20,21,24 20,21,24 20,21,24 20,21,24
24,24,32 23,23,31 23,23,31 22,22,30 21,22,25 47,48,67 38,38,48 35,31,40 33,26,29 24,23,26 48,43,61 58,59,80 43,35,41 37,29,35 32,26,31 30,24,29 27,24,28 26,23,27 25,22,26 25,22,26 20,19,22 18,19,22 18,19,22 18,19,22 18,19,22 18,19,22 86,71,31 86,86,27 95,93,21 96,94,24 97,95,25 98,96,26 97,95,25 91,85,21 90,83,22 91,85,21 93,87,21 96,82,14 100,79,9 98,79,11 96,75,5 97,76,6 94,75,9 93,76,9 97,76,6 97,75,8 79,54,6 90,57,5 94,57,13 33,38,4 68,51,12 60,40,0 23,48,21 21,50,22 17,49,18 18,50,17 36,65,23 21,23,20 20,21,24 20,21,24 20,21,24 20,21,24 20,21,24 20,21,24
24,24,32 24,24,32 23,23,31 22,22,30 21,22,25 61,69,97 35,37,51 39,37,47 25,22,26 32,30,38 59,66,91 54,55,74 41,33,39 34,27,30 36,29,32 28,25,29 28,25,29 26,23,27 25,22,26 24,22,23 18,19,22 18,19,22 18,19,22 18,19,22 22,21,24 50,67,41 89,74,27 87,85,25 93,92,25 95,92,25 95,93,21 89,88,21 85,83,21 89,83,19 88,80,17 85,84,19 89,83,19 90,79,15 92,78,12 91,77,9 93,74,8 93,74,10 98,74,8 100,79,9 98,80,7 76,52,0 98,67,14 93,62,13 33,33,3 27,33,6 83,71,30 16,37,14 13,42,12 12,46,12 16,50,18 15,49,15 18,52,11 41,63,24 20,22,22 20,21,24 20,21,24 20,21,24 20,21,24 20,21,24
25,25,33 24,24,32 23,23,31 22,22,30 22,23,26 63,76,106 45,43,63 34,33,38 32,29,33 41,39,51 59,65,86 46,48,62 41,33,39 33,26,29 31,24,27 28,25,29 30,27,31 26,23,27 25,22,26 25,22,26 18,19,22 18,19,22 18,19,22 16,20,22 64,58,22 41,56,19 84,69,20 94,94,24 95,93,23 95,93,23 89,88,21 80,78,16 83,80,15 88,80,17 86,79,18 80,80,17 81,79,17 86,77,17 90,77,14 93,76,9 97,76,6 101,78,9 99,76,7 104,79,6 83,59,8 93,62,13 94,63,12 17,34,10 21,35,14 64,49,9 13,35,5 7,39,10 6,43,8 7,46,10 11,45,11 11,49,11 13,47,13 22,53,13 22,38,19 20,21,24 20,21,24 20,21,24 20,21,24 20,21,24
25,25,33 25,25,33 23,23,31 22,23,26 21,22,27 64,80,107 46,47,68 39,37,45 34,30,39 43,42,57 55,58,78 44,44,54 38,31,34 30,27,31 32,27,29 28,25,29 30,27,31 26,23,27 25,23,24 25,22,26 18,19,22 18,19,22 18,20,20 16,26,18 27,47,18 45,57,19 84,63,22 97,95,25 97,95,23 96,94,22 85,86,20 87,81,17 88,79,19 87,78,18 80,80,17 84,84,21 84,80,18 88,80,17 97,80,15 100,78,11 102,80,13 101,80,10 108,80,10 104,81,21 100,69,16 97,68,15 31,34,3 17,39,11 27,37,0 24,37,10 1,38,7 5,39,7 6,40,6 7,39,6 9,44,7 8,45,10 13,48,11 14,47,11 37,67,20 21,22,25 20,21,24 20,21,24 20,21,24 20,21,24
26,24,32 26,24,32 23,23,31 23,24,27 24,24,34 63,75,108 51,49,71 38,35,41 34,32,40 50,49,64 53,56,76 43,41,53 38,31,34 26,24,25 33,28,30 28,25,29 28,25,29 26,23,27 25,22,26 27,24,28 18,19,22 18,19,22 18,20,20 41,78,45 32,38,11 65,71,32 71,53,9 97,96,29 96,93,26 92,91,26 85,84,19 88,80,17 90,82,19 85,81,19 85,88,24 86,86,23 89,82,21 94,81,18 98,81,14 102,81,11 105,80,7 107,82,9 108,82,12 94,63,12 104,72,17 85,58,13 52,50,17 73,51,15 54,46,12 6,38,9 6,40,10 5,39,9 5,39,5 6,41,4 7,44,9 7,44,9 9,47,9 10,49,13 28,57,13 22,35,19 20,21,24 20,21,24 20,21,24 20,21,24