25,23,24 25,22,26 24,24,24 27,21,26 24,23,28 24,20,29 24,21,27 24,21,25 23,20,24 21,18,22 20,19,22 20,19,22 20,20,20 19,18,21 22,21,24 25,22,26 22,21,24 20,19,22 22,21,24 20,19,22 20,19,22 20,19,22 20,19,22 19,18,21 18,17,20 20,19,22 21,18,22 21,18,22 20,19,22 19,18,21 20,19,22 20,19,22 20,19,22 18,17,20 20,19,22 20,20,20 20,19,22 22,16,21 46,27,15 138,98,23 25,20,22 23,18,15 159,117,38 75,51,14 58,41,15 56,32,8 24,21,25 20,19,22 20,19,22 20,19,22 20,17,21 45,32,27 60,41,25 28,18,22 20,19,22 20,19,22 20,19,22 20,19,22 20,19,22 20,19,22 20,19,22 19,18,21 22,21,24 24,23,26
25,23,24 25,22,26 24,24,24 24,23,26 22,23,28 27,21,26 24,21,27 24,21,25 24,21,25 26,20,25 24,21,25 20,19,22 20,19,22 20,19,22 20,19,22 20,19,22 20,19,22 20,19,22 20,19,22 20,19,22 20,19,22 20,19,22 20,19,22 19,18,21 20,19,22 20,19,22 20,19,22 23,20,24 24,21,25 22,21,24 20,19,22 20,19,22 20,19,22 20,19,22 20,19,22 30,23,26 25,15,19 49,33,18 132,81,0 162,116,16 138,101,32 175,137,71 36,18,0 134,101,35 41,30,15 71,52,17 25,20,22 19,18,21 20,19,22 20,19,22 21,18,24 20,20,20 21,19,20 20,19,24 22,21,24 20,19,22 20,19,22 20,19,22 20,19,22 20,19,22 20,19,22 19,18,21 19,18,21 20,19,22
25,22,26 25,22,28 25,23,24 25,22,26 25,21,30 25,22,26 26,20,25 24,21,25 23,20,24 25,22,26 24,21,25 23,20,24 23,20,24 23,20,24 22,21,24 22,21,24 21,18,22 19,16,20 20,19,22 22,21,24 20,19,22 20,19,22 20,19,22 20,19,22 20,19,22 20,19,22 20,19,22 20,19,22 20,19,22 24,21,25 26,20,25 22,21,24 24,21,25 29,21,27 46,25,21 63,34,28 77,45,13 46,25,0 38,27,20 36,24,14 156,107,17 130,90,26 114,87,40 115,81,18 33,21,11 49,34,23 29,20,16 48,33,22 20,19,22 20,19,22 20,19,22 20,19,22 20,19,22 23,21,22 22,21,24 23,22,25 22,21,24 20,19,22 20,19,22 22,21,24 22,22,22 22,21,24 20,19,22 20,19,22
25,22,26 25,22,26 24,23,26 25,24,27 25,22,26 25,22,26 27,21,26 24,21,25 24,21,25 22,21,24 24,22,23 24,21,25 23,20,24 23,20,24 23,20,24 23,20,24 22,21,24 20,19,22 20,18,19 20,19,22 20,19,22 20,19,22 20,19,22 20,19,22 20,19,22 20,19,22 20,19,22 22,21,24 20,19,22 20,19,22 20,21,24 23,22,25 42,24,19 73,41,25 87,49,30 78,42,24 75,43,11 151,110,49 136,95,36 161,107,28 136,94,29 86,41,18 144,102,50 179,50,28 72,50,16 51,33,14 53,36,12 23,18,17 43,33,23 21,18,22 20,19,22 19,18,21 19,18,21 27,20,23 27,20,23 23,22,25 23,22,25 20,19,22 20,19,22 20,19,22 20,19,22 20,19,22 22,21,24 21,22,25
23,22,25 24,23,26 24,23,26 23,22,25 24,21,25 27,21,26 25,22,26 24,21,25 23,20,24 22,21,24 20,19,22 22,21,24 24,21,25 22,21,24 24,21,25 24,21,25 22,21,24 23,20,24 26,21,23 25,15,19 19,19,19 20,19,22 20,19,22 20,19,22 20,19,22 20,19,22 20,19,22 22,21,24 28,21,21 20,19,22 27,22,24 58,31,24 88,52,30 79,45,27 89,52,37 80,42,34 75,39,29 78,43,30 95,60,22 140,94,24 185,136,59 115,82,43 121,91,45 92,72,22 66,34,20 58,31,13 34,20,4 53,34,22 41,25,10 21,19,17 20,19,24 23,22,25 20,19,22 20,19,22 19,19,19 20,19,22 22,21,24 22,21,24 22,21,24 22,21,24 20,19,22 22,21,24 23,20,24 24,21,25
20,19,22 22,21,24 24,23,26 23,22,27 20,19,22 21,18,22 24,21,25 22,21,24 20,19,22 22,21,24 22,21,24 20,19,22 22,22,22 22,21,24 23,22,25 24,21,25 25,22,26 24,21,25 28,21,24 31,21,22 20,19,22 20,19,22 19,18,21 20,19,22 20,19,22 20,19,22 22,21,26 33,21,26 20,20,20 21,19,20 66,38,29 93,50,35 84,49,34 79,44,31 81,49,35 79,44,31 98,61,48 81,44,31 73,41,27 68,36,20 86,52,11 95,62,14 96,66,22 77,50,7 69,46,15 48,35,12 35,23,11 61,40,17 91,46,25 50,22,11 23,22,25 25,22,26 25,22,28 24,21,25 19,18,21 19,18,21 19,18,21 20,19,22 22,21,24 20,19,22 20,19,22 23,20,24 24,22,30 23,22,25
20,19,22 20,19,22 20,19,22 24,23,26 20,19,22 19,18,21 22,21,24 23,22,25 19,18,21 20,19,22 22,21,24 20,19,22 20,19,22 24,23,26 24,21,25 25,22,26 25,22,26 29,22,25 31,23,29 34,22,24 28,20,26 20,19,22 20,19,22 20,19,22 20,19,22 23,20,26 36,24,26 20,21,24 30,19,16 68,37,27 97,58,44 92,54,37 73,45,32 59,33,19 65,37,24 85,48,35 84,47,32 79,44,31 75,43,29 69,39,24 69,36,25 52,30,22 39,22,12 53,30,15 63,38,21 59,32,16 59,33,21 65,42,31 59,31,20 101,45,21 73,34,22 25,22,26 24,21,25 24,21,25 25,22,26 25,22,26 23,22,25 20,19,22 20,19,22 21,18,22 23,20,24 24,23,26 23,22,25 23,20,24
20,19,22 20,19,22 22,21,24 25,22,26 23,20,24 19,18,21 19,18,21 20,19,22 20,19,22 20,19,22 22,21,24 22,21,24 20,19,22 22,21,24 26,23,27 25,22,26 25,22,26 25,22,26 34,22,24 39,26,23 50,35,15 30,18,20 20,19,22 20,19,22 23,20,24 39,25,25 20,18,19 24,14,15 75,40,25 101,67,49 91,59,45 56,33,22 67,34,25 63,32,20 77,41,31 86,47,33 78,41,28 77,41,31 71,38,27 70,39,27 65,34,24 44,24,15 34,18,12 35,20,11 60,34,22 73,40,29 68,36,22 80,49,37 62,29,18 61,30,20 101,44,25 59,33,19 35,25,26 22,21,24 24,21,25 24,21,25 25,22,26 25,23,24 23,20,24 22,21,24 24,21,25 24,21,25 24,21,25 25,22,26
20,19,22 20,19,22 23,20,24 24,23,26 22,21,24 19,18,21 19,18,21 20,19,22 20,19,22 22,21,24 22,21,24 22,21,24 23,22,25 20,19,22 22,21,24 23,20,24 29,22,25 33,23,27 37,25,27 45,29,23 47,35,25 22,21,24 20,19,22 24,21,25 42,29,22 34,20,22 38,25,22 77,44,33 94,56,46 78,52,40 61,33,22 73,43,28 66,31,18 80,41,27 82,43,29 81,41,32 67,34,23 65,34,24 65,37,28 57,31,21 58,32,22 53,29,21 38,21,13 41,24,14 70,37,26 79,44,31 78,43,30 84,47,34 47,19,8 52,26,16 59,31,18 100,42,16 27,22,24 20,19,22 20,19,22 20,19,24 24,21,25 20,19,22 23,20,24 23,20,24 24,21,25 24,21,25 23,20,24 20,19,22
20,19,22 20,19,22 23,20,24 25,22,26 22,21,24 19,18,21 19,18,21 20,20,20 22,21,24 22,21,24 23,22,25 20,19,22 23,22,25 22,21,24 20,19,22 20,19,22 34,23,20 33,23,24 39,25,25 49,34,25 20,19,22 20,19,24 20,19,22 26,18,26 37,26,21 58,39,27 90,55,42 86,49,34 56,30,20 59,33,23 63,32,20 68,37,25 85,43,30 93,47,33 83,41,30 73,36,23 62,31,21 51,29,21 44,27,17 41,24,14 48,26,18 53,29,21 53,24,18 53,27,17 73,38,25 88,49,35 77,42,27 80,47,36 73,41,27 69,33,25 47,23,15 68,30,13 85,39,21 22,21,24 20,19,22 20,19,22 20,19,22 20,19,22 24,23,26 24,21,25 25,22,26 24,21,25 23,20,24 23,20,24
20,19,22 20,19,22 20,19,22 25,22,26 23,22,25 19,18,21 20,19,22 20,19,22 20,19,22 20,19,22 22,21,24 22,21,24 22,21,24 23,22,25 22,21,24 22,21,24 38,25,22 32,22,26 47,33,33 27,22,24 20,21,26 23,20,26 21,18,22 21,18,22 33,19,19 70,39,29 75,43,29 65,34,26 59,33,23 72,41,31 71,39,25 70,37,28 104,60,48 90,48,37 82,40,29 66,33,24 39,19,10 44,29,20 44,27,17 52,30,22 52,31,20 59,31,20 59,31,22 73,40,29 82,45,32 79,42,27 72,42,27 84,49,36 74,42,28 79,43,25 62,31,21 50,22,11 139,60,16 38,22,20 20,19,22 20,19,22 22,21,24 23,22,25 24,23,26 25,22,26 23,22,27 24,21,25 23,20,24 22,21,24
20,19,22 20,19,22 22,21,24 26,23,27 22,21,24 19,18,21 20,19,22 20,19,22 20,19,22 19,18,21 24,23,26 20,19,22 22,21,24 22,21,24 24,23,26 20,21,24 38,25,22 59,43,30 36,29,39 43,36,46 45,35,39 20,19,22 23,20,24 29,21,27 53,34,22 70,42,33 57,30,23 37,20,10 54,31,20 68,37,27 73,42,32 77,40,25 96,54,41 96,57,45 80,43,30 46,26,17 33,28,16 40,33,15 54,41,18 64,51,17 79,63,21 73,49,23 67,34,23 67,37,22 70,40,25 67,35,21 85,49,39 86,51,38 75,38,25 81,42,28 73,36,23 54,26,13 84,28,4 96,38,16 21,18,22 20,19,24 24,21,25 25,22,26 24,21,27 26,23,29 24,23,26 20,19,22 22,21,24 20,19,22
20,19,22 20,19,22 25,22,26 28,22,27 19,18,21 19,18,21 20,19,22 20,19,22 20,19,22 18,17,20 23,22,25 22,21,24 22,21,24 22,21,24 23,22,25 21,21,29 37,26,23 31,22,18 20,20,20 24,22,23 25,22,28 22,21,24 33,23,22 79,66,18 77,61,17 58,43,5 37,22,13 34,21,14 58,32,22 56,33,20 75,40,27 88,46,33 87,48,34 88,46,33 70,37,26 49,39,15 50,41,14 62,51,16 82,74,22 89,81,27 91,82,24 84,76,22 78,64,19 76,65,21 67,55,18 63,52,17 58,41,17 69,38,26 78,39,27 74,37,24 72,35,22 59,27,13 53,25,16 118,49,18 33,16,17 24,21,25 25,22,26 23,22,25 33,23,27 23,20,24 22,21,24 22,21,24 22,21,24 22,21,24
20,19,22 20,19,22 24,21,25 23,22,25 19,18,21 19,18,21 20,19,22 20,19,22 20,19,22 19,18,21 23,22,25 22,21,24 22,21,24 22,21,24 22,21,26 26,20,25 38,25,22 19,18,23 21,18,22 20,19,22 21,18,22 21,18,22 71,57,43 91,74,23 82,67,20 81,65,21 52,40,1 30,19,12 21,11,10 31,18,13 75,43,29 93,50,35 79,40,26 83,39,27 62,45,17 61,51,13 73,64,17 92,85,24 91,84,23 90,83,26 88,83,30 83,75,25 84,79,28 84,76,26 79,68,24 69,59,19 59,48,15 51,37,19 76,41,28 89,47,34 72,35,20 69,34,19 46,20,10 77,31,13 89,36,11 25,22,28 30,23,26 30,24,29 20,19,22 21,18,22 20,19,22 20,19,22 24,21,25 24,21,25
20,19,22 20,19,22 24,21,25 23,22,25 18,17,20 19,18,21 20,19,22 19,18,21 20,19,22 19,18,21 23,22,25 22,21,24 23,22,25 23,22,25 23,22,25 33,21,23 38,28,32 32,35,46 32,34,48 33,36,47 20,19,22 25,19,24 33,24,20 93,77,19 90,74,20 85,69,15 82,67,16 63,53,15 47,37,15 67,39,30 78,43,30 90,46,34 79,40,28 79,42,29 68,61,20 75,70,19 94,86,23 94,87,26 96,89,28 89,85,23 85,81,23 87,82,27 85,80,27 90,82,30 83,74,27 71,64,23 60,52,18 55,42,19 56,28,19 82,40,29 73,36,23 67,30,17 43,20,9 55,24,12 106,42,14 43,34,28 26,21,23 23,22,25 20,21,24 21,18,22 22,21,24 23,20,24 24,21,25 26,20,27
20,19,22 22,21,24 26,23,27 24,21,25 19,18,21 19,18,21 20,19,22 22,21,24 22,21,24 20,19,24 23,22,25 22,21,24 22,21,24 22,21,24 23,22,27 42,27,18 62,41,26 41,28,21 21,22,27 24,22,30 21,18,24 26,20,27 38,28,27 48,31,21 56,34,14 52,35,7 46,32,5 43,30,7 71,48,19 78,41,28 78,41,28 79,42,29 73,42,23 70,50,20 69,63,17 97,89,26 96,92,30 95,91,31 92,88,26 91,84,25 89,84,29 89,81,27 90,82,28 88,84,24 84,79,26 81,75,29 68,61,20 57,49,25 31,22,14 79,42,29 73,31,20 66,31,16 43,19,11 43,19,11 97,40,11 56,33,22 22,21,24 23,20,24 24,21,25 23,20,24 23,22,25 22,21,24 25,22,26 60,37,26
20,19,22 22,21,24 25,22,26 25,22,26 19,18,21 19,18,21 22,21,24 20,19,22 20,19,22 20,19,22 23,22,25 22,21,24 23,22,25 23,22,25 27,21,26 33,23,22 35,25,26 45,30,21 38,25,20 23,21,22 21,18,22 26,20,25 35,25,29 48,28,21 58,31,24 45,23,15 44,24,15 53,29,21 77,39,29 85,43,32 72,46,25 75,39,29 72,54,24 78,72,26 70,63,20 82,73,26 80,71,26 71,61,19 56,43,11 59,45,18 86,78,26 89,84,31 87,82,27 90,83,24 85,80,25 82,77,26 73,67,21 61,52,21 33,25,14 51,28,17 75,33,20 68,31,16 41,22,8 37,17,8 72,34,15 70,36,14 61,42,28 44,33,28 28,21,24 31,19,21 56,39,29 40,31,27 21,18,22 21,18,22
20,19,22 20,19,22 27,24,28 26,25,28 19,18,21 18,17,20 22,21,24 22,21,24 19,18,21 22,21,24 23,22,25 22,21,24 23,22,25 23,22,25 38,27,24 25,19,24 36,25,22 49,34,23 49,35,21 26,20,25 21,18,22 25,22,26 33,23,27 45,28,20 52,30,22 58,31,24 45,25,16 68,35,26 88,49,37 56,35,24 80,62,30 66,48,18 72,52,20 96,92,30 95,88,20 86,81,10 80,75,22 78,74,26 79,76,25 84,79,24 86,78,24 84,79,26 83,74,27 62,48,19 82,72,30 77,68,23 72,62,22 63,52,17 33,31,13 44,28,11 72,33,19 64,29,14 34,14,7 47,28,14 84,50,32 109,65,39 102,67,40 108,63,40 75,45,30 27,22,24 21,18,24 21,18,22 21,18,22 21,18,22
23,22,27 22,21,26 23,22,27 23,22,27 22,21,26 22,21,24 22,21,26 23,22,25 19,18,21 22,21,24 23,22,25 22,21,24 24,23,26 25,22,28 36,25,22 21,18,22 38,27,22 50,35,24 41,28,21 23,20,24 21,18,22 23,17,22 32,22,26 43,25,22 46,26,19 44,22,14 27,14,7 70,35,22 68,37,27 45,31,15 89,70,33 99,88,42 86,74,19 51,39,9 98,95,80 67,65,66 36,30,25 59,52,21 75,71,25 88,84,26 90,83,26 82,73,26 61,53,19 56,47,18 59,47,21 57,48,19 55,45,21 47,37,13 38,34,17 48,29,13 63,27,19 67,30,17 45,32,11 43,35,11 47,37,13 43,32,15 45,31,13 47,31,27 23,20,26 21,18,24 21,18,24 21,18,22 21,18,22 21,18,22
26,24,32 27,25,33 27,25,35 27,25,35 27,25,35 25,24,29 26,24,34 27,25,33 26,25,30 23,22,25 19,18,21 22,21,24 23,22,25 30,23,26 31,21,22 21,18,22 43,30,25 52,37,28 43,30,23 21,18,22 21,18,22 21,18,22 26,20,25 42,26,22 43,26,18 44,27,19 38,21,11 72,37,24 71,45,35 88,83,42 75,56,21 84,73,29 101,92,34 104,90,36 78,66,29 46,37,31 25,20,17 39,31,20 70,63,22 94,90,30 97,90,33 62,57,16 36,29,13 56,44,18 76,67,22 71,61,19 63,55,21 50,42,18 35,31,14 51,30,15 54,26,13 64,32,18 39,28,9 30,20,8 36,25,10 48,35,14 51,37,12 55,35,26 23,20,24 23,20,24 21,18,22 21,18,22 21,18,22 21,18,22
25,23,31 25,23,31 26,24,34 25,24,29 25,24,29 24,23,28 24,23,26 25,22,26 25,22,28 26,23,27 23,22,25 23,22,25 25,23,24 28,20,26 25,20,22 21,18,24 49,34,23 51,34,24 44,28,24 18,19,22 21,18,22 21,18,22 23,20,24 31,22,18 39,21,18 56,30,20 76,40,30 74,37,24 28,15,8 100,95,40 97,91,45 102,94,42 99,91,41 95,84,40 93,82,36 83,71,30 72,60,23 75,64,31 80,75,32 92,92,33 65,60,17 54,47,18 27,22,8 46,37,29 88,84,74 35,34,27 37,34,19 32,24,11 33,25,12 58,35,22 55,24,14 51,25,15 28,20,9 36,29,13 47,34,13 58,39,12 71,44,26 62,39,24 27,19,25 23,20,24 22,21,24 21,18,22 21,18,22 21,18,22
25,23,31 25,23,31 24,21,25 24,21,25 24,22,23 21,18,22 20,19,22 25,22,26 26,23,27 25,24,27 26,23,27 25,22,26 25,22,26 30,23,26 33,23,22 20,17,21 49,34,23 57,40,32 34,23,18 20,19,22 21,18,22 21,18,22 21,18,22 23,20,24 32,22,23 46,23,20 71,34,21 60,34,22 31,20,17 97,97,34 99,94,43 102,94,40 103,93,44 95,84,40 87,78,33 86,77,32 85,79,31 104,96,46 90,82,28 102,99,34 90,81,34 71,64,23 49,39,17 39,32,12 62,48,23 44,35,18 45,38,22 53,42,25 41,32,15 48,29,17 60,29,21 46,25,14 54,32,14 77,46,23 83,49,31 80,46,26 77,51,30 66,41,24 27,19,25 27,19,25 23,20,24 23,20,24 21,18,22 21,18,22
25,23,31 20,19,24 23,22,25 23,20,26 23,20,26 20,20,20 19,18,21 20,19,22 21,19,20 27,19,25 26,23,27 25,24,27 26,23,27 28,25,29 31,27,36 22,21,24 36,26,25 46,36,37 27,19,25 20,19,22 21,18,22 21,18,22 20,19,22 21,18,24 23,20,24 26,21,23 28,21,19 56,30,20 41,26,17 97,94,39 103,98,43 103,99,41 111,106,55 105,96,51 95,84,40 91,80,34 74,62,25 100,96,38 111,105,41 116,112,52 91,83,33 80,74,26 55,43,15 49,42,22 43,39,20 50,41,22 59,46,23 50,40,18 51,36,14 36,19,9 35,19,13 44,23,12 73,47,26 91,56,31 89,51,30 86,51,26 82,51,30 67,45,27 32,20,22 28,20,26 26,20,25 23,20,24 22,21,24 20,19,22
26,24,32 22,21,24 22,21,24 23,22,25 22,21,24 19,18,21 20,19,22 20,19,22 23,16,19 27,20,23 25,23,24 26,23,29 31,28,34 36,34,46 37,37,49 32,26,31 32,22,26 33,27,32 39,37,47 36,36,46 38,36,44 37,33,42 28,26,27 18,19,24 20,19,22 20,19,22 20,17,21 23,20,26 39,26,23 91,94,32 100,95,44 100,96,38 108,99,54 100,91,44 94,86,36 86,77,30 68,58,16 93,86,29 39,32,12 95,91,33 84,75,30 71,66,25 50,40,18 55,45,21 57,48,29 54,45,26 60,50,26 57,47,23 61,42,17 24,15,9 35,22,17 51,27,19 99,59,36 107,63,37 96,54,30 88,53,28 85,51,31 56,35,22 38,24,24 32,22,26 28,20,26 27,19,27 23,20,24 22,21,24
24,24,32 22,21,24 22,21,24 22,21,24 27,21,26 26,23,27 25,22,26 23,22,25 26,21,23 31,29,37 30,30,40 30,30,40 31,29,37 31,29,37 29,28,33 28,23,25 32,22,23 33,23,24 39,33,38 44,37,40 49,39,43 45,35,39 46,36,40 46,40,47 40,37,41 38,35,39 40,34,39 33,27,34 45,34,43 77,74,32 96,95,39 100,96,38 99,91,39 95,85,34 84,75,30 76,66,24 109,102,34 110,100,29 98,92,26 85,77,27 71,59,29 52,42,18 37,33,12 69,55,26 72,58,33 71,59,33 63,54,27 54,41,18 63,44,17 31,17,17 41,21,14 77,48,28 111,65,37 111,66,33 104,60,32 96,56,31 81,50,27 47,32,23 38,25,20 36,25,22 31,21,22 34,27,30 60,43,33 106,68,47
23,20,24 20,19,22 22,21,24 24,23,28 26,23,27 24,21,25 22,21,24 24,21,25 27,24,30 29,29,37 31,29,37 31,31,39 32,31,36 31,28,32 32,26,31 30,25,27 39,26,23 42,29,26 44,34,38 45,35,36 45,35,36 45,35,36 49,39,40 55,41,41 52,40,40 56,43,40 57,44,41 56,40,36 57,41,35 54,40,24 93,96,32 98,96,36 97,93,35 96,89,32 89,81,29 113,107,32 112,107,27 109,99,28 88,84,24 84,76,24 83,78,23 64,57,16 52,43,16 86,78,28 86,75,31 73,61,31 61,51,27 55,41,16 52,36,21 31,18,13 34,18,12 61,39,21 115,70,35 123,74,38 107,62,29 104,60,30 69,45,23 48,34,20 44,29,20 38,25,20 92,57,32 132,78,42 132,76,38 111,65,35
20,19,22 20,19,22 21,18,22 25,23,31 24,23,26 24,21,25 22,22,22 24,21,25 20,19,22 23,22,25 25,24,27 27,24,28 28,25,29 30,25,27 30,25,27 34,27,30 38,24,24 42,26,24 40,28,30 47,35,35 52,36,32 54,38,36 54,39,30 57,42,33 59,44,33 61,46,35 62,47,36 69,46,33 66,47,35 66,47,33 88,87,31 97,96,31 100,94,28 100,94,28 108,103,34 112,108,30 115,105,34 114,107,35 88,83,28 81,75,27 90,86,26 61,53,17 52,43,16 71,64,23 80,73,30 70,59,24 57,43,25 58,41,17 29,14,3 48,29,17 88,51,27 95,57,36 112,64,37 131,78,35 116,68,25 109,62,28 64,43,20 55,34,19 67,44,29 83,52,31 95,58,34 108,64,36 106,61,38 125,73,41
21,18,22 23,17,22 21,18,22 26,24,32 25,23,24 24,21,25 22,22,22 23,17,22 21,18,22 21,18,22 22,21,24 22,21,24 23,20,24 23,20,24 28,21,24 32,22,21 38,25,18 42,29,22 26,21,20 47,31,25 50,35,24 52,37,26 55,40,29 58,43,32 59,42,32 64,45,33 66,47,35 70,47,36 70,47,32 65,46,32 78,66,29 89,93,26 100,94,28 100,95,26 105,98,28 46,36,14 52,35,27 45,32,25 63,49,33 74,53,38 63,47,30 54,43,24 47,38,11 57,49,15 75,64,29 61,52,23 42,38,19 90,56,36 102,65,41 122,74,47 125,76,40 127,77,35 130,79,40 127,74,31 120,68,20 100,57,24 113,68,33 131,75,39 135,82,39 126,75,36 115,69,41 101,56,35 107,62,39 125,77,50
21,18,22 21,18,22 21,18,22 26,24,32 25,22,28 24,21,25 22,21,24 23,20,24 21,18,22 21,18,22 20,19,22 20,19,22 22,21,24 23,20,24 22,22,22 27,20,20 32,22,21 27,21,26 32,22,23 42,25,26 40,27,20 44,29,20 47,32,21 47,32,21 50,33,23 53,34,22 60,39,26 62,42,24 67,47,27 75,64,29 84,84,23 82,81,25 98,95,28 101,96,27 98,92,26 91,86,31 105,85,65 69,51,32 53,41,31 40,31,25 37,27,26 36,23,16 44,37,19 54,47,18 62,53,22 44,41,17 56,43,20 120,74,46 128,79,43 140,85,44 146,89,49 146,89,47 138,83,38 129,75,27 135,78,20 117,67,23 121,71,29 129,72,28 119,70,32 126,75,40 139,83,45 137,83,45 140,82,45 144,87,45
21,18,22 20,19,22 23,22,25 26,24,34 24,21,25 23,22,25 21,19,20 21,18,22 21,18,22 21,18,22 21,18,22 21,18,22 21,18,22 21,18,22 21,18,22 21,18,22 21,18,22 21,18,22 21,18,22 23,22,25 27,22,24 31,21,25 30,20,24 33,21,26 42,29,22 56,35,10 54,43,24 71,66,23 77,76,22 85,85,24 96,93,26 83,85,28 81,80,26 94,90,28 95,93,31 93,91,29 76,70,24 74,55,30 71,53,34 58,42,27 49,35,21 54,43,24 52,39,16 57,48,19 46,40,17 45,36,17 40,29,12 55,38,12 82,53,18 131,85,48 105,57,28 147,88,42 159,93,41 164,93,24 173,91,19 131,78,21 154,91,38 173,102,47 174,100,46 174,97,46 167,95,47 151,87,41 136,76,33 128,75,32
21,18,22 21,18,22 26,23,27 26,24,34 25,22,26 24,21,25 23,18,20 20,19,22 21,18,22 21,18,22 21,18,22 21,18,22 21,18,22 21,18,22 21,18,22 21,18,22 21,18,22 21,18,22 21,18,22 21,18,22 21,18,22 21,18,22 22,22,22 64,52,22 71,56,20 55,41,12 73,72,20 80,77,22 83,81,21 94,91,24 101,94,22 93,92,27 68,69,21 79,78,26 89,89,30 98,91,30 87,78,31 71,61,21 62,51,16 56,47,20 49,39,15 54,44,20 55,46,19 45,39,16 45,32,9 36,29,11 45,36,17 49,40,13 51,44,15 49,40,13 49,34,12 54,35,12 79,47,13 255,152,26 255,132,0 144,81,14 173,98,35 183,107,44 160,94,39 153,87,37 144,85,39 126,76,34 118,67,30 94,48,22
21,18,22 21,18,22 25,22,28 26,25,30 24,23,26 23,22,25 25,20,22 21,18,22 21,18,22 21,18,22 21,18,22 21,18,22 21,18,22 21,18,22 21,18,22 21,18,22 21,18,22 21,18,22 21,18,22 21,18,22 21,18,22 28,31,23 18,42,18 79,62,23 79,63,21 67,51,18 84,79,24 87,83,23 89,86,21 99,92,24 105,99,24 102,97,28 87,87,28 65,62,18 71,68,26 81,80,26 85,79,31 85,77,27 78,69,24 66,55,22 58,51,24 44,38,15 43,37,14 51,34,8 49,40,11 53,44,17 56,47,16 57,49,15 57,49,13 50,41,10 58,43,23 55,40,20 20,27,9 24,26,9 79,55,22 172,96,15 141,83,17 132,78,19 122,73,24 92,54,17 87,51,18 118,73,27 165,93,45 146,82,38
21,18,22 21,18,22 25,23,31 25,25,25 25,22,26 23,20,24 23,18,20 21,18,22 21,18,22 21,18,22 21,18,22 21,18,22 21,18,22 21,18,22 21,18,22 21,18,22 21,18,22 21,18,22 21,18,22 21,18,22 19,26,21 25,45,18 34,39,19 67,52,14 79,63,19 73,58,18 83,80,27 88,84,22 90,86,24 97,91,25 106,100,25 113,108,35 96,93,28 87,85,27 59,58,22 56,55,19 56,51,19 58,54,19 50,45,13 37,36,11 36,34,14 36,29,11 49,37,9 49,34,12 54,45,14 60,52,18 64,54,16 64,57,16 67,60,17 56,44,16 65,48,22 57,42,20 14,27,13 18,26,5 19,31,11 59,37,0 155,92,18 140,82,18 125,76,25 88,54,13 79,43,12 157,90,42 181,101,44 156,86,37
21,18,22 20,17,21 26,25,30 23,22,25 24,23,28 24,22,23 26,19,22 21,18,22 21,18,22 21,18,22 21,18,22 21,18,22 21,18,22 21,18,22 21,18,22 21,18,22 21,18,22 21,18,22 21,18,22 25,19,24 22,49,21 14,45,19 37,36,11 23,38,10 95,79,37 82,66,24 66,59,20 88,84,22 88,84,22 97,91,25 102,95,23 109,103,26 106,99,27 102,95,27 89,85,25 72,69,25 56,51,19 45,39,16 37,35,13 36,34,14 43,36,16 47,39,15 49,40,13 55,46,17 63,55,19 66,59,20 69,62,19 70,64,18 70,60,22 61,45,14 73,57,24 54,44,22 9,36,16 50,44,21 13,31,16 21,30,13 90,50,0 142,84,18 125,72,17 93,58,20 146,82,36 199,112,46 165,90,43 142,83,37
21,18,22 20,17,21 26,24,34 24,23,26 25,24,29 22,21,26 20,19,22 21,18,22 21,18,22 21,18,22 21,18,22 21,18,22 21,18,22 21,18,22 21,18,22 21,18,22 21,18,22 21,18,22 21,18,22 17,38,17 11,44,17 9,47,18 26,34,13 12,40,17 82,67,20 83,67,23 63,50,18 89,86,21 89,85,23 90,86,24 99,92,22 107,101,26 114,108,31 110,101,27 104,94,23 88,84,24 78,73,20 75,70,19 71,65,17 76,71,20 77,72,19 66,59,18 60,52,16 76,71,20 84,80,22 87,83,25 87,83,23 84,84,21 88,78,25 86,70,26 79,63,21 28,38,12 21,37,18 31,27,8 8,33,15 18,30,12 22,30,9 123,80,31 118,73,25 116,62,14 191,111,43 181,100,48 153,89,45 101,62,34
21,18,22 21,18,22 27,25,35 23,22,25 26,23,27 22,21,24 21,18,22 20,19,22 22,21,24 21,18,22 21,18,22 21,18,22 21,18,22 21,18,22 21,18,22 21,18,22 21,18,22 21,18,22 17,19,19 23,44,23 9,45,17 10,48,19 60,57,17 7,44,13 80,66,23 92,75,28 73,58,20 90,87,22 91,85,21 89,88,23 97,91,25 101,94,26 109,103,28 112,106,29 105,99,24 91,88,23 87,83,23 90,87,22 91,88,23 100,92,27 88,84,26 69,63,15 78,73,18 85,81,21 89,86,19 91,88,23 89,88,23 92,90,20 76,63,15 82,66,22 81,65,23 31,36,12 23,36,11 13,39,16 9,34,16 14,29,13 18,30,10 25,30,10 115,70,22 165,96,42 172,101,48 149,87,45 114,69,34 42,30,18