22,21,24 22,21,24 20,19,22 20,19,22 20,19,22 20,19,22 20,19,22 15,19,21 20,19,22 20,19,22 20,19,22 20,19,22 20,19,22 20,19,22 23,20,24 23,17,22 22,21,24 20,21,26 25,19,24 22,21,24 23,20,24 23,20,24 23,20,24 23,20,24 23,20,24 23,20,24 23,20,24 23,20,24 23,20,24 22,21,24 20,19,22 29,29,37 25,23,31 24,22,30 25,23,31 23,21,29 23,22,27 22,21,24 29,29,39 29,33,48 24,24,36 36,39,48 38,38,46 42,42,50 32,35,44 34,34,44 25,26,31 32,32,40 36,35,50 48,47,64 42,54,76 41,54,73 43,56,73 43,56,75 34,42,51 33,41,48 33,38,44 31,36,42 34,39,45 31,36,42 33,38,46 34,39,47 33,41,48 37,45,52
22,21,24 20,19,22 20,19,22 20,19,22 20,19,22 20,19,22 20,19,22 23,20,24 22,21,24 22,21,24 22,21,24 22,21,24 22,21,24 22,21,24 23,20,24 25,19,24 22,21,24 22,21,26 26,20,25 22,21,24 22,21,24 23,22,25 22,21,24 22,21,24 22,21,24 23,20,24 20,19,22 22,21,24 23,22,25 23,22,25 23,22,25 27,27,35 25,25,33 22,22,30 26,24,34 23,21,29 23,22,27 24,23,28 26,29,38 29,33,48 23,23,31 35,38,47 32,32,40 42,42,50 34,37,46 56,49,47 24,25,30 34,34,42 29,29,39 38,37,52 33,47,57 38,51,68 39,52,71 39,52,69 34,42,51 30,38,45 28,33,39 24,29,35 23,24,27 23,24,27 21,27,30 24,29,35 25,30,36 28,33,39
20,19,22 20,19,22 20,19,22 20,19,22 20,19,22 22,21,24 22,21,24 22,21,24 20,19,22 20,19,22 20,19,22 22,21,24 20,19,22 24,22,23 51,33,28 70,44,32 58,40,35 36,24,24 26,20,25 22,21,24 23,20,24 22,21,24 24,23,26 23,22,25 23,20,24 22,21,24 22,21,24 23,22,25 25,24,27 24,23,26 20,19,22 25,24,27 27,25,33 25,24,29 88,69,53 57,42,31 25,24,27 24,23,28 31,36,44 31,35,48 24,24,32 34,39,47 33,31,39 36,36,46 67,47,29 57,47,46 26,25,30 33,31,39 28,31,38 33,38,46 34,34,34 29,37,42 32,37,45 32,37,45 21,26,32 20,21,24 21,22,27 20,21,24 22,23,28 23,24,27 21,22,25 20,21,24 20,21,26 18,19,22
22,21,24 22,21,24 22,21,24 20,19,22 20,19,22 22,21,24 20,19,22 19,18,21 19,18,21 20,19,22 25,20,22 78,35,20 87,40,19 137,62,33 133,63,30 126,63,39 139,70,41 114,56,32 101,53,35 90,51,37 40,24,20 25,22,26 22,21,26 23,22,25 25,24,27 25,24,27 26,25,28 27,26,29 29,28,31 25,24,27 17,16,19 17,17,17 26,24,32 25,23,31 101,72,41 56,51,50 26,25,30 28,28,38 21,26,34 28,32,47 21,24,31 35,40,48 31,31,39 64,46,27 69,57,59 37,35,36 23,21,29 31,29,37 31,30,35 30,28,38 30,29,34 23,24,27 16,15,18 16,16,16 16,15,18 20,21,26 20,19,22 20,19,22 18,19,22 18,17,20 16,15,18 17,14,18 17,16,19 17,16,19
22,21,24 20,19,22 20,19,22 20,19,22 20,19,22 20,19,22 19,18,21 19,18,21 20,19,22 38,20,17 140,62,34 132,63,30 131,61,30 122,59,28 94,46,17 90,44,18 92,45,22 89,43,17 81,44,31 70,37,26 79,44,29 89,51,34 52,31,31 41,40,43 27,28,33 31,30,33 26,25,28 25,24,27 27,26,29 31,30,33 17,17,17 18,17,20 15,17,17 21,21,29 92,67,39 55,52,56 40,38,39 19,16,20 16,15,18 21,17,26 27,27,35 40,43,52 31,31,41 82,50,34 52,52,52 29,29,29 14,15,18 27,26,31 26,23,27 27,24,28 24,29,37 20,21,26 16,18,18 17,16,21 17,14,18 16,15,18 19,18,21 19,18,21 19,18,21 19,18,21 16,15,18 19,18,21 16,15,18 16,15,18
20,19,22 20,19,22 22,21,24 22,21,24 22,21,24 17,18,21 20,21,24 22,21,24 48,25,22 133,64,33 116,53,22 118,55,22 108,46,17 102,44,18 74,33,15 87,41,23 78,40,21 81,43,26 57,31,17 53,30,17 58,32,18 61,33,20 83,49,31 68,46,40 34,38,42 29,30,35 30,31,34 30,31,34 27,28,31 33,32,35 25,25,25 18,18,18 19,19,19 19,19,19 54,44,34 58,48,47 58,58,58 30,28,29 16,15,18 17,16,19 29,29,39 37,37,45 51,40,33 89,67,47 54,51,57 29,29,29 24,23,26 27,24,28 26,25,28 32,36,40 22,22,22 23,22,25 21,22,27 22,21,24 20,17,21 17,16,19 21,21,31 19,18,23 20,19,22 19,18,21 16,15,18 19,18,21 18,15,19 17,14,18
24,21,25 24,21,25 24,21,25 24,21,25 22,21,24 23,20,26 24,23,28 42,25,26 134,61,31 118,51,24 94,41,14 101,45,19 88,40,13 80,35,14 59,29,14 61,29,13 93,46,23 76,33,16 51,28,13 50,30,21 51,28,17 49,28,17 54,31,20 75,43,29 82,53,47 42,36,43 36,36,44 31,30,33 33,32,35 29,29,29 25,24,27 24,24,34 27,27,27 19,18,23 26,21,20 71,56,47 55,52,56 48,41,44 20,20,20 22,21,24 20,19,24 23,22,25 79,53,32 49,46,50 52,50,51 27,27,24 22,22,22 18,17,20 22,23,28 25,28,35 22,21,24 24,23,26 22,25,32 21,22,25 22,21,26 19,18,23 41,44,62 45,49,64 29,34,42 27,27,37 22,21,24 22,21,24 22,21,24 16,15,18
31,21,22 30,20,24 26,21,20 38,28,29 33,28,30 27,24,28 27,27,27 132,61,35 115,52,21 105,45,20 85,37,19 84,38,20 75,37,18 66,31,18 59,26,15 56,30,16 89,48,30 76,35,19 60,30,15 51,28,15 45,26,14 46,27,15 39,22,12 47,27,18 75,42,31 83,47,37 39,39,47 40,38,50 30,31,34 30,30,30 25,24,29 22,25,32 27,28,33 24,24,32 23,22,25 72,48,24 42,39,43 57,51,56 20,14,19 21,15,20 25,24,27 23,22,25 101,70,47 49,43,48 38,36,37 20,19,22 19,19,19 17,16,19 24,24,32 20,21,26 26,25,28 22,21,24 26,32,35 25,28,37 22,22,30 25,24,27 20,21,24 20,19,22 20,21,24 20,19,22 18,19,22 18,17,20 18,17,20 17,14,18
48,33,22 39,28,25 43,30,27 49,33,27 46,33,30 37,30,33 97,49,31 121,57,29 99,43,17 78,38,15 76,35,17 63,31,17 51,23,12 44,21,8 66,28,18 50,24,10 46,23,12 55,24,16 42,21,10 51,28,15 46,23,12 41,22,10 38,22,9 37,20,10 44,24,15 68,37,27 61,40,38 41,41,51 38,38,50 30,29,32 23,23,33 21,26,32 24,23,28 25,24,27 24,23,26 87,62,34 47,44,48 56,53,57 33,27,32 24,14,15 23,20,24 32,33,38 70,55,44 56,49,49 31,29,27 18,17,20 22,22,22 18,17,20 32,32,40 18,18,26 31,30,33 22,21,24 20,21,24 20,19,22 18,19,22 22,21,24 18,17,20 18,19,22 16,19,28 45,49,64 34,38,51 30,33,44 23,27,31 19,16,20
66,45,30 60,39,24 24,17,20 48,31,21 57,41,28 84,48,30 134,59,30 91,43,18 79,33,15 71,32,18 68,34,16 61,29,15 51,23,12 38,19,7 38,19,7 42,21,10 46,25,14 41,20,9 43,24,12 50,27,16 50,27,16 44,23,12 36,19,9 36,19,9 34,19,8 39,22,14 71,43,32 37,35,43 35,38,45 38,38,46 18,17,22 22,25,32 25,24,29 22,21,24 22,21,24 29,22,25 66,56,55 38,36,37 36,29,32 29,16,9 21,15,10 28,22,27 83,64,48 125,91,57 30,29,32 16,16,16 20,19,22 22,21,24 30,29,32 20,22,22 25,24,27 25,24,27 19,18,21 20,21,26 22,21,26 20,19,22 33,37,52 29,33,46 29,34,42 29,34,44 33,38,46 33,38,48 32,35,44 25,24,27
82,55,39 79,52,36 67,46,33 56,40,27 77,44,35 132,61,35 109,45,17 71,30,12 65,31,13 52,21,9 59,27,13 63,30,19 59,28,18 41,20,9 38,19,7 41,20,9 55,29,19 41,21,12 45,24,13 50,27,16 50,27,16 42,21,10 42,21,10 35,18,10 31,16,5 33,18,7 59,38,27 53,43,44 45,43,53 38,39,44 12,16,18 22,22,30 24,23,26 16,15,18 23,22,25 26,24,34 80,60,40 51,44,47 48,42,47 32,20,10 22,12,13 25,25,20 87,77,67 58,41,31 27,26,29 16,15,18 20,19,22 18,17,20 18,17,20 20,21,26 22,21,24 23,22,25 25,25,35 29,32,43 23,23,31 20,19,22 33,35,49 34,38,51 29,34,42 29,34,44 35,40,48 29,32,43 21,21,29 22,21,24
92,61,42 70,44,23 80,55,38 74,47,29 120,56,28 120,49,23 80,33,10 67,30,15 55,25,10 42,21,8 38,19,7 41,20,7 56,28,15 54,26,15 45,24,13 44,23,12 53,22,14 54,26,17 50,27,16 53,30,17 45,24,13 46,25,14 46,25,14 37,21,8 34,17,7 35,18,8 46,26,19 60,39,37 36,35,50 44,44,54 18,19,24 23,23,33 23,22,27 17,16,19 24,23,26 27,23,32 30,20,19 50,37,32 58,46,46 90,56,34 89,58,35 73,61,51 52,45,48 28,25,29 26,25,30 17,16,19 19,18,21 18,17,20 22,21,24 22,21,24 23,22,25 21,22,27 20,21,26 27,27,37 23,23,33 18,17,20 20,21,26 21,22,27 24,21,25 23,22,25 24,23,28 28,28,36 31,29,37 22,21,24
103,65,44 86,52,34 101,69,53 80,44,11 96,49,15 87,39,14 64,29,14 59,29,14 61,26,13 54,23,11 40,19,8 36,19,9 36,22,8 40,20,11 45,24,13 56,30,20 56,28,17 58,27,17 47,33,15 20,31,16 24,39,23 52,33,21 51,25,13 46,23,12 37,20,10 34,17,7 43,28,17 57,34,23 33,31,32 41,40,43 30,30,38 16,16,16 25,24,27 17,16,19 24,23,26 22,23,26 24,23,26 52,31,18 68,48,30 75,54,39 87,61,40 50,30,21 28,21,21 58,42,29 46,36,35 20,18,16 22,21,24 19,18,21 34,33,36 23,22,25 23,22,25 23,22,25 24,23,26 26,25,30 23,22,25 17,16,19 23,21,29 23,21,29 22,21,24 22,21,24 22,21,24 22,21,24 22,21,24 22,21,24
115,74,54 114,80,58 110,69,49 90,51,19 97,46,20 80,35,14 59,27,13 50,24,10 44,21,6 54,26,13 51,23,12 44,21,10 41,20,9 36,16,7 38,19,7 40,20,11 49,28,15 49,52,19 16,28,10 5,28,11 10,35,17 19,51,29 42,28,14 39,19,10 32,15,5 30,13,5 36,19,9 54,30,22 42,34,40 26,23,29 23,23,31 16,15,18 19,19,19 14,16,16 18,20,20 19,18,21 22,21,24 56,33,18 47,34,27 40,35,37 51,46,48 40,37,41 88,86,98 38,31,29 65,49,34 80,53,37 41,34,37 24,23,26 30,28,36 32,36,38 33,32,35 24,23,26 25,24,27 24,22,30 20,19,22 20,19,22 22,21,26 23,21,29 23,21,29 24,22,30 23,21,29 22,21,24 23,21,29 22,21,24
118,80,59 118,80,59 113,72,52 106,60,34 101,53,28 85,40,19 57,24,13 47,24,11 46,23,12 46,23,12 52,26,14 46,23,12 42,21,10 40,21,9 44,23,12 44,23,12 44,46,20 24,42,11 13,29,10 5,25,11 8,31,16 13,38,20 31,67,39 43,23,14 35,18,8 35,18,8 35,20,9 51,29,21 33,25,31 25,23,31 25,25,33 28,28,36 22,23,28 18,20,20 20,19,22 19,19,19 17,16,19 90,54,21 55,34,34 71,63,69 83,63,56 79,68,75 88,88,100 55,50,52 59,46,41 55,43,43 40,38,39 25,24,27 31,30,35 41,39,47 43,42,45 30,29,32 22,21,24 24,23,26 20,19,24 19,18,21 25,23,31 23,22,27 25,23,31 25,23,31 25,23,31 25,23,31 26,24,32 17,15,23
131,88,69 99,63,45 104,62,40 100,57,38 112,67,44 93,47,31 55,25,8 53,25,12 41,20,9 40,19,8 40,18,10 40,19,8 41,20,9 40,19,8 44,21,10 47,25,17 45,74,21 17,34,8 5,25,7 5,22,12 6,26,12 5,28,13 6,36,15 39,29,19 33,18,7 31,16,5 31,14,6 44,28,22 29,21,29 27,28,33 17,16,19 17,18,23 18,17,20 26,25,28 25,25,33 22,21,24 26,25,28 129,86,41 157,116,85 155,100,48 118,73,38 69,62,60 81,84,91 63,60,64 48,47,50 47,45,43 39,37,38 32,30,31 30,29,32 36,35,40 52,51,54 46,45,48 36,35,38 22,23,26 24,25,30 27,28,31 25,26,29 24,25,28 26,25,28 27,26,31 25,25,33 29,29,37 27,27,35 23,24,29
116,85,66 153,102,78 134,89,68 107,71,51 114,76,55 96,59,44 61,29,15 65,30,17 58,27,15 56,29,13 48,25,14 46,23,12 47,24,13 46,25,14 48,27,16 48,25,14 40,62,21 21,36,12 9,22,10 26,21,9 35,23,11 68,40,29 59,33,21 39,50,35 35,18,8 33,18,7 34,17,7 35,28,31 32,28,37 18,16,24 28,32,36 22,22,30 18,16,24 20,19,24 19,19,19 24,23,26 29,19,18 153,99,40 164,106,53 202,132,70 194,138,102 128,105,92 66,66,66 66,65,68 53,55,55 42,36,41 35,33,34 27,21,26 23,22,25 47,45,53 46,44,52 50,49,52 53,52,55 44,45,50 38,38,46 29,28,31 33,31,39 25,29,33 28,29,34 26,25,28 27,27,35 31,29,37 27,30,37 27,32,40
112,82,67 141,100,71 117,74,59 126,88,71 107,72,57 103,69,51 54,26,15 52,26,14 57,31,19 55,32,19 55,29,19 46,23,12 44,21,10 40,20,11 37,20,10 39,20,8 40,62,23 13,21,7 74,31,16 102,44,20 80,39,23 57,31,19 56,30,16 31,40,21 36,16,7 30,15,6 32,18,18 41,35,42 19,18,21 25,28,35 28,28,36 34,34,42 22,22,30 24,24,32 25,24,27 21,18,22 28,21,21 157,101,34 217,127,49 213,138,70 144,116,105 85,78,90 80,78,86 64,63,68 54,53,56 37,36,39 34,34,34 26,24,22 38,38,46 38,38,46 50,49,54 50,51,56 53,52,55 54,53,58 53,51,61 49,49,57 50,50,58 46,46,54 49,54,64 50,55,65 49,49,57 44,44,52 35,35,43 35,40,48
110,80,63 161,110,82 137,99,91 157,107,76 125,87,68 103,72,53 112,80,64 74,36,17 49,22,6 47,24,11 40,19,8 41,18,7 48,22,10 45,24,11 48,30,11 45,38,9 42,47,23 68,38,21 106,47,19 127,57,28 68,36,22 29,16,11 35,18,8 45,23,17 34,15,3 29,16,11 48,50,66 40,42,56 20,20,28 29,29,37 22,21,26 24,23,26 20,19,22 22,21,24 18,18,26 25,25,33 30,23,21 155,99,34 210,118,52 139,83,45 93,76,77 58,53,55 84,73,82 55,53,61 51,51,51 42,43,46 46,46,46 27,22,24 39,38,41 39,38,41 41,40,45 36,37,42 52,53,58 50,49,52 48,47,50 49,50,55 48,48,56 53,53,61 44,44,52 47,52,58 46,46,54 44,47,54 50,50,58 36,47,58
150,108,86 99,62,47 126,87,75 108,82,61 116,81,68 124,86,69 131,99,83 128,100,89 125,103,95 119,85,24 91,68,10 79,58,15 59,41,9 92,63,12 77,55,10 64,49,13 50,43,14 50,41,14 104,46,20 120,54,24 55,24,12 28,12,8 29,13,7 32,32,44 42,42,52 46,45,60 54,56,72 36,39,50 29,28,31 25,24,29 27,26,29 27,27,27 30,29,32 32,31,34 29,31,31 30,30,38 39,28,25 148,91,31 167,92,29 110,63,31 69,57,59 47,41,46 62,55,65 66,65,70 47,46,49 46,47,50 51,51,51 53,47,52 44,43,46 46,45,48 43,42,45 43,43,53 38,39,44 55,54,57 57,56,59 55,56,61 50,50,58 49,49,57 64,64,72 57,57,65 37,37,45 54,52,60 35,36,41 39,52,67
164,117,96 152,104,86 140,90,59 141,99,77 129,94,79 130,92,75 121,90,71 127,96,84 115,92,81 105,84,73 106,79,6 103,73,4 170,120,6 148,104,4 118,80,2 89,66,6 72,55,4 66,51,4 112,50,21 111,54,25 49,26,15 58,32,20 48,33,22 45,46,36 34,33,38 33,33,33 40,39,42 40,39,44 39,38,41 33,32,35 23,24,27 29,28,31 29,28,31 30,29,32 31,28,32 31,30,33 26,29,38 138,87,34 164,102,44 86,52,32 49,42,42 43,37,42 56,53,59 65,63,71 45,45,40 66,57,53 51,50,53 51,48,52 41,40,43 54,52,62 38,37,40 45,44,47 44,41,47 41,40,43 41,40,43 58,59,64 48,49,54 54,53,58 48,48,56 53,53,61 55,55,63 48,51,58 38,53,60 18,19,22
189,131,105 168,122,92 143,92,68 110,75,60 146,103,86 140,106,86 128,93,78 125,98,80 116,88,77 108,80,69 88,71,36 87,66,12 174,119,0 144,96,0 115,77,0 88,66,3 74,57,6 72,52,6 103,52,17 99,48,24 51,23,12 50,27,16 72,37,22 68,51,25 43,40,25 22,24,24 36,37,40 39,38,41 41,40,43 45,44,47 32,31,34 26,25,28 29,29,29 31,31,31 29,29,29 29,28,33 30,30,30 101,66,41 145,84,37 102,60,36 59,46,43 46,40,45 50,42,48 54,46,54 40,40,37 34,32,33 51,50,53 54,48,53 46,45,50 42,42,50 46,44,52 50,49,52 47,46,49 44,43,48 44,43,46 44,43,46 45,43,51 60,59,64 61,60,65 61,64,71 61,64,71 61,64,73 44,47,56 13,14,17
157,99,73 164,122,100 182,123,93 117,87,70 125,94,75 147,96,70 115,76,62 119,87,71 112,81,71 95,65,50 106,89,81 103,70,4 147,99,0 123,84,0 92,68,4 78,59,6 72,55,8 70,53,6 109,53,19 108,46,19 113,51,22 100,44,22 57,31,17 61,33,20 62,55,16 64,66,20 36,32,11 32,30,31 37,37,37 41,40,43 47,44,48 34,33,36 26,25,28 30,29,32 30,29,32 32,31,34 30,29,32 126,86,50 121,69,37 104,60,34 60,47,42 44,39,38 40,35,34 41,34,37 46,41,40 51,46,48 41,40,43 48,45,49 45,44,47 48,46,54 44,45,50 47,46,51 52,51,54 37,35,36 42,39,43 38,37,40 44,41,45 39,37,38 62,61,64 58,59,64 59,60,65 51,52,57 37,37,45 39,39,47
234,151,102 178,124,88 145,103,79 178,130,105 132,95,71 143,99,71 132,95,80 102,72,57 116,88,75 112,88,82 91,65,55 153,107,0 138,93,4 108,71,2 84,64,5 73,54,1 71,54,7 71,54,7 105,56,20 137,62,33 138,63,34 103,47,25 35,18,8 38,19,7 57,43,14 57,53,16 61,61,18 66,66,23 48,48,34 39,35,29 46,41,40 46,44,45 32,31,34 29,28,31 25,24,27 27,26,29 31,31,31 127,77,31 99,62,38 131,77,39 63,56,59 54,44,45 54,44,45 47,42,44 39,37,38 47,46,49 43,42,45 44,41,45 44,41,45 29,22,22 40,40,40 46,45,48 41,40,43 44,42,43 38,36,37 43,42,45 33,32,35 48,47,50 39,38,41 45,44,47 66,65,68 67,65,73 62,62,70 50,50,58
227,150,90 200,132,94 159,114,93 166,124,102 146,111,98 108,87,74 140,98,76 146,113,102 117,85,71 109,81,81 156,105,7 146,100,0 125,86,6 102,72,5 80,59,7 74,57,8 71,54,7 70,53,6 79,49,7 134,61,31 103,47,25 55,24,12 51,28,17 36,19,9 47,38,9 51,45,9 54,51,11 59,56,16 59,59,16 62,62,17 63,60,16 66,49,25 69,67,38 33,34,24 26,25,30 27,26,29 27,26,29 125,83,31 76,43,18 143,84,27 120,95,78 89,76,73 39,34,33 43,38,40 34,32,33 44,44,44 42,40,41 44,41,45 39,37,38 62,62,74 26,19,22 31,24,27 43,42,45 47,46,49 46,44,45 49,47,48 53,52,55 43,42,45 34,33,36 44,43,46 43,42,47 67,66,69 66,64,72 59,59,67
189,130,102 207,141,109 184,129,100 152,105,84 153,112,96 130,98,84 135,97,80 128,86,75 133,92,61 161,112,4 148,101,0 134,92,2 118,80,4 96,69,4 77,57,7 69,54,7 69,52,5 69,51,9 80,49,10 99,46,23 69,34,21 42,21,10 59,31,18 69,34,21 47,35,9 48,39,8 52,48,11 54,51,11 57,54,14 59,56,16 60,57,15 64,47,21 64,52,24 73,68,40 35,53,36 30,27,31 34,29,31 117,73,35 72,47,28 105,71,49 108,67,47 54,43,40 47,44,48 39,37,38 34,32,33 44,41,45 41,39,40 40,37,41 38,36,34 54,58,73 56,60,75 41,39,49 30,30,30 44,42,50 41,40,45 43,42,45 43,42,45 50,49,52 38,37,42 39,36,40 54,53,58 37,36,41 64,63,66 69,67,75
205,138,93 137,91,65 192,126,94 193,140,115 146,110,92 149,110,96 164,127,112 130,87,2 156,110,3 149,102,0 144,97,4 127,88,4 112,75,4 93,66,3 76,57,4 69,53,9 66,52,9 66,50,6 86,52,11 80,40,17 44,21,10 37,17,8 49,26,15 64,32,18 74,43,24 45,40,10 48,42,8 51,47,10 53,49,12 56,53,13 58,55,13 64,47,19 69,56,24 20,38,23 42,43,20 38,56,43 75,39,8 98,65,40 48,37,34 109,69,44 102,81,70 60,57,61 59,59,59 49,47,48 32,30,31 40,38,39 38,36,37 40,38,39 40,37,43 46,47,66 53,55,71 53,57,70 46,51,59 23,22,27 53,52,57 42,45,52 41,40,43 48,47,50 46,44,45 46,45,48 36,35,38 51,51,59 48,46,54 36,35,38
88,52,32 127,78,56 139,98,80 124,81,64 116,76,40 88,58,0 146,100,4 158,109,0 152,105,1 145,97,0 129,87,4 122,84,6 107,73,3 88,66,1 74,57,8 68,52,8 67,51,7 67,51,7 86,52,11 91,42,20 101,40,22 122,52,28 64,27,12 57,29,18 61,31,16 45,40,10 49,45,10 49,45,10 52,48,11 54,51,11 57,54,14 62,48,19 74,53,26 37,42,20 70,55,33 26,53,33 116,71,25 104,66,31 44,39,41 109,73,44 73,72,75 94,94,78 64,63,66 47,47,47 38,36,34 42,40,38 44,42,40 45,43,44 35,32,36 61,62,81 56,60,75 53,57,72 54,61,75 42,44,58 24,24,34 45,44,59 57,56,71 43,41,49 40,39,42 39,38,43 48,45,49 40,40,40 48,47,52 54,52,64
31,18,13 173,117,93 108,73,60 127,75,27 141,79,7 150,105,12 161,110,1 155,109,0 145,99,0 136,94,0 124,85,3 118,80,4 107,72,7 85,66,2 72,55,8 67,51,7 65,51,8 65,54,10 67,51,9 98,40,14 135,53,26 132,53,30 52,19,8 37,17,8 40,21,7 46,39,12 49,44,12 49,45,10 51,47,10 53,49,12 57,52,13 59,47,19 71,54,26 35,43,29 35,36,15 23,48,30 81,66,30 105,73,41 48,46,47 75,59,53 74,72,73 76,75,80 61,60,63 59,58,61 41,39,37 41,41,38 42,40,38 40,40,35 35,32,36 46,44,54 59,63,78 68,72,87 59,62,80 55,59,74 40,42,58 55,58,65 40,38,48 51,54,65 51,51,59 46,46,56 48,49,54 44,43,46 50,49,52 40,39,44
76,60,58 149,96,73 106,82,20 137,78,5 153,87,5 121,79,14 161,110,1 152,105,3 139,97,3 128,86,3 118,82,4 110,76,4 99,71,3 84,64,3 72,57,8 66,52,7 63,51,12 64,53,9 64,50,7 96,46,13 134,59,28 111,47,21 44,21,10 24,10,10 38,30,8 45,40,12 49,44,12 49,45,10 47,43,6 52,48,11 53,48,9 58,46,20 65,48,22 15,38,23 55,51,32 21,44,27 34,62,39 66,60,55 56,57,60 60,60,60 72,70,71 75,74,77 69,68,71 57,57,57 51,51,51 43,43,43 47,47,47 39,37,35 30,28,36 37,35,43 40,38,46 57,57,69 47,51,64 69,72,90 61,65,80 49,49,59 47,44,48 24,21,27 50,52,66 55,55,67 45,45,53 52,51,56 52,51,54 40,37,41
131,85,55 53,68,33 70,68,19 137,88,11 158,93,2 128,73,3 156,107,0 147,99,0 135,93,3 126,84,1 116,80,4 106,72,2 94,70,6 84,60,7 68,53,6 62,51,7 63,51,12 63,51,10 64,49,9 102,45,16 108,50,24 77,35,13 50,23,16 49,26,15 41,28,7 44,39,11 50,45,13 49,44,12 51,47,10 52,48,11 56,42,13 58,44,17 57,47,25 18,37,26 62,53,34 20,45,27 30,56,31 41,69,44 47,47,47 50,50,50 64,65,68 76,74,75 65,67,67 54,53,56 50,49,52 29,28,31 46,45,48 44,42,43 25,25,33 29,29,37 34,32,40 38,36,44 54,52,60 57,59,73 61,63,79 55,55,67 30,28,36 64,64,74 41,41,49 41,40,45 53,53,61 45,45,53 47,45,53 51,51,51
163,108,77 37,77,11 117,81,30 22,51,7 168,96,7 158,89,4 148,104,8 145,99,3 133,89,7 127,85,6 115,78,5 103,73,6 89,67,2 78,59,6 69,53,9 63,51,10 62,52,14 63,53,13 63,52,8 96,44,14 66,32,14 48,25,12 40,21,9 58,27,15 56,30,18 44,37,10 49,45,10 49,45,8 49,45,8 52,49,9 53,39,14 58,46,20 57,47,25 24,39,23 26,37,22 15,40,22 28,54,31 33,61,36 56,43,38 42,44,41 22,21,24 73,70,74 64,63,66 54,53,56 24,21,25 23,23,23 59,58,63 44,41,45 32,31,36 27,26,31 30,28,36 33,31,39 39,35,44 39,39,49 47,45,55 43,43,53 53,56,65 54,57,66 56,60,73 61,64,71 42,39,43 49,49,57 43,43,51 45,45,53
91,98,41 25,66,7 70,62,12 6,51,9 154,91,0 163,92,3 118,72,13 143,96,5 131,90,4 124,85,5 110,76,4 100,72,4 88,66,3 80,60,10 69,53,9 63,51,12 62,51,16 63,51,14 63,51,10 79,44,8 72,37,22 59,24,11 70,33,18 60,27,16 60,29,17 49,37,11 49,45,8 49,45,8 49,45,10 52,46,12 57,40,14 55,43,17 41,39,17 14,34,18 29,34,14 13,33,15 21,45,23 31,55,33 38,36,32 41,39,40 24,22,23 23,21,22 24,22,23 23,21,22 23,21,22 27,25,23 55,54,57 25,24,27 34,33,36 32,33,36 27,25,33 27,26,31 26,25,28 39,40,43 48,48,56 51,51,59 51,54,63 55,58,67 54,59,67 59,66,78 61,66,76 40,39,44 42,42,50 48,51,58
52,83,20 20,61,6 68,60,10 4,50,12 125,79,13 156,90,6 147,84,8 127,83,1 125,86,4 116,80,2 109,75,3 101,73,3 86,66,5 77,60,11 68,52,10 62,50,13 61,51,13 62,50,13 62,52,12 64,45,8 102,42,17 130,57,27 101,41,18 48,22,12 53,27,13 47,40,11 49,45,8 49,45,8 49,45,8 48,39,10 55,43,15 58,44,19 38,42,25 20,38,23 22,36,15 17,32,16 13,33,17 25,49,27 28,42,33 42,36,43 33,31,32 23,21,22 23,21,22 24,22,23 24,22,23 47,41,46 48,47,50 31,30,33 33,32,35 34,33,36 36,35,38 24,23,28 33,38,46 30,31,36 37,37,45 47,46,51 53,57,61 51,51,61 59,64,74 56,60,73 57,62,70 60,63,72 39,42,49 52,50,58
46,76,18 16,56,6 73,57,15 8,51,11 62,72,21 120,74,17 144,82,8 121,76,14 121,86,3 119,83,5 111,77,3 101,73,3 85,65,6 74,59,12 67,53,10 63,51,14 59,52,13 59,52,13 61,51,13 65,48,13 136,55,21 143,59,24 97,43,23 44,21,10 50,32,11 48,42,6 51,47,10 49,45,10 50,47,7 50,38,12 51,38,15 33,34,13 29,36,18 64,69,35 14,32,17 13,31,16 13,31,16 17,40,23 25,48,29 57,41,39 41,39,40 24,22,23 22,22,22 20,18,19 23,21,19 45,39,34 52,51,54 29,28,31 33,32,35 30,29,32 36,35,38 33,32,35 26,25,28 34,37,46 34,37,44 41,41,49 43,42,47 50,53,60 56,56,64 55,58,67 57,57,67 63,63,71 60,63,74 70,71,76
48,73,26 22,51,7 23,52,8 14,48,7 43,49,8 60,57,17 130,79,3 137,83,8 98,61,8 112,79,2 108,76,5 96,67,4 85,65,6 73,60,10 68,54,11 59,52,13 56,49,10 59,48,15 59,52,13 62,50,11 137,56,27 128,52,28 75,37,20 49,23,13 52,43,12 51,47,10 51,47,10 49,46,6 46,39,10 47,38,11 49,40,11 45,46,23 23,36,22 21,37,18 12,26,7 8,23,11 10,28,11 14,34,18 44,45,24 44,32,32 23,20,24 21,19,20 23,21,22 23,21,22 23,20,24 100,74,51 60,49,46 31,30,33 33,32,35 29,28,31 30,29,32 29,28,31 30,29,32 29,28,33 25,28,35 36,36,44 38,39,42 38,38,38 52,53,58 61,59,67 56,56,64 56,56,64 65,64,69 56,56,66