14,23,46 14,23,46 14,23,46 14,23,46 17,23,44 16,23,46 14,23,46 14,23,46 14,23,46 14,23,46 14,23,46 17,26,49 17,26,49 15,24,47 20,23,45 18,25,48 18,26,46 18,24,45 18,24,43 19,28,51 19,31,53 19,31,53 13,25,47 19,26,49 18,25,48 17,26,49 22,31,54 20,34,55 20,34,55 29,37,57 9,10,15 15,18,27 15,20,28 38,46,62 29,41,63 31,43,65 29,41,63 29,41,63 28,40,62 25,39,62 24,36,58 21,31,51 33,43,61 31,39,57 35,45,61 32,41,54 32,41,52 29,36,48 26,38,46 24,34,50 42,51,62 30,37,51 22,29,41 16,19,28 12,17,23 13,16,23 30,39,52 28,37,50 23,30,42 15,14,17 12,11,14 11,10,15 11,10,13 11,10,13
14,23,46 14,23,46 14,23,46 14,23,46 14,24,44 14,23,46 14,23,46 14,23,46 14,23,46 14,23,46 15,24,47 16,25,48 16,25,48 18,26,46 22,29,52 18,24,45 19,25,46 17,25,45 15,24,47 16,26,46 18,25,48 19,28,51 16,30,51 22,31,54 22,34,56 26,35,58 19,26,49 17,26,49 17,26,49 25,38,57 19,23,36 9,9,17 15,20,26 13,17,21 32,39,62 29,41,63 28,40,62 28,40,62 25,37,59 24,38,61 26,38,60 32,44,66 14,27,42 36,44,60 31,40,53 24,33,44 35,45,63 36,45,68 29,40,53 29,39,55 20,27,41 9,13,17 12,11,14 12,9,13 14,17,24 14,15,20 29,36,48 18,23,31 14,15,20 14,11,15 11,11,11 11,11,11 11,11,11 13,12,15
14,23,46 14,23,46 14,23,46 14,23,46 14,23,46 15,24,47 16,25,48 16,25,48 16,25,50 18,25,48 17,25,45 16,25,48 16,25,48 16,25,48 19,24,48 16,25,48 18,24,45 16,23,46 17,25,45 17,24,47 18,23,47 17,25,45 17,26,49 19,28,51 20,29,52 19,31,53 25,37,59 24,38,59 22,34,56 24,39,57 33,45,69 22,25,36 10,11,14 11,14,21 9,13,17 27,37,55 22,34,56 25,37,59 24,36,58 16,24,44 27,36,59 26,38,60 31,40,51 29,34,42 32,41,54 29,36,48 31,38,50 28,39,52 30,37,51 29,38,51 24,33,44 40,46,63 34,37,46 28,28,38 29,39,57 23,30,42 21,26,34 11,16,22 11,14,23 12,11,16 11,10,13 11,10,13 11,10,13 12,9,13
16,25,48 16,25,48 16,25,48 17,26,49 16,25,48 16,25,48 16,25,48 16,25,48 16,25,48 16,25,48 17,25,45 16,25,48 16,25,48 18,25,48 17,25,45 19,25,46 19,25,46 19,25,44 19,25,46 16,25,48 19,28,51 17,25,45 16,25,48 16,25,48 18,25,48 17,26,49 20,29,52 21,33,55 22,34,56 26,38,60 34,46,68 33,48,66 15,18,25 12,11,14 13,16,23 12,11,16 20,32,54 21,33,55 22,34,56 22,21,26 20,23,41 54,58,73 30,38,45 37,46,57 27,35,40 27,34,46 29,38,51 28,37,48 33,42,53 34,41,55 30,41,52 27,35,44 28,37,48 26,34,43 19,24,32 21,24,31 21,26,34 11,16,22 13,16,23 12,10,18 11,10,13 11,10,13 11,10,13 11,10,13
16,25,48 16,25,48 15,24,47 16,25,48 16,25,48 16,25,48 16,25,48 16,25,48 16,25,48 16,25,48 18,25,48 18,25,48 18,25,48 16,26,46 19,25,46 18,23,47 20,29,52 22,34,56 19,28,51 19,28,51 19,27,47 17,26,49 22,34,56 19,31,53 21,28,51 19,26,49 20,29,52 20,29,52 23,32,55 26,38,60 30,44,67 29,41,63 33,43,63 16,19,26 12,10,11 12,15,22 17,16,21 22,34,56 25,33,53 16,19,30 47,51,64 24,31,43 30,37,49 26,34,43 31,36,46 29,36,48 30,41,52 31,41,57 30,39,52 31,40,53 30,39,52 28,33,43 31,21,22 29,32,41 19,24,32 21,24,31 20,23,34 15,20,26 11,16,22 12,11,14 11,10,13 11,11,11 11,10,13 11,10,13
17,23,44 22,28,49 17,24,47 18,25,48 16,25,48 18,26,46 19,25,46 18,24,45 16,25,48 19,24,48 20,23,45 16,26,46 19,24,48 15,24,47 16,25,48 15,24,47 22,30,50 17,26,49 19,28,51 18,30,52 19,28,53 20,29,52 22,31,54 21,33,55 18,30,52 18,30,52 20,32,54 22,34,56 26,38,60 26,38,60 28,40,62 30,39,62 68,52,48 81,62,48 17,16,19 12,11,14 13,16,23 14,16,30 51,59,75 31,39,48 34,41,55 32,39,51 31,36,46 33,38,48 29,34,44 31,40,53 34,44,60 27,37,53 29,38,49 25,32,44 24,24,32 43,26,16 44,28,15 26,29,40 18,23,31 24,25,30 26,31,41 11,19,24 11,16,22 13,12,17 11,10,13 11,10,13 11,10,13 11,10,13
17,25,45 17,25,45 19,25,46 16,25,48 16,25,48 18,25,48 16,25,48 16,25,48 16,25,48 18,24,45 22,28,49 22,29,52 19,27,47 18,26,46 19,26,49 14,26,48 17,26,49 17,26,49 17,26,49 17,26,49 19,28,51 16,25,48 16,25,48 17,26,49 16,25,48 16,25,48 17,26,49 20,29,52 21,33,55 22,34,56 25,37,59 42,47,55 68,49,14 45,39,30 28,40,62 17,17,25 21,26,22 80,99,93 91,118,119 70,86,65 28,31,40 32,37,47 27,34,46 27,35,42 26,31,41 25,29,42 33,43,63 28,42,54 26,23,29 43,28,19 45,29,16 43,27,10 51,28,13 29,29,37 23,26,35 22,23,28 26,31,39 17,22,30 10,15,21 13,12,17 12,11,14 11,11,11 11,10,13 11,11,11
15,24,47 15,24,47 17,25,45 18,23,47 17,24,47 19,25,46 19,25,46 18,24,45 17,25,45 15,24,47 15,24,47 17,26,49 17,26,49 17,26,49 16,25,48 16,25,48 16,25,48 16,25,48 16,25,48 16,25,48 16,25,48 16,25,48 16,25,48 16,25,48 16,25,48 16,25,48 14,26,48 19,28,51 17,29,51 17,29,51 19,31,53 22,34,56 77,49,11 58,39,16 30,36,57 77,101,63 73,92,52 73,89,70 81,101,102 65,81,60 44,46,20 37,33,14 44,35,20 28,36,52 29,38,49 31,38,50 28,41,56 47,27,18 45,29,16 45,26,12 48,28,10 53,31,13 47,27,9 31,31,39 22,27,33 21,21,29 26,31,41 17,22,28 11,16,22 11,11,21 11,11,19 12,11,14 11,10,13 12,11,14
15,24,47 15,24,47 15,24,47 15,24,47 16,25,48 16,25,48 16,25,48 16,25,48 16,25,48 16,25,48 15,24,47 15,24,47 15,24,47 15,24,47 15,24,47 16,25,48 19,28,51 17,26,49 17,26,49 17,29,51 15,27,49 17,26,49 16,25,48 16,25,48 17,26,49 17,26,49 17,26,49 15,27,49 19,28,51 19,28,51 19,28,51 21,30,53 20,32,54 33,34,24 68,76,53 68,80,31 60,69,21 62,72,35 73,92,81 67,77,51 49,52,17 55,43,15 65,43,7 66,44,10 29,29,37 33,21,21 41,26,15 39,22,14 51,30,17 56,34,14 53,31,11 53,28,11 59,33,12 33,26,26 25,30,38 17,18,23 31,38,52 17,22,32 10,15,21 11,14,21 13,13,21 11,11,21 13,11,19 13,12,17
16,25,48 16,25,48 16,25,48 16,25,48 16,25,48 16,25,48 16,25,48 16,25,48 16,25,48 16,25,48 16,25,48 16,25,48 16,25,48 16,25,48 16,25,48 18,25,48 16,25,48 14,26,48 14,26,48 14,26,48 14,26,48 15,27,49 15,27,49 14,26,48 16,25,48 16,25,48 16,25,48 16,25,48 14,26,48 14,26,48 17,30,49 20,32,54 24,39,57 72,96,56 42,39,24 62,69,51 67,74,42 61,71,36 81,101,76 88,107,85 76,89,62 44,38,13 57,41,10 71,51,5 62,42,12 36,24,14 41,26,15 48,29,15 51,30,15 49,28,13 56,31,14 54,31,16 51,29,11 34,27,25 22,27,37 21,21,29 27,34,46 16,24,31 11,16,24 10,15,21 11,14,21 13,13,21 11,11,19 13,11,19
16,25,48 16,25,48 16,25,48 16,25,48 16,25,48 16,25,48 15,24,47 19,25,44 14,26,48 15,27,49 15,27,49 15,27,49 17,26,49 16,25,48 16,25,48 16,25,48 16,25,48 16,25,48 16,25,48 18,25,48 16,25,48 16,25,48 16,25,48 16,25,48 16,25,48 16,25,48 16,25,48 16,25,48 16,25,48 16,25,48 14,26,48 18,29,56 76,96,51 71,88,39 42,41,16 45,42,18 62,67,35 62,71,41 46,48,20 42,41,16 45,39,16 50,41,14 63,44,9 71,48,8 72,47,1 38,22,16 37,20,10 45,26,12 46,30,13 51,29,11 48,25,10 55,29,15 47,28,12 31,24,22 20,28,35 16,19,26 26,34,43 13,21,26 11,16,24 10,15,21 10,15,21 10,15,21 13,13,21 11,14,21
16,25,48 16,25,48 16,25,48 16,25,48 16,25,48 16,25,48 16,25,48 16,25,48 16,25,48 16,25,48 16,25,48 16,25,48 14,26,48 16,25,48 16,25,48 16,25,48 17,24,47 31,34,52 34,32,40 34,33,38 19,25,44 18,25,50 16,25,48 16,25,48 16,25,48 16,25,48 18,25,48 16,25,48 16,25,48 16,25,50 15,28,47 68,94,42 66,86,43 68,85,47 59,63,23 67,72,38 62,62,30 53,46,19 46,39,21 60,47,13 70,50,18 69,50,13 60,36,10 85,55,9 74,49,5 65,43,7 38,26,16 40,25,14 37,22,11 43,29,15 42,27,16 42,25,15 35,22,15 30,25,24 24,29,37 17,17,27 26,34,43 16,24,33 12,17,23 10,15,21 10,15,21 10,15,21 10,15,21 11,11,21
16,25,48 16,25,48 16,25,48 16,25,48 16,25,48 16,25,48 16,25,48 16,25,48 16,25,48 16,25,48 16,25,48 16,25,48 16,25,48 16,25,48 17,26,49 22,23,42 28,25,31 26,23,27 23,20,24 18,17,20 25,25,33 18,25,48 18,25,48 16,25,48 16,25,50 16,25,48 16,25,50 17,26,49 16,24,52 19,26,49 71,94,50 70,88,45 73,85,49 69,79,44 62,67,33 65,63,32 57,52,24 44,37,17 41,37,16 42,38,19 73,51,6 83,57,7 75,57,15 75,45,3 115,72,14 95,59,10 68,43,13 29,17,17 35,22,19 35,22,19 31,19,19 28,18,19 13,14,17 20,25,33 22,27,35 17,18,23 23,31,40 20,27,41 17,22,30 10,15,21 10,15,21 10,15,21 10,15,21 15,13,21
16,25,48 16,25,48 16,25,48 16,25,48 16,25,48 16,25,48 16,25,48 16,25,48 16,25,48 16,25,48 16,25,48 16,25,48 19,26,49 42,50,68 66,76,84 60,68,73 51,55,59 51,52,55 45,46,49 42,44,44 27,25,26 27,22,19 24,22,20 24,24,19 27,25,23 30,30,27 24,26,21 48,57,27 47,59,23 66,85,49 71,89,44 73,84,53 67,80,57 68,78,56 67,73,46 61,59,28 55,48,21 51,38,15 57,44,12 45,41,24 45,36,17 64,49,27 41,42,19 83,55,15 91,63,7 82,53,4 87,54,4 29,17,7 31,18,13 26,15,12 26,17,13 11,11,21 22,29,41 23,26,35 20,23,30 16,19,26 24,32,41 17,26,37 15,20,28 12,17,23 11,14,21 10,15,21 13,13,21 11,14,21
16,25,48 16,25,48 16,25,48 16,25,48 16,25,48 17,26,49 16,25,48 16,25,48 16,25,48 16,25,48 13,25,49 38,46,64 67,76,87 67,75,84 56,61,67 59,64,70 68,73,79 48,49,52 55,50,49 47,47,44 34,27,25 26,19,19 22,22,19 27,22,21 26,24,25 32,36,19 35,36,17 38,39,16 58,67,37 73,89,47 70,80,43 62,75,52 65,80,56 70,78,55 69,72,48 59,57,26 57,48,19 59,50,21 74,50,13 56,47,20 42,38,17 43,42,17 41,39,17 51,37,12 67,40,0 79,50,0 102,68,5 36,20,14 33,20,13 31,20,15 28,15,12 11,12,17 30,36,53 23,25,39 23,23,31 19,22,29 22,27,35 20,27,39 15,20,26 10,18,23 15,15,23 11,16,24 10,15,21 11,14,21
16,25,48 16,25,48 16,25,48 16,25,48 16,25,48 16,25,48 16,25,48 16,25,48 16,25,48 19,28,51 75,90,108 72,81,92 64,74,82 62,70,77 54,58,60 57,56,59 59,59,56 55,53,49 62,50,40 64,53,48 34,23,18 29,19,18 27,25,26 27,27,24 30,28,36 38,37,26 44,38,15 46,40,17 54,54,24 51,54,23 56,64,39 64,74,48 71,79,56 74,78,49 67,70,39 57,52,20 55,48,21 69,55,26 86,63,23 99,66,18 47,39,17 39,40,21 48,44,25 62,45,19 88,56,14 85,53,9 95,64,11 58,40,21 94,60,17 67,33,0 32,19,12 9,13,17 23,34,45 21,26,36 23,23,31 20,28,35 22,27,35 19,26,38 13,16,23 11,16,22 14,14,22 11,16,22 12,16,20 10,15,21
16,25,48 16,25,48 16,25,48 16,25,48 16,25,48 16,25,48 16,25,48 16,25,48 21,28,51 78,95,115 66,77,88 69,77,84 59,67,74 54,54,54 52,54,51 58,52,47 67,58,52 72,56,50 73,59,45 71,57,43 33,23,22 35,22,17 33,21,21 30,30,30 46,46,56 38,40,40 46,40,15 46,40,15 47,42,14 47,42,14 43,41,12 44,42,13 47,41,16 49,44,14 58,53,21 54,49,21 66,54,26 88,61,18 110,67,7 111,68,12 53,43,21 59,35,9 37,34,21 83,54,21 111,68,10 107,64,6 69,38,1 73,44,11 99,58,9 47,26,15 40,21,5 15,14,17 20,27,39 21,26,34 21,21,31 22,27,35 24,28,41 20,28,37 13,16,23 12,15,22 12,15,22 11,14,21 10,15,21 12,15,22
16,25,48 16,25,48 16,25,48 16,25,48 16,25,48 16,25,48 18,25,48 40,46,65 79,90,103 68,77,88 61,71,75 61,65,69 54,59,58 55,53,51 63,57,52 66,57,49 75,60,51 71,56,45 68,57,50 50,50,45 31,21,20 39,26,23 43,28,17 40,26,26 26,21,23 25,23,21 46,40,15 47,42,12 47,42,12 49,44,14 51,43,19 47,42,14 47,40,11 50,45,15 54,47,18 57,50,23 88,63,15 112,73,14 55,43,13 53,44,17 59,47,19 78,55,15 71,48,6 69,37,5 112,64,6 132,77,5 95,62,10 44,25,9 50,28,8 47,27,7 49,28,13 10,10,18 28,32,45 23,26,37 21,24,33 22,30,37 27,32,40 23,31,40 12,15,24 13,16,23 10,18,23 11,16,22 14,17,24 12,15,22
16,25,48 16,25,48 16,25,48 16,25,48 16,25,48 18,23,47 98,119,140 86,99,114 65,75,81 66,74,79 60,61,64 51,51,48 53,53,48 63,57,52 66,55,48 75,60,49 73,58,47 66,55,48 46,51,47 51,51,51 37,26,23 41,29,19 38,25,18 40,25,16 33,21,23 38,31,31 40,38,16 49,44,14 51,46,16 52,47,19 50,45,15 46,41,13 47,42,14 52,47,17 54,52,19 59,52,25 73,56,19 49,49,19 64,50,23 52,49,25 64,51,28 82,59,19 106,69,16 107,66,9 100,63,8 101,59,7 122,72,0 46,25,12 55,30,11 48,26,8 53,28,11 13,14,17 28,36,52 21,26,34 22,22,32 26,31,39 28,31,42 22,31,42 12,17,23 10,18,23 12,17,23 11,16,22 10,18,23 12,15,22
16,25,48 16,25,48 16,25,48 17,26,49 25,32,55 102,119,141 83,98,116 65,73,80 57,63,66 55,56,59 51,53,53 55,55,52 59,52,50 63,54,50 69,59,49 61,49,37 61,55,50 50,52,52 50,52,49 48,48,45 37,26,23 42,30,20 49,32,22 39,26,19 40,27,22 36,29,27 43,40,27 50,45,15 52,46,21 53,48,20 51,46,18 46,41,13 46,41,13 51,46,16 51,49,18 59,54,26 54,48,23 60,55,27 51,36,14 55,43,17 61,49,23 80,58,24 111,71,17 114,73,16 115,72,12 115,68,5 128,74,0 50,28,10 56,32,10 51,24,6 64,33,12 9,14,13 29,37,53 17,25,32 22,22,30 26,31,39 29,32,43 23,30,44 14,19,29 11,19,24 12,15,22 11,16,22 12,17,23 11,16,22
16,26,46 16,26,46 17,26,49 51,65,86 102,118,143 96,115,134 76,86,106 53,57,59 51,53,53 48,53,52 50,52,52 61,56,55 67,56,51 71,59,49 66,54,44 53,53,48 47,52,48 51,53,48 46,48,45 37,32,31 39,26,23 41,26,15 44,28,22 45,28,18 45,30,19 35,22,15 46,35,32 51,45,20 54,49,21 52,46,23 52,46,21 46,41,13 46,41,13 47,42,14 52,47,17 58,53,25 56,54,25 53,48,20 52,45,16 47,42,12 45,38,22 56,32,10 95,52,19 108,68,14 124,80,11 133,76,5 136,84,0 46,24,6 60,31,9 71,33,14 64,30,12 13,14,19 29,38,51 22,27,37 21,21,29 21,26,34 22,27,37 25,33,42 15,20,26 12,17,23 12,17,23 11,16,22 10,15,21 11,16,22
15,27,49 17,26,49 103,118,136 83,90,104 51,55,57 51,53,48 52,50,48 50,52,52 53,53,50 58,53,50 54,54,49 62,56,51 74,62,50 61,55,50 52,52,49 48,50,47 48,50,47 51,53,50 45,47,47 25,20,19 36,24,24 43,30,23 42,26,20 40,28,16 44,29,18 31,19,24 49,36,31 51,43,21 53,47,24 57,51,28 52,47,19 53,48,20 47,42,14 44,39,11 49,44,14 58,51,20 60,55,27 53,48,20 53,48,20 52,46,21 66,52,23 73,58,22 77,50,14 73,40,15 115,62,9 135,77,0 64,30,8 58,28,13 71,33,12 73,33,10 67,29,10 15,14,19 29,38,51 19,24,34 20,20,28 24,29,37 25,30,40 26,33,45 15,20,28 9,17,22 12,15,22 12,17,23 12,15,22 12,15,22
27,39,63 88,107,128 81,93,115 75,85,101 60,65,73 47,52,51 53,53,50 54,52,50 52,52,49 63,56,54 59,52,50 55,50,47 54,52,50 49,51,48 51,53,53 50,52,49 43,45,45 44,46,46 43,43,40 25,20,17 33,26,24 47,32,23 38,25,18 47,32,21 53,37,22 31,19,19 54,33,31 80,51,27 52,49,23 53,47,24 57,49,25 53,48,18 49,44,14 46,41,13 47,42,12 51,46,14 69,56,22 57,49,15 56,47,18 66,51,15 81,59,12 87,61,7 102,73,10 109,70,9 113,73,7 106,56,0 68,32,10 61,31,14 73,33,10 75,35,10 71,29,5 18,16,17 30,36,53 17,22,32 18,19,24 24,29,39 26,31,41 25,33,42 17,22,30 14,19,25 10,18,23 9,17,22 9,17,22 12,15,22
93,109,134 101,118,140 69,79,95 60,68,75 56,59,66 48,52,54 52,52,49 57,52,51 58,51,49 44,46,43 54,49,48 50,50,47 47,52,48 48,50,50 46,48,48 44,46,43 45,47,47 44,46,43 45,45,45 34,22,24 36,22,22 40,24,18 42,27,16 46,26,17 33,21,21 42,26,13 41,30,25 105,65,40 55,47,23 56,52,31 54,49,21 51,46,18 47,42,14 43,38,10 45,39,14 45,40,12 61,49,19 65,52,20 70,53,16 80,60,12 85,59,5 101,70,10 113,73,7 118,74,7 124,74,0 85,44,0 78,37,17 71,33,12 72,35,9 79,37,15 84,40,14 17,17,17 30,36,53 20,25,33 20,20,28 22,25,34 24,32,39 24,31,43 17,22,30 13,18,24 10,18,23 13,16,23 11,16,22 11,16,22
76,89,104 73,87,97 81,91,109 74,88,100 65,77,85 64,74,78 53,53,50 55,49,44 47,40,40 44,46,46 46,48,48 44,46,46 45,46,49 46,48,45 44,46,46 43,43,43 37,39,39 43,43,43 27,22,21 28,21,21 41,30,25 45,30,19 50,31,17 39,27,17 40,28,16 55,36,22 36,24,24 57,32,15 76,39,13 86,60,19 71,55,22 56,48,14 47,45,12 43,38,10 34,32,12 44,38,13 49,44,14 52,48,13 63,51,21 85,63,16 117,75,12 135,81,6 131,79,6 125,76,0 125,75,0 68,34,12 73,36,12 77,36,16 75,35,10 80,34,8 100,48,16 22,17,19 26,33,45 22,25,36 16,16,24 20,23,30 20,25,33 31,35,50 17,22,30 11,19,24 9,19,23 11,16,22 12,17,23 12,15,24
70,80,88 71,81,89 64,72,79 57,66,68 54,58,62 65,73,80 60,58,59 60,49,44 66,51,40 43,32,29 43,45,42 42,44,44 45,47,47 41,43,43 39,41,41 26,26,26 33,33,33 43,43,43 23,18,17 32,22,23 47,32,23 43,32,27 52,36,21 42,26,11 33,20,15 25,15,19 28,18,17 55,34,21 103,62,33 96,60,27 99,67,10 102,68,9 87,58,7 69,48,5 34,30,9 19,18,7 43,40,16 46,40,15 66,50,17 93,64,11 120,76,7 140,86,7 155,91,4 144,84,0 84,39,16 71,34,8 76,35,15 79,37,15 88,40,11 92,38,4 104,48,12 26,19,22 26,33,45 21,24,31 11,11,19 19,22,29 20,25,33 32,37,47 15,20,26 12,17,23 12,17,23 10,15,21 12,17,23 12,17,23
68,76,83 59,67,72 56,62,63 50,54,56 47,47,47 49,47,45 48,43,40 56,51,48 64,49,38 56,42,26 37,37,37 41,43,43 41,43,43 36,38,38 25,25,25 35,30,32 38,38,38 38,36,34 28,21,21 34,21,18 29,19,20 32,20,20 48,32,19 36,21,12 26,16,17 36,23,20 37,26,21 31,19,19 64,33,12 101,65,34 101,67,24 107,67,3 110,68,3 120,71,4 109,69,3 101,61,9 69,42,0 42,27,5 73,51,15 94,63,3 112,71,1 117,76,8 136,82,5 120,79,30 72,35,11 71,30,10 80,35,12 79,34,11 92,40,10 107,51,13 101,45,7 26,14,14 28,31,42 20,25,33 11,11,19 18,18,26 22,25,34 25,33,42 15,20,28 14,19,27 9,17,22 13,18,24 11,16,22 11,16,22
64,72,79 65,73,78 61,65,69 54,58,60 48,50,50 39,37,38 46,44,40 50,45,44 53,44,36 62,48,34 35,28,26 40,40,37 33,31,32 28,26,27 34,32,30 40,35,34 45,43,41 25,20,19 28,21,21 22,17,19 37,26,23 47,32,23 48,32,17 39,26,21 38,25,20 45,28,20 51,32,20 31,22,18 41,30,27 71,45,22 105,65,40 110,69,12 127,75,4 131,80,2 131,79,6 126,76,2 123,72,3 118,68,0 121,72,0 94,57,17 74,53,12 106,68,18 60,32,5 59,30,8 75,35,12 76,34,10 88,42,12 83,37,11 98,46,16 112,54,17 96,45,10 26,20,15 27,31,44 21,26,34 11,15,19 14,14,22 19,24,32 26,31,41 17,22,30 14,19,27 11,19,24 10,15,21 10,15,21 13,16,23
64,72,79 65,73,80 61,67,70 56,61,67 55,57,57 48,48,48 46,48,48 44,42,40 50,44,39 57,42,31 67,52,32 28,26,27 37,35,33 39,37,35 38,36,34 26,24,25 24,22,20 27,22,21 23,21,19 23,16,16 32,21,18 38,27,24 37,26,21 47,27,18 41,28,21 43,28,17 56,33,18 45,30,10 47,34,29 48,33,24 107,66,37 89,52,26 126,77,10 130,79,3 134,80,3 139,85,8 130,81,0 129,75,0 112,67,0 90,49,20 37,21,15 58,29,7 56,30,9 62,31,10 77,35,11 80,36,10 88,42,14 94,47,15 96,42,8 117,56,20 115,53,15 30,19,16 27,32,42 26,31,41 11,11,19 13,13,21 20,23,32 22,27,35 18,23,31 14,19,25 12,15,22 13,16,23 12,17,23 13,16,23
63,73,81 62,70,77 59,64,70 57,63,66 50,54,56 59,60,63 51,53,53 42,44,44 41,41,41 26,26,23 43,32,29 52,40,30 29,24,23 28,23,22 26,24,22 28,26,24 25,23,21 23,18,20 20,18,19 26,21,18 25,15,14 36,23,20 33,22,19 38,25,18 44,30,16 43,24,10 33,22,15 45,31,17 51,30,19 37,21,15 63,40,29 83,43,9 94,51,18 85,49,18 117,72,10 127,76,0 131,81,0 98,62,2 90,51,23 81,55,34 67,43,21 63,37,14 60,29,8 71,35,15 83,39,13 88,42,14 88,40,11 100,48,16 104,49,8 120,55,14 120,56,12 42,26,20 23,30,42 27,31,44 11,14,21 11,11,19 18,18,28 21,24,31 18,23,33 12,17,23 12,17,23 10,15,21 11,16,22 11,16,22
58,68,74 60,68,75 56,62,65 50,56,59 56,62,63 55,59,61 39,39,39 31,30,23 33,33,17 28,33,13 30,39,9 53,58,22 67,76,32 63,71,32 46,37,10 62,41,16 29,22,25 23,21,22 24,22,23 26,21,20 33,26,26 40,27,22 45,29,14 47,32,21 48,33,22 43,26,18 45,29,16 47,28,16 64,45,31 39,29,28 26,21,23 57,40,30 126,73,28 125,75,31 107,64,29 87,51,22 87,48,16 113,68,35 109,67,25 54,34,16 67,40,22 72,36,16 77,41,19 72,29,10 88,43,10 93,43,10 94,39,10 105,54,17 96,42,6 101,45,7 116,55,10 48,27,23 17,25,32 22,27,37 10,10,18 11,11,19 13,13,21 20,20,30 16,24,33 11,16,22 10,15,21 10,15,21 10,15,21 11,16,22
59,69,77 56,66,72 53,61,66 55,63,68 56,62,63 41,46,45 39,40,30 34,35,14 45,52,18 49,57,18 68,80,35 62,72,35 53,43,19 62,46,15 91,65,15 81,56,8 61,45,12 50,34,1 26,21,20 26,21,20 26,21,18 50,35,26 38,25,18 39,26,21 36,24,14 44,28,15 51,32,18 38,23,14 36,24,12 46,28,9 60,42,23 34,19,8 83,51,21 128,79,28 133,80,23 110,69,38 74,48,27 70,41,21 59,33,12 63,36,18 71,40,17 70,41,21 126,78,33 71,28,9 83,37,9 90,40,7 99,45,9 108,54,18 103,45,10 111,53,16 117,49,9 62,39,24 20,25,33 22,25,36 11,11,19 13,13,21 13,13,21 15,18,25 15,23,32 11,16,24 12,15,22 11,16,24 14,14,22 14,14,22
31,39,59 63,73,81 54,65,66 59,64,70 51,56,55 43,45,40 39,38,13 53,63,28 53,64,24 53,58,22 46,46,14 60,47,15 67,52,12 64,51,19 72,49,7 82,57,9 41,39,21 45,37,15 54,44,22 33,20,15 44,27,17 33,22,19 47,32,23 34,23,20 45,29,23 41,29,19 59,38,27 45,29,16 37,21,17 44,29,18 48,27,23 74,48,27 24,17,15 25,24,15 30,19,16 34,21,16 54,35,19 54,31,16 65,41,19 46,27,13 63,37,16 65,41,19 145,90,34 75,34,14 81,37,11 96,46,13 91,37,3 99,45,7 92,40,8 100,46,10 126,57,17 73,46,28 20,20,30 26,28,42 8,11,20 13,13,21 13,13,21 13,17,21 15,23,32 12,17,23 10,18,23 11,16,22 11,16,22 12,17,23
19,38,71 34,47,66 62,70,79 62,70,77 49,51,48 35,40,18 64,74,50 60,70,35 45,48,17 46,40,15 41,42,19 62,44,14 80,53,8 80,53,6 56,46,24 72,49,7 41,37,16 44,38,13 69,48,21 108,60,2 46,42,34 71,54,44 79,60,46 47,42,39 35,20,11 42,25,26 51,34,24 34,23,20 38,29,23 44,38,33 48,28,19 136,85,32 60,49,32 136,84,34 125,77,30 54,33,20 60,29,8 51,30,17 59,33,12 48,27,12 66,40,19 58,34,12 141,86,32 67,31,9 78,34,8 89,41,12 90,40,9 93,39,1 98,47,10 97,46,9 112,50,10 86,56,39 18,21,28 22,26,39 13,13,25 9,12,19 11,11,19 11,16,22 15,23,32 15,20,28 13,18,24 10,15,21 12,17,23 11,16,22
16,29,55 17,30,56 55,66,77 59,67,74 31,34,24 55,61,34 63,78,50 63,71,46 50,40,18 67,47,15 70,48,12 56,42,17 73,50,8 61,37,0 44,40,21 65,46,19 68,43,13 44,35,16 72,48,11 111,69,4 43,48,44 71,59,47 92,68,46 103,68,41 97,67,41 82,60,42 45,32,25 38,25,20 46,34,22 48,36,26 87,56,33 140,85,40 95,66,46 147,86,39 138,83,29 73,52,37 59,33,12 75,46,26 62,33,13 53,27,13 57,32,15 115,65,23 93,48,15 67,32,7 85,41,15 80,33,10 96,45,10 86,41,8 96,45,10 105,49,11 105,43,5 85,59,38 18,21,32 22,30,39 15,18,27 13,13,21 13,13,21 14,14,22 17,22,30 13,16,25 13,18,24 11,16,22 13,18,24 10,15,21
18,29,58 19,30,59 18,31,59 59,67,74 29,29,26 48,62,32 56,69,28 45,42,16 50,40,18 66,47,20 67,44,4 36,34,12 62,48,21 73,47,8 41,37,18 41,39,17 72,40,6 100,57,8 71,47,10 110,65,3 48,48,45 62,57,45 91,67,45 93,60,33 106,70,41 108,72,41 117,69,40 114,70,42 103,62,33 49,28,15 135,82,37 140,86,36 126,72,24 137,81,32 144,89,33 82,59,44 58,38,20 57,35,15 49,28,13 56,31,12 65,36,16 149,90,33 84,43,14 75,33,9 83,37,7 86,42,12 96,47,11 86,40,12 97,46,9 93,42,7 111,51,12 96,62,40 19,17,25 23,31,40 13,16,25 11,11,19 13,13,21 14,14,22 17,22,30 12,15,24 12,17,23 11,16,22 11,16,22 12,15,22