33,31,41 39,37,47 32,30,42 34,33,36 34,33,38 33,32,35 33,32,35 33,30,34 30,28,29 30,28,29 30,28,29 33,26,29 33,26,29 33,26,29 33,26,29 34,27,30 34,27,30 36,28,34 37,29,35 36,29,32 34,27,30 39,29,33 39,29,33 90,48,24 99,55,29 115,67,38 123,74,34 54,40,45 85,41,15 133,76,32 126,73,32 91,50,30 85,45,22 58,28,13 32,27,29 116,75,48 53,57,72 47,54,68 28,28,38 30,28,29 33,28,30 32,30,31 31,28,32 31,29,30 67,31,0 104,73,61 41,44,55 47,55,73 38,35,39 32,29,33 31,28,32 34,31,35 30,27,31 30,27,31 30,27,31 27,26,29 27,26,29 29,28,31 30,29,32 30,29,32 27,26,29 26,25,28 26,25,28 27,26,29
33,31,39 33,31,39 33,31,39 33,31,41 33,32,37 33,32,35 33,32,35 34,31,35 33,26,29 33,25,31 33,26,29 33,26,29 33,26,29 33,26,29 35,25,29 34,27,30 34,27,30 36,28,34 37,29,35 38,31,34 34,29,31 33,26,29 39,29,33 92,50,26 102,58,32 122,76,37 127,73,35 133,72,38 157,86,44 130,76,28 118,68,24 84,48,26 109,63,33 113,63,32 28,26,24 40,28,18 109,90,94 43,47,62 31,31,43 31,29,30 33,31,32 35,30,32 34,32,33 30,29,34 99,65,43 61,51,55 47,51,66 52,55,75 32,29,33 33,30,34 32,29,33 31,28,32 30,28,29 30,27,31 28,25,29 29,28,31 29,28,31 28,25,29 29,28,31 27,26,29 29,28,31 29,28,31 29,28,31 29,29,29
33,31,39 34,32,40 34,32,40 33,32,35 34,31,35 32,31,36 34,31,37 32,31,34 30,27,31 32,26,31 33,25,31 33,25,31 33,26,29 32,27,29 33,26,29 34,27,30 36,29,32 36,29,32 37,29,35 36,30,37 33,31,32 35,30,32 33,31,32 88,48,23 102,58,32 115,68,36 124,70,32 137,76,31 153,86,38 131,76,33 113,63,30 100,54,26 107,60,26 112,65,31 32,26,31 30,28,29 179,111,75 39,44,54 50,54,69 37,32,34 41,28,23 46,27,13 35,22,19 71,40,19 110,85,84 40,43,61 58,64,83 34,31,35 32,29,33 31,28,32 32,31,34 30,29,32 30,27,31 30,27,31 27,26,29 30,29,32 32,31,34 29,28,31 30,29,32 29,28,31 27,26,29 27,26,29 25,24,27 26,25,28
33,31,39 34,32,40 36,34,44 31,31,31 33,32,35 33,32,35 33,32,35 32,31,34 30,27,31 32,26,31 33,25,31 33,25,31 33,26,29 33,26,29 33,26,29 30,28,29 34,27,30 35,28,31 37,29,35 37,29,35 36,29,32 33,31,32 33,28,30 86,48,29 105,62,29 120,71,35 123,69,33 126,70,32 147,82,41 128,75,34 113,62,25 109,63,33 102,57,24 110,65,32 35,24,31 32,27,29 92,58,36 100,63,48 46,49,67 49,39,40 45,29,16 41,25,12 29,15,15 111,67,41 45,43,63 45,53,69 33,29,40 31,29,30 33,30,34 33,30,34 34,31,35 31,28,32 29,28,31 29,28,31 29,28,31 31,30,33 32,31,34 27,26,29 30,29,32 29,28,31 27,26,29 29,28,31 27,26,29 29,28,33
32,30,38 31,29,37 34,33,38 29,27,35 33,32,35 33,32,35 33,31,39 33,30,34 30,27,31 32,26,31 33,25,31 33,25,31 33,26,29 32,27,29 33,26,29 33,26,29 33,28,30 33,26,29 37,29,35 36,28,34 35,28,31 34,27,30 33,28,30 78,44,24 99,54,31 113,69,43 114,68,38 111,67,39 137,81,43 108,69,41 101,66,41 108,62,34 101,56,33 111,65,37 30,28,29 32,27,29 39,28,23 117,73,35 45,49,64 55,33,25 56,29,11 38,22,9 23,14,10 76,63,71 53,56,74 38,42,57 29,29,29 30,27,33 30,27,31 30,27,31 32,29,33 31,28,32 29,28,31 29,28,31 29,28,31 29,28,31 31,30,33 27,26,29 29,28,31 30,29,32 29,28,31 29,28,31 29,28,31 26,25,28
32,30,40 33,31,41 33,31,41 32,30,38 32,31,36 33,32,35 31,30,33 32,29,33 30,27,31 30,27,31 32,26,31 33,25,31 33,25,31 33,25,31 33,25,31 33,25,31 33,26,29 34,26,32 33,30,34 34,28,33 33,27,32 33,26,29 33,28,30 60,34,20 89,54,29 139,87,55 67,44,31 39,26,34 28,25,31 40,26,28 28,28,36 29,28,33 35,24,31 29,30,35 24,24,34 26,20,25 28,24,33 72,49,38 93,55,34 54,33,22 39,21,18 53,39,41 55,38,30 37,35,43 41,43,59 33,27,32 30,27,31 29,28,31 27,26,29 30,29,32 31,28,32 31,28,32 31,28,32 31,28,32 30,27,31 30,29,32 30,29,32 29,28,31 30,29,32 29,28,31 27,26,29 27,26,29 29,28,31 28,25,31
30,28,36 33,31,39 33,31,39 31,29,39 33,31,39 32,31,36 32,30,38 30,29,32 29,28,31 30,27,31 30,27,31 28,25,29 30,27,31 30,27,31 30,24,29 33,25,31 33,25,31 32,26,31 31,28,32 31,28,32 31,28,32 34,27,30 33,28,30 81,45,27 88,52,34 59,37,29 44,28,24 43,29,31 32,22,26 24,23,28 23,22,27 22,21,24 23,20,26 21,18,24 23,21,29 29,18,25 23,18,20 118,74,48 73,55,50 43,41,51 40,43,54 46,48,62 40,39,44 38,34,43 31,28,34 30,27,31 28,25,29 29,28,31 29,28,31 29,28,31 30,29,32 30,29,32 29,28,31 30,27,31 29,28,31 30,29,32 27,26,29 29,28,31 29,28,31 29,28,31 29,28,31 26,25,28 27,26,29 27,24,28
31,29,37 32,30,38 33,31,41 33,31,39 31,30,35 29,28,33 31,30,33 30,29,32 29,28,31 29,28,31 30,27,31 30,27,31 30,27,31 30,27,31 30,27,31 30,27,31 33,25,31 30,27,31 32,29,33 30,27,31 30,27,31 33,25,31 33,25,31 91,55,33 46,34,34 49,36,33 24,16,22 22,21,26 23,20,26 23,20,24 23,19,28 25,18,28 22,22,22 19,19,19 22,20,28 23,20,26 26,20,25 185,103,47 113,86,68 42,44,58 41,44,55 43,48,58 43,47,60 39,39,49 32,30,38 30,27,31 29,28,31 29,28,31 27,26,29 29,28,31 29,28,31 29,28,31 30,29,32 27,26,29 29,28,31 30,27,31 29,28,31 29,28,31 26,25,28 26,25,28 25,24,27 26,25,28 26,25,28 26,25,30
30,28,36 31,29,37 31,29,37 30,29,34 30,28,36 32,30,40 30,28,36 29,28,31 31,28,32 26,25,28 30,27,31 29,28,31 30,29,32 30,27,31 30,27,31 30,27,31 30,27,31 30,27,31 31,28,32 31,28,32 30,27,31 32,26,31 32,26,31 78,47,26 36,28,36 23,22,25 24,23,26 25,24,27 24,23,26 24,23,26 27,27,37 27,27,37 27,28,33 35,26,22 25,23,31 66,39,23 40,33,33 195,113,57 94,46,30 65,87,119 42,44,58 46,53,65 32,28,41 31,43,67 40,43,54 30,27,31 29,28,31 29,28,31 30,29,32 29,28,31 29,28,31 27,26,29 29,28,31 29,28,31 29,28,31 29,28,31 26,25,28 26,25,28 26,25,28 26,25,28 26,25,30 26,24,32 25,23,33 28,25,29
31,29,37 30,28,36 30,29,34 27,25,33 32,30,38 31,29,37 31,29,37 29,28,33 27,26,29 29,28,31 29,28,31 27,26,29 26,25,28 29,28,31 29,28,31 30,27,31 30,27,31 30,27,31 31,28,32 30,29,32 29,28,31 30,27,31 30,27,31 92,53,25 28,25,29 22,21,24 25,22,28 24,22,30 24,23,26 24,23,26 26,24,32 24,24,34 27,25,33 50,34,28 25,23,31 115,79,61 166,91,44 199,127,79 78,53,54 92,67,66 135,84,56 60,48,53 61,70,95 61,77,106 36,35,40 27,26,29 27,26,29 29,28,31 29,28,31 29,28,31 30,29,32 29,28,31 27,26,29 27,26,29 27,27,27 29,28,31 27,26,29 25,24,27 26,25,28 25,24,27 24,23,28 26,23,29 26,23,29 26,22,31
27,25,33 29,27,35 29,28,33 29,27,35 30,29,34 33,31,41 33,31,41 29,28,33 27,26,29 27,26,29 29,28,31 29,28,31 29,28,31 29,28,31 30,27,31 29,28,31 30,27,31 30,27,31 30,29,32 30,29,32 30,27,31 30,27,31 30,27,31 113,69,43 22,21,24 22,21,24 24,20,29 24,20,29 23,19,28 23,22,27 26,24,32 26,24,32 26,24,32 71,51,42 25,23,31 60,43,35 210,129,68 180,114,66 172,110,70 168,107,60 141,90,51 81,60,60 61,71,91 61,77,106 36,35,40 29,28,31 30,29,32 29,28,31 30,29,32 29,28,31 29,28,31 29,28,31 27,26,29 27,26,29 26,25,28 26,25,30 27,24,28 25,24,29 25,24,27 24,23,26 25,21,30 26,22,31 25,21,30 27,23,32
29,27,35 29,28,33 30,28,36 30,29,34 29,27,35 30,28,38 29,27,37 30,29,34 27,26,29 27,26,29 26,25,28 26,25,28 29,28,31 27,26,29 29,28,31 29,28,31 29,28,31 29,28,31 30,29,32 30,29,32 30,27,31 29,28,31 30,27,31 82,51,28 22,21,24 20,19,22 23,22,25 23,22,25 22,21,24 23,22,27 26,24,32 25,23,31 27,21,26 74,49,30 25,24,27 43,30,23 170,102,64 167,107,66 177,116,69 192,119,60 228,152,87 166,112,76 57,60,71 59,75,102 49,53,66 22,23,26 23,24,27 26,24,25 24,23,26 23,22,25 30,22,30 32,29,33 40,38,46 26,25,30 26,25,28 26,25,30 26,22,31 27,23,32 25,24,27 26,23,29 25,21,30 25,21,30 25,21,30 26,24,32
26,25,30 27,25,33 27,26,29 30,29,34 29,28,33 29,27,35 29,27,35 30,28,36 26,25,28 26,25,28 26,25,28 26,25,28 26,25,28 26,25,28 29,28,31 27,26,29 29,28,31 29,28,31 29,28,31 29,28,31 29,28,31 27,26,29 27,27,27 69,46,33 23,20,24 23,20,26 23,22,25 24,23,26 23,19,28 22,21,24 25,24,27 24,23,26 25,23,31 67,42,25 24,23,26 162,91,38 175,108,65 184,117,65 242,145,78 255,163,82 179,129,112 102,97,113 75,90,122 61,70,95 56,64,84 28,22,29 26,23,29 28,23,25 26,23,27 26,23,27 26,23,27 26,23,27 25,24,27 25,24,27 25,24,27 27,24,30 27,24,28 26,23,29 26,22,31 26,22,31 25,21,30 24,23,28 24,23,26 25,24,27
29,28,31 27,25,35 27,26,29 27,26,29 29,28,31 29,27,35 29,27,35 26,25,30 26,25,28 26,25,28 26,25,28 26,25,28 26,25,28 26,25,28 26,25,28 27,26,29 27,26,29 29,28,31 27,26,29 27,26,29 27,26,29 27,27,27 25,27,27 41,30,27 23,20,26 21,18,24 21,18,22 23,20,26 21,17,26 21,17,26 23,19,28 23,19,28 23,16,26 22,22,22 21,18,22 208,121,55 183,118,63 176,110,58 255,175,93 227,140,76 130,102,104 77,90,118 61,76,110 57,75,99 57,65,85 32,32,40 30,30,42 35,37,51 33,35,49 30,32,46 32,36,51 32,35,44 30,30,38 36,34,44 24,22,30 26,23,29 26,22,31 26,22,31 25,22,28 24,23,26 25,21,30 24,23,26 24,23,26 24,23,26
24,25,30 27,25,33 27,26,29 27,26,29 27,26,31 27,25,33 29,27,35 27,25,33 26,25,28 25,24,27 26,25,30 25,24,27 25,24,27 26,25,28 26,25,28 27,26,29 27,26,29 27,26,29 26,25,28 26,25,28 26,25,28 27,26,29 26,25,28 24,21,25 24,20,29 24,20,29 22,21,24 24,20,29 22,21,24 23,19,28 26,22,31 25,21,30 23,22,25 66,47,33 23,22,25 188,117,62 178,115,62 179,119,65 255,147,73 167,99,59 84,75,88 60,73,99 50,56,77 62,75,103 52,62,78 32,32,42 30,30,42 34,39,49 34,37,55 35,39,52 30,30,38 30,30,42 32,32,40 32,32,42 32,32,42 25,22,28 26,22,31 26,22,31 26,23,27 25,24,27 24,23,26 24,23,26 24,23,26 22,23,26
27,25,33 27,27,35 27,27,35 27,27,35 29,27,35 26,25,30 26,25,30 27,24,30 25,21,32 27,20,34 23,22,27 26,23,27 23,22,25 25,25,25 25,24,27 26,25,28 26,25,28 26,25,28 26,25,28 26,25,28 26,25,28 26,25,28 26,25,28 25,21,30 24,20,29 24,20,29 23,19,28 24,21,27 22,21,24 24,20,29 26,22,33 25,23,24 27,20,30 69,50,38 22,21,26 163,101,59 173,110,57 219,138,77 199,117,59 128,77,53 55,57,71 52,55,75 49,50,71 57,70,89 51,61,77 29,27,35 27,27,37 32,32,44 29,33,46 31,36,46 28,28,40 28,28,38 30,30,38 25,25,33 30,30,40 27,23,32 25,23,31 26,22,31 26,22,31 28,21,31 26,22,31 25,22,26 23,22,25 22,23,26
25,25,33 25,25,35 27,27,35 24,24,34 30,22,30 31,24,24 45,29,27 50,34,21 53,41,29 59,39,30 60,39,24 62,41,30 61,43,24 55,39,24 32,27,29 26,23,29 25,24,27 25,24,27 26,23,27 26,22,31 28,22,27 25,24,27 25,24,29 26,22,31 24,20,29 24,20,29 23,19,28 25,21,30 23,22,25 24,21,25 26,23,27 25,24,27 24,23,28 66,47,33 20,21,24 161,100,37 170,110,56 255,166,99 193,118,73 94,67,60 47,52,62 48,51,69 56,59,81 51,60,85 48,53,63 27,25,33 27,25,33 31,31,41 30,30,40 28,33,39 28,28,38 27,27,35 31,31,39 26,24,32 31,30,35 40,30,34 52,32,23 52,33,21 50,33,25 46,28,23 44,28,22 37,27,31 30,23,23 25,22,28
67,60,74 44,38,45 32,26,33 25,24,29 28,21,21 37,25,25 35,25,26 42,28,30 54,34,27 65,40,23 55,34,23 61,41,23 57,40,30 28,23,25 25,22,26 25,21,30 25,21,30 26,23,29 26,23,29 26,23,27 26,23,29 25,24,29 24,23,28 26,22,31 22,21,24 23,22,27 21,17,26 25,22,28 22,21,24 24,20,29 25,24,29 23,22,25 28,22,27 74,46,35 23,22,27 59,32,16 161,102,45 237,151,83 168,102,68 88,61,56 44,46,60 49,52,70 55,67,91 44,52,70 24,21,27 24,23,28 25,22,28 23,22,25 24,20,29 25,21,30 23,22,25 23,22,25 24,23,26 24,23,28 24,24,24 50,33,25 55,36,22 65,42,27 34,27,30 30,24,29 27,22,24 25,23,21 25,22,28 24,22,23
82,85,107 84,87,109 81,84,106 86,87,110 75,71,82 49,34,23 50,34,21 58,37,24 64,41,26 66,40,26 52,30,22 48,31,21 52,32,23 24,23,26 24,23,26 26,22,33 32,22,23 68,48,30 95,71,38 107,81,42 81,63,33 30,30,42 28,28,38 25,24,27 22,21,24 24,23,26 22,21,26 25,21,30 25,21,30 23,22,27 26,24,32 27,26,29 27,26,31 38,25,22 23,21,29 24,21,25 145,86,27 208,134,64 142,84,51 84,62,54 41,48,60 43,50,62 53,55,80 31,31,39 22,23,28 24,23,28 19,23,25 26,25,28 26,25,28 26,25,28 22,22,30 23,23,31 25,24,27 24,23,26 25,24,27 41,35,42 48,31,21 41,25,21 48,31,21 59,43,30 56,39,29 30,22,28 17,23,24 20,21,24
73,76,98 73,76,98 77,80,102 77,78,101 79,81,97 86,82,93 52,36,23 54,33,20 57,34,21 65,40,23 52,31,20 53,36,26 52,32,23 25,24,27 35,29,34 90,66,42 100,68,34 105,77,37 112,82,38 121,87,46 118,84,43 68,54,36 26,29,38 25,24,27 24,23,26 24,23,26 22,21,24 24,20,29 25,21,30 24,22,32 25,25,35 27,25,33 22,22,34 26,19,29 24,22,30 24,20,29 164,96,33 171,106,44 110,57,30 70,56,56 46,48,62 43,46,55 45,51,72 137,79,24 145,89,40 84,55,35 19,23,25 25,22,26 24,23,26 24,23,26 21,22,25 21,22,27 24,23,26 23,22,25 24,23,26 59,39,32 49,32,22 52,36,23 50,33,23 52,35,27 51,34,24 28,20,26 29,29,29 20,21,24
68,76,96 66,74,94 69,81,103 70,79,102 71,77,98 58,53,69 49,33,20 49,33,20 52,33,21 54,33,22 54,33,22 52,35,25 49,32,22 80,64,51 96,68,41 99,70,35 114,82,40 116,84,42 124,90,47 124,91,43 126,93,45 127,91,44 34,32,30 25,24,29 27,25,35 25,21,30 24,20,29 25,21,30 25,21,30 27,21,26 27,27,37 27,25,33 29,23,28 25,22,26 24,22,30 27,21,28 159,95,33 195,116,52 187,115,76 34,30,39 24,20,29 40,36,49 47,35,47 65,50,39 65,48,40 39,35,48 76,59,49 25,24,27 24,23,26 24,23,26 21,22,25 21,22,25 23,22,25 22,21,24 22,21,24 57,38,22 52,35,25 53,37,24 49,32,22 52,35,25 52,35,25 22,21,24 18,22,26 20,21,24
63,79,106 63,75,99 63,72,95 68,71,93 48,41,51 33,20,28 49,34,25 48,31,21 48,31,21 50,30,21 48,31,21 49,32,22 76,60,47 79,58,33 85,59,36 89,64,34 98,69,34 101,72,37 109,81,41 115,80,42 116,81,43 118,84,39 74,54,22 22,21,24 23,19,28 23,19,28 23,19,28 21,17,26 23,19,28 23,22,25 24,23,26 25,21,30 24,23,26 23,22,25 22,21,26 23,17,22 159,93,36 209,125,49 143,79,35 66,62,86 41,43,59 50,53,71 42,35,47 120,76,36 35,38,47 35,40,48 35,38,47 25,25,25 23,24,27 25,24,27 23,22,25 21,22,25 24,23,26 23,22,25 23,22,25 60,39,28 51,34,26 50,33,23 49,32,22 50,33,23 40,28,28 22,21,24 22,21,24 20,21,24
60,74,97 58,68,88 56,64,84 46,43,58 28,23,25 27,25,26 45,30,21 50,33,23 52,35,25 56,39,29 50,35,24 45,28,20 80,54,33 86,57,35 83,54,32 66,41,22 60,38,18 68,46,26 58,43,32 60,48,36 63,51,39 64,52,40 45,32,29 22,23,28 27,24,30 25,22,26 24,21,27 24,21,27 23,19,28 22,21,24 22,21,24 23,20,24 22,21,24 20,19,22 22,21,24 25,22,26 166,100,43 225,136,55 179,112,67 56,60,75 50,59,82 42,47,57 35,38,45 73,48,29 81,62,48 35,39,52 35,35,45 24,24,32 24,24,32 24,25,30 24,23,26 24,23,26 25,21,30 23,22,25 23,22,25 46,28,23 48,31,21 48,31,21 47,32,23 45,33,23 21,22,25 20,21,24 20,19,22 22,21,24
54,67,86 52,55,77 41,43,59 30,24,29 26,24,25 28,23,25 50,34,28 48,35,30 24,23,26 41,29,29 33,23,22 30,19,26 52,33,21 53,34,20 48,31,23 72,46,23 91,57,25 101,67,35 95,59,30 106,67,35 101,70,49 98,69,47 75,48,30 24,23,26 26,25,28 26,24,32 26,25,28 25,24,27 25,21,30 25,24,27 26,29,38 26,24,32 29,28,31 25,24,27 25,24,27 32,22,21 166,100,43 218,133,57 109,64,43 122,103,107 52,60,78 39,43,56 36,41,51 28,25,29 39,35,44 34,39,47 32,32,40 24,23,28 22,21,24 22,21,24 22,21,24 22,21,24 22,20,28 24,23,26 37,30,28 49,34,23 46,34,24 45,29,23 29,22,25 22,22,22 21,22,25 22,21,24 22,20,28 20,21,26
33,36,43 25,24,29 26,20,25 26,24,25 31,21,25 30,23,26 49,40,34 67,47,29 74,48,27 80,49,28 83,54,32 83,49,27 106,67,39 123,74,36 125,79,40 106,69,43 134,85,45 136,87,51 103,69,35 71,47,25 95,58,34 107,67,33 98,59,27 104,65,37 29,23,30 25,24,29 25,24,27 26,25,28 25,22,28 25,22,26 30,28,36 27,26,31 26,25,30 25,24,27 26,25,28 151,94,50 162,98,38 190,112,41 151,96,55 58,67,80 56,63,86 40,45,55 36,39,46 36,36,46 34,37,46 35,38,47 34,34,42 35,35,47 22,23,28 23,24,29 24,23,26 25,24,27 24,23,26 24,23,26 20,21,24 22,20,28 21,21,29 21,22,25 21,22,27 22,23,26 21,22,25 20,21,26 24,23,28 22,22,30
23,22,25 23,22,25 25,24,27 26,23,27 29,21,27 30,23,26 50,38,28 90,56,34 86,62,40 87,61,47 88,61,45 87,58,36 82,51,28 97,56,29 99,58,29 105,61,33 125,73,41 130,80,34 143,90,45 138,89,53 105,58,26 121,72,32 118,73,27 132,80,30 44,34,33 26,25,28 23,22,25 22,21,24 24,23,26 24,23,26 28,28,36 25,26,31 27,26,31 26,25,30 28,26,27 144,86,33 171,101,43 196,121,56 134,94,71 55,67,89 60,66,85 40,47,61 42,42,50 38,38,48 37,40,49 42,45,56 62,40,32 34,34,44 24,25,28 24,25,28 25,23,31 25,24,27 25,24,27 24,23,26 20,21,24 20,21,24 21,22,25 22,23,26 22,23,26 21,22,25 21,22,27 18,18,26 20,20,28 20,21,24
24,24,24 24,24,24 26,23,27 26,23,27 26,23,27 29,24,26 53,41,31 119,79,43 116,71,36 121,76,41 119,72,40 108,68,43 95,59,37 89,59,33 78,52,31 73,42,21 99,56,23 113,69,43 146,90,43 154,96,43 163,100,47 163,103,60 122,88,68 64,57,67 37,35,43 26,25,28 23,22,27 24,23,26 25,24,29 25,24,29 29,29,37 28,29,34 27,26,31 26,24,34 91,68,53 142,87,33 183,109,41 206,128,59 138,92,62 56,70,93 50,60,80 47,54,68 41,41,49 38,39,44 41,44,55 43,47,60 33,30,36 44,43,46 29,28,31 26,25,30 26,23,29 27,24,28 23,22,25 20,21,24 20,21,24 22,21,24 20,21,24 20,21,24 22,21,24 20,21,24 22,21,24 23,22,25 22,21,24 22,21,24
26,23,27 26,23,27 26,23,27 26,23,27 26,23,27 30,23,26 43,30,23 113,72,41 91,63,36 80,54,31 87,53,31 113,69,39 105,67,32 97,57,34 104,61,26 109,64,29 122,76,37 137,90,58 106,70,41 129,86,39 98,72,51 27,21,26 24,23,28 24,23,26 23,22,25 24,21,25 24,20,29 27,23,32 27,26,29 28,25,29 30,30,40 31,31,39 30,29,32 26,24,32 151,96,51 148,90,39 185,113,47 219,137,63 102,74,63 53,69,96 57,66,89 49,57,75 40,45,53 38,38,46 40,43,52 43,47,60 33,36,47 27,25,33 23,20,24 24,21,25 22,21,24 22,21,26 22,21,24 22,23,26 22,23,28 23,22,27 23,22,27 22,21,26 20,21,26 20,21,26 20,21,24 20,21,24 20,21,24 20,21,24
27,24,28 26,23,27 26,23,27 26,23,27 26,23,27 30,23,26 35,25,26 102,65,41 112,71,40 112,69,36 113,70,35 128,80,37 136,83,38 140,85,40 135,85,41 136,86,40 142,85,41 142,86,39 140,85,40 89,57,27 24,23,28 21,22,25 23,22,25 25,24,27 31,32,35 24,23,26 22,21,26 22,20,28 22,21,26 26,20,27 24,20,29 24,20,29 26,20,27 25,18,30 150,90,40 162,102,50 188,114,46 202,124,57 96,72,66 56,68,92 62,74,96 50,60,78 46,51,61 39,42,49 40,45,53 43,46,57 43,45,59 34,34,44 34,34,46 34,36,50 34,34,44 39,41,55 29,29,39 24,23,28 32,35,42 40,36,47 34,32,42 37,35,45 37,37,47 36,39,46 35,35,43 32,31,34 27,28,31 22,21,24
26,23,27 26,23,27 26,23,27 26,23,27 27,24,28 27,24,28 36,29,27 109,78,55 113,87,66 118,88,73 112,77,62 123,77,51 121,74,40 120,71,33 130,77,34 110,61,25 108,62,32 128,85,50 133,87,46 57,40,41 20,21,26 24,24,32 38,38,46 38,43,49 37,40,47 49,46,50 60,49,46 85,64,41 82,60,52 38,37,42 44,42,50 38,36,44 36,36,44 43,43,55 165,112,57 154,99,43 169,104,44 193,123,65 67,57,58 57,70,89 63,73,93 52,60,80 41,45,58 36,39,48 39,44,52 42,46,59 46,49,60 37,37,47 25,25,35 33,36,45 28,31,42 35,38,49 35,35,43 36,36,44 41,38,44 82,61,57 81,64,56 79,62,54 80,63,53 69,53,49 61,49,54 53,40,48 53,42,49 46,40,45
26,23,27 26,23,27 26,23,29 26,23,27 27,24,28 30,23,26 39,27,32 112,79,54 114,71,38 105,61,31 117,72,39 112,68,40 97,53,25 125,79,42 123,78,43 134,85,47 115,71,43 118,78,53 124,88,66 110,88,91 55,56,75 50,56,75 30,33,42 40,37,41 51,47,58 36,43,55 48,55,69 50,56,73 54,60,77 53,59,76 48,54,71 48,54,71 47,55,73 47,55,71 169,109,59 124,94,68 148,91,31 151,89,49 93,82,79 56,68,90 54,64,84 45,55,71 39,46,60 36,41,51 42,47,57 42,47,57 44,47,58 34,34,42 28,28,36 37,37,45 38,38,48 39,39,49 38,38,46 38,38,48 38,38,48 81,64,56 76,61,52 72,56,50 59,47,49 58,46,51 55,48,51 47,41,46 36,35,38 33,29,38
26,23,27 26,23,27 26,23,27 26,23,27 26,23,27 29,24,26 35,25,29 76,51,32 86,49,23 112,72,47 106,63,30 114,71,38 108,71,45 104,75,53 116,85,73 114,86,73 115,85,70 113,83,68 116,84,70 121,93,82 54,49,65 55,52,67 55,58,76 57,63,80 55,61,78 54,60,77 52,58,75 52,58,75 55,61,78 55,61,80 57,61,76 57,61,76 52,59,73 56,59,77 181,117,57 48,48,56 51,41,42 139,99,65 86,61,58 54,64,84 54,64,84 49,59,77 40,46,63 38,45,57 45,49,62 41,46,54 42,45,56 33,32,35 30,28,36 41,39,49 39,39,47 40,43,52 45,50,58 45,52,66 64,57,67 80,61,63 66,52,54 68,51,52 67,53,53 50,42,48 42,36,43 53,49,62 50,49,64 49,48,63
26,23,27 26,23,27 26,23,27 26,23,27 26,23,27 26,23,27 31,24,27 95,58,32 98,58,33 101,66,51 107,77,62 113,82,74 110,79,67 105,77,66 105,77,64 118,90,77 111,79,65 119,87,73 112,90,72 116,88,75 122,95,79 125,93,77 111,88,75 67,66,81 50,54,69 48,55,67 50,53,71 57,60,78 57,60,78 56,60,75 53,60,74 45,43,55 32,37,45 33,31,32 168,106,50 31,40,42 31,31,41 53,43,44 44,35,46 52,62,82 55,65,85 51,61,81 49,57,75 33,37,52 41,48,62 38,42,55 41,41,51 26,25,28 61,55,48 78,66,56 50,55,65 45,50,60 45,49,64 57,56,71 64,52,57 71,57,59 59,49,50 45,38,41 46,43,49 51,47,60 70,65,81 57,56,73 52,51,68 53,56,74
25,22,26 26,23,27 26,23,27 26,25,28 27,24,28 26,23,27 31,24,24 94,74,65 97,77,70 98,76,70 97,73,65 90,70,63 107,83,77 92,72,63 102,78,70 106,84,76 105,84,71 108,87,74 109,84,67 112,86,72 109,82,66 120,93,77 122,92,75 120,89,70 122,93,73 101,81,72 68,64,73 46,49,60 47,51,64 49,61,83 49,63,86 49,58,81 45,49,64 47,51,64 152,99,46 35,37,51 27,27,37 35,35,43 44,44,56 48,55,69 55,64,87 52,62,82 49,57,75 27,32,42 41,47,64 41,45,58 36,39,48 31,28,34 69,61,67 72,60,65 69,57,62 71,58,66 69,56,64 58,46,51 37,39,39 38,37,40 69,65,74 76,71,87 66,61,79 58,57,74 64,65,84 50,54,69 48,51,69 53,56,74
26,23,27 26,23,27 26,23,27 26,23,27 27,24,28 26,23,27 36,23,31 86,68,63 88,67,63 91,75,71 87,69,66 93,76,68 92,75,67 97,80,72 101,79,71 100,78,72 107,80,73 94,72,64 96,74,66 102,78,70 106,83,70 99,73,59 106,80,70 104,78,64 94,77,67 81,64,56 102,82,75 101,81,74 90,72,69 102,79,76 88,71,63 88,75,68 73,62,69 60,57,72 139,86,31 32,40,47 34,34,46 33,31,41 34,37,46 41,45,58 51,57,74 52,60,80 50,60,78 23,26,37 44,50,69 41,47,64 32,40,49 61,51,52 65,54,61 66,55,62 57,52,54 53,42,49 41,39,49 38,37,42 55,54,59 78,75,92 72,70,90 61,62,81 59,57,77 55,53,73 50,53,71 47,50,68 48,51,71 55,58,76
27,24,28 27,24,28 27,24,28 27,24,28 27,24,28 26,23,27 56,44,32 57,43,48 82,67,75 83,69,69 86,67,69 83,70,65 83,67,63 84,68,64 93,76,68 91,76,67 91,69,61 94,72,64 96,74,68 94,72,64 73,58,49 70,57,54 87,69,68 95,77,74 93,75,72 89,73,71 92,75,76 84,71,66 90,72,71 92,71,71 85,68,74 59,55,64 38,34,45 32,26,31 145,82,29 34,34,46 28,31,40 26,20,25 32,35,44 36,38,52 46,50,65 42,46,61 40,44,57 20,20,28 44,50,69 45,49,64 36,39,48 67,56,63 48,45,51 47,44,50 46,45,50 37,37,45 43,42,47 76,74,94 64,65,84 55,61,82 64,70,91 45,49,64 48,51,69 55,59,74 59,62,80 55,58,76 53,55,71 47,50,68