40,38,36 52,50,48 38,40,35 48,48,43 34,27,30 37,31,26 32,28,22 35,33,29 53,53,48 39,39,34 34,31,7 36,38,33 35,37,34 37,35,33 34,36,33 35,37,32 22,24,21 22,24,21 18,19,11 22,24,19 19,19,16 27,27,24 28,26,22 38,29,21 22,22,19 22,22,17 20,21,13 22,23,15 27,26,17 22,23,15 47,48,40 37,38,28 22,23,15 25,26,18 75,69,64 18,18,15 25,27,22 20,21,13 24,25,17 23,24,16 24,25,17 56,59,49 17,20,8 39,42,32 25,28,18 18,18,13 16,16,13 21,24,16 34,33,26 32,31,24 21,24,16 44,43,36 57,58,48 24,24,19 28,26,22 19,17,13 29,30,22 72,66,61 18,17,8 41,40,31 22,23,15 32,33,25 50,44,39 26,25,14
40,38,36 39,37,35 42,44,39 43,43,38 31,24,27 34,28,23 29,25,19 30,28,24 46,46,41 27,27,22 130,117,96 39,41,36 36,38,35 40,38,36 39,41,38 35,37,32 31,34,26 18,21,13 26,27,19 28,30,25 24,24,21 20,20,17 17,15,11 30,29,22 18,18,15 19,19,14 22,23,15 37,38,30 20,19,10 24,25,17 32,33,25 51,52,42 29,30,22 31,32,24 37,38,30 34,34,31 28,30,25 23,24,16 27,28,20 32,33,25 36,37,29 25,28,18 42,45,33 22,25,15 20,23,13 25,25,20 19,19,16 25,28,20 19,18,11 26,25,18 38,41,33 43,39,33 59,60,52 25,25,20 20,18,14 18,16,12 26,27,19 84,73,56 18,17,8 45,44,35 19,20,12 23,24,16 31,39,29 24,23,12
37,37,32 41,41,36 40,38,36 32,30,28 34,27,27 37,32,31 36,30,25 34,33,26 38,39,31 34,34,29 34,34,31 34,37,29 35,37,37 30,31,23 43,43,40 28,31,23 31,34,26 41,44,36 22,25,15 20,23,15 23,24,16 22,22,17 20,18,14 17,17,14 16,16,13 27,28,20 23,24,16 29,30,20 24,23,14 23,24,16 26,27,19 26,27,17 24,25,17 30,31,23 38,37,30 39,39,34 37,39,34 41,42,34 40,41,33 26,27,19 22,22,17 20,23,13 43,46,34 28,31,21 21,24,14 18,19,11 19,19,16 33,29,23 49,45,39 21,17,11 24,22,20 79,73,68 55,56,48 40,41,33 17,16,9 40,30,18 30,24,17 30,29,20 28,27,18 40,39,30 26,27,19 25,26,18 29,34,30 40,40,35
33,33,30 37,37,34 36,36,33 40,35,32 36,31,30 40,33,33 34,35,27 31,34,26 31,34,26 35,38,30 32,34,29 38,38,35 41,41,36 36,37,29 38,40,37 27,30,20 46,49,39 44,47,37 17,20,10 28,30,25 13,13,10 19,20,12 29,30,22 23,23,20 22,22,19 19,19,14 26,27,19 31,32,24 23,24,16 23,24,16 29,30,20 23,23,18 20,20,15 29,29,24 19,20,12 40,38,34 47,47,42 44,44,39 38,40,35 43,44,36 41,42,34 26,27,19 36,37,29 24,25,15 24,25,17 37,38,30 18,18,13 19,19,14 30,26,20 25,21,15 22,17,14 26,25,18 53,54,46 30,31,23 24,22,18 55,40,18 54,44,34 26,22,16 24,23,16 20,21,13 29,30,20 19,20,10 35,38,28 24,25,17
38,36,32 39,41,36 39,37,35 43,43,38 36,38,33 38,38,38 31,33,30 31,33,30 35,38,30 43,43,40 37,37,32 40,41,33 27,28,20 34,37,29 48,48,45 50,53,41 28,31,21 36,39,29 30,33,23 23,26,18 18,20,20 18,18,15 20,20,15 19,19,14 19,20,12 20,22,17 47,42,28 24,27,15 39,40,28 41,42,32 25,26,18 27,26,17 20,21,13 26,25,18 21,20,13 36,36,31 48,49,39 46,44,40 46,46,43 50,51,43 52,53,45 51,52,44 41,40,33 23,22,15 25,26,18 22,23,15 22,22,17 27,28,20 40,39,32 27,28,20 41,37,29 26,27,17 18,19,11 29,30,22 34,29,26 120,87,62 43,37,28 27,26,19 29,30,22 33,32,25 35,34,23 44,47,35 34,35,25 26,27,17
36,36,33 37,37,34 39,37,38 48,46,44 46,46,43 41,41,38 43,43,40 38,40,37 36,39,31 46,46,43 37,37,37 43,44,36 34,37,27 34,35,25 39,41,41 34,37,25 28,31,23 22,25,17 24,27,19 18,20,15 23,23,20 19,17,18 29,29,24 22,22,19 23,23,18 34,37,29 32,31,20 44,45,35 52,54,39 31,32,20 26,27,17 24,23,16 37,31,22 74,66,55 86,84,66 98,89,70 94,82,70 49,48,41 45,47,44 55,56,48 55,54,47 52,53,45 52,42,41 33,32,25 20,21,13 26,27,19 31,32,24 38,41,33 46,47,39 24,25,17 40,41,33 27,28,20 21,20,13 26,25,18 36,27,23 76,58,39 28,27,18 29,25,19 24,25,17 26,27,19 39,41,26 44,46,31 29,30,18 27,28,20
31,31,31 36,36,36 54,49,51 53,51,47 43,38,35 47,47,44 43,43,43 45,47,42 37,39,34 43,45,40 39,39,34 44,43,36 24,25,15 57,43,27 31,34,24 43,46,34 25,27,22 16,18,15 29,29,24 20,22,17 23,21,19 22,22,19 24,24,19 27,27,24 19,19,14 47,45,41 31,25,18 60,60,44 39,40,28 45,48,38 20,21,11 56,56,40 97,93,74 100,93,73 134,132,103 95,93,64 114,108,85 47,46,39 37,40,32 48,49,41 52,51,44 58,59,51 22,22,17 29,32,24 41,42,34 41,42,34 41,42,34 47,48,40 53,52,45 54,53,46 43,44,36 18,19,11 23,22,15 19,18,9 33,27,20 36,28,17 38,29,23 27,23,17 21,20,13 22,23,13 45,45,31 55,57,42 58,60,45 17,18,10
35,33,34 30,28,29 49,47,48 55,56,48 38,36,32 40,40,40 44,44,41 46,49,41 39,41,36 44,44,39 36,29,29 42,37,34 30,33,21 79,65,40 24,24,19 19,19,14 16,21,17 55,57,54 26,26,23 24,22,20 25,23,21 20,20,15 24,23,16 24,25,17 48,36,26 107,96,81 90,76,60 46,43,28 44,47,27 70,68,46 191,152,140 102,90,78 69,53,47 111,102,87 121,112,85 82,74,50 135,126,99 56,57,34 31,34,26 49,52,44 48,49,41 54,55,47 23,24,16 20,20,15 26,26,21 37,40,32 34,37,29 35,38,30 36,39,31 46,49,41 73,74,64 25,26,16 27,26,19 27,23,17 43,39,29 32,28,18 39,35,29 37,36,27 29,25,19 53,52,41 45,46,34 71,73,56 64,67,47 25,26,16
32,30,31 28,26,27 44,42,38 47,42,41 36,31,28 39,39,36 43,45,42 46,49,41 38,40,35 43,44,36 39,34,33 40,33,31 37,32,29 35,34,27 30,30,27 22,22,17 24,24,19 35,28,26 49,42,40 66,59,57 26,25,16 26,27,19 31,30,21 55,52,39 104,95,76 171,164,133 112,102,80 144,116,107 64,53,38 105,69,47 144,117,85 169,125,95 227,193,173 127,120,100 116,111,83 65,61,42 121,114,87 86,84,62 22,25,17 44,47,37 25,26,18 41,42,34 26,27,19 39,41,36 27,27,22 41,41,38 38,40,35 38,41,33 32,35,27 37,40,32 32,34,29 30,30,25 31,33,28 31,34,26 36,37,27 33,29,21 33,34,24 41,40,29 37,33,27 34,33,26 27,28,18 53,55,38 50,54,37 38,39,27
30,28,29 33,31,32 32,27,29 33,31,29 39,34,31 43,45,40 44,46,41 42,45,35 39,41,36 43,44,36 34,30,24 33,26,26 29,22,22 41,36,33 33,26,24 32,31,24 34,28,23 71,67,59 62,63,51 56,63,47 158,130,101 192,151,120 113,80,80 71,55,42 62,49,42 100,90,78 145,124,101 252,213,183 185,148,124 246,190,143 194,149,114 145,121,115 247,216,195 110,100,76 84,80,59 41,41,25 109,101,77 32,34,19 24,24,19 33,34,26 24,25,17 24,25,17 177,157,148 48,46,42 37,38,30 45,47,44 48,50,47 46,46,41 41,41,38 40,40,37 38,38,35 32,32,29 34,34,29 30,30,25 39,42,34 37,40,32 32,33,25 48,47,36 33,29,23 27,26,19 33,34,26 46,50,35 49,53,38 35,38,26
30,28,29 31,29,30 28,23,25 33,28,30 40,38,34 42,44,39 45,47,42 41,44,36 42,44,39 39,40,32 33,27,22 40,33,33 36,29,29 37,32,29 40,31,27 35,28,26 51,42,36 67,66,55 74,71,58 88,76,66 140,119,106 156,121,85 182,138,98 249,208,181 197,162,147 158,127,106 245,199,171 255,213,181 216,171,136 255,203,147 221,180,149 115,98,104 176,139,124 80,65,56 81,60,35 18,19,7 99,95,76 40,39,28 27,28,20 24,25,17 31,32,24 39,38,31 128,95,84 52,53,45 44,47,39 44,47,39 47,47,42 48,49,41 45,46,38 44,44,41 43,43,40 36,36,33 40,40,35 34,34,31 41,44,36 43,46,38 34,37,29 37,38,30 38,37,30 34,35,27 32,35,27 41,44,34 34,37,27 30,33,23
28,26,27 28,26,27 27,22,24 36,29,32 39,38,31 39,42,34 42,45,37 34,37,29 37,39,34 33,33,28 38,29,23 33,27,22 37,32,31 38,32,25 40,33,31 43,33,34 68,64,56 73,75,60 76,76,62 50,41,37 149,114,99 204,155,119 186,151,124 242,201,174 249,203,177 117,81,61 84,51,40 236,200,178 213,171,147 255,228,190 187,156,133 255,214,185 170,153,156 135,103,87 189,153,106 24,25,17 65,67,52 86,75,68 68,59,53 61,53,40 39,40,32 41,44,36 137,106,94 48,51,43 49,48,41 40,39,32 44,46,43 45,47,44 37,39,34 39,41,36 49,51,48 38,38,35 35,37,32 36,38,33 38,40,37 45,48,40 36,38,33 38,40,37 47,46,35 36,36,31 31,34,26 32,35,27 39,40,30 31,32,22
34,27,27 28,21,21 27,20,20 36,31,33 43,44,36 44,47,39 45,48,40 48,51,43 34,36,31 31,30,23 35,26,20 33,32,25 31,30,23 37,32,29 27,21,16 41,34,32 69,69,55 76,81,61 83,85,68 47,35,35 210,161,110 234,178,129 231,186,151 82,60,52 93,78,69 108,92,90 160,144,140 194,179,58 235,209,56 234,207,32 77,55,6 187,154,117 218,187,164 68,57,52 194,154,118 25,26,18 37,38,28 33,29,21 201,173,162 101,96,84 44,43,34 46,45,34 213,187,177 65,68,58 45,48,40 33,32,25 41,43,38 41,41,38 37,37,32 46,53,46 41,43,38 37,37,32 36,38,35 37,39,36 36,38,35 44,47,39 42,44,41 39,41,38 40,39,30 40,40,35 34,34,29 36,39,31 38,39,31 29,30,22
33,26,29 28,21,24 27,20,23 33,28,27 42,44,39 39,41,36 34,36,31 29,32,24 37,39,34 37,36,29 37,31,24 32,31,22 67,44,29 132,108,71 33,32,23 41,42,32 73,77,62 88,89,77 82,84,67 62,48,48 109,77,74 110,84,70 202,180,172 173,153,144 239,221,216 206,187,191 131,119,62 187,161,10 134,114,35 86,70,16 91,69,22 203,181,173 218,195,180 55,38,41 236,172,126 43,44,32 46,49,41 31,32,24 52,53,45 108,77,65 154,128,118 65,49,47 148,132,130 102,81,70 38,42,27 26,27,17 38,41,33 36,38,33 36,38,33 51,54,46 51,54,46 31,32,24 41,41,36 34,36,33 32,34,31 39,41,36 50,52,47 41,43,40 46,49,37 40,40,35 37,37,32 36,36,33 49,52,44 35,38,30
30,23,26 36,29,32 27,20,23 36,29,29 42,44,39 39,41,36 24,26,21 24,27,19 49,51,46 34,33,26 37,31,24 71,56,36 161,123,86 194,175,122 78,65,44 64,65,55 63,67,52 58,57,46 75,76,64 65,53,69 238,180,127 216,171,123 221,198,185 190,167,154 255,242,236 201,181,174 167,149,119 186,156,18 153,120,68 153,124,48 231,199,57 210,192,50 208,180,151 57,41,37 236,183,128 57,58,46 52,53,45 46,47,37 46,49,41 33,23,24 46,33,28 40,30,31 46,35,32 78,63,54 36,39,27 38,39,29 51,52,44 39,41,36 35,37,32 48,50,45 46,49,41 24,25,15 33,34,26 36,36,33 34,36,33 45,47,44 44,46,41 39,41,38 42,45,33 40,40,35 37,37,32 36,36,33 48,50,45 46,49,41
36,29,32 30,23,26 30,23,26 47,40,43 47,47,42 44,47,39 31,34,26 51,54,44 39,42,34 34,33,26 63,49,33 162,123,82 154,115,76 170,133,91 43,37,32 56,59,47 51,50,41 50,45,42 62,63,53 65,54,63 229,173,124 175,134,89 232,201,189 206,183,172 247,225,219 201,179,173 109,94,13 143,111,7 192,156,55 187,163,69 121,96,23 142,117,30 175,144,134 74,62,64 226,177,139 74,73,62 62,65,55 27,28,18 50,51,41 29,24,21 30,21,17 30,18,18 122,98,72 120,86,64 48,32,28 69,68,59 59,60,50 43,43,38 39,42,34 39,41,36 38,39,31 31,30,23 35,34,27 38,38,33 40,40,37 42,44,41 44,46,43 37,39,36 34,35,27 31,32,24 39,39,36 36,38,35 46,48,43 48,51,41
30,23,23 29,22,22 29,22,22 33,26,26 47,48,40 43,46,36 36,39,29 32,35,27 32,38,29 30,30,27 157,124,87 155,118,78 160,126,81 56,41,32 41,40,33 51,54,42 53,44,40 50,40,39 63,57,62 58,49,60 255,208,151 150,108,70 225,194,171 254,233,192 122,95,61 127,93,63 194,179,31 171,149,32 148,124,30 153,129,26 146,122,56 91,74,9 170,140,141 82,60,54 208,171,145 60,71,56 60,61,51 28,34,25 33,39,30 63,54,48 62,45,35 135,96,68 166,121,88 157,109,84 42,38,30 40,39,28 56,59,51 47,48,40 43,45,40 42,44,39 38,39,31 33,32,23 35,34,25 41,41,36 44,44,41 34,36,33 41,43,40 36,38,35 31,32,24 40,39,32 36,38,33 38,40,37 36,38,35 44,47,39
20,13,13 30,23,23 30,20,21 30,23,23 45,48,40 38,39,31 40,41,33 27,33,24 50,51,41 46,30,15 106,72,40 45,36,30 50,44,39 43,36,34 45,45,40 55,56,46 56,47,41 45,36,32 75,68,96 77,68,92 236,188,132 165,129,100 255,241,196 255,253,206 246,224,190 110,85,57 106,73,48 117,101,27 162,141,42 145,127,38 137,126,51 141,127,69 164,141,126 200,177,164 109,88,86 82,83,64 58,55,42 29,30,22 31,32,24 46,35,32 96,75,62 100,71,49 138,103,76 100,71,49 38,32,25 38,37,28 51,47,39 37,36,27 39,42,34 36,39,31 48,49,37 36,37,27 33,32,25 44,46,41 37,39,36 34,36,31 46,46,43 36,38,33 40,40,35 31,32,24 34,35,27 42,44,41 32,34,31 46,51,45
28,22,17 24,17,20 26,21,20 30,25,24 46,52,41 41,44,34 44,45,37 61,60,51 24,27,15 155,122,85 129,93,60 36,30,25 42,37,36 40,38,36 52,51,44 63,66,56 56,47,39 58,48,49 69,61,94 92,61,67 234,186,132 235,208,174 255,243,193 237,220,183 193,176,166 100,75,58 123,92,69 102,73,49 148,131,82 101,89,32 84,78,12 86,76,77 150,120,103 247,222,203 173,146,141 76,67,52 50,39,32 31,34,26 32,31,24 151,122,118 59,45,31 109,89,71 141,107,85 121,90,67 53,43,31 33,32,23 38,39,31 49,52,40 42,45,35 36,39,29 33,34,24 43,44,34 40,39,30 41,42,32 32,34,31 37,39,36 40,40,35 44,50,41 33,33,28 32,33,25 34,35,27 39,39,36 37,37,34 37,42,36
45,39,34 28,21,24 27,22,21 32,27,24 77,83,70 53,56,46 44,45,37 36,37,27 48,42,37 154,116,79 131,91,55 37,32,29 43,38,35 42,40,38 52,53,45 55,56,46 57,46,39 65,54,63 65,56,80 146,113,74 209,164,118 255,247,196 255,250,202 230,211,184 114,97,100 100,75,58 98,67,44 105,76,54 86,61,42 233,212,185 133,117,104 94,79,70 100,75,56 232,205,198 164,136,125 94,82,70 32,33,23 38,39,31 195,160,145 165,129,109 85,73,61 85,69,54 122,96,75 160,123,99 135,109,88 33,32,23 37,38,30 38,42,27 45,48,38 37,40,30 31,32,22 34,35,25 39,38,29 41,42,32 30,30,27 44,46,43 45,45,40 44,50,41 34,34,29 34,35,27 41,42,34 36,36,31 36,36,31 39,41,36
22,15,13 24,17,20 30,25,24 29,24,21 40,40,26 52,53,45 43,44,36 36,37,25 94,84,62 88,68,48 38,37,26 35,34,27 41,40,33 47,47,42 50,50,45 60,57,44 62,50,40 70,57,78 68,58,78 200,157,122 255,245,198 255,255,200 255,241,193 182,168,150 93,77,64 80,60,40 109,83,62 93,72,49 147,131,118 236,220,187 255,238,215 86,71,51 72,57,46 196,174,156 145,122,107 115,99,84 51,54,42 255,241,223 255,216,194 206,162,132 160,130,104 89,75,59 83,69,53 89,71,50 63,43,25 144,118,93 44,45,35 37,38,28 45,46,36 36,37,27 34,33,24 38,37,28 40,39,30 40,40,26 34,34,29 34,36,33 39,42,34 46,54,44 39,40,30 39,40,30 41,42,32 44,45,37 37,38,30 38,39,31
23,23,18 22,23,13 29,22,22 29,22,20 69,72,52 48,49,41 53,54,46 37,40,30 144,102,64 42,37,25 39,40,32 37,36,29 40,39,32 42,44,39 44,44,39 48,43,40 47,42,39 75,62,83 73,60,81 187,148,118 255,251,202 255,254,198 230,208,159 100,88,102 79,67,72 141,121,133 179,158,147 208,191,163 177,154,123 252,227,179 236,214,165 95,76,64 76,62,48 165,149,136 129,108,106 162,142,122 52,55,43 177,134,117 213,162,134 215,171,143 97,73,51 74,58,43 85,66,50 89,69,51 67,48,32 130,93,67 80,66,48 36,37,27 37,38,28 33,34,24 39,38,29 39,38,29 42,41,32 40,41,31 37,37,32 31,33,28 38,40,35 44,50,41 38,39,31 41,40,31 40,41,31 50,51,43 34,35,27 38,39,31
19,20,12 26,27,15 25,23,19 26,24,22 58,60,43 45,47,42 44,45,35 38,37,26 120,94,69 40,39,32 40,40,35 39,40,32 40,39,32 47,48,40 44,42,38 45,44,37 45,43,41 67,53,77 87,70,92 187,157,131 231,206,162 255,248,194 238,214,159 139,123,117 255,235,189 255,250,198 255,250,190 255,255,200 255,255,197 255,236,171 255,245,182 244,223,167 61,48,45 173,154,138 124,97,92 191,158,131 32,36,21 81,60,47 125,95,78 120,94,69 99,75,53 101,81,61 106,86,68 83,68,46 73,55,36 102,80,62 139,103,83 162,135,119 38,39,29 40,39,30 39,38,29 42,41,32 38,39,29 38,39,27 40,41,31 30,32,27 41,43,40 42,44,39 39,40,32 41,40,33 49,48,41 45,44,37 35,38,30 46,49,39
22,19,6 61,60,33 23,21,17 22,22,19 64,68,53 44,47,37 40,41,29 46,38,27 41,39,37 41,40,33 40,40,37 45,48,40 39,39,34 40,40,35 41,39,35 46,45,38 49,44,41 63,52,79 71,54,76 210,178,148 205,178,144 212,197,59 180,167,35 195,175,157 248,225,183 255,241,193 255,247,193 255,243,189 255,247,193 255,240,183 255,242,179 253,228,169 166,145,141 205,186,161 102,84,81 205,165,131 32,36,21 63,56,40 128,103,84 133,104,82 107,85,67 54,44,32 47,43,35 111,94,70 85,70,48 70,56,40 122,96,73 163,128,101 154,134,116 137,121,108 105,90,81 48,44,34 48,44,36 43,44,32 48,45,30 31,33,30 38,40,37 38,40,35 39,40,30 48,44,38 47,46,39 47,46,37 39,42,32 51,54,42
66,61,18 87,73,28 30,19,12 25,23,19 45,49,34 46,47,35 46,47,35 58,54,44 43,39,33 43,44,36 45,48,40 47,48,40 44,44,39 37,38,30 45,46,38 34,33,26 50,46,38 70,60,91 68,52,77 223,178,143 212,184,32 217,184,18 105,78,5 90,68,34 158,142,140 179,165,151 224,205,170 239,212,176 230,204,150 240,211,158 245,221,170 238,211,164 195,173,139 255,239,205 120,96,74 222,179,132 42,45,33 39,42,32 39,42,34 105,84,73 102,87,76 37,39,36 36,39,29 151,131,111 92,77,55 83,69,55 155,121,91 171,134,108 158,123,98 149,123,100 162,135,117 157,132,113 128,109,95 46,45,34 43,46,34 32,35,27 35,37,32 34,37,29 43,44,36 47,46,37 48,47,38 48,47,38 51,50,39 66,68,53
94,85,27 102,82,32 33,22,19 30,31,19 55,59,42 45,46,34 49,53,36 49,46,31 45,44,37 41,42,30 51,54,46 66,61,29 116,118,63 42,42,28 36,37,29 38,37,30 46,44,42 64,53,78 66,55,82 172,149,80 152,122,6 118,89,13 154,124,37 208,195,161 79,55,33 61,40,29 126,110,108 151,132,134 188,169,153 181,162,139 190,171,144 184,167,143 141,121,103 244,222,186 239,219,171 215,173,135 43,46,34 37,40,32 44,38,33 37,38,30 46,48,43 40,40,35 48,47,38 154,138,121 115,95,75 141,108,83 136,101,74 163,131,97 148,109,81 179,142,118 151,117,97 149,116,91 142,111,90 138,113,94 45,49,32 36,37,27 38,41,33 43,44,36 45,48,40 45,46,38 55,44,25 142,109,70 51,52,40 45,47,32
118,103,42 71,49,13 42,29,22 27,26,17 102,103,53 107,105,58 56,54,34 43,39,33 58,59,38 77,77,34 53,47,22 84,82,60 46,44,40 42,38,30 47,43,35 40,41,33 47,39,45 132,120,122 68,67,42 175,153,117 105,82,42 124,98,46 91,81,99 219,203,161 249,225,174 226,201,155 222,200,166 58,37,26 51,34,24 71,53,50 100,86,86 91,81,85 117,105,121 208,190,171 222,200,151 156,130,107 53,46,26 100,91,87 46,49,41 38,40,40 46,48,43 41,41,36 144,137,135 141,124,116 110,92,71 121,99,79 64,48,33 119,103,88 141,107,85 151,111,88 172,137,110 149,116,89 146,112,82 141,111,85 50,52,35 45,46,36 43,44,34 32,34,29 43,45,40 54,51,38 188,144,104 140,120,90 69,66,51 53,53,37
127,106,54 98,74,37 55,47,23 92,92,62 53,55,40 82,84,58 54,54,20 45,44,35 42,41,30 39,39,25 136,138,67 57,55,22 99,101,46 37,34,21 43,42,4 96,84,72 101,101,67 104,94,93 64,62,33 92,92,78 140,136,60 95,84,69 196,178,157 190,176,133 203,181,132 255,242,191 242,222,172 214,194,146 236,217,164 255,255,204 187,169,127 93,82,75 54,46,65 101,87,104 208,200,37 208,201,44 169,155,141 48,47,38 54,54,40 38,40,35 46,52,43 46,47,39 148,141,141 87,68,54 100,81,65 79,65,49 67,57,45 75,65,53 138,109,87 149,113,84 133,99,77 155,120,93 151,115,84 135,105,77 50,52,37 49,48,37 39,42,30 36,39,31 39,42,34 121,88,61 211,169,115 157,126,87 168,125,78 88,89,50
137,112,68 140,115,69 71,59,22 67,60,42 43,44,36 76,80,63 54,55,36 49,45,24 65,61,40 54,52,32 85,89,33 86,90,0 84,83,31 153,153,67 84,81,37 136,131,58 142,140,70 133,130,77 76,72,10 98,100,54 83,72,95 77,73,84 111,108,53 92,73,20 181,130,52 107,91,17 98,81,44 186,168,106 209,185,132 252,228,173 203,177,136 211,194,143 51,42,53 38,28,32 201,190,46 211,187,22 197,154,119 48,51,41 82,85,54 37,39,34 42,44,39 46,46,41 142,133,129 76,65,50 108,91,67 88,73,53 90,79,62 87,71,54 162,131,108 154,118,89 120,91,67 140,110,84 152,115,89 125,96,74 53,53,39 51,53,38 44,45,35 38,39,27 35,38,30 51,51,37 144,110,67 135,102,75 170,121,85 73,59,43
110,80,34 137,110,65 145,129,55 121,121,35 104,101,46 129,128,90 115,115,45 129,123,32 138,132,14 148,139,40 80,75,34 113,112,17 171,165,47 122,117,8 125,119,13 119,114,1 227,221,84 91,85,10 122,119,36 113,110,27 117,124,0 102,101,0 169,168,62 129,121,38 175,153,59 133,121,39 94,88,22 103,94,20 112,94,52 48,28,0 56,36,4 89,52,12 81,71,61 36,24,36 80,61,36 160,126,0 199,165,120 56,52,35 87,82,41 38,41,33 42,45,37 47,48,38 97,93,83 92,81,66 123,99,77 112,91,68 95,80,58 102,86,69 177,142,115 116,82,62 91,75,58 75,54,39 128,98,72 127,102,74 60,57,42 52,54,39 48,49,37 43,46,34 42,40,36 162,128,98 173,132,85 169,131,85 169,132,88 149,117,87
154,150,74 109,96,46 105,88,41 152,140,70 103,96,53 46,48,31 54,50,4 150,145,45 150,142,61 131,124,27 138,130,26 128,121,8 111,107,2 115,113,14 109,105,2 123,116,30 126,122,15 147,143,36 116,116,14 116,116,42 149,143,50 134,131,39 126,120,14 182,170,74 193,188,67 126,123,29 141,134,21 97,92,41 104,103,8 63,47,3 80,63,0 129,88,27 109,94,47 40,33,43 76,64,54 153,134,50 196,157,114 102,85,50 73,69,34 44,47,35 45,46,38 108,107,55 101,97,80 79,69,59 66,59,43 108,90,69 105,90,68 117,93,71 186,147,119 135,101,79 103,86,62 86,71,51 67,58,43 84,64,46 47,38,19 56,51,39 58,60,45 55,57,42 38,39,29 75,67,54 90,73,47 160,123,81 153,129,92 206,168,131
130,100,58 94,74,28 126,120,43 153,152,73 186,190,66 173,177,41 103,89,44 146,141,28 152,142,34 181,176,65 166,158,38 154,146,44 180,176,71 112,109,0 92,89,0 134,132,31 110,107,0 184,179,56 193,186,73 132,129,15 109,105,2 178,174,46 154,147,20 177,169,35 113,99,2 144,132,23 138,132,16 149,147,30 89,85,9 89,86,3 100,81,26 161,151,61 106,102,26 68,56,1 33,34,55 89,77,77 163,130,51 142,108,47 79,74,35 55,56,44 92,89,34 75,70,42 108,92,77 88,81,50 135,87,15 60,52,30 64,62,44 78,65,42 182,141,110 88,70,49 69,60,41 121,83,7 66,67,44 64,53,38 143,109,87 53,53,39 51,53,36 58,60,45 34,38,23 54,54,40 55,57,42 65,68,48 98,82,65 127,113,97
46,47,24 118,115,32 140,131,71 103,103,0 142,144,2 137,139,14 144,140,35 150,146,30 129,124,1 152,146,13 123,116,19 122,113,14 148,141,44 108,105,11 138,134,27 202,199,105 125,126,21 130,130,15 102,96,3 172,169,57 114,113,7 143,145,22 146,141,32 125,117,23 94,86,3 140,130,22 110,101,25 135,132,22 91,84,12 129,125,36 107,87,37 120,115,33 129,123,46 144,141,60 100,96,34 121,122,45 148,128,42 189,170,57 113,111,21 123,123,62 87,84,42 132,130,70 99,82,72 85,83,52 79,62,25 77,74,48 77,65,35 85,70,59 196,155,128 67,47,29 85,68,42 104,83,11 73,75,49 78,61,35 76,58,37 59,61,44 53,53,39 58,61,39 49,48,37 53,54,42 65,65,51 62,61,50 118,112,89 118,110,74
119,93,41 107,84,24 138,122,68 90,75,37 127,121,15 129,124,11 123,120,28 110,104,13 114,108,0 123,120,10 102,95,0 138,131,18 138,134,18 102,92,0 154,144,32 145,140,42 76,71,0 147,143,40 175,168,55 145,139,37 117,113,10 202,198,82 180,169,53 165,155,47 106,99,27 92,85,15 136,134,15 105,95,28 90,85,3 98,91,30 97,92,10 113,108,26 150,146,39 122,117,37 112,117,2 136,139,48 122,126,32 120,124,14 138,132,37 130,123,37 158,155,59 123,117,13 69,53,47 144,141,47 186,176,57 175,173,54 127,115,45 149,136,61 216,170,133 57,47,23 126,115,42 88,83,32 99,92,22 128,106,68 109,105,43 123,122,84 100,89,27 123,108,61 143,143,12 94,92,34 155,156,65 124,127,26 148,145,53 133,130,47
126,96,9 145,137,35 161,153,51 127,121,5 97,90,0 142,133,18 135,125,31 152,143,28 143,132,31 92,81,0 77,70,0 110,103,4 135,129,34 129,123,17 166,158,52 136,125,38 143,137,31 132,125,28 97,89,6 109,101,22 93,86,18 80,73,0 130,129,25 79,73,9 135,132,36 69,60,0 123,116,46 111,110,13 169,168,62 102,98,0 80,80,0 107,101,35 102,101,8 112,104,50 63,60,18 103,95,16 103,106,17 93,94,15 117,117,6 172,169,48 137,134,24 123,114,38 67,56,51 128,129,20 181,169,44 188,184,54 68,60,26 117,106,62 98,74,50 202,169,132 74,68,0 105,96,40 128,117,32 124,107,72 167,159,67 164,163,41 162,154,60 185,183,53 145,137,5 165,166,31 129,117,37 153,147,43 171,163,43 145,140,29
132,112,24 163,148,56 168,162,46 148,138,17 131,123,21 134,130,41 154,146,40 217,207,125 115,108,11 135,130,9 135,125,13 142,136,18 114,111,19 88,79,0 154,148,32 155,146,31 155,146,31 183,175,73 124,115,30 122,110,42 123,114,38 145,141,52 99,95,8 103,99,12 90,84,7 72,60,23 172,167,98 84,78,1 54,47,8 121,119,20 99,94,23 95,94,15 92,92,6 131,139,32 123,125,41 80,75,0 133,128,28 94,98,15 111,106,33 122,115,18 123,113,35 131,124,52 152,154,79 107,107,44 163,147,89 98,90,27 71,64,37 64,46,43 79,58,56 108,87,44 209,185,152 201,179,141 198,177,125 201,181,133 255,236,186 137,120,53 100,97,12 110,107,11 130,122,41 119,116,20 144,136,46 143,137,44 104,96,17 150,147,53