58,57,60 66,65,68 73,71,72 37,42,36 57,50,53 28,30,27 35,37,34 27,29,29 42,44,41 21,23,20 41,44,36 55,54,47 50,53,45 63,56,56 58,51,51 59,49,53 41,34,32 45,38,41 55,50,49 46,52,53 40,49,49 40,49,49 38,47,47 30,40,34 33,43,37 36,41,37 36,44,34 36,42,43 38,53,41 32,41,43 39,49,46 53,57,70 48,46,56 49,56,54 33,43,37 40,48,38 41,46,45 46,53,48 45,53,43 41,43,38 33,38,34 41,48,43 50,50,50 57,50,53 63,56,59 70,63,66 42,47,41 65,58,58 65,58,61 55,48,51 57,50,50 62,55,58 71,62,73 76,67,78 68,60,68 66,57,68 68,60,68 63,55,61 63,56,59 66,59,62 62,55,58 59,51,57 65,57,63 68,57,64
47,47,42 43,43,38 17,19,19 39,45,34 65,58,61 21,23,20 42,44,41 24,26,26 46,49,41 42,45,37 50,53,45 52,55,47 51,54,46 49,55,44 54,46,52 51,49,50 36,30,25 35,28,26 43,48,47 45,53,58 38,47,47 39,48,48 37,46,46 38,47,47 34,42,47 38,49,50 36,46,50 34,43,45 45,64,58 37,46,48 40,50,47 38,44,45 36,46,40 45,52,45 36,45,47 29,36,29 46,47,37 42,49,44 36,44,34 36,38,33 33,38,34 37,39,36 64,64,64 53,53,53 65,58,61 60,58,59 44,49,43 48,40,46 68,61,64 56,49,52 58,51,51 63,56,59 69,60,71 75,66,77 65,57,65 69,61,69 70,62,68 63,56,59 58,51,54 64,57,60 63,56,59 63,55,61 72,64,70 74,63,70
58,48,49 48,48,45 47,47,44 28,30,30 39,41,38 41,49,39 43,50,45 39,49,46 41,50,50 41,50,52 33,43,40 37,46,46 43,53,50 38,47,47 39,48,50 48,62,58 44,56,52 36,47,46 37,48,47 37,46,46 36,45,45 39,48,50 45,55,52 40,50,47 39,48,48 38,47,47 39,48,48 40,50,47 41,50,50 41,51,48 43,53,47 41,50,50 44,54,48 39,49,43 38,48,45 37,49,45 48,59,46 41,48,46 42,49,44 42,44,44 46,46,46 24,26,23 49,47,48 46,48,48 36,36,36 65,54,63 45,52,47 65,58,58 52,45,48 65,58,61 73,65,73 69,61,67 71,63,71 64,56,62 63,55,61 68,60,66 63,56,59 62,55,58 65,58,61 66,58,64 73,65,71 66,58,64 68,57,64 76,68,74
55,60,70 39,45,48 83,78,96 43,48,58 37,45,50 36,44,49 38,47,49 38,46,51 39,48,48 40,49,49 41,50,50 44,54,51 41,50,50 43,53,50 41,50,50 46,53,51 43,48,47 45,52,47 41,55,48 48,55,53 40,50,47 40,50,47 43,49,50 42,49,47 39,48,48 47,54,52 49,61,54 91,85,80 49,56,51 36,48,41 44,54,51 46,56,53 34,44,38 109,100,111 40,47,45 39,46,44 40,46,47 36,41,35 31,33,28 25,27,24 23,25,22 29,31,28 46,46,43 52,50,48 41,43,40 24,31,24 41,49,39 57,45,47 61,54,57 67,56,63 63,52,59 64,56,62 67,56,63 72,62,66 66,59,62 75,67,73 70,60,64 71,61,65 65,58,61 66,59,62 68,60,66 68,58,62 66,59,62 72,62,66
64,54,55 65,55,59 64,54,55 64,57,57 67,57,61 65,58,61 65,58,61 63,56,56 68,58,62 71,61,65 66,56,60 67,57,61 68,61,64 66,59,62 64,54,58 64,54,58 66,54,56 62,55,55 60,50,51 59,49,50 89,76,95 77,74,103 52,49,55 48,46,44 37,47,44 37,47,41 44,54,51 72,64,70 193,163,146 31,43,36 36,46,43 36,46,43 48,44,55 119,105,118 39,47,37 40,47,42 34,44,38 33,43,40 34,41,39 42,49,47 41,50,50 39,49,43 39,44,38 37,47,39 34,39,33 34,32,30 46,51,45 57,50,48 57,47,48 58,48,49 59,49,50 61,51,55 64,52,57 65,55,59 57,45,47 60,50,51 61,51,55 65,55,56 65,58,61 64,57,60 53,43,47 63,53,57 75,65,69 66,55,62
66,56,57 65,55,56 63,53,54 63,53,54 61,51,52 60,50,51 60,51,47 63,53,54 66,56,57 66,56,57 64,54,55 70,60,64 66,56,60 70,60,61 73,63,67 67,57,58 67,57,56 67,57,56 68,58,59 61,51,55 67,57,61 67,57,58 68,58,62 59,52,55 50,52,49 40,50,42 44,54,48 52,52,52 228,190,169 91,86,74 47,59,50 44,54,48 100,92,109 162,143,145 41,48,43 41,51,48 38,47,47 41,50,50 38,47,47 37,46,46 37,46,46 38,47,49 37,45,50 36,44,49 35,45,49 38,49,50 37,48,47 37,45,50 38,50,46 39,51,47 40,49,49 41,51,48 52,52,49 50,50,47 53,48,47 54,44,45 57,47,48 58,48,49 56,46,47 54,44,45 59,49,50 63,53,57 66,56,57 42,32,33
66,56,57 68,58,59 65,55,56 66,56,57 65,55,56 65,55,56 66,56,57 66,56,57 66,56,57 63,53,54 67,57,58 66,56,57 66,56,60 64,57,60 66,58,64 68,58,62 71,61,65 62,55,55 64,57,60 65,55,59 64,54,58 68,58,62 57,47,48 53,48,50 36,50,46 45,63,60 35,52,47 45,51,52 164,133,125 163,137,125 45,62,54 44,54,48 142,136,143 162,144,141 40,52,45 51,62,51 48,59,46 40,50,44 40,49,49 38,50,46 40,50,44 40,52,48 43,53,47 40,50,47 43,53,47 46,58,49 37,47,39 38,49,48 37,50,49 34,50,48 36,53,48 42,54,50 42,54,50 33,45,49 39,51,47 49,69,70 36,46,52 37,46,46 39,49,46 45,46,49 42,47,43 46,53,48 55,57,54 45,33,33
70,59,66 70,59,66 68,58,62 65,55,59 68,58,62 63,53,57 65,55,56 64,54,55 64,54,55 63,56,59 64,57,60 61,53,61 63,55,61 63,56,59 66,58,64 63,57,64 65,57,65 65,57,65 63,55,63 67,57,61 58,51,54 56,49,52 54,47,50 36,52,50 37,48,49 38,48,52 38,49,48 37,48,49 86,75,72 223,188,163 51,63,54 46,50,52 55,50,52 50,45,42 34,40,41 39,51,47 41,50,50 37,48,49 44,55,54 39,51,42 40,52,43 47,57,49 39,49,46 37,48,49 38,50,46 40,51,50 41,48,46 40,51,52 36,47,46 44,53,53 36,45,45 36,48,41 42,48,49 34,47,46 42,56,52 43,56,57 35,47,51 34,46,50 38,48,52 34,46,50 56,74,73 43,54,53 55,56,77 34,46,50
67,57,61 58,48,52 64,54,58 67,57,61 68,58,62 70,60,61 66,56,57 63,53,54 66,56,57 68,58,59 66,56,57 67,57,58 66,56,57 65,55,54 61,51,50 59,49,50 63,53,54 56,49,52 63,53,57 65,55,59 57,47,51 55,48,48 47,47,44 43,46,53 38,48,52 32,43,44 37,48,47 36,45,47 48,48,56 184,158,137 67,63,57 22,23,26 79,68,63 84,71,66 96,76,67 39,48,48 37,47,44 35,47,43 37,49,45 43,53,50 44,53,53 36,45,45 41,50,52 37,46,48 31,43,47 29,45,45 36,47,48 35,47,51 40,49,49 43,53,50 39,51,47 38,52,48 38,52,48 37,48,47 41,55,51 43,52,54 43,49,52 39,47,52 41,50,52 52,61,61 52,62,38 54,66,30 47,58,43 32,44,37
68,58,62 65,55,56 61,51,52 60,50,51 60,50,51 60,50,51 63,53,54 63,53,54 63,53,54 61,52,48 68,58,59 67,57,58 63,53,54 64,54,58 67,57,61 61,51,52 65,55,59 60,50,51 61,51,52 58,51,51 70,59,68 93,81,95 61,53,59 51,49,50 43,48,54 33,41,46 38,47,49 33,45,49 45,51,54 57,50,50 61,54,64 77,68,79 95,83,88 115,98,90 141,120,97 104,90,74 37,46,46 36,43,41 39,51,44 47,59,55 34,44,41 37,47,44 39,49,46 38,47,47 39,48,48 44,56,52 43,53,50 47,59,50 49,63,59 64,78,74 61,75,66 58,73,61 71,85,78 63,77,68 65,77,68 65,75,69 64,74,68 66,76,68 64,77,63 62,73,62 67,75,63 70,78,66 80,92,74 90,93,69
71,61,62 67,57,58 66,56,57 60,50,51 65,55,56 57,47,48 64,54,55 67,57,58 64,54,55 63,53,52 64,54,55 70,60,64 63,53,54 68,58,62 67,57,61 63,53,57 61,51,52 63,53,54 59,49,53 61,54,54 59,49,50 61,51,55 58,48,49 59,49,50 58,48,47 61,51,52 60,50,51 60,50,49 63,52,59 58,51,54 63,60,66 75,66,77 170,152,151 120,99,86 146,125,110 129,121,108 52,51,54 45,67,60 51,64,63 41,57,55 59,70,57 53,66,43 64,76,56 77,83,56 78,85,53 87,92,58 83,90,56 85,90,58 89,94,62 82,92,70 84,94,72 66,81,67 70,82,73 67,77,69 68,82,78 80,87,53 80,85,65 68,79,68 66,78,69 72,86,79 77,94,89 89,112,107 61,80,69 41,52,41
65,55,56 65,55,56 64,54,55 64,54,55 67,57,58 68,58,59 54,44,45 63,53,54 66,56,60 66,56,57 61,51,55 64,54,58 68,58,62 60,50,51 64,54,58 61,51,52 61,51,52 64,54,55 64,54,58 62,55,58 63,53,54 65,55,56 58,48,49 60,50,51 59,52,52 59,49,50 57,47,46 56,46,50 56,46,50 63,53,57 61,58,64 94,81,89 197,174,159 182,156,142 151,130,115 191,167,159 171,146,147 221,190,178 145,126,114 49,68,62 84,103,92 50,63,64 38,51,50 38,50,54 36,46,50 35,48,49 40,53,52 40,54,50 39,55,53 53,74,70 76,95,89 55,79,68 34,47,46 36,50,46 36,49,50 37,48,49 45,57,50 58,68,65 59,73,66 56,69,57 49,61,52 54,72,59 70,93,88 54,66,62
63,53,54 67,57,58 67,57,58 67,57,58 66,56,60 67,57,61 65,55,59 65,55,59 65,55,56 59,52,52 57,50,53 62,55,58 63,56,59 57,50,50 58,51,54 66,59,59 65,55,59 59,49,53 65,55,56 61,51,55 63,53,52 60,50,51 60,50,51 61,51,50 58,48,49 59,49,50 61,51,50 61,51,55 66,56,60 67,57,61 58,52,59 115,103,105 135,123,125 114,102,116 93,86,96 120,114,135 101,82,89 158,127,119 150,115,102 64,54,55 57,57,52 80,94,90 40,53,52 44,62,59 29,44,47 33,46,47 36,49,50 37,50,49 45,62,57 88,113,97 85,103,88 56,70,49 77,88,59 67,81,62 77,92,68 59,77,60 57,69,62 52,66,62 47,61,57 43,58,61 37,47,51 34,47,48 40,58,57 38,49,50
60,50,51 61,51,52 61,51,52 65,55,56 66,56,57 66,56,60 63,53,54 64,54,55 67,57,58 60,50,51 63,53,54 66,56,57 59,49,50 61,51,52 68,57,64 65,55,56 70,60,64 63,53,57 63,52,59 71,61,65 65,55,59 58,48,52 61,49,51 64,54,58 57,47,48 59,52,50 67,55,57 63,53,52 68,58,59 70,60,61 68,62,69 76,72,85 86,81,99 77,73,84 85,86,109 110,104,136 114,97,117 127,104,93 159,127,113 65,54,49 55,49,44 63,57,52 64,55,47 63,54,50 63,53,54 55,53,49 48,48,43 40,49,49 44,54,58 39,55,53 48,61,60 31,43,36 36,46,38 30,40,34 53,60,53 46,59,45 44,54,51 44,54,48 47,63,61 60,79,68 88,113,95 87,114,98 78,102,91 38,46,51
68,58,62 70,60,64 71,61,65 63,53,54 68,58,59 67,57,61 60,50,51 64,54,55 60,50,51 66,56,57 68,58,62 59,49,53 67,57,58 60,50,51 64,54,55 70,60,64 68,58,62 68,58,62 72,62,66 72,62,66 61,51,55 64,54,58 64,54,53 61,51,52 61,51,52 70,60,59 65,55,56 73,61,63 67,55,55 71,59,59 69,65,74 77,72,88 82,77,95 79,75,88 94,91,120 72,67,85 85,72,80 117,98,86 142,117,100 64,51,48 71,58,55 84,72,62 94,81,60 98,76,56 113,90,61 116,89,57 137,106,69 156,122,81 145,108,66 154,115,72 155,123,77 133,112,87 66,67,55 49,62,61 62,77,63 62,86,75 50,63,62 40,51,50 48,66,63 75,92,84 82,107,91 74,103,89 72,96,83 39,49,46
61,51,55 66,56,60 64,54,58 65,55,56 61,51,55 64,56,62 65,54,61 66,56,60 63,53,57 64,54,58 60,50,54 66,56,60 66,56,60 64,54,58 64,54,58 67,57,58 65,55,56 68,58,59 72,62,66 66,56,57 70,59,66 66,56,57 68,56,58 66,55,62 67,57,61 66,56,57 79,69,73 77,64,59 75,62,55 85,70,61 59,51,59 74,70,83 79,75,88 77,73,86 57,47,67 68,58,76 85,73,87 94,77,97 126,102,80 141,109,77 149,116,77 161,120,75 149,113,64 169,129,77 171,128,79 177,135,81 179,140,83 199,157,92 164,121,61 165,122,64 179,138,77 193,151,97 175,132,74 160,117,59 177,131,74 177,131,72 168,122,56 178,141,86 139,123,90 105,106,85 80,94,73 70,90,76 74,96,86 62,69,67
57,50,50 59,52,52 58,48,52 68,58,59 70,60,61 70,60,64 66,56,57 56,46,47 72,62,66 68,58,62 65,55,59 75,62,70 70,59,66 71,58,66 70,62,68 63,56,56 61,54,57 59,52,50 65,58,61 63,53,54 61,56,58 64,54,55 68,61,64 65,56,52 67,57,58 74,63,70 72,60,62 90,75,66 94,78,63 87,73,59 55,43,43 62,58,67 65,62,68 65,61,70 72,68,79 74,66,83 97,79,90 149,126,111 144,102,60 145,105,51 159,118,61 186,145,84 198,149,80 194,143,76 200,150,78 195,144,75 204,155,78 217,163,88 220,165,95 193,138,68 205,151,76 178,121,50 196,146,72 189,143,75 184,138,72 196,150,93 181,140,81 180,138,84 196,148,101 201,155,98 183,138,76 207,161,95 205,152,84 188,146,81
88,73,53 86,70,53 77,65,53 77,64,57 76,66,56 71,62,56 67,56,51 75,68,68 66,60,55 74,64,65 79,68,75 67,57,61 75,68,68 67,56,65 72,60,62 81,71,72 67,55,55 66,56,57 66,57,51 67,56,51 67,58,54 78,69,65 71,60,57 80,67,60 77,64,57 94,81,76 95,69,57 93,75,54 108,75,48 108,82,57 67,65,77 67,63,74 57,56,61 66,64,72 82,74,93 90,81,107 111,95,93 137,101,83 194,149,87 196,150,82 190,144,78 193,142,73 197,144,76 187,134,66 197,146,77 204,153,86 203,153,81 235,179,105 232,173,98 234,175,100 229,166,97 207,152,82 205,150,80 194,145,80 184,139,75 174,128,73 189,141,96 175,132,85 170,129,84 178,137,92 143,109,66 127,88,49 162,125,83 148,110,60
115,88,56 123,95,66 133,101,71 123,91,61 136,102,70 128,95,68 123,94,70 121,91,63 99,75,49 100,79,56 102,78,56 106,87,64 103,84,59 105,83,63 96,76,58 88,68,50 92,77,57 76,60,43 88,72,55 93,78,58 94,79,59 107,86,63 128,98,56 130,97,60 146,108,62 154,118,69 155,117,67 172,132,80 78,66,56 67,62,78 72,68,79 63,59,68 68,64,77 86,77,90 182,148,126 94,71,70 154,125,103 191,141,81 206,150,83 209,158,89 202,151,84 207,155,84 208,156,85 186,134,63 205,153,82 201,151,79 190,141,76 204,155,86 198,150,78 226,178,106 176,125,56 218,167,100 204,154,82 191,138,70 220,167,101 206,155,90 203,150,82 193,144,79 202,149,83 215,164,99 202,151,94 207,156,91 190,137,73 190,141,76
130,103,69 120,93,57 151,114,74 152,112,76 153,116,76 153,119,76 139,106,67 146,111,73 149,112,70 156,124,82 164,129,91 149,115,81 140,104,73 133,101,69 131,97,67 135,105,79 116,88,61 113,91,71 118,100,81 127,112,90 128,112,95 123,109,93 111,100,85 114,95,79 113,83,55 110,79,42 135,101,58 77,65,77 62,60,72 75,68,82 70,66,77 69,65,76 83,78,96 210,179,167 208,163,99 202,154,100 198,151,90 209,158,93 201,141,71 190,137,69 184,131,65 209,157,86 191,139,68 218,166,95 186,134,63 204,154,82 218,166,93 205,156,87 192,143,76 184,135,68 196,145,76 196,152,83 205,153,82 204,151,83 191,138,70 218,163,93 184,131,63 202,147,77 207,154,86 213,157,90 219,163,96 216,160,93 203,157,91 208,155,87
98,77,50 106,85,58 112,83,59 140,107,80 143,107,76 161,123,88 148,111,69 185,140,94 178,128,82 157,113,60 175,132,76 168,127,70 172,129,82 164,121,76 172,130,78 181,138,91 101,76,59 68,63,81 123,110,107 87,76,83 109,99,100 72,66,71 101,90,97 110,99,96 126,111,102 81,71,75 65,58,70 57,55,63 71,69,77 74,70,79 74,70,81 82,76,97 152,134,131 207,164,115 196,145,78 195,142,78 207,154,88 197,148,79 190,140,68 207,157,85 226,174,103 203,150,82 214,161,93 220,168,97 211,161,89 213,162,93 194,143,74 222,171,102 210,164,98 215,164,95 197,146,77 193,142,75 211,160,91 222,172,100 215,163,92 196,144,73 197,145,72 202,147,75 189,136,68 198,149,82 209,160,95 202,151,86 192,147,85 144,111,61
149,112,70 152,115,73 165,124,77 170,127,80 173,131,79 174,132,78 208,165,105 192,146,80 193,142,77 207,156,89 182,137,75 196,144,84 193,147,79 202,152,90 214,163,94 197,146,81 71,64,78 68,63,79 97,89,97 65,61,72 79,73,78 120,107,100 126,109,101 126,110,104 74,67,77 66,64,76 66,64,76 61,57,70 70,66,77 76,72,83 87,82,100 92,84,103 243,204,176 185,138,75 179,131,75 197,150,87 204,153,88 204,153,86 199,142,71 208,157,88 199,148,79 218,172,104 224,175,110 204,153,86 195,144,75 217,166,101 203,152,85 188,142,76 176,129,68 205,159,91 209,158,89 204,153,84 201,150,81 199,148,79 205,153,82 197,144,76 210,157,89 191,142,77 210,163,102 189,141,83 199,152,91 183,135,77 189,144,98 116,77,47
184,138,70 172,126,58 159,114,50 206,157,90 211,157,78 240,185,113 216,161,89 196,137,64 209,147,71 206,147,74 214,152,80 216,154,78 211,150,71 194,143,67 214,159,89 173,139,96 65,65,77 67,67,79 66,62,73 70,62,79 93,81,93 107,93,98 107,93,95 71,64,74 69,65,76 68,64,77 74,70,83 62,60,70 76,72,83 83,80,95 88,82,105 129,106,105 175,124,59 201,151,77 183,132,65 187,144,88 211,162,97 187,137,77 197,148,79 196,150,82 220,171,102 206,157,90 207,157,85 197,144,78 208,163,99 183,137,69 192,146,80 182,136,79 184,138,72 197,151,85 206,164,99 181,132,67 220,171,106 209,162,99 197,150,89 181,133,75 168,125,65 169,124,62 188,142,83 187,144,86 196,155,106 177,135,81 154,109,61 117,86,63
203,157,91 220,174,106 200,149,80 210,159,94 198,146,75 214,163,96 205,153,82 195,136,61 202,143,68 213,158,88 204,147,76 208,151,82 205,157,85 227,168,95 217,163,88 41,34,37 67,65,75 72,70,80 74,70,83 74,70,83 81,73,90 84,77,91 77,70,84 69,65,76 68,64,77 70,66,79 76,72,83 75,72,87 81,78,95 92,83,105 90,86,108 237,201,172 174,130,79 166,124,72 173,129,78 171,130,81 167,125,71 184,138,81 184,138,79 183,138,74 194,150,83 206,157,90 191,142,75 198,149,84 208,158,96 209,163,97 195,148,87 196,154,89 195,148,87 184,137,76 176,131,69 205,158,95 221,175,109 185,138,77 190,144,85 186,143,87 187,146,89 172,130,78 221,174,124 188,145,98 154,112,70 140,100,64 172,129,94 255,237,210
178,129,60 177,128,59 193,147,81 181,134,71 171,124,63 187,142,80 175,133,68 186,140,72 190,146,79 197,151,85 209,162,99 197,153,86 216,166,104 176,126,66 182,135,72 61,45,41 72,68,79 67,63,76 76,74,86 79,74,92 80,75,93 80,75,93 77,69,88 72,68,81 73,69,80 74,69,85 83,78,96 86,84,104 76,73,90 82,76,97 166,143,140 196,167,134 117,89,51 139,114,70 157,127,85 163,126,84 187,146,99 167,124,77 189,146,88 188,142,83 175,130,68 183,136,73 201,150,83 206,159,96 207,160,99 178,136,73 202,153,88 247,198,133 194,151,95 188,145,89 180,134,79 190,144,85 171,129,77 159,117,65 197,159,111 129,87,47 197,158,117 209,168,141 227,186,155 255,215,181 215,180,153 254,215,187 255,237,214 255,255,226
125,86,45 177,138,97 177,139,93 163,124,81 176,137,96 170,132,82 165,122,75 157,117,65 161,119,65 175,136,79 165,123,69 168,131,76 171,128,72 174,128,69 199,158,99 167,125,73 74,70,81 66,62,73 73,70,87 83,78,96 83,78,96 81,79,99 81,75,96 73,70,85 75,70,86 80,75,91 95,91,113 79,75,95 72,69,86 75,70,88 255,220,189 119,106,99 128,96,66 143,109,77 149,112,72 163,129,88 171,130,85 170,130,78 170,128,74 184,138,81 188,141,80 184,137,76 187,138,73 240,190,116 199,153,94 198,150,103 180,134,77 191,144,81 161,118,69 184,140,100 187,149,103 181,142,110 255,228,190 227,190,150 255,249,211 236,203,178 216,187,156 235,202,175 255,244,201 255,250,209 255,253,216 255,236,198 255,221,192 229,193,164
104,73,50 114,83,62 130,106,80 124,96,69 110,77,50 123,96,62 120,93,61 117,83,51 126,91,53 156,121,85 155,119,70 155,117,67 163,125,79 175,138,83 174,138,87 67,65,75 62,58,67 67,48,25 164,135,84 90,87,102 92,87,103 92,87,105 87,84,101 76,73,88 72,68,79 71,68,83 64,62,82 74,68,89 68,63,81 110,100,101 136,108,97 137,100,58 122,87,49 138,104,72 165,131,86 163,120,75 157,115,63 188,145,89 176,130,71 164,116,58 170,123,62 205,158,97 176,129,68 155,109,52 165,125,73 174,133,76 187,145,91 184,141,92 152,117,81 239,203,170 223,185,150 239,200,168 255,232,200 189,148,119 229,186,151 255,238,193 212,169,136 255,237,208 200,174,151 205,176,154 173,152,129 142,122,115 75,65,64 57,52,51
135,101,67 134,100,66 138,104,72 123,91,59 126,94,64 128,96,66 145,108,82 137,103,69 137,100,60 150,116,71 153,115,67 159,119,67 171,130,81 162,127,73 140,105,49 53,49,62 149,116,64 172,129,71 139,105,44 106,81,64 89,87,109 92,86,109 85,81,101 73,71,91 65,61,72 58,54,65 58,54,67 61,58,75 56,52,63 214,193,170 161,120,71 140,104,55 164,123,78 173,132,85 170,130,78 164,123,66 194,150,99 197,155,92 183,137,82 169,123,66 180,137,79 170,122,64 188,145,85 162,119,63 192,151,83 173,135,85 191,150,123 232,191,160 255,228,185 201,158,123 255,245,209 240,211,178 250,217,190 255,238,209 155,126,102 155,129,115 130,118,120 52,40,30 141,112,79 70,57,54 63,53,57 73,61,66 84,61,48 157,117,53
143,108,72 152,117,81 130,96,62 125,95,67 129,97,65 130,101,70 134,102,72 150,109,78 152,117,79 158,115,80 143,109,64 169,132,77 164,128,68 187,144,84 182,135,72 64,57,69 170,134,74 186,143,83 209,164,100 189,148,78 101,86,77 98,84,84 83,78,107 72,67,83 62,62,74 60,58,68 57,54,69 61,53,72 64,52,64 127,111,107 174,127,77 165,121,70 169,125,72 175,132,76 182,139,83 187,146,85 161,121,67 167,126,69 150,109,62 79,44,29 195,152,92 147,112,74 129,108,85 204,170,127 248,215,176 240,197,164 212,175,133 188,157,120 215,187,160 48,39,20 161,137,84 255,243,239 158,143,123 182,168,150 125,99,78 153,111,59 165,125,71 163,126,84 78,61,64 72,60,65 73,66,69 140,113,81 198,150,94 187,137,75
146,110,77 156,117,85 156,123,86 149,115,81 135,103,71 148,114,80 140,101,62 117,82,46 184,142,100 145,116,81 82,73,69 151,118,79 178,130,72 167,126,58 151,115,66 66,59,62 117,91,52 118,84,52 102,76,51 124,90,56 37,31,26 129,104,74 195,148,87 161,120,59 56,49,47 46,44,54 148,121,76 195,154,95 51,42,55 180,142,94 187,138,69 202,153,86 213,162,95 202,160,106 188,144,77 192,143,76 204,159,95 178,134,67 190,154,94 44,41,45 54,43,38 255,250,224 255,238,191 143,125,104 145,117,90 167,146,121 255,250,216 255,233,202 255,229,196 40,36,30 91,75,58 162,142,124 100,92,81 173,140,90 175,134,85 174,130,77 70,54,52 65,55,54 74,60,62 117,94,63 211,162,97 227,178,109 185,138,75 201,152,87
142,113,80 158,127,90 140,105,69 137,105,61 147,110,70 148,111,71 168,134,91 148,119,95 82,63,51 158,128,100 171,140,103 155,131,96 73,58,47 70,60,59 69,57,57 65,61,72 99,83,79 162,126,68 184,145,84 174,131,71 189,148,89 138,99,56 165,124,67 115,92,61 38,37,42 41,40,45 194,171,140 157,125,93 132,106,83 175,137,71 190,146,77 184,140,71 165,118,55 191,138,72 167,126,67 145,104,47 153,117,57 166,125,64 175,134,75 185,144,87 167,135,89 211,173,138 177,160,136 191,167,143 222,193,162 232,202,174 255,235,209 188,166,146 176,160,143 50,40,41 102,79,66 103,86,62 78,64,50 113,86,54 71,60,57 76,64,69 66,58,64 72,53,39 168,126,61 195,144,75 178,133,69 212,159,93 206,157,88 190,146,77
127,93,61 150,117,80 144,110,67 146,109,65 154,117,75 125,99,60 94,75,63 64,57,57 64,54,58 66,59,59 71,64,67 72,62,66 68,58,59 73,61,66 75,65,69 76,60,75 86,87,106 181,146,92 155,115,61 185,144,87 153,115,65 160,122,72 156,118,70 121,101,71 44,33,28 101,77,44 175,135,83 71,59,61 202,167,131 147,109,63 154,116,70 184,143,96 161,123,77 158,118,66 184,143,94 177,135,83 165,125,71 183,143,89 166,126,92 255,236,197 138,120,101 147,132,110 194,170,146 219,198,173 194,171,142 151,140,123 151,143,130 58,59,51 40,32,38 48,40,48 54,45,41 123,86,44 152,123,99 61,49,49 63,52,59 164,155,97 175,129,63 176,127,62 186,133,65 202,151,82 197,144,76 196,141,71 167,118,51 183,132,63
148,114,80 148,115,78 141,108,71 135,100,62 130,96,74 64,50,50 77,70,73 68,61,61 70,63,63 63,56,59 71,63,69 64,57,60 60,50,49 61,54,54 63,56,56 48,46,44 64,53,60 57,47,35 127,95,49 158,117,70 184,143,98 150,119,70 146,112,67 148,116,72 148,117,78 142,108,67 168,131,87 109,94,74 204,172,142 138,104,72 141,107,75 123,90,51 146,117,86 146,113,74 141,109,65 119,83,36 152,115,71 157,119,71 170,146,124 162,142,124 187,158,136 216,185,162 229,195,165 175,160,140 110,99,84 51,39,41 49,39,38 219,189,172 44,37,37 54,40,45 102,82,75 133,93,68 61,54,57 57,53,43 47,33,15 82,72,50 184,129,59 190,140,66 172,119,51 160,110,38 203,149,70 213,158,86 183,131,60 187,135,64
114,80,48 124,91,54 141,108,83 138,99,69 136,108,79 76,62,62 67,57,58 72,61,70 64,57,57 65,58,58 57,50,48 70,60,64 72,62,63 65,55,54 59,52,55 68,60,66 78,71,71 64,53,60 65,55,56 75,62,59 115,91,69 144,116,76 130,98,68 125,96,63 126,102,78 88,72,55 87,68,54 94,75,61 36,27,19 135,106,75 109,81,54 128,105,76 103,77,52 134,108,83 152,123,92 155,122,83 133,104,71 157,142,122 178,165,144 202,182,164 211,190,165 189,172,148 151,139,127 51,41,40 44,34,38 202,181,158 108,93,84 109,75,41 46,34,36 71,56,64 49,44,41 173,120,77 165,129,78 151,108,59 50,37,34 121,89,47 127,89,41 205,154,76 224,163,84 214,163,85 202,148,73 201,145,69 190,136,61 194,142,71
125,91,57 139,105,71 121,92,61 134,104,76 120,91,60 121,91,65 114,93,68 110,85,55 78,66,68 63,56,59 70,60,64 64,54,55 71,64,64 64,54,53 67,55,55 72,66,71 71,58,68 65,55,59 60,55,57 60,49,56 68,58,57 67,56,53 67,54,64 67,56,53 112,91,64 144,115,84 149,120,89 81,61,43 54,44,34 125,96,63 128,98,54 115,83,39 141,105,58 151,115,66 151,109,69 137,124,117 133,119,103 196,176,156 131,107,83 198,172,149 191,171,153 94,83,76 110,101,97 59,48,41 209,173,151 71,65,60 35,30,29 45,42,46 46,34,36 71,57,70 31,32,35 101,67,47 155,112,77 178,128,68 44,33,42 123,100,58 169,113,75 113,83,37 229,168,89 227,166,87 235,176,99 225,166,93 192,136,58 180,128,55
118,89,65 116,87,63 118,92,69 110,88,68 100,83,59 90,72,53 109,91,72 88,77,60 67,55,55 65,55,54 70,60,61 57,47,48 71,64,64 74,71,75 70,62,68 63,58,60 62,56,61 59,51,57 69,63,70 58,52,47 58,49,45 64,55,51 110,95,73 115,88,56 74,54,34 132,99,72 134,97,57 139,105,62 146,112,69 168,127,80 141,102,59 165,130,76 179,152,109 144,135,120 178,159,143 128,112,99 169,154,132 165,147,126 139,124,113 94,81,78 66,54,59 82,69,62 216,187,165 179,159,150 48,43,40 45,44,35 48,43,45 34,33,24 47,34,44 64,54,58 38,31,34 96,68,39 126,102,78 127,110,73 44,34,38 116,86,58 104,69,31 162,108,47 225,164,85 205,144,63 247,185,104 202,142,72 183,129,54 213,165,93