23,24,12 69,73,46 42,46,31 57,62,40 37,38,28 32,34,19 38,40,23 39,45,34 37,41,24 38,39,27 61,78,73 52,56,29 50,54,39 69,77,54 30,34,17 60,64,49 38,47,30 33,42,25 36,38,21 37,50,38 75,88,74 65,72,54 29,34,30 57,73,71 71,79,58 32,38,29 111,110,72 63,72,44 35,39,41 45,53,43 48,60,40 60,71,56 76,92,71 53,71,56 61,77,58 59,74,62 87,103,82 52,72,54 57,70,47 52,66,47 118,118,77 119,122,73 98,98,53 111,115,88 62,69,51 88,93,73 31,40,21 29,38,21 49,52,40 30,33,21 60,64,47 44,42,38 40,46,35 50,55,49 142,136,113 62,66,49 97,109,113 131,144,121 208,196,157 96,109,97 94,105,90 64,83,63 45,59,40 73,86,63
24,26,11 65,69,42 48,51,39 32,34,19 50,54,27 24,24,19 64,66,49 25,31,20 41,45,28 43,45,30 39,42,34 45,49,34 94,99,77 46,54,31 46,50,33 31,35,20 27,36,19 33,42,25 46,48,31 34,50,29 40,54,35 72,85,71 56,60,45 63,75,68 61,69,48 32,38,29 72,73,34 106,106,72 46,48,48 73,82,82 118,134,115 75,95,79 99,114,98 68,88,63 38,54,35 81,97,78 71,87,68 53,73,55 60,73,50 39,49,41 105,107,54 75,78,29 74,71,31 66,69,38 36,43,25 47,56,39 38,47,28 34,43,26 36,44,30 26,34,20 29,33,16 44,43,32 75,79,52 77,78,55 132,123,92 65,69,54 37,40,30 55,63,49 171,161,121 101,114,102 80,94,73 41,58,48 83,98,72 93,107,86
25,25,11 70,72,44 25,28,18 27,28,18 41,49,35 59,73,52 36,38,21 21,29,15 46,44,22 46,42,32 35,42,24 60,65,43 32,39,32 32,45,33 24,39,25 24,32,20 38,47,28 31,40,23 38,42,25 50,53,29 33,41,27 41,48,32 79,91,73 61,69,57 61,68,50 53,58,54 46,52,41 34,41,34 68,74,63 126,133,76 70,80,54 92,106,85 128,140,122 50,61,46 85,91,64 37,40,16 104,118,99 60,77,69 53,68,44 56,69,55 95,94,56 85,86,47 61,61,29 83,84,47 36,44,32 38,43,21 62,68,39 34,43,24 40,50,26 49,59,37 32,38,25 33,43,21 32,38,29 50,58,46 37,44,28 56,61,41 83,85,82 111,81,39 79,84,83 83,94,79 84,101,75 63,80,56 97,111,90 92,107,91
28,27,16 70,72,46 27,30,20 28,35,19 44,55,44 33,45,25 33,33,17 27,35,21 44,42,24 43,40,25 40,58,41 28,41,29 30,38,17 56,46,24 39,52,38 20,28,16 27,34,18 35,39,24 49,58,39 33,45,25 33,38,34 62,63,55 82,91,74 73,86,72 65,68,46 76,77,38 56,58,32 103,102,46 123,127,44 64,68,41 75,80,44 75,80,37 87,89,61 69,79,53 51,66,42 33,40,22 57,60,36 72,74,46 46,59,34 65,60,28 117,118,50 82,83,44 57,59,44 57,61,46 42,52,30 29,39,13 84,92,53 69,75,46 58,63,39 53,58,34 31,40,23 42,52,30 29,35,24 41,49,35 32,40,30 41,48,32 64,71,55 44,55,40 65,78,77 77,91,72 76,91,75 79,94,80 68,83,57 68,83,69
25,25,20 73,69,48 28,36,24 26,34,20 28,37,18 28,31,23 23,27,10 29,35,22 37,38,17 57,70,54 27,35,21 34,41,23 33,35,18 72,59,27 48,56,44 20,31,18 74,78,63 42,46,29 29,37,16 29,39,17 58,62,47 48,50,47 69,80,67 66,71,47 117,113,76 122,126,57 65,68,37 117,120,69 74,78,40 79,84,52 53,57,30 62,65,43 82,90,69 116,122,70 60,62,34 51,59,34 90,94,54 36,41,21 50,60,38 60,65,45 79,82,20 94,90,44 48,48,32 42,52,30 47,57,33 50,58,35 65,72,36 80,95,56 51,57,28 70,79,51 50,57,41 44,52,29 46,50,33 31,39,27 49,57,47 70,71,50 63,71,59 46,50,35 70,82,78 80,89,72 58,61,49 53,56,44 66,69,57 54,62,50
26,31,25 65,66,43 15,21,10 37,45,20 69,84,70 26,32,19 25,28,16 24,32,18 38,39,18 31,44,32 47,54,36 66,64,35 51,44,24 31,32,13 25,36,21 21,34,18 34,38,21 35,40,20 35,40,20 46,54,44 52,55,47 53,58,57 79,90,89 136,138,96 118,118,73 65,68,33 104,108,50 102,105,81 68,68,36 55,61,34 53,56,36 58,63,39 73,79,50 80,86,57 101,108,64 79,77,46 76,83,28 69,74,38 85,91,64 67,75,50 79,77,30 63,63,18 114,111,71 63,71,48 60,68,45 57,65,42 70,80,45 48,53,31 79,85,56 85,99,49 63,61,30 59,64,40 27,36,19 47,54,49 54,61,54 103,113,89 50,58,48 54,61,43 64,77,61 71,81,78 48,55,48 60,78,75 55,70,77 71,78,71
16,22,11 56,57,34 48,56,33 64,67,45 32,42,16 25,33,23 27,29,14 22,26,11 37,38,19 25,36,25 51,54,34 55,58,48 44,47,27 50,56,45 74,73,46 157,153,116 37,45,24 25,31,20 67,71,42 44,58,39 56,60,62 58,68,65 100,111,98 61,56,13 78,77,50 82,80,47 102,99,44 70,75,51 75,79,50 57,65,42 50,57,41 78,83,49 28,38,14 56,66,42 52,65,53 54,70,49 120,129,58 43,45,30 67,77,44 39,46,28 74,73,21 78,77,41 57,61,32 44,52,29 64,69,45 48,54,27 50,58,33 53,55,27 78,85,51 84,91,57 77,76,38 55,56,33 63,68,48 35,42,35 43,50,45 26,33,26 38,45,38 58,58,44 70,85,73 54,64,40 119,123,56 62,79,69 61,61,45 90,94,65
42,48,39 57,55,37 21,29,15 54,59,25 82,88,49 33,44,33 42,58,39 31,34,22 37,40,20 22,31,14 58,63,43 34,41,23 35,41,30 97,104,88 89,88,61 43,47,30 33,41,29 15,25,17 84,97,70 59,77,74 47,61,57 66,83,75 72,78,65 86,87,48 76,79,55 74,78,51 35,43,29 66,67,48 70,75,53 75,83,60 37,43,30 78,83,47 56,67,38 35,43,31 88,89,50 46,58,38 42,43,20 52,55,31 41,50,31 50,55,31 138,137,70 73,74,51 55,59,30 64,71,39 57,66,38 58,65,29 65,69,40 66,73,37 54,64,40 70,77,45 81,85,47 134,131,89 72,74,46 37,43,32 26,36,30 31,41,35 38,46,34 55,65,43 69,75,48 49,59,37 71,75,48 99,101,59 58,54,17 93,93,52
41,47,36 25,28,8 22,33,20 66,79,56 101,106,74 66,79,65 38,46,7 24,33,16 34,37,17 34,37,17 32,35,23 63,70,52 20,28,16 34,42,28 140,138,105 37,40,18 27,34,27 33,44,33 34,44,36 54,71,73 40,60,61 63,82,71 69,84,68 136,133,82 47,54,0 41,48,32 78,82,55 60,73,59 70,80,54 29,36,20 53,58,34 42,50,27 41,49,35 61,72,43 50,58,37 64,70,43 61,65,38 75,77,31 50,62,42 59,61,33 69,67,34 74,79,32 47,57,35 48,51,27 54,62,39 60,68,43 33,43,35 147,140,99 75,78,54 70,80,47 69,73,44 62,69,53 61,74,60 102,115,103 29,41,32 33,44,33 36,44,34 44,56,36 85,90,68 65,73,48 54,65,36 55,58,48 152,150,78 78,77,41
39,45,34 26,28,13 67,77,69 36,44,34 66,72,43 80,87,55 23,27,10 26,32,21 35,39,22 52,53,32 25,30,24 28,32,17 66,77,64 34,38,23 28,35,17 90,90,60 60,68,58 77,89,85 57,74,64 46,61,68 34,51,53 61,78,70 60,70,78 77,92,68 88,105,100 30,44,25 62,61,36 42,50,36 70,72,30 32,43,30 50,62,44 51,55,38 64,73,45 107,119,99 24,33,16 59,60,39 129,126,73 47,47,31 73,78,44 38,41,29 43,49,38 69,75,62 49,58,41 33,44,33 34,48,41 83,86,55 79,82,51 88,91,69 124,130,91 74,79,59 78,88,85 81,91,88 71,78,62 78,82,65 67,77,53 64,74,52 46,55,36 44,56,38 40,49,32 51,59,36 74,84,58 57,65,53 68,68,38 120,120,79
48,56,42 29,31,14 26,34,20 22,30,18 55,68,45 104,107,76 34,35,14 29,40,29 35,39,22 41,43,26 57,64,48 29,33,16 55,65,30 34,39,15 31,34,26 52,59,23 75,88,72 52,63,50 69,85,83 35,50,53 62,78,89 70,89,80 35,50,57 68,81,56 77,93,91 92,106,102 32,43,30 34,46,28 55,70,75 41,52,65 68,82,73 39,42,20 47,56,28 55,70,56 42,55,39 50,48,28 62,58,41 68,69,32 123,120,53 89,83,37 39,50,39 61,67,56 36,44,34 54,69,55 31,41,35 50,49,11 46,55,36 36,48,28 41,53,35 38,47,28 74,84,76 72,85,84 132,133,114 182,176,140 75,73,51 75,84,65 57,67,43 38,47,28 35,43,31 95,100,76 42,53,24 66,77,62 45,48,38 66,69,47
24,31,24 36,33,18 29,32,20 38,42,25 53,61,40 113,113,81 34,36,10 29,36,29 31,33,18 31,34,22 58,61,39 29,33,16 62,62,30 51,56,20 48,51,27 45,52,16 78,91,77 69,78,61 73,78,58 47,55,45 57,69,73 50,64,76 56,70,82 66,80,76 54,71,63 72,87,75 70,85,73 71,74,50 88,105,97 88,106,91 59,73,64 61,74,60 57,72,60 45,61,40 29,42,43 73,73,30 103,103,40 85,84,32 88,82,59 43,46,22 43,54,41 46,54,40 51,55,38 91,102,42 90,91,52 47,50,26 47,56,37 42,49,31 47,56,37 40,49,32 44,45,24 66,69,34 56,51,19 55,57,40 91,88,64 57,66,49 56,65,48 38,46,32 29,40,25 39,49,27 50,62,44 30,40,32 38,49,38 123,122,55
25,30,24 28,28,12 24,27,17 45,51,24 75,78,45 76,85,68 36,34,16 25,32,25 34,36,21 41,48,32 59,62,50 35,36,13 72,83,72 50,56,27 23,34,23 32,42,36 50,54,25 63,70,54 79,84,60 79,77,55 97,107,85 82,89,71 89,99,91 81,94,82 77,90,74 64,78,69 61,73,64 56,64,52 97,112,96 64,79,63 54,68,59 59,73,64 55,69,60 50,65,49 50,67,59 49,51,9 106,105,67 51,49,16 80,86,59 76,79,55 54,61,45 43,54,39 31,41,38 63,69,42 58,62,47 49,53,36 42,51,32 46,53,37 52,63,34 76,81,59 58,68,60 41,45,16 59,64,28 73,76,52 54,62,52 48,58,50 40,52,43 61,70,53 31,40,23 52,62,36 84,97,72 44,55,44 54,66,48 50,57,41
29,35,22 28,28,12 25,28,16 39,44,24 54,56,28 63,64,41 35,36,13 31,40,23 32,34,17 62,69,53 65,70,50 51,49,18 58,62,22 34,39,19 26,34,13 48,54,15 57,66,47 53,66,50 52,56,27 60,65,45 66,70,53 85,88,64 91,94,70 71,79,56 91,92,73 80,89,72 76,88,70 85,97,105 66,77,66 87,103,84 45,62,57 33,48,51 46,62,62 43,59,59 35,51,51 76,86,51 125,122,67 69,70,20 137,136,84 58,54,37 64,75,60 64,70,57 34,52,37 80,83,48 91,95,39 62,66,37 48,58,36 57,66,49 40,52,32 56,66,42 53,60,28 73,87,83 89,101,92 106,120,113 59,76,71 59,69,63 59,70,69 70,82,73 48,60,42 48,60,40 68,76,53 40,53,37 53,68,71 63,68,46
21,27,14 28,29,10 75,84,67 36,40,23 56,62,12 61,64,33 39,42,20 44,48,19 29,31,14 61,58,32 67,72,48 68,70,24 54,52,30 31,41,17 41,44,24 44,48,21 45,49,20 45,57,23 53,65,31 45,51,22 50,57,21 65,71,44 71,67,46 73,77,48 105,105,75 75,84,65 75,90,76 77,89,95 67,79,75 78,91,75 49,66,61 35,50,53 31,46,53 39,53,63 39,56,46 43,61,44 125,107,75 125,115,73 76,56,38 65,46,32 62,40,34 51,52,40 38,51,37 31,44,43 95,95,50 77,79,53 46,61,37 64,72,49 47,60,44 74,86,77 53,65,47 67,76,57 72,79,63 72,76,59 56,62,51 57,68,69 66,79,78 68,79,78 31,41,33 37,49,31 37,49,31 43,54,39 45,60,65 46,59,43
24,28,13 31,32,13 32,37,17 59,67,55 58,59,22 61,62,39 42,43,20 40,44,17 29,32,12 75,86,71 74,77,57 47,52,20 35,40,20 37,44,28 37,49,29 37,45,22 52,59,23 47,49,23 58,64,35 59,62,31 51,58,22 60,68,29 51,61,28 57,68,37 57,73,52 70,80,58 67,84,74 50,64,55 65,75,72 101,112,111 74,92,77 57,74,64 51,64,65 56,71,59 41,58,53 108,111,62 70,56,27 59,44,33 58,43,34 67,45,37 55,44,37 40,33,31 81,91,85 76,83,65 66,64,31 98,104,52 61,67,26 63,72,44 50,61,48 52,63,48 34,44,36 45,53,41 37,49,31 44,58,49 33,49,49 81,91,83 66,77,66 58,72,53 57,63,50 35,52,47 42,57,60 42,57,60 47,64,59 48,64,62
35,39,22 27,27,11 24,28,11 23,27,12 49,52,17 60,64,47 44,42,20 39,42,22 30,32,15 63,70,52 50,57,39 38,40,23 39,42,18 32,35,23 47,49,32 42,46,31 41,48,32 36,43,27 48,53,33 69,81,63 46,50,21 51,58,26 56,67,38 50,63,40 47,65,52 191,187,152 168,171,138 123,120,94 69,75,66 68,78,70 57,74,69 47,64,59 44,56,64 73,90,64 38,53,41 79,56,45 87,57,42 67,36,26 44,33,26 58,52,43 49,34,23 41,37,31 36,36,33 29,38,38 26,39,54 65,73,32 64,77,63 57,67,43 55,61,48 65,73,52 21,36,43 33,45,25 42,51,32 42,55,41 34,49,52 39,51,42 67,78,63 54,66,48 51,58,40 41,57,55 46,57,56 94,108,99 103,127,129 45,66,62
24,28,13 26,27,8 26,29,7 23,22,11 60,51,34 61,61,45 42,40,22 50,52,35 31,33,16 30,31,10 50,56,45 39,40,30 42,35,33 39,45,18 59,62,38 39,43,26 48,41,41 36,49,24 33,42,25 37,49,31 54,59,25 53,59,18 48,59,28 52,66,36 48,60,42 92,111,102 217,215,184 206,198,162 82,90,78 82,95,83 76,92,90 47,64,59 63,81,64 41,59,46 48,65,57 138,85,69 104,63,61 70,53,54 92,59,48 91,44,35 104,82,64 146,122,89 102,89,66 42,33,29 30,21,15 57,43,45 45,56,55 67,70,50 68,70,55 67,76,57 27,41,51 26,41,44 51,59,20 58,67,39 33,50,45 73,80,78 59,69,61 49,62,46 60,70,74 62,75,74 59,73,69 68,76,62 68,70,42 70,75,53
22,25,13 25,25,9 37,40,16 22,25,5 61,50,31 63,64,45 34,35,14 50,55,35 31,33,16 32,34,8 24,22,18 34,36,21 49,44,41 41,43,38 42,47,25 38,40,23 38,43,21 41,51,27 43,48,26 35,44,27 43,49,20 54,59,27 49,56,24 43,56,31 55,59,44 92,100,88 99,111,102 214,202,147 110,123,100 77,90,89 73,90,85 45,62,57 38,52,48 38,51,50 59,75,56 255,124,106 180,110,100 118,52,49 125,60,39 129,66,44 106,58,40 140,122,90 45,34,15 30,25,24 15,15,12 44,24,17 73,84,69 130,127,103 63,68,48 31,43,39 21,35,45 26,41,46 46,59,32 66,71,39 51,64,41 82,91,72 54,66,72 54,66,57 73,87,83 67,79,70 67,74,58 43,59,59 39,54,59 66,76,70
30,33,21 26,26,10 37,40,16 26,29,9 65,71,44 60,65,45 35,36,15 55,60,36 32,34,17 44,46,20 17,18,8 51,49,29 51,46,43 46,50,33 53,56,23 38,41,21 31,40,23 26,40,21 36,41,19 39,44,20 41,51,29 47,50,26 55,60,36 50,63,40 64,69,49 136,137,114 193,187,162 165,170,146 181,185,156 85,96,95 99,114,117 47,64,54 49,63,56 61,75,71 28,45,37 199,80,68 237,95,113 78,52,31 173,87,66 132,72,49 89,57,41 61,40,29 82,47,34 75,76,68 35,47,51 25,16,12 52,38,22 137,131,97 61,70,51 30,42,46 26,40,50 33,51,36 37,49,31 41,54,31 37,50,38 81,93,75 54,64,80 58,71,72 59,70,57 69,77,65 35,54,43 40,53,68 52,67,70 39,54,61
29,36,18 22,24,7 27,30,6 27,28,7 56,69,55 59,62,40 34,37,17 49,59,33 32,34,17 57,57,25 31,35,18 46,58,38 32,32,32 38,31,34 53,55,38 59,64,44 45,49,32 67,76,57 40,41,29 38,48,26 37,48,37 37,48,33 55,69,62 56,66,44 224,211,150 255,255,185 245,247,201 194,192,161 82,93,82 86,96,88 84,99,102 59,76,68 50,64,55 38,53,56 46,66,52 114,35,12 164,65,44 97,45,24 137,79,55 100,51,29 107,54,27 111,65,37 61,33,20 33,31,32 32,42,39 34,50,48 45,32,27 98,94,75 65,70,48 24,39,44 26,41,44 33,42,44 36,35,38 33,38,44 36,47,48 35,49,45 75,90,93 61,76,79 80,92,88 77,84,68 34,49,56 38,56,55 38,53,56 39,55,55
25,29,14 23,23,7 39,42,11 29,32,10 54,67,53 22,25,17 47,48,25 29,37,23 29,31,14 69,67,38 38,41,21 87,97,64 43,33,32 45,48,40 44,56,36 50,59,31 64,74,52 49,59,37 33,44,31 48,62,55 46,62,62 38,54,63 53,70,74 65,76,75 202,187,140 255,229,153 189,175,121 180,182,156 94,108,104 94,100,91 100,115,120 56,73,63 66,79,78 33,48,55 70,36,32 127,37,15 195,75,41 255,129,84 102,51,23 137,75,37 105,58,26 109,62,30 81,41,32 75,46,42 102,62,57 56,57,38 110,116,105 34,28,19 61,71,65 26,41,48 27,44,48 33,36,45 36,39,46 37,46,48 33,38,44 35,46,45 76,90,86 79,92,91 69,83,79 85,99,80 35,51,49 38,53,56 40,56,54 38,52,62
23,26,14 19,19,3 58,62,24 29,32,8 42,55,43 56,61,39 43,50,34 43,47,32 26,28,11 72,72,40 56,51,19 80,91,62 64,77,61 59,79,61 62,77,61 57,70,45 63,78,54 71,63,50 42,47,41 58,68,60 42,60,59 42,58,67 41,58,64 109,122,99 241,243,199 203,201,152 172,170,123 141,146,124 95,109,100 80,95,81 83,99,99 73,88,76 63,73,79 47,55,62 100,53,44 255,129,111 255,140,96 137,71,39 111,69,47 122,65,36 104,56,31 90,48,26 75,35,28 85,48,45 101,55,37 102,70,67 184,175,128 42,41,30 85,96,97 28,43,50 38,48,54 37,48,47 48,46,47 35,40,48 32,37,43 32,38,41 115,126,113 69,80,67 35,49,42 94,95,74 108,122,113 40,57,49 35,51,51 49,66,58
24,28,11 21,20,9 67,71,33 30,33,9 35,43,20 44,46,31 23,27,12 65,68,58 25,27,12 69,66,42 63,61,39 67,75,61 73,91,58 65,80,66 68,81,65 67,79,43 138,128,118 71,73,58 44,58,39 45,59,50 36,50,60 28,44,55 37,54,58 242,238,192 235,232,190 223,217,169 200,202,158 151,154,132 81,96,80 81,90,73 76,94,81 59,69,66 55,72,62 76,50,54 102,58,48 255,166,138 181,88,63 129,72,43 90,55,42 94,53,37 107,65,43 92,50,28 77,34,26 104,57,48 102,54,36 58,36,30 147,127,107 103,101,79 92,102,106 71,83,79 52,61,63 70,82,78 46,43,49 34,39,47 41,47,48 36,42,43 118,130,121 98,109,94 71,83,89 88,83,55 123,96,49 61,73,53 40,56,56 110,95,59
21,27,14 20,21,11 76,77,38 33,34,11 51,52,29 33,35,18 23,27,10 46,48,43 26,28,11 61,60,35 73,78,44 79,93,61 83,98,74 73,82,63 84,91,86 76,72,51 63,60,45 71,83,63 90,101,86 57,69,62 49,62,61 56,68,74 60,67,62 252,251,195 220,201,133 207,196,150 151,145,111 132,134,108 74,87,75 57,60,50 72,84,77 60,66,69 64,70,73 189,124,103 62,30,27 212,81,48 91,42,22 90,37,14 109,63,45 99,54,31 93,51,29 92,49,30 91,41,24 153,70,55 111,63,49 71,35,27 88,62,52 155,153,124 81,95,86 57,62,68 74,81,74 38,39,42 31,40,42 27,35,40 40,49,51 30,39,39 96,106,98 110,117,110 95,107,103 112,103,58 92,81,35 84,61,21 106,81,24 85,79,56
25,31,22 22,23,11 73,72,36 17,20,8 27,32,28 39,41,24 41,46,24 25,28,20 29,31,14 51,49,29 69,70,47 75,90,62 54,70,49 75,83,73 73,91,78 86,79,59 58,54,37 57,64,59 135,138,118 70,70,78 72,86,65 120,123,72 198,188,150 217,209,157 202,196,162 206,202,165 159,164,132 90,101,88 62,69,62 55,58,46 57,69,65 66,72,73 60,60,57 84,42,29 68,33,20 73,36,33 91,46,39 93,55,38 108,63,42 109,63,35 108,61,38 89,48,28 41,29,19 213,96,70 144,76,56 88,50,42 95,55,46 165,168,137 73,85,65 60,68,58 54,60,61 52,44,50 79,94,80 54,47,50 40,46,47 26,36,33 112,117,85 96,77,50 68,81,80 77,75,44 80,75,45 78,71,55 66,75,58 93,94,57
33,41,27 23,24,14 64,62,33 45,51,22 23,29,18 41,43,28 71,70,34 27,27,22 31,33,16 42,43,22 67,71,44 82,91,61 79,90,77 83,98,82 58,78,62 76,57,43 55,59,32 65,76,63 142,144,127 122,129,54 138,142,46 126,133,45 148,145,60 202,200,128 202,204,158 168,169,130 120,120,86 86,91,67 81,72,55 81,84,51 87,75,47 62,51,32 95,91,72 86,95,51 55,34,23 81,33,15 255,124,75 107,58,38 104,58,32 109,63,37 101,56,35 92,50,28 53,33,24 216,107,78 107,59,45 81,43,35 90,48,37 156,145,112 80,89,72 60,71,70 53,58,66 77,59,54 75,87,80 58,51,54 24,23,16 31,34,26 125,133,121 99,108,78 104,77,32 87,76,41 95,99,59 59,57,24 65,80,43 71,70,18
51,54,34 27,28,16 51,53,25 40,39,12 35,38,28 41,44,22 57,53,34 18,21,9 31,33,16 38,40,23 72,73,50 104,106,51 67,73,44 49,57,36 58,59,40 53,56,36 72,70,41 128,131,69 117,121,38 126,124,50 120,122,47 133,135,53 108,109,32 136,139,61 124,127,49 136,143,59 138,136,64 111,118,43 89,88,52 36,40,23 87,82,52 167,136,99 61,79,46 56,78,41 71,93,52 83,92,48 174,106,68 206,114,77 100,53,30 95,51,25 92,47,26 82,48,30 72,54,35 195,87,64 89,52,39 70,35,22 51,27,21 178,171,142 76,85,68 90,102,98 57,63,66 43,33,34 36,36,31 33,34,26 34,42,30 62,70,47 118,135,127 87,100,75 87,91,53 81,79,57 64,58,35 73,79,38 60,72,38 82,82,39
71,63,50 70,62,49 46,44,22 84,80,63 86,79,63 39,39,23 41,42,21 30,32,17 27,31,14 37,40,18 79,77,48 119,106,58 155,161,64 138,145,68 70,67,41 156,162,63 136,142,45 137,140,49 137,144,56 118,125,50 98,102,35 108,109,43 124,122,50 117,119,37 100,102,29 111,110,43 78,81,21 118,125,52 111,115,46 90,104,54 155,137,107 192,151,106 63,78,50 57,72,46 51,68,42 63,84,52 81,94,53 86,83,43 94,58,36 90,51,39 51,32,16 44,27,17 64,36,23 97,44,30 68,34,32 63,35,26 143,136,116 189,183,158 95,102,95 55,63,53 68,74,75 31,40,23 44,48,31 27,30,18 34,37,29 55,60,40 79,91,87 102,110,71 78,83,49 50,54,25 66,69,34 85,85,44 90,96,46 93,90,35
57,48,33 66,57,42 33,34,11 68,60,47 75,66,51 34,29,17 50,48,30 40,41,29 25,29,14 29,37,16 79,72,54 71,62,47 92,83,66 68,61,43 108,112,43 120,127,41 113,118,46 88,94,26 63,67,27 82,86,30 123,125,54 99,101,30 123,118,45 124,123,44 122,124,38 132,133,56 144,143,66 129,130,53 134,136,61 121,126,52 115,103,64 97,97,67 73,82,36 92,101,53 141,149,85 115,125,60 110,120,57 69,78,48 56,72,39 58,74,30 95,106,48 127,127,66 136,136,64 141,147,66 104,116,41 131,145,66 131,139,59 130,142,52 112,120,54 126,135,64 108,118,44 128,136,54 153,162,64 146,155,59 121,129,49 165,168,106 128,138,35 152,155,64 104,106,31 92,90,41 146,146,76 72,69,29 104,106,35 97,83,13
73,65,54 58,50,39 30,28,8 65,58,42 63,55,42 31,26,12 52,48,29 90,72,51 29,31,14 33,36,12 73,62,47 65,58,42 75,68,52 64,56,43 58,50,37 67,65,47 105,81,57 106,83,52 108,86,50 154,116,79 113,94,59 73,64,49 120,99,58 119,106,54 111,103,79 70,68,39 69,71,45 61,61,45 82,82,52 88,80,58 77,81,43 73,77,48 66,71,39 70,77,43 86,92,51 71,83,36 74,81,35 90,97,42 96,94,36 120,114,50 95,98,34 99,105,37 83,88,25 123,124,58 93,95,38 94,97,37 120,119,65 106,102,40 101,109,45 115,105,54 121,117,59 132,134,50 177,153,71 175,161,91 242,206,128 193,169,134 97,93,76 70,68,35 91,84,43 67,64,24 69,70,31 68,71,36 82,87,40 102,102,41
61,53,42 49,40,36 28,29,8 50,42,31 43,34,26 31,25,18 34,34,20 37,31,24 33,29,19 32,34,19 82,71,56 63,55,42 71,64,48 65,61,44 85,78,62 58,49,34 65,58,40 109,102,63 95,94,40 105,81,57 73,64,47 59,61,46 127,126,47 134,131,64 114,112,52 113,108,53 100,98,49 103,98,55 98,93,54 98,100,47 96,90,65 94,87,60 75,80,48 69,75,46 67,74,42 67,76,46 71,77,48 67,73,44 59,64,42 60,62,36 85,89,62 88,93,59 80,84,57 70,68,48 58,66,41 49,54,30 52,56,29 59,63,36 76,74,45 152,118,86 108,88,58 77,80,49 65,70,34 65,69,40 77,77,47 161,147,120 89,86,71 66,63,39 68,65,39 64,61,35 54,58,29 65,64,39 62,69,33 75,67,33
51,42,38 42,33,29 29,28,3 45,36,28 52,43,35 50,40,30 50,41,35 55,49,42 50,41,35 51,46,32 64,56,45 78,70,57 72,65,49 72,65,49 71,67,50 67,60,44 79,72,56 66,59,43 71,64,48 118,104,61 98,78,60 112,106,70 125,122,41 138,137,60 104,109,37 115,115,52 105,107,52 90,94,38 72,74,30 67,72,29 117,97,77 130,106,82 59,64,42 50,60,38 53,62,45 46,58,40 48,57,40 43,51,37 49,53,38 54,54,49 51,53,50 46,48,48 56,59,49 51,53,48 53,56,36 48,51,39 53,54,42 80,74,51 83,86,51 122,99,68 81,77,67 71,75,58 68,82,50 65,71,44 56,65,37 96,95,70 66,71,47 66,69,38 64,63,38 65,71,44 61,60,33 65,67,39 67,70,37 70,65,33
61,52,44 72,63,55 31,27,6 57,52,38 79,71,60 50,42,31 93,85,72 57,49,38 61,51,39 58,50,37 78,70,57 54,46,33 57,47,35 72,64,51 69,59,47 63,55,42 70,63,47 68,61,45 73,65,52 71,61,49 69,55,37 109,113,44 80,89,33 76,83,51 77,80,49 79,88,58 60,66,53 56,61,55 44,41,47 39,34,36 37,35,43 76,60,47 98,89,72 47,55,43 54,68,49 58,64,53 97,65,49 182,113,80 92,61,42 80,49,37 76,45,33 73,45,32 50,37,34 75,44,36 126,66,52 77,49,40 60,40,31 59,41,38 107,107,77 104,107,83 62,78,78 51,61,77 51,61,58 70,79,62 64,75,64 96,114,101 77,95,94 55,63,51 66,66,52 78,88,66 68,64,43 67,70,39 72,77,41 63,62,35
54,46,35 59,51,40 28,25,1 66,62,45 59,51,38 61,53,42 52,44,33 43,35,22 47,39,28 57,52,38 60,52,39 66,58,47 58,50,39 63,55,42 95,86,69 59,51,40 66,58,45 70,62,49 70,62,49 70,62,49 58,50,37 52,47,33 124,125,106 133,128,85 140,141,104 167,167,135 132,135,113 60,66,55 37,37,34 39,39,36 36,36,44 91,115,102 97,88,71 53,58,52 50,58,46 44,32,34 174,94,58 146,68,40 83,50,39 82,50,36 81,49,33 75,45,30 63,40,27 87,59,48 149,65,52 76,43,36 62,38,32 66,39,32 111,112,91 97,100,78 62,77,80 43,56,71 49,61,67 81,94,93 59,74,81 86,110,97 84,117,122 52,67,70 84,77,59 115,117,100 89,93,76 81,85,58 69,72,41 77,80,45
32,24,13 28,20,9 11,11,11 28,25,10 47,42,30 42,34,23 40,29,22 74,65,48 66,57,42 99,84,64 43,38,26 38,29,25 35,29,22 45,39,30 44,38,31 41,35,26 37,31,24 52,46,39 61,60,53 56,52,44 64,60,52 63,62,53 72,75,63 209,205,159 142,138,103 159,161,133 76,79,57 55,60,54 49,51,46 51,56,55 58,52,57 82,113,103 103,88,68 62,64,59 70,66,45 50,40,41 86,47,33 80,44,34 86,58,45 82,50,36 83,51,35 81,49,35 73,47,35 63,49,35 195,111,94 90,45,38 82,48,44 83,49,47 115,122,104 58,63,57 51,66,80 45,55,73 43,52,75 59,73,96 56,70,80 66,76,70 51,63,56 74,80,69 70,53,16 57,53,34 97,105,82 79,67,41 68,61,41 58,70,52