42,38,49 49,55,28 45,49,22 39,32,46 42,35,47 52,43,54 82,69,66 54,42,56 89,75,61 44,31,50 43,36,48 40,31,42 61,66,32 48,52,25 50,54,27 46,49,25 42,33,44 47,38,49 44,35,48 35,31,42 46,51,31 44,47,27 46,41,57 47,38,51 44,37,49 49,37,51 90,73,49 50,54,25 47,50,26 45,49,22 53,56,34 44,49,29 40,35,37 37,32,34 47,48,40 52,54,39 44,46,31 45,48,36 37,41,26 37,40,32 39,42,32 37,40,30 31,33,28 29,31,28 42,44,39 34,36,31 37,39,34 31,34,26 36,39,31 42,45,37 36,37,29 31,34,26 27,30,22 46,49,41 31,34,26 36,39,31 37,40,32 31,34,26 49,52,42 44,45,37 44,47,39 51,53,53 52,53,45 48,49,39
35,32,38 37,41,26 46,50,23 44,37,49 55,46,68 48,40,48 70,57,54 79,63,59 103,83,65 51,40,49 39,32,44 40,31,42 50,55,21 46,50,23 48,52,25 46,49,25 43,34,45 47,38,49 49,40,53 34,30,41 39,44,20 38,41,21 45,40,56 45,36,49 50,43,55 53,41,55 97,80,56 52,56,27 48,51,27 46,50,23 52,56,27 42,44,39 34,36,31 39,41,36 44,45,37 46,48,33 36,37,27 41,44,36 32,35,25 39,42,34 38,42,27 34,36,31 27,29,24 30,32,29 38,40,35 42,44,39 34,36,31 36,39,31 37,40,32 34,37,29 30,31,23 28,31,23 38,41,33 27,30,22 35,38,30 36,39,31 30,33,25 43,46,38 37,40,28 40,41,33 50,53,45 49,51,48 47,49,34 53,53,48
31,31,31 34,34,29 47,50,26 48,39,61 46,42,66 87,70,71 119,95,73 99,76,65 128,95,70 153,116,90 40,33,43 42,33,44 46,50,21 48,52,25 50,53,31 40,41,29 39,35,46 48,44,55 55,46,59 37,33,44 34,36,33 50,44,51 54,47,61 57,48,63 70,59,82 105,93,98 89,69,60 50,54,27 48,52,25 44,43,34 45,45,40 34,34,34 36,36,33 45,45,42 48,49,37 36,40,25 37,43,34 38,41,33 31,34,26 36,39,31 37,40,32 41,41,38 27,27,24 31,33,28 35,37,34 29,31,28 28,31,23 36,42,33 34,35,27 27,28,20 36,36,33 36,39,31 32,35,23 22,25,17 31,34,26 27,30,22 30,33,25 37,40,30 38,42,25 38,40,40 43,45,42 45,47,44 44,48,33 51,54,46
39,37,35 38,36,34 46,50,23 44,39,57 67,61,66 101,94,76 75,72,57 100,81,65 90,68,60 99,82,56 33,32,37 39,32,42 45,50,28 54,58,31 46,49,25 41,37,48 43,36,50 52,42,60 51,42,55 41,39,47 38,34,43 38,34,43 50,42,61 52,46,67 55,47,66 87,76,71 100,81,54 54,58,29 45,50,26 42,38,47 46,39,49 33,33,33 38,38,33 40,41,31 38,39,29 41,42,34 45,45,42 41,44,36 32,34,29 37,40,32 36,36,33 44,44,39 27,27,24 43,43,38 31,33,28 37,40,32 31,34,26 31,34,26 29,29,24 30,30,25 32,34,29 34,37,29 28,31,21 23,24,16 28,31,23 32,35,27 34,37,29 27,30,20 35,39,24 32,34,31 44,47,35 44,45,48 49,52,40 46,49,41
54,54,49 51,52,44 49,52,40 56,55,48 54,55,45 60,62,47 61,61,47 71,67,50 89,85,68 75,65,55 38,36,37 39,37,38 47,50,26 46,47,24 47,51,24 41,34,46 35,31,42 45,39,60 50,41,54 44,35,48 39,37,49 39,35,46 39,35,46 46,42,55 43,37,42 80,71,65 68,60,36 51,48,35 39,45,34 42,37,53 45,41,54 34,31,37 38,37,30 40,39,32 40,38,39 38,39,31 50,50,47 43,44,36 38,39,31 34,37,29 18,18,15 43,43,40 23,23,20 36,38,33 35,37,34 35,38,30 34,36,33 30,33,25 27,28,20 29,29,26 33,33,30 30,32,29 25,25,22 32,33,25 23,26,18 32,35,25 34,37,29 35,38,28 32,35,23 27,30,22 38,42,27 32,35,27 46,49,37 35,38,28
48,49,37 51,53,36 48,50,35 46,49,39 48,52,37 51,54,44 57,60,50 55,59,44 65,65,51 55,51,45 55,57,54 40,40,40 37,38,26 49,51,23 45,48,24 45,36,49 35,29,36 48,41,53 39,36,40 42,36,41 37,33,44 45,42,57 34,32,40 35,31,40 30,28,29 47,40,50 51,45,36 49,46,31 44,45,50 38,34,45 45,41,50 44,40,51 42,41,32 30,28,26 38,36,37 38,38,33 48,47,52 39,39,34 39,40,32 39,40,32 25,25,22 34,34,31 32,32,29 27,28,20 35,37,32 29,30,22 29,31,26 36,36,31 27,29,26 25,27,24 26,26,23 23,23,20 30,31,23 29,31,28 26,26,23 36,39,29 22,23,13 44,46,43 32,35,23 31,34,26 42,45,35 29,32,24 40,42,27 43,44,32
31,32,20 26,27,19 38,39,29 35,38,28 45,48,40 39,42,32 41,44,32 50,53,41 69,70,51 52,55,45 81,72,53 55,57,54 48,48,48 42,44,44 40,46,33 37,35,36 35,32,36 40,37,41 37,37,37 36,36,36 38,35,41 34,30,39 40,37,43 55,57,42 30,28,29 38,36,37 41,39,35 64,60,43 40,40,40 33,31,32 26,23,27 25,23,24 40,38,34 34,32,33 39,37,35 38,38,33 50,42,50 38,38,33 43,43,38 43,43,38 32,32,29 26,26,26 27,27,24 23,24,16 31,31,28 31,31,31 29,31,28 41,41,38 27,27,22 29,29,29 30,28,29 31,29,27 33,33,30 25,25,22 23,23,20 35,38,30 25,26,18 44,46,41 38,41,29 34,36,31 28,31,21 27,30,22 37,39,22 38,39,27
35,38,28 36,39,29 42,45,37 27,30,20 36,39,29 34,37,25 39,45,32 37,44,28 54,57,37 53,56,34 66,62,43 48,49,41 31,33,33 32,34,34 41,41,38 39,39,39 37,37,37 39,39,39 35,37,37 37,39,39 36,36,36 31,30,33 55,58,38 51,51,46 65,64,55 54,57,37 68,61,43 64,57,37 53,51,49 34,34,29 30,29,34 45,47,44 44,44,41 39,39,36 40,38,36 39,38,31 36,35,38 34,34,34 24,21,25 27,27,24 33,31,32 19,16,22 29,31,26 28,26,24 22,22,19 24,24,21 32,37,31 30,27,31 33,30,36 38,34,43 35,32,36 34,32,33 31,28,32 31,29,30 38,36,37 37,40,32 38,38,35 38,38,33 38,41,31 31,33,30 29,31,28 36,38,38 40,42,27 34,34,31
37,40,32 43,46,38 31,34,24 38,42,25 37,40,30 37,41,26 36,42,31 35,41,28 37,40,28 74,74,44 55,57,40 93,78,42 48,41,39 47,47,44 39,39,36 45,44,47 38,38,38 48,48,48 50,52,52 44,46,46 30,30,30 71,75,46 48,51,31 59,62,40 58,62,24 74,75,38 37,35,33 54,49,46 38,36,37 50,51,43 26,25,30 48,51,41 57,57,52 57,57,52 52,53,43 45,46,38 48,48,45 43,45,42 46,45,48 45,45,45 30,28,29 33,31,32 32,30,31 25,22,26 31,31,28 26,24,25 38,38,38 35,31,40 39,36,42 39,35,44 38,34,43 39,35,44 34,30,39 27,24,28 31,29,30 32,34,31 31,30,33 34,34,31 40,40,35 36,36,36 31,29,37 33,31,39 34,33,26 28,26,27
49,51,48 43,46,38 36,39,29 42,47,27 36,39,31 34,37,27 41,44,34 36,39,27 39,42,34 62,62,46 60,63,32 50,55,35 80,68,38 52,55,35 38,41,33 52,51,54 34,34,34 50,49,52 38,38,33 68,62,37 56,55,28 68,67,40 44,47,27 61,64,42 38,43,23 53,55,27 66,69,36 69,72,39 28,25,29 42,40,36 39,34,36 51,53,48 48,49,41 52,53,43 52,53,41 34,35,25 53,53,50 27,27,27 38,37,40 16,13,17 30,27,31 27,24,28 31,28,32 30,27,33 37,35,33 33,29,38 41,39,40 38,34,43 49,40,51 41,37,46 41,38,44 38,35,39 42,38,51 43,42,45 37,34,38 43,42,47 40,37,41 43,42,45 49,43,48 46,43,49 47,40,52 55,48,60 39,35,44 34,30,39
45,45,40 48,49,41 36,37,29 41,45,28 38,40,35 38,40,35 34,37,27 31,34,24 36,39,31 55,57,42 75,76,39 76,79,44 70,70,29 89,91,36 92,96,42 70,70,54 61,63,48 91,90,52 101,103,48 104,108,41 94,97,33 81,83,39 65,67,39 60,62,34 49,51,25 52,55,35 52,51,44 26,23,27 30,29,32 34,34,29 35,37,32 38,41,33 43,46,38 46,49,41 47,47,42 36,36,33 48,48,43 40,40,40 36,36,36 20,17,21 27,24,28 30,27,31 31,28,32 34,31,37 40,38,39 37,33,42 36,36,36 39,36,40 47,39,45 48,40,46 37,27,26 38,32,27 31,24,22 41,34,44 41,37,46 53,49,58 52,48,57 51,47,56 57,51,56 58,51,61 62,55,67 56,49,61 55,51,64 56,52,63
77,70,84 72,65,79 67,60,72 56,50,57 53,49,58 54,53,56 42,44,44 30,33,23 29,31,26 51,54,34 70,69,33 89,89,48 71,71,30 79,76,32 68,72,32 70,70,29 80,85,38 53,57,17 65,65,31 61,59,28 51,53,27 43,45,28 39,40,28 38,42,25 43,44,34 23,21,29 31,33,28 29,29,26 34,32,33 33,33,30 31,33,18 32,35,25 43,43,40 48,45,51 49,47,48 45,42,46 37,35,36 38,36,37 28,25,29 32,29,33 37,30,40 34,30,39 40,37,43 44,37,49 44,37,40 40,33,33 44,35,29 44,36,42 50,39,46 53,41,53 36,32,24 37,31,24 38,36,32 41,36,38 42,39,43 45,38,41 50,42,50 50,44,49 54,47,50 65,56,67 68,59,72 63,54,67 64,55,66 71,59,75
67,55,67 67,55,67 70,58,70 67,55,67 68,59,70 59,50,61 64,55,66 48,47,50 38,36,37 35,33,31 56,52,44 56,58,32 56,53,27 55,51,30 45,38,41 62,56,63 44,40,51 67,66,41 34,32,33 34,32,30 27,26,31 32,32,29 19,18,21 26,24,25 33,30,36 17,14,18 17,14,18 17,14,18 41,34,46 33,30,36 30,31,21 27,28,18 56,49,52 72,62,66 65,55,59 57,49,55 36,28,36 39,32,42 41,35,40 44,38,43 44,35,46 49,40,51 49,40,53 55,46,61 40,33,31 39,34,31 41,34,34 49,42,45 54,43,50 59,48,55 31,34,24 34,36,31 42,37,36 53,46,56 51,45,52 48,42,47 52,41,48 58,47,54 58,50,58 66,55,64 59,50,61 57,46,53 65,53,65 64,53,62
51,43,49 51,43,49 68,54,67 64,55,66 62,54,60 53,47,52 55,49,54 53,48,50 40,38,39 39,37,35 38,36,34 39,39,34 40,41,31 39,30,26 87,72,52 95,78,68 59,51,38 56,52,33 41,36,35 50,47,32 36,30,25 35,33,31 33,27,32 37,34,38 37,30,40 48,41,44 43,36,39 40,35,34 41,42,34 45,44,47 34,32,33 52,46,39 87,75,63 146,132,116 53,43,47 48,40,46 51,39,51 58,46,58 53,41,53 56,44,56 52,40,52 58,46,58 59,50,63 63,54,67 47,45,46 32,37,31 38,38,33 39,37,33 50,42,48 48,40,46 28,32,15 28,31,19 41,39,37 58,50,56 65,53,65 65,57,63 61,51,55 61,54,57 65,54,63 48,41,44 51,45,50 67,56,65 53,42,51 70,58,70
45,43,44 37,35,36 59,48,55 55,48,58 65,57,63 44,39,41 36,37,29 34,36,33 38,39,31 39,39,36 40,38,34 41,42,32 38,39,29 36,26,25 66,50,37 82,69,46 71,62,35 89,82,41 78,71,42 52,48,31 65,63,43 57,45,50 59,49,53 60,48,50 33,25,31 57,45,50 55,43,43 54,42,44 39,38,31 35,38,30 49,48,41 66,56,55 176,149,133 52,30,22 53,39,52 47,41,46 57,49,55 63,51,63 58,47,56 50,37,45 53,41,53 65,53,65 67,55,69 58,49,60 49,44,43 29,32,24 24,28,13 28,31,19 52,43,54 45,38,41 37,40,20 35,39,24 39,34,36 45,37,43 48,40,46 54,47,50 52,44,50 53,48,47 28,26,24 68,55,63 55,48,48 45,34,41 68,57,66 63,52,61
19,19,19 20,20,20 26,26,23 38,39,31 38,39,29 36,39,31 31,34,26 35,38,30 34,37,29 37,38,30 41,39,37 27,27,24 34,30,24 41,36,33 50,43,41 52,42,43 46,46,41 39,43,45 45,47,44 44,49,45 42,47,46 50,50,62 47,50,59 46,56,53 46,54,59 46,50,52 43,46,55 35,42,40 31,34,26 36,36,31 49,44,43 154,128,114 90,73,65 36,38,33 35,37,32 48,42,47 38,38,33 54,47,50 32,27,29 52,41,48 61,50,59 67,54,64 61,50,57 67,56,63 38,36,32 25,29,12 30,37,21 27,31,16 69,55,68 58,45,55 44,45,26 34,38,21 48,41,44 57,48,59 54,49,51 39,39,36 32,32,29 24,24,24 39,41,36 29,29,24 38,36,34 49,47,48 46,46,43 38,38,35
40,38,46 29,28,31 32,32,32 38,39,29 40,35,32 37,38,30 34,34,29 28,30,25 32,34,29 34,32,28 35,37,32 44,44,39 33,27,22 40,33,36 47,53,54 48,51,60 47,51,55 47,52,58 41,49,58 42,52,58 46,54,61 46,54,61 52,60,67 56,62,63 53,59,60 49,53,55 35,42,40 35,37,32 35,38,30 46,44,42 135,118,108 126,106,97 39,40,32 36,39,31 33,34,26 36,37,29 33,31,27 30,29,22 52,42,43 60,48,53 62,45,51 59,47,52 55,43,48 63,49,54 40,41,29 27,34,16 31,35,18 22,29,11 66,52,57 54,42,44 46,44,26 38,28,29 63,53,54 54,44,48 49,39,40 44,47,39 21,18,22 23,23,20 32,33,23 30,31,21 34,34,29 38,36,32 38,39,31 37,38,30
61,51,55 61,51,55 59,52,55 61,51,52 59,52,55 62,50,55 60,50,54 63,53,57 60,49,56 58,48,52 58,47,54 61,49,54 59,48,55 60,50,54 59,49,53 67,60,72 62,54,71 53,48,50 51,48,52 51,48,54 50,54,56 46,55,57 45,54,56 44,53,55 44,53,55 46,52,53 43,49,50 40,47,45 39,41,38 58,48,49 230,189,169 36,39,31 39,40,32 45,46,38 65,59,54 74,65,59 70,61,55 61,55,48 54,47,50 59,45,47 61,49,54 62,50,55 61,44,47 57,43,45 34,34,20 30,32,15 40,41,18 25,29,14 68,54,59 63,49,51 54,42,44 39,30,26 55,43,48 44,37,37 41,39,40 28,31,23 25,26,18 34,35,27 27,29,24 35,38,30 45,46,38 35,38,30 29,32,24 39,42,34
61,51,55 59,49,53 58,48,52 56,46,50 62,50,55 60,50,54 60,50,54 60,50,54 65,53,58 66,54,59 64,52,57 61,51,55 65,54,61 64,54,55 60,50,54 59,48,55 57,47,48 58,48,52 56,46,50 52,44,50 51,48,54 57,64,62 45,55,52 42,55,54 43,51,58 41,49,54 38,49,48 33,40,35 50,45,44 142,119,106 129,104,87 41,43,43 51,51,51 117,104,101 136,119,111 131,109,101 132,110,102 125,105,96 128,109,95 54,45,39 42,53,54 44,47,56 48,46,54 55,49,56 43,45,42 38,42,27 34,38,21 32,36,19 65,51,64 71,58,66 65,55,59 28,21,19 57,50,53 45,38,38 47,36,43 41,42,34 31,31,26 31,31,28 34,37,27 29,36,29 46,44,42 45,45,40 36,39,31 35,38,28
63,53,57 54,44,48 63,52,59 60,50,54 59,49,53 58,48,52 64,53,60 64,53,60 61,50,57 63,48,56 61,50,57 61,51,55 59,49,53 63,52,59 64,50,52 61,48,56 60,49,56 60,49,56 59,49,53 55,50,52 59,49,53 58,50,56 63,49,54 62,50,52 63,49,49 59,49,53 56,49,52 48,48,45 59,50,46 138,107,95 49,35,37 35,30,29 39,34,31 66,53,46 101,85,83 106,92,97 98,84,89 83,71,76 101,89,89 87,76,73 52,62,66 43,51,56 44,52,59 46,54,61 55,60,66 53,63,55 59,66,61 60,68,56 55,67,49 53,64,53 47,60,46 53,63,60 61,68,66 64,69,68 56,60,62 51,52,44 62,67,66 50,50,50 57,59,56 45,52,50 62,63,86 56,63,58 60,62,62 44,47,37
59,48,55 60,49,56 64,53,60 64,53,60 58,47,54 61,51,55 59,49,53 60,50,54 61,50,57 67,54,62 60,48,53 59,49,53 64,53,60 59,48,55 60,48,50 59,48,55 59,48,55 63,53,57 58,48,52 60,48,53 60,50,54 65,55,59 62,50,55 60,48,50 67,53,58 70,56,56 77,61,57 71,61,65 79,61,56 161,123,104 184,147,123 124,102,82 66,50,44 44,32,34 80,56,65 90,64,54 112,82,65 126,92,72 135,98,72 139,110,79 130,112,82 118,109,82 86,84,64 85,88,64 78,90,72 68,78,70 57,67,64 57,66,66 53,59,62 61,66,65 147,114,87 155,131,109 72,83,72 102,91,98 180,163,135 144,128,111 171,130,101 176,138,101 42,48,49 39,44,43 34,44,41 48,54,55 60,65,61 70,74,59
60,49,56 63,52,59 63,52,59 65,54,61 61,50,57 60,49,56 60,49,56 59,48,55 64,53,60 66,55,62 66,55,62 63,52,59 61,50,57 63,52,59 61,48,56 60,48,53 68,54,59 69,55,60 66,56,60 65,55,59 67,53,58 67,55,60 69,54,62 58,46,48 75,62,57 83,68,57 103,83,63 46,34,36 86,68,63 114,97,87 162,130,114 158,129,107 131,104,86 117,92,73 183,141,60 206,156,84 195,145,73 199,154,81 204,151,83 197,146,77 212,160,87 213,163,89 200,151,84 190,148,83 189,149,83 179,137,74 168,125,78 174,131,73 159,130,95 49,41,60 79,53,72 80,62,59 118,87,68 170,129,100 83,64,78 149,124,96 180,157,128 70,56,61 127,101,76 62,69,64 68,74,63 48,56,42 74,82,61 76,80,63
68,56,61 60,48,53 66,54,59 61,49,54 61,51,52 55,48,48 58,52,57 66,54,66 58,48,49 61,50,59 60,50,54 67,54,51 145,121,99 134,112,92 144,123,108 83,70,67 71,59,49 76,63,56 75,62,57 81,64,56 88,67,52 102,78,56 118,89,67 130,98,66 146,106,70 163,125,79 152,110,68 64,50,52 83,67,63 87,71,67 85,69,65 84,66,65 66,51,42 147,123,101 159,116,69 175,128,65 184,135,68 181,130,61 204,152,81 200,145,75 205,150,80 228,171,102 217,161,87 205,149,75 211,155,88 195,144,77 192,141,72 171,124,63 40,34,39 46,38,55 152,131,129 217,180,156 206,161,138 89,77,67 59,61,86 67,60,88 116,102,102 155,129,115 208,148,78 196,146,72 179,137,74 166,124,72 133,96,56 112,87,70
104,80,56 113,89,65 115,91,67 117,93,71 113,89,65 110,85,68 115,91,69 111,84,68 114,87,71 105,80,63 129,113,96 94,77,67 105,88,78 124,102,84 126,104,84 122,102,84 119,97,79 127,98,74 143,107,78 160,122,85 167,128,87 165,122,77 169,128,79 175,131,78 185,143,80 201,151,91 147,105,53 71,57,62 82,66,64 87,71,69 93,77,75 136,115,113 93,70,67 133,101,85 178,133,71 200,151,86 207,156,87 204,151,83 188,137,72 155,106,39 188,139,72 207,156,87 185,134,67 195,149,79 217,169,97 224,181,121 209,162,112 255,222,174 255,237,195 255,227,196 227,192,165 190,151,123 112,96,90 150,111,97 115,96,100 63,59,93 75,70,88 61,49,61 163,122,73 202,149,92 197,151,83 183,138,76 114,96,95 120,107,100
93,74,62 92,72,63 91,76,67 99,80,68 109,88,73 126,101,82 129,103,80 145,109,78 144,108,79 141,102,72 71,59,64 72,62,63 72,60,65 78,64,69 98,86,76 119,100,84 109,90,76 129,108,85 198,149,100 208,158,96 183,135,81 210,157,100 183,135,77 195,150,86 183,138,76 210,163,102 100,67,42 83,67,61 84,68,66 130,111,97 171,137,117 254,210,184 219,174,151 189,147,109 62,46,40 137,112,53 176,130,73 171,123,67 196,150,93 170,132,86 177,137,112 224,188,166 182,141,112 218,185,160 235,202,175 232,214,195 175,135,112 238,197,168 198,162,133 194,159,132 188,159,137 137,108,86 155,116,84 149,109,75 143,100,67 147,104,71 137,94,49 190,144,105 155,117,69 154,121,94 182,164,145 146,134,124 95,83,88 78,65,58
131,93,58 132,100,70 142,99,66 154,112,72 164,116,71 162,118,67 203,156,93 198,145,79 207,154,90 120,87,50 68,60,66 73,60,68 73,60,70 89,75,75 114,99,90 145,124,109 105,87,68 116,95,80 102,86,73 169,136,109 195,146,79 201,151,91 182,136,70 185,141,72 43,42,45 43,36,36 76,69,72 84,67,68 84,68,64 113,96,86 161,131,114 238,199,171 209,165,139 199,155,127 73,49,27 108,80,51 208,174,154 220,179,148 166,137,115 196,174,154 139,118,107 115,100,89 126,110,106 83,70,65 84,74,78 44,36,44 40,32,40 43,37,42 42,37,36 45,38,36 84,63,48 159,115,77 150,110,74 147,107,71 158,115,80 156,114,74 178,143,118 130,113,114 247,214,187 166,140,117 190,174,159 145,117,79 121,89,57 110,85,66
144,109,73 153,120,83 173,134,93 174,131,82 202,155,103 203,157,100 206,159,96 223,170,102 197,151,85 76,60,58 77,63,68 81,67,72 102,86,82 115,94,81 134,111,96 140,118,100 141,119,99 81,61,54 79,58,54 113,92,79 90,71,73 65,53,55 102,86,80 95,77,58 104,79,62 51,40,47 80,66,68 85,71,71 84,71,64 110,97,90 132,113,101 182,152,135 174,141,116 203,168,141 213,169,129 153,120,95 135,119,104 50,41,37 64,51,44 104,72,40 109,72,28 68,48,30 79,77,101 63,49,54 51,44,47 51,43,49 54,41,49 72,48,57 167,124,68 191,145,86 189,145,94 183,136,86 178,136,82 176,137,94 239,209,181 244,214,186 186,162,140 200,181,156 155,141,123 177,137,85 191,149,95 175,138,112 212,183,159 142,125,117
130,96,62 132,101,64 136,100,69 131,95,62 127,93,63 150,110,74 159,124,88 159,117,77 155,117,80 75,61,66 82,67,75 79,67,72 102,86,80 124,103,92 127,104,91 137,116,103 141,120,105 149,125,103 162,136,115 145,126,103 60,48,53 50,43,46 57,47,51 64,52,57 71,57,62 74,60,65 76,62,64 82,68,70 85,71,73 90,76,78 96,83,80 127,106,95 148,122,108 174,143,133 247,215,199 248,207,187 255,253,224 124,95,73 73,56,48 120,112,76 69,49,29 148,110,64 82,61,50 49,38,45 55,42,39 149,108,63 197,144,78 195,146,81 215,164,95 210,158,98 218,168,122 150,122,93 235,194,167 169,139,113 181,151,123 164,142,122 130,109,96 148,118,62 185,153,123 203,176,158 151,134,140 136,126,114 174,121,68 174,128,71
150,115,77 143,108,70 133,101,71 113,83,55 112,84,57 110,84,59 124,94,66 145,109,76 102,73,69 74,60,65 83,69,74 79,66,74 87,73,73 86,70,66 94,77,67 83,69,69 89,72,75 99,81,76 128,109,97 100,81,69 60,50,51 66,56,60 72,60,65 75,61,66 76,62,67 78,64,69 76,62,62 82,68,70 87,73,75 89,75,80 90,72,81 120,102,97 148,124,116 171,148,149 223,191,186 165,127,119 255,221,201 212,180,164 87,67,60 92,80,50 102,86,71 50,38,50 50,39,46 170,134,85 206,156,94 213,157,90 184,135,70 214,152,80 134,112,78 239,210,190 253,217,186 218,180,159 200,176,152 171,151,131 114,103,86 133,114,102 223,197,172 216,194,176 146,132,116 94,75,63 177,129,75 186,136,74 184,134,72 170,124,67
149,112,70 149,111,74 136,102,70 135,102,75 117,91,68 122,88,58 143,107,74 150,110,74 83,62,60 71,58,66 84,69,77 81,68,76 80,68,73 81,67,69 79,62,63 75,63,65 81,67,69 94,80,80 74,60,62 65,53,55 70,60,64 74,62,67 78,64,66 78,64,64 78,64,66 84,67,68 84,71,68 84,70,70 83,69,69 85,71,76 87,74,82 97,81,94 128,106,111 145,121,127 163,135,133 166,131,132 179,142,127 134,100,80 52,43,58 108,88,58 98,69,47 182,137,75 191,146,82 191,134,76 186,137,72 172,138,95 175,145,117 190,157,130 255,236,209 164,138,115 214,199,177 143,122,111 94,78,72 202,176,153 204,175,155 142,128,112 72,50,32 180,130,70 208,157,90 182,130,68 217,167,105 194,144,82 186,136,74 200,150,90
151,109,71 147,105,67 145,105,69 149,113,82 148,110,75 150,111,70 152,111,64 152,105,55 172,142,114 57,50,53 83,71,76 84,69,77 83,69,74 83,69,74 82,65,68 74,62,67 77,63,68 77,60,66 75,61,66 67,55,60 78,64,69 82,65,68 83,67,65 82,65,66 83,66,67 87,71,69 84,70,72 87,70,71 83,69,69 82,68,73 88,72,89 96,69,81 86,63,74 105,86,93 142,117,118 139,106,99 159,123,101 114,82,52 54,38,32 89,70,43 130,94,45 218,166,104 166,141,111 157,136,113 175,156,140 178,156,136 188,166,148 164,143,132 145,127,122 136,119,125 71,55,51 197,175,157 178,157,142 130,115,106 159,123,74 211,155,92 197,146,77 219,168,103 235,184,119 236,186,124 204,153,88 189,137,75 181,129,67 205,159,93
140,98,56 138,96,54 164,123,78 173,132,83 166,122,69 169,122,70 187,141,86 173,129,76 175,134,75 52,45,48 78,66,71 85,72,80 88,73,81 84,69,77 78,64,69 76,62,67 76,62,67 81,67,72 91,78,75 69,55,55 84,70,72 86,69,72 86,69,72 85,71,73 101,84,85 104,87,90 114,100,105 125,108,109 66,53,63 90,74,87 91,76,86 83,59,68 116,92,96 102,80,83 118,93,94 138,105,96 164,127,101 123,99,75 54,47,45 111,93,72 195,174,149 194,174,156 168,153,133 173,150,135 123,108,97 98,86,88 65,65,65 58,54,67 94,78,72 243,217,196 163,140,129 119,101,100 200,153,90 208,155,87 200,147,79 193,142,77 200,147,83 213,164,97 190,141,76 187,137,75 172,122,60 179,132,71 141,93,35 184,130,69
145,108,66 138,96,54 143,102,57 142,101,56 161,120,75 156,115,68 150,109,62 153,110,65 143,101,59 87,74,71 53,43,47 82,70,72 90,78,83 89,74,82 78,64,69 77,63,65 77,63,65 83,69,69 78,65,73 71,59,64 91,77,77 92,75,76 89,75,77 102,87,95 129,107,112 130,111,118 143,125,122 54,40,45 53,42,51 58,47,56 107,91,104 80,60,70 140,118,121 108,86,89 107,85,88 97,86,83 119,85,65 130,103,87 185,150,112 120,106,92 154,133,118 98,82,69 94,81,78 64,63,68 42,34,42 41,33,50 117,108,134 203,186,162 131,110,110 105,89,83 192,146,91 200,147,79 220,167,99 214,163,96 202,155,92 209,159,97 204,157,94 167,120,59 199,150,85 201,151,89 184,134,72 195,143,81 179,132,71 184,136,78
130,98,68 116,82,48 112,80,46 116,86,58 119,82,56 94,69,41 101,77,51 109,84,54 101,82,59 128,116,106 41,29,29 67,55,57 102,88,90 88,74,79 77,63,65 80,66,71 82,68,73 83,66,69 78,66,71 78,66,71 100,86,91 107,95,100 117,102,110 125,111,116 126,109,115 98,84,99 132,113,101 57,46,55 63,53,57 71,60,67 118,102,115 87,72,80 89,73,71 69,56,51 51,33,44 48,42,35 170,133,89 196,144,84 181,136,74 126,98,69 42,34,40 58,45,53 55,47,55 61,50,57 60,50,54 53,46,60 133,104,82 202,149,94 216,161,91 186,136,64 208,157,92 215,164,97 191,137,76 204,153,86 172,126,60 191,142,75 174,127,64 204,159,97 174,129,67 182,135,74 177,130,69 201,150,93 157,109,55 198,148,86
100,78,60 107,85,67 108,83,66 105,85,67 98,77,52 94,74,56 96,77,54 95,77,58 87,69,64 176,151,132 80,64,51 81,63,44 106,89,95 92,78,83 82,68,73 81,69,74 83,71,76 89,76,84 94,83,90 100,86,88 109,94,102 118,103,111 126,107,111 104,87,93 71,56,64 160,148,136 220,189,168 61,49,54 62,48,53 60,49,58 90,83,93 103,84,88 115,82,55 157,118,79 183,133,73 202,155,92 163,122,77 108,82,61 78,65,58 71,59,64 73,60,68 76,58,53 131,97,56 175,128,65 211,156,86 217,165,94 231,178,110 214,157,88 217,165,94 213,162,93 183,132,67 204,153,88 193,142,77 213,162,97 170,124,65 153,107,50 192,142,82 188,140,82 189,143,86 197,146,91 207,158,107 188,140,84 194,149,87 191,141,81
80,65,54 85,70,59 96,82,66 99,80,66 95,77,58 95,75,55 101,81,63 95,74,59 115,96,80 241,202,174 121,91,65 137,103,71 137,98,68 142,106,75 83,71,76 94,81,91 98,84,99 104,91,99 89,76,86 107,92,100 116,99,105 117,103,108 96,76,69 182,145,90 154,116,66 90,74,68 214,189,172 172,129,71 174,131,71 181,135,78 180,134,77 179,138,79 188,140,84 173,123,61 143,102,53 70,54,48 84,65,69 106,74,58 207,157,95 182,135,74 228,177,110 200,146,85 220,165,93 217,166,97 192,143,78 208,155,87 188,137,70 209,158,89 189,144,80 179,132,71 168,122,65 198,148,88 200,151,100 196,147,96 219,166,109 193,145,89 185,139,84 188,139,90 194,150,99 183,139,86 175,128,76 189,141,85 221,180,131 187,132,80