108,106,44 108,106,44 109,108,43 107,104,39 106,106,43 97,97,36 95,95,36 90,92,37 88,88,29 88,86,26 98,91,30 92,88,26 89,85,23 94,92,30 92,90,30 80,81,31 25,27,1 45,37,24 53,43,44 40,30,31 24,22,20 26,24,25 26,24,22 30,25,24 26,19,22 29,21,29 31,23,29 30,22,28 44,35,46 37,30,40 62,55,65 72,64,72 96,80,74 144,125,111 90,74,61 61,49,51 22,14,22 36,29,29 59,50,61 55,51,62 49,42,54 44,37,47 47,38,49 62,50,52 135,119,115 74,61,69 81,70,79 45,37,43 46,35,42 37,34,38 41,33,39 42,36,43 51,39,53 58,47,54 49,40,51 42,35,45 59,50,63 58,51,63 56,49,61 66,57,70 71,57,72 55,51,62 65,56,69 61,57,68
115,113,51 109,108,41 109,108,43 111,109,39 100,96,36 97,94,39 93,92,38 89,88,34 89,89,28 83,81,23 94,90,32 85,83,25 85,83,25 84,83,27 82,81,27 81,84,35 27,28,5 45,37,45 36,26,27 26,16,17 26,24,20 24,24,10 18,15,19 41,43,28 54,45,56 55,47,55 54,45,56 44,36,42 57,48,59 48,41,51 55,48,60 45,37,43 95,82,90 106,89,90 169,148,137 109,92,82 43,36,36 41,33,41 52,43,54 54,50,61 48,41,53 47,40,50 45,36,47 72,60,60 115,98,101 65,52,62 79,68,77 41,33,39 50,39,46 37,34,38 40,34,41 47,41,48 57,46,55 57,46,53 54,45,56 47,40,50 67,63,74 47,45,55 56,49,61 68,59,72 68,59,72 52,48,59 64,55,68 54,50,61
63,50,47 84,71,64 53,41,31 108,104,56 101,100,35 94,94,35 91,90,36 86,85,31 80,82,25 86,85,31 81,78,25 80,77,24 80,78,29 77,75,26 77,78,30 65,68,35 34,30,20 36,29,32 28,21,21 26,19,17 23,22,13 17,16,7 16,15,6 45,42,46 54,46,54 54,46,54 55,47,55 47,39,47 59,50,61 56,52,61 48,44,53 62,55,65 75,64,71 90,75,85 90,76,78 144,125,111 94,82,72 76,69,67 52,44,52 58,54,63 55,48,58 48,41,51 50,41,52 79,67,69 83,70,78 67,56,63 57,46,55 54,46,52 49,41,47 41,35,40 40,34,39 43,37,44 55,47,53 50,42,48 54,45,56 55,46,57 64,57,71 63,59,72 61,56,72 66,57,70 68,59,72 61,52,65 65,56,69 52,48,59
65,52,62 62,50,55 56,42,44 80,68,70 97,87,65 92,92,33 86,88,31 86,85,31 82,84,27 78,80,27 77,74,30 73,70,28 73,70,28 69,68,30 65,61,26 37,39,22 37,27,26 26,19,22 27,22,21 21,17,7 21,20,11 18,17,8 47,46,35 17,14,18 52,44,52 57,49,57 48,39,50 50,42,48 55,46,57 55,46,59 43,40,55 47,43,56 50,44,49 73,65,73 87,73,86 79,66,74 113,97,91 98,82,76 64,52,54 57,51,58 50,44,51 39,36,42 43,35,43 96,80,74 87,74,82 75,64,71 42,34,40 59,48,55 50,42,48 43,35,41 37,31,38 39,35,48 61,55,62 49,40,51 56,47,58 68,59,72 63,56,68 65,58,72 69,62,76 59,55,66 68,59,72 58,49,62 60,53,65 53,49,60
68,55,63 85,72,80 79,67,72 68,55,63 68,58,59 74,62,64 64,57,57 91,88,64 79,80,30 76,77,27 72,68,31 64,60,25 55,53,22 54,51,25 42,41,16 26,27,15 20,15,17 22,15,18 21,20,13 24,23,14 19,18,9 18,19,9 39,41,26 19,18,11 20,13,16 51,43,49 54,45,56 55,47,53 52,44,52 54,45,56 45,42,57 34,30,41 53,49,60 44,38,43 78,70,78 91,80,89 71,58,68 97,83,85 85,71,57 56,47,58 35,33,34 42,40,38 45,38,41 50,43,46 83,75,81 63,55,63 54,47,50 56,46,50 45,37,43 41,35,40 35,32,38 40,37,43 52,43,58 50,42,50 58,49,60 65,56,69 61,54,66 60,56,69 70,63,77 61,54,66 65,56,67 52,43,54 58,49,62 71,57,70
84,70,72 78,64,66 73,59,64 72,62,66 70,60,61 61,49,51 49,39,40 54,44,45 62,55,55 76,77,29 64,61,21 44,40,21 26,22,12 21,20,11 36,37,25 30,31,23 27,22,24 23,18,20 20,18,14 23,22,13 23,22,13 37,38,26 29,31,16 48,43,40 56,46,50 63,53,54 58,51,49 56,46,47 51,41,45 55,49,54 41,39,51 51,46,62 47,43,52 37,29,35 44,38,43 60,49,58 92,81,90 74,60,73 120,103,95 46,35,44 42,40,41 35,30,32 33,28,30 47,39,45 44,36,42 57,50,53 51,43,49 49,41,47 47,41,46 35,29,34 40,33,43 43,36,46 50,43,53 54,46,54 55,47,55 64,55,68 58,54,65 56,51,67 67,60,74 64,57,71 63,54,65 55,46,57 57,48,61 72,58,71
66,52,54 71,57,59 73,59,61 77,63,65 75,61,61 75,63,63 74,63,60 67,55,57 49,39,43 57,47,51 42,38,21 36,37,27 28,31,19 28,31,21 28,32,17 43,39,33 34,27,30 23,16,19 45,38,36 33,32,21 39,38,27 44,40,32 42,38,28 43,45,28 43,40,27 54,49,46 56,47,43 60,50,49 54,45,41 49,39,38 55,49,56 53,47,54 34,33,38 40,33,36 42,32,36 22,17,19 45,37,43 79,68,75 79,67,69 85,74,71 65,55,56 28,23,25 25,23,24 37,27,31 50,43,46 55,48,51 47,40,43 45,38,41 46,41,43 34,29,31 28,21,24 47,41,46 53,46,56 54,46,52 56,49,52 69,60,71 51,47,58 49,45,56 63,59,72 61,54,68 56,48,56 47,38,49 55,46,59 66,57,68
115,96,80 90,69,54 80,61,49 75,60,51 97,83,85 54,40,42 81,69,71 71,61,62 64,57,60 52,42,43 52,42,43 54,44,48 31,32,22 27,31,16 31,35,20 48,44,38 32,30,28 35,33,29 32,20,20 52,46,41 52,43,39 53,44,40 57,48,44 54,45,41 49,43,34 40,42,27 61,52,48 59,50,46 60,50,49 52,42,41 54,44,43 56,46,45 57,47,51 40,30,34 47,37,41 23,21,22 35,31,40 32,26,31 72,61,58 59,47,49 73,60,57 25,20,22 25,20,22 28,23,25 56,49,52 58,48,52 45,38,41 42,34,40 40,32,38 40,32,38 34,26,32 41,38,44 43,37,44 47,39,45 49,41,49 55,46,57 47,43,56 52,48,61 61,57,70 55,51,64 40,32,40 36,30,37 51,42,55 62,55,65
79,67,69 72,60,65 47,39,47 58,50,56 40,34,41 35,29,34 47,39,45 26,20,25 23,18,20 54,47,50 44,37,40 42,35,38 54,45,41 36,37,27 37,38,26 33,28,27 25,23,24 22,22,17 54,45,41 54,45,41 58,48,47 58,48,47 58,48,47 59,49,48 58,49,45 55,49,44 54,45,41 59,49,48 57,48,44 53,43,44 55,49,44 57,48,44 61,49,51 36,24,29 51,41,45 25,20,22 38,28,32 28,20,28 50,39,46 53,43,44 93,78,69 35,28,28 23,21,22 41,34,34 59,49,50 59,49,53 50,44,49 40,32,38 38,27,34 40,29,36 54,46,52 54,46,54 49,43,48 41,33,39 38,30,36 48,39,50 53,49,62 51,47,60 61,57,70 57,50,62 44,38,45 35,29,34 60,53,63 63,54,65
142,139,166 138,138,164 135,132,159 123,119,143 125,121,145 118,114,138 118,119,142 116,111,129 41,37,48 34,31,37 35,29,34 42,32,33 46,36,35 45,39,34 36,37,25 30,23,21 21,16,13 56,54,50 63,53,54 60,50,51 57,47,48 61,51,52 64,54,55 63,53,52 65,55,54 63,54,50 61,51,50 63,54,50 54,44,43 59,49,53 53,43,42 54,44,43 63,53,57 42,32,36 42,32,36 30,22,28 59,49,53 30,24,29 51,43,49 71,58,55 92,76,70 52,42,46 36,29,32 46,36,40 60,50,51 67,57,58 49,39,40 42,34,40 50,42,48 34,26,32 40,32,38 46,40,47 40,34,39 43,36,39 44,37,40 49,41,49 42,35,45 44,37,47 56,49,61 63,54,67 56,52,63 56,52,63 52,48,61 60,56,67
164,164,190 127,127,153 130,127,154 122,118,142 134,131,158 134,134,160 127,127,153 126,126,152 121,122,145 124,120,144 71,64,76 50,40,44 35,25,24 48,41,39 33,32,25 33,21,21 30,25,13 84,73,58 74,61,58 62,51,48 59,50,46 61,51,52 59,50,46 57,48,44 58,49,45 60,51,47 61,51,52 57,47,48 65,56,52 61,51,52 67,57,56 65,55,54 54,47,50 34,27,30 37,30,33 42,35,35 53,43,42 33,25,31 56,45,54 80,67,60 91,75,69 53,43,47 50,40,44 51,40,47 58,48,49 60,50,51 38,28,29 54,46,52 35,32,36 32,21,28 40,34,39 40,37,41 40,32,38 43,36,39 47,40,43 37,30,33 38,30,36 52,43,54 51,42,53 54,45,56 58,51,61 49,42,52 57,48,59 63,54,67
145,145,173 139,138,169 137,135,159 129,127,151 130,127,154 142,142,170 128,130,157 130,135,161 130,137,162 132,137,163 117,119,144 107,103,125 36,27,40 39,27,32 21,19,15 35,24,31 158,134,101 128,108,76 88,77,60 69,58,55 69,58,55 61,52,48 61,51,52 69,55,55 53,43,42 59,49,48 59,49,50 60,51,47 59,49,48 60,50,51 56,46,47 69,57,59 58,48,52 42,32,36 37,30,33 49,42,42 48,37,34 40,34,39 57,45,50 69,58,55 67,54,49 55,43,45 53,43,47 54,44,45 52,42,41 51,40,47 114,100,124 73,62,69 37,31,36 33,22,29 47,42,44 44,42,43 40,38,39 33,31,32 40,40,40 41,39,40 39,37,38 40,32,38 40,32,40 66,58,66 49,40,51 50,41,52 50,41,52 51,42,53
141,143,168 139,141,166 135,132,161 132,133,156 147,147,173 125,125,153 145,144,175 132,133,163 134,133,164 130,135,161 116,121,147 88,91,113 111,112,135 76,71,87 36,29,27 36,25,18 113,94,71 102,81,54 90,76,49 76,64,52 66,53,46 64,54,53 58,48,49 61,51,52 61,52,48 57,47,46 61,51,50 56,46,45 68,58,59 65,55,56 59,49,50 68,56,58 52,42,46 49,39,43 30,23,26 51,44,42 53,44,40 39,33,38 57,44,54 60,50,51 57,50,53 38,27,36 54,43,52 57,47,48 56,46,50 56,44,56 77,65,77 74,62,67 51,43,49 49,43,48 48,45,49 46,44,45 39,37,38 40,38,39 44,39,41 42,37,39 42,37,39 39,37,38 45,37,43 40,32,38 42,34,40 64,56,62 43,35,41 44,37,40
144,146,171 145,147,174 134,135,165 148,149,172 148,148,176 134,136,161 116,117,147 155,156,188 135,139,168 138,143,169 126,131,157 103,105,130 120,122,149 107,107,133 72,67,83 60,50,49 102,88,72 112,94,73 122,103,80 86,71,60 73,58,47 78,64,66 68,56,58 66,54,56 58,48,47 52,43,39 61,51,50 65,55,56 60,50,51 53,43,42 52,42,41 61,51,52 51,44,47 36,29,32 35,28,31 61,51,55 58,48,49 44,38,43 64,52,57 61,47,47 66,56,60 65,56,67 66,58,64 53,43,47 53,43,47 60,49,58 71,60,69 78,66,71 68,60,66 47,44,48 49,46,50 39,37,38 47,42,44 49,42,45 47,45,46 45,38,41 49,39,43 45,38,41 43,38,40 47,41,46 51,42,53 42,34,40 42,34,40 48,40,48
146,148,173 133,135,160 156,158,185 129,128,161 141,140,171 130,132,157 114,115,145 134,135,167 131,135,164 128,133,159 123,131,151 125,127,152 110,115,141 119,124,148 108,109,130 58,52,59 106,90,75 136,110,85 139,111,84 101,85,68 89,73,67 78,67,64 61,51,50 65,55,54 58,49,45 56,47,41 58,49,45 61,51,55 65,55,56 59,49,48 66,56,55 61,51,50 44,37,40 40,33,36 26,21,20 59,49,53 52,42,43 47,41,46 61,46,54 71,57,57 75,64,71 82,74,82 59,51,57 54,44,48 52,42,46 60,49,56 70,59,68 73,65,73 69,61,67 49,43,48 42,39,43 32,30,31 43,38,40 49,44,46 47,45,46 50,45,47 48,43,45 48,46,47 47,45,46 46,44,45 54,45,56 62,53,64 58,50,58 50,44,51
153,155,182 130,132,159 134,136,161 115,115,143 134,133,164 138,140,165 130,135,161 143,143,171 135,135,161 123,128,152 137,139,164 128,128,154 127,127,153 117,114,143 130,132,157 100,96,116 55,41,41 141,117,91 130,103,71 98,82,69 87,72,61 83,70,65 72,60,60 66,56,55 63,53,52 67,58,54 69,57,59 65,55,56 67,55,60 64,54,55 64,52,54 61,49,51 45,38,41 37,30,33 21,18,22 58,51,51 57,47,48 44,38,43 50,45,44 73,61,66 67,57,61 71,63,71 62,55,58 59,49,53 54,44,48 59,48,55 65,54,61 68,61,71 70,64,71 58,52,59 32,29,33 45,43,44 49,44,46 48,43,45 49,43,48 54,46,52 47,42,44 49,47,48 49,46,50 49,46,50 54,47,57 58,46,58 61,52,63 54,50,61
146,148,175 133,135,162 136,137,160 130,128,152 125,121,145 133,133,159 144,146,171 149,150,180 128,128,156 126,128,153 136,136,164 139,141,166 131,131,157 114,114,140 131,138,161 100,100,126 74,70,83 121,106,86 119,100,86 102,90,78 87,72,63 78,65,62 67,56,53 71,58,55 62,51,48 66,56,55 71,59,59 67,55,57 77,67,68 66,56,57 68,56,58 66,56,55 37,27,31 21,11,15 25,20,22 61,54,54 61,51,52 42,36,41 60,50,54 70,56,56 68,58,62 68,57,66 65,55,59 54,44,48 54,44,48 58,47,54 64,53,60 68,60,68 71,63,71 69,61,69 42,39,43 42,39,43 46,41,40 48,41,44 48,45,49 53,47,52 46,41,43 47,45,46 51,48,52 51,48,52 50,44,51 58,46,58 64,55,66 52,48,59
152,154,181 141,143,170 159,159,185 123,120,147 133,130,157 140,140,166 135,137,162 145,147,174 108,113,139 128,130,157 142,146,175 139,144,170 124,126,153 135,136,159 112,117,141 106,108,133 103,104,125 104,94,95 94,79,68 91,79,69 78,65,60 76,63,60 75,59,55 70,60,59 71,60,57 73,61,63 70,60,61 76,64,66 74,63,60 71,59,61 68,56,58 68,56,61 39,34,33 21,16,15 26,24,25 64,54,55 66,56,57 43,37,42 54,46,52 66,54,56 72,59,67 67,56,63 66,56,60 60,50,54 54,44,48 56,46,50 61,51,55 65,57,63 69,61,67 61,58,62 38,35,39 41,38,42 42,40,41 46,44,45 48,46,47 51,43,49 50,45,47 45,43,44 49,47,48 49,46,50 47,41,46 56,47,58 59,50,61 53,49,58
152,153,183 132,133,163 138,138,166 133,133,159 143,143,169 159,160,190 142,143,175 124,128,157 124,126,153 128,132,161 135,136,166 140,140,166 123,125,152 133,133,159 109,105,129 125,130,154 121,126,150 98,96,120 95,79,66 68,58,48 76,63,58 76,63,60 77,59,58 71,60,57 74,61,58 74,62,62 70,57,52 68,55,52 67,56,53 72,63,59 74,64,63 61,50,47 38,31,34 51,44,47 33,31,32 53,51,52 43,37,44 35,32,38 41,38,44 57,50,53 67,57,61 68,58,62 68,58,62 64,54,58 52,42,43 53,41,46 84,70,75 73,60,68 66,58,64 47,41,46 41,39,40 40,37,41 46,43,47 49,41,47 48,45,51 51,45,52 50,43,46 47,45,46 49,47,48 51,45,50 46,40,45 56,47,58 51,43,51 52,48,57
151,152,182 141,142,172 148,148,176 139,141,168 121,121,147 126,127,157 138,139,169 130,134,165 137,138,170 124,128,157 130,135,161 129,134,160 135,140,166 139,141,166 119,119,145 119,121,146 105,105,131 110,107,134 68,53,42 69,58,53 81,68,63 71,57,57 64,51,48 74,61,56 79,68,65 72,62,61 81,68,65 75,62,59 69,58,55 65,56,52 68,58,59 64,53,60 49,42,45 43,36,39 51,45,50 48,43,61 54,47,61 48,44,57 37,33,46 42,35,38 66,56,57 64,54,55 74,64,68 82,71,80 77,65,77 76,61,69 147,132,123 116,99,105 73,61,73 43,37,42 42,40,41 42,39,43 48,42,47 50,42,48 48,45,49 47,44,50 53,43,47 49,39,43 49,47,48 53,47,52 51,45,50 52,43,54 59,51,59 54,50,59
147,147,173 127,127,155 161,162,192 138,140,167 148,150,177 144,145,175 135,136,166 131,132,162 112,116,145 130,134,163 136,141,167 146,150,179 146,151,175 125,125,151 107,109,134 120,121,144 104,105,128 100,107,130 83,80,97 75,61,61 73,60,57 85,72,69 81,68,65 78,65,62 85,71,71 80,68,68 79,68,75 75,66,79 57,49,68 78,70,89 62,52,70 60,53,67 74,67,81 46,39,53 55,51,62 53,45,64 56,48,56 56,49,61 46,42,53 51,41,42 62,51,46 59,49,50 87,76,85 81,69,81 84,72,84 89,76,86 134,118,112 134,115,117 90,74,91 63,56,66 42,39,43 45,42,46 48,46,47 51,44,47 54,46,52 53,42,51 56,46,50 50,43,46 51,46,48 53,48,50 54,46,52 54,47,57 57,48,61 54,45,56
146,146,174 132,132,160 142,143,173 116,117,147 144,145,175 153,155,182 144,148,177 148,150,177 137,141,170 149,153,182 138,142,171 134,136,163 123,128,152 110,115,139 119,124,150 124,129,153 100,105,129 106,113,136 97,98,119 84,70,70 80,66,66 71,57,59 80,66,66 78,64,81 70,60,78 71,58,77 78,67,90 70,60,80 67,61,82 70,57,76 64,55,68 68,61,75 68,61,75 40,31,42 67,59,76 50,42,61 53,42,49 51,40,47 54,43,50 52,40,42 109,93,80 58,48,52 89,78,87 69,54,62 85,70,80 92,79,89 100,87,97 106,91,101 75,61,78 82,70,84 45,43,44 48,45,49 49,43,48 56,48,54 55,47,53 60,49,56 54,47,50 47,40,43 49,42,45 52,45,48 54,48,53 53,46,56 52,43,54 59,48,57
125,125,153 134,134,162 142,143,173 158,159,189 144,145,175 141,142,172 135,136,166 137,139,166 118,120,147 126,131,157 104,104,130 116,118,143 105,107,132 126,132,153 119,124,150 111,116,142 122,127,153 92,99,124 95,97,124 87,75,89 74,61,82 81,68,89 69,60,75 69,59,79 73,63,83 69,59,77 68,58,76 69,64,80 68,64,77 42,33,44 60,57,74 71,67,87 69,62,74 59,48,57 64,51,61 64,52,64 54,43,52 54,43,52 57,45,50 66,50,48 110,94,77 71,59,61 90,76,89 69,54,62 75,60,68 87,74,84 93,81,93 88,76,88 69,55,68 81,69,81 47,44,48 49,46,50 51,45,50 58,47,54 60,49,56 59,48,55 55,50,52 49,42,45 52,45,48 53,48,50 55,48,51 49,42,52 54,45,56 62,53,66
134,135,158 154,154,182 132,133,163 156,157,187 145,146,176 142,143,173 117,118,148 123,125,152 134,135,165 134,134,162 137,134,163 130,131,161 112,112,140 114,118,147 118,123,149 109,114,140 118,123,149 116,118,143 105,107,132 99,90,105 75,65,85 80,70,90 69,59,77 67,59,78 74,65,87 76,66,86 68,59,74 63,56,68 63,58,76 62,57,73 69,59,77 73,60,70 62,46,59 72,54,63 59,46,54 64,51,59 57,47,48 60,53,65 45,36,51 94,75,61 101,87,73 79,67,72 82,70,82 76,58,67 60,45,53 69,56,64 79,67,79 72,60,72 66,52,65 74,62,74 46,43,47 48,45,49 57,46,53 59,48,55 63,52,59 61,50,57 56,50,55 50,43,46 51,46,48 53,48,50 53,48,50 51,43,49 54,45,56 62,54,62
148,145,172 116,113,140 126,128,155 158,159,189 144,145,175 135,136,166 124,125,155 116,117,149 142,144,169 140,140,166 132,132,158 124,129,155 128,132,161 131,133,160 124,126,153 118,122,151 117,121,150 117,119,146 107,116,141 105,97,103 97,89,95 81,74,86 90,82,101 54,52,64 58,53,71 68,64,88 65,59,84 49,44,62 72,60,74 81,67,80 68,52,65 64,50,63 65,51,64 81,65,78 44,31,41 61,57,70 44,40,49 36,28,36 64,52,52 152,127,99 83,71,71 88,78,82 91,80,89 71,59,73 57,47,51 58,47,54 67,56,63 61,48,56 63,51,63 58,47,56 44,39,41 54,44,48 57,47,51 59,48,55 60,49,56 61,50,57 62,54,60 56,46,50 51,45,50 51,45,52 53,47,52 51,44,47 54,45,58 58,50,58
122,119,146 136,133,160 121,123,150 148,150,177 156,157,187 144,145,175 130,131,161 126,128,155 139,140,170 120,119,150 118,117,148 123,124,156 110,107,136 99,101,128 103,108,134 117,121,150 109,114,138 93,95,120 101,107,128 100,91,102 90,76,81 68,61,75 65,65,91 66,62,82 60,53,67 69,60,73 76,66,84 75,60,68 71,56,64 70,52,61 71,56,66 83,67,80 43,36,36 53,45,62 49,42,54 15,13,21 35,29,34 46,36,40 83,73,63 163,137,114 92,80,80 91,81,85 92,82,86 61,50,59 57,47,51 52,42,46 56,46,50 57,45,50 53,42,49 55,47,55 46,40,45 56,46,50 54,47,50 58,47,54 60,49,56 61,50,57 57,51,58 49,43,48 48,45,51 49,46,52 54,49,51 51,44,47 47,41,48 55,47,53
120,120,148 150,150,178 138,140,167 147,147,173 162,161,192 142,141,172 120,121,153 133,135,162 111,113,140 101,101,129 117,118,148 129,133,162 136,136,162 127,129,154 129,134,160 104,109,133 114,118,147 116,121,147 98,100,125 103,99,123 70,70,96 66,64,86 75,63,65 79,66,74 92,77,99 71,55,70 73,61,63 76,61,69 78,62,75 84,68,81 70,63,77 67,61,84 51,46,62 40,32,40 46,40,47 31,23,31 60,48,60 122,106,89 99,83,70 162,143,118 89,77,82 91,80,87 92,81,88 87,76,83 53,43,47 52,42,43 54,44,48 54,43,50 54,41,49 50,42,50 43,37,42 56,46,50 58,47,54 60,49,56 60,49,56 61,50,57 61,52,63 62,54,73 47,43,52 48,45,49 47,44,48 44,36,42 50,40,44 55,46,57
134,134,162 119,119,147 139,141,168 133,133,159 160,159,190 150,150,178 153,155,180 133,134,164 134,136,161 118,118,144 138,140,167 128,132,161 130,131,161 130,132,159 131,136,162 119,124,150 114,119,143 99,106,129 111,118,141 102,100,110 149,125,103 146,124,106 127,111,105 94,78,74 80,66,66 72,54,65 82,65,71 78,63,73 63,59,68 54,50,63 54,49,65 34,32,33 39,38,41 35,27,35 68,60,68 66,55,64 108,88,70 117,102,82 84,72,62 99,79,72 96,83,91 92,81,88 93,82,89 86,76,80 61,51,55 52,42,43 52,42,46 57,45,50 64,51,59 50,42,50 49,41,47 57,47,51 59,49,53 63,52,59 61,50,57 63,52,59 69,59,77 66,61,79 55,51,62 47,46,49 50,44,49 58,49,60 56,46,47 54,48,53
124,124,150 129,129,155 149,151,178 138,140,167 140,142,169 151,153,180 133,133,161 136,136,162 121,123,148 128,124,148 142,141,174 132,136,165 126,130,159 130,134,163 124,129,155 119,124,150 122,126,155 88,93,119 110,116,137 100,98,122 196,165,142 158,134,108 130,109,94 101,83,78 100,82,79 90,76,76 66,56,60 71,63,80 60,55,71 44,42,50 41,35,42 33,32,37 51,42,53 68,59,70 66,57,70 70,58,72 138,113,85 102,90,78 64,53,48 94,83,80 93,83,87 89,78,85 89,78,85 85,75,79 59,52,52 57,43,48 85,73,78 83,71,76 66,46,56 49,43,50 50,42,48 59,47,52 60,49,56 63,52,59 63,52,59 65,54,61 77,66,89 69,60,84 62,58,71 47,44,48 46,44,45 55,50,66 57,49,66 57,50,60
136,136,162 147,147,173 146,148,175 135,137,164 116,118,145 135,134,165 111,110,141 143,143,171 98,98,124 117,117,143 125,124,155 151,152,184 129,133,164 125,129,158 122,126,155 112,116,145 116,118,145 112,114,139 100,103,125 88,86,110 224,183,156 200,160,135 184,153,132 134,113,102 90,73,76 83,77,98 52,49,66 35,31,42 41,34,44 42,38,47 71,64,74 75,62,72 61,49,61 63,51,63 79,65,82 79,66,74 148,127,102 69,63,56 59,52,52 94,80,82 95,84,91 93,82,89 92,81,88 84,73,80 63,53,57 59,49,53 61,49,49 63,49,51 59,46,54 50,42,50 47,41,46 54,46,52 60,49,56 61,53,59 67,56,63 75,63,75 73,59,83 67,59,78 68,62,83 48,46,47 45,43,41 67,61,82 61,57,66 49,42,54
125,127,154 138,140,167 136,136,162 136,133,162 117,117,145 128,128,156 137,139,166 123,125,152 124,126,153 135,137,162 128,130,157 144,145,175 128,132,161 139,140,170 126,130,159 130,134,165 112,116,145 107,109,134 107,110,132 96,94,116 233,194,164 170,126,98 118,97,84 54,45,58 63,52,75 76,69,69 40,33,33 58,47,54 78,67,74 82,67,77 77,65,79 72,60,74 68,54,69 79,66,85 77,65,81 138,118,98 140,126,112 67,57,61 65,58,61 86,74,74 98,86,91 99,88,95 96,85,92 84,74,78 65,58,58 58,51,54 54,47,50 59,48,55 54,48,53 47,44,48 47,41,46 54,46,52 60,49,56 66,55,62 69,62,65 80,67,86 83,73,91 71,67,89 58,52,75 45,42,46 44,40,49 64,56,75 36,33,48 67,58,80
107,109,136 138,140,167 140,140,166 132,134,159 116,118,145 131,133,160 141,143,170 125,127,154 128,130,157 139,141,166 125,127,154 149,150,180 124,128,157 109,111,138 111,116,142 118,122,151 111,116,142 90,95,121 95,100,124 106,107,128 130,110,92 52,45,45 74,67,95 130,112,91 68,57,52 59,47,47 81,69,57 109,92,84 104,88,86 75,62,70 71,59,71 75,63,77 71,63,82 87,74,93 76,67,93 167,150,126 80,70,71 77,70,70 72,60,65 83,71,73 101,89,94 104,90,95 100,89,96 88,78,82 65,58,61 54,49,51 61,51,55 57,50,53 51,48,52 44,41,45 51,45,50 61,53,59 64,57,60 70,60,64 83,72,95 70,61,83 68,60,77 66,62,86 84,77,105 46,43,49 45,42,48 52,50,62 59,53,74 68,62,83
141,141,169 135,135,163 139,139,167 128,130,157 120,120,148 147,147,175 124,124,152 133,134,164 138,140,167 120,122,149 131,132,162 151,152,182 135,139,168 117,119,146 110,114,143 100,102,127 107,112,136 104,111,134 115,122,147 96,101,125 70,62,81 72,70,82 135,119,104 132,111,100 127,97,82 137,110,92 135,113,95 126,106,99 104,91,88 86,67,81 88,73,83 86,72,85 73,62,85 78,74,98 79,73,94 154,138,125 80,73,76 77,70,73 73,63,67 85,73,78 100,88,93 111,97,99 100,90,94 83,75,81 60,58,59 55,48,51 65,55,59 60,50,54 51,45,50 47,44,48 58,50,56 63,57,62 72,63,74 88,73,93 76,65,88 66,63,80 71,67,87 73,71,95 61,55,78 45,43,41 46,43,47 63,57,78 72,66,87 65,59,80
129,126,153 127,124,151 134,136,163 135,137,164 124,124,150 133,133,161 129,128,159 131,132,162 147,148,178 118,119,149 146,147,177 137,141,170 114,119,145 117,119,144 123,128,154 113,115,142 105,107,132 118,118,144 100,98,122 99,102,124 92,81,74 118,99,85 167,141,120 207,166,139 198,156,132 175,146,122 129,109,91 104,84,75 132,117,108 106,88,83 54,40,42 108,94,111 97,86,109 81,75,96 82,73,95 88,76,78 85,74,81 78,73,75 71,64,67 85,75,79 97,87,91 104,92,97 95,85,89 81,75,80 62,56,61 58,51,54 60,50,54 60,50,54 53,48,50 56,50,55 70,64,69 86,79,91 75,62,83 80,67,88 68,57,80 61,56,74 70,63,77 80,76,100 71,67,89 46,44,45 45,42,46 72,66,87 72,63,85 74,61,80
131,127,149 136,132,156 128,128,156 135,136,166 131,131,157 120,122,149 135,135,161 124,128,157 146,147,177 139,140,170 138,139,169 150,150,178 134,136,163 140,142,169 107,112,136 107,112,138 125,130,156 114,119,145 98,98,124 105,107,132 115,88,70 240,197,162 237,193,165 217,183,153 190,159,136 188,160,131 148,122,97 135,116,102 108,91,81 147,131,118 140,122,117 114,100,105 108,96,112 94,81,100 83,72,95 72,62,66 86,78,84 82,74,82 70,64,71 76,67,78 99,89,90 99,88,95 96,85,92 85,77,83 62,59,63 63,57,62 65,55,59 61,54,57 51,49,50 68,64,73 90,81,105 87,76,101 83,74,87 74,69,96 68,65,82 69,59,77 73,67,90 79,73,96 54,48,73 48,43,42 46,44,42 71,62,84 81,72,94 69,63,86
144,140,162 129,125,149 146,146,174 127,127,155 124,126,153 141,140,171 145,146,176 152,154,181 138,138,166 146,145,176 126,128,155 133,137,168 128,132,163 126,126,152 113,110,137 106,108,135 111,116,142 118,120,147 116,121,145 92,94,119 110,92,89 251,205,179 205,164,135 197,158,130 206,176,148 166,140,117 136,113,100 76,65,60 186,165,152 172,153,141 148,131,123 121,109,111 109,95,110 98,82,97 65,58,72 63,53,54 73,66,69 76,71,73 79,77,99 72,67,94 84,72,84 94,84,88 95,84,91 87,79,85 70,66,75 69,66,72 67,56,63 63,55,61 54,47,50 88,84,108 79,73,96 91,83,102 64,60,80 56,50,71 89,82,110 75,69,90 63,54,76 82,73,95 51,49,61 46,41,40 46,43,47 74,65,87 75,64,87 66,55,78