46,53,35 53,64,51 51,64,50 46,56,34 65,80,66 67,82,56 73,93,77 91,115,104 80,107,106 81,110,108 86,117,107 91,116,113 76,100,102 100,130,123 83,107,107 80,102,102 84,109,104 84,114,109 78,100,100 80,109,100 71,95,71 83,103,85 134,158,150 75,78,54 64,69,45 69,77,56 67,79,61 82,94,74 67,79,61 61,70,53 69,79,57 86,90,63
82,104,108 36,48,39 40,49,32 49,57,36 37,44,28 47,54,36 53,64,49 75,94,85 48,68,54 69,92,87 82,111,102 85,110,107 79,101,89 91,109,92 80,94,73 74,86,66 73,85,81 81,94,82 70,92,85 78,98,71 68,82,61 75,84,67 57,72,48 70,79,60 62,69,51 68,79,66 80,94,75 98,112,103 73,86,70 78,89,74 64,73,54 71,82,53
48,60,42 48,62,55 42,51,32 43,54,39 49,57,43 41,50,31 61,75,56 68,84,65 53,61,40 76,90,86 69,86,78 46,59,47 48,56,42 63,77,56 58,69,54 65,77,59 55,61,48 64,71,55 66,78,58 63,72,53 72,87,73 97,108,66 74,78,22 52,55,45 48,60,40 54,62,50 55,63,49 45,56,45 71,83,63 62,71,54 67,75,54 65,73,52
74,82,89 71,77,78 32,43,30 35,48,34 48,65,55 59,74,60 55,72,62 43,56,40 47,55,34 49,64,52 50,61,48 172,147,130 56,64,50 48,56,46 55,70,56 59,67,55 57,67,45 60,68,56 68,76,64 160,130,43 104,92,10 180,157,17 133,117,18 67,75,34 148,126,61 46,57,44 53,65,47 77,90,76 53,61,47 58,65,49 39,52,40 67,76,59
56,60,62 60,65,71 69,77,82 33,52,32 43,54,41 30,41,28 55,66,55 43,51,37 42,48,35 38,49,34 39,52,38 128,105,90 42,50,36 45,53,43 53,59,46 63,70,52 43,51,39 50,59,42 49,58,39 57,66,49 104,66,18 96,75,5 82,66,12 80,80,19 46,54,40 50,57,41 57,61,46 52,60,46 42,51,34 46,54,40 52,65,51 70,83,67
57,67,73 54,58,62 55,63,72 77,87,91 40,48,34 42,50,40 40,54,33 67,75,52 46,53,35 54,66,48 66,76,54 119,93,81 47,56,37 45,45,42 137,124,119 55,63,42 61,69,48 55,66,51 49,55,42 80,74,49 210,182,41 79,66,18 164,135,16 88,80,17 70,75,71 49,52,42 53,62,45 54,63,44 58,70,50 59,73,52 52,60,46 48,56,42
104,108,112 61,74,91 72,80,85 90,95,101 50,63,40 49,56,38 40,54,33 39,48,31 40,47,31 45,53,39 49,58,41 133,110,95 36,29,32 41,50,33 58,69,58 40,48,36 60,64,49 49,55,42 49,55,44 124,96,67 216,195,27 133,112,15 113,99,13 89,79,12 46,44,40 46,34,36 100,103,114 55,66,53 53,61,47 64,76,58 67,80,64 59,68,49
76,77,96 50,60,78 61,74,93 70,72,69 33,48,32 68,66,44 190,163,120 202,183,148 45,50,30 49,54,32 125,106,90 100,81,67 68,63,65 48,51,31 66,74,60 50,62,42 49,58,41 45,53,43 246,229,182 110,85,55 198,178,19 159,134,18 125,109,8 88,76,17 52,43,37 94,83,68 184,173,154 83,86,93 59,75,56 61,79,64 50,61,48 63,71,50
74,82,98 70,80,100 64,77,96 72,81,94 86,79,77 84,74,73 73,63,67 96,95,100 104,97,97 111,102,98 131,115,98 132,106,85 69,73,58 52,57,37 75,85,63 97,80,56 43,56,44 41,52,41 233,217,175 98,70,43 171,147,96 214,189,18 96,83,31 42,34,23 86,66,48 92,87,73 199,185,156 98,98,95 47,59,41 87,100,75 109,123,91 82,97,73
82,85,103 92,103,130 77,90,109 78,81,90 78,74,68 87,78,74 81,72,68 74,63,60 103,87,74 160,131,100 197,164,155 202,176,166 85,94,66 48,61,60 72,73,63 175,155,123 176,154,120 138,115,84 178,154,119 93,65,38 90,71,59 247,227,177 69,53,36 55,41,27 66,52,36 81,70,67 203,188,150 175,164,145 89,96,94 61,74,58 114,100,84 47,53,40
53,57,70 62,69,83 61,70,72 59,66,64 89,88,77 80,70,60 79,70,53 96,88,77 177,159,138 215,181,149 255,230,211 90,74,72 64,74,66 66,76,70 104,104,90 120,109,92 167,141,118 210,175,148 207,174,147 87,68,45 95,79,62 237,217,169 97,83,67 84,69,47 68,53,42 43,38,35 216,200,158 237,222,186 171,174,154 194,165,132 181,144,104 195,161,120
95,94,56 68,67,31 99,103,49 90,97,38 91,97,45 55,58,23 91,93,36 110,103,62 167,153,139 217,187,159 110,104,109 89,82,92 138,119,96 108,108,108 158,140,121 188,167,142 99,84,73 83,82,85 96,82,68 187,175,136 224,204,145 241,222,169 225,205,159 200,184,142 155,143,117 79,80,72 78,69,61 230,216,187 149,150,138 77,75,73 204,185,158 146,129,105
82,83,44 72,71,35 88,89,52 91,93,49 59,68,22 103,102,50 105,98,57 109,90,67 155,135,117 228,191,165 113,105,111 88,81,91 182,150,116 200,165,129 102,92,93 72,62,66 64,57,57 78,66,66 103,85,66 158,146,118 242,219,159 232,213,158 219,199,151 187,172,136 179,168,135 113,105,92 101,89,23 170,151,56 99,95,89 86,75,72 192,168,135 208,186,152
168,136,102 133,118,107 129,110,94 191,166,136 159,137,101 170,136,95 201,168,129 108,88,68 130,114,99 172,153,141 98,90,96 111,94,100 234,201,162 197,163,129 164,145,129 48,41,39 44,37,37 38,28,27 162,138,85 120,67,1 151,139,111 219,190,129 206,186,136 185,168,131 135,119,102 103,86,58 207,179,38 163,145,25 80,83,19 54,48,41 208,177,138 191,159,125
180,151,120 211,172,140 231,193,158 255,224,181 216,183,144 242,211,160 179,145,102 177,146,107 92,87,84 83,71,73 64,59,58 115,100,91 81,79,77 91,89,87 96,84,84 90,86,80 130,113,103 151,127,22 116,91,14 106,72,38 108,60,6 233,211,164 152,124,86 131,108,77 51,51,46 199,177,83 121,94,0 163,139,34 117,104,15 79,60,46 86,61,42 54,31,18
204,175,140 193,162,125 180,151,116 167,139,101 202,173,138 204,176,138 184,144,108 206,172,140 146,117,84 201,165,134 206,178,140 210,177,138 228,187,140 217,180,136 227,194,142 205,172,133 203,175,137 208,181,145 39,25,25 50,37,32 37,25,27 37,30,30 171,154,117 165,149,118 89,80,72 38,31,34 193,163,25 127,102,25 55,50,47 99,71,58 51,32,20 79,77,75
196,164,130 199,164,128 201,165,134 220,188,154 194,168,127 197,170,125 189,161,123 183,157,118 187,159,121 196,169,126 195,163,119 205,175,133 155,140,52 175,153,117 151,123,96 152,122,94 254,221,184 181,152,117 47,36,33 36,26,30 39,34,36 33,31,32 106,100,91 165,135,109 163,130,91 189,155,112 188,151,111 115,93,73 137,121,104 157,136,109 131,115,102 99,83,77
159,138,113 186,159,123 196,167,134 212,185,151 239,214,168 255,240,191 211,175,128 243,221,183 208,180,142 230,195,157 177,143,109 209,177,133 169,146,106 173,152,111 182,148,107 174,145,114 195,168,136 192,168,135 183,159,124 169,137,107 194,167,135 183,159,122 200,172,143 173,156,130 155,134,107 163,139,106 196,168,130 147,128,112 183,154,119 218,186,154 215,178,136 238,195,148

48,57,40 59,72,58 53,60,42 118,130,96 56,74,61 76,91,77 64,78,69 83,108,105 83,107,109 89,118,116 89,116,117 89,114,111 75,102,103 103,129,118 85,107,107 79,101,101 84,112,106 82,109,108 78,102,104 77,104,105 70,85,61 96,107,76 74,82,61 101,107,78 97,107,83 81,93,86 64,72,51 73,83,61 67,76,59 60,74,55 74,77,57 99,109,85
83,99,97 42,50,40 46,55,38 48,58,36 47,54,36 58,73,59 46,59,43 74,97,82 75,93,90 92,116,108 85,108,103 82,102,103 92,110,97 80,96,75 92,101,82 68,81,67 80,90,82 60,78,75 94,119,88 71,90,68 80,94,75 59,71,53 98,105,87 55,59,44 93,99,72 77,90,78 47,59,52 64,79,65 79,90,75 65,78,62 62,72,50 94,106,88
39,52,40 61,75,71 43,52,35 50,61,46 58,73,59 59,72,56 66,81,67 73,87,66 61,70,51 71,86,70 52,72,56 66,79,65 57,66,49 59,71,51 62,70,56 59,71,53 47,58,45 63,71,48 70,84,65 69,81,61 79,90,77 159,155,27 136,125,24 58,70,52 66,80,61 54,66,48 57,70,54 51,62,47 67,77,51 78,88,80 80,89,70 68,80,62
59,68,70 41,49,37 43,54,43 45,58,42 52,63,52 66,81,67 52,70,57 45,53,39 48,57,38 58,73,61 77,86,69 157,130,112 53,64,49 50,61,48 53,66,54 54,65,50 60,69,50 56,63,47 62,72,66 86,95,95 155,139,27 195,165,36 139,123,22 70,73,13 117,97,36 62,70,58 50,62,42 63,71,57 53,61,49 77,78,59 44,57,45 58,70,50
48,49,52 61,69,74 71,83,79 30,46,27 37,50,38 45,56,43 44,59,43 55,62,46 40,46,33 46,55,38 43,56,42 111,90,88 45,53,39 46,54,44 49,57,43 51,58,42 55,58,46 59,68,51 52,61,44 55,64,47 160,135,5 133,101,15 175,143,19 85,82,15 54,62,48 53,56,46 47,53,40 51,66,54 48,57,38 49,57,43 60,72,54 61,72,59
66,66,74 63,66,73 66,75,86 51,66,50 39,45,34 43,57,38 50,65,49 54,61,43 46,54,42 53,60,44 56,63,45 78,65,62 55,65,43 71,66,63 102,93,85 47,55,41 47,53,42 46,52,41 49,62,48 71,77,66 220,203,36 150,127,38 155,137,35 99,89,22 63,69,56 53,56,48 52,60,48 56,63,47 67,71,56 57,66,49 57,64,48 47,58,43
101,109,125 55,68,87 67,75,82 70,73,80 36,47,36 35,43,29 42,51,34 45,53,39 40,49,32 39,47,33 47,49,32 123,105,86 58,58,55 52,61,44 41,47,38 50,56,43 57,63,50 41,49,35 53,52,41 85,60,30 233,210,27 185,162,24 130,113,17 92,81,17 39,34,36 106,90,77 120,120,128 68,77,60 69,76,60 48,64,45 50,62,44 54,63,44
53,60,74 54,64,80 64,77,94 72,73,76 38,54,35 212,188,162 234,200,159 183,169,142 62,69,53 48,52,35 145,120,103 118,97,82 58,59,51 63,70,54 62,71,54 60,69,52 45,54,37 46,54,44 235,213,166 102,78,56 215,195,6 150,125,0 118,102,1 87,82,54 79,63,48 161,148,127 179,170,153 78,79,82 64,83,63 66,81,65 53,62,45 62,69,53
73,81,101 62,73,100 71,78,90 67,67,79 86,75,72 82,75,75 68,65,69 66,63,67 118,109,101 139,110,86 126,110,95 120,100,82 67,75,54 53,57,42 73,75,60 71,67,50 50,57,50 46,54,44 228,208,162 101,70,47 179,155,118 210,187,60 173,154,115 71,57,43 64,46,27 89,80,63 197,183,156 99,97,98 48,64,45 101,119,88 103,116,89 87,100,77
90,100,120 85,99,120 85,98,117 65,73,80 79,74,73 71,61,60 72,63,57 68,57,54 119,98,75 209,170,138 200,163,150 154,141,138 53,60,44 54,64,61 96,88,77 174,154,122 183,161,125 153,124,93 164,143,100 98,72,47 109,88,73 77,65,53 95,76,60 67,51,38 61,49,37 82,69,62 220,205,167 173,164,147 74,82,70 73,87,68 52,60,46 44,50,41
76,77,96 70,73,91 82,88,89 54,65,54 93,87,82 74,65,46 80,70,58 78,66,54 138,124,95 255,221,191 104,82,74 70,68,64 62,69,67 70,76,67 107,102,88 133,119,103 180,153,121 235,201,169 236,209,173 129,111,79 138,116,80 243,222,168 80,64,49 86,70,57 53,42,35 41,37,31 235,215,169 225,210,174 149,156,149 190,157,118 204,167,127 204,173,134
67,68,31 81,84,53 76,80,24 76,85,29 94,101,44 59,61,35 101,103,50 152,126,103 99,84,73 226,194,164 97,93,102 95,79,64 149,138,121 102,98,107 182,165,141 151,134,110 110,98,88 70,73,82 232,215,178 189,172,133 255,236,177 244,227,176 212,193,154 197,187,149 165,153,127 103,105,100 186,171,135 217,201,170 120,127,125 97,95,93 186,174,148 176,157,134
67,70,37 70,74,34 60,66,27 55,62,16 81,84,35 101,101,56 108,104,58 155,129,106 190,164,139 217,186,163 112,106,113 152,126,112 179,144,108 208,177,138 91,84,84 69,57,59 61,54,57 74,62,64 226,210,166 144,132,104 252,229,171 242,221,167 228,211,162 195,178,139 170,156,129 98,92,83 174,158,75 166,145,122 87,85,81 93,87,82 185,158,124 165,143,109
154,126,97 127,123,115 148,129,104 192,169,140 159,135,98 184,149,111 207,173,132 188,159,126 212,188,166 97,86,93 93,83,87 231,197,163 203,169,135 172,138,104 66,53,50 46,34,36 51,41,42 55,43,48 123,76,24 114,68,11 161,143,113 221,194,131 213,191,144 165,148,120 115,99,82 55,44,29 185,168,32 154,141,19 78,76,56 71,59,49 212,179,140 175,143,113
172,143,110 222,186,153 227,192,154 171,139,93 196,166,122 222,189,139 190,151,112 177,139,104 107,89,86 66,56,60 67,65,61 78,65,60 84,82,83 83,83,83 85,75,74 94,90,84 154,137,90 153,133,25 121,83,37 109,71,25 60,48,38 222,206,162 115,96,73 87,81,74 130,123,105 193,163,36 199,171,19 178,149,15 75,69,35 78,55,44 78,50,37 44,27,19
191,159,127 197,165,131 163,134,101 187,159,121 176,142,108 207,172,134 196,161,125 153,121,87 178,144,110 193,154,122 232,204,164 200,163,121 229,188,139 216,178,132 215,179,130 201,174,138 199,171,133 208,185,143 32,20,22 50,37,32 31,21,22 45,35,34 165,156,125 116,107,90 30,28,29 162,141,60 151,126,30 102,81,9 65,50,39 71,45,33 62,41,26 73,74,77
187,151,118 232,195,155 188,154,120 217,182,144 205,180,132 197,164,127 190,163,120 187,158,123 193,164,129 220,188,142 208,183,139 180,156,92 126,117,61 191,174,139 192,165,131 156,127,94 236,205,168 187,158,125 42,32,36 33,28,30 40,35,37 85,85,82 136,129,109 169,141,112 180,141,102 183,146,104 166,138,100 132,114,95 176,155,128 146,129,101 129,116,95 119,99,90
162,138,112 167,140,108 208,179,144 207,183,146 241,219,172 236,212,161 199,165,122 188,165,125 206,174,140 217,180,140 177,149,111 216,178,132 175,149,110 186,159,123 176,145,108 185,158,126 179,152,120 180,153,121 173,148,118 168,136,106 178,151,117 207,183,146 216,186,160 151,134,108 144,129,107 182,155,119 201,171,143 125,110,99 172,140,108 215,181,149 185,147,99 251,208,148

46,58,40 54,69,57 55,62,44 128,138,101 53,71,58 71,89,74 61,75,66 83,108,105 79,103,105 93,122,120 90,119,117 87,112,109 74,101,102 101,127,114 83,108,105 78,100,100 84,112,106 82,109,108 77,101,103 77,105,101 71,84,59 95,105,79 67,77,55 113,119,90 75,88,61 45,57,50 65,72,54 62,72,48 66,75,58 65,81,62 76,81,61 108,123,95
78,96,93 32,43,30 45,54,37 54,63,44 49,56,38 61,74,60 52,67,51 79,102,87 78,96,93 92,117,114 87,111,103 80,100,101 83,100,90 81,97,78 86,98,78 66,81,69 78,88,82 61,79,78 100,126,92 69,85,64 79,93,72 65,77,57 92,101,84 53,57,40 110,112,84 78,91,79 49,63,59 52,67,53 76,87,72 63,78,62 62,72,50 92,106,85
42,55,41 78,92,88 42,51,34 43,54,39 68,83,71 59,74,58 69,87,70 68,82,63 57,66,47 69,85,64 53,71,56 63,76,62 50,58,44 61,73,53 59,67,53 55,67,49 48,59,46 67,75,52 67,81,62 72,84,66 73,85,67 166,155,22 137,124,24 59,73,54 58,74,55 51,65,44 60,73,57 59,70,55 62,70,45 76,87,74 78,87,70 55,67,49
58,67,69 40,48,38 36,47,36 45,58,42 50,61,50 65,80,66 55,69,60 47,55,41 47,56,37 54,69,57 80,89,72 165,139,118 55,66,51 52,63,48 56,69,55 58,69,54 60,69,52 55,61,48 68,75,70 81,92,91 155,140,30 193,163,36 137,124,24 70,74,16 117,100,33 54,69,57 53,62,43 59,67,53 53,61,49 61,61,45 44,54,46 62,71,52
46,50,52 68,73,79 66,77,76 34,50,31 31,46,34 43,56,42 45,60,44 49,56,40 36,45,28 48,57,40 47,62,48 108,90,89 43,51,37 45,53,43 48,56,42 47,54,38 57,64,48 59,67,53 52,61,44 54,63,44 162,135,3 126,95,4 175,143,17 85,82,15 55,63,49 53,56,44 47,55,41 44,59,45 48,58,36 53,61,47 58,70,52 52,63,50
62,62,70 63,66,73 66,76,84 48,63,47 37,43,32 43,57,36 49,67,52 65,69,52 40,48,36 50,57,41 58,65,47 63,53,57 59,69,47 147,135,135 65,62,49 56,62,49 51,57,46 47,53,42 50,58,46 69,72,60 220,204,30 149,131,33 153,135,37 100,90,21 63,69,58 50,53,41 49,57,43 48,55,39 60,67,51 51,58,42 54,61,45 46,54,42
93,102,115 55,68,85 60,68,75 67,73,76 40,51,38 36,44,30 40,49,32 46,54,40 39,48,31 37,48,35 54,50,31 109,94,74 51,52,44 48,55,39 40,46,35 52,60,46 58,65,49 42,50,38 52,51,40 100,74,51 235,212,31 184,161,23 130,113,17 90,80,13 39,34,36 108,92,77 115,115,123 68,77,60 71,80,63 44,60,41 53,65,45 52,61,42
53,62,75 48,61,76 68,78,94 69,73,75 38,54,35 212,187,157 194,160,117 171,157,128 62,69,51 48,56,35 149,126,111 110,89,74 53,56,46 67,76,59 63,70,54 61,70,53 43,52,35 45,53,43 232,212,164 103,82,57 213,195,6 159,131,4 117,100,4 79,78,53 86,70,55 176,163,142 173,164,147 70,72,72 67,88,67 62,78,59 60,69,52 55,62,46
68,76,96 62,73,100 69,76,88 68,71,78 87,76,73 76,71,70 64,63,66 63,61,62 123,114,106 147,116,93 149,126,115 111,90,75 71,79,58 53,61,40 77,82,62 67,67,51 53,60,53 42,50,40 225,208,159 96,65,42 179,155,118 209,189,71 187,168,129 79,65,51 62,44,25 90,81,66 194,180,153 96,96,96 47,68,47 101,119,88 94,107,82 75,90,66
90,99,122 82,96,117 89,102,121 62,70,77 76,71,70 78,68,67 72,63,57 68,57,54 126,102,80 222,183,151 171,136,123 108,97,94 57,65,51 54,64,58 95,87,74 170,145,115 169,150,111 164,137,105 165,144,101 95,70,42 109,90,74 91,80,61 91,75,58 66,50,33 56,44,32 77,64,57 218,203,165 171,162,145 71,79,67 70,84,65 44,55,42 42,50,40
76,77,96 76,79,97 82,88,89 51,62,51 100,94,89 80,71,52 74,64,54 98,83,74 138,119,92 255,224,194 90,72,69 66,67,59 62,69,67 69,75,66 111,106,92 137,121,106 186,159,127 229,195,163 233,206,170 146,128,98 147,125,87 247,226,172 84,68,53 76,60,47 52,41,34 43,37,32 241,220,177 221,203,171 138,150,146 190,157,118 204,167,127 205,174,135
69,70,33 87,90,57 82,86,32 83,92,36 90,97,38 63,65,37 99,101,46 166,142,118 98,84,70 231,199,169 95,91,100 103,84,61 144,130,116 99,96,102 184,167,143 153,136,112 105,93,83 73,73,83 239,223,179 216,200,158 252,232,173 240,223,172 211,192,153 199,189,151 164,152,126 98,100,95 220,201,162 213,200,166 107,114,112 120,118,116 189,177,151 171,154,130
67,70,39 67,72,27 62,68,29 55,62,16 84,87,38 106,106,61 104,102,55 155,129,106 194,168,143 211,182,158 103,97,104 158,129,107 179,144,108 210,177,138 91,81,82 66,54,56 61,54,57 72,60,62 218,203,156 142,128,101 255,236,178 236,217,162 226,209,160 194,177,140 168,154,127 93,87,78 175,157,95 175,156,131 88,83,80 115,109,104 193,166,132 172,150,116
146,121,93 123,122,113 149,128,103 182,162,132 166,139,107 172,137,99 196,162,119 198,164,132 214,188,167 100,89,98 94,84,85 228,194,153 191,157,123 165,136,101 60,46,46 45,33,35 47,37,38 57,45,47 127,76,19 111,68,12 165,148,113 215,188,125 213,191,144 164,147,119 116,100,83 52,39,16 182,170,33 157,144,24 60,60,46 71,57,43 212,179,140 183,150,125
169,140,107 223,184,152 231,196,158 179,145,100 192,162,118 204,171,121 195,160,124 173,138,100 94,83,80 60,50,54 68,63,60 69,56,51 82,80,81 82,82,82 83,76,74 96,92,86 170,150,104 148,128,22 121,82,39 111,71,17 66,56,46 223,208,161 108,89,66 79,73,66 120,112,99 182,157,31 202,174,24 168,140,13 62,59,35 73,52,39 91,63,52 44,29,18
185,153,121 193,161,127 160,131,98 188,160,122 176,142,108 203,169,128 182,146,113 137,106,69 184,150,116 194,155,123 237,209,169 190,151,108 227,186,137 216,178,132 219,183,132 202,175,139 194,168,129 212,191,148 33,19,21 48,35,30 31,21,22 44,34,33 154,145,116 103,94,77 28,26,27 167,146,35 149,124,35 96,77,11 65,48,38 65,44,31 67,48,34 76,77,80
188,153,117 237,200,160 190,158,126 217,183,138 209,184,136 192,159,122 190,163,118 188,161,125 188,160,122 218,189,140 203,181,136 159,142,64 122,112,70 181,163,131 190,163,127 158,126,94 241,210,173 193,164,131 40,28,33 33,28,30 40,35,37 85,85,82 138,127,112 178,150,121 183,144,105 182,145,103 168,141,107 135,116,100 186,163,132 149,132,106 127,114,93 118,98,89
172,148,122 162,135,103 198,169,134 210,186,149 255,233,186 226,202,151 191,157,114 191,168,128 207,175,141 215,178,138 183,157,118 212,176,129 175,149,110 187,159,121 175,146,111 182,155,123 181,154,122 178,154,121 174,149,119 164,132,102 171,144,110 215,191,154 207,179,152 149,132,106 140,125,105 186,159,123 190,160,132 123,111,99 163,134,101 223,189,157 176,138,90 253,207,148

91,161,255 91,161,255 91,161,255 93,164,254 99,167,253 94,161,252 101,168,255 110,179,255 154,203,255 116,180,255 120,183,255 94,164,255 93,165,248 90,123,98 159,211,184 111,168,235 103,97,133 91,158,249 90,164,255 121,144,180 84,108,126 170,213,254 147,195,255 134,184,255 178,223,255 175,220,251 147,175,196 147,193,255 60,31,25 128,70,46 58,37,26 69,83,106
89,162,255 107,172,255 147,199,255 146,197,255 99,170,255 118,184,255 87,162,255 85,162,255 83,164,255 85,163,255 83,164,255 118,66,45 104,53,29 97,51,23 110,154,162 118,108,126 91,138,193 113,142,187 105,168,252 115,171,243 125,163,233 130,182,249 121,183,255 141,196,255 161,211,255 157,207,255 148,198,255 155,205,255 134,188,255 115,189,255 67,46,33 62,46,33
203,232,255 178,221,255 154,202,255 109,177,255 93,172,255 92,168,255 88,166,255 88,166,255 88,166,255 88,166,255 88,166,255 144,76,54 103,50,27 95,47,29 125,171,224 55,122,197 87,163,253 133,152,116 61,95,123 95,114,124 54,91,138 84,155,247 109,172,237 155,208,255 154,203,255 160,207,255 175,222,255 189,224,255 145,200,255 160,212,255 231,133,69 52,36,23
221,238,255 228,244,255 206,236,255 173,217,255 100,176,255 95,174,255 95,174,255 94,173,255 94,173,255 94,173,255 95,174,255 126,172,234 255,205,129 80,60,42 84,47,44 95,174,255 94,173,255 104,170,239 118,133,105 40,39,30 150,183,147 89,138,199 105,151,202 94,173,255 94,173,255 94,173,255 96,172,255 107,182,255 113,186,255 116,186,255 133,190,255 180,81,40
220,236,255 217,239,255 228,242,255 203,232,255 186,225,255 104,181,255 102,182,255 102,181,255 101,180,255 102,181,255 102,181,255 51,113,65 117,102,51 146,101,68 98,55,36 102,181,255 102,181,255 102,181,255 112,178,255 107,179,255 116,181,253 100,180,255 99,181,255 102,181,255 102,181,255 102,181,255 101,180,255 102,181,255 101,180,255 101,180,255 102,181,255 117,184,255
177,214,255 184,220,255 204,227,255 209,231,255 206,240,255 224,241,255 199,234,255 151,214,255 143,208,255 114,194,255 115,191,255 39,66,36 62,57,16 122,78,52 91,48,33 147,208,255 118,195,255 117,194,255 22,47,69 114,192,255 124,183,252 114,192,255 112,192,255 112,192,255 113,193,255 113,193,255 113,193,255 113,193,255 113,193,255 113,193,255 113,193,255 113,193,255
185,233,255 166,219,255 139,204,255 134,202,255 134,206,255 137,209,255 176,228,255 197,234,255 198,234,255 206,240,255 192,246,247 35,59,35 60,60,28 98,66,20 75,73,44 129,202,255 138,207,255 148,205,255 109,178,237 126,203,255 127,203,255 127,204,255 127,204,255 127,204,255 127,204,255 127,204,255 127,204,255 127,204,255 127,204,255 127,204,255 127,204,255 127,204,255
184,227,255 165,218,255 178,223,255 190,229,255 170,224,255 151,212,255 153,215,255 153,214,255 156,218,255 160,217,255 59,105,67 81,105,81 45,58,31 50,56,29 133,198,188 42,57,45 146,216,255 139,208,255 169,236,255 139,209,255 140,209,255 137,209,255 136,208,255 136,208,255 137,209,255 137,209,255 137,209,255 139,208,255 137,209,255 139,208,255 137,209,255 137,209,255
156,221,255 165,226,255 182,232,255 212,240,255 189,233,255 161,225,255 149,218,255 154,220,255 150,216,255 146,217,255 39,58,38 196,213,135 55,66,35 45,55,29 179,226,255 32,58,33 197,236,255 178,231,255 182,231,255 196,237,255 174,229,255 147,218,255 145,218,255 144,217,255 147,217,255 146,217,255 146,216,255 147,218,255 147,217,255 145,218,255 145,218,255 145,218,255
213,240,255 183,230,255 217,240,255 210,235,255 187,232,255 170,229,255 173,234,255 177,232,255 176,231,255 126,203,189 28,65,83 34,76,41 35,50,34 110,93,46 147,226,255 47,128,85 171,228,255 197,240,255 202,238,255 208,240,255 154,225,255 156,227,255 176,233,255 181,231,255 179,232,255 188,234,255 188,233,255 169,226,255 158,226,255 152,222,255 153,224,255 153,224,255
188,239,255 196,236,255 214,242,255 170,233,255 185,237,255 193,238,255 176,234,255 181,237,255 175,235,255 38,70,41 163,230,255 44,88,51 37,61,39 26,47,26 30,56,33 165,233,255 163,232,255 163,232,255 164,232,255 156,219,248 106,151,150 123,176,195 165,233,255 164,232,255 164,232,255 164,232,255 164,232,255 164,232,255 164,232,255 164,232,255 164,232,255 163,232,255
174,236,255 174,236,255 174,235,255 173,237,255 174,235,255 175,236,255 178,237,255 138,180,171 255,218,173 120,144,104 66,124,61 45,102,56 41,70,40 29,53,29 29,48,28 180,237,255 106,105,94 172,231,255 120,151,155 82,99,63 116,113,69 182,216,230 96,112,79 153,200,217 174,235,255 173,235,255 175,234,255 174,235,255 176,235,255 174,236,255 174,236,255 174,236,255
185,241,255 185,241,255 185,241,255 185,241,255 189,241,255 156,205,212 185,231,253 97,115,70 154,123,86 71,74,66 97,199,128 46,88,53 51,111,61 43,78,39 27,46,26 129,159,142 164,101,68 100,135,146 74,72,68 91,105,96 76,77,40 103,109,57 64,66,20 90,97,53 179,230,252 185,240,255 185,240,255 185,240,255 185,240,255 185,240,255 185,240,255 185,240,255
191,243,255 191,243,255 191,243,255 71,79,56 68,65,41 71,71,37 107,115,92 68,71,40 58,56,25 166,193,196 54,113,66 47,102,56 57,120,69 53,100,57 29,47,30 27,47,29 90,76,47 140,167,168 43,49,36 56,65,48 79,78,42 75,74,36 61,59,26 47,55,34 177,227,238 192,241,255 193,242,255 191,243,255 191,243,255 191,243,255 191,243,255 191,243,255
196,243,255 196,243,255 196,243,255 196,244,255 185,216,220 163,189,181 153,163,139 150,162,142 63,58,30 75,86,57 54,113,68 45,99,58 52,111,64 75,152,94 32,56,34 27,48,27 60,65,45 71,66,54 61,67,58 103,111,90 53,51,29 68,67,29 63,63,33 47,48,29 64,65,28 113,123,49 96,113,115 200,242,249 196,243,255 196,243,255 198,244,254 196,227,242
157,180,161 205,249,255 189,233,237 205,249,246 153,174,170 88,103,91 104,107,83 55,51,32 55,53,33 57,46,29 55,122,72 48,104,55 56,123,73 38,115,59 35,56,33 25,45,27 195,245,245 214,246,245 89,88,77 117,121,106 48,45,30 40,40,24 73,75,47 61,60,24 83,85,39 49,47,16 56,74,71 205,249,255 201,250,255 203,250,253 206,249,251 118,139,66
115,126,115 218,248,241 213,250,247 192,218,205 200,230,223 67,65,47 66,67,44 45,41,22 47,43,26 55,50,36 54,129,74 53,108,62 61,128,78 48,103,57 44,71,43 33,54,33 50,57,55 55,51,32 56,54,36 52,53,30 51,50,39 55,53,33 72,65,47 51,44,26 63,60,36 57,54,28 120,146,133 115,134,123 91,95,57 64,62,31 119,127,115 76,83,37
63,73,51 101,106,70 217,252,243 219,246,230 148,132,60 113,115,62 76,78,52 58,56,38 44,44,28 52,47,33 57,128,77 46,114,59 56,175,87 44,101,55 42,71,39 33,54,31 94,106,97 63,60,45 47,47,31 33,33,17 48,48,32 56,52,33 51,47,28 53,51,31 54,46,24 52,48,29 68,65,39 61,63,37 155,169,150 49,48,23 71,65,40 80,80,37

91,161,255 91,161,255 91,161,255 93,164,254 99,167,253 94,161,252 102,169,255 110,179,255 154,203,255 116,180,255 120,183,255 99,169,255 87,139,197 120,137,109 133,190,187 106,163,230 91,90,125 88,158,253 90,164,255 121,145,174 94,120,139 171,214,255 146,194,255 134,184,255 179,222,255 175,220,251 133,159,176 148,194,255 67,44,31 148,87,53 58,37,26 69,83,106
89,162,255 107,172,255 147,199,255 146,198,255 99,171,255 118,184,255 87,162,255 85,162,255 83,164,255 85,163,255 83,163,255 87,162,255 89,137,207 68,85,61 84,118,114 117,109,128 69,124,203 118,146,182 108,169,242 98,136,180 118,159,198 139,193,255 120,181,255 141,196,255 163,210,255 157,207,255 150,199,255 157,207,255 134,188,255 115,188,255 68,47,34 62,46,33
203,232,255 178,221,255 154,202,255 106,178,255 93,172,255 92,168,255 88,166,255 88,166,255 88,166,255 88,166,255 88,166,255 88,159,255 132,124,111 108,132,124 99,140,181 91,172,255 90,169,255 142,159,119 37,72,95 93,138,139 52,87,117 87,162,244 110,173,243 155,208,255 155,204,255 160,207,255 175,222,255 187,225,255 145,200,255 160,212,255 231,133,69 52,36,23
221,238,255 228,244,255 206,236,255 172,216,255 100,176,255 95,174,255 95,174,255 94,173,255 94,173,255 94,173,255 232,156,161 255,201,143 77,45,29 62,55,24 116,135,154 95,174,255 95,174,255 106,158,227 123,138,112 33,32,25 137,173,131 74,138,196 110,151,190 94,173,255 94,173,255 94,173,255 96,172,255 107,182,255 114,187,255 116,186,255 133,190,255 180,81,40
220,236,255 220,239,255 228,243,255 203,232,255 186,225,255 104,181,255 102,182,255 102,181,255 101,180,255 102,181,255 104,180,255 145,89,63 91,60,41 101,125,145 32,76,112 102,181,255 102,181,255 102,181,255 101,176,255 109,182,255 113,173,255 100,180,255 99,181,255 102,181,255 102,181,255 102,181,255 102,181,255 102,181,255 102,181,255 101,180,255 102,181,255 117,184,255
177,214,255 185,221,255 204,227,255 209,231,255 206,240,255 224,241,255 199,234,255 151,214,255 143,208,255 114,194,255 117,189,255 174,153,153 92,56,34 108,194,255 147,181,177 152,210,255 119,196,255 116,195,255 49,67,82 115,190,255 97,163,232 114,191,255 110,193,255 113,193,255 113,193,255 113,193,255 113,193,255 113,193,255 113,193,255 113,193,255 113,193,255 113,193,255
185,233,255 166,219,255 139,204,255 134,202,255 134,206,255 137,209,255 176,229,255 197,234,255 198,234,255 209,238,255 206,241,255 141,207,255 63,124,67 62,78,57 129,203,255 126,203,255 139,208,255 149,206,255 130,196,255 127,204,255 127,203,255 127,204,255 127,204,255 127,204,255 127,204,255 127,204,255 127,204,255 127,204,255 127,204,255 127,204,255 127,204,255 127,204,255
184,227,255 165,219,255 179,224,255 190,229,255 170,224,255 151,212,255 153,215,255 151,215,255 159,218,255 160,217,255 176,225,255 85,88,37 57,120,69 65,77,28 161,220,255 164,219,255 147,215,255 139,208,255 164,230,255 139,209,255 140,209,255 139,208,255 136,208,255 136,208,255 137,209,255 137,209,255 137,209,255 139,208,255 137,209,255 139,208,255 137,209,255 137,209,255
156,221,255 165,226,255 183,233,255 209,237,255 187,231,255 161,225,255 147,218,255 154,220,255 148,214,255 147,218,255 147,216,255 54,96,61 61,114,66 34,85,87 178,228,255 210,240,255 197,236,255 178,231,255 182,231,255 196,237,255 178,231,255 147,218,255 145,218,255 144,217,255 147,217,255 147,218,255 146,216,255 147,217,255 147,217,255 148,216,255 145,218,255 144,217,255
213,240,255 180,232,255 217,240,255 210,235,255 187,232,255 170,229,255 173,233,255 181,231,255 176,231,255 172,229,255 161,228,255 101,135,76 37,63,38 105,163,192 157,225,255 157,225,255 169,229,255 197,240,255 202,238,255 208,241,255 154,225,255 155,226,255 177,232,255 181,231,255 179,232,255 190,236,255 188,233,255 169,226,255 157,225,255 153,223,255 153,224,255 153,224,255
189,238,255 196,236,255 214,242,255 169,232,255 187,239,255 193,238,255 178,234,255 181,237,255 174,234,255 159,227,255 166,231,255 41,86,46 30,51,28 170,232,255 166,231,255 164,232,255 163,231,255 164,232,255 164,232,255 159,222,251 119,164,163 123,176,195 165,233,255 163,231,255 164,232,255 164,232,255 164,232,255 164,232,255 164,232,255 164,232,255 164,232,255 163,232,255
174,236,255 174,236,255 174,235,255 173,237,255 174,235,255 175,236,255 176,238,255 134,169,160 158,209,215 145,159,109 101,112,72 43,101,52 32,53,30 39,63,39 177,234,255 182,237,255 187,239,255 176,232,255 129,162,167 89,101,67 118,119,71 189,222,243 90,112,82 139,184,199 174,235,255 174,236,255 176,235,255 174,235,255 174,236,255 174,236,255 174,236,255 176,235,255
185,240,255 185,240,255 185,241,255 185,241,255 187,243,255 156,205,210 189,234,253 96,109,66 105,133,127 81,79,61 152,133,80 155,98,58 37,61,37 34,55,32 162,217,240 136,162,128 140,191,186 126,156,169 83,82,75 83,100,90 76,77,40 87,93,41 64,64,19 88,92,54 177,228,250 185,240,255 185,240,255 185,240,255 185,240,255 185,240,255 185,240,255 185,240,255
191,243,255 191,243,255 191,243,255 74,83,55 68,65,41 75,75,41 110,118,93 65,67,39 64,55,28 173,201,206 243,170,113 39,60,37 37,61,37 29,53,31 78,75,60 89,85,50 79,64,44 147,175,180 48,47,36 56,65,48 75,74,38 75,74,36 59,57,24 51,56,36 185,235,246 192,241,255 193,242,255 191,243,255 191,243,255 191,243,255 191,243,255 191,243,255
196,243,255 196,243,255 196,243,255 196,243,255 179,210,214 161,192,182 156,166,142 145,157,137 63,57,32 78,83,59 46,91,49 42,71,43 39,58,38 21,67,33 69,77,56 49,67,50 60,65,45 71,66,54 56,62,53 99,107,86 56,54,32 68,67,29 63,63,33 47,48,29 61,62,25 113,123,45 70,91,89 205,244,252 196,243,255 196,243,255 198,244,254 196,230,244
130,153,134 207,251,255 193,238,239 205,249,246 169,192,187 87,102,90 103,106,82 55,51,32 53,51,31 57,46,31 42,74,41 41,70,40 34,55,34 28,48,30 97,120,105 206,242,244 194,244,244 213,246,249 100,102,85 114,118,103 48,45,30 40,40,24 73,76,45 61,60,24 83,86,35 50,48,15 59,80,76 205,249,253 201,250,253 203,250,253 206,249,251 118,139,66
130,140,132 208,246,236 213,250,247 193,219,206 207,237,230 64,62,42 66,67,44 44,42,24 47,43,24 95,138,96 41,73,40 37,66,36 25,46,25 25,45,27 47,55,41 161,180,171 50,57,55 55,50,36 56,54,36 52,53,30 51,51,37 55,53,33 72,65,47 51,44,26 62,61,36 55,52,26 139,161,151 122,145,130 81,86,54 69,67,34 118,129,118 80,87,43
60,70,48 101,104,73 218,253,244 219,242,227 148,132,58 108,110,57 70,72,46 58,56,38 43,45,28 48,93,51 39,68,40 35,56,35 73,129,90 26,49,30 55,56,37 33,40,22 92,107,95 63,60,45 47,47,31 33,33,17 47,47,31 55,53,35 51,47,30 53,51,31 53,45,23 52,48,29 66,63,37 66,68,42 167,181,162 51,50,25 72,66,41 80,80,35

91,161,255 91,161,255 91,161,255 93,164,254 97,168,253 94,161,252 102,169,255 110,179,255 155,204,255 116,180,255 120,183,255 99,169,255 128,148,119 128,150,111 103,148,204 93,164,229 85,82,99 91,160,255 90,163,255 122,143,178 91,120,147 175,213,255 148,196,255 130,185,255 178,223,255 177,220,251 147,173,190 148,194,255 60,37,36 168,88,52 58,39,23 69,83,104
90,163,255 107,172,255 147,200,255 146,198,255 99,171,254 118,184,255 88,163,255 85,162,255 83,164,255 85,163,255 83,163,255 89,164,255 76,129,209 105,119,87 109,126,102 115,106,132 151,169,184 167,187,215 108,167,238 122,140,155 101,126,148 131,189,255 121,182,255 144,196,255 161,211,255 155,207,255 146,197,255 155,207,255 137,189,255 114,188,255 72,46,34 63,47,32
203,232,255 178,221,255 154,202,255 106,178,255 93,172,255 92,168,255 88,166,255 90,168,255 88,166,255 88,166,255 88,166,255 229,228,190 161,183,142 62,70,58 112,145,164 106,162,232 81,166,255 104,129,100 34,63,79 103,135,163 124,146,120 84,155,245 106,155,202 158,210,255 155,206,255 158,208,255 175,222,255 187,226,252 144,201,255 160,212,255 231,133,69 51,37,23
219,238,255 228,244,255 206,236,255 172,216,255 100,176,255 95,174,255 95,174,255 94,173,255 94,173,255 94,173,255 255,172,156 136,90,60 67,37,22 87,115,69 118,148,172 97,176,255 97,176,255 102,162,228 128,145,121 38,41,33 115,148,112 99,160,240 106,147,188 101,177,255 94,173,255 94,173,255 96,172,255 107,182,255 115,187,255 116,186,255 133,190,255 180,81,40
219,237,255 220,240,255 228,243,255 203,232,255 186,225,255 104,181,255 104,184,255 102,181,255 101,180,255 102,181,255 210,148,148 127,66,30 82,50,34 144,210,255 37,85,122 102,181,255 102,181,255 102,181,255 99,176,255 106,183,255 105,177,255 104,180,255 100,182,255 102,181,255 102,181,255 102,181,255 102,181,255 102,181,255 102,181,255 101,180,255 102,181,255 117,184,255
176,213,255 185,221,255 205,226,255 209,231,255 208,240,255 224,241,255 199,234,255 151,214,255 143,208,255 114,194,255 115,190,255 139,89,56 30,46,55 117,192,255 140,173,165 153,211,255 122,196,255 115,194,255 56,80,84 112,193,255 123,186,249 114,191,255 112,192,255 113,193,255 113,193,255 113,193,255 113,193,255 113,193,255 113,193,255 113,193,255 113,193,255 113,193,255
185,234,255 166,219,255 139,204,255 134,202,255 134,206,255 137,209,255 176,229,255 199,233,255 198,234,255 209,238,254 207,242,255 255,235,153 152,169,75 43,82,48 129,203,255 126,203,255 137,206,255 145,207,255 133,202,252 125,203,255 127,203,255 127,204,255 127,204,255 127,204,255 127,204,255 127,204,255 127,204,255 127,204,255 127,204,255 127,204,255 127,204,255 127,204,255
184,229,255 164,220,255 177,224,255 190,229,255 170,224,255 149,213,255 153,215,255 150,215,255 159,218,255 160,217,255 155,234,208 131,168,78 38,51,28 49,109,59 162,221,255 165,220,255 147,215,255 139,208,255 163,228,255 139,209,255 140,209,255 139,208,255 137,209,255 137,209,255 137,209,255 137,209,255 137,209,255 139,208,255 137,209,255 139,208,255 139,208,255 137,209,255
156,221,255 165,226,255 183,231,255 212,240,255 187,231,255 161,225,255 147,218,255 154,220,255 149,215,255 147,218,255 144,207,181 81,93,46 52,57,33 57,129,71 186,227,255 211,239,255 197,236,255 178,231,255 184,230,255 196,237,255 176,229,255 147,218,255 145,218,255 144,217,255 147,217,255 147,218,255 146,216,255 147,218,255 146,216,255 148,216,255 145,218,255 144,217,255
213,240,255 180,232,255 217,240,255 210,235,255 187,232,255 169,231,255 173,233,255 177,232,255 175,232,255 173,230,255 159,231,255 127,120,50 46,54,33 73,164,92 159,230,255 155,226,255 171,228,255 197,240,255 202,238,255 208,241,255 154,225,255 155,226,255 177,232,255 181,231,255 177,232,255 190,236,255 188,233,255 169,226,255 157,225,255 153,223,255 153,224,255 154,225,255
189,238,255 193,236,255 214,242,255 167,233,255 187,239,255 193,238,255 177,233,255 183,237,255 174,234,255 159,227,255 62,129,81 145,111,0 35,51,32 194,115,74 166,231,255 164,232,255 164,232,255 164,232,255 164,231,255 159,222,251 119,164,163 123,176,195 167,232,255 164,232,255 164,232,255 164,232,255 164,232,255 164,232,255 164,232,255 164,232,255 164,232,255 163,232,255
174,236,255 174,235,255 176,234,255 174,236,255 174,235,255 175,236,255 176,238,255 140,176,159 166,213,220 134,157,111 37,59,33 67,134,86 76,37,0 163,99,73 181,237,255 183,238,255 187,239,255 175,234,255 125,161,163 89,101,67 112,115,66 192,225,246 90,112,82 134,176,192 174,235,255 174,236,255 173,237,255 174,235,255 174,236,255 174,236,255 174,236,255 174,236,255
185,240,255 185,240,255 185,241,255 185,241,255 187,243,255 156,205,210 187,231,253 95,109,59 112,138,127 179,162,134 49,52,40 42,113,53 33,54,33 25,45,27 158,213,236 128,154,120 145,189,182 122,152,165 82,83,75 81,99,84 77,76,40 87,93,41 64,64,19 86,90,52 177,228,250 185,240,255 185,240,255 185,240,255 183,238,255 185,240,255 185,240,255 185,240,255
191,243,255 191,243,255 191,243,255 79,88,58 68,65,41 75,76,39 110,118,93 65,67,39 64,55,28 173,201,166 106,112,85 60,128,73 33,54,33 24,44,26 78,75,60 88,82,46 79,64,44 147,175,180 48,47,36 54,63,46 75,74,38 75,74,36 58,56,23 51,56,36 185,235,246 192,241,255 193,242,255 191,243,255 191,243,255 191,243,255 191,243,255 191,243,255
196,243,255 196,243,255 196,243,255 196,243,255 180,211,215 158,187,178 157,165,142 142,154,134 63,57,32 76,85,57 53,54,31 32,64,31 33,53,35 40,60,42 76,81,61 53,64,49 60,65,45 71,66,54 56,62,51 99,107,84 56,54,32 68,68,27 64,64,34 47,48,27 63,66,31 113,123,45 73,93,94 205,244,252 196,243,255 196,243,255 198,244,254 191,229,242
137,161,139 206,250,255 195,239,243 203,247,244 171,194,189 87,102,88 103,106,82 55,51,32 56,49,31 55,46,31 103,204,127 45,89,52 25,45,27 25,45,27 119,129,123 204,241,248 194,244,244 213,247,247 100,102,85 114,118,103 48,45,30 40,40,24 73,75,49 61,60,22 83,86,35 50,50,20 70,91,87 206,250,254 201,250,253 203,250,253 206,249,251 117,140,66
142,154,145 206,241,232 213,250,247 185,211,198 206,235,233 64,62,42 66,67,44 44,42,24 47,43,24 52,49,25 42,81,47 38,75,40 24,44,26 33,61,38 44,47,35 158,182,171 50,57,52 55,51,34 56,54,36 52,53,32 51,51,37 55,53,33 72,65,45 51,44,26 63,60,36 55,52,26 142,164,154 117,140,125 82,82,52 68,68,34 121,132,121 76,83,39
57,67,45 108,110,84 218,253,244 222,242,226 148,132,58 108,110,57 74,76,50 58,56,38 44,44,28 50,48,30 56,115,68 34,61,33 26,49,30 31,62,36 49,44,30 33,40,22 92,107,95 63,60,45 47,47,31 33,33,17 47,47,31 55,53,33 54,50,33 53,51,31 53,45,23 52,48,29 65,64,37 61,64,33 167,181,162 49,48,23 72,66,41 78,78,33

91,161,255 91,161,255 91,161,255 96,167,255 97,168,253 96,160,252 102,169,255 110,179,255 155,204,255 116,180,255 120,183,255 101,168,255 117,148,135 125,144,106 93,141,209 89,169,233 88,85,100 90,160,255 90,163,255 121,144,178 87,114,155 177,215,255 147,195,255 133,186,255 179,223,255 175,220,251 185,211,230 152,198,255 66,32,30 169,86,46 58,39,23 69,83,104
88,163,255 103,171,255 147,199,255 146,198,255 99,171,254 118,184,255 88,163,255 85,162,255 83,164,255 83,164,255 83,163,255 88,163,255 81,132,204 103,115,77 107,116,88 105,111,128 159,179,193 161,178,198 105,167,242 101,118,149 110,132,164 130,188,255 120,181,255 142,194,255 161,211,255 157,207,255 151,199,255 155,206,255 138,188,255 112,188,255 72,46,34 63,47,32
203,232,255 178,221,255 154,202,255 109,181,255 93,172,255 92,168,255 88,166,255 90,168,255 88,166,255 88,166,255 88,166,255 154,135,110 129,159,112 58,53,52 116,146,168 107,154,209 88,167,255 109,134,107 41,63,67 104,144,136 99,117,104 91,161,249 107,154,209 156,209,255 155,206,255 158,208,255 175,222,255 189,225,252 144,201,255 160,212,255 229,137,75 51,35,22
219,238,255 229,243,255 206,236,255 172,216,255 100,176,255 95,174,255 95,174,255 94,173,255 94,173,255 94,173,255 148,88,67 60,34,20 66,33,24 124,141,103 112,150,190 94,173,255 97,176,255 101,164,232 129,145,124 39,41,36 127,152,121 99,166,255 126,163,199 98,172,255 94,173,255 94,173,255 96,172,255 107,182,255 116,185,255 118,185,255 133,190,255 180,81,40
219,237,255 220,239,255 228,243,255 201,233,255 186,225,255 104,181,255 102,182,255 102,181,255 102,181,255 102,181,255 107,63,33 133,76,36 75,44,32 110,187,255 25,71,104 102,181,255 102,181,255 102,181,255 96,179,255 102,185,255 114,185,255 103,179,255 102,181,255 101,180,255 102,181,255 102,181,255 102,181,255 102,181,255 102,181,255 101,180,255 102,181,255 117,184,255
175,212,255 186,222,255 205,226,255 209,231,255 210,239,255 224,241,255 199,234,255 151,214,255 143,208,255 114,194,255 140,185,241 135,79,57 127,195,255 116,193,255 143,172,170 153,211,255 122,196,255 113,193,255 63,76,77 114,191,255 126,190,253 114,192,255 112,192,255 113,193,255 113,193,255 113,193,255 113,193,255 113,193,255 113,193,255 113,193,255 113,193,255 113,193,255
185,234,255 166,219,255 139,204,255 131,202,255 134,206,255 137,209,255 176,229,255 196,230,255 198,234,255 209,238,254 219,236,238 178,100,52 155,99,21 34,60,35 129,203,255 126,203,255 138,207,255 145,207,255 138,201,255 125,203,255 127,203,255 127,204,255 127,204,255 127,204,255 127,204,255 127,204,255 126,203,255 126,203,255 126,203,255 127,204,255 127,204,255 127,204,255
184,229,255 164,220,255 177,224,255 190,229,255 170,224,255 149,213,255 153,215,255 150,215,255 159,218,255 159,218,255 208,163,47 255,211,132 48,69,35 40,74,44 167,219,255 165,220,255 147,215,255 139,208,255 159,228,255 139,209,255 140,209,255 139,208,255 137,209,255 137,209,255 137,209,255 137,209,255 137,209,255 139,208,255 137,209,255 139,208,255 139,208,255 137,209,255
155,221,255 163,227,255 183,231,255 214,239,255 187,231,255 161,225,255 147,218,255 154,220,255 149,215,255 147,218,255 129,186,99 94,126,65 41,47,20 195,236,255 31,56,38 213,237,255 198,237,255 179,232,255 181,232,255 196,237,255 178,228,255 145,219,255 145,218,255 144,217,255 147,217,255 147,218,255 147,217,255 146,217,255 146,216,255 148,216,255 145,218,255 144,217,255
213,240,255 180,232,255 217,240,255 210,235,255 187,232,255 169,231,255 173,233,255 177,232,255 175,232,255 173,230,255 25,48,31 129,151,82 51,54,23 160,224,255 70,142,84 108,149,136 169,229,255 196,239,255 202,238,255 208,241,255 154,227,255 155,226,255 177,232,255 181,231,255 179,232,255 190,236,255 188,233,255 169,226,255 159,226,255 153,223,255 153,224,255 154,225,255
189,238,255 193,236,255 213,243,255 167,233,255 187,239,255 193,238,255 177,233,255 183,237,255 174,234,255 167,232,255 28,46,29 119,124,61 113,82,22 169,231,255 169,231,255 153,195,174 255,202,122 165,233,255 163,232,255 159,222,251 112,157,156 123,176,195 165,233,255 164,232,255 164,232,255 164,232,255 164,232,255 164,232,255 164,232,255 164,232,255 164,232,255 163,232,255
174,236,255 174,235,255 177,235,255 174,236,255 174,235,255 175,236,255 176,237,255 170,208,200 169,216,223 86,139,87 95,108,65 44,89,49 36,60,36 24,47,28 181,238,255 178,240,255 171,239,253 176,233,255 118,154,156 95,108,81 110,112,68 188,225,245 93,110,82 158,203,218 174,235,255 173,237,255 174,235,255 174,236,255 174,236,255 174,236,255 174,236,255 174,236,255
185,241,255 185,240,255 185,240,255 185,241,255 186,242,255 152,201,204 185,232,251 97,111,63 98,128,109 125,85,60 57,61,46 51,109,60 38,59,36 26,44,29 164,216,240 124,149,120 154,200,196 112,144,154 72,75,67 99,117,100 76,78,36 97,103,53 64,64,19 90,91,52 181,232,254 185,240,255 185,240,255 185,240,255 183,238,255 185,240,255 185,240,255 185,240,255
191,243,255 191,243,255 191,243,255 77,88,57 65,62,38 77,78,41 110,118,93 66,69,38 167,113,79 155,192,189 99,115,84 97,199,126 31,55,33 28,48,30 94,92,74 90,85,46 75,65,41 136,164,169 48,47,36 54,63,46 79,78,42 77,76,38 58,56,23 52,57,37 181,231,242 192,241,255 193,242,255 191,243,255 192,244,255 191,243,255 191,243,255 191,243,255
196,243,255 196,243,255 196,243,255 196,243,255 196,224,229 165,193,189 161,169,146 146,155,136 63,57,32 78,84,55 85,162,102 37,107,52 31,52,31 28,49,28 76,81,61 59,67,53 56,61,41 71,66,54 56,62,51 99,107,84 56,54,34 68,68,27 64,64,34 47,48,27 69,72,37 107,114,37 92,109,111 189,228,236 196,243,255 196,243,255 198,244,254 183,215,214
120,140,124 206,248,255 184,228,232 205,249,246 151,168,163 87,103,84 103,106,82 55,51,32 56,49,31 55,46,29 85,198,119 40,97,51 32,56,32 29,48,28 116,126,120 207,244,251 194,244,244 213,247,247 86,83,68 113,117,102 48,46,28 40,40,24 73,75,49 63,62,26 79,82,31 50,50,20 71,92,88 206,250,254 201,250,255 204,251,254 207,250,252 115,137,68
121,128,121 209,242,234 213,252,247 196,219,202 193,218,213 68,66,46 66,67,44 44,42,24 47,42,28 54,52,32 71,142,82 41,94,46 43,85,50 27,45,28 48,47,36 158,182,171 51,56,52 54,52,34 56,54,36 52,53,32 51,51,37 55,53,33 72,65,45 51,44,26 63,60,36 56,54,25 100,122,115 117,137,123 97,100,69 65,65,31 115,126,113 80,85,42
60,70,46 99,101,75 219,254,245 219,244,226 149,133,59 113,115,62 76,80,53 58,56,38 40,40,24 54,49,35 47,109,61 40,69,41 57,109,66 26,46,28 50,45,31 39,44,24 92,107,95 64,62,44 47,47,31 33,33,17 47,47,31 55,52,37 54,50,31 53,51,31 53,45,23 49,50,29 65,63,34 57,56,29 160,174,155 51,50,25 72,66,41 80,80,35

91,161,255 91,161,255 91,161,255 96,167,255 97,168,253 96,160,252 102,169,255 110,179,255 155,204,255 116,180,255 120,183,255 101,168,255 120,149,135 128,149,115 100,147,206 89,166,238 88,83,99 88,162,253 92,162,255 122,143,178 94,124,135 173,215,251 148,196,255 133,186,255 179,222,255 178,222,255 190,218,239 148,199,255 64,31,22 175,91,49 58,40,21 69,83,104
88,163,255 103,171,255 147,199,255 146,198,255 99,171,254 118,184,255 88,163,255 85,162,255 83,164,255 83,164,255 83,163,255 88,163,255 83,141,215 94,109,72 106,127,106 107,111,126 120,146,154 162,170,198 105,167,242 65,84,92 137,182,238 130,189,255 120,181,255 142,194,255 161,211,255 157,206,255 152,199,255 155,207,255 138,190,255 117,186,255 73,45,34 63,47,32
203,232,255 178,221,255 154,202,255 109,181,255 93,172,255 92,168,255 88,166,255 90,168,255 88,166,255 88,166,255 88,166,255 90,164,255 129,163,120 76,72,66 114,146,172 101,159,235 88,167,254 89,115,107 43,63,77 113,136,143 97,130,133 105,168,255 104,165,240 156,209,255 155,206,255 158,208,255 175,222,255 189,225,252 144,201,255 160,212,255 234,134,75 51,35,22
219,238,255 230,244,254 206,236,255 172,216,255 100,177,255 95,174,255 95,174,255 94,173,255 94,173,255 94,173,255 209,117,105 72,41,33 87,112,138 107,123,90 115,152,190 94,173,255 95,177,255 101,164,234 132,149,125 39,41,38 134,159,128 98,163,246 128,163,184 97,168,255 94,173,255 94,173,255 96,172,255 107,182,255 116,185,255 118,185,255 133,190,255 180,81,40
219,237,255 220,239,255 228,243,255 201,233,255 186,225,255 104,181,255 102,182,255 102,181,255 102,181,255 102,181,255 90,47,39 159,104,73 76,46,29 112,184,255 25,71,106 102,181,255 102,181,255 102,181,255 98,181,255 102,185,255 108,179,255 103,179,255 102,181,255 101,180,255 102,181,255 102,181,255 102,181,255 102,181,255 102,181,255 101,180,255 102,181,255 117,184,255
176,213,255 186,222,255 205,225,255 210,232,255 210,239,255 224,241,255 199,234,255 151,214,255 143,208,255 114,194,255 144,71,43 156,93,62 40,70,108 116,193,255 127,155,149 153,211,255 121,195,255 115,193,255 92,107,112 112,193,255 118,176,234 114,192,255 112,192,255 113,193,255 113,193,255 113,193,255 113,193,255 113,193,255 113,193,255 113,193,255 113,193,255 113,193,255
185,234,255 166,219,255 139,204,255 132,203,255 134,206,255 137,209,255 176,229,255 196,230,255 196,235,255 211,240,255 249,236,202 117,74,57 141,104,35 39,66,46 129,203,255 126,203,255 138,207,255 146,208,255 142,203,255 125,203,255 127,203,255 127,204,255 127,204,255 127,204,255 127,204,255 127,204,255 126,203,255 126,203,255 126,203,255 126,203,255 127,204,255 127,204,255
184,229,255 164,220,255 177,224,255 190,229,255 170,224,255 149,213,255 153,215,255 150,215,255 159,218,255 159,218,255 255,192,87 255,206,133 123,111,54 31,57,32 163,220,255 166,221,255 147,214,255 139,208,255 155,221,255 139,209,255 140,209,255 139,208,255 137,209,255 137,209,255 137,209,255 137,209,255 137,209,255 139,208,255 137,209,255 137,209,255 139,208,255 137,209,255
155,221,255 163,227,255 183,231,255 214,239,255 187,231,255 161,225,255 147,218,255 154,220,255 149,215,255 147,218,255 163,185,89 118,141,77 58,60,32 71,121,130 37,69,68 213,238,255 198,237,255 179,232,255 181,232,255 196,237,255 178,228,255 145,219,255 145,218,255 144,217,255 147,217,255 147,218,255 147,217,255 147,218,255 146,216,255 148,216,255 145,218,255 144,217,255
213,240,255 180,232,255 217,240,255 210,235,255 187,232,255 169,231,255 173,233,255 177,232,255 175,232,255 173,230,255 30,52,26 80,93,52 47,51,24 161,225,255 59,118,73 155,198,198 171,227,255 196,239,255 202,238,255 208,240,255 154,227,255 155,226,255 177,232,255 181,231,255 179,232,255 190,236,255 188,233,255 169,226,255 159,226,255 153,223,255 153,224,255 154,225,255
191,237,255 194,237,255 213,243,255 169,232,255 187,239,255 193,238,255 177,233,255 183,237,255 174,234,255 165,233,255 35,56,35 106,98,44 49,58,30 168,231,255 165,231,255 123,140,102 234,212,174 164,232,255 164,231,255 159,222,251 114,160,154 123,176,197 164,232,255 164,232,255 164,232,255 164,232,255 164,232,255 164,232,255 164,232,255 164,232,255 164,232,255 164,232,255
174,236,255 174,235,255 177,235,255 174,236,255 174,235,255 176,237,255 176,237,255 170,205,212 165,215,226 125,154,101 54,69,32 47,91,46 35,54,34 52,75,60 180,236,255 178,237,255 179,234,255 213,208,205 112,149,156 100,113,88 113,115,71 188,225,245 97,114,86 167,212,229 174,235,255 173,237,255 174,235,255 174,235,255 174,236,255 174,236,255 174,236,255 174,236,255
185,241,255 185,240,255 185,240,255 185,241,255 186,242,255 152,201,208 182,229,248 104,118,70 84,112,89 80,84,69 66,70,55 37,92,46 36,60,38 26,44,31 167,218,238 131,153,123 160,206,198 99,133,149 66,69,61 103,121,104 76,78,36 105,111,61 64,64,19 90,92,48 181,232,252 185,240,255 185,240,255 185,240,255 183,238,255 185,240,255 185,240,255 185,240,255
192,244,255 191,243,255 191,243,255 76,87,56 65,62,38 77,78,41 109,114,90 66,68,42 57,51,28 255,194,146 63,152,81 43,92,53 39,61,35 24,44,28 108,110,95 90,85,46 73,63,39 135,163,168 48,47,36 56,65,48 79,78,42 77,76,38 59,57,24 52,57,37 180,230,241 192,241,255 192,244,255 191,243,255 192,244,255 191,243,255 191,243,255 191,243,255
196,243,255 196,243,255 196,243,255 196,243,255 194,222,227 165,193,189 166,174,151 146,159,134 63,57,32 77,86,58 58,184,94 39,76,41 43,70,42 34,52,37 66,71,51 69,77,63 56,61,41 71,66,54 61,67,54 99,107,84 56,54,34 68,68,27 64,64,34 47,48,27 72,75,42 111,121,47 118,134,132 193,237,245 196,243,255 196,243,255 198,244,254 180,213,207
127,147,131 204,246,253 184,228,232 208,249,247 120,134,130 87,104,80 103,106,84 56,52,31 56,49,31 54,47,29 97,231,131 44,73,41 43,77,43 27,45,28 112,126,119 207,244,251 194,244,242 213,247,243 83,80,65 117,121,106 48,45,30 40,40,24 73,75,49 62,61,23 84,87,38 52,50,21 82,105,100 207,251,255 201,250,255 205,249,253 207,249,255 121,143,74
109,116,109 209,242,234 210,249,244 195,222,202 194,217,212 68,66,46 66,67,44 46,43,28 47,42,28 54,52,34 107,233,141 35,67,36 49,92,52 26,45,25 53,57,42 159,181,171 51,56,52 54,52,34 56,54,36 52,53,32 51,50,39 55,53,33 72,66,43 51,44,26 62,59,33 56,54,25 71,95,84 108,132,119 101,104,71 66,64,31 103,116,102 81,86,43
63,73,49 94,94,62 220,255,246 217,244,226 149,134,57 111,113,60 79,83,56 58,56,38 40,40,24 53,50,35 90,196,117 39,68,40 44,88,51 25,45,27 27,46,24 39,44,24 92,107,95 63,60,45 47,47,31 33,33,17 47,47,31 55,52,37 54,50,31 53,51,31 53,45,23 49,50,29 65,62,36 57,56,29 160,174,155 50,49,24 71,65,40 80,80,35

91,161,255 91,161,255 91,161,255 96,167,255 97,168,253 96,160,252 104,168,255 110,179,255 155,204,255 116,180,255 120,183,255 101,168,255 108,132,124 122,145,110 95,139,213 94,171,241 90,86,97 90,160,252 92,163,255 121,144,180 99,132,137 174,216,252 148,196,255 133,186,255 179,222,255 180,222,255 191,219,240 148,199,255 69,37,32 151,77,43 58,39,23 69,83,104
88,163,255 103,171,255 147,199,255 146,198,255 99,171,254 118,184,255 89,162,255 85,162,255 83,164,255 83,164,255 83,163,255 89,162,255 74,131,214 104,115,73 98,120,92 107,110,128 109,135,152 163,178,192 105,167,244 57,75,90 144,186,243 131,190,255 120,181,255 142,194,255 161,211,255 155,206,255 148,198,254 155,206,255 136,191,255 115,187,255 74,46,35 63,47,32
203,232,255 177,222,255 154,202,255 109,181,255 93,172,255 92,168,255 88,166,255 90,169,255 88,166,255 88,166,255 88,166,255 144,161,183 186,214,179 58,59,64 123,156,177 116,154,212 90,163,255 89,113,105 43,62,70 142,173,177 91,131,150 101,163,254 104,166,241 156,209,255 155,206,255 158,208,255 175,222,255 189,225,252 144,201,255 160,212,255 234,134,75 51,35,22
219,238,255 229,245,254 206,236,255 173,217,255 100,176,255 95,174,255 95,174,255 94,173,255 94,173,255 94,173,255 221,107,64 58,32,18 61,32,12 112,130,99 112,155,186 94,173,255 92,174,255 101,164,232 136,152,131 39,42,34 134,160,126 101,162,244 135,159,188 98,169,255 94,173,255 94,173,255 96,172,255 107,182,255 116,185,255 118,185,255 133,190,255 180,81,40
219,237,255 220,240,255 229,242,255 201,233,255 186,225,255 104,181,255 102,182,255 102,181,255 102,181,255 102,181,255 176,118,83 200,129,85 76,44,28 113,186,255 24,69,111 102,181,255 102,181,255 102,181,255 96,179,255 102,185,255 107,178,255 105,180,255 102,181,255 102,181,255 102,181,255 102,181,255 102,181,255 102,181,255 102,181,255 102,181,255 102,181,255 117,184,255
176,213,255 186,222,255 205,225,255 210,232,255 210,239,255 224,241,255 199,234,255 151,214,255 143,208,255 114,194,255 125,190,255 152,83,45 113,190,255 116,193,255 120,149,137 153,211,255 121,195,255 115,193,255 80,104,108 112,192,255 120,177,229 114,192,255 112,192,255 113,193,255 113,193,255 113,193,255 113,193,255 113,193,255 113,193,255 113,193,255 113,193,255 113,193,255
185,234,255 167,220,255 139,204,255 132,203,255 134,206,255 137,209,255 176,229,255 196,230,255 196,235,255 211,240,255 255,236,181 195,118,67 143,118,41 36,61,32 129,203,255 127,204,255 138,207,255 146,208,255 143,204,255 125,203,255 127,203,255 127,204,255 127,204,255 126,203,255 127,204,255 127,204,255 127,204,255 126,203,255 126,203,255 126,203,255 127,204,255 127,204,255
184,229,255 164,220,255 177,224,255 190,229,255 170,224,255 149,213,255 153,215,255 150,215,255 159,218,255 159,218,255 255,201,53 255,195,105 42,56,35 44,77,52 163,218,255 165,220,255 147,214,255 139,208,255 150,217,255 139,209,255 140,209,255 139,208,255 137,209,255 137,209,255 137,209,255 137,209,255 137,209,255 139,208,255 137,209,255 137,209,255 139,208,255 137,209,255
156,221,255 165,226,255 183,231,255 214,239,255 187,231,255 160,224,255 147,218,255 154,220,255 149,215,255 147,218,255 121,170,106 71,110,65 66,60,37 179,222,255 33,57,35 213,238,255 198,237,255 179,232,255 181,232,255 197,238,255 178,228,255 145,219,255 145,218,255 144,217,255 147,217,255 147,218,255 147,217,255 147,218,255 147,217,255 147,217,255 145,219,255 145,218,255
213,240,255 180,232,255 216,241,255 210,235,255 187,232,255 169,231,255 173,233,255 177,232,255 175,232,255 173,230,255 36,52,33 99,121,64 51,48,22 161,229,255 67,133,92 44,74,57 169,228,255 197,240,255 202,238,255 208,241,255 153,226,255 155,226,255 176,231,255 181,231,255 179,232,255 190,236,255 188,233,255 169,226,255 159,226,255 153,223,255 153,224,255 154,225,255
191,237,255 194,237,255 213,243,255 169,232,255 187,239,255 193,238,255 177,233,255 183,237,255 175,235,255 163,231,255 49,78,50 109,111,58 154,113,43 168,231,255 173,236,255 130,161,135 162,233,255 161,234,255 164,232,255 159,222,251 118,164,158 125,177,201 164,232,255 164,232,255 164,232,255 164,232,255 164,232,255 164,232,255 164,232,255 164,232,255 164,232,255 164,232,255
174,236,255 174,235,255 175,236,255 174,236,255 174,235,255 176,237,255 177,238,255 137,175,179 161,210,217 130,156,106 35,49,28 36,80,43 38,57,37 18,41,26 183,238,255 181,238,255 206,218,214 192,155,140 118,156,160 85,105,80 113,115,71 191,228,246 98,115,87 140,185,200 174,235,255 173,237,255 174,235,255 174,235,255 174,236,255 174,236,255 174,236,255 174,235,255
185,241,255 185,240,255 185,240,255 185,241,255 186,242,255 152,201,204 187,234,253 105,118,75 87,115,92 77,86,69 103,87,70 47,93,55 38,59,38 27,45,30 163,213,238 138,161,126 148,193,181 132,158,175 63,66,58 102,120,103 76,78,36 105,111,59 64,64,19 88,90,46 172,223,243 185,240,255 185,240,255 185,240,255 183,238,255 185,240,255 185,240,255 185,240,255
192,244,255 191,243,255 191,243,255 79,92,65 68,65,41 79,80,43 109,114,92 68,70,44 57,51,28 150,185,178 118,114,93 47,96,57 42,66,42 31,46,30 79,81,64 81,75,39 71,64,35 153,176,183 48,47,36 56,65,48 79,78,42 77,76,38 59,57,26 51,56,36 188,238,249 192,241,255 191,243,255 192,244,255 192,244,255 191,243,255 191,243,255 191,243,255
196,243,255 196,243,255 196,243,255 196,243,255 187,215,220 170,198,194 166,174,151 144,157,132 61,58,32 77,86,56 83,186,110 47,86,50 43,70,42 23,46,27 69,74,52 62,70,56 56,61,41 71,66,54 61,67,54 99,107,84 56,54,34 68,68,27 64,64,34 48,49,28 74,78,40 102,110,44 89,105,105 202,245,255 196,243,255 196,243,255 198,244,254 198,229,235
125,145,129 205,247,254 185,229,233 208,249,247 152,169,164 85,102,78 103,106,82 58,54,33 56,49,33 55,46,29 79,205,113 40,79,43 42,74,41 22,45,26 112,126,119 207,244,251 194,244,242 211,248,243 83,80,65 117,121,106 48,45,30 40,40,24 69,71,43 62,61,23 85,88,39 54,52,23 124,149,144 204,251,255 203,250,255 205,249,253 207,249,255 111,133,66
138,145,138 213,246,238 210,249,244 193,220,202 194,217,212 65,63,43 65,68,46 46,43,28 47,42,28 55,51,34 89,222,127 43,77,47 46,83,48 33,57,35 49,53,38 159,181,174 51,56,55 54,52,32 56,54,36 51,52,33 51,50,39 55,53,33 70,64,41 51,44,26 62,59,33 57,55,26 97,123,112 134,159,141 77,80,45 72,70,37 117,130,116 81,86,43
62,72,48 113,113,83 220,255,241 216,241,223 149,134,57 111,113,60 76,80,53 58,56,38 40,40,24 53,50,35 96,232,136 37,69,40 43,87,52 33,57,35 32,44,24 39,44,24 92,107,95 63,60,45 47,47,31 33,33,17 47,47,31 55,52,37 54,50,31 53,51,31 53,45,23 49,50,31 65,62,36 74,74,44 174,188,169 53,52,27 74,68,43 80,80,35