28,39,50 27,30,41 30,38,47 29,37,42 28,37,48 31,40,51 43,52,65 31,38,50 30,39,52 27,34,48 32,36,49 28,37,48 31,38,50 29,37,46 27,35,44 29,33,46 31,35,48 31,35,48 31,36,46 29,33,46 34,34,42 33,36,47 27,34,46 28,33,41 29,36,50 31,35,48 33,35,49 32,32,44 32,32,42 28,31,42 32,31,48 22,24,40 28,32,45 32,36,49 28,28,36 31,31,41 33,31,39 30,33,44 32,32,42 30,30,40 32,30,40 30,30,40 30,30,40 32,34,48 30,32,48 30,32,46 30,32,46 31,34,52 31,34,52 32,31,46 31,31,41 32,32,42 30,33,42 30,33,44 28,30,44 30,32,46 28,32,45 28,32,45 28,33,43 29,33,46 35,39,54 34,38,51 25,29,42 39,47,56
31,42,53 28,33,43 34,49,65 29,37,44 25,34,45 30,40,48 33,42,55 31,42,53 32,41,54 33,40,54 35,39,52 30,39,50 32,39,51 31,39,48 27,35,44 34,38,51 33,37,50 28,32,45 29,33,46 29,33,46 30,33,44 32,34,48 29,36,48 30,30,40 29,31,45 31,35,48 32,34,50 32,31,46 31,31,41 29,32,43 34,33,50 36,33,50 26,30,43 28,32,45 30,30,40 31,31,43 34,32,44 30,32,48 29,29,39 30,30,40 32,30,40 30,30,40 30,30,40 30,32,46 33,35,51 30,31,50 30,32,46 31,35,50 31,34,52 31,30,45 31,31,41 32,32,42 30,33,42 29,32,43 32,34,48 29,33,46 28,33,43 26,31,39 29,34,44 27,31,44 32,36,49 28,32,45 31,35,48 29,37,46
38,47,60 28,37,50 37,55,72 34,43,66 31,45,57 31,44,61 30,37,49 27,34,46 33,43,59 33,46,61 35,48,67 32,41,54 31,35,48 27,34,46 28,33,43 30,33,42 28,33,41 32,36,49 29,33,46 19,22,33 19,22,29 35,39,52 26,30,45 33,31,39 31,31,41 29,33,46 29,32,43 31,31,41 30,30,40 32,32,44 34,32,52 32,31,46 31,28,45 27,29,45 22,26,41 31,34,54 29,32,43 28,31,42 29,34,44 30,30,42 32,32,42 31,31,41 31,31,41 30,29,44 27,34,48 30,32,48 30,33,44 29,32,43 29,33,46 28,32,45 28,33,43 29,32,43 27,34,48 29,31,47 28,31,38 30,30,38 30,32,46 32,32,44 33,35,49 26,31,39 33,38,48 29,33,46 27,34,48 34,40,57
35,45,65 35,45,65 35,43,59 42,60,84 39,52,78 40,54,77 35,45,63 35,43,61 30,37,49 31,38,50 36,43,57 32,36,49 28,31,38 23,26,35 25,28,37 26,29,38 32,32,29 41,34,32 27,22,24 23,21,29 22,25,32 11,10,15 10,7,11 18,24,27 41,49,77 30,32,48 32,34,48 29,33,48 32,32,44 34,33,50 31,34,54 30,32,46 32,32,44 31,31,43 30,32,46 31,34,52 27,32,42 30,32,46 31,30,45 31,31,41 29,32,43 30,30,42 30,30,42 30,30,40 28,30,44 28,31,40 29,31,45 30,29,44 28,32,45 29,33,48 29,33,46 29,34,44 31,34,52 30,36,53 27,31,44 27,34,48 30,32,46 29,32,43 29,33,46 31,34,52 31,37,56 31,37,56 30,39,52 33,36,54
30,40,60 35,45,65 35,45,65 45,56,83 38,55,77 36,54,80 39,52,78 34,44,62 32,40,49 32,39,51 32,36,51 31,45,57 29,39,47 37,44,58 34,39,47 131,95,44 87,58,34 59,40,26 82,70,60 14,12,10 10,10,10 12,12,12 29,28,31 38,37,52 13,14,17 36,45,68 29,52,86 29,33,46 31,35,50 32,35,53 31,35,50 29,33,46 31,31,41 32,32,44 31,35,50 29,32,50 31,34,52 32,34,50 30,33,44 29,33,48 29,34,44 32,31,46 31,31,43 28,32,45 30,32,46 28,31,42 26,33,47 31,30,45 29,33,46 31,35,50 30,32,48 29,36,50 31,34,52 31,37,54 29,33,46 30,32,46 27,31,44 31,34,52 30,37,51 32,38,57 29,37,55 33,42,55 29,34,44 26,29,40
36,46,64 35,45,63 35,44,57 23,26,35 37,47,65 36,48,72 32,45,64 36,46,62 30,40,48 32,38,55 30,37,51 33,46,65 59,65,84 33,41,50 180,120,25 168,125,38 14,0,0 7,0,9 10,10,10 10,10,7 10,9,12 10,10,10 10,10,7 9,11,11 8,9,12 16,23,37 48,69,90 21,31,49 30,30,40 29,33,46 29,33,46 29,34,44 30,32,46 30,32,46 32,35,53 30,36,53 31,37,54 31,37,54 29,36,48 28,31,40 30,30,38 28,31,42 29,33,46 28,32,47 31,35,50 32,39,53 32,35,53 29,35,52 30,36,53 31,34,52 32,31,46 31,30,45 30,37,49 29,33,46 28,32,47 29,34,44 32,36,51 30,39,52 31,38,52 34,40,59 33,39,58 25,32,46 34,36,50 27,35,40
30,39,52 37,46,59 32,38,55 29,32,41 31,39,48 29,36,48 30,37,49 28,33,43 25,30,38 31,39,55 31,40,53 40,50,66 43,51,67 36,42,59 85,28,0 22,10,10 15,7,0 11,9,21 12,10,8 6,11,10 7,9,6 12,12,9 33,22,17 33,24,18 13,11,9 10,12,12 23,34,45 9,17,35 32,30,40 28,31,42 29,33,46 29,33,48 29,31,47 29,31,47 32,38,55 31,37,54 32,38,57 33,36,54 27,30,39 31,35,48 33,37,50 32,35,46 25,28,37 31,31,43 31,34,52 32,38,55 32,35,55 30,37,51 27,33,50 28,32,45 31,35,48 31,35,48 30,37,51 32,39,53 30,33,44 33,37,52 31,37,54 31,37,54 31,37,54 35,45,61 28,37,50 32,39,51 33,40,52 32,41,52
35,48,67 35,48,67 40,50,70 29,36,48 31,38,50 26,33,47 27,34,46 41,51,67 41,51,69 25,30,40 27,31,44 26,31,37 30,38,54 106,65,18 44,34,38 35,28,38 136,81,0 113,68,0 91,49,11 124,69,15 119,61,0 136,74,0 47,26,22 22,24,19 23,25,20 16,19,11 13,10,14 8,7,12 42,44,60 27,34,48 33,36,54 30,32,46 31,35,50 31,35,50 34,37,59 31,37,56 32,36,51 28,28,40 30,33,44 32,38,55 33,36,54 30,37,49 31,38,52 33,36,45 27,27,39 32,34,50 29,33,46 30,37,51 30,36,53 33,39,56 32,38,55 33,36,56 33,36,56 32,38,57 29,36,50 32,36,51 31,35,50 26,33,45 29,36,50 32,39,53 31,38,52 31,38,50 34,41,55 35,39,52
36,49,68 34,47,66 37,47,67 32,40,56 29,38,49 35,43,61 35,48,65 34,45,56 36,48,56 30,40,48 36,40,55 32,41,54 38,43,53 13,8,7 255,223,10 27,8,0 170,102,0 134,74,0 100,55,22 60,35,5 74,40,0 54,32,14 20,23,15 22,18,8 68,43,15 24,27,17 15,16,19 18,18,18 27,31,44 29,33,46 33,30,45 31,31,41 29,32,43 25,29,42 29,33,46 29,33,48 31,35,50 31,34,52 33,37,52 32,38,55 37,43,60 34,41,55 30,37,51 31,38,52 38,42,57 29,31,45 29,33,46 31,35,48 33,39,56 33,40,54 32,38,59 32,38,57 36,39,61 33,39,60 33,39,58 30,32,46 27,32,40 29,37,46 31,35,50 32,39,53 36,43,57 32,39,51 39,45,62 37,46,59
24,34,50 27,37,53 40,53,72 31,44,61 38,48,64 42,52,70 34,45,56 40,48,64 35,45,61 36,45,56 33,41,50 33,43,51 34,40,59 33,45,78 36,30,25 128,65,0 192,113,5 209,113,0 80,34,6 52,31,18 186,106,4 113,58,2 18,18,13 145,67,0 91,60,41 48,31,32 20,18,16 10,10,5 25,27,27 31,35,48 31,38,52 30,36,53 31,37,54 32,38,55 31,37,54 27,33,50 32,39,53 27,34,46 32,36,51 32,39,53 36,43,57 32,39,53 30,38,54 29,36,50 31,36,46 27,27,37 31,35,48 30,37,49 33,37,50 29,37,46 27,34,48 33,39,56 38,44,65 32,38,57 37,43,60 31,36,44 25,33,40 30,37,51 30,37,51 30,39,52 33,40,52 34,41,53 32,41,54 38,48,64
37,47,67 40,50,70 36,46,66 30,41,54 28,37,50 27,35,44 32,40,49 33,43,59 40,53,70 39,47,63 38,47,60 39,39,47 110,83,22 69,41,0 14,8,15 236,135,0 203,107,0 207,98,0 95,47,18 40,13,0 125,57,17 103,47,9 63,36,18 50,28,10 97,52,17 33,23,22 27,29,24 12,12,12 12,17,23 26,39,58 34,37,55 30,36,53 32,38,59 36,42,63 33,39,60 29,32,50 34,37,55 29,32,50 31,38,52 31,39,55 38,44,61 36,45,58 31,38,50 36,43,57 29,37,46 30,33,42 32,35,46 31,38,52 31,36,46 26,34,41 33,36,54 27,34,48 30,37,51 27,34,48 25,32,46 31,36,46 30,37,49 31,39,55 35,43,59 32,38,55 26,31,41 28,33,43 30,38,45 35,45,53
29,37,53 29,37,53 33,43,61 32,36,51 34,42,51 31,41,49 24,32,39 48,55,69 40,49,62 36,45,58 60,42,41 93,66,59 99,52,0 211,146,20 196,150,80 184,91,0 149,74,0 148,78,0 147,84,10 188,102,0 154,78,22 118,56,18 69,34,19 23,21,19 22,22,19 30,25,22 49,26,25 12,12,12 14,14,22 63,83,111 34,38,53 30,36,53 37,43,64 31,37,54 29,31,45 29,30,49 29,33,48 30,33,44 31,38,52 34,40,57 52,34,45 47,38,51 32,39,53 31,38,52 31,38,50 31,35,48 34,36,52 26,34,43 30,37,51 32,39,53 31,37,54 33,39,56 35,43,59 30,40,58 31,37,54 33,42,53 30,36,53 33,41,57 32,38,55 28,36,54 32,35,46 35,40,50 30,39,50 37,45,63
33,40,52 34,41,53 23,26,37 35,44,55 35,47,55 32,41,52 35,44,55 40,45,55 66,49,50 63,39,33 50,38,43 40,36,45 180,120,0 237,167,36 106,71,17 66,42,16 124,88,39 118,56,16 102,68,34 27,8,12 85,44,24 46,31,11 16,16,13 10,11,14 16,15,18 12,12,12 10,9,12 11,10,15 16,16,24 29,42,59 27,35,44 33,37,52 32,38,55 32,34,50 31,36,44 31,35,48 32,36,49 32,39,51 38,41,59 43,30,40 63,29,25 43,34,47 52,37,47 36,45,58 40,46,63 33,40,54 34,41,55 27,31,44 32,40,56 35,43,59 36,44,60 34,44,60 34,40,57 36,46,62 34,47,66 36,42,61 26,30,43 28,37,50 36,44,60 40,46,63 32,39,53 31,40,51 37,46,59 40,49,62
37,46,57 32,41,52 36,43,57 27,37,53 37,47,63 31,42,53 41,44,55 65,37,35 113,74,71 39,35,44 37,37,47 36,37,42 220,151,15 195,129,25 67,51,18 61,44,18 51,37,21 61,42,17 80,54,13 63,44,19 43,37,32 35,40,46 10,10,10 10,10,10 11,11,11 10,10,10 11,10,13 25,23,31 18,19,24 22,29,41 30,36,53 32,38,57 34,36,50 32,37,45 32,39,51 29,37,46 32,41,54 37,44,58 58,34,38 48,31,34 51,71,87 46,68,98 49,67,95 79,114,148 27,34,48 33,42,55 36,45,58 31,38,52 32,37,47 35,38,56 39,47,63 32,40,56 31,39,57 32,35,53 34,44,62 29,35,52 31,39,55 36,45,58 32,41,54 31,35,48 32,39,53 33,40,52 38,45,59 31,38,52
33,41,57 33,42,55 33,37,50 33,42,53 43,50,64 32,35,46 39,29,33 44,37,47 38,38,50 37,37,47 37,37,47 41,41,49 179,125,39 205,147,44 81,59,25 62,43,27 42,30,20 38,29,23 41,34,37 35,25,24 33,28,27 36,49,66 9,11,11 18,16,17 10,9,12 13,11,12 8,9,12 18,18,26 17,15,23 18,23,29 34,40,57 36,44,60 29,33,46 33,40,54 34,41,55 30,33,42 32,36,49 65,36,43 53,29,23 66,84,112 58,82,113 48,73,99 52,75,102 46,77,110 33,41,57 38,46,62 36,43,57 35,44,57 33,41,50 26,33,45 40,48,66 36,46,64 39,47,65 39,47,63 37,47,65 29,38,51 29,35,52 33,43,61 32,40,49 33,41,50 35,39,52 38,42,57 43,53,73 36,45,56
34,45,58 33,40,54 26,36,44 31,36,42 36,39,50 56,38,37 38,36,44 37,37,47 37,37,47 37,37,47 36,36,46 35,35,45 156,106,44 171,120,26 91,61,33 59,50,42 44,33,28 36,26,25 35,25,24 26,18,24 29,28,33 24,32,41 11,10,13 11,10,13 11,11,11 11,11,11 10,9,12 10,10,18 11,12,17 19,24,32 37,47,63 31,41,57 28,37,48 26,34,50 30,39,50 36,44,53 46,27,29 74,42,56 71,86,118 63,90,120 57,84,114 52,76,107 47,71,100 56,76,104 43,50,73 36,49,66 39,52,71 39,52,69 38,48,64 42,50,66 30,37,51 37,43,62 36,42,61 27,34,48 38,48,66 33,41,57 30,39,50 37,45,61 33,40,52 26,35,46 34,41,53 30,38,47 38,47,70 36,47,58
38,45,57 33,40,52 32,40,49 32,40,49 23,26,33 35,31,40 37,37,47 37,37,47 37,37,47 37,37,45 36,37,40 33,36,47 49,38,21 160,118,64 105,78,46 61,46,37 47,42,44 33,32,37 24,28,41 20,19,22 29,28,31 21,24,33 9,10,13 10,9,12 11,11,11 11,11,11 7,7,15 11,12,17 11,14,21 18,23,31 40,48,68 9,12,19 12,22,28 31,44,63 30,39,52 45,34,41 66,28,32 70,93,127 63,94,129 63,89,124 59,82,116 50,76,109 49,76,106 63,81,109 55,66,93 37,51,72 41,51,69 39,52,71 40,50,68 36,49,66 35,45,65 37,47,65 37,47,65 35,45,61 34,40,59 31,40,53 33,41,57 37,47,67 33,42,55 37,47,65 30,41,52 29,40,51 40,50,68 36,47,60
44,51,65 29,40,53 36,47,58 36,41,51 32,32,44 37,37,47 39,38,41 34,36,50 68,33,0 55,37,0 43,26,0 38,17,4 138,95,50 100,72,45 104,87,63 37,21,17 47,46,49 33,31,39 22,26,30 21,18,22 31,28,34 21,24,33 9,10,15 10,10,10 12,12,12 11,11,11 21,24,31 9,13,15 20,21,24 17,17,27 10,11,14 10,11,14 50,73,111 75,114,167 34,34,42 56,31,30 81,113,153 71,105,142 59,93,130 61,89,125 59,87,119 53,79,112 51,77,110 51,77,110 50,73,107 73,97,126 43,49,68 37,51,74 34,46,68 35,48,67 40,50,68 41,51,71 41,51,71 40,50,68 36,46,64 37,45,65 38,47,70 36,48,70 35,44,57 39,47,63 35,43,59 38,46,64 35,45,65 41,51,69
40,49,60 29,43,53 36,47,58 42,47,57 38,36,44 38,37,42 108,81,47 101,64,0 255,205,5 228,131,0 48,23,6 59,36,7 16,11,10 59,48,33 61,61,56 85,78,81 46,42,53 39,41,55 30,30,40 32,32,42 25,21,32 21,24,35 11,12,17 11,11,11 22,20,28 11,11,11 21,21,29 11,12,17 13,14,17 13,14,17 10,10,10 10,10,10 11,10,13 10,10,18 18,21,30 30,40,56 37,65,97 73,107,144 63,95,133 63,93,131 61,89,123 55,81,114 55,78,112 52,79,109 51,78,108 52,78,111 52,73,108 44,71,101 89,113,144 45,68,93 39,52,69 38,53,71 42,54,76 46,60,83 36,48,70 35,48,67 40,53,79 39,55,80 38,46,62 37,47,65 38,48,68 39,51,73 40,57,79 42,51,74
41,51,67 37,46,59 25,33,42 18,21,28 143,88,7 109,70,1 151,103,6 255,218,6 255,216,2 255,209,10 240,167,14 24,13,6 57,36,11 69,37,3 139,88,12 46,44,52 36,39,50 36,38,52 40,42,56 24,24,34 20,18,28 19,23,36 17,17,27 11,11,11 30,28,36 11,11,11 9,10,13 10,11,14 10,12,12 14,15,18 10,11,14 12,11,14 11,10,13 10,10,10 11,11,11 10,8,16 11,9,17 12,20,36 53,85,125 56,86,126 59,87,123 52,79,118 58,86,120 52,78,111 55,82,112 49,75,108 50,73,107 46,73,103 52,76,107 58,84,117 49,67,95 43,59,84 44,53,76 42,54,78 45,58,84 43,53,73 39,52,78 39,51,73 39,52,71 40,52,74 39,54,72 40,50,70 46,64,90 37,55,81
46,58,82 28,38,44 236,134,0 175,98,0 148,71,0 255,221,7 255,207,4 255,174,0 9,5,18 59,38,36 33,21,21 58,35,20 73,38,11 104,58,0 178,100,0 135,76,0 33,36,47 34,36,50 35,39,54 23,30,42 35,26,20 27,34,48 19,26,38 11,11,11 12,12,12 11,11,11 10,12,12 9,11,11 9,10,15 16,19,26 11,12,17 16,17,22 13,14,19 11,12,15 13,14,17 13,14,19 13,12,15 12,12,12 14,12,13 4,17,32 59,86,125 54,82,118 57,84,123 56,81,121 50,76,111 55,81,114 51,74,108 51,74,108 46,73,103 51,74,108 91,133,169 40,60,88 42,56,79 221,151,91 39,60,79 38,54,79 40,60,86 38,48,64 39,52,71 41,51,71 42,55,74 43,55,77 39,57,83 42,55,74
46,25,0 255,160,0 154,68,0 255,200,84 9,0,12 18,11,0 24,7,8 37,20,0 138,74,7 128,69,0 103,60,15 63,37,12 75,43,13 126,78,4 203,115,8 156,84,0 137,75,0 57,28,0 26,29,40 33,35,49 25,32,46 26,30,43 22,26,39 11,11,11 11,11,11 11,11,11 11,11,11 11,11,11 40,47,59 13,14,19 23,26,35 21,21,31 16,19,26 20,21,26 18,19,24 22,21,26 13,12,17 11,10,15 10,12,12 10,11,14 63,90,129 65,92,131 61,89,125 62,88,121 52,78,113 53,79,114 53,79,112 53,79,114 52,78,115 50,76,113 79,116,152 168,77,42 176,97,35 220,129,21 91,56,29 47,55,85 38,63,87 38,50,83 39,51,73 37,47,65 38,51,70 41,51,71 39,57,83 41,54,73
240,140,0 255,207,0 255,158,0 248,153,0 224,133,0 225,136,0 203,126,0 229,143,0 116,60,0 125,72,4 87,45,7 42,27,7 72,36,7 134,86,14 110,57,0 181,104,0 165,91,0 158,80,0 66,22,0 36,25,20 15,19,23 23,26,33 24,28,41 10,10,10 11,11,11 11,11,11 9,11,11 13,13,13 23,30,42 27,30,39 25,33,40 22,25,32 22,25,36 21,26,36 23,26,33 13,17,19 14,14,22 19,17,29 11,10,13 9,9,17 64,92,126 70,97,136 59,89,127 56,83,124 61,88,127 58,84,121 53,79,116 51,77,112 51,77,112 53,79,114 108,66,53 81,45,25 88,40,11 84,38,24 82,45,32 91,58,51 41,65,94 41,59,83 37,55,81 38,50,72 44,54,74 40,54,77 44,68,97 43,55,77
255,175,0 255,159,0 255,171,0 255,197,0 234,143,0 228,141,0 210,130,0 219,137,40 140,78,6 114,64,2 89,50,7 55,31,7 53,32,5 122,78,25 145,93,20 155,83,0 195,109,0 192,103,2 164,89,17 103,57,27 31,29,25 18,14,6 7,13,14 12,7,9 12,12,12 11,11,11 18,20,20 16,16,13 37,45,63 26,34,43 29,48,67 15,18,27 28,33,43 28,32,45 16,19,28 10,9,12 31,41,47 11,14,21 14,15,18 13,10,14 16,12,21 36,54,82 58,84,121 51,79,115 54,82,118 55,81,118 56,82,119 55,81,118 48,74,111 52,75,113 88,48,52 255,154,76 255,155,80 221,123,52 94,48,30 81,48,39 54,65,92 42,63,98 35,52,74 46,60,81 37,54,76 40,56,83 40,54,77 39,57,83
255,186,0 255,168,13 255,167,6 255,165,21 252,163,22 208,125,3 184,108,14 114,61,18 119,68,1 115,65,3 65,31,0 67,39,10 46,27,2 79,34,0 160,94,8 133,89,11 134,67,0 180,104,0 192,110,0 161,89,7 156,89,23 85,51,19 50,35,24 26,32,35 33,37,39 13,12,17 14,11,15 14,11,15 25,26,31 17,27,47 26,36,52 31,35,50 29,38,51 21,24,33 11,10,13 36,44,53 39,53,63 25,17,34 12,12,12 8,10,10 10,11,16 8,15,29 62,92,130 56,81,121 55,80,120 56,82,119 56,82,119 55,81,118 52,78,115 53,79,116 119,56,50 154,109,61 222,122,59 98,47,10 80,45,20 89,45,33 85,66,70 43,67,98 38,56,82 37,64,92 44,60,87 39,57,81 40,65,91 43,68,94
255,164,22 255,179,34 255,171,25 248,152,23 243,152,25 225,142,24 127,71,22 110,65,1 133,81,21 100,54,15 77,42,15 59,35,11 43,28,8 64,39,11 212,139,29 154,96,14 122,74,2 136,93,19 101,61,9 104,64,12 120,70,8 134,82,9 148,92,18 86,60,35 20,15,17 13,12,15 15,14,17 17,18,21 22,22,22 22,21,24 23,22,27 15,13,21 18,18,26 11,10,15 18,26,31 42,53,64 38,54,65 40,53,70 25,26,45 15,16,19 12,11,14 24,29,39 59,89,127 62,92,130 59,86,127 58,84,121 56,82,119 56,82,119 53,79,114 53,79,116 91,53,55 212,117,56 88,59,39 208,113,52 80,48,32 80,47,38 74,64,65 35,57,87 37,57,85 37,56,87 44,62,88 43,63,91 45,72,100 46,68,98
176,112,45 241,158,40 255,166,42 202,119,36 192,117,31 167,102,38 40,24,18 117,63,13 121,69,19 89,40,0 68,32,3 64,40,16 46,27,15 41,30,15 61,42,19 248,150,4 230,146,17 214,131,13 229,140,20 182,122,29 58,33,14 35,26,18 32,19,12 38,28,18 48,28,10 38,21,13 48,28,19 23,14,10 24,14,13 45,31,33 35,17,12 38,23,14 27,18,29 39,47,52 40,51,62 40,51,62 38,52,62 40,51,62 34,50,59 19,25,26 14,9,11 14,9,11 44,54,70 56,86,126 59,84,124 58,83,123 56,81,121 59,82,118 53,79,116 51,76,116 62,93,126 69,44,25 78,40,19 109,67,43 73,43,28 66,35,27 42,68,103 44,63,96 45,63,89 43,61,89 38,61,86 39,62,89 42,69,97 50,82,110
117,65,17 199,125,48 186,114,48 125,78,46 100,58,36 58,36,30 14,7,5 64,25,0 134,79,25 100,54,13 80,46,14 60,38,18 34,19,10 30,20,8 37,22,13 46,27,15 28,21,21 31,33,16 31,29,25 30,23,7 24,17,20 28,19,13 28,15,12 34,21,18 30,13,14 28,15,8 35,18,8 65,37,24 100,67,42 41,20,16 67,39,26 39,18,16 18,15,19 37,49,57 53,57,61 48,53,63 36,50,60 71,60,57 88,65,52 46,64,79 45,64,85 10,6,15 68,89,124 63,90,129 60,85,125 56,82,119 60,86,123 60,86,123 60,83,121 56,81,121 62,95,128 50,58,78 83,52,40 94,66,55 94,68,58 40,57,77 47,72,98 47,71,102 37,60,87 44,64,92 38,61,88 42,62,90 40,63,90 41,63,93
157,94,45 174,109,47 74,42,28 28,26,27 25,22,28 15,14,19 10,7,11 92,49,16 95,47,4 84,45,6 71,42,11 73,43,17 58,32,9 60,36,10 27,22,24 17,10,8 15,9,16 46,45,50 68,49,35 50,35,13 32,21,16 59,44,35 44,24,6 55,34,19 48,32,19 52,36,21 74,43,22 37,23,9 55,32,19 49,26,23 76,52,28 21,14,12 10,12,12 38,48,56 64,54,53 139,90,52 122,81,54 147,92,51 98,68,53 59,72,89 53,70,90 70,98,134 66,93,132 46,72,109 57,83,120 54,81,120 56,82,119 56,82,119 52,78,115 55,81,118 38,69,100 44,66,96 70,46,24 111,68,49 117,88,82 38,54,81 44,71,101 38,64,99 38,67,96 35,58,83 39,59,87 38,56,84 39,59,85 36,61,87
58,40,37 33,21,23 16,15,20 11,8,12 11,11,11 33,32,37 42,38,47 82,42,6 77,40,0 83,44,12 80,45,9 91,57,27 71,37,7 33,21,9 142,106,59 135,84,45 31,16,7 176,119,61 201,130,19 52,32,12 49,28,5 39,19,1 67,43,19 84,55,33 65,43,25 69,37,21 63,29,7 58,40,21 40,28,18 46,25,23 28,18,22 17,10,10 14,9,8 36,48,56 77,70,70 142,89,46 153,98,44 158,102,55 112,75,60 71,71,79 51,65,86 60,86,119 48,74,111 45,71,106 47,75,109 53,79,114 53,79,114 56,82,117 60,86,123 58,86,120 50,82,110 71,58,51 98,63,48 118,72,46 112,75,60 94,66,53 87,79,45 27,46,40 49,72,99 37,61,90 41,61,89 41,61,89 43,68,94 44,69,95
25,26,31 37,37,45 33,38,46 36,39,50 39,39,51 40,37,52 39,35,46 88,44,6 90,45,12 86,47,6 84,44,8 45,29,25 75,40,15 38,37,40 244,158,37 186,115,19 47,1,0 108,72,43 166,103,11 58,36,18 69,50,15 67,45,27 78,44,22 84,49,24 58,25,0 87,58,38 44,21,6 42,26,13 50,32,27 48,32,19 36,22,24 23,20,24 15,15,12 44,53,66 58,61,72 165,103,45 160,104,55 137,87,45 133,86,54 107,79,70 60,67,81 51,71,87 46,70,101 48,71,107 52,73,108 48,74,107 55,81,114 55,78,114 53,78,120 17,27,19 21,29,19 92,61,38 112,70,48 121,75,49 109,73,53 109,83,71 66,57,30 30,42,24 22,52,45 42,65,88 36,56,84 41,61,89 44,68,97 46,68,98
24,24,34 36,36,46 37,37,49 37,37,47 38,38,48 42,37,53 43,41,53 102,56,26 73,36,12 77,49,20 77,40,0 107,65,27 24,17,15 136,87,36 196,125,31 197,116,14 244,161,39 180,119,38 186,114,27 49,27,9 80,56,30 66,35,16 53,25,14 95,55,32 85,54,31 54,35,12 63,33,18 55,32,17 68,49,37 39,30,22 28,21,24 19,19,19 11,11,11 44,53,66 52,60,67 175,110,46 157,98,50 173,108,46 135,86,50 86,64,58 58,64,81 52,69,89 46,69,103 45,68,102 51,72,107 51,75,106 48,76,110 60,83,119 45,62,68 18,29,18 19,32,20 59,38,23 101,67,45 100,66,44 98,64,44 99,72,56 105,89,83 36,46,22 21,46,41 20,59,58 35,58,85 36,56,80 40,60,88 44,68,97
32,32,42 35,35,45 35,38,47 38,38,48 39,39,49 43,41,53 48,39,50 61,28,3 50,27,12 73,32,16 51,33,12 42,21,6 36,36,44 200,131,48 218,142,33 248,160,35 210,130,22 223,140,31 180,110,34 53,21,7 87,60,15 67,36,15 89,62,46 69,39,13 87,60,42 54,30,22 65,39,27 21,9,0 16,12,6 33,28,27 25,23,24 22,23,26 12,12,12 38,45,57 44,55,68 159,103,54 183,109,39 161,104,44 82,61,50 145,92,51 101,75,65 54,67,84 63,86,113 46,69,105 48,66,102 51,70,101 50,78,114 56,82,119 13,31,18 17,29,20 23,26,18 28,34,23 87,58,36 68,48,28 58,40,19 59,44,22 74,60,31 64,78,48 13,32,23 17,38,34 40,60,86 39,57,85 42,62,90 41,63,93
36,36,46 36,36,46 37,37,47 37,37,47 34,37,46 41,37,46 47,40,50 40,38,46 50,48,58 108,86,66 151,107,56 120,79,34 195,134,48 247,160,30 221,141,33 222,139,30 226,143,34 220,137,28 187,114,39 120,76,46 35,40,50 27,36,38 30,23,23 30,21,17 23,18,15 19,17,13 21,15,10 25,12,5 41,30,27 21,16,15 20,18,19 18,19,22 16,14,15 24,33,35 60,57,63 199,115,32 163,107,42 161,100,55 150,90,49 108,71,47 85,72,67 58,65,79 52,76,94 44,71,101 48,74,111 55,73,111 49,74,114 59,84,124 17,28,17 16,27,16 13,23,15 21,29,17 23,28,24 20,30,24 25,31,18 35,38,26 22,35,19 28,62,48 16,29,28 19,34,22 19,28,28 37,60,85 39,57,83 38,63,89
36,36,46 37,37,47 36,36,46 37,37,47 40,38,48 45,41,50 42,35,45 51,38,46 145,87,25 165,99,24 206,131,34 246,158,22 245,148,0 255,172,11 255,187,28 255,178,33 255,168,29 255,165,36 194,111,21 173,106,38 120,76,38 90,58,44 91,63,36 60,50,40 35,40,46 34,42,49 30,40,44 34,42,47 20,22,22 20,20,20 20,19,22 9,9,9 21,23,20 10,11,14 36,46,54 124,79,44 190,122,50 130,74,50 149,93,44 44,29,7 21,15,8 20,25,35 30,49,68 33,45,69 52,73,112 50,75,115 51,76,116 57,84,125 10,17,15 22,27,23 31,41,35 20,26,13 24,35,22 22,33,20 31,32,22 22,30,16 24,32,20 30,44,35 21,47,84 15,30,16 17,32,18 43,57,67 38,66,91 44,72,97
36,36,44 36,36,44 36,36,44 40,36,47 43,36,48 45,36,47 45,36,47 57,29,27 190,119,30 190,117,17 252,159,13 245,143,0 255,181,22 255,178,26 255,196,32 255,160,12 255,180,36 238,142,17 218,128,15 214,133,31 185,116,35 156,93,24 135,83,33 128,83,48 113,73,50 89,60,40 71,53,48 42,52,58 37,49,57 37,49,57 35,47,55 30,38,43 15,17,17 6,7,10 45,51,54 147,73,3 121,72,32 110,58,0 85,47,0 38,24,8 21,14,12 27,35,44 28,41,58 24,32,48 24,28,41 49,62,92 69,104,152 68,92,141 10,11,14 9,11,8 95,129,157 21,34,51 29,30,20 24,22,20 25,28,20 22,24,19 28,31,19 26,39,25 53,80,110 0,18,35 19,29,21 18,31,19 42,55,81 37,60,85