24,31,56 28,44,80 30,50,103 19,46,85 20,18,30 30,23,37 37,67,119 39,42,60 34,33,48 27,31,46 26,32,49 66,33,54 76,37,48 75,32,42 53,31,39 26,33,45 29,32,50 29,36,50 26,31,41 25,25,37 21,23,37 21,24,35 23,23,33 25,33,51 23,41,58 24,38,61 53,38,58 64,36,53 46,35,44 21,26,34 25,27,41 23,30,44 26,32,49 24,31,43 23,30,44 22,29,43 20,27,39 23,26,37 25,28,37 29,32,52 30,35,59 28,36,56 29,36,59 32,38,59 33,37,52 32,36,51 32,32,42 28,28,38 24,24,32 22,22,30 20,20,28 22,21,26 20,22,22 22,23,26 26,24,32 27,27,35 21,21,31 23,23,31 22,25,32 21,24,33 23,23,35 19,22,31 21,24,33 20,22,36
23,13,17 21,21,31 23,42,75 22,48,94 27,53,90 22,15,27 25,29,60 36,64,118 24,32,52 25,29,44 30,27,42 52,34,45 60,37,48 59,44,52 31,35,50 27,34,46 30,36,53 28,39,52 28,33,43 23,31,40 23,25,39 23,26,37 21,30,43 33,39,56 30,43,69 29,47,75 34,45,72 49,37,67 43,36,48 24,29,37 26,28,42 27,34,48 30,36,53 25,32,44 23,30,44 23,30,44 19,26,38 23,26,37 27,30,39 31,34,54 26,40,61 30,39,62 33,42,65 31,39,57 37,43,60 32,36,51 28,28,38 29,29,39 24,24,32 22,22,30 20,20,28 22,21,26 20,22,22 22,23,26 26,24,32 23,23,31 20,20,30 22,22,30 22,25,32 22,25,34 20,25,35 19,22,31 21,24,33 18,24,41
30,15,6 27,14,9 24,16,22 22,24,49 24,45,84 23,45,86 21,21,33 20,31,62 42,67,118 26,35,46 27,29,43 60,36,42 65,39,45 57,42,62 30,38,54 28,38,56 31,39,55 27,38,51 24,32,41 29,36,50 31,37,54 29,36,50 26,30,43 22,29,41 24,24,32 25,30,40 48,31,37 43,28,36 26,28,44 26,33,45 28,36,52 31,37,54 32,38,57 29,36,48 27,34,46 27,34,48 20,27,39 21,24,33 23,23,31 28,28,36 25,28,35 24,24,32 23,26,33 32,38,55 33,40,54 31,35,48 27,27,37 29,29,39 27,27,35 24,24,32 22,22,32 20,19,24 18,19,22 21,22,25 25,23,31 25,25,33 23,23,33 24,24,32 21,24,31 21,21,31 20,23,34 18,27,38 22,29,43 21,21,31
35,13,5 34,12,4 29,12,4 26,12,17 25,24,41 23,41,77 21,39,77 19,15,35 33,34,66 36,57,105 29,37,53 50,37,45 55,40,60 48,42,63 33,42,67 35,43,63 31,39,59 29,35,54 29,36,50 31,37,54 33,43,63 30,40,60 30,36,53 29,32,43 22,29,43 32,35,55 38,36,56 41,34,48 28,29,48 27,34,46 31,39,57 31,37,56 29,36,48 30,37,51 27,35,44 28,28,38 27,23,32 23,23,33 24,24,32 28,28,38 28,31,49 29,35,52 31,37,56 32,39,53 35,39,54 29,38,51 26,33,45 28,32,47 25,33,40 25,30,38 23,23,31 21,21,29 21,21,29 22,22,30 24,24,32 30,28,36 21,21,29 21,22,27 23,23,33 22,24,38 21,24,35 17,25,34 18,25,37 20,25,33
29,12,13 35,12,9 35,13,7 30,14,8 24,14,15 25,22,26 21,33,57 17,42,82 16,18,32 26,30,45 33,60,119 51,39,55 53,37,62 55,46,70 37,47,65 36,47,74 37,50,76 37,45,65 32,40,58 34,40,59 34,40,57 34,41,55 33,39,56 32,39,51 29,33,48 29,37,55 47,39,58 46,34,48 23,26,35 28,33,43 34,40,59 34,44,64 31,41,59 32,39,53 27,35,44 31,31,39 30,30,40 28,28,38 29,29,39 28,28,38 29,33,48 33,43,61 30,39,62 38,44,65 38,44,61 32,40,58 29,38,49 27,35,40 28,33,43 29,29,39 24,24,34 23,23,33 25,25,35 27,27,37 26,29,38 27,32,40 26,29,38 27,25,35 18,26,33 20,23,32 20,23,32 18,25,37 19,24,32 20,25,35
15,10,9 17,10,13 29,11,8 31,14,4 33,13,6 27,14,9 22,15,25 21,35,72 23,49,95 20,24,37 36,51,94 38,57,106 47,38,53 52,47,65 39,47,67 37,53,78 37,53,78 35,47,71 35,44,67 35,43,63 34,40,57 36,43,57 37,45,65 37,45,63 27,34,48 31,37,54 43,40,57 46,34,46 25,28,37 29,36,48 32,41,54 34,44,62 37,45,65 29,39,59 30,38,58 30,39,52 30,36,53 31,37,56 30,35,59 33,35,51 43,54,83 36,45,68 33,45,67 42,52,72 42,56,79 38,56,80 39,52,78 35,53,77 32,48,73 32,50,74 31,40,65 30,38,58 25,32,46 27,32,42 31,35,48 30,39,52 28,33,43 25,28,39 23,26,37 22,25,34 20,25,33 18,25,37 22,27,37 24,29,39
14,12,8 14,12,8 16,9,7 19,10,6 30,15,6 32,16,3 28,12,6 22,12,13 19,27,47 20,43,81 15,23,41 34,45,85 49,55,85 56,50,73 38,50,72 38,54,81 38,56,84 38,51,77 37,51,74 37,51,72 38,46,64 40,43,61 33,41,59 38,43,78 41,38,67 17,16,31 23,18,20 20,14,21 13,24,53 43,51,97 36,44,74 66,76,121 41,51,71 32,45,62 33,43,61 31,44,63 30,40,60 36,42,63 47,64,107 24,10,15 17,15,16 34,41,92 71,114,195 56,95,173 61,98,163 34,52,80 34,52,90 34,57,95 31,52,87 31,57,90 30,57,98 38,64,110 36,57,103 33,46,76 32,38,57 34,40,59 31,35,48 27,34,46 26,30,43 22,27,37 22,27,37 32,36,51 22,26,39 21,25,38
22,11,8 22,11,8 19,10,6 17,10,8 19,9,8 30,12,7 28,15,8 31,15,9 26,13,10 26,22,33 26,39,58 25,23,35 29,49,102 47,59,92 41,50,75 37,53,80 37,50,80 35,48,76 35,50,68 40,50,70 36,49,68 37,43,64 29,30,62 34,30,41 28,20,26 22,16,21 23,15,21 21,13,32 13,10,16 25,13,13 58,62,102 63,74,130 36,45,88 36,51,85 48,57,96 53,57,99 45,51,81 30,24,31 32,55,109 12,12,9 13,11,9 17,14,18 54,63,113 77,136,232 64,112,190 38,54,90 34,50,86 33,54,91 33,54,93 31,53,96 34,58,103 40,66,114 37,62,104 32,55,91 31,41,61 34,44,64 32,38,55 30,36,53 26,33,47 26,30,45 24,28,41 22,26,39 23,29,46 29,35,54
34,13,11 34,13,11 26,15,10 23,12,9 19,10,6 20,9,4 24,10,10 29,12,13 27,13,15 24,14,15 19,17,25 25,26,45 24,22,34 42,54,103 41,53,86 33,50,70 34,45,72 34,48,71 36,48,72 38,51,77 37,53,78 33,39,60 30,18,30 20,12,18 24,13,20 34,29,28 24,30,33 19,19,19 14,10,19 24,21,27 43,42,73 47,56,95 49,58,99 49,58,101 45,46,76 47,38,64 40,28,42 28,23,25 30,20,38 13,12,17 13,11,9 18,13,15 33,29,38 28,44,69 46,67,115 40,53,81 36,52,79 34,52,76 29,53,84 30,48,84 35,56,93 32,55,93 35,52,95 31,53,94 32,57,99 32,54,95 30,40,60 32,38,55 31,37,54 30,36,53 26,32,51 29,35,54 28,32,47 22,28,45
37,13,7 39,15,9 41,13,11 34,14,7 26,15,12 28,18,22 20,14,19 16,8,16 19,9,8 23,11,13 26,14,16 25,13,15 25,13,15 26,16,17 26,21,23 36,33,48 43,50,75 35,48,74 32,48,73 37,51,74 44,50,69 30,27,44 23,10,18 21,17,11 22,16,21 144,135,59 73,77,60 32,35,46 49,47,71 57,52,91 57,60,109 42,47,96 53,65,116 58,70,119 57,54,97 47,38,62 41,28,36 34,20,33 30,17,27 25,14,21 22,15,18 19,13,18 20,13,23 26,23,40 34,34,60 34,52,78 33,51,87 33,50,93 31,53,94 30,51,86 31,48,81 28,46,82 30,51,86 28,49,84 30,49,82 34,53,84 36,45,70 33,43,63 36,44,64 32,40,60 30,38,58 30,38,58 29,35,54 25,31,48
32,11,9 33,12,10 31,13,8 34,14,5 33,12,8 23,14,10 18,8,7 16,9,7 17,10,8 15,10,9 15,10,9 12,10,11 17,9,15 17,10,13 14,12,13 19,9,10 22,12,16 20,12,20 38,36,58 40,49,72 24,15,28 29,20,35 24,20,29 30,28,29 26,19,33 34,27,39 39,39,67 44,50,80 37,36,69 51,55,99 73,77,129 63,78,137 60,74,126 49,53,95 42,39,66 44,30,45 43,29,34 41,23,32 36,21,29 30,19,28 27,19,27 22,16,21 31,27,38 44,51,88 57,78,128 49,61,96 33,49,78 34,52,78 34,52,78 33,49,74 32,48,75 32,50,78 33,48,80 32,49,82 33,48,80 32,51,82 34,46,68 36,45,68 36,44,64 31,39,59 31,39,59 32,39,62 31,39,59 32,36,51
21,11,10 21,11,10 21,11,10 22,11,8 31,13,12 28,15,10 16,9,9 13,11,9 15,10,9 16,9,9 16,9,9 17,10,10 16,11,13 14,12,13 15,10,9 12,12,9 13,11,9 13,11,9 13,11,12 17,14,18 49,40,64 60,51,91 32,28,50 27,27,39 36,33,50 51,51,79 38,36,60 43,34,58 73,72,114 60,72,134 53,60,111 48,50,91 47,41,73 44,36,55 49,31,40 47,30,36 46,27,34 44,27,33 39,24,32 30,21,32 27,18,29 26,20,27 21,18,24 32,36,67 34,52,121 49,72,135 34,48,71 35,51,76 36,54,80 36,54,80 32,48,75 32,45,71 31,44,72 29,45,70 34,47,73 35,49,72 33,40,63 32,40,60 33,41,59 31,39,59 30,40,60 33,43,63 34,48,71 36,44,64
22,11,8 22,11,8 22,11,8 21,12,8 21,12,8 21,12,8 19,9,10 13,11,9 13,11,9 12,12,9 12,12,9 13,11,9 14,9,8 21,11,12 24,12,17 24,14,18 19,9,13 19,9,13 21,10,19 12,11,14 53,54,104 61,63,106 52,60,108 42,42,68 41,38,55 37,34,49 43,39,59 56,51,90 54,56,97 43,42,75 42,32,50 45,31,44 47,30,36 50,28,31 54,28,32 51,27,31 51,26,27 47,26,26 42,23,27 34,21,29 26,18,24 21,13,21 20,11,22 31,32,64 26,37,64 42,59,102 43,46,66 37,54,85 39,58,89 37,56,89 32,52,80 32,50,78 31,47,74 33,45,69 32,46,67 36,45,68 37,45,65 37,43,62 32,38,55 31,39,57 31,41,61 35,45,65 33,45,69 33,45,67
28,13,4 28,13,4 26,13,8 26,13,8 24,13,10 20,9,6 19,10,6 13,11,7 13,11,7 19,7,7 30,14,10 21,11,12 19,12,15 15,10,9 15,10,12 22,10,15 16,15,20 31,56,98 35,56,93 58,55,84 46,47,79 34,32,56 33,29,53 30,25,43 39,26,47 47,43,67 39,35,55 47,38,60 48,30,41 46,27,29 46,27,29 50,28,33 55,27,29 57,29,31 57,29,27 53,28,25 51,26,25 46,24,16 39,18,14 37,13,17 32,13,15 40,19,17 33,12,8 39,16,17 45,23,26 36,14,17 44,35,57 39,57,93 41,59,99 39,60,95 39,57,93 35,53,79 34,52,78 32,50,76 33,50,72 35,47,71 36,43,66 33,41,59 30,40,56 31,41,59 34,40,59 32,44,68 32,44,66 29,41,63
32,14,11 32,14,11 32,14,11 28,12,8 26,13,8 24,13,10 20,9,4 21,11,10 28,15,8 34,14,5 19,9,8 17,10,10 13,11,9 10,11,14 32,14,9 35,17,14 19,14,11 15,15,15 36,62,128 60,60,97 31,25,46 30,25,41 30,26,39 28,24,37 32,24,43 30,26,39 40,26,43 47,30,36 48,27,27 51,28,29 50,28,31 48,27,25 59,31,29 63,27,21 51,31,24 45,24,20 61,28,28 32,27,29 52,24,15 20,13,11 44,19,16 34,20,20 37,25,27 21,11,12 33,10,7 22,17,16 43,65,106 42,63,100 40,63,101 43,61,101 39,58,91 36,54,80 35,53,79 34,52,78 34,52,80 35,49,70 36,46,66 35,43,63 33,43,63 35,44,69 37,51,74 35,48,76 31,49,77 29,47,73
22,10,12 24,12,14 31,14,17 30,14,12 31,17,19 33,16,17 31,14,15 30,13,3 33,14,2 30,12,9 13,13,13 18,8,7 18,8,7 34,17,9 19,7,7 13,11,9 13,11,9 13,11,9 47,42,60 38,32,55 35,27,46 33,25,42 28,23,41 27,24,41 27,23,32 33,24,37 43,25,34 46,28,27 51,26,25 53,28,27 53,28,27 60,27,27 70,25,22 46,21,20 34,20,22 36,21,29 27,21,26 47,24,21 56,27,23 21,14,14 63,31,28 34,27,27 47,51,64 34,12,15 24,10,10 30,32,46 45,70,110 45,68,106 39,62,100 41,59,99 35,54,87 36,52,77 33,49,78 33,49,76 37,51,74 38,48,68 35,44,67 38,44,65 35,43,63 33,45,67 37,50,78 35,53,79 33,49,76 30,44,65
17,10,10 16,9,9 15,10,9 15,10,7 16,9,9 18,12,17 21,13,19 23,13,14 23,16,16 26,19,22 20,15,17 22,12,16 34,13,13 16,11,10 13,11,9 13,11,9 13,11,9 14,12,13 44,36,53 36,27,40 34,26,43 28,24,37 30,23,37 28,21,33 33,20,30 38,20,29 44,25,27 48,27,25 51,26,23 51,27,21 53,29,23 62,28,24 58,26,23 39,20,22 37,18,20 37,20,23 17,10,13 58,33,32 23,13,14 16,11,8 36,54,80 67,27,33 35,56,91 63,18,22 23,13,14 45,65,107 45,68,106 44,67,105 40,63,101 37,60,98 34,54,82 34,52,76 35,44,69 38,45,70 34,51,82 33,49,76 38,47,70 36,44,64 35,43,61 35,48,67 37,50,78 39,52,78 32,48,73 30,39,62
19,9,8 24,14,13 29,17,19 28,14,16 25,13,13 21,11,12 22,10,10 19,9,8 14,12,10 16,9,9 17,10,10 30,14,12 13,13,8 13,11,9 13,11,7 15,10,9 12,11,14 12,9,13 33,23,41 31,22,35 36,27,42 30,24,31 29,22,32 40,23,26 44,22,30 40,23,26 46,25,25 51,26,27 53,26,21 51,27,21 55,28,23 62,28,24 60,21,18 15,9,14 40,26,26 38,24,26 25,13,18 13,13,10 14,12,13 13,15,12 39,54,97 40,54,95 34,60,95 67,58,80 38,45,68 44,62,98 40,63,101 41,62,101 39,65,102 37,63,100 34,54,96 34,52,76 33,45,69 33,44,71 34,46,70 34,46,68 35,47,69 38,45,68 34,46,68 36,48,70 37,50,76 35,51,76 39,51,75 30,47,69
24,13,10 20,9,6 13,11,7 22,22,32 34,37,59 27,40,59 29,38,61 32,38,59 26,32,51 29,31,47 22,24,40 24,20,31 24,15,26 16,9,12 17,10,10 17,10,13 13,12,3 28,18,38 34,25,40 29,22,32 38,23,33 39,25,27 40,26,28 45,22,23 55,27,27 54,24,25 53,25,25 61,26,27 58,26,23 54,25,21 59,27,24 65,26,23 48,24,18 14,12,13 14,11,15 21,13,19 26,18,24 30,17,27 30,17,25 35,22,17 31,19,33 25,21,34 22,21,38 20,31,58 32,52,80 33,51,89 31,53,85 36,59,93 40,58,96 39,57,95 35,53,89 34,52,78 29,49,75 30,46,73 31,49,77 33,49,76 34,52,80 34,52,80 32,50,76 35,48,74 37,51,74 34,52,78 34,52,78 32,45,71
24,13,10 24,13,10 21,11,10 16,9,21 38,32,57 34,43,66 31,43,67 31,40,63 33,47,68 34,48,69 32,51,70 39,51,73 44,60,87 42,65,92 44,54,74 34,25,36 66,80,130 34,25,47 33,23,43 27,23,34 48,25,26 53,24,29 55,26,31 56,25,31 53,23,24 59,24,27 56,24,21 65,26,23 60,28,25 54,25,21 60,26,24 65,24,22 32,15,7 14,12,13 15,9,14 21,13,19 20,12,18 17,14,20 17,14,18 50,51,81 39,54,86 42,53,80 38,54,83 41,52,79 35,55,83 34,53,84 31,53,85 31,54,88 35,53,91 33,51,89 35,53,89 34,52,78 29,49,75 30,48,74 30,48,74 35,48,74 37,50,76 34,52,78 33,49,76 33,49,78 33,49,76 34,52,80 34,53,86 37,53,80
19,9,8 21,11,10 19,9,8 24,13,10 18,13,12 26,21,39 51,58,95 46,58,91 33,46,72 31,45,66 33,45,67 38,52,73 39,55,84 60,78,114 61,90,147 24,29,39 21,18,24 26,19,19 31,19,35 27,20,30 43,21,29 55,20,21 60,24,32 51,23,23 64,24,26 55,22,24 63,23,25 66,25,25 72,26,26 62,25,22 58,26,23 53,21,16 27,14,11 13,11,12 12,12,12 15,9,14 13,11,12 13,11,12 14,12,10 51,50,81 44,52,84 38,51,77 40,53,81 42,53,80 43,59,88 40,60,86 34,52,78 37,50,78 32,51,82 32,49,80 33,53,81 34,52,78 32,50,78 31,49,75 32,50,76 35,49,70 36,52,79 37,54,85 32,49,82 34,52,80 37,52,84 33,52,85 34,56,88 32,53,88
19,12,12 17,10,10 17,10,10 17,11,6 22,13,9 16,11,13 29,30,53 38,61,117 45,64,113 34,46,70 39,50,77 67,94,151 53,67,104 37,24,43 58,25,29 75,23,29 65,34,52 29,20,31 26,24,36 28,21,31 32,19,29 46,22,26 57,27,30 48,23,20 64,24,28 64,22,25 64,23,23 64,23,21 69,24,19 70,27,23 60,26,24 50,23,16 34,17,9 13,11,9 15,10,7 13,11,9 13,11,9 13,11,12 11,11,11 54,59,94 45,50,76 50,47,74 54,48,69 57,55,77 60,63,83 49,63,84 36,54,82 30,49,80 31,49,77 30,49,82 32,51,82 33,52,85 34,51,82 35,53,81 34,52,80 37,53,82 35,52,85 34,53,86 33,51,87 31,48,79 34,50,86 35,60,102 40,67,108 42,68,112
29,32,52 33,35,51 20,14,19 17,10,10 19,9,10 19,10,6 13,11,7 29,27,51 38,74,148 58,85,154 38,46,76 67,26,26 78,40,44 58,53,69 35,55,79 36,54,78 39,52,80 38,43,67 26,19,31 24,20,29 30,18,30 36,22,27 52,23,28 56,23,25 65,23,26 57,23,21 59,25,23 61,24,23 65,24,24 68,25,21 69,23,23 59,22,19 44,21,18 38,20,19 32,14,13 19,9,10 15,10,9 13,11,12 11,11,11 17,14,18 48,50,75 52,47,74 63,52,77 61,63,79 70,71,92 53,66,85 44,53,78 34,47,73 33,52,85 37,53,89 33,54,91 35,53,89 34,51,84 34,51,82 34,52,80 34,52,78 34,51,82 36,54,82 42,60,88 44,59,91 44,61,94 40,60,104 39,64,106 42,67,109
31,37,58 33,39,60 39,42,62 42,42,52 16,14,15 16,9,9 17,10,10 25,24,27 52,54,81 72,56,96 73,56,90 44,54,72 42,54,76 37,54,74 36,48,72 38,52,75 28,38,56 22,22,34 27,19,25 26,18,24 26,17,30 29,18,27 38,21,24 52,24,24 58,25,25 58,25,25 59,25,23 61,24,23 63,24,23 63,23,25 64,23,21 64,23,21 50,21,15 44,19,16 41,20,16 36,18,15 34,30,43 14,11,15 12,12,7 13,11,12 16,14,22 34,37,59 62,60,84 76,72,96 71,79,99 57,69,91 46,59,85 35,53,77 36,54,82 36,55,88 39,61,102 39,60,99 35,53,89 35,53,89 32,50,86 29,47,83 31,52,89 29,48,81 35,55,97 41,59,95 47,61,100 50,65,108 45,67,110 38,62,107
34,40,61 34,40,61 33,46,65 36,46,66 38,44,63 16,15,18 15,10,7 18,8,9 16,14,15 31,25,48 49,65,133 44,60,112 40,50,70 33,45,67 38,44,65 24,31,45 25,23,31 46,18,18 63,19,18 46,17,22 29,18,27 27,20,32 36,19,25 39,21,20 50,22,24 58,25,27 61,23,25 61,24,23 56,22,20 57,23,21 56,22,20 56,22,20 53,21,18 46,22,16 44,20,14 42,20,14 38,20,19 35,37,62 30,38,56 12,12,9 12,12,7 10,11,16 30,36,55 57,68,99 63,76,106 55,68,96 46,62,91 40,60,86 40,59,92 40,59,92 38,64,99 40,62,103 36,55,88 34,53,86 34,55,92 31,52,87 30,52,93 31,54,92 25,48,82 37,62,102 45,66,112 47,64,109 41,63,106 41,67,111
39,44,68 39,44,68 39,46,69 36,46,66 37,43,64 37,38,59 12,12,12 12,12,9 14,12,13 21,15,20 35,35,61 31,42,73 37,45,61 35,56,93 35,49,70 49,17,12 75,24,27 61,36,48 55,32,33 51,23,23 25,22,28 20,19,24 37,19,16 44,19,18 46,21,20 51,23,23 54,24,25 59,24,25 59,25,23 59,25,23 57,23,21 58,21,20 58,21,20 58,21,20 54,22,19 49,17,12 43,19,13 38,22,18 38,43,67 34,46,79 16,15,20 16,14,15 13,11,12 14,19,29 47,65,103 65,80,125 56,73,104 50,68,106 47,65,101 44,62,98 41,62,97 41,62,99 42,60,88 38,56,80 36,54,80 32,50,78 32,49,82 39,56,87 37,60,98 30,53,91 35,60,100 43,64,110 41,63,104 41,66,108
40,36,56 45,41,61 48,44,66 40,43,65 37,43,64 35,36,59 24,22,32 12,10,8 14,11,15 21,17,26 27,29,56 30,49,82 55,76,124 51,43,62 83,30,32 44,33,42 19,18,21 13,13,13 19,16,20 57,19,21 24,25,30 38,10,12 59,21,11 50,20,19 41,20,18 46,21,20 51,21,22 56,21,22 63,24,23 64,24,19 68,24,23 67,24,18 72,24,22 71,23,21 70,22,20 64,21,17 52,21,13 44,15,11 34,18,12 35,43,75 32,44,79 24,40,67 13,11,12 12,11,14 17,15,13 40,53,97 69,83,131 58,76,116 54,72,108 50,68,104 42,63,100 47,63,92 78,50,67 68,52,69 49,56,81 40,52,74 38,50,72 37,51,74 33,49,76 33,56,94 34,57,95 31,54,92 38,63,105 38,63,105
37,33,57 38,34,58 34,32,56 35,33,57 32,30,52 24,23,40 16,14,22 22,21,26 28,23,41 36,34,56 46,53,104 50,58,90 69,44,58 48,56,102 35,37,62 35,34,49 33,36,58 43,42,75 15,14,17 31,27,36 39,14,15 94,32,32 70,24,26 64,20,19 54,22,19 55,20,21 52,19,19 56,21,24 64,23,21 67,23,22 70,25,22 76,28,26 83,28,24 83,28,24 80,28,23 79,27,22 68,23,16 54,21,14 34,12,4 31,15,9 33,37,50 25,41,66 26,39,67 25,33,51 10,12,9 34,32,54 58,70,121 58,78,120 63,71,99 61,65,94 47,67,95 75,60,91 132,67,75 113,63,69 71,63,82 48,65,96 46,63,96 43,65,106 42,62,104 28,47,80 35,53,91 34,59,99 27,50,86 36,62,99
15,18,29 26,22,31 27,19,38 20,16,27 24,22,34 28,24,37 21,19,20 14,11,17 21,22,43 49,62,92 31,39,67 79,49,64 47,49,76 19,23,36 28,26,48 44,44,70 25,21,32 28,23,41 26,24,32 27,22,24 66,23,17 108,36,38 113,41,45 101,34,36 78,30,28 73,24,25 71,27,26 66,25,23 81,31,29 80,30,28 83,37,39 65,46,62 49,50,73 49,50,73 54,50,72 66,47,63 86,31,27 75,25,23 52,21,13 35,12,9 24,13,10 23,17,24 37,43,71 35,38,60 23,41,69 28,41,60 66,69,116 62,79,112 60,83,110 51,67,96 50,61,88 53,68,102 108,68,85 130,77,81 58,64,85 53,64,91 46,64,100 46,64,102 43,61,99 47,65,103 41,59,87 28,50,82 39,62,100 35,56,95
41,56,113 39,58,118 35,63,138 44,55,111 19,17,15 20,14,19 22,16,21 24,24,36 49,52,72 57,43,48 46,21,22 19,21,37 26,29,51 14,18,22 27,25,35 27,25,45 38,32,55 26,22,35 24,25,28 74,25,26 80,25,14 85,29,23 92,29,25 94,31,27 102,34,30 116,38,28 119,34,24 42,43,64 35,42,67 31,49,75 33,52,85 33,56,90 36,59,95 36,59,95 38,56,84 47,51,80 64,51,70 79,50,57 68,28,23 61,21,16 47,15,10 50,16,12 58,20,14 62,34,51 42,48,76 43,47,76 62,77,122 64,82,110 75,83,113 78,78,106 79,73,94 77,71,94 108,62,78 150,69,76 101,70,90 74,71,98 58,74,101 55,76,113 51,73,114 48,71,109 53,71,111 49,66,99 35,51,76 41,63,104
37,18,22 34,20,20 30,21,34 33,26,40 22,16,23 21,13,19 25,14,21 19,16,22 37,58,108 17,16,19 13,11,12 26,23,40 24,22,32 16,9,7 25,20,36 37,34,61 35,27,44 25,25,35 59,24,27 42,15,8 84,33,25 98,34,35 107,40,40 112,43,48 119,42,36 118,35,22 115,34,23 29,38,61 33,45,67 34,51,82 35,53,91 36,59,97 36,59,97 38,61,99 39,56,87 56,56,82 74,53,70 82,55,67 83,57,61 78,32,32 75,26,17 75,26,17 76,25,17 77,25,22 75,25,19 72,43,50 136,79,91 127,72,88 142,73,85 146,71,78 95,89,110 97,90,120 109,78,100 96,80,97 78,75,104 70,81,110 104,78,106 65,73,105 53,68,100 48,70,100 46,66,92 48,60,82 43,55,79 39,52,82
47,24,25 47,24,21 44,21,18 46,13,13 41,16,13 40,16,10 38,15,12 38,15,12 35,12,9 31,13,8 15,10,12 17,13,24 22,20,30 22,11,18 26,18,24 30,24,45 30,28,38 46,24,27 45,16,10 53,20,13 72,18,9 80,22,12 97,31,28 102,32,26 109,31,21 123,34,23 98,41,42 28,40,62 29,45,70 30,50,78 34,52,90 33,56,94 34,57,95 36,59,97 43,60,93 60,60,86 86,55,75 89,53,66 82,56,62 73,53,63 81,49,46 92,34,38 93,26,26 86,26,26 84,32,31 78,75,118 78,79,111 129,76,89 101,92,118 75,96,131 75,102,130 77,100,127 76,96,122 78,92,115 86,95,120 123,85,87 133,69,81 111,78,99 100,68,95 67,68,98 64,79,111 49,65,94 52,64,97 53,69,105
31,15,11 29,13,9 27,14,9 43,18,19 52,24,26 48,23,22 47,17,18 58,20,22 54,21,21 44,17,12 26,13,10 12,11,16 18,16,24 26,16,20 25,14,21 29,21,38 58,30,30 36,15,13 45,17,15 70,25,18 82,28,21 91,32,25 99,32,32 115,38,32 121,37,27 136,35,26 62,35,47 29,41,63 33,46,76 34,51,82 34,52,90 34,55,94 32,57,97 39,61,102 42,60,100 64,64,92 98,67,87 108,71,87 100,73,87 84,74,94 72,64,83 76,60,77 80,64,89 81,80,111 76,87,118 75,91,131 82,111,168 123,104,138 116,80,102 89,83,115 83,98,132 71,92,129 85,101,128 87,101,124 85,99,122 129,88,110 137,91,104 142,99,123 143,94,116 113,81,106 70,82,115 61,82,121 62,83,120 61,82,119
17,14,18 23,20,26 24,24,36 33,21,33 36,23,33 33,20,17 44,21,22 59,28,39 64,36,55 61,34,48 45,22,23 24,13,20 15,15,23 14,11,15 26,15,22 26,13,23 28,14,16 34,15,17 52,16,10 62,17,12 88,36,33 100,40,40 112,42,50 123,44,37 132,40,30 137,30,21 47,40,54 27,41,64 28,47,78 32,49,80 30,48,86 30,51,90 31,53,94 30,55,95 37,57,101 67,62,91 104,66,87 118,73,81 109,75,87 94,74,95 85,70,92 73,71,95 75,80,104 71,81,101 78,91,117 78,90,123 83,100,143 82,103,149 113,78,109 159,75,85 101,90,124 70,78,110 58,64,94 55,60,84 48,61,91 57,64,87 52,64,86 63,76,102 74,96,139 77,98,135 58,79,116 67,83,123 68,88,130 63,88,128
13,11,9 13,11,9 13,11,9 13,11,12 24,22,32 25,23,45 26,22,35 31,19,35 34,19,27 27,14,24 28,17,26 30,18,23 32,18,23 31,17,22 27,13,18 29,15,20 34,19,10 40,20,13 56,23,23 79,28,18 95,32,26 97,33,32 114,42,44 125,40,35 130,38,26 133,38,25 39,42,64 30,47,69 28,48,76 30,49,82 29,48,81 32,50,90 32,54,95 33,55,96 42,60,100 65,61,93 98,60,81 108,66,85 111,70,92 94,83,119 83,84,116 73,80,115 64,72,102 72,81,106 70,81,108 75,91,120 75,92,135 85,111,157 91,119,171 55,80,131 59,75,104 77,75,99 72,64,81 70,64,87 57,60,82 62,73,102 66,74,104 71,75,104 66,81,115 68,86,126 65,86,125 52,69,102 79,75,97 120,87,110
13,11,9 13,11,9 13,11,9 13,11,12 16,8,14 21,11,10 25,15,16 29,14,22 29,14,22 29,15,17 27,14,22 29,15,20 31,14,20 32,17,25 33,18,26 33,18,28 37,19,14 47,22,19 66,25,23 81,29,24 100,33,33 106,39,39 118,46,52 126,41,38 130,43,31 80,46,55 52,46,67 42,44,71 34,45,72 29,45,72 27,45,73 29,46,79 32,48,84 34,52,90 36,52,88 64,63,94 86,66,89 92,71,97 90,65,88 85,65,88 88,87,129 78,89,131 82,93,135 84,93,134 76,96,140 69,90,136 66,88,129 103,102,144 99,88,122 88,97,138 75,92,137 54,61,86 48,39,52 69,54,64 55,51,71 49,46,75 50,48,70 77,68,92 60,54,79 78,96,132 88,114,160 74,99,141 59,82,118 50,74,119