40,60,86 39,59,85 30,60,84 30,49,80 40,50,68 42,64,94 32,48,75 32,59,89 55,87,125 45,73,107 42,70,104 42,73,108 40,74,113 49,83,122 42,72,112 55,85,123 43,70,100 38,65,95 43,66,102 48,71,109 54,81,120 51,74,110 49,70,105 54,77,115 52,73,110 49,75,110 55,69,92 58,77,108 63,79,108 58,67,90 56,47,58 56,47,58 51,42,53 57,54,71 25,18,28 15,50,80 20,38,76 20,38,66 45,57,92 42,50,78 40,53,83 45,67,99 47,70,106 49,66,99 53,65,89 21,26,36 27,34,46 30,45,79 18,27,38 26,35,58 34,31,48 59,64,88 34,33,48 18,27,29 23,33,51 39,62,89 33,56,81 35,53,79 31,50,71 32,44,66 29,39,55 21,31,39 23,32,45 28,38,56
35,55,81 35,55,81 29,47,75 32,48,73 37,61,90 34,62,96 32,63,94 28,55,85 43,70,109 41,69,103 38,64,97 45,73,107 44,62,90 38,56,84 37,63,100 45,71,104 49,75,108 46,72,105 45,71,106 44,70,103 52,79,118 59,81,122 51,72,107 55,78,116 51,73,103 50,68,96 61,67,86 58,59,80 63,59,72 65,63,75 63,54,65 57,48,59 57,45,59 57,53,73 49,51,67 49,45,56 28,19,34 21,28,53 23,37,78 39,54,86 24,41,74 30,50,78 41,62,97 48,66,94 22,29,41 35,45,61 22,32,50 28,33,70 19,26,40 19,28,41 43,51,81 40,42,67 28,27,44 32,35,53 38,61,95 38,63,89 33,56,83 34,54,82 32,44,68 27,39,61 24,33,44 18,27,38 28,38,56 28,41,58
48,73,99 54,74,102 46,71,97 43,59,86 32,59,89 30,44,67 38,48,66 31,48,70 45,63,91 39,61,91 51,73,103 54,92,125 49,85,128 46,80,117 44,72,108 44,67,103 56,82,115 45,71,106 48,66,102 45,67,97 46,71,111 46,68,98 52,69,100 54,75,110 58,79,114 59,77,105 60,76,103 61,75,96 66,62,86 66,61,79 61,52,63 59,47,59 56,44,58 53,50,67 53,48,64 48,43,59 46,45,62 46,47,66 28,27,58 19,33,72 59,67,99 36,44,72 20,37,68 13,37,68 18,22,26 16,23,35 21,21,33 16,23,46 16,34,62 19,28,51 45,51,83 31,27,40 38,33,49 50,56,84 39,56,89 37,50,76 35,51,78 31,45,68 31,37,54 21,30,41 19,29,37 26,37,50 31,39,57 29,39,59
45,68,93 43,55,77 42,51,64 31,31,43 44,76,114 50,78,114 39,51,73 38,54,79 42,60,84 38,61,86 37,55,81 45,67,97 43,61,87 38,61,97 51,73,103 49,76,104 46,72,107 41,64,91 37,61,90 39,58,89 42,64,96 47,71,102 52,73,108 55,76,111 52,70,96 56,69,95 59,58,75 69,64,82 72,68,90 68,63,81 62,53,68 60,48,62 54,47,59 48,46,58 46,43,58 46,42,53 46,41,57 41,42,61 44,38,61 24,21,38 48,22,31 36,16,26 23,21,29 20,21,26 21,21,29 23,23,35 16,19,26 21,21,33 30,37,74 33,45,80 20,28,56 18,24,41 43,42,73 46,47,79 66,73,110 36,46,62 29,42,59 31,41,59 27,31,44 19,27,36 23,30,42 27,37,53 28,36,52 34,43,66
39,51,73 34,47,64 34,57,84 49,77,113 43,46,68 33,27,34 36,46,66 41,61,87 37,60,94 45,78,111 42,69,99 47,77,117 44,72,104 43,62,95 41,63,95 44,66,98 43,71,103 43,71,103 38,61,95 39,62,87 43,69,102 46,68,98 49,67,95 54,72,108 54,73,104 58,67,92 62,54,73 67,55,71 72,64,83 76,70,91 70,58,74 65,53,65 55,48,62 45,43,55 45,42,57 51,44,58 41,34,44 42,44,60 42,24,33 27,23,45 43,32,55 24,20,29 22,20,28 20,20,30 19,23,36 26,35,58 19,18,23 18,20,36 31,44,88 60,72,123 14,27,57 43,50,87 19,27,59 16,31,63 49,55,87 58,64,94 35,43,59 31,37,54 29,31,47 20,23,34 24,31,45 30,38,54 30,40,58 36,52,81
40,63,90 38,61,88 37,47,63 39,47,67 27,47,73 46,60,83 45,57,79 47,57,77 40,56,81 40,53,79 40,62,94 39,55,84 44,68,99 48,69,104 47,66,97 49,77,109 46,68,100 40,62,94 42,59,90 43,59,86 44,67,103 45,69,100 47,65,101 51,70,103 56,73,106 56,72,101 57,62,88 68,58,78 71,62,77 80,63,83 76,57,71 62,49,59 54,42,54 56,49,63 52,49,66 49,40,53 41,37,46 30,27,42 59,21,25 33,24,39 31,28,45 14,21,19 22,21,26 22,21,36 28,41,58 22,22,30 22,22,34 28,25,52 19,27,55 21,35,74 35,40,77 18,23,47 26,35,76 59,78,129 54,56,81 45,48,86 39,52,71 34,37,55 25,25,37 24,24,34 25,34,45 30,39,52 32,46,69 35,54,87
49,56,81 56,73,106 41,70,117 39,63,94 36,63,93 37,46,57 33,31,39 31,30,47 42,60,86 33,55,85 43,60,91 40,53,79 43,61,87 51,67,94 51,69,97 51,70,101 45,61,86 42,51,74 40,56,83 41,53,75 42,61,94 41,60,91 48,66,102 53,70,103 51,67,94 53,65,89 54,51,68 63,58,74 68,58,78 67,55,71 63,47,60 60,47,57 57,49,57 62,58,69 53,50,65 49,45,58 41,47,64 26,33,45 75,29,29 45,44,61 22,24,40 15,20,28 39,34,50 43,39,61 38,32,53 34,26,43 23,24,43 26,27,50 21,26,61 18,28,64 33,44,84 22,27,53 21,27,55 45,51,79 25,21,32 24,22,34 101,113,166 36,35,52 28,30,44 28,32,47 25,34,47 30,40,56 33,49,76 39,60,95
50,72,113 39,58,89 43,61,87 37,50,76 38,41,63 45,62,84 40,50,68 33,46,65 37,54,76 46,70,101 39,62,96 46,64,92 46,66,94 53,69,105 53,72,103 55,74,107 56,71,105 49,65,94 39,55,80 45,59,82 37,56,87 46,65,96 48,68,96 52,69,100 56,72,97 52,59,82 58,43,65 61,54,66 64,55,66 64,52,64 62,47,55 62,47,55 65,46,50 63,48,56 54,41,51 46,42,55 42,50,68 41,51,71 66,44,66 43,55,79 30,21,43 44,28,53 64,53,80 39,25,49 42,29,48 50,30,53 39,32,60 22,25,47 24,25,57 31,37,67 23,27,58 77,78,139 56,63,114 17,31,68 25,23,35 18,22,26 56,62,104 36,35,66 31,38,52 32,40,58 30,40,60 35,48,74 34,54,82 37,63,96
39,57,85 39,58,91 44,67,94 46,65,86 45,60,74 31,41,61 33,46,65 46,57,84 28,40,64 33,57,86 42,64,94 47,69,101 47,66,97 55,72,105 53,71,99 56,74,102 60,76,105 53,69,96 48,61,87 47,59,83 48,68,96 43,62,93 42,64,94 50,69,100 57,66,91 55,57,84 51,44,58 60,46,59 65,51,64 66,52,65 60,41,48 60,46,48 64,45,52 64,44,54 49,35,40 44,39,57 42,43,62 41,44,62 56,50,75 51,59,75 29,26,43 36,27,53 50,36,64 73,51,84 54,28,47 56,34,56 59,44,77 32,28,50 31,32,62 51,45,89 59,57,106 17,28,57 70,76,120 14,24,42 25,28,48 19,22,29 50,55,92 94,108,170 70,87,120 33,52,83 32,48,77 34,52,78 37,59,89 42,70,104
50,66,93 39,61,93 51,69,107 44,67,101 36,64,96 29,37,55 38,50,72 38,51,81 32,39,62 38,55,77 42,62,90 47,69,101 54,67,93 56,71,105 61,76,110 61,74,104 57,73,102 50,66,93 48,67,98 49,65,90 54,70,99 45,63,89 47,53,74 42,55,81 53,67,90 53,55,80 59,55,77 58,44,57 58,41,44 61,39,44 54,40,40 59,40,44 55,39,37 52,35,36 42,31,38 40,36,49 40,42,58 89,63,82 62,37,51 44,35,50 26,29,47 47,41,73 52,40,70 42,34,69 52,27,50 64,46,73 65,57,92 40,25,47 39,34,61 49,48,79 28,29,59 23,34,76 54,63,106 21,31,65 26,31,68 40,52,85 52,41,66 75,65,94 65,72,107 65,82,127 59,81,122 68,88,132 74,98,147 85,110,161
40,56,81 50,70,98 44,60,85 46,63,94 44,60,85 41,51,71 39,47,63 36,53,75 35,55,79 38,54,81 42,54,76 45,57,79 53,68,100 59,72,100 63,70,95 55,64,89 58,71,101 55,73,101 51,64,90 51,64,90 53,65,89 50,66,91 45,61,86 52,61,86 57,55,77 58,47,70 58,40,49 56,40,53 57,40,43 58,44,59 59,37,42 59,38,38 59,38,36 53,34,36 47,33,38 42,31,38 46,36,40 101,39,51 71,37,35 53,29,38 31,22,33 35,27,44 59,53,89 90,86,147 60,33,59 51,41,70 37,23,51 36,23,42 42,30,60 25,25,51 21,20,51 43,42,86 25,27,54 27,35,81 33,39,81 29,20,42 37,30,58 43,34,58 29,27,51 46,52,73 24,32,41 26,33,45 27,34,48 31,38,52
47,60,79 49,56,79 45,57,81 50,60,80 47,59,83 44,50,71 37,30,42 34,37,55 49,59,75 49,63,86 46,62,91 50,62,86 58,66,96 58,65,90 60,73,99 58,71,99 58,74,101 57,73,100 54,66,90 52,61,84 54,61,86 48,60,84 52,68,95 53,67,90 55,56,79 56,55,72 57,38,42 65,35,36 63,39,43 65,41,47 65,40,41 65,40,41 64,39,40 58,34,38 49,31,30 43,30,38 50,31,35 118,29,16 88,33,31 62,26,34 44,23,23 38,30,38 58,47,83 37,44,81 59,34,57 64,60,84 38,23,43 32,20,32 24,20,31 39,27,43 20,21,44 29,28,61 28,33,68 35,49,97 79,85,147 19,26,51 24,20,29 42,34,53 30,27,42 26,34,54 40,58,94 41,67,100 52,77,117 50,77,116
50,67,98 49,66,97 50,58,86 46,59,85 38,47,72 46,62,89 46,54,70 45,49,64 53,45,62 43,39,59 46,63,94 55,75,103 55,63,91 60,62,87 58,66,94 58,71,99 59,70,99 57,73,100 57,68,95 53,64,91 58,63,87 59,57,81 65,56,80 62,53,77 55,47,66 58,48,68 63,45,56 70,41,46 71,43,43 72,46,52 74,43,51 74,46,48 71,45,51 67,41,47 63,39,45 59,42,48 52,40,56 115,47,54 102,32,24 80,28,23 75,25,19 43,30,49 67,70,106 51,47,79 41,27,44 30,21,36 38,22,35 30,19,28 39,19,29 40,17,30 40,40,68 29,25,45 54,56,101 66,72,132 40,51,109 62,70,118 23,23,33 25,24,39 42,43,73 64,85,131 48,74,118 48,73,115 50,77,118 46,71,111
42,61,82 44,63,84 53,72,103 52,65,93 57,60,82 57,49,68 48,40,57 45,27,36 47,43,65 48,66,94 71,58,79 68,54,78 56,58,83 61,63,88 58,67,92 59,72,100 62,75,103 61,72,101 63,65,90 68,59,83 64,62,86 66,60,85 65,54,77 66,55,78 66,51,73 64,49,59 76,41,44 74,41,43 74,44,47 78,48,51 78,47,53 82,49,53 81,51,54 79,49,52 67,48,52 62,47,55 98,52,63 127,32,37 133,33,19 116,33,20 68,49,63 82,107,147 80,98,152 55,44,67 27,25,37 27,21,28 29,18,25 22,17,19 53,24,31 40,16,25 28,18,36 23,21,45 37,34,79 37,35,75 39,41,68 21,20,37 24,35,66 51,67,103 58,73,118 62,78,116 35,44,69 54,75,110 90,120,172 62,91,136
45,54,77 50,58,88 56,54,78 47,59,81 49,56,79 48,55,69 51,57,78 54,45,60 58,46,58 66,46,67 62,58,78 60,61,84 60,63,83 65,60,87 60,65,91 63,71,99 71,67,99 70,67,94 63,54,78 69,60,86 72,61,86 71,57,81 69,53,78 70,53,75 69,53,68 76,53,64 81,48,52 77,44,48 74,44,47 79,46,50 82,47,52 84,51,55 86,53,57 84,50,57 81,57,61 75,53,58 93,27,24 140,37,24 144,35,17 133,33,17 102,123,171 80,111,158 60,64,95 45,26,40 23,23,33 23,20,26 23,17,22 36,19,22 50,19,25 44,22,30 30,18,32 23,15,32 26,18,51 17,13,33 53,53,90 52,57,104 56,62,106 29,28,45 47,49,76 74,92,150 31,39,59 31,37,56 29,37,57 36,53,84
52,75,113 49,69,97 59,64,90 61,62,81 63,53,73 67,53,70 69,52,72 69,63,86 64,50,74 67,54,75 68,49,63 65,58,72 64,62,86 68,69,92 66,71,95 69,74,100 74,68,89 78,67,90 85,101,139 67,62,91 78,61,81 79,58,75 79,56,69 82,56,65 86,56,69 89,63,72 86,56,59 85,50,55 83,48,49 86,48,54 84,49,52 87,49,53 89,54,59 90,55,60 83,58,59 83,57,63 127,41,40 140,36,26 153,38,14 102,127,169 108,138,190 53,44,66 74,29,24 27,20,23 21,18,22 24,17,20 24,17,20 31,19,24 22,15,13 49,23,32 59,28,50 29,21,40 32,27,56 52,46,90 54,57,104 50,58,104 41,47,89 24,31,45 30,32,46 30,37,62 45,69,100 45,67,99 46,67,102 52,69,100
76,50,59 59,56,73 50,70,96 58,63,87 66,68,93 75,66,90 77,64,83 75,56,72 82,47,64 79,48,56 83,54,64 82,56,65 74,58,75 79,63,88 75,64,87 77,66,93 81,66,86 88,64,82 114,138,196 99,109,143 92,64,83 91,61,76 93,59,71 100,57,72 102,59,71 102,61,70 101,56,62 96,51,55 92,51,51 89,49,51 90,48,55 89,49,55 91,53,59 89,54,59 89,55,64 77,56,71 145,44,33 133,41,31 118,97,127 94,119,174 103,41,41 25,19,24 30,23,26 26,20,25 21,18,22 27,19,25 58,20,14 48,16,13 64,21,15 65,24,33 53,21,35 36,24,40 27,23,55 35,30,69 22,20,42 23,30,53 29,36,61 27,30,48 25,33,42 24,34,42 44,61,94 40,64,95 44,67,101 45,71,108
70,60,80 73,54,68 72,53,67 70,56,80 77,58,74 90,63,77 84,58,75 83,62,77 84,55,65 89,50,61 92,53,64 88,54,63 87,57,70 85,62,75 81,60,77 84,62,84 88,62,83 79,76,103 67,68,91 82,72,92 99,60,74 98,58,75 102,59,69 109,59,65 114,61,65 116,60,65 111,56,54 109,54,50 98,50,48 93,52,52 93,47,49 87,45,48 95,48,53 94,53,53 92,52,58 80,54,71 145,45,42 131,49,43 90,125,184 151,44,28 46,45,62 47,45,85 57,22,23 28,21,24 20,19,22 25,19,24 51,21,20 95,23,11 103,35,44 78,27,30 44,23,38 27,21,44 24,21,36 22,20,32 23,29,46 21,26,36 27,31,46 20,31,44 23,31,49 50,50,87 28,37,62 42,63,98 45,68,106 46,69,107
53,51,75 68,53,73 67,53,66 76,59,81 89,57,71 93,62,73 94,64,77 93,63,78 92,63,70 91,55,68 99,57,60 98,57,66 94,58,71 95,61,73 89,62,74 92,59,78 76,70,93 80,95,129 58,58,84 80,85,111 103,61,68 90,62,81 78,68,88 82,72,92 104,61,76 117,55,55 118,52,49 112,49,45 105,50,46 101,51,47 93,46,37 90,47,43 82,47,52 83,50,52 81,50,56 83,53,66 106,51,47 109,132,184 30,28,29 62,65,83 55,76,115 64,47,79 47,18,14 29,19,20 23,17,22 31,24,27 135,35,19 165,36,14 132,30,12 94,24,14 54,16,10 41,23,34 30,21,45 23,23,35 31,31,68 37,41,83 37,42,89 41,52,92 23,31,59 49,50,84 60,58,98 56,73,104 58,71,101 58,73,107
83,54,64 82,50,64 81,56,68 88,54,66 92,53,62 98,57,68 100,61,75 98,64,76 98,62,75 100,61,72 106,57,58 102,56,58 97,54,64 94,58,68 93,59,71 95,58,74 80,86,107 79,94,128 78,89,118 76,89,119 75,88,116 78,89,120 76,80,109 84,77,105 94,73,92 109,68,77 121,50,47 120,49,46 105,45,43 97,45,40 100,45,34 87,44,38 81,47,56 83,47,55 81,50,58 83,54,59 84,50,59 109,36,27 47,33,38 72,99,140 67,69,96 71,23,21 105,28,11 39,18,14 43,22,20 63,29,25 100,48,45 80,56,65 103,46,47 89,27,25 60,24,32 38,23,43 40,30,61 24,27,49 33,32,74 45,48,95 31,34,70 19,25,44 28,30,57 37,34,63 35,41,71 46,52,80 57,74,105 60,78,116
93,36,35 93,36,35 86,46,52 90,55,70 95,61,73 106,63,73 109,63,74 108,62,75 108,62,75 108,62,75 108,59,60 107,59,57 108,59,62 106,59,68 98,62,75 82,67,87 76,77,100 70,79,102 65,73,103 74,77,97 71,70,103 84,83,118 84,85,119 88,84,116 92,85,115 98,90,123 103,76,100 112,46,41 112,47,39 103,43,41 94,44,38 89,44,39 87,46,55 82,46,56 81,55,64 78,58,68 74,51,62 85,50,53 87,123,168 67,71,102 152,31,4 49,6,0 51,20,12 46,19,14 76,23,9 76,41,46 76,48,50 74,48,52 106,38,47 88,26,28 66,26,28 41,26,34 26,22,35 25,26,49 21,21,33 14,25,38 30,44,81 22,28,60 22,24,38 25,26,45 29,30,49 28,35,58 50,68,96 52,67,101
86,38,32 85,39,39 93,44,45 103,51,57 110,57,61 116,60,65 114,63,66 112,62,70 110,63,70 112,62,68 114,61,65 118,60,64 121,60,65 114,62,72 87,70,92 71,74,94 118,138,191 76,55,74 70,54,71 72,53,67 69,62,90 78,79,109 76,71,98 83,76,104 88,84,118 93,76,108 97,80,102 105,69,93 120,47,42 105,45,43 97,45,40 91,43,41 85,46,55 84,48,58 80,55,69 78,57,74 72,53,69 89,115,150 75,96,131 131,24,8 99,49,45 39,10,6 71,18,6 76,21,10 56,21,26 71,45,49 74,44,47 76,47,52 112,33,30 88,28,18 76,27,16 29,21,29 28,22,29 25,23,33 22,22,32 20,24,28 21,21,31 21,24,33 22,25,36 25,28,39 23,31,40 24,31,43 52,63,90 51,58,83
91,35,29 93,33,33 97,39,43 102,42,40 108,51,52 112,56,61 111,60,63 114,62,70 113,61,69 110,59,62 111,60,61 122,60,62 128,61,65 104,57,66 80,76,98 81,77,111 87,83,119 87,80,108 69,53,82 73,55,80 51,49,73 84,90,130 75,76,108 76,72,106 85,83,123 93,90,133 90,81,121 96,81,112 116,85,107 107,45,43 92,44,42 91,45,47 87,45,50 89,46,56 85,54,65 79,53,62 81,104,142 89,98,137 73,33,28 149,33,18 45,13,10 75,13,4 57,17,10 59,20,17 73,44,51 71,42,47 74,41,45 77,46,54 109,35,26 82,26,20 64,25,36 44,24,36 40,25,45 22,23,46 21,20,35 20,23,34 22,21,36 18,25,39 19,26,40 20,27,41 45,44,86 56,57,91 51,49,73 51,56,80
105,41,40 98,37,32 101,39,30 107,45,43 117,53,56 114,54,56 112,59,63 114,60,67 113,61,67 111,59,65 111,60,61 122,58,61 125,58,58 110,54,57 91,82,108 88,83,110 87,81,125 99,97,146 88,95,150 82,92,137 77,85,133 68,82,119 69,81,116 76,83,120 83,87,120 78,72,106 88,81,120 87,84,127 89,81,116 97,69,86 94,43,44 92,46,48 87,45,50 89,46,56 83,47,57 72,60,74 83,101,141 75,35,39 76,31,28 81,74,88 87,15,1 156,24,0 91,25,11 87,35,34 70,41,48 70,37,39 74,40,47 70,46,55 119,43,30 92,27,15 76,26,24 61,25,33 33,24,37 35,30,69 33,31,71 53,55,100 28,42,81 29,29,68 23,30,65 29,45,83 48,47,89 52,44,88 53,50,77 55,60,86
120,28,14 112,28,11 111,31,15 116,40,29 115,47,45 119,52,54 115,55,57 112,58,65 111,59,67 108,58,66 111,58,62 115,54,59 123,51,53 108,48,46 99,58,67 90,87,130 97,96,140 93,97,151 75,84,127 79,85,129 71,87,125 69,81,114 76,90,131 94,108,156 84,95,137 78,85,122 87,93,133 89,91,143 91,92,124 78,65,86 81,53,70 97,48,51 88,48,54 85,49,59 83,44,53 88,109,144 87,35,32 89,34,30 87,53,60 76,21,10 70,26,25 68,31,30 66,37,44 68,37,43 71,35,43 73,38,43 74,43,51 72,48,54 109,48,55 101,28,21 83,28,24 69,24,19 29,21,29 28,23,39 27,25,45 22,29,64 48,68,121 21,38,81 16,23,46 21,24,35 59,70,101 32,30,70 53,44,66 61,51,69
117,29,11 119,28,11 122,28,12 123,31,17 126,39,27 120,46,39 112,48,49 109,58,59 109,58,61 102,57,65 107,57,65 115,54,59 120,54,51 109,47,45 108,48,46 101,51,57 80,68,98 79,77,115 81,90,140 70,80,125 63,79,106 72,88,124 63,81,121 71,84,128 81,92,134 71,77,105 73,59,85 72,52,73 73,54,68 76,51,63 87,51,61 98,49,52 89,47,54 84,50,62 100,60,77 87,37,33 94,35,28 93,34,27 78,63,83 78,29,20 70,26,27 66,29,28 69,34,35 70,33,32 73,35,37 76,38,40 77,41,49 77,41,49 99,40,53 84,34,42 71,26,30 49,24,25 35,24,31 29,22,34 22,21,26 25,24,41 25,23,43 23,23,35 22,22,30 24,22,34 43,43,69 29,33,66 61,37,53 66,35,41
125,27,10 129,29,13 132,29,14 133,31,13 135,32,17 128,41,29 122,45,41 115,48,48 111,53,57 109,58,59 107,57,63 108,50,54 108,48,48 112,46,43 108,44,43 110,48,46 95,49,49 98,66,91 68,79,106 71,85,122 74,87,131 71,87,135 87,54,75 66,51,73 68,55,74 69,49,61 75,51,57 87,45,52 104,46,50 114,52,52 109,53,58 105,52,56 97,51,53 95,48,53 95,44,45 96,41,37 98,39,32 104,34,28 89,34,23 78,31,20 73,32,30 72,34,38 73,35,39 74,35,34 78,38,42 77,42,47 79,39,43 90,39,40 98,32,27 82,27,23 76,24,23 55,27,27 42,23,27 24,20,29 21,21,29 22,23,28 22,22,32 20,20,28 19,18,21 20,19,24 25,21,30 38,49,80 55,29,48 55,21,17
135,28,10 138,28,6 137,29,4 137,27,5 135,28,8 134,32,12 131,39,27 126,45,36 124,49,52 116,52,55 112,56,59 113,55,59 112,48,49 108,46,46 120,43,39 93,41,47 115,40,43 105,39,34 73,74,108 70,60,91 70,44,63 61,45,70 81,44,60 65,46,64 62,42,63 69,50,66 83,39,40 84,38,40 115,48,48 117,53,54 118,54,55 118,53,59 105,52,56 99,48,51 92,43,46 95,40,36 95,36,29 94,35,30 89,32,29 86,31,27 76,32,33 78,36,41 79,37,40 84,37,42 87,45,52 88,43,49 82,42,48 104,40,43 99,26,21 87,25,23 60,22,16 46,23,20 34,22,24 25,18,28 22,21,26 22,21,26 20,19,24 20,19,22 20,19,22 20,19,22 19,16,20 26,28,44 67,59,96 61,23,17
129,29,13 135,28,8 138,30,5 139,29,5 142,29,4 145,32,9 137,37,21 128,41,29 128,47,38 120,51,54 114,53,58 117,55,57 121,50,49 105,45,47 94,44,42 77,42,45 79,40,49 84,37,42 73,35,39 72,49,62 69,45,54 67,42,56 106,32,32 72,51,70 72,57,79 67,51,68 87,37,35 79,37,42 123,49,47 126,51,56 124,52,56 120,56,59 116,55,60 104,48,51 96,44,41 90,40,34 91,37,30 92,38,31 90,34,26 88,34,27 82,36,38 80,36,37 79,33,33 85,39,39 91,47,48 94,49,53 90,45,51 95,39,42 97,24,15 88,28,26 56,23,25 53,23,36 23,20,24 25,18,28 21,17,26 23,21,22 20,19,24 20,19,24 18,18,18 18,18,18 17,10,13 15,7,15 53,46,85 52,18,16
128,30,15 130,30,14 136,28,3 143,28,6 146,28,5 146,31,7 140,34,9 136,38,23 133,45,36 123,49,47 121,52,55 126,52,52 125,51,44 125,47,46 126,44,38 113,40,31 89,37,36 82,36,36 78,36,41 68,37,43 67,37,40 75,37,43 85,40,37 103,41,39 71,52,70 66,49,71 82,36,36 87,36,37 127,50,42 124,50,50 124,53,52 119,55,58 118,51,53 111,49,49 98,46,45 90,44,44 93,43,41 89,35,28 91,35,27 87,36,28 82,37,34 84,36,30 84,39,34 92,41,42 93,44,47 94,49,53 85,41,42 89,39,35 125,31,13 99,26,14 62,20,23 48,28,49 44,21,34 22,21,26 32,39,64 36,42,72 23,27,67 31,30,74 17,22,46 14,12,13 20,22,49 29,28,59 44,29,78 63,32,43
125,30,14 130,32,17 134,29,10 145,27,4 141,28,3 138,30,3 143,30,5 143,33,9 134,39,26 127,42,32 126,49,43 128,51,47 125,51,51 120,49,48 105,43,41 115,42,35 117,40,25 105,38,29 75,37,41 72,38,47 70,37,39 70,40,41 62,40,45 110,39,38 73,52,67 76,55,72 84,36,32 85,37,33 125,49,38 121,50,49 117,54,59 114,56,62 113,53,55 108,48,50 97,45,44 91,43,41 92,44,42 90,38,33 88,36,31 88,38,34 90,39,31 89,38,30 91,39,34 94,42,39 93,44,45 91,45,45 93,42,43 97,41,46 130,35,17 105,25,7 98,25,16 67,23,22 42,18,22 23,17,22 26,20,45 26,17,39 23,19,53 25,24,57 21,13,32 17,9,15 21,12,27 42,52,86 22,16,50 46,29,61
126,24,6 127,33,12 128,30,13 135,28,8 138,28,4 144,29,5 145,32,7 145,32,7 139,34,13 139,40,30 123,46,31 124,50,45 122,48,46 119,50,53 80,38,45 102,40,38 128,38,30 98,38,36 83,36,41 73,39,46 78,37,46 96,38,42 66,42,51 75,40,45 77,39,45 78,36,39 89,37,32 103,38,30 128,47,36 116,48,46 110,53,54 111,55,58 113,49,50 112,45,47 96,44,41 89,37,32 92,38,31 98,41,38 92,35,32 92,37,33 91,37,28 91,37,30 94,38,32 98,41,38 102,41,36 96,40,34 92,42,40 112,43,48 103,32,31 103,29,20 81,20,13 57,19,13 38,22,35 29,11,22 25,10,30 26,11,21 29,20,44 25,9,24 22,10,15 22,10,15 33,20,39 20,12,29 45,53,81 23,18,47
128,25,10 127,32,16 128,30,13 132,27,8 135,27,2 141,28,3 142,29,6 140,30,6 147,32,8 143,38,17 138,46,34 131,44,32 122,45,41 118,43,46 109,45,44 75,34,34 129,34,21 115,39,28 85,40,35 75,40,43 80,40,46 100,45,45 84,69,102 88,43,49 81,36,42 95,40,38 95,36,31 140,48,36 127,49,39 113,49,48 105,52,54 110,53,54 116,52,55 111,47,48 100,46,39 98,44,37 96,42,35 94,35,30 93,37,31 90,35,24 91,35,27 93,37,31 95,36,29 103,41,32 101,36,28 94,37,34 91,37,30 118,33,32 102,28,23 87,21,16 84,22,13 61,21,12 34,12,15 27,17,37 31,18,37 26,13,21 25,10,18 24,9,19 22,9,17 19,12,15 20,8,13 23,9,24 21,16,32 45,39,71
130,31,12 129,30,11 127,25,5 130,23,5 132,23,3 136,28,3 136,28,5 138,30,7 147,32,8 149,34,12 144,37,21 136,41,32 127,43,35 120,44,33 112,45,38 105,41,40 79,30,33 134,39,21 85,37,35 82,40,47 87,42,46 87,42,46 101,40,47 93,40,42 98,38,38 98,37,32 122,44,34 143,44,32 125,44,33 118,49,52 107,49,55 102,53,56 110,46,47 106,43,39 106,40,37 106,40,35 98,36,27 100,40,30 98,39,34 86,37,28 85,37,35 88,38,32 96,36,26 109,35,28 108,35,28 97,36,31 93,34,29 119,32,20 109,26,13 88,18,10 87,17,7 66,9,8 61,19,22 27,11,9 25,10,18 24,9,19 24,12,28 24,10,12 24,10,12 24,10,15 22,10,12 19,9,13 18,8,12 24,19,35
127,25,3 126,24,2 126,24,2 129,23,0 130,23,3 136,28,3 137,29,4 133,34,13 144,34,8 148,35,12 148,35,12 140,38,20 136,41,28 122,41,30 113,40,33 107,41,38 103,40,34 91,31,29 90,38,33 90,41,42 97,42,42 91,42,45 77,39,45 92,37,35 99,35,34 108,35,30 135,48,34 137,45,31 120,43,28 116,45,44 109,47,49 98,46,45 103,40,34 106,41,33 113,39,30 111,38,31 113,38,22 109,35,26 101,36,28 81,34,23 82,33,22 83,32,22 93,32,25 107,37,29 109,36,29 99,32,25 89,31,21 98,26,9 127,24,9 95,18,1 68,11,10 53,12,10 30,12,11 27,8,10 24,10,15 24,9,17 26,9,15 24,10,15 20,8,13 21,11,10 18,8,7 16,9,12 17,14,43 22,12,41
127,25,3 124,25,2 124,25,4 128,23,6 135,28,8 139,31,6 138,36,16 136,36,20 145,36,16 147,37,13 146,36,12 144,36,11 134,38,25 124,37,23 117,39,29 115,42,37 108,42,37 132,40,28 110,36,27 104,43,38 95,43,38 99,42,43 100,40,40 86,36,34 101,36,26 115,35,21 128,41,25 125,42,22 121,40,29 114,46,42 103,39,40 96,46,40 101,42,37 109,39,31 115,40,24 120,37,22 121,41,27 119,41,31 97,32,20 89,35,26 79,31,25 80,31,20 89,33,25 98,31,24 103,33,23 97,32,24 87,32,19 88,29,22 131,24,8 110,21,8 73,15,5 59,15,14 33,11,14 29,10,14 24,9,19 24,9,17 24,8,25 22,9,19 22,11,18 22,11,20 19,10,23 21,23,48 36,30,64 49,58,99