33,41,57 35,43,59 37,45,65 40,50,68 43,52,75 43,59,86 37,57,85 35,54,85 39,61,93 38,62,93 40,63,97 37,63,100 38,64,101 38,66,102 39,65,102 36,68,106 35,65,103 33,65,103 36,68,106 40,68,104 40,68,104 42,70,102 43,71,105 44,69,109 46,68,109 45,66,105 44,67,101 43,66,102 43,61,99 46,65,96 47,61,84 43,53,73 51,47,60 48,47,62 36,40,55 41,47,66 38,44,61 37,43,60 29,32,43 36,42,61 41,44,62 40,43,61 41,45,60 43,50,64 46,49,67 44,53,66 47,51,66 46,50,65 34,39,49 32,37,47 28,33,43 28,33,43 26,33,45 29,36,50 29,34,44 31,35,48 31,35,50 29,33,48 32,34,48 45,49,62 41,45,58 43,48,58 33,38,46 35,40,48
40,48,66 40,48,66 35,48,67 40,50,70 35,51,76 35,53,81 33,53,81 35,54,87 35,57,89 38,62,93 40,64,95 43,66,102 38,64,99 38,69,102 41,67,104 36,66,104 36,68,106 40,72,112 39,73,112 39,71,111 37,69,107 42,70,102 41,66,106 43,69,106 44,70,107 43,68,108 44,67,101 45,66,103 45,62,95 45,62,93 46,59,87 43,51,71 48,49,68 43,46,64 47,53,72 48,54,73 39,47,63 33,41,57 29,38,51 32,34,48 39,43,58 42,46,61 38,42,55 31,35,48 28,32,45 25,32,44 28,32,45 29,33,46 29,33,48 28,32,45 32,35,53 34,38,51 33,40,54 31,38,52 35,39,54 36,40,55 38,41,59 36,39,57 32,36,51 33,38,48 36,41,51 40,43,52 22,25,32 32,37,43
38,52,73 38,52,73 37,51,72 42,60,88 39,61,93 38,60,92 31,53,85 38,61,95 34,57,93 37,60,94 34,60,93 34,62,98 34,62,96 34,65,98 34,66,104 34,66,104 32,64,102 36,68,108 39,64,104 38,68,108 38,68,106 36,70,109 52,73,110 53,69,96 53,69,98 58,67,90 57,67,87 58,64,83 61,63,79 58,60,76 56,58,74 40,56,85 41,51,69 41,47,64 37,43,60 41,48,62 35,43,61 26,33,45 21,26,32 32,36,49 33,37,50 33,35,49 33,37,50 32,36,49 31,35,48 31,35,50 31,35,48 33,37,52 33,39,56 39,43,58 38,46,62 41,47,64 39,45,64 34,40,59 40,41,62 40,46,63 40,43,63 36,39,57 33,37,52 33,37,50 39,47,56 39,44,52 28,28,36 28,33,41
41,55,76 42,56,77 40,53,83 34,53,84 37,56,89 37,61,92 35,57,89 40,63,99 40,68,104 40,67,106 40,67,106 37,64,103 34,65,100 34,65,100 34,66,104 33,66,101 33,66,101 36,68,106 37,69,107 36,68,106 37,65,99 46,68,100 54,68,89 72,74,90 76,74,86 75,73,83 76,73,79 81,75,82 77,66,73 70,62,68 75,63,65 51,50,65 39,47,63 38,45,59 42,44,60 39,46,60 31,34,52 27,30,41 28,33,41 31,38,52 35,39,54 35,39,54 34,37,55 36,40,55 39,43,58 35,38,56 33,37,52 36,39,57 37,43,60 39,45,62 41,47,64 41,47,66 39,45,62 34,41,55 39,42,60 40,46,63 36,39,57 40,43,61 37,44,58 33,37,52 38,43,53 38,38,50 24,24,34 34,37,48
38,56,82 41,58,89 37,55,83 34,52,88 37,59,91 32,56,87 37,64,94 38,66,102 41,66,106 41,68,109 38,68,108 35,65,103 36,68,108 35,66,101 37,69,107 40,72,110 32,64,104 33,67,106 36,68,106 34,67,102 35,66,101 39,63,94 51,67,92 63,71,91 65,71,90 52,60,78 65,67,83 63,63,75 49,57,73 59,59,71 71,60,67 46,48,62 40,46,63 36,42,59 32,39,53 32,39,51 32,36,51 25,30,40 35,39,52 34,41,55 33,36,54 36,39,57 39,45,62 42,45,63 40,43,61 43,46,64 42,45,63 39,45,62 39,45,64 39,45,64 42,50,68 42,51,64 39,43,58 36,43,57 43,49,66 45,48,66 35,38,56 39,42,60 35,38,56 34,37,55 46,50,65 48,52,65 33,36,47 36,40,53
36,53,75 35,52,74 37,55,83 42,60,96 43,62,95 35,57,87 38,64,97 37,65,101 38,68,106 39,70,105 34,66,106 36,69,104 34,67,102 26,49,74 27,49,81 28,59,94 50,115,189 31,74,117 34,71,107 34,65,98 36,66,104 38,66,98 35,63,95 52,69,89 43,62,95 36,60,91 52,61,84 60,62,76 40,53,79 45,51,72 56,52,61 36,43,55 42,45,63 36,42,59 38,45,59 41,47,66 32,38,55 25,28,39 36,39,57 42,45,65 41,44,62 38,41,59 38,44,61 42,45,63 41,47,64 40,46,65 40,46,63 34,40,59 41,44,62 41,44,62 36,39,57 38,41,59 40,43,61 39,45,62 36,43,57 38,42,57 39,42,60 48,51,71 46,52,71 40,46,63 41,48,62 55,62,76 36,39,48 38,43,51
42,60,86 43,61,87 41,60,91 30,50,76 33,55,87 34,56,86 38,62,93 37,63,96 37,63,100 38,65,104 27,45,71 37,63,96 29,47,75 30,46,73 32,45,73 30,47,78 71,142,234 45,96,168 31,68,106 32,67,101 34,67,100 33,66,99 36,61,101 57,70,87 34,62,87 37,61,90 40,53,79 34,53,84 42,54,76 43,51,69 52,50,60 38,45,59 40,47,61 36,44,60 33,38,48 37,45,61 27,31,46 27,32,40 31,35,50 31,38,52 33,39,56 32,38,55 32,38,55 37,43,60 33,39,56 33,41,57 34,40,57 36,43,57 39,45,62 44,50,67 41,47,64 39,46,60 34,41,55 39,46,60 36,43,57 36,40,55 39,43,58 47,50,68 47,53,70 41,47,64 52,59,73 57,64,78 37,40,51 35,38,49
39,52,78 35,48,74 36,52,77 36,56,84 36,60,91 34,58,89 31,57,90 32,58,91 38,66,102 23,46,80 45,61,86 31,49,75 35,51,80 31,49,75 31,50,69 33,42,67 60,129,206 49,135,229 18,43,65 25,24,29 24,23,26 24,22,23 18,18,18 22,30,39 37,62,88 34,56,88 38,56,82 32,53,88 45,61,88 39,51,75 39,54,72 43,46,66 39,45,64 39,47,65 33,38,48 37,52,70 29,33,48 32,38,55 36,40,55 34,38,51 40,47,61 41,45,60 40,46,63 40,48,66 40,51,64 44,52,70 41,51,67 38,46,62 43,49,66 43,51,67 38,44,61 40,47,61 36,43,57 39,46,60 34,41,55 35,39,54 38,41,59 40,43,61 40,43,61 34,37,55 49,58,71 57,61,76 35,37,51 35,40,50
32,50,76 37,55,81 41,59,87 33,57,86 34,57,84 34,61,91 35,63,95 34,62,94 31,60,89 35,53,79 34,56,88 49,77,113 34,52,80 28,44,71 47,63,90 23,33,51 27,30,39 31,32,37 23,21,29 34,35,40 23,26,33 29,31,47 12,32,56 13,19,20 13,14,19 41,55,78 33,56,83 35,53,81 36,48,72 34,46,70 37,51,72 44,45,64 40,50,66 35,48,67 33,37,50 42,59,81 32,35,53 32,38,55 35,39,54 31,38,50 40,47,61 40,47,61 38,48,66 42,52,72 40,50,68 41,51,71 44,52,70 41,44,62 33,37,50 38,42,55 40,43,61 44,50,69 38,45,59 38,42,57 40,44,59 41,45,60 42,46,61 41,45,60 35,39,54 31,35,48 44,50,67 55,58,76 36,41,51 38,42,55
34,57,82 32,55,80 32,55,82 32,57,83 31,58,88 32,58,91 32,58,91 32,63,94 37,61,92 35,53,89 36,54,80 56,72,101 47,63,63 45,56,57 36,44,49 25,30,38 35,38,47 18,18,28 29,32,39 15,18,25 38,47,60 34,42,51 25,26,31 32,37,36 16,16,26 21,18,22 54,59,69 51,49,71 34,52,76 35,51,80 38,51,77 37,45,65 38,46,62 35,48,67 33,36,45 34,48,69 29,33,48 29,37,46 32,37,45 33,38,46 31,36,46 33,38,48 33,37,52 34,38,51 35,39,54 38,42,57 39,45,62 37,45,61 33,39,58 45,48,66 44,52,70 46,52,71 44,43,58 41,45,60 40,44,59 43,47,62 41,45,60 43,47,62 39,43,58 38,42,55 42,45,63 53,59,76 36,39,50 38,46,55
34,54,82 30,55,81 31,56,80 34,58,87 31,58,88 32,58,91 32,58,91 30,58,90 35,55,81 37,53,89 42,56,68 49,62,63 45,58,59 41,50,52 26,31,39 22,27,37 16,19,28 37,38,57 25,28,35 51,59,77 55,68,85 64,75,88 61,70,81 56,61,71 35,35,47 17,17,25 22,22,22 70,70,56 38,48,66 40,49,72 36,48,70 37,43,60 42,50,66 33,46,65 34,37,46 41,55,76 28,32,45 31,35,48 35,40,50 35,40,48 35,40,48 34,39,49 34,38,51 37,44,58 36,43,57 42,50,70 41,51,69 43,49,66 38,44,63 43,51,69 47,48,69 59,57,69 58,47,56 44,46,62 42,46,61 44,51,65 43,50,64 43,50,64 39,46,58 36,40,53 39,46,60 47,54,68 33,35,49 38,44,61
31,56,82 31,56,82 33,58,84 32,59,89 34,62,96 33,61,95 33,61,93 33,57,88 26,50,81 49,62,61 49,65,63 54,68,64 45,58,57 31,42,53 21,27,30 40,47,61 23,31,40 17,25,41 53,64,93 65,81,106 72,86,109 63,75,99 84,114,136 100,138,171 14,15,18 16,15,20 22,23,26 40,43,54 34,34,46 46,35,44 49,36,33 55,37,34 54,41,38 54,43,50 34,32,44 33,50,72 31,35,50 30,37,49 32,37,47 33,38,46 36,41,51 36,41,51 35,39,52 36,43,57 34,40,57 42,50,66 40,50,68 39,45,62 36,40,55 41,45,60 51,43,62 65,43,46 80,51,47 67,55,60 45,44,61 43,47,62 42,46,61 38,45,59 35,39,52 32,36,49 42,46,61 42,46,59 29,34,44 45,49,64
30,57,85 30,57,85 34,61,91 34,62,96 35,63,99 33,64,99 35,61,94 30,57,87 46,65,96 48,62,55 57,74,69 54,67,66 47,61,57 33,43,59 18,23,33 40,45,53 39,52,71 41,55,76 48,66,90 64,82,106 63,83,107 77,97,121 74,117,148 14,15,20 16,15,18 16,17,22 35,35,47 50,51,70 49,33,27 55,35,28 62,45,35 67,47,40 70,55,44 72,52,43 60,42,37 42,49,74 32,34,48 40,47,61 39,45,62 35,40,50 38,43,53 32,36,49 29,34,44 32,36,49 33,37,52 32,41,54 32,39,51 33,37,50 36,45,56 42,41,56 59,42,48 75,44,36 76,42,38 77,48,42 59,45,47 43,45,59 40,47,61 39,46,60 38,42,55 33,38,48 52,56,71 56,60,75 34,37,48 34,38,51
31,58,88 35,61,94 36,64,96 37,63,98 37,63,98 36,62,97 34,60,93 34,58,87 35,50,68 52,71,65 51,65,58 50,62,58 50,61,60 35,48,65 26,29,40 34,39,47 38,53,69 41,56,72 44,65,86 56,79,102 58,78,102 52,75,102 17,10,13 16,17,20 21,21,31 38,34,45 67,72,96 42,33,27 57,40,30 64,44,35 73,53,44 79,59,50 86,69,59 92,75,65 79,52,45 59,47,49 30,38,47 38,45,57 39,46,60 36,43,57 38,42,55 32,36,49 31,35,48 36,40,55 35,39,52 33,37,50 28,25,31 33,27,34 42,36,41 56,39,45 68,40,29 71,43,30 73,42,32 75,44,34 57,44,52 40,42,56 36,40,53 36,40,53 34,38,51 34,36,50 48,52,67 55,62,76 33,38,46 35,38,49
35,62,92 35,62,92 35,62,92 35,63,99 33,64,97 37,60,96 37,60,94 36,60,89 31,44,59 50,64,57 50,61,60 47,57,54 45,55,52 40,55,69 31,49,66 21,31,35 36,49,68 41,53,75 42,63,84 47,70,95 47,67,91 64,83,104 19,17,18 22,23,28 27,29,43 55,58,78 40,31,42 54,38,32 48,37,22 62,45,37 79,58,47 89,67,59 94,74,65 93,73,64 86,62,54 70,44,32 47,39,45 31,36,46 33,37,52 36,40,55 40,45,55 26,33,45 29,37,53 32,34,50 29,36,48 27,32,40 37,37,45 39,43,45 57,37,28 68,36,31 67,41,27 72,41,31 70,44,32 62,44,43 51,43,51 36,40,53 34,38,51 33,37,50 31,35,48 35,39,52 47,54,68 50,59,72 37,37,49 39,39,51
34,58,89 34,58,89 36,62,99 33,64,99 35,61,94 36,63,93 31,57,90 33,56,90 29,39,55 41,53,57 47,56,56 44,54,51 41,50,50 38,47,49 27,37,57 16,34,49 42,59,79 38,56,73 44,65,86 41,69,90 47,68,89 11,21,29 25,34,45 39,47,63 25,30,36 36,39,50 47,35,25 52,34,29 52,37,26 66,46,39 82,61,50 93,69,61 83,60,49 82,58,52 59,50,44 59,53,46 40,43,54 27,32,40 31,31,41 32,39,51 33,30,45 30,26,37 32,35,46 30,37,51 48,40,46 68,36,33 70,44,34 45,53,43 62,42,35 64,40,34 70,41,35 63,37,27 56,33,30 50,43,55 39,43,58 35,44,57 31,38,52 32,36,49 32,36,49 39,43,56 46,49,67 47,49,65 33,36,47 36,46,54
33,62,89 34,62,94 35,62,101 36,64,98 32,59,89 32,56,87 30,56,89 32,56,87 28,37,62 31,42,53 43,51,58 38,46,53 38,46,51 29,33,37 31,32,37 31,39,48 47,68,87 37,54,76 41,60,81 45,64,83 45,69,89 22,30,46 16,15,18 37,39,36 46,44,42 53,44,38 49,36,33 47,31,27 51,36,25 62,46,42 78,58,51 83,59,51 84,58,48 66,54,44 18,59,46 31,53,46 66,40,30 70,41,35 73,42,34 65,44,42 71,44,39 63,38,35 72,43,37 82,47,34 82,46,36 86,50,42 81,48,39 60,49,32 21,55,51 25,53,47 46,44,45 40,33,36 38,31,34 41,34,44 40,44,57 31,38,52 31,38,52 33,37,52 32,36,49 32,37,47 47,51,66 54,58,71 30,33,42 40,45,53
32,58,91 36,62,97 35,63,95 31,57,90 34,58,89 33,57,88 31,55,86 30,54,85 30,55,81 29,48,69 31,49,77 30,50,78 34,48,71 22,22,30 29,37,42 32,37,43 51,75,95 52,71,92 37,54,74 39,48,59 33,45,53 15,14,17 28,25,29 30,28,29 35,28,31 42,32,31 59,63,78 56,64,82 54,57,66 69,57,62 80,67,62 77,64,59 65,63,64 45,43,44 20,50,45 57,49,38 76,44,39 78,50,41 81,50,42 81,47,43 77,44,37 72,43,37 78,50,41 80,48,43 76,45,37 70,44,32 51,29,34 40,27,35 38,25,35 43,37,44 28,26,27 31,29,37 36,24,26 43,36,46 42,46,59 41,48,62 41,48,62 43,50,64 42,42,54 32,37,47 39,46,60 45,49,62 32,32,42 40,38,46
33,61,95 35,63,97 33,61,93 36,60,91 34,58,89 32,56,87 30,54,85 29,53,84 29,53,84 29,53,84 26,49,76 26,48,78 30,47,78 22,22,30 29,37,42 31,36,42 53,79,98 46,72,89 38,52,64 32,45,62 40,51,64 16,16,16 23,23,23 23,23,23 24,22,23 27,22,21 48,47,50 69,76,90 77,81,96 82,87,97 85,88,99 89,93,97 93,92,95 76,76,76 44,42,40 51,39,39 68,43,42 70,46,40 72,42,41 67,40,33 68,47,43 65,41,33 73,42,32 47,35,40 41,33,39 36,24,36 42,26,39 41,26,36 36,25,34 37,34,40 29,21,27 31,30,35 36,22,27 50,32,41 39,46,60 43,50,64 44,51,65 45,52,66 40,46,63 33,35,49 56,60,75 53,57,72 30,30,40 37,39,53
34,61,100 35,62,103 34,61,91 32,56,87 32,56,87 31,55,86 29,53,84 29,53,84 29,53,84 27,51,82 29,48,79 30,48,74 38,46,64 26,30,32 32,38,41 25,33,38 53,81,102 51,74,97 38,52,64 40,50,66 44,53,64 12,15,22 20,18,19 23,21,19 26,24,22 26,21,23 44,40,49 68,76,94 81,88,102 94,91,106 90,93,104 95,96,101 96,95,98 81,80,83 59,45,50 63,65,65 79,73,78 91,85,90 90,88,89 83,81,82 69,70,62 64,64,64 34,27,30 34,27,37 37,33,44 35,24,31 42,28,33 39,33,38 40,25,33 40,33,45 35,24,31 32,29,35 35,21,23 49,32,35 40,47,61 41,48,62 44,51,65 44,51,65 43,47,62 35,37,51 52,58,75 51,58,72 33,36,47 35,40,50
35,61,94 32,58,91 36,60,91 33,57,88 31,55,86 28,55,83 29,53,82 27,54,82 30,49,82 32,50,78 29,49,75 31,47,76 23,23,31 31,37,40 27,30,37 38,43,51 33,36,45 36,46,54 40,45,51 34,42,47 40,50,56 19,25,28 27,25,26 27,27,27 27,27,24 26,23,27 28,25,31 61,74,91 81,88,102 93,91,101 76,83,95 83,88,98 74,79,87 62,65,72 71,77,78 80,82,82 90,90,90 96,96,96 102,102,102 104,104,104 106,104,105 104,99,96 78,79,71 42,48,49 39,37,47 39,23,36 41,25,38 41,25,38 37,24,32 39,35,44 36,25,32 35,29,36 32,19,27 47,30,33 39,43,56 42,46,61 43,47,62 41,48,62 42,46,59 30,38,47 49,53,66 46,53,65 35,38,49 33,38,46
37,60,94 33,56,90 33,57,88 32,56,87 31,55,86 33,52,83 27,51,82 30,52,82 28,51,78 26,49,76 28,48,74 30,48,74 22,27,35 31,36,42 31,39,44 33,38,44 38,43,49 40,48,55 34,47,62 51,66,84 50,81,98 24,24,21 26,26,26 26,26,26 30,30,30 30,28,26 30,25,24 63,71,87 83,90,104 91,94,105 71,78,90 65,76,89 57,67,75 56,61,71 51,61,58 65,72,56 87,91,76 97,98,88 104,102,100 107,107,107 108,108,103 110,108,104 96,97,89 75,83,69 48,49,52 35,23,35 42,26,39 41,25,38 39,24,32 38,36,44 36,25,32 32,29,35 32,20,25 45,31,36 34,37,48 34,37,48 37,40,51 42,46,59 39,47,54 29,33,46 53,55,71 49,53,66 35,40,48 34,39,47
31,57,90 32,59,89 33,54,89 31,54,88 31,53,83 30,54,83 29,53,82 32,52,80 29,49,77 29,49,77 29,47,73 29,47,73 34,43,43 32,40,47 29,39,45 30,41,54 62,86,104 62,92,114 56,86,106 62,86,106 39,42,51 30,28,26 29,29,26 34,34,34 31,29,27 35,33,31 22,28,31 26,45,53 77,86,97 89,97,104 43,53,59 45,59,71 49,67,66 30,52,45 19,53,49 16,49,41 14,41,42 15,43,50 13,44,48 18,45,44 23,56,48 24,57,51 29,70,57 41,81,60 41,83,62 39,49,43 40,24,37 37,24,34 33,22,29 37,34,38 32,21,28 34,28,35 31,21,25 43,29,34 32,32,42 34,36,50 35,38,49 31,36,44 33,38,46 27,35,42 46,53,65 48,50,64 30,28,38 36,36,46
33,57,88 33,57,88 31,54,88 30,54,85 30,55,79 29,53,82 27,51,80 28,51,78 28,48,76 26,49,76 31,45,68 30,48,74 27,32,38 44,64,80 56,84,105 55,90,113 62,95,116 62,92,114 52,82,102 42,71,89 33,32,35 35,33,31 33,33,30 35,33,31 31,31,28 25,25,22 16,33,37 19,39,42 21,41,44 18,40,42 21,41,46 23,43,48 21,45,47 18,45,46 15,44,44 15,44,46 15,47,46 14,46,47 14,45,49 21,45,47 17,44,43 21,49,43 21,55,44 22,65,48 29,75,57 29,70,57 37,46,48 36,30,37 33,24,35 37,28,39 32,21,28 33,27,34 30,20,24 43,26,27 37,33,42 35,39,52 34,39,49 30,33,40 32,35,44 34,37,46 46,53,67 44,46,60 30,30,38 34,37,48
32,56,87 30,54,85 29,56,86 30,53,80 29,54,80 29,54,80 28,51,78 29,49,77 26,48,78 24,47,74 25,45,71 27,47,73 28,47,68 46,70,90 47,77,97 59,94,115 54,84,104 53,86,107 48,77,95 54,79,101 51,61,67 27,27,27 31,31,31 32,30,28 45,50,58 29,35,38 33,28,25 37,32,31 44,38,29 37,29,35 61,45,39 26,38,42 20,48,55 17,45,50 13,46,49 14,46,47 18,47,49 18,49,53 16,47,51 18,45,48 19,43,47 20,44,44 18,51,45 21,56,47 24,64,54 22,67,55 23,63,53 37,48,49 30,27,31 28,25,29 26,23,27 29,23,28 34,27,30 37,26,33 34,34,42 35,40,50 34,39,47 39,43,56 40,44,57 32,40,49 39,44,54 38,43,51 29,29,37 29,34,42
32,56,85 31,55,84 28,55,83 27,52,78 27,51,80 27,52,78 26,51,77 29,49,77 28,48,76 28,47,78 26,46,70 30,48,74 30,48,72 58,87,105 52,77,99 52,77,99 52,77,99 53,81,104 51,80,98 55,80,104 54,79,101 29,30,33 29,29,26 30,31,34 35,37,37 30,30,30 27,22,21 26,26,23 17,22,30 70,120,156 24,29,35 25,35,41 22,56,56 19,52,55 16,49,52 18,49,53 18,49,53 21,53,54 23,54,58 22,54,55 17,46,48 17,44,43 18,42,42 18,48,41 21,57,45 25,68,54 33,78,66 27,57,52 29,44,47 26,34,39 29,32,39 27,27,35 31,28,34 25,24,29 34,30,41 32,37,45 33,36,45 32,37,47 32,37,47 35,38,49 53,57,70 44,47,58 30,30,40 34,39,49
29,56,84 30,55,81 29,53,82 32,54,84 25,53,78 29,54,80 27,50,77 29,49,77 28,48,76 28,48,76 27,45,71 30,48,72 33,53,77 59,87,110 61,91,113 53,81,102 53,81,102 51,81,101 56,84,107 55,79,97 51,62,73 29,37,42 36,31,33 33,33,33 24,26,26 22,24,24 24,24,21 40,40,37 41,51,48 50,60,64 28,28,40 33,27,32 45,57,61 24,60,62 24,60,62 24,62,64 25,62,61 22,61,60 20,57,56 21,62,58 19,53,53 17,49,50 18,42,44 19,43,43 16,48,45 22,58,46 21,67,52 31,76,66 31,52,48 26,44,41 35,27,35 30,22,30 24,25,28 24,25,30 25,26,31 33,31,41 29,34,42 31,36,44 32,35,44 35,40,50 54,58,71 45,50,60 32,32,40 33,38,46
29,53,82 30,54,83 30,54,85 29,53,82 25,53,78 28,51,78 26,49,74 28,48,76 28,48,76 26,49,76 28,46,72 28,44,69 51,74,97 59,89,109 59,87,108 60,88,111 58,86,109 59,87,108 44,62,75 32,33,38 36,36,33 36,36,31 27,35,44 30,51,58 38,68,81 47,78,93 36,66,79 41,51,48 48,56,46 47,47,42 35,28,26 65,44,19 47,45,55 36,49,64 24,58,58 21,53,54 20,44,46 23,53,48 34,63,51 41,65,52 43,74,64 37,65,61 17,51,51 16,45,45 13,42,40 20,45,40 21,60,47 26,64,54 30,70,60 33,51,48 33,30,34 38,25,33 41,27,32 43,27,25 51,28,27 28,28,36 30,33,40 32,37,43 30,33,40 34,34,44 42,47,57 39,39,49 28,28,36 32,35,44
31,55,84 30,54,85 30,55,81 30,53,80 27,52,78 27,50,77 26,49,74 25,48,75 28,48,76 25,48,75 27,45,71 28,40,62 55,78,101 56,86,108 59,89,113 57,87,109 55,80,102 29,39,47 38,35,39 35,37,37 34,49,56 67,102,125 78,149,187 74,147,186 73,145,176 65,133,170 73,144,184 72,145,182 75,146,184 71,115,139 51,39,39 54,47,50 44,37,49 45,41,50 32,47,52 26,50,52 16,44,49 25,49,41 34,58,45 37,66,57 40,66,53 39,68,59 35,68,62 26,55,53 19,46,47 20,44,48 15,48,40 25,56,46 27,56,47 50,57,55 62,60,61 33,26,29 31,21,25 29,22,25 36,25,32 30,30,38 34,32,40 32,32,40 25,29,33 46,49,58 48,53,63 52,57,67 36,36,44 42,45,56
29,54,80 27,51,80 30,55,81 30,54,83 28,51,78 26,49,74 27,47,73 29,47,73 28,48,76 27,47,75 28,44,69 28,41,58 46,67,88 57,87,109 57,90,111 56,75,85 33,37,39 33,31,29 35,45,51 53,77,95 45,84,108 62,117,144 69,134,169 74,147,184 75,146,186 71,142,182 78,153,194 78,152,200 74,147,184 67,134,171 27,25,37 27,27,35 24,25,30 25,24,27 24,25,28 33,53,54 30,56,48 26,48,41 29,53,42 27,58,45 28,62,51 32,63,50 31,65,51 31,65,51 27,60,54 17,46,46 20,44,46 42,56,52 68,78,75 84,88,90 70,71,76 51,48,54 34,31,35 25,22,26 29,29,37 32,32,42 36,36,48 37,40,51 31,36,42 43,48,58 49,53,68 54,59,69 42,42,52 35,40,46
27,52,78 27,51,80 28,51,78 28,50,80 27,52,78 30,48,74 27,47,75 29,47,73 28,48,74 29,47,73 27,41,64 28,41,58 41,60,81 58,86,107 63,87,107 35,37,34 34,38,40 42,61,71 60,93,114 56,89,110 55,90,113 63,118,155 70,137,174 69,142,177 72,140,174 66,134,166 79,157,202 62,133,169 73,146,185 70,143,182 21,21,31 22,22,32 27,27,35 24,24,32 24,25,30 29,41,45 26,55,53 23,48,45 22,48,40 32,56,43 36,61,45 33,63,46 42,67,49 35,65,48 42,68,55 36,60,52 28,51,48 41,57,57 61,64,71 62,65,72 61,67,70 65,68,75 68,67,72 69,68,73 31,30,35 31,31,41 36,40,53 36,40,53 35,39,52 45,49,62 41,43,57 41,44,53 68,60,66 63,55,61
26,51,77 28,51,78 28,50,80 28,51,78 29,49,77 30,48,74 31,44,70 28,46,72 30,48,74 29,45,72 27,39,61 27,40,57 26,41,59 55,81,100 32,33,36 36,36,36 56,89,112 55,94,118 58,93,114 53,88,111 56,93,115 65,122,158 68,133,168 64,129,162 67,125,154 58,112,144 67,124,158 69,137,171 67,132,165 63,123,158 13,28,44 27,27,35 24,24,32 25,25,33 27,27,35 26,29,36 31,60,58 30,59,57 34,57,54 32,56,48 25,56,46 24,58,47 27,63,48 38,67,53 46,69,54 37,71,57 37,65,59 36,58,58 37,56,66 40,59,69 56,70,80 74,83,94 103,101,111 78,76,84 48,47,52 32,32,40 35,39,52 35,39,52 34,37,44 36,39,46 44,42,52 48,44,53 63,60,64 63,60,64
28,51,78 30,50,76 28,51,78 31,49,75 29,47,73 29,47,75 28,46,74 31,42,69 29,46,68 31,44,63 24,37,56 27,37,55 28,38,56 52,69,91 34,34,31 57,85,106 61,95,121 57,93,118 55,88,111 55,88,109 56,95,119 66,123,157 69,137,169 67,127,162 68,124,156 65,121,153 56,106,135 55,104,138 61,108,138 56,103,133 25,53,74 23,26,35 24,24,34 24,24,32 24,24,32 26,29,36 32,42,48 30,64,60 27,56,54 28,53,50 29,53,45 30,54,41 35,60,44 32,62,45 39,66,48 45,70,52 41,70,58 36,69,63 44,66,70 44,65,74 55,70,86 76,87,100 83,86,93 87,87,95 59,60,65 35,36,41 29,34,40 30,33,40 31,31,39 30,30,38 32,32,40 30,33,40 29,29,37 32,33,38
32,51,82 28,51,78 27,50,77 29,47,73 25,45,73 28,46,74 28,45,65 30,43,69 31,43,65 28,41,60 25,38,57 27,37,55 27,37,55 26,36,56 41,41,41 57,85,108 60,94,120 57,91,117 57,94,116 56,95,119 59,100,123 63,119,149 62,121,161 58,108,137 58,103,132 57,107,134 51,87,112 51,79,102 41,66,90 36,65,83 44,64,80 28,28,36 22,26,30 21,25,29 21,25,29 22,26,30 25,28,35 22,25,32 33,46,47 32,55,52 23,46,41 23,49,41 28,54,46 27,58,43 33,63,46 37,66,52 31,65,51 29,68,55 42,69,70 47,74,75 56,66,86 65,76,87 69,76,88 74,78,91 83,87,100 89,92,99 75,78,87 62,66,70 57,60,67 32,35,44 33,36,43 34,39,45 35,38,45 30,30,38
32,52,78 32,50,74 32,52,78 32,50,78 32,50,78 32,50,78 31,49,77 32,48,73 31,44,74 27,40,57 26,39,56 28,36,54 31,39,55 27,37,53 34,44,62 54,84,106 58,88,108 60,93,114 59,92,115 58,77,98 52,79,93 46,71,84 41,52,63 36,38,21 36,34,12 36,35,10 30,32,17 27,29,24 25,31,18 29,40,51 37,46,59 29,33,48 28,32,47 31,35,48 34,38,53 31,35,48 32,36,49 32,40,49 31,40,51 24,45,43 25,42,34 26,45,34 30,52,40 29,60,45 32,63,48 29,68,52 47,67,51 49,69,53 51,68,44 76,81,57 76,86,62 65,72,86 68,81,100 80,88,104 83,90,102 85,89,102 90,92,106 84,102,128 59,63,78 38,43,49 37,37,45 38,36,44 36,34,42 27,27,35
36,56,82 36,54,82 32,55,82 34,54,80 34,52,76 34,53,74 31,49,75 33,47,68 33,51,68 35,50,66 38,48,66 43,56,73 45,52,66 43,44,65 57,82,106 53,81,102 47,80,99 62,85,110 44,59,73 47,52,48 32,38,29 29,34,33 31,33,33 30,31,12 36,31,17 37,33,14 30,31,21 32,33,23 32,34,50 29,33,48 26,33,47 31,35,48 31,35,48 32,36,49 32,36,51 34,36,50 32,36,49 35,39,52 29,37,44 37,51,44 50,61,32 65,70,36 77,80,45 80,87,43 83,91,50 85,93,54 57,69,49 30,60,43 65,78,51 76,80,42 67,81,60 48,72,76 51,71,87 64,77,96 70,81,94 74,77,88 80,79,94 68,71,82 83,88,94 98,105,117 69,82,101 69,79,97 34,32,40 31,31,39