10,7,11 34,40,57 26,34,50 19,21,37 18,21,30 17,22,32 19,25,42 22,29,43 33,46,63 39,53,76 41,50,73 37,47,63 41,51,69 40,53,72 42,51,74 43,54,81 50,59,84 46,58,80 45,60,78 43,53,71 42,55,74 43,56,73 52,64,86 52,64,86 47,59,81 43,56,75 44,57,85 43,55,77 48,58,74 48,61,80 49,59,79 43,53,71 43,53,71 30,40,58 43,56,73 50,72,113 55,83,117 47,68,103 40,54,77 39,55,84 37,64,94 45,68,102 53,79,114 48,63,81 45,55,73 39,60,95 47,85,129 50,80,120 46,72,105 42,68,101 62,97,147 54,94,142 53,84,129 38,60,92 45,61,97 45,62,95 53,71,109 39,50,77 38,42,55 36,30,37 37,26,33 37,15,9 36,19,11 36,20,14
11,9,7 26,33,45 19,27,43 33,35,51 34,41,55 40,48,68 38,52,73 35,45,63 37,46,59 36,46,64 40,50,68 41,51,69 41,54,80 47,59,83 42,60,84 40,62,92 44,63,96 49,66,97 50,74,105 43,69,102 45,69,100 48,60,82 53,65,89 53,65,87 49,61,83 43,56,75 42,52,72 48,60,82 50,62,84 47,60,79 47,57,77 41,51,67 37,47,65 35,45,61 45,53,71 43,61,87 41,67,100 31,49,73 34,44,64 48,71,98 53,79,114 55,83,119 45,71,106 51,60,73 44,50,67 49,66,86 69,106,155 61,94,138 41,67,100 44,70,103 52,87,137 38,61,97 31,59,93 42,58,87 35,48,67 39,53,76 38,50,74 39,42,64 41,38,53 37,29,35 38,28,32 39,17,11 38,21,13 37,21,19
12,10,11 19,22,33 23,32,45 28,36,52 35,45,65 31,49,77 37,61,92 38,54,79 35,53,81 35,54,85 41,59,87 45,61,88 38,48,66 39,53,74 44,58,81 46,68,100 48,66,94 49,68,101 52,75,111 49,75,108 48,67,98 47,61,84 48,60,82 49,61,83 48,62,83 42,56,79 41,54,73 45,55,71 43,53,73 48,61,80 43,53,73 44,66,98 38,60,90 40,54,77 42,52,70 45,61,90 43,58,90 33,41,57 38,52,73 50,66,95 44,62,90 52,74,104 47,71,102 51,59,75 45,51,68 47,56,79 41,65,94 48,71,107 40,54,77 46,60,83 43,67,98 41,65,96 50,77,118 41,62,97 39,59,85 44,67,101 44,62,90 34,38,53 35,34,51 38,23,31 41,20,18 43,16,9 43,19,13 40,20,13
26,9,12 24,10,12 30,40,58 20,27,41 24,28,43 31,37,58 26,36,56 34,44,64 31,40,51 34,44,60 36,46,62 42,52,72 39,47,63 36,49,66 42,54,76 47,61,82 51,60,83 51,60,85 47,64,84 50,62,84 48,60,82 47,59,81 47,60,79 53,66,85 52,64,86 43,56,75 41,51,71 46,58,80 47,60,79 52,62,82 44,54,72 45,57,81 40,54,77 34,44,64 46,59,76 47,72,98 49,62,88 43,53,73 40,55,87 47,68,107 63,92,139 52,75,113 48,71,105 54,60,77 47,53,70 53,70,92 54,84,122 44,64,92 46,66,92 45,61,88 46,71,111 41,67,102 43,74,117 36,55,86 38,51,77 36,53,84 36,42,63 35,30,48 32,26,33 36,24,29 38,17,13 41,18,17 46,21,22 43,25,24
28,10,7 27,9,6 34,41,55 28,22,29 26,23,29 27,29,43 29,28,45 18,25,39 30,37,51 33,40,54 41,51,71 43,55,79 45,57,79 40,53,68 46,54,70 51,59,79 49,62,81 50,63,82 50,62,84 52,63,90 51,60,83 51,59,79 46,58,80 54,66,88 55,67,91 46,62,89 44,53,76 40,53,70 43,53,71 41,54,69 42,52,70 39,52,71 55,61,82 34,40,59 40,48,64 47,65,80 47,58,71 43,53,71 41,53,75 46,67,102 45,68,104 43,67,98 51,74,110 52,62,80 45,55,71 50,61,90 39,63,92 47,57,77 41,53,75 41,53,75 38,48,64 38,49,76 36,46,66 32,39,53 34,41,55 32,38,55 32,34,50 35,36,55 37,29,46 35,26,37 40,25,33 45,30,40 47,33,46 46,35,44
40,11,5 40,11,5 37,33,46 38,34,47 40,43,63 39,47,63 35,39,54 41,47,66 40,46,63 39,47,65 37,53,78 42,55,83 46,58,82 43,49,68 41,47,66 44,51,65 44,52,70 49,59,77 49,62,81 50,63,82 50,60,80 50,60,80 47,57,75 53,65,89 54,66,88 41,54,73 40,53,70 43,60,82 45,59,80 42,56,77 49,62,88 46,52,71 40,48,68 37,47,67 46,62,89 52,64,86 48,61,80 47,61,84 38,56,84 43,67,98 41,63,93 43,61,89 47,63,90 54,62,80 47,50,68 44,60,85 41,54,80 47,60,90 45,55,71 42,52,68 37,47,65 33,50,72 39,46,60 36,46,64 30,50,76 30,38,54 36,38,54 34,32,42 37,30,40 41,32,45 47,38,53 51,42,57 54,46,65 55,47,66
51,10,8 50,9,7 39,20,24 38,26,38 43,31,43 37,33,46 33,19,32 29,27,37 33,40,54 33,37,52 34,40,57 36,38,54 37,39,55 46,43,60 44,46,60 41,47,64 51,57,78 52,64,88 50,67,87 52,64,86 50,59,82 48,54,71 51,57,76 50,58,78 41,51,69 43,56,75 48,59,86 46,63,85 41,56,74 70,86,122 81,103,144 45,57,79 44,54,72 42,60,88 40,52,74 47,57,73 47,57,73 42,55,74 37,54,85 55,78,116 46,70,101 47,59,83 50,63,82 56,59,77 52,51,68 40,50,68 41,54,69 46,60,83 43,53,71 41,54,71 44,58,81 39,53,76 33,43,61 31,39,55 27,33,54 31,29,41 33,29,40 38,30,38 43,35,43 48,41,55 57,47,67 56,50,71 59,53,74 61,57,77
58,11,2 57,9,3 47,10,9 48,30,39 48,31,34 43,26,29 40,36,56 41,39,59 33,31,41 38,36,46 34,38,51 35,37,51 45,40,56 39,42,60 45,51,68 56,57,78 54,62,82 55,65,85 52,64,86 52,65,84 52,55,73 48,54,71 49,52,70 46,52,71 40,50,68 43,46,64 25,32,46 20,25,31 31,41,59 63,78,110 48,61,80 42,55,74 45,57,79 39,51,75 37,47,63 45,53,69 45,53,71 42,60,88 45,71,104 49,65,92 48,60,82 48,60,82 49,64,82 55,62,76 48,68,96 53,76,110 46,44,56 38,51,66 47,57,77 42,52,70 36,49,68 32,46,67 29,39,59 40,46,63 36,43,57 30,27,33 39,32,42 43,31,43 48,38,56 55,45,63 58,53,71 62,56,77 65,59,80 66,60,81
64,16,2 62,14,0 55,10,5 52,30,35 49,32,35 46,33,41 50,40,58 50,38,50 40,28,33 40,28,40 42,37,53 47,48,67 46,45,60 54,50,63 55,51,71 59,56,73 61,57,77 58,56,78 55,58,78 52,58,75 50,53,71 53,51,71 54,55,74 53,56,74 42,50,66 53,51,71 22,22,30 19,23,27 23,26,33 31,38,50 49,62,81 46,65,98 50,62,86 38,51,70 39,47,63 43,51,67 44,51,65 42,54,76 42,53,80 42,52,72 53,65,89 52,65,84 50,60,80 50,63,80 42,62,90 46,67,102 39,43,56 42,52,68 49,57,75 47,53,72 45,57,81 45,55,75 45,53,73 39,45,66 34,28,33 37,28,39 43,34,45 52,47,63 54,50,70 60,56,76 63,57,78 63,57,78 66,60,81 69,60,82
65,17,3 64,16,2 59,12,1 46,25,25 59,24,25 53,19,17 66,24,27 60,25,28 53,19,17 55,21,19 48,31,37 55,31,37 61,37,46 58,41,47 60,48,62 55,50,66 58,54,74 60,56,76 56,57,76 53,56,74 59,58,75 56,55,72 60,58,78 60,61,80 48,51,69 40,41,60 26,31,37 22,25,32 23,26,33 45,49,62 47,55,73 44,53,76 46,54,72 43,53,71 33,39,58 43,51,69 42,52,72 39,46,60 38,42,57 43,53,71 48,58,76 45,53,69 53,61,81 54,62,80 45,54,77 49,68,99 43,56,75 45,54,67 41,43,59 41,43,59 40,43,61 39,33,54 41,36,52 40,33,43 43,30,38 41,33,41 51,48,65 58,54,74 60,54,75 61,55,76 63,57,78 63,57,78 68,57,80 70,59,82
70,17,3 67,14,0 64,16,0 51,21,20 70,22,20 63,33,32 54,31,30 54,33,33 49,35,37 48,35,43 46,32,45 57,49,68 63,47,62 69,50,57 62,49,59 60,46,59 61,48,67 63,53,71 57,49,66 54,51,68 48,51,69 40,50,68 40,50,68 47,57,77 51,59,77 64,74,94 65,78,106 60,80,108 67,79,103 50,58,74 40,48,64 43,51,69 46,54,72 42,52,72 34,41,55 42,46,61 43,51,69 38,45,59 36,40,55 41,51,69 43,53,71 44,50,67 51,61,77 56,58,74 47,53,72 49,61,83 50,62,84 52,60,78 48,52,67 42,46,61 49,47,67 48,40,59 45,33,45 45,34,43 48,35,45 54,50,63 59,54,72 62,58,78 65,59,80 66,60,81 67,61,82 67,58,80 68,58,78 70,59,86
80,18,7 79,19,7 75,15,3 59,16,12 72,24,20 71,24,15 70,22,16 64,24,19 64,20,19 60,20,15 59,26,26 73,33,35 81,41,47 78,42,50 68,44,48 63,45,54 71,51,63 68,49,63 63,54,69 46,47,68 42,55,74 43,53,73 38,48,66 38,48,66 51,65,86 57,69,91 68,86,122 68,89,124 45,55,75 37,44,58 50,55,79 45,55,73 44,50,69 43,46,66 34,38,51 37,44,56 38,45,59 34,39,49 41,44,55 43,50,64 42,46,61 44,46,62 50,56,73 54,56,72 46,53,67 44,51,65 42,45,63 46,44,64 46,41,57 47,40,52 48,40,57 55,39,56 53,39,44 56,39,42 61,47,60 65,59,80 68,59,81 65,56,78 63,57,78 69,58,81 69,58,81 68,55,76 65,52,73 67,54,75
84,18,2 85,19,3 80,15,3 77,17,3 69,24,19 74,26,12 71,23,17 70,25,22 64,26,30 64,34,37 63,34,39 72,38,45 75,41,48 71,43,45 71,49,54 70,46,52 86,52,61 76,53,66 70,53,73 41,53,75 42,54,76 46,58,80 47,60,79 44,54,72 47,61,84 46,66,94 61,80,113 52,70,98 58,64,85 35,43,63 56,75,108 80,101,147 44,46,62 39,38,53 36,34,44 37,35,45 37,35,43 34,30,39 37,33,42 44,43,60 42,46,61 45,49,64 49,57,75 55,54,71 44,46,60 43,46,64 45,49,64 51,48,65 49,42,56 53,41,53 54,39,47 56,39,42 59,40,47 70,51,69 74,61,82 72,57,79 72,57,79 67,54,73 67,51,68 67,51,66 70,53,73 71,52,70 70,51,67 70,51,65
85,21,4 84,20,3 81,20,2 80,19,1 71,17,8 88,28,18 88,28,18 96,27,14 87,20,11 78,22,16 88,27,20 96,26,18 85,37,33 70,44,48 67,45,50 69,47,52 71,49,57 73,49,58 66,54,70 45,57,79 49,61,83 50,62,86 53,65,89 49,62,81 38,48,68 51,67,94 75,93,131 77,101,146 63,84,121 101,137,191 75,96,135 75,107,147 42,45,56 38,37,42 39,28,35 37,31,38 38,34,43 38,30,38 38,34,43 46,45,62 46,48,64 48,51,69 54,62,82 53,58,82 50,46,66 46,48,64 48,47,62 50,47,64 55,48,62 55,48,62 60,45,55 63,45,54 66,47,54 71,51,61 78,57,72 77,56,71 77,56,71 75,56,70 73,54,68 72,51,66 70,50,60 71,52,59 70,51,58 73,51,59
85,21,4 88,23,4 93,25,5 97,25,6 81,20,4 98,26,12 97,24,15 79,24,13 76,22,15 70,25,18 69,24,21 69,23,23 72,34,36 75,42,46 71,45,51 75,51,57 77,51,60 72,48,57 73,54,70 48,58,78 52,62,82 48,62,85 51,69,95 49,63,86 49,57,75 45,57,79 66,87,124 85,110,152 93,132,197 94,129,188 79,110,153 76,94,132 83,100,143 39,36,40 38,30,38 38,30,36 38,34,45 41,33,41 39,35,46 48,47,62 48,47,64 50,52,68 55,61,80 57,60,80 49,57,77 45,53,71 43,49,68 41,51,69 33,44,57 48,44,55 58,40,49 60,41,48 68,51,57 76,54,62 80,57,68 81,58,69 81,58,71 87,61,78 78,57,72 79,54,66 74,50,59 77,51,60 77,51,60 76,52,61
102,28,3 100,26,1 95,23,4 95,23,9 90,24,8 91,26,16 90,25,13 90,30,20 81,27,18 87,17,9 88,18,10 72,24,20 72,26,26 68,38,39 64,42,50 59,45,60 62,48,61 61,47,60 65,53,69 51,61,81 49,61,83 52,64,88 44,67,94 51,69,97 52,64,86 41,54,73 68,86,124 66,91,131 81,111,161 88,123,173 86,117,160 84,111,150 68,90,122 110,130,174 39,36,42 41,38,44 44,38,45 35,29,36 46,47,66 47,61,84 46,57,84 46,69,103 52,73,108 48,68,96 45,59,80 44,63,96 42,62,88 43,52,75 40,50,68 31,41,59 57,40,43 62,38,44 73,44,54 79,50,60 83,54,64 85,56,66 88,57,68 90,60,73 84,57,69 82,56,65 80,51,61 80,51,61 83,54,64 83,57,66
116,25,6 121,24,2 111,23,5 97,25,4 94,22,8 87,26,10 95,24,7 87,23,6 82,22,10 79,19,7 72,17,4 60,12,8 57,23,21 53,30,29 59,42,43 61,46,56 62,49,59 66,50,63 68,52,67 51,61,81 49,61,83 53,67,90 50,69,100 51,70,103 55,73,101 45,61,86 69,86,117 71,96,138 71,101,141 77,109,149 75,107,147 106,146,217 145,195,255 125,181,255 55,90,142 30,43,71 46,68,109 42,67,107 44,62,100 50,75,117 51,72,109 46,69,105 53,76,112 52,74,106 48,65,96 44,63,96 48,66,104 45,61,88 43,53,73 34,44,60 51,39,51 66,36,37 71,40,48 76,42,51 81,47,59 86,52,61 89,55,64 91,57,69 89,55,64 87,53,62 84,53,64 85,54,65 85,56,66 89,55,67
117,24,3 99,24,4 95,23,4 98,23,3 101,27,4 86,22,7 86,22,5 85,21,4 82,21,3 80,21,4 70,15,2 65,16,5 64,21,17 62,24,26 66,38,38 67,43,49 68,46,54 68,46,54 62,48,63 48,61,80 50,63,82 55,75,103 55,74,105 55,78,112 55,78,112 53,70,101 43,52,65 67,91,122 73,96,134 68,94,129 77,106,151 101,150,234 77,97,150 128,173,255 101,139,211 50,72,113 53,75,118 44,70,107 57,79,120 67,93,139 56,82,119 52,77,117 55,78,116 56,77,114 57,74,105 47,59,81 42,61,110 53,74,113 49,64,98 61,51,69 33,34,53 65,34,45 70,40,43 73,42,48 78,42,50 85,46,57 90,51,62 91,52,63 92,53,64 92,53,64 90,54,64 89,55,67 92,56,69 91,57,69
111,28,8 102,26,2 106,24,4 116,22,1 113,23,0 107,24,4 90,21,6 90,21,6 86,22,5 79,20,3 75,15,1 70,15,2 69,19,4 72,24,20 69,35,33 74,40,47 69,45,51 68,46,54 58,46,58 47,54,68 45,58,77 53,75,107 56,75,108 55,79,110 61,84,120 64,87,123 38,48,68 37,36,41 59,74,106 72,98,135 97,128,200 106,154,236 95,113,169 75,95,139 86,101,144 60,76,114 54,77,115 61,87,133 57,81,130 62,92,144 59,85,131 52,76,121 51,74,112 55,76,115 49,70,105 50,68,104 48,68,112 45,61,97 32,48,75 35,52,74 37,45,73 83,37,21 69,35,33 76,38,42 82,40,47 88,45,55 90,48,55 93,50,60 93,50,60 93,52,61 99,56,68 98,58,64 100,57,69 100,59,70
117,23,5 113,25,5 98,24,1 110,22,2 100,24,2 99,22,5 94,25,10 95,26,11 90,21,6 84,20,3 82,17,5 72,14,2 75,20,7 68,23,18 72,34,28 71,40,46 66,42,58 42,50,70 42,51,74 41,52,65 35,45,63 54,76,108 58,80,112 59,83,114 54,75,110 61,84,118 50,66,91 59,74,92 57,63,84 45,60,92 62,70,100 84,112,176 92,117,170 60,76,114 53,66,94 36,42,61 32,52,76 63,82,131 54,81,122 55,80,122 50,77,118 57,81,126 60,83,121 60,81,120 51,72,111 56,73,118 32,48,75 43,61,89 43,58,92 38,54,83 44,59,93 82,40,27 72,33,32 77,37,39 82,40,43 86,44,49 92,46,48 93,47,47 97,51,53 97,51,53 100,53,58 105,58,63 105,58,65 104,58,71
121,26,8 107,25,3 103,23,5 111,23,3 116,25,6 112,26,5 97,25,6 97,25,6 92,23,8 86,20,4 79,19,5 68,15,1 64,16,0 63,20,12 68,27,25 56,39,45 39,48,61 36,49,66 40,50,68 41,51,69 39,42,60 56,73,104 62,83,122 62,84,114 54,76,108 64,90,123 49,62,88 63,79,108 78,106,140 95,128,172 61,81,123 56,66,102 75,84,123 54,68,105 43,53,71 61,85,145 71,99,153 69,95,141 56,74,112 51,76,118 66,87,137 56,80,129 66,87,135 60,84,129 64,88,137 60,82,123 50,73,107 56,70,118 43,51,71 48,62,85 40,50,70 41,63,95 72,43,48 76,35,35 82,37,41 92,43,44 98,49,50 102,51,54 104,53,56 105,56,59 109,56,60 109,58,61 110,58,66 109,59,67
122,28,5 107,28,7 99,24,6 91,19,5 92,20,6 96,25,8 97,26,7 97,26,7 94,25,10 86,20,4 83,19,4 77,19,7 75,17,5 70,19,11 67,24,18 73,41,38 39,43,58 38,46,66 42,51,74 43,55,77 36,45,58 56,69,97 59,80,115 68,87,120 57,76,109 66,89,127 55,77,109 56,72,97 70,98,130 87,123,168 97,130,190 65,81,108 42,45,65 43,41,53 33,37,50 68,86,140 56,82,126 62,83,129 55,75,119 64,89,142 77,101,161 71,98,155 56,79,131 62,87,127 59,83,132 66,92,140 59,80,126 60,82,125 53,73,115 53,73,115 29,46,91 37,55,83 39,57,85 48,66,102 85,37,35 92,43,44 99,48,49 105,49,52 110,54,57 111,55,58 114,57,58 115,57,61 118,60,66 117,61,66
98,27,8 95,24,7 90,21,6 90,21,6 90,21,6 96,25,8 97,26,9 96,25,8 94,22,8 90,21,6 89,20,5 85,21,4 81,20,4 80,20,8 66,27,24 32,37,43 50,37,56 44,46,62 41,50,73 39,55,82 37,45,63 47,63,88 56,74,110 62,79,112 59,77,103 64,87,123 66,87,126 54,67,93 70,96,133 88,123,171 97,137,187 72,79,102 38,37,54 40,42,56 39,46,60 68,101,147 78,107,152 54,83,130 64,88,137 62,92,142 80,110,173 57,86,129 70,95,150 75,99,148 70,94,141 66,90,135 58,82,129 57,78,126 53,77,122 53,73,115 57,82,122 50,64,103 35,49,70 32,45,64 34,45,76 92,42,40 97,46,47 106,48,52 115,52,57 119,56,61 124,59,65 126,61,67 131,66,72 130,65,73
98,26,9 97,25,11 90,21,6 90,21,6 90,21,6 90,21,6 94,22,8 96,24,10 90,21,6 90,21,6 87,21,5 86,22,5 83,22,4 95,36,17 36,33,48 29,32,50 40,43,61 40,46,63 37,46,69 40,52,76 39,52,78 56,69,95 60,77,110 55,74,105 51,67,96 68,89,126 65,88,124 57,81,112 76,103,144 93,128,178 108,147,212 103,134,181 44,51,63 46,50,63 57,76,107 68,91,143 51,78,119 59,83,128 68,91,143 72,101,169 66,91,144 70,94,141 76,104,154 67,92,143 63,92,139 63,87,132 69,95,143 64,88,135 59,80,128 51,73,116 60,81,129 42,60,98 39,56,87 33,46,65 36,45,68 29,48,79 97,45,42 104,47,46 115,53,53 122,58,61 128,60,67 131,63,70 133,66,70 133,68,74
101,27,4 101,27,4 99,27,8 100,25,7 92,24,6 92,20,6 90,21,6 90,21,6 90,21,6 90,21,6 88,22,6 88,22,6 83,22,4 127,45,25 28,37,50 29,37,55 38,46,66 36,49,68 41,51,71 37,46,69 46,59,87 71,96,147 37,44,58 55,73,101 54,70,97 61,85,114 81,111,149 84,121,168 78,111,155 70,101,148 83,109,155 80,91,129 45,51,68 37,39,55 56,72,108 62,88,132 61,82,130 58,78,131 74,99,154 59,84,137 56,80,127 77,105,159 70,103,163 74,102,152 68,97,156 62,90,144 59,84,126 59,84,135 62,86,135 64,88,137 60,84,133 61,83,124 33,51,87 35,53,79 36,47,74 63,56,70 40,47,70 99,44,42 108,48,48 122,55,57 128,59,64 134,62,68 136,64,70 140,65,70
105,26,5 107,27,9 110,28,8 103,27,5 99,27,6 94,25,10 90,21,6 90,21,6 87,23,6 90,21,6 90,21,6 89,25,8 86,22,5 99,34,22 31,39,59 31,39,59 39,51,73 39,51,73 46,60,97 42,56,77 45,59,80 18,30,52 23,24,29 25,32,46 52,65,82 66,84,110 64,97,139 85,119,158 73,93,117 62,83,120 74,90,128 56,66,86 50,53,75 42,45,63 37,45,63 59,91,140 68,91,143 59,81,124 58,80,123 62,86,133 56,80,125 76,99,162 60,80,135 62,91,136 67,98,156 57,86,133 58,84,132 66,96,148 57,81,130 60,84,129 65,86,134 59,78,127 57,75,115 42,60,96 55,72,115 57,62,88 50,61,90 91,45,56 109,45,44 119,50,51 127,55,59 133,58,61 138,63,66 140,65,68
113,27,6 114,28,7 115,29,8 111,28,8 103,27,5 99,27,10 94,22,8 87,23,6 85,21,4 83,22,4 83,22,4 82,23,4 86,22,5 153,55,27 33,42,55 33,46,72 38,50,72 40,52,74 39,58,91 46,63,94 31,49,73 55,71,109 47,65,103 30,38,56 44,51,65 42,47,57 49,69,93 50,51,70 58,64,85 60,74,97 65,74,99 45,51,68 46,52,71 42,41,58 40,48,66 38,51,77 66,91,142 64,89,142 46,67,102 48,70,111 52,73,119 55,77,120 55,77,118 67,93,139 65,95,149 69,99,153 68,96,146 76,102,148 67,91,136 70,94,139 51,76,116 50,73,109 47,66,99 41,62,101 44,61,92 37,42,66 47,57,77 91,42,45 110,47,43 114,48,45 124,50,50 130,56,54 136,58,57 141,63,62
116,30,9 116,30,9 117,31,12 113,30,8 106,30,8 101,26,6 92,23,8 83,22,4 84,20,3 82,21,3 80,21,4 80,21,2 82,21,3 98,39,34 32,44,66 39,44,68 46,58,82 46,58,82 36,54,92 51,69,107 44,61,92 59,79,121 41,58,101 54,77,111 25,38,55 34,38,51 34,39,47 28,41,58 26,33,47 39,42,60 38,44,63 38,44,61 54,55,74 49,44,62 35,45,63 35,43,63 35,47,71 65,91,139 65,91,139 66,91,142 54,75,121 48,66,106 52,74,115 74,95,145 41,60,107 66,89,145 65,88,140 54,80,126 64,88,137 49,74,114 58,82,127 52,74,115 45,67,110 43,59,95 35,53,79 44,59,93 62,45,67 104,38,33 107,41,38 108,42,39 122,48,48 126,51,51 132,55,51 136,57,54
120,29,10 120,29,10 120,29,10 115,29,8 111,29,9 102,27,9 90,22,4 86,22,5 80,21,2 80,21,4 80,20,6 80,20,6 117,28,0 77,42,43 40,49,72 35,49,70 32,45,62 38,51,77 45,66,103 58,79,118 51,72,111 61,83,126 53,74,122 63,87,132 49,67,107 39,57,83 38,38,50 25,38,53 33,41,57 33,41,59 41,47,66 37,44,56 41,47,64 49,48,65 31,39,55 41,51,71 28,41,60 54,80,128 57,83,129 60,84,129 43,66,102 48,64,100 50,69,102 59,82,120 68,87,134 57,83,131 65,90,141 81,99,166 64,88,137 68,93,135 49,69,111 47,65,105 50,66,102 55,75,117 33,54,89 37,54,87 34,46,68 50,43,53 106,41,33 114,43,40 114,43,42 119,45,45 125,50,48 130,53,47
120,29,10 122,31,12 123,32,13 118,30,10 113,29,12 110,27,10 98,26,9 86,22,5 82,21,3 81,22,3 80,21,2 80,21,2 176,60,6 53,46,60 38,48,68 36,47,74 39,52,71 45,56,83 46,69,105 44,69,109 61,87,131 70,96,140 56,80,127 56,82,126 49,73,118 48,68,110 43,50,64 26,28,42 28,38,56 41,51,71 41,51,71 38,46,64 33,46,65 114,169,255 27,45,73 27,40,57 29,46,68 64,88,137 61,86,137 55,78,116 40,62,103 44,69,109 52,76,123 50,72,115 55,82,139 54,83,128 71,96,149 72,96,141 64,89,142 57,83,131 59,85,131 45,66,103 37,58,93 48,71,109 41,64,102 41,62,99 55,71,107 26,48,78 110,37,30 113,40,35 115,42,37 116,43,38 118,44,42 125,51,44
122,28,10 125,31,13 120,29,10 124,30,12 116,30,9 111,29,9 102,27,9 92,24,6 86,22,5 85,21,4 85,21,4 83,22,6 114,55,50 39,52,78 40,48,64 40,62,92 43,60,93 45,61,99 50,73,111 51,76,118 55,83,133 55,80,131 61,87,135 59,81,122 55,81,118 53,78,118 44,65,100 39,52,78 35,51,80 68,100,151 74,114,185 58,93,141 69,97,147 34,36,50 39,35,46 65,91,135 62,93,138 69,97,149 70,98,150 59,82,118 58,82,131 60,84,131 53,77,126 57,79,122 51,73,114 48,75,114 51,76,116 59,84,137 58,81,133 53,78,120 38,62,107 41,66,106 40,62,103 42,68,101 45,67,108 43,65,108 42,59,79 37,53,82 41,59,83 108,41,32 113,40,35 113,40,35 119,42,36 121,44,36
125,31,13 125,31,13 125,31,13 127,32,14 117,29,9 111,29,9 105,26,5 99,27,10 90,21,6 90,21,6 88,22,6 88,22,8 74,50,66 41,59,87 42,63,98 29,54,94 44,58,81 48,68,92 51,74,110 58,83,125 51,72,109 61,90,133 56,82,130 64,88,137 57,82,135 62,87,140 77,100,165 48,74,109 39,67,119 65,108,178 69,104,156 71,105,173 75,110,171 58,93,154 48,88,138 64,93,138 69,104,167 74,107,169 63,89,135 58,83,123 57,81,126 47,69,110 46,69,107 55,77,120 47,67,111 50,75,117 48,74,111 50,72,113 46,66,108 51,71,113 44,60,85 57,80,134 51,77,123 58,83,125 43,65,106 43,66,102 49,67,107 27,36,59 42,54,78 73,51,59 111,38,31 115,39,28 115,38,32 119,43,30
126,32,14 127,33,15 130,33,13 130,31,10 117,29,11 109,30,9 103,26,7 98,27,10 95,23,9 90,21,6 96,24,10 101,24,7 58,52,73 41,59,87 41,62,97 44,65,100 59,75,100 60,72,94 51,75,106 57,87,137 53,76,132 51,77,121 65,89,138 58,79,129 76,109,173 70,103,174 61,91,143 49,68,115 35,43,59 71,106,165 73,105,156 85,123,195 81,110,180 76,105,152 75,103,155 53,84,127 85,110,163 68,98,150 60,91,138 70,98,150 63,87,134 60,78,116 53,78,118 43,65,106 52,71,118 55,80,133 52,77,119 45,71,108 39,59,87 46,65,98 40,63,101 55,78,132 58,81,133 50,75,117 47,69,110 68,90,131 46,71,113 48,72,119 33,47,70 36,47,76 111,34,28 113,38,22 114,38,25 116,40,27
130,32,15 131,34,14 135,33,11 120,30,8 112,29,9 110,28,8 103,26,9 99,26,12 97,25,6 101,26,8 105,28,9 105,26,5 41,53,77 41,55,76 42,59,92 43,62,93 45,68,104 54,76,117 44,71,112 59,85,129 50,76,122 52,74,117 83,111,165 78,104,148 65,98,162 67,105,167 57,85,139 43,45,70 34,33,38 68,98,148 44,69,109 63,87,134 67,97,151 64,90,134 75,97,156 83,113,178 58,84,132 67,94,153 71,105,162 76,107,163 75,113,173 50,80,132 63,93,147 62,82,137 52,76,121 56,83,124 52,74,115 51,77,114 44,67,101 48,71,105 46,69,103 51,73,114 57,82,124 45,70,110 47,70,108 47,69,112 43,66,100 43,61,101 43,66,102 36,43,66 58,66,96 108,33,17 113,38,22 114,39,23
131,32,13 136,31,10 137,31,8 114,31,9 110,28,8 105,25,7 102,27,9 102,27,7 105,25,7 108,29,8 114,28,7 112,30,5 36,48,70 38,48,68 39,60,95 31,52,87 51,74,110 59,86,125 63,91,143 61,88,145 69,101,154 61,94,140 72,100,154 57,87,139 60,90,140 67,101,158 69,102,162 65,92,151 66,103,141 53,82,127 59,89,141 66,96,148 64,89,144 55,77,120 62,83,131 74,99,150 89,127,187 62,99,148 79,113,181 73,110,175 73,103,157 55,81,125 60,90,140 60,88,138 57,87,137 60,88,140 45,69,114 49,74,114 55,77,118 62,81,130 44,71,110 51,76,116 52,75,113 45,68,104 46,70,115 42,60,96 47,68,105 56,76,120 51,76,118 52,77,117 36,56,80 109,32,17 109,34,16 111,36,18
137,31,8 139,31,8 117,29,9 113,29,12 110,28,8 105,29,7 103,26,7 102,27,7 106,29,10 111,28,11 114,28,9 114,28,7 40,52,76 42,51,76 49,62,92 39,53,74 47,70,108 51,77,123 71,96,149 65,93,145 59,96,147 69,98,166 69,103,158 63,96,158 71,102,158 75,105,157 66,96,157 74,113,189 88,134,212 57,107,188 72,117,188 71,108,173 82,109,178 77,118,182 77,111,168 62,88,136 84,122,184 71,114,168 70,109,162 49,89,139 66,103,170 66,104,146 58,89,132 74,102,154 63,93,143 54,81,122 43,69,104 45,68,106 47,66,99 47,63,88 46,66,94 53,73,117 48,74,109 47,70,106 55,76,122 37,53,89 55,75,119 59,83,128 57,82,124 60,84,133 59,73,125 44,50,80 107,32,14 108,33,17