27,40,59 25,46,81 23,46,80 24,47,81 22,48,81 26,47,82 43,51,79 42,51,76 45,51,70 49,50,69 42,51,74 37,53,78 34,52,80 30,50,78 28,50,82 30,49,80 37,50,80 29,47,83 29,48,81 23,49,86 23,49,86 24,50,87 24,50,85 23,49,86 23,49,86 24,50,87 26,49,83 24,50,85 27,50,84 28,49,84 31,48,81 21,46,86 23,48,88 22,49,88 22,49,88 20,50,90 23,48,90 21,51,91 24,51,90 23,48,88 22,47,87 22,47,87 24,50,87 26,48,89 29,48,79 28,49,84 29,47,85 30,48,84 25,48,84 26,48,89 23,46,84 26,47,86 26,47,82 27,50,84 26,49,83 26,50,81 26,49,85 27,50,84 27,50,84 28,49,86 27,48,83 26,49,83 30,48,84 30,48,84
32,40,58 29,47,73 25,44,75 27,38,65 21,48,78 23,46,80 24,47,83 25,48,84 28,47,78 37,50,76 42,52,72 44,51,74 39,52,78 36,52,81 25,48,84 44,53,76 42,51,76 35,51,80 36,53,75 34,51,84 21,47,82 25,51,84 27,48,83 24,50,85 24,50,85 27,50,84 33,51,87 28,50,82 32,51,84 36,52,79 35,51,80 26,49,85 23,45,88 21,48,87 23,51,87 23,48,88 23,49,86 24,50,87 28,49,84 28,49,86 27,48,85 27,51,82 30,48,84 32,51,84 36,52,77 37,50,78 34,52,80 28,49,84 26,49,85 26,49,87 25,49,80 28,49,84 30,52,82 30,52,84 32,51,82 30,49,82 32,51,84 32,51,84 34,52,80 33,52,85 28,49,88 27,50,86 32,50,86 32,50,86
34,37,57 35,43,63 34,40,61 33,36,58 28,38,58 26,48,80 24,47,83 24,47,85 24,47,83 24,47,81 25,48,84 27,49,81 28,47,80 23,47,76 25,48,86 36,47,76 47,48,67 44,51,74 35,51,80 38,49,76 32,52,80 34,52,80 38,51,77 36,52,81 35,51,80 26,49,83 34,52,80 29,48,79 35,51,78 38,51,81 27,49,81 22,48,85 24,46,87 24,49,89 28,51,78 30,48,88 31,48,79 34,52,80 40,51,80 42,51,76 38,51,81 38,49,78 41,50,73 30,48,84 26,50,81 27,48,83 24,50,87 27,48,83 28,49,84 27,48,83 26,49,83 26,49,83 35,53,77 37,53,80 37,53,78 39,52,80 38,51,81 40,53,79 32,51,82 33,52,83 35,52,85 33,52,85 34,53,86 34,53,86
31,37,56 32,38,59 34,37,59 32,38,59 33,39,58 31,37,56 29,47,83 25,48,82 24,47,81 24,47,81 25,48,84 25,48,84 25,46,85 24,47,83 24,47,85 24,47,85 27,48,83 25,48,84 24,47,85 25,47,88 25,48,82 27,48,83 28,50,80 32,51,82 27,50,84 24,50,85 25,48,84 24,50,85 22,50,86 26,49,87 22,48,81 26,49,85 25,48,84 25,48,82 26,49,85 24,50,83 29,52,88 26,47,86 26,47,86 27,48,87 25,48,86 26,49,85 27,50,84 26,49,85 26,49,83 26,48,89 28,49,84 32,51,82 34,51,82 36,52,81 28,50,82 32,49,82 35,52,83 41,53,77 41,52,79 37,53,82 35,51,80 35,53,81 32,51,84 33,52,83 34,53,84 37,53,82 40,53,81 41,52,79
32,38,57 33,39,58 32,38,59 31,37,54 30,36,55 32,38,55 36,52,77 29,48,81 27,49,81 26,50,81 22,49,79 25,48,82 24,46,87 23,46,82 23,49,86 23,49,86 22,48,85 20,47,86 22,48,85 23,49,84 23,51,87 21,49,85 17,45,81 22,48,85 24,50,85 28,49,84 29,47,83 30,49,80 23,49,82 28,50,82 28,51,78 35,50,82 30,49,82 30,49,82 31,48,79 33,49,76 30,52,84 32,49,80 29,47,85 28,49,86 29,47,87 34,52,80 32,49,80 32,51,82 34,51,82 31,48,81 28,49,84 37,50,78 40,52,76 40,51,78 36,52,81 39,52,82 38,51,79 40,51,78 36,52,81 36,52,81 35,53,81 36,53,84 37,52,86 36,52,79 41,52,79 44,51,74 42,53,80 41,54,80
32,35,55 32,38,57 33,36,56 33,36,56 35,36,55 34,37,55 32,38,55 35,51,78 36,52,81 30,49,80 25,49,80 25,48,82 25,45,87 24,47,85 24,47,85 23,49,86 21,47,82 25,48,86 22,48,85 24,47,83 24,47,83 22,48,83 12,44,82 21,49,85 22,48,85 26,49,85 36,52,79 40,53,79 44,51,76 41,52,79 38,54,81 40,52,74 36,54,82 40,51,78 44,52,72 45,50,74 45,52,75 41,50,75 34,52,78 32,51,84 35,51,76 41,49,77 42,51,76 42,50,78 45,52,75 42,51,76 38,50,74 32,50,78 35,51,80 35,51,80 36,51,83 38,51,79 42,51,76 40,51,80 36,52,79 43,51,79 40,53,81 40,53,79 43,52,77 45,52,75 47,52,76 50,53,75 50,53,75 53,54,77
32,38,57 31,37,54 31,37,54 30,36,55 31,37,56 33,36,56 30,36,53 42,50,66 33,39,56 37,45,61 45,50,74 41,49,77 25,48,82 23,49,82 24,47,83 22,48,83 23,49,84 24,48,79 27,48,83 32,51,82 30,49,82 22,48,81 27,48,83 25,48,86 23,51,85 17,45,81 19,50,85 21,49,85 36,47,78 40,52,76 36,47,76 32,49,82 40,51,78 39,51,75 42,51,76 28,49,84 30,48,84 30,49,82 32,51,82 35,52,83 26,49,83 34,51,82 32,51,84 29,52,88 30,52,84 30,53,87 28,49,84 27,50,84 28,49,84 28,49,84 28,49,84 28,49,84 34,50,88 36,51,83 37,53,82 49,56,79 46,54,74 50,53,75 52,50,74 55,53,77 50,55,79 42,53,80 40,51,80 39,52,80
29,37,55 29,37,55 30,38,54 32,35,55 30,36,55 30,36,53 30,36,53 32,38,57 31,37,54 31,34,52 27,50,77 51,49,69 46,49,69 28,47,78 25,48,86 35,51,76 38,51,77 32,51,82 30,49,82 27,48,83 32,51,84 32,51,84 42,52,72 40,52,74 37,51,74 36,52,79 26,48,80 27,49,81 25,51,84 23,51,87 26,49,87 26,49,87 27,48,83 26,49,87 26,49,85 26,49,87 26,49,87 25,50,90 27,49,90 27,49,90 27,50,88 25,51,86 29,52,86 29,52,90 31,52,87 30,53,89 25,51,84 29,52,90 27,50,88 27,50,84 28,49,84 29,52,90 34,51,84 38,54,81 39,52,80 40,53,83 36,52,90 37,54,85 49,56,79 43,54,81 40,53,81 41,54,82 41,52,83 38,53,85
29,35,52 30,36,57 33,36,56 31,38,52 30,36,53 30,36,53 30,36,53 30,36,55 29,37,53 30,36,55 26,47,84 26,49,85 24,47,83 29,45,83 36,52,81 22,50,86 26,47,82 40,53,83 33,52,85 34,55,90 35,57,89 33,60,99 36,54,80 34,73,126 33,64,109 43,58,92 47,51,80 47,53,74 43,52,75 40,51,78 42,50,78 37,53,80 42,50,78 35,50,82 30,48,84 28,49,84 28,49,88 28,49,86 29,47,83 27,50,86 27,50,86 28,49,86 32,51,84 33,51,87 34,51,84 33,52,83 34,51,84 32,51,82 33,51,89 33,51,89 35,52,85 33,51,87 37,53,82 39,52,80 46,53,78 42,53,80 35,53,89 36,53,86 39,54,86 42,53,82 40,53,83 41,54,82 41,54,82 37,54,87
31,37,54 31,37,56 30,36,57 30,36,55 31,37,56 31,37,56 30,36,53 29,36,50 30,36,53 29,37,55 26,50,81 32,50,78 27,45,81 25,48,84 24,47,83 24,47,85 21,47,80 21,47,82 20,48,80 18,49,80 25,55,93 36,69,113 40,80,140 39,79,129 39,79,129 42,79,130 42,87,145 43,83,141 42,82,144 40,78,136 42,81,136 43,85,144 47,73,117 40,53,81 46,53,76 42,51,76 37,53,80 35,50,82 39,52,78 31,47,83 35,50,82 38,51,79 36,53,84 35,53,81 34,53,86 37,53,80 41,52,79 41,52,83 41,52,81 44,52,80 41,52,81 43,51,79 40,51,80 40,53,83 40,52,85 38,53,85 37,53,89 35,53,91 38,55,88 43,51,83 41,52,83 44,52,82 45,53,85 44,52,82
30,36,53 32,35,53 30,36,55 30,36,57 30,36,53 29,35,52 30,37,51 30,36,53 32,35,53 32,40,60 30,46,82 28,50,82 28,47,78 30,49,80 31,48,81 29,48,81 25,48,84 21,47,80 17,43,76 19,47,81 23,46,80 19,47,81 19,50,83 17,45,79 22,50,86 24,49,89 16,49,82 25,57,95 29,61,110 25,56,103 32,65,111 46,82,138 34,65,112 34,62,98 36,53,86 37,53,82 39,52,80 37,50,80 41,50,75 40,51,80 40,51,78 43,52,77 37,53,78 38,54,81 36,53,84 34,53,86 35,52,83 36,53,84 39,52,82 39,51,84 36,53,84 36,53,84 38,54,81 38,54,83 40,53,83 40,53,81 41,53,86 40,52,85 39,54,88 41,54,82 49,55,85 52,56,85 52,57,83 52,57,83
29,35,52 31,37,54 30,36,53 30,36,57 30,36,55 29,35,52 29,35,52 29,36,50 30,36,53 31,37,54 35,45,65 30,38,58 27,47,75 24,46,76 24,48,77 20,46,79 25,48,84 22,48,81 21,47,82 21,47,80 21,47,80 18,44,77 20,46,79 18,44,79 23,49,84 24,51,90 20,46,83 20,46,83 21,47,82 21,49,85 24,50,85 22,50,86 25,48,82 24,50,85 27,50,86 27,50,84 28,49,86 29,52,88 32,51,84 35,52,83 39,52,80 35,53,81 36,53,86 36,53,86 34,52,88 31,52,87 34,53,86 36,53,86 34,52,88 35,53,89 37,54,87 36,53,86 39,52,80 41,54,80 41,52,79 41,52,81 40,53,79 40,53,81 40,53,81 41,52,81 52,54,79 52,57,83 51,56,82 44,53,78
30,36,53 30,36,53 31,37,54 30,36,55 29,35,52 29,35,52 29,35,52 30,36,53 32,35,53 29,32,50 29,35,54 30,36,55 30,36,53 30,36,55 25,32,44 24,39,57 28,49,84 24,50,83 25,48,82 22,48,81 23,49,82 22,45,79 20,46,81 22,48,81 27,49,81 22,48,81 26,49,85 23,49,86 26,49,85 26,49,87 26,49,83 26,49,83 26,49,83 27,50,86 29,52,86 27,50,84 30,51,86 30,52,84 31,52,87 30,51,86 35,52,85 35,52,85 33,52,85 36,53,84 35,52,83 39,52,78 40,51,80 41,52,79 39,52,80 39,52,80 51,65,102 37,54,76 41,52,79 41,52,79 41,52,79 44,52,80 49,55,83 49,56,81 41,52,79 41,52,81 41,52,81 42,53,82 41,52,81 41,52,81
30,36,57 30,36,53 31,37,54 29,35,52 29,35,52 31,37,54 29,35,52 29,36,50 29,36,50 25,32,44 29,35,52 30,36,53 27,33,50 25,32,44 25,32,46 25,32,46 22,49,79 30,51,86 32,52,80 34,52,78 25,48,82 26,48,78 37,50,76 37,50,78 35,51,80 30,52,82 36,52,81 36,54,80 35,51,78 37,50,76 39,52,78 36,52,79 32,50,86 27,49,81 32,51,82 34,51,82 35,50,82 37,53,82 40,51,80 39,52,82 35,52,83 37,52,86 38,51,79 38,51,79 40,51,80 38,51,79 40,51,78 40,51,80 41,53,77 46,52,80 44,53,76 53,43,47 44,53,78 54,45,67 42,53,84 42,53,82 40,51,80 41,52,81 40,51,80 42,53,84 41,52,83 43,51,81 43,51,79 41,52,81
30,36,55 29,35,54 29,35,52 29,36,48 33,36,54 30,36,53 29,35,52 29,35,52 27,33,50 25,32,46 29,35,52 27,34,48 27,34,48 25,32,44 25,32,44 24,40,67 21,47,82 20,48,84 26,50,81 32,49,80 27,49,79 35,52,74 26,49,83 30,49,80 51,49,73 41,52,81 39,51,73 33,49,78 39,50,77 40,51,78 39,50,79 30,47,80 27,51,82 26,49,83 36,52,81 43,52,77 43,52,77 40,51,80 40,51,78 39,52,80 41,53,77 46,53,78 40,53,79 41,53,77 39,50,77 40,51,78 42,54,78 40,51,78 39,52,80 39,50,79 41,52,83 64,109,151 66,83,114 65,47,42 43,51,83 41,52,81 41,52,81 41,52,81 44,52,82 42,52,86 43,51,83 46,52,80 42,53,80 49,55,83
26,36,54 29,35,54 28,37,50 29,47,75 28,36,52 29,35,52 31,34,52 29,36,50 26,33,47 25,32,44 27,34,48 27,34,48 24,31,43 27,31,46 25,32,44 27,46,79 23,46,80 21,47,82 23,49,84 22,48,81 21,47,82 25,48,82 23,46,80 22,48,81 18,44,79 24,47,81 23,50,80 27,49,81 41,52,79 42,51,76 38,54,79 36,51,85 34,51,82 32,51,82 34,51,82 35,51,78 40,51,80 40,51,80 40,51,80 39,52,80 42,53,82 40,53,79 36,52,77 39,52,80 40,53,79 40,53,79 38,54,79 40,51,80 39,50,77 40,51,78 45,52,77 73,114,180 90,110,165 121,57,69 43,51,81 46,52,82 41,52,83 42,53,80 45,53,83 49,55,83 50,54,83 44,52,82 45,51,81 48,39,61
28,36,52 29,35,54 32,44,68 31,40,63 30,36,53 28,37,50 27,33,50 28,37,50 25,34,45 26,33,45 29,35,52 29,32,50 23,31,40 26,30,45 26,34,43 25,49,80 21,47,84 23,46,80 23,46,80 21,47,80 22,48,85 24,47,85 23,49,84 25,47,88 22,50,86 23,49,86 25,48,86 26,47,82 30,52,84 32,48,84 30,51,86 28,49,84 34,51,84 34,51,84 35,51,80 38,51,77 37,50,78 38,51,77 38,51,79 40,53,81 39,52,78 41,52,79 40,51,80 41,49,79 40,51,80 36,52,77 41,49,77 39,52,80 43,50,85 52,50,74 50,48,60 45,42,57 88,62,81 95,31,32 43,54,81 40,53,81 48,52,81 54,53,84 55,55,81 57,54,81 60,55,82 51,57,85 47,53,83 49,36,55
30,37,51 30,37,51 40,61,100 32,40,58 30,36,53 32,35,53 32,35,53 29,37,53 28,32,45 26,33,45 30,36,55 31,36,46 28,32,45 29,31,45 28,30,46 26,48,80 32,49,80 32,50,78 34,52,80 27,49,81 23,49,82 25,48,84 23,49,86 25,48,86 20,48,84 23,49,84 24,50,85 26,49,83 29,47,83 32,51,84 29,48,81 32,49,82 32,49,80 37,50,80 39,50,81 39,50,79 38,49,76 38,51,81 38,51,81 38,51,79 38,51,79 40,51,80 41,50,75 48,44,68 48,37,60 44,35,50 50,34,51 51,37,63 41,46,70 49,67,103 49,40,55 52,36,49 63,25,29 58,27,35 41,52,79 48,56,84 43,54,83 45,53,83 44,52,82 51,58,83 52,56,85 50,54,85 42,53,84 46,32,45
30,36,53 32,36,51 54,75,110 30,36,53 32,36,51 32,35,55 31,34,52 32,35,53 31,30,45 29,31,47 32,35,53 31,30,45 32,34,50 29,34,44 32,31,46 32,51,82 30,49,82 28,50,82 26,50,81 26,50,81 26,50,81 27,51,82 22,50,82 24,48,79 26,50,81 26,49,83 27,51,82 32,49,82 32,49,82 31,48,81 30,49,82 34,51,84 39,52,78 41,52,81 49,56,81 45,53,83 43,51,81 40,51,82 39,52,82 44,45,68 50,46,68 49,38,61 47,33,46 46,34,50 48,34,51 50,34,49 53,37,54 51,39,55 63,59,95 49,30,46 47,30,33 48,29,33 96,32,35 49,25,31 47,55,83 50,56,86 47,53,83 49,55,83 47,53,85 50,56,84 49,56,81 45,53,81 50,40,60 48,34,49
32,38,55 32,36,51 32,35,53 32,35,53 33,36,54 33,34,53 33,36,54 33,34,53 34,31,46 31,30,45 34,35,54 36,32,52 33,35,51 30,32,46 36,33,48 33,41,61 39,55,84 33,52,85 24,48,77 26,48,80 30,52,82 28,49,84 23,43,69 32,40,58 27,37,57 29,47,75 27,49,79 32,48,84 32,51,84 35,53,81 35,51,80 40,53,81 40,51,80 47,53,81 48,52,81 47,53,81 45,53,73 47,41,64 49,43,66 50,46,68 50,42,61 49,36,55 47,33,46 50,36,53 48,34,49 51,36,56 57,38,52 56,43,64 77,93,159 59,37,40 49,32,35 48,29,33 77,32,29 51,27,33 47,55,85 50,54,83 51,56,82 55,55,83 51,57,85 49,56,81 46,52,80 47,53,81 51,37,54 51,33,44
31,37,54 32,36,51 32,35,53 35,37,53 33,36,54 33,34,53 38,35,52 37,34,49 33,31,43 34,33,48 35,34,51 35,37,53 34,32,44 33,30,45 32,31,48 32,39,62 38,43,67 41,54,80 34,51,82 32,51,82 34,52,80 30,43,71 29,42,61 34,51,82 24,42,66 26,42,69 30,49,82 28,50,82 39,52,80 39,52,78 33,52,83 50,67,110 48,68,112 55,72,115 65,76,118 63,82,131 54,48,73 53,47,70 51,42,64 49,43,66 51,43,62 50,36,51 50,34,47 50,38,54 53,38,58 54,38,55 56,42,66 57,43,69 63,47,64 68,53,75 51,30,47 51,29,37 64,33,41 63,38,50 50,54,83 53,55,82 49,55,83 50,54,85 51,55,86 51,55,86 52,56,85 50,52,77 55,40,50 53,34,41
32,36,51 35,33,53 32,35,53 32,36,51 33,34,53 36,34,54 38,34,54 36,33,48 35,31,42 35,34,49 34,35,54 36,38,54 34,31,46 31,30,47 39,37,57 32,38,59 33,41,61 35,53,81 32,49,82 28,48,76 30,48,76 34,51,82 32,40,60 31,47,72 33,44,71 29,49,77 30,48,84 29,55,92 36,54,92 36,51,83 35,46,73 41,49,81 41,42,61 46,42,62 56,43,62 47,48,69 50,46,68 52,42,62 52,36,51 55,35,47 48,31,37 51,38,59 51,38,59 52,36,61 53,40,61 55,40,60 57,41,58 57,44,65 51,39,53 70,56,98 63,45,70 60,36,54 60,43,65 56,38,49 54,54,82 56,54,78 54,56,81 55,55,81 55,56,88 53,57,88 55,56,86 59,42,62 57,39,50 55,36,43
32,35,53 33,34,53 35,34,51 38,35,52 36,35,52 36,35,52 36,35,52 37,33,44 39,32,44 35,37,53 37,38,57 38,36,48 37,33,44 33,30,45 36,41,65 35,38,60 35,48,76 38,49,76 32,51,82 35,47,69 34,46,70 37,46,71 31,43,65 25,47,79 29,46,77 30,53,87 32,51,84 32,53,90 33,51,87 33,49,78 36,52,88 38,49,78 43,41,61 44,45,68 53,45,64 56,42,66 51,47,71 53,47,72 51,48,75 56,39,61 52,48,72 53,55,82 51,43,62 54,39,59 55,40,62 59,42,62 54,41,62 59,43,68 101,84,145 98,87,141 85,81,133 71,64,115 65,54,90 66,51,82 66,50,88 68,53,84 72,49,76 64,51,70 64,47,69 69,46,75 59,43,70 58,38,61 60,39,54 58,38,48
35,34,51 35,34,51 36,33,48 35,34,51 37,34,51 38,35,52 38,35,52 35,31,42 36,34,44 40,36,56 38,36,58 33,31,43 34,30,41 34,32,44 37,43,64 32,40,58 36,53,75 41,58,91 38,54,81 36,46,66 37,52,84 36,54,82 32,51,82 30,53,87 31,53,85 31,54,88 32,53,88 32,51,84 40,62,103 36,53,86 40,53,81 38,49,76 39,46,71 44,50,78 51,49,73 56,47,69 54,50,74 54,48,71 48,38,58 52,57,92 53,59,89 52,49,76 56,45,68 54,40,64 57,42,64 60,45,67 58,44,70 59,42,64 110,109,169 116,117,188 95,100,167 76,76,131 72,65,106 73,65,102 73,64,115 76,66,111 82,69,117 81,61,112 93,71,136 77,57,98 87,66,110 87,69,110 82,59,99 86,62,107
35,34,51 35,34,51 37,34,51 39,35,55 38,35,50 37,34,51 38,35,52 34,30,41 34,30,39 36,36,48 33,30,45 34,30,43 34,30,39 35,31,42 38,44,63 35,38,58 36,47,74 36,48,72 35,43,59 36,45,70 40,49,72 37,54,87 38,59,96 33,51,89 39,60,95 35,56,95 36,61,101 33,51,87 37,52,84 38,51,77 38,51,79 46,57,95 44,52,84 47,55,83 46,48,75 55,50,77 55,52,81 54,54,80 53,33,45 54,58,89 57,61,92 54,54,82 53,54,84 55,46,70 56,47,71 58,44,68 58,44,68 59,41,66 74,63,101 112,106,172 104,105,168 78,81,142 79,81,135 82,80,131 86,87,146 94,88,150 89,78,130 101,93,167 83,75,131 97,83,136 86,77,128 89,76,124 102,92,162 78,60,110
36,35,52 37,36,53 38,35,52 37,34,51 37,34,49 38,35,52 38,35,52 34,30,43 34,30,39 32,31,46 43,52,75 40,33,45 34,30,39 37,33,44 39,42,64 39,42,64 41,44,64 35,43,63 31,40,63 35,47,71 39,46,69 37,50,76 36,47,78 32,53,90 37,62,104 33,51,87 32,51,84 35,52,83 38,48,68 37,50,78 34,46,70 42,53,84 45,61,90 43,48,72 49,55,83 55,57,84 52,54,81 50,52,79 57,38,45 61,62,94 60,59,90 56,53,80 54,55,85 56,47,73 61,47,71 57,46,69 57,44,65 55,40,62 59,43,70 85,64,94 104,91,128 94,85,125 88,85,141 87,83,135 98,103,170 95,95,161 84,83,145 97,103,172 94,86,146 106,91,149 91,80,132 110,108,186 103,91,148 93,84,137
39,36,53 36,33,50 39,35,55 37,35,47 38,35,50 37,34,49 37,33,46 34,30,41 35,31,40 33,30,45 39,46,71 36,29,39 34,30,39 37,33,44 41,39,59 37,39,55 35,38,58 34,40,59 38,44,65 33,39,60 38,43,67 36,43,66 35,51,80 36,53,86 34,53,86 29,47,85 36,52,88 35,48,76 32,46,69 38,49,76 40,49,72 41,49,79 43,51,81 46,52,80 55,65,99 50,47,76 55,52,79 54,50,74 58,44,61 57,54,81 54,59,85 57,48,72 56,47,71 59,45,69 60,45,67 56,39,59 61,42,56 62,43,59 63,43,64 59,46,67 82,47,62 86,47,61 81,58,85 82,71,98 89,81,125 84,76,113 91,84,137 93,88,145 93,88,143 98,86,143 109,119,195 103,103,171 104,98,162 99,93,155
38,33,49 39,34,52 40,34,55 37,34,51 37,34,49 40,37,54 38,33,49 37,33,42 40,33,45 38,34,47 36,43,66 41,32,45 37,30,42 40,33,47 40,37,54 35,39,54 38,37,54 38,41,59 36,39,57 35,38,58 36,39,59 32,40,60 32,44,66 28,48,74 38,59,94 32,48,75 35,48,74 35,42,65 35,43,71 34,46,70 43,50,75 41,49,77 43,51,81 45,52,77 54,60,90 53,48,75 52,49,76 53,49,73 56,40,53 58,48,68 60,51,73 59,46,67 57,53,77 58,45,66 61,47,71 59,45,60 61,38,49 63,43,53 63,42,59 64,43,60 59,45,69 66,45,60 95,33,31 87,35,34 81,56,79 69,46,57 78,60,85 82,67,100 80,73,103 83,73,104 109,110,171 95,95,161 102,100,167 94,95,158
38,33,49 38,33,49 37,33,46 37,34,49 37,33,46 40,35,53 40,37,52 37,33,44 40,31,42 45,33,47 41,37,57 43,31,43 39,32,44 39,36,51 40,37,54 38,37,54 39,35,55 34,35,56 35,34,51 37,43,62 31,39,57 30,40,60 29,41,63 25,41,68 32,51,82 33,42,65 35,38,60 33,45,67 34,40,61 37,43,62 42,43,66 41,46,72 42,50,80 45,51,79 49,49,75 53,49,71 53,50,77 55,44,69 56,38,49 62,46,71 58,43,65 57,46,69 57,46,69 61,44,64 59,44,64 61,36,48 61,35,41 64,35,45 64,38,44 66,37,47 68,48,71 64,43,58 71,44,56 80,40,44 82,38,39 69,36,38 68,41,55 76,53,80 73,52,71 71,53,78 92,82,131 94,84,133 91,82,133 89,80,131
36,33,50 37,33,53 37,32,50 38,33,49 38,35,52 40,35,51 41,36,52 42,33,46 43,31,43 41,34,48 41,34,46 44,32,44 35,31,42 41,38,55 38,37,54 39,36,51 37,34,51 36,34,54 36,34,54 33,36,54 28,36,54 31,39,59 29,39,59 30,43,71 33,44,71 37,44,67 33,42,65 36,39,59 40,40,66 41,37,59 41,35,56 42,43,64 45,43,65 47,49,74 52,48,70 51,45,70 52,41,64 55,40,62 55,37,46 57,40,60 58,44,68 59,43,68 63,44,60 59,39,49 63,37,43 64,38,47 64,35,42 63,37,46 66,37,44 67,38,45 67,42,56 69,42,56 67,44,55 67,44,55 74,53,72 82,41,41 73,35,39 71,40,46 71,36,41 68,37,43 84,66,95 83,64,96 78,66,96 72,56,83
38,33,49 39,31,48 38,33,49 40,35,51 40,36,49 42,34,51 45,35,55 45,33,45 42,34,42 46,38,55 44,32,48 45,31,44 44,32,44 41,38,55 40,37,52 37,35,47 37,34,49 37,34,49 35,34,51 29,30,49 31,39,57 30,38,58 29,38,61 31,46,78 28,39,66 34,40,61 35,36,57 40,36,56 39,34,50 42,33,48 44,31,41 43,31,45 48,42,65 48,45,72 51,42,64 56,42,66 53,38,60 55,35,45 55,35,45 57,39,50 59,41,52 62,43,57 60,40,50 63,37,43 64,38,47 65,39,45 65,39,43 66,44,52 67,42,54 69,43,52 68,37,45 70,44,53 68,44,53 68,42,51 66,55,80 60,56,88 68,54,80 83,36,41 71,36,41 70,37,39 76,42,54 72,47,61 66,41,53 65,39,58
40,35,53 40,35,51 39,34,52 44,34,52 44,34,52 44,34,52 49,37,53 48,32,47 45,33,45 51,39,51 47,33,46 47,32,42 44,32,44 45,40,58 41,36,54 37,35,45 33,31,41 33,31,43 29,31,45 26,32,49 27,33,52 28,36,54 28,38,58 30,40,60 30,37,60 35,36,57 34,32,52 37,32,50 36,30,37 42,30,42 43,29,42 41,32,45 44,32,44 45,33,49 52,38,55 51,39,55 56,37,53 57,38,45 53,34,41 57,39,48 59,39,51 59,41,52 61,37,43 65,39,43 64,38,42 69,43,52 67,38,48 71,40,51 72,48,64 72,47,59 73,43,56 70,39,47 70,46,52 70,44,53 68,45,56 68,44,60 62,59,88 62,59,88 67,59,92 74,40,49 70,36,43 70,36,43 67,36,44 63,37,46
40,35,53 43,35,52 45,35,55 45,35,53 49,36,55 49,37,53 52,36,53 52,34,45 52,33,40 58,39,57 51,33,42 45,31,44 44,32,46 44,39,57 38,35,50 37,30,40 34,30,39 32,30,40 25,29,42 26,33,47 27,33,50 28,36,54 29,39,59 31,37,54 27,33,50 30,31,50 32,31,48 37,28,43 37,28,39 40,31,42 42,30,42 43,31,45 43,34,45 45,33,47 46,32,45 48,38,56 52,34,43 54,37,43 55,33,38 53,33,43 56,37,44 60,38,43 63,37,41 69,40,45 68,42,51 69,43,52 72,43,53 74,40,52 71,44,56 72,45,57 74,45,55 74,43,54 76,42,51 73,44,54 72,45,59 66,46,56 67,43,61 65,60,89 64,64,92 66,53,72 67,41,50 72,38,50 67,36,42 65,36,41
43,35,52 43,35,52 46,38,57 49,36,55 55,39,54 52,38,55 55,39,54 56,38,47 53,34,41 55,37,46 53,34,41 49,34,44 43,34,47 43,36,48 43,31,43 34,30,39 32,30,40 30,28,38 25,24,39 24,27,45 26,32,49 29,37,53 26,39,58 25,40,58 26,32,49 29,30,49 29,29,41 34,27,37 37,28,39 36,29,41 39,32,42 42,33,46 46,38,57 44,35,46 48,33,43 52,35,41 52,33,40 53,34,41 52,33,37 58,36,44 61,37,43 61,37,43 64,39,40 66,38,40 71,42,49 73,44,51 73,44,54 77,43,52 78,49,59 85,58,72 80,48,62 78,50,67 77,64,85 77,51,60 78,48,61 70,48,70 76,46,61 69,45,54 63,47,62 73,62,89 64,44,54 65,51,68 72,63,85 69,41,43
45,35,53 47,35,51 47,35,51 50,38,54 53,39,56 55,39,56 57,41,54 56,41,49 56,39,45 56,38,47 56,37,44 52,34,43 44,35,48 41,34,46 41,32,43 33,31,43 33,31,39 30,28,38 24,29,39 21,30,41 27,33,50 30,38,56 28,38,58 29,37,53 26,33,47 31,30,47 32,40,58 31,27,36 39,27,41 38,29,42 40,31,44 42,33,46 42,37,55 49,36,57 51,38,57 47,33,35 51,31,41 55,35,45 55,33,41 58,34,43 62,36,40 64,38,44 64,38,42 68,42,51 71,42,52 74,45,55 79,49,62 81,49,63 81,51,66 86,56,71 85,57,74 83,57,78 77,60,82 78,54,72 77,59,86 73,52,67 72,67,106 67,67,95 67,64,91 69,63,95 66,62,84 68,59,83 68,53,75 66,50,65
47,37,55 50,38,54 49,37,51 55,39,56 56,40,53 57,41,54 56,41,49 55,41,46 57,40,46 55,38,44 55,38,44 50,35,45 45,33,45 44,34,52 39,33,54 36,33,48 33,31,41 32,30,42 27,45,73 27,25,35 26,32,51 31,40,63 27,39,61 26,32,51 25,34,47 25,33,51 34,52,80 34,27,30 29,33,48 39,41,66 37,33,53 45,42,69 42,37,53 47,42,58 53,40,59 53,37,62 53,38,48 60,38,60 61,38,49 62,38,47 63,39,48 63,39,45 65,41,47 66,42,48 73,44,51 75,44,52 79,48,56 83,44,55 84,45,56 86,47,58 86,45,56 85,44,55 82,57,82 83,52,70 74,40,52 72,41,52 71,40,48 69,40,47 64,38,47 65,39,48 63,39,45 62,38,44 61,37,46 60,37,48