38,45,70 41,38,53 36,37,58 33,39,58 33,39,58 32,40,58 29,35,52 32,35,53 31,37,54 31,39,55 33,41,59 33,43,63 34,44,62 31,39,59 31,35,50 31,34,54 30,32,48 29,31,45 30,36,53 30,38,56 32,38,59 30,36,55 30,36,55 31,37,58 27,33,52 26,32,51 31,37,54 32,40,56 33,43,59 37,45,63 38,47,70 34,44,62 34,44,64 34,44,62 34,44,62 33,42,55 31,39,55 31,37,54 27,34,48 26,33,45 29,33,48 28,32,47 26,30,43 27,31,46 25,32,46 54,75,112 65,100,148 82,118,174 55,94,149 59,94,146 46,80,117 37,63,111 50,75,115 46,77,122 36,64,100 29,55,92 39,58,91 23,45,77 27,39,61 24,34,52 25,32,44 29,37,55 17,27,33 42,54,87
40,46,67 41,40,57 42,37,53 38,36,56 35,36,57 36,37,58 32,33,52 36,34,54 34,35,54 34,37,55 33,39,58 36,42,63 35,43,61 31,37,58 29,33,48 34,35,56 32,34,50 30,32,46 30,36,53 33,41,59 32,38,59 30,36,55 29,35,52 32,38,55 31,37,56 27,33,52 30,36,53 33,41,57 33,43,59 36,44,62 37,46,69 36,46,64 35,45,65 34,44,62 34,44,62 37,46,59 33,41,57 34,40,57 28,37,50 26,33,45 26,30,45 27,31,46 26,30,43 27,31,46 25,32,46 59,80,117 71,104,164 66,102,158 49,81,132 44,76,127 34,61,91 36,63,104 25,48,73 33,56,81 28,41,67 43,76,118 42,68,105 39,72,116 41,63,104 24,34,52 24,33,46 28,38,58 16,28,34 31,44,63
48,44,64 46,42,64 41,37,50 44,36,53 47,39,56 46,38,57 39,36,51 44,38,59 46,37,59 42,36,57 42,37,55 41,35,56 39,38,53 35,36,57 31,30,45 39,35,57 37,36,53 32,36,49 38,42,57 37,43,64 33,40,54 34,38,53 32,36,49 31,40,53 34,40,57 31,37,54 33,36,54 36,42,59 39,45,62 36,42,59 37,45,63 38,48,68 38,48,68 37,47,65 36,46,62 38,46,62 37,43,62 36,39,57 33,40,54 31,39,55 27,31,46 25,29,44 27,31,44 27,34,48 27,34,48 74,103,150 49,83,138 60,91,138 59,86,125 59,89,139 56,91,143 47,79,132 38,59,96 41,60,91 30,43,69 33,52,85 41,64,91 36,62,97 25,47,77 32,46,67 26,42,71 27,48,83 25,42,64 37,54,85
51,45,68 49,40,62 47,35,47 52,38,53 53,39,54 53,39,56 50,40,58 54,41,60 54,45,60 51,37,54 56,37,51 46,34,50 42,37,55 43,36,50 42,34,51 39,37,59 41,40,57 32,35,53 41,42,61 41,44,64 41,42,61 41,38,55 38,35,50 39,38,55 38,41,59 34,37,55 34,40,57 38,41,61 41,44,64 34,40,57 39,45,62 40,48,66 42,50,70 42,50,70 43,50,73 38,48,66 35,45,61 35,43,61 33,41,57 36,42,59 30,37,51 29,36,48 26,35,48 31,35,50 27,38,51 65,92,133 52,84,135 40,69,112 43,67,96 43,72,117 48,79,126 41,67,111 30,53,87 48,74,118 23,42,75 31,44,63 29,42,61 30,46,71 29,42,61 28,40,64 28,41,60 30,39,62 33,39,60 31,40,63
57,47,67 51,46,64 49,37,51 57,42,52 61,45,58 58,44,59 58,46,62 62,46,63 61,45,60 52,43,54 51,37,52 53,32,47 52,40,56 58,44,61 46,41,59 42,37,53 39,38,53 35,37,51 44,43,60 44,42,62 49,44,62 42,36,57 40,38,50 41,38,53 43,41,61 41,42,61 43,41,61 45,41,61 42,41,58 40,41,60 41,44,62 42,50,68 43,49,66 44,50,71 45,53,73 44,52,72 42,45,63 33,39,56 36,42,59 39,45,62 33,40,54 30,37,51 29,36,48 31,38,52 35,39,52 82,126,202 54,84,136 38,63,105 50,78,114 32,57,97 38,61,97 45,66,103 40,62,103 41,72,117 46,75,120 22,41,72 44,66,107 33,49,78 31,45,68 25,37,61 23,33,51 25,34,47 26,36,56 26,36,54
56,47,71 58,59,80 54,41,51 59,40,47 63,43,55 63,45,54 65,47,56 66,47,54 65,44,59 62,47,57 55,37,48 48,35,45 63,43,55 40,31,44 52,43,58 50,38,54 39,38,53 34,38,53 48,44,57 53,45,64 47,40,54 47,38,51 48,39,54 44,43,58 46,44,64 43,45,61 48,50,66 44,43,60 45,40,56 46,42,64 45,48,66 41,48,62 43,49,68 42,49,72 45,51,72 42,52,72 39,45,64 34,40,57 36,42,59 33,39,56 33,40,54 27,34,48 31,30,45 32,36,49 38,42,55 64,102,172 46,75,118 51,78,119 42,68,101 47,69,110 70,104,159 40,63,99 35,52,85 24,42,68 38,51,81 26,39,67 31,47,74 30,40,58 38,54,83 27,39,61 33,47,70 27,37,55 38,47,72 27,34,46
52,66,105 50,65,108 39,52,80 39,57,85 38,47,72 35,45,65 25,27,43 40,28,42 63,44,60 64,43,58 45,33,45 34,27,37 71,45,54 84,43,52 58,44,57 57,41,56 38,38,50 38,37,52 52,42,60 56,48,67 58,43,63 52,43,58 52,43,58 46,43,60 46,44,64 47,48,67 47,48,67 48,45,62 49,39,59 47,43,63 48,47,64 46,49,69 46,49,67 47,51,66 44,50,69 39,47,65 42,45,63 36,43,57 34,40,57 36,42,59 35,37,53 31,38,52 33,37,50 34,37,55 40,44,57 73,106,168 57,93,147 45,75,115 48,75,114 52,77,117 57,80,118 46,69,105 34,52,90 45,78,122 36,63,93 33,49,78 25,33,51 25,32,46 45,72,111 32,50,76 34,44,62 26,36,54 29,39,57 23,26,35
39,40,59 37,43,64 27,31,44 36,34,46 29,29,39 30,33,44 30,30,42 38,35,50 35,37,51 33,35,49 25,27,41 30,36,53 33,41,61 39,42,60 32,49,69 38,55,77 37,55,83 44,62,90 53,69,105 36,48,72 21,31,49 47,52,76 50,42,61 32,48,73 51,44,58 46,43,60 52,48,68 52,47,65 49,41,58 40,54,77 44,45,64 46,49,69 33,45,69 34,40,59 44,46,62 40,49,62 46,44,64 43,41,61 41,42,63 59,50,63 43,46,57 35,39,54 39,38,55 53,41,46 116,66,49 68,90,133 48,79,122 54,82,118 49,84,132 60,88,138 28,54,87 37,63,100 27,49,81 42,72,112 48,75,116 33,53,81 52,79,120 38,64,101 26,46,74 24,35,48 28,36,54 28,40,62 26,32,49 21,29,45
52,37,47 46,30,43 39,27,39 39,27,39 35,26,37 30,23,35 39,32,44 42,35,49 42,35,47 41,34,48 36,33,48 32,33,52 34,40,61 29,35,52 37,46,69 32,47,63 28,41,60 29,36,50 44,69,109 44,70,116 39,57,85 55,76,115 57,84,125 55,76,115 49,84,132 50,85,133 52,83,130 50,79,124 51,78,117 45,68,106 46,65,96 41,54,82 31,43,65 27,37,57 42,45,63 43,51,69 45,43,63 44,42,62 43,45,61 67,52,60 42,46,61 33,39,58 72,74,90 86,93,128 40,43,63 72,103,159 58,85,126 34,58,87 38,65,104 37,63,100 66,97,144 56,82,126 41,62,97 27,45,69 32,48,73 23,36,62 37,64,103 44,67,103 34,57,91 37,50,76 38,51,81 38,56,84 23,30,44 31,42,55
70,42,44 59,37,42 47,29,40 43,29,42 42,30,42 41,27,40 46,30,43 46,32,45 45,33,47 38,29,40 37,30,42 36,33,48 36,37,56 33,37,50 33,41,57 31,39,57 35,43,61 34,44,62 43,59,86 47,61,84 32,45,62 34,51,82 36,55,86 41,60,93 44,63,96 45,66,101 45,68,104 36,55,86 41,63,95 41,63,93 31,45,68 39,57,85 35,55,83 35,49,72 28,38,58 39,46,69 33,40,63 31,38,61 41,44,62 68,53,61 43,49,70 45,51,72 69,59,88 65,55,75 99,90,105 58,92,149 47,73,121 69,107,169 57,84,125 32,53,88 45,70,112 45,68,106 34,57,93 29,49,77 26,51,77 30,48,74 37,63,98 36,55,88 35,51,87 24,31,45 34,51,82 28,40,64 41,51,71 37,45,61
84,46,52 91,52,61 87,53,60 68,44,53 49,34,44 49,34,44 53,40,50 53,37,50 48,34,47 46,34,46 52,40,52 52,48,59 49,45,58 41,41,53 35,38,47 30,32,46 35,45,63 29,38,51 29,36,50 29,34,44 39,43,58 28,31,42 22,26,41 23,29,46 28,36,52 33,43,61 34,46,68 38,52,75 37,51,74 37,51,74 38,47,70 31,43,65 32,48,73 33,47,70 38,50,72 35,51,76 35,49,70 34,43,66 36,43,55 47,48,67 47,42,58 43,41,61 94,58,52 170,101,61 100,63,62 61,93,144 52,86,143 49,78,123 41,66,106 37,60,94 51,77,114 37,58,95 33,54,89 52,78,115 46,72,109 32,49,80 19,34,52 30,39,62 30,37,60 29,34,44 32,45,71 23,33,51 38,46,62 29,38,49
109,49,51 101,58,68 94,54,60 96,55,66 94,58,71 53,38,46 63,43,55 61,44,50 54,40,53 54,40,53 57,45,59 104,69,84 114,71,86 73,54,68 41,39,51 37,36,53 38,46,66 36,43,57 35,39,52 37,39,53 33,37,50 32,36,49 26,29,38 23,26,33 27,26,31 28,33,41 31,38,50 33,40,52 36,42,59 33,41,61 36,46,66 27,33,50 25,32,44 27,31,44 26,28,42 22,26,39 31,38,52 29,35,52 30,40,56 35,36,57 31,34,52 26,33,47 106,68,51 84,51,51 54,45,60 54,89,150 46,75,122 52,84,135 53,79,112 43,67,98 35,57,89 54,84,124 37,51,74 39,62,100 36,59,97 43,65,106 40,60,104 47,65,101 42,64,94 31,43,65 40,72,121 45,70,121 42,59,104 29,39,57
118,54,55 106,55,58 109,56,58 114,57,67 109,61,73 88,47,56 59,44,52 64,44,54 59,44,54 57,43,60 63,51,63 122,72,82 119,72,81 115,72,87 100,64,84 51,46,62 44,46,62 47,44,61 44,43,60 41,43,59 35,39,52 32,40,49 57,48,63 80,55,69 79,53,62 79,53,62 44,35,48 33,41,57 33,41,57 36,44,62 38,48,68 31,37,54 29,38,51 29,34,44 27,27,39 27,30,41 28,28,36 30,30,40 30,30,40 59,41,38 53,35,34 55,33,25 33,29,38 22,31,42 24,32,52 65,94,151 53,84,129 46,76,116 45,68,102 46,70,101 53,78,120 36,55,88 27,45,81 55,86,133 43,66,102 25,40,58 27,37,57 56,76,120 39,65,102 26,39,65 44,67,105 30,51,88 34,51,84 28,44,73
108,55,57 107,54,58 101,57,58 120,51,67 97,60,76 97,58,72 74,43,54 77,48,55 62,44,55 59,44,54 75,52,65 122,70,80 124,71,84 118,72,85 116,72,92 96,70,87 61,53,72 53,48,66 50,47,64 42,44,60 41,43,57 47,45,57 80,58,80 78,59,73 82,51,62 85,49,62 76,46,61 66,50,65 33,40,54 33,37,50 27,34,46 28,37,50 27,37,53 26,36,44 28,30,46 28,33,43 51,46,62 60,48,64 50,41,56 33,26,38 59,40,28 77,33,5 94,49,26 17,15,23 26,34,50 60,90,144 51,83,134 59,87,123 52,76,121 41,61,89 54,85,120 54,77,115 29,54,94 42,63,100 45,68,106 38,65,106 46,78,118 42,63,102 19,27,43 22,29,43 32,38,55 20,25,35 20,22,36 20,28,37
124,63,68 129,61,68 117,59,63 34,20,33 111,61,71 111,63,77 95,50,58 85,49,62 76,50,59 65,47,58 71,50,65 124,72,82 124,72,82 119,71,83 111,71,88 103,71,87 68,58,76 60,57,74 54,49,67 46,44,64 46,44,64 79,65,82 88,57,75 85,58,70 91,56,71 82,50,64 80,51,61 70,51,67 39,40,59 34,40,59 27,34,46 29,36,48 31,35,50 38,52,93 34,36,50 46,49,67 64,52,68 56,48,56 59,43,58 54,47,61 55,46,61 43,32,27 74,37,11 17,15,23 26,39,54 47,83,128 54,82,132 44,69,111 35,61,96 47,70,104 37,59,91 32,49,80 56,81,134 55,84,129 22,39,61 40,59,92 38,55,86 28,45,65 34,43,66 35,53,79 33,42,65 29,37,55 29,37,55 31,41,59
137,65,67 130,61,62 132,65,69 18,26,33 119,58,65 117,61,66 100,50,58 96,49,56 91,56,61 68,50,61 82,57,69 125,68,80 127,70,82 120,70,80 107,72,87 103,71,87 97,71,88 62,58,80 58,53,71 52,47,65 47,42,60 63,50,69 72,53,69 80,57,70 77,57,69 81,51,64 78,51,63 79,54,66 76,52,72 39,63,92 35,48,67 29,37,53 29,38,51 20,43,68 42,34,51 45,53,71 64,48,61 66,47,63 66,48,59 67,46,63 63,47,62 59,48,57 31,38,50 20,25,33 13,20,32 40,75,125 53,84,129 50,79,122 38,68,108 48,71,109 38,63,105 50,76,122 28,40,64 37,55,91 35,51,76 32,49,71 40,50,68 18,26,33 36,46,66 28,36,54 30,40,60 28,41,60 33,49,76 44,67,103
22,28,49 24,30,51 29,35,63 18,22,35 88,38,46 126,63,70 125,61,71 119,62,74 117,58,67 83,54,64 128,66,80 122,70,80 125,71,82 121,71,81 110,70,87 101,68,87 98,70,87 65,59,84 62,58,80 52,49,66 45,44,61 47,44,61 48,47,62 45,44,59 46,49,67 45,48,66 47,50,70 46,49,69 49,52,70 44,51,76 39,52,80 29,58,85 18,38,62 24,38,61 25,38,53 64,57,69 71,55,70 75,49,58 74,48,67 69,50,66 64,50,65 54,45,56 30,27,42 28,37,50 13,24,35 96,135,202 44,74,126 52,78,115 43,68,110 42,68,105 52,79,118 30,48,74 27,45,71 42,69,108 35,53,81 26,36,56 42,59,81 42,52,70 31,44,63 40,63,99 26,34,54 22,35,54 29,39,57 25,33,42
11,14,21 11,14,21 14,14,22 17,22,32 17,18,23 135,62,71 138,68,76 130,68,80 124,59,65 92,56,69 126,69,81 117,70,79 119,72,81 120,70,78 116,69,88 106,68,89 93,67,86 69,61,80 67,63,85 49,47,67 52,47,65 53,50,67 42,41,58 36,38,52 37,43,60 42,50,68 45,51,72 44,50,71 43,53,73 43,52,77 41,59,87 24,38,61 25,40,58 17,25,41 28,36,52 33,39,60 47,56,79 45,57,79 46,60,83 60,56,78 62,45,65 60,48,64 65,46,62 32,40,56 23,33,49 56,101,157 56,82,128 45,70,112 45,71,108 45,71,108 50,81,124 39,69,109 47,68,105 29,41,63 39,57,85 36,56,84 26,40,61 29,35,54 28,40,62 34,47,66 19,24,34 32,44,68 30,44,67 19,23,36
12,17,23 13,18,24 12,15,22 12,15,22 17,17,25 70,34,42 146,70,75 143,67,72 156,66,71 120,61,72 138,72,83 130,71,84 124,70,81 119,71,88 115,68,87 106,69,85 93,68,82 84,65,81 73,59,83 58,55,72 65,60,78 55,50,68 44,43,60 35,37,51 38,44,61 44,50,69 46,52,73 46,52,73 45,55,73 63,80,113 39,62,98 27,36,61 16,27,40 31,39,59 23,29,50 35,49,70 43,55,77 47,60,86 36,38,52 45,57,79 43,52,75 43,53,73 38,48,68 25,28,46 24,36,60 62,102,152 47,76,119 50,76,113 50,76,113 42,61,92 53,82,125 55,85,135 66,90,139 44,66,96 49,57,87 25,37,61 31,43,67 42,68,101 39,62,96 32,50,76 23,33,51 31,49,75 34,44,64 36,50,89
14,19,25 12,17,23 12,15,22 13,16,23 16,16,26 20,21,26 167,75,79 164,77,79 154,71,74 139,67,73 139,74,82 130,68,80 128,71,81 126,68,83 114,71,86 103,66,82 90,64,83 86,65,82 75,62,83 54,51,66 55,50,68 52,49,66 46,43,60 36,39,57 40,46,63 44,50,67 46,52,73 48,54,75 48,58,76 49,59,79 47,55,71 33,35,49 23,33,51 28,38,58 25,38,57 22,34,56 24,33,56 42,45,63 33,17,13 49,59,79 47,55,75 44,50,71 38,48,68 31,34,54 44,40,51 53,93,141 52,77,128 48,66,104 52,74,106 58,78,120 45,68,106 41,68,107 44,67,105 44,62,90 25,38,66 33,49,78 33,49,76 39,61,91 35,53,81 35,54,87 46,69,105 39,51,73 19,22,33 20,23,32
12,17,23 13,16,23 12,17,23 11,16,22 12,15,22 18,16,24 159,78,87 172,74,82 166,74,80 150,71,75 142,74,81 147,74,83 143,73,83 132,73,86 112,66,79 102,66,79 93,66,80 78,59,75 71,57,81 54,49,67 53,48,66 46,43,60 39,41,57 31,38,52 31,37,54 38,42,57 45,53,73 45,55,75 50,58,78 46,54,74 42,57,75 37,45,63 78,47,67 24,28,43 22,31,54 20,20,32 21,14,17 32,14,13 34,15,3 48,61,91 50,58,76 42,52,70 43,51,69 42,41,56 22,30,39 56,92,146 56,92,137 43,66,102 39,52,80 35,53,89 29,49,77 34,53,86 44,57,87 51,67,96 24,40,65 44,62,88 39,55,80 22,34,58 24,36,58 36,48,70 37,50,76 29,37,57 34,43,66 31,41,57
12,17,23 13,16,23 12,17,23 12,17,25 13,16,23 16,16,24 24,21,25 181,80,80 173,74,80 170,72,75 147,71,76 156,75,82 147,75,81 138,72,83 112,65,74 98,63,78 89,63,82 71,54,74 64,51,70 49,48,63 54,46,63 44,41,56 37,39,53 33,35,49 32,37,47 29,36,48 39,47,63 44,54,74 47,57,77 46,54,74 45,53,73 36,44,62 97,51,67 42,56,77 34,12,15 14,11,15 16,10,15 34,18,16 35,13,7 43,51,79 51,60,85 46,58,82 42,51,74 35,45,61 26,42,67 41,79,121 46,77,122 46,67,115 52,78,126 35,59,104 43,65,108 46,72,109 42,60,86 35,49,72 44,62,88 38,55,88 23,28,52 28,41,60 35,52,74 22,30,48 27,34,46 26,29,38 34,43,66 19,26,38
13,16,23 11,17,20 12,17,25 10,18,23 11,16,22 11,16,22 18,18,26 118,54,57 179,78,80 178,75,78 163,76,78 162,75,79 152,73,79 141,72,84 118,68,76 94,62,76 77,58,74 66,53,74 61,48,67 51,46,62 62,49,57 35,37,53 34,38,51 32,36,49 31,35,50 29,36,48 41,47,68 46,51,75 46,52,73 45,53,71 45,53,71 41,44,66 17,15,23 38,38,50 33,16,17 12,11,14 13,10,14 23,13,17 13,9,18 38,36,56 35,38,58 45,55,75 40,53,79 42,51,74 20,33,52 52,83,128 56,80,127 42,68,103 40,67,106 50,73,107 43,70,111 33,53,77 42,49,72 49,60,87 26,40,63 26,39,56 35,47,71 27,38,51 31,40,65 19,28,51 36,52,79 20,24,39 26,34,54 21,26,34
12,16,20 13,16,23 13,17,21 14,17,24 15,18,27 12,17,23 16,16,26 24,16,22 189,76,80 181,75,77 162,75,79 160,73,80 149,74,81 139,73,86 112,64,78 90,63,75 71,55,72 66,53,72 59,49,67 53,45,62 77,47,60 38,42,55 35,39,52 35,39,54 32,39,53 31,38,52 40,46,63 44,50,71 42,50,70 44,50,69 14,17,28 18,22,37 19,22,33 18,17,22 24,13,20 16,10,17 16,12,21 20,12,18 15,13,23 21,17,28 28,27,44 19,21,35 40,51,78 39,52,71 19,33,54 53,85,136 37,62,104 53,79,116 39,64,104 75,103,157 49,90,145 60,89,136 54,73,106 21,35,56 39,58,91 38,60,92 28,41,69 24,36,58 29,47,75 33,45,69 20,27,39 22,30,46 38,52,73 22,31,42
12,17,25 10,18,25 12,20,29 15,20,28 14,17,26 12,17,25 13,19,22 16,16,24 113,37,42 178,74,82 161,75,77 153,72,79 139,73,84 126,68,83 103,61,78 88,63,75 73,57,72 67,52,72 61,48,67 50,47,64 95,48,57 36,41,51 33,38,48 31,38,50 36,43,57 37,44,58 37,43,60 37,47,55 14,17,26 22,27,37 25,41,70 22,22,30 31,43,76 20,18,26 16,15,20 15,14,19 15,18,29 24,23,38 13,12,17 29,31,45 36,52,79 42,45,67 42,50,66 38,48,68 22,34,56 48,75,116 61,91,143 47,75,111 68,97,142 72,107,155 52,81,124 62,87,127 37,59,91 45,70,112 51,76,118 35,54,85 34,52,80 34,53,84 24,34,54 21,23,39 24,30,49 28,37,62 29,39,55 19,24,34
8,17,28 12,21,32 15,20,28 15,25,45 14,24,42 15,22,36 13,18,28 30,38,58 21,21,29 169,74,79 159,76,79 147,74,83 122,70,80 111,65,81 96,63,82 80,61,77 68,55,74 60,52,71 51,46,62 43,42,59 89,37,34 37,35,43 32,35,46 35,37,51 35,39,54 39,45,62 43,47,62 19,22,31 29,32,54 28,29,48 29,38,63 25,21,41 18,21,30 22,20,30 20,18,28 22,26,39 23,21,33 19,22,33 14,17,24 17,17,27 32,30,42 22,20,32 20,18,26 37,45,61 29,41,65 47,79,119 54,87,133 46,75,120 84,112,162 57,68,97 20,20,30 18,26,42 26,49,72 25,39,60 41,60,93 50,76,120 38,60,101 39,50,79 25,32,46 26,42,67 39,52,71 23,30,44 22,30,39 19,22,33
57,70,125 37,74,121 38,73,123 39,70,128 38,73,125 42,66,113 40,66,110 35,83,135 44,36,42 51,32,34 152,73,81 138,73,81 111,68,83 103,63,82 84,63,82 72,57,79 61,56,74 58,49,71 47,48,67 45,43,55 51,40,47 108,51,48 35,35,47 38,38,50 37,36,51 39,38,55 34,36,52 15,15,27 24,22,42 21,24,35 21,21,33 23,21,33 22,22,32 21,20,35 26,23,38 22,21,38 38,40,65 28,27,44 30,29,46 23,23,35 24,20,31 25,21,30 22,22,19 39,43,58 33,48,80 45,76,123 40,66,114 51,77,121 41,52,81 14,14,24 13,11,19 9,13,15 42,56,77 29,45,70 48,68,110 28,41,60 33,43,59 24,34,42 20,30,48 26,39,54 42,60,96 32,44,68 40,50,70 33,39,58
22,20,28 20,18,26 23,19,28 20,18,26 20,18,26 20,20,28 18,21,30 23,21,33 32,18,20 29,21,27 122,68,77 113,67,78 98,66,82 92,64,85 73,60,81 72,58,82 62,56,79 57,53,75 48,49,72 45,42,59 48,43,61 54,38,53 43,39,59 41,40,55 40,36,47 42,41,58 22,26,39 33,38,62 18,18,28 20,18,30 21,20,35 24,22,32 23,21,33 25,23,33 24,24,36 25,27,41 25,29,44 26,29,38 24,22,32 24,23,40 25,23,33 20,20,32 24,22,32 25,23,33 23,28,52 59,89,139 42,71,116 64,89,129 20,26,29 12,15,24 14,14,22 16,16,24 19,23,36 36,44,64 29,40,53 36,59,97 37,53,78 28,38,58 38,54,81 29,41,63 33,41,57 22,26,39 34,41,53 24,32,39
21,10,19 22,11,20 20,12,20 19,11,19 20,14,21 17,15,23 21,17,26 27,19,27 38,17,17 31,20,27 35,24,31 96,58,79 88,60,79 78,59,75 71,58,79 64,54,74 61,57,81 58,56,80 53,54,77 50,46,68 46,44,64 46,44,66 44,45,64 47,45,55 33,29,42 18,18,26 19,22,33 30,39,62 19,22,33 21,20,35 22,22,30 25,23,31 32,25,39 26,24,34 21,24,33 15,27,51 29,27,39 25,23,35 26,22,33 25,23,35 25,23,33 27,23,32 25,23,33 23,21,31 26,24,34 39,36,63 47,68,105 43,62,93 18,19,24 18,18,26 22,20,28 17,17,27 17,17,27 29,37,55 50,58,88 25,34,47 22,31,44 36,56,82 33,42,65 24,34,50 34,47,64 30,40,56 24,29,39 20,20,28
15,15,23 15,15,23 17,15,23 18,15,21 18,12,19 21,13,19 26,13,21 30,13,19 50,16,14 40,21,35 30,23,33 37,33,53 40,50,84 43,52,91 41,61,103 47,58,96 46,56,92 55,62,97 55,56,86 51,49,73 49,43,64 48,42,63 48,42,63 52,43,58 59,44,64 40,48,76 24,20,33 23,20,35 21,21,31 20,18,30 23,19,28 29,22,34 64,26,32 60,37,50 26,29,40 63,152,227 26,22,31 27,25,33 51,29,34 52,28,32 33,22,29 28,21,33 24,22,30 23,21,31 27,25,37 24,24,36 27,29,45 36,36,48 20,20,28 22,20,28 18,18,26 20,18,26 17,18,23 37,45,63 29,39,57 30,40,60 25,34,47 38,54,83 22,35,52 30,38,66 26,34,50 25,32,44 27,31,44 25,28,39
13,11,19 13,11,21 14,15,20 11,11,19 11,14,21 21,13,21 25,13,13 14,10,19 45,15,16 38,21,27 37,25,30 37,23,36 40,26,41 39,27,39 38,26,38 39,27,41 38,27,36 36,27,40 41,33,52 37,37,65 48,43,61 50,42,59 52,43,58 55,47,66 18,20,34 35,38,60 19,23,38 18,21,30 22,19,34 25,23,35 24,20,31 45,22,33 38,48,64 44,50,71 42,55,83 50,68,83 26,24,36 36,24,26 86,27,20 89,28,23 77,25,22 69,23,23 47,25,28 33,26,38 22,25,32 27,27,35 33,21,33 46,59,78 23,21,29 22,20,28 18,18,26 20,20,28 20,20,28 101,57,27 26,35,46 34,53,84 44,67,105 29,41,65 29,39,55 31,47,76 35,44,67 21,25,38 21,24,33 29,33,46
17,15,23 15,15,23 15,15,23 14,14,22 13,14,19 13,11,19 12,15,22 16,12,23 24,16,22 38,19,26 40,28,33 42,27,37 40,26,39 40,28,40 40,26,39 41,28,38 43,28,38 40,26,41 41,27,40 40,28,42 38,33,49 44,36,55 57,44,65 46,52,84 24,22,34 27,35,63 22,24,40 22,21,36 23,23,35 21,21,31 24,22,32 26,22,31 37,43,60 33,46,65 74,146,208 34,40,59 21,26,36 44,52,70 50,49,66 92,36,39 105,28,22 103,31,19 50,56,73 32,37,47 45,27,38 34,26,34 52,65,91 47,55,73 21,22,27 21,21,29 25,23,33 25,23,31 26,22,33 42,34,42 32,37,47 22,29,41 26,32,49 25,32,46 31,44,70 26,32,49 28,32,47 32,41,54 31,40,63 32,40,60
18,18,26 14,14,22 14,17,24 11,11,19 13,13,21 20,18,28 20,18,26 19,17,25 20,16,25 24,24,24 41,28,38 43,28,36 43,31,36 48,33,41 71,57,74 70,56,80 68,51,73 69,52,72 40,26,39 42,31,38 48,48,85 37,46,71 42,59,90 17,26,51 24,23,38 32,33,54 25,22,37 21,21,33 28,21,33 26,22,33 27,23,32 43,24,31 33,39,56 31,44,63 33,46,74 28,42,65 18,25,39 40,54,75 40,49,72 35,52,74 31,39,59 94,30,33 43,24,31 46,64,92 47,61,84 50,67,100 45,70,112 39,46,60 21,21,29 24,22,30 27,25,33 28,24,35 31,27,38 35,35,45 36,38,52 32,39,51 36,52,79 23,33,51 31,41,61 27,34,46 20,24,37 31,37,54 28,36,54 25,31,48
18,16,26 18,16,26 14,14,22 18,16,24 21,21,31 22,22,32 20,20,28 22,20,28 23,19,28 22,21,26 66,46,56 82,51,62 84,54,69 81,53,70 78,51,65 81,49,65 62,63,97 42,26,43 44,41,56 45,68,106 34,29,47 45,67,97 42,52,88 30,51,86 34,33,50 25,23,35 25,23,35 24,22,32 26,22,33 39,26,36 62,29,33 40,36,49 32,40,60 33,43,61 39,51,73 56,123,183 25,33,51 37,51,74 27,41,62 37,53,82 30,46,71 33,47,68 100,38,36 65,36,41 38,60,101 58,88,142 43,71,103 45,52,64 22,22,30 26,24,32 27,27,39 29,27,39 27,25,35 33,29,42 33,37,50 30,33,40 31,40,63 31,38,61 19,26,38 17,26,37 29,37,55 32,40,56 26,30,43 18,21,32
34,17,18 39,15,19 32,22,21 25,22,28 22,22,30 21,21,31 24,22,32 20,20,28 21,21,29 20,20,28 36,27,40 57,41,54 57,55,77 62,61,94 43,23,35 46,30,45 36,44,62 34,45,72 38,53,85 42,50,80 34,40,57 32,31,46 39,41,68 38,50,83 34,35,56 28,24,35 27,25,35 29,22,34 26,24,34 33,21,35 46,27,29 41,47,68 36,48,72 35,49,70 36,52,79 54,118,181 32,46,67 32,49,69 38,51,77 31,54,81 35,54,85 36,55,88 24,33,56 28,36,54 51,69,107 39,64,104 33,55,96 25,33,42 26,24,32 31,27,36 25,25,37 26,24,34 24,24,34 33,31,39 38,34,45 34,40,57 21,26,36 23,32,45 33,52,83 28,41,60 40,46,67 23,30,44 21,26,36 27,29,43
53,21,18 38,24,24 33,25,33 22,22,30 25,23,31 25,23,33 24,22,32 23,21,29 24,22,30 24,23,28 30,23,35 39,37,59 40,53,83 36,58,99 34,55,92 28,36,54 34,33,50 27,20,34 27,24,30 27,24,30 27,23,32 28,21,31 29,27,39 40,43,65 28,24,37 28,24,35 27,25,35 30,23,33 30,29,34 40,26,31 45,51,72 38,54,83 36,45,68 37,55,79 37,55,91 56,90,127 41,58,91 36,54,78 28,35,58 43,54,81 34,46,70 35,44,67 36,46,66 36,46,66 40,59,90 38,64,101 49,75,112 22,27,37 27,27,37 28,31,40 24,24,34 23,23,31 24,24,32 31,31,41 34,38,51 44,50,71 32,39,53 31,44,63 33,49,78 34,46,68 31,41,59 25,29,44 24,33,46 26,30,43