21,17,30 16,20,24 39,48,61 38,48,66 51,60,85 57,76,95 46,61,77 34,45,56 57,73,98 37,52,70 56,79,104 72,102,126 44,45,48 15,25,17 77,100,138 65,89,118 49,82,128 62,92,142 63,77,100 71,98,126 52,57,65 62,76,97 33,31,41 99,91,99 98,83,105 77,60,61 190,47,16 192,38,6 192,46,16 194,40,6 194,40,8 196,41,14 192,39,9 195,43,20 200,57,28 199,48,20 193,39,5 192,44,17 181,39,10 178,36,7 168,33,6 163,33,6 168,50,8 137,29,6 121,22,1 113,25,7 103,23,5 101,23,11 97,28,15 89,20,7 85,23,10 79,20,3 82,24,10 76,21,6 66,11,0 70,17,3 70,15,2 73,18,5 84,17,6 97,28,15 107,25,5 115,35,19 123,36,20 132,41,24
18,26,35 31,44,59 31,40,53 37,47,65 27,39,45 33,44,55 51,67,94 50,70,96 52,71,92 42,54,62 61,77,102 51,62,63 61,72,85 71,94,121 64,88,117 29,49,65 69,80,107 72,99,140 45,67,97 30,50,74 54,67,82 65,75,93 57,65,81 50,47,62 58,45,55 88,66,74 198,44,12 200,41,11 200,46,16 202,40,9 200,46,14 203,41,12 210,55,33 196,46,15 201,42,10 200,46,14 193,39,5 192,44,17 188,47,13 185,44,8 185,43,5 178,40,5 167,48,22 159,41,18 135,22,0 126,24,6 119,25,7 113,27,8 109,26,9 109,26,9 104,29,11 95,22,8 92,23,10 88,22,8 84,17,6 87,22,10 88,18,8 92,24,6 101,26,6 111,28,13 122,34,16 125,37,19 139,44,26 142,37,20
27,39,47 33,36,47 12,20,27 40,49,62 13,21,30 42,55,72 55,67,89 59,65,82 32,42,50 48,60,68 66,90,119 77,85,113 45,64,74 24,32,37 65,88,124 14,12,13 11,10,13 46,48,64 83,96,126 46,71,95 13,24,37 65,83,107 69,80,91 36,29,41 66,54,59 99,82,85 208,43,8 211,40,0 208,39,0 207,40,1 209,40,2 205,52,22 205,62,33 204,47,14 202,44,9 202,44,9 202,50,8 209,54,11 207,50,10 202,49,12 199,45,11 189,42,6 184,48,17 176,42,10 158,33,5 148,30,0 145,28,2 138,30,7 135,28,8 135,28,8 140,36,10 134,40,15 120,32,12 110,22,2 108,20,0 109,23,4 107,23,6 107,24,4 117,29,11 127,33,15 140,40,26 144,34,10 154,44,22 159,33,10
24,33,46 34,46,68 29,36,59 36,54,71 32,39,53 46,54,63 39,42,49 43,53,69 38,51,70 43,53,61 55,75,103 49,60,73 21,34,35 67,98,129 31,50,71 22,14,22 64,22,9 21,11,12 19,27,36 73,103,127 58,79,118 47,55,73 39,52,69 71,70,85 60,45,53 98,83,93 206,46,5 215,44,2 215,44,0 214,48,4 216,48,3 214,50,10 216,50,4 217,48,8 218,50,5 215,47,2 217,54,7 223,61,9 223,58,9 217,49,4 212,46,0 207,43,5 201,44,4 190,38,0 178,37,1 168,35,0 162,39,8 163,35,6 160,38,2 167,40,4 170,42,3 173,47,6 161,39,1 148,35,0 129,24,5 126,24,4 126,27,6 130,31,12 136,27,7 141,45,32 151,33,10 153,32,5 170,35,10 175,36,4
32,34,48 31,38,50 31,38,50 23,23,33 29,39,43 37,46,48 35,45,53 56,72,97 55,69,90 66,80,101 27,34,46 12,22,28 21,24,35 34,45,56 12,11,14 26,18,24 56,24,8 55,24,5 15,10,9 76,103,142 49,63,86 53,74,113 57,61,74 92,94,110 98,74,83 73,61,75 170,61,30 225,50,1 223,48,3 218,48,0 223,55,12 225,49,7 227,52,7 226,49,2 227,50,5 227,50,1 224,54,3 228,58,9 229,52,5 229,65,5 246,82,15 248,85,11 219,45,2 209,42,1 196,45,1 188,39,0 184,43,2 180,40,0 187,48,2 194,55,2 214,65,4 211,63,2 196,54,0 176,43,2 155,35,3 142,30,2 142,28,1 144,29,5 151,30,3 154,41,18 166,37,13 179,49,34 182,47,22 195,42,12
25,28,37 28,31,40 31,36,44 29,37,42 27,36,38 25,34,36 25,34,36 47,58,71 41,54,71 53,65,87 54,79,103 47,62,69 24,29,37 37,57,83 12,12,12 23,22,27 44,18,6 52,19,8 13,13,21 47,55,83 48,68,84 71,91,117 73,78,88 58,65,79 82,75,85 101,87,100 141,69,48 230,49,0 231,54,5 231,55,3 233,54,6 230,54,2 234,52,7 237,55,10 235,54,4 242,62,5 245,70,11 242,68,12 248,65,7 236,78,0 255,96,23 255,107,8 224,45,0 217,44,0 208,46,1 204,47,3 199,46,7 195,47,4 208,57,11 221,67,17 226,66,9 226,65,6 217,64,9 196,53,6 173,40,3 162,38,3 154,31,2 155,32,3 161,35,10 170,35,10 178,38,13 187,61,47 195,47,18 206,42,4
31,39,48 27,35,44 23,31,36 21,25,29 23,27,29 19,24,34 48,59,86 54,64,84 50,58,74 51,59,77 52,70,96 34,41,53 50,64,76 69,87,111 11,10,13 29,29,37 45,19,5 53,21,7 11,10,13 48,32,47 47,61,84 69,79,95 75,90,106 87,84,99 80,77,94 52,40,42 179,102,69 255,91,0 255,75,7 255,85,9 255,73,4 249,66,0 255,89,12 255,90,8 255,102,8 255,107,10 255,93,4 255,98,10 255,102,1 255,110,10 255,95,9 255,110,14 249,65,1 230,43,0 224,53,9 222,55,3 219,57,7 219,58,4 229,63,4 232,67,5 231,68,5 227,66,7 221,60,10 207,57,8 192,47,0 178,38,0 172,38,6 167,37,8 171,35,4 179,40,8 194,58,36 201,53,26 211,42,2 74,55,57
28,31,42 27,30,41 18,26,35 30,37,49 28,41,56 26,30,45 29,39,55 49,59,75 52,62,80 26,36,44 72,82,98 57,70,89 23,31,38 76,98,128 20,19,34 22,25,34 40,17,4 50,23,7 15,14,17 43,46,64 53,76,99 59,76,96 41,51,71 67,69,85 72,68,79 85,77,85 105,90,100 255,100,0 255,102,4 255,91,0 255,86,0 255,78,0 255,80,0 255,79,0 255,91,1 255,90,2 255,85,0 255,85,0 255,102,0 255,150,12 255,114,20 255,82,0 255,105,0 255,89,0 241,62,0 231,55,1 228,56,0 237,65,8 238,71,3 236,69,3 234,70,3 231,70,9 232,68,12 212,53,5 199,44,0 193,41,0 189,43,4 184,39,2 184,41,12 195,44,16 206,55,29 220,45,7 203,46,15 119,81,87
29,33,46 34,37,55 22,29,41 29,33,46 39,48,61 38,45,59 26,36,52 41,53,75 34,47,62 58,68,72 47,55,60 55,74,93 38,47,60 68,83,101 45,58,75 10,11,16 30,31,36 48,35,30 20,23,30 42,45,63 92,105,124 38,57,76 38,51,70 57,65,74 80,75,93 27,18,29 113,94,101 255,94,0 255,75,0 255,88,7 255,73,0 255,84,0 255,81,0 255,81,0 255,56,0 255,61,0 255,57,0 255,69,0 255,114,0 255,124,18 255,95,10 255,98,0 255,122,0 255,98,0 237,69,0 255,98,9 242,73,0 244,73,2 242,72,3 243,73,6 242,70,6 238,66,0 236,68,5 227,59,0 217,51,0 210,44,0 203,43,2 205,41,3 199,40,8 209,44,11 216,40,0 231,44,3 55,48,51 64,51,59
16,16,26 22,27,35 19,22,33 32,39,53 50,58,78 40,48,66 43,53,73 42,52,68 24,34,52 54,78,107 63,80,102 65,85,113 25,30,38 51,59,68 62,82,108 19,17,18 16,19,30 32,34,50 18,23,31 15,12,27 76,89,115 85,83,107 51,49,71 68,70,86 50,49,64 81,76,92 94,87,97 252,94,43 48,60,82 122,116,141 230,63,11 254,57,0 255,91,12 255,58,0 255,72,0 255,64,0 255,62,0 255,61,0 255,102,5 255,107,0 255,94,0 255,108,0 255,122,0 255,112,0 255,114,2 255,106,0 250,72,0 255,83,0 255,84,4 255,81,2 253,79,1 251,78,5 245,71,3 241,69,3 236,63,2 228,59,3 219,46,0 216,43,0 217,41,0 224,46,6 235,45,0 155,75,59 46,32,45 89,61,52
26,24,36 30,33,44 36,43,57 34,40,59 40,50,58 37,46,59 42,50,68 47,63,88 27,37,53 30,45,61 43,53,73 16,19,26 68,77,100 25,21,30 48,59,72 28,27,42 44,42,50 52,49,64 40,38,50 39,36,42 69,73,88 67,70,92 56,60,75 43,41,49 43,45,61 44,46,62 28,30,44 129,71,75 241,67,15 47,44,50 45,44,59 231,57,3 255,60,0 255,48,0 255,50,0 255,61,0 255,60,0 255,57,0 255,59,0 255,75,0 255,81,0 255,59,0 255,100,0 255,102,0 248,63,0 253,76,1 255,86,0 255,84,6 255,88,2 255,85,0 255,78,0 255,89,9 255,86,7 255,83,0 255,89,10 248,74,6 232,56,0 230,46,0 229,44,2 236,49,8 251,48,0 87,69,68 46,32,34 91,69,63
27,32,40 28,33,41 26,31,41 22,25,34 29,31,45 40,49,62 33,45,67 42,51,76 27,31,44 49,52,61 42,54,60 49,59,65 40,50,56 37,47,63 58,68,88 34,60,79 57,60,78 68,70,95 67,70,90 64,73,98 71,86,120 66,82,111 64,82,118 57,68,99 75,87,122 62,76,97 53,52,69 24,15,26 32,28,41 75,83,111 71,52,56 255,66,0 255,84,4 255,53,0 255,57,0 255,85,0 255,97,0 255,86,0 255,114,0 255,66,0 255,77,7 255,76,0 255,74,0 255,97,0 249,65,0 255,84,9 254,68,0 255,85,0 255,81,0 255,86,0 255,80,0 255,95,10 255,87,4 255,93,11 255,85,2 255,90,5 255,103,19 253,72,2 246,59,2 255,80,0 211,77,16 33,21,26 93,69,63 55,49,74
23,26,35 17,25,32 23,26,35 30,31,50 41,45,60 32,32,44 17,22,32 46,54,74 47,57,75 27,31,46 44,53,64 81,99,125 63,93,117 79,85,102 46,46,56 78,96,122 75,88,107 75,76,95 74,90,117 69,82,108 69,82,108 76,92,119 75,94,125 67,80,110 68,79,106 61,80,113 39,31,50 43,44,65 52,58,77 29,31,45 39,36,42 79,95,124 127,94,87 255,59,0 255,59,0 43,34,47 109,87,95 255,55,0 255,101,4 255,80,0 255,82,0 255,75,0 255,77,3 253,66,0 252,67,0 250,67,0 255,67,5 252,72,0 255,72,5 255,88,3 255,77,0 255,84,0 255,81,0 255,86,1 254,70,0 255,83,0 255,62,0 255,84,0 255,104,8 173,80,52 80,57,56 62,59,76 76,55,53 44,34,52
27,25,33 29,27,35 21,21,31 14,14,22 22,27,37 32,36,49 31,35,48 38,45,57 34,49,67 43,60,91 38,57,78 53,62,75 71,76,100 49,62,79 25,32,44 79,69,70 78,59,63 100,111,138 81,95,118 93,111,147 71,90,121 81,97,126 66,82,109 87,104,135 73,81,109 91,110,143 77,93,129 73,92,123 87,104,135 85,102,135 76,105,134 71,81,101 32,29,46 85,100,118 77,76,91 255,51,0 54,43,50 79,80,99 130,106,110 255,77,8 255,65,0 255,68,0 255,74,0 255,85,5 255,71,4 254,63,5 255,73,0 255,68,0 255,84,2 255,96,0 255,69,1 255,89,1 255,71,2 255,80,0 255,102,2 255,91,7 255,105,0 255,81,0 255,85,0 79,57,62 82,60,54 62,64,89 57,32,29 47,40,54
19,17,25 19,17,25 22,20,30 19,23,38 19,22,40 20,22,36 26,33,47 24,36,58 37,53,80 24,35,62 58,71,97 69,92,117 33,43,59 33,37,50 58,59,78 69,55,60 67,66,83 83,82,99 52,29,40 51,57,87 80,102,132 87,107,131 80,89,114 94,115,150 86,104,140 73,91,119 91,112,147 80,96,121 82,97,129 80,98,136 88,114,151 63,85,115 58,71,99 46,42,55 44,40,53 39,35,46 150,70,54 81,56,55 54,42,58 79,77,97 255,81,0 255,78,0 255,85,0 255,86,1 255,87,1 255,87,3 255,79,0 255,65,0 255,58,0 255,61,0 255,92,11 255,70,0 255,67,0 255,64,0 255,94,4 255,57,0 255,78,0 255,83,11 255,91,0 71,53,48 71,58,66 66,64,86 37,26,23 43,40,57
20,18,26 20,18,26 18,16,24 20,18,30 23,23,35 34,34,46 28,32,47 19,22,40 44,54,72 47,51,66 19,26,38 58,66,82 58,65,79 32,40,49 40,30,31 74,35,32 38,20,17 60,35,49 71,56,64 102,106,135 57,40,43 71,89,115 89,105,132 59,77,105 59,71,120 63,76,104 69,92,119 66,84,110 75,92,123 71,82,111 81,103,135 65,72,95 62,71,96 79,92,111 48,48,76 35,31,40 43,37,42 72,68,79 222,60,8 65,64,55 110,99,84 255,200,0 255,205,0 255,84,0 255,74,0 255,69,0 255,75,0 255,63,0 255,58,0 255,65,0 254,57,0 255,55,0 253,59,0 255,58,0 255,67,3 253,49,0 255,84,0 252,88,2 36,23,18 100,62,54 63,58,74 61,57,77 29,19,23 50,46,66
20,18,26 22,20,28 20,18,26 20,19,22 19,17,25 37,37,49 38,38,50 38,43,51 26,31,41 42,46,59 60,59,76 53,60,74 26,29,38 52,62,78 40,33,36 46,18,5 34,18,5 51,24,8 35,18,19 80,49,37 63,68,78 81,67,67 66,37,31 71,89,125 83,106,140 82,101,132 65,79,102 68,89,124 71,93,125 79,94,126 92,114,146 78,96,122 67,84,106 57,64,89 64,62,82 50,53,75 52,50,72 42,35,45 60,52,69 85,73,85 79,57,49 113,51,13 119,112,122 255,92,4 255,65,0 255,77,0 255,92,2 255,75,0 255,64,0 255,71,0 255,60,0 255,64,0 255,71,3 255,56,0 255,52,0 255,120,21 255,85,15 250,82,21 61,38,35 75,61,66 62,53,66 50,48,58 25,12,22 31,27,47
20,18,26 20,18,26 20,19,24 23,22,25 22,20,28 20,18,26 24,22,32 28,28,38 30,28,38 58,66,75 57,67,83 63,68,78 54,57,75 45,45,57 40,27,22 32,19,12 65,29,21 27,14,9 46,14,0 87,30,11 29,16,9 78,32,16 74,47,40 85,72,67 77,60,66 84,106,138 79,97,125 70,86,115 66,86,128 74,89,121 71,91,115 70,89,120 50,67,89 90,109,142 64,83,104 66,76,94 54,57,77 54,60,77 46,43,58 55,42,52 70,56,61 147,101,33 219,159,48 153,88,76 255,59,0 255,60,0 255,71,1 255,79,1 255,54,0 255,51,0 255,68,0 255,55,0 255,73,0 246,67,0 255,75,6 255,101,0 255,117,40 70,61,57 80,59,76 55,40,48 64,57,71 49,49,75 33,22,29 44,41,56
20,18,26 20,18,26 20,18,26 20,18,26 22,21,26 22,20,28 26,24,34 25,32,46 37,40,51 30,33,40 42,47,57 47,49,65 53,62,73 17,17,25 35,23,11 37,20,12 62,27,12 39,20,8 59,25,23 43,16,0 39,23,6 68,21,0 28,16,4 72,32,23 75,42,33 90,42,24 73,63,62 71,83,107 79,97,133 83,103,131 73,89,116 73,92,123 73,91,127 80,99,130 82,102,128 72,90,118 88,111,145 45,45,53 49,59,79 78,91,117 24,11,6 31,23,31 19,8,15 154,111,94 255,63,0 255,56,0 255,57,0 255,52,0 255,68,0 255,91,6 255,92,6 253,51,0 249,62,0 255,90,0 255,88,0 255,106,27 77,50,45 29,20,33 77,65,79 40,35,51 46,43,58 46,52,73 27,13,15 37,34,49
20,18,26 20,18,26 20,18,26 23,21,29 19,18,23 19,17,25 22,22,32 27,25,37 32,31,48 27,30,41 42,47,57 58,67,80 30,32,46 57,60,67 35,23,11 37,21,8 31,21,9 60,27,18 33,20,13 36,18,13 31,13,8 52,19,21 64,22,11 76,34,21 62,26,16 83,45,49 99,85,85 72,90,118 86,110,141 77,98,119 75,91,118 72,90,126 49,67,103 67,86,117 64,83,114 86,111,151 93,116,154 85,103,141 67,72,82 61,70,95 50,47,64 50,48,72 25,23,33 81,76,115 234,52,5 255,58,0 255,56,0 255,56,0 255,61,0 255,62,0 255,82,13 255,88,0 245,55,0 255,99,5 255,112,0 255,106,0 74,58,45 51,43,51 75,68,80 45,40,56 41,36,52 23,10,18 26,12,14 46,43,58
20,18,26 20,18,26 20,18,26 20,18,26 19,18,23 23,23,35 23,21,31 20,18,30 38,36,46 17,17,25 23,26,35 36,35,50 39,37,47 42,42,50 40,20,11 41,20,9 46,21,2 74,36,26 54,26,15 45,19,9 60,21,7 72,26,10 77,34,15 62,37,36 51,27,21 59,22,9 52,24,11 76,56,49 97,117,145 52,70,96 91,114,148 69,87,113 88,104,129 73,89,114 69,87,113 68,84,109 76,90,111 79,94,126 72,81,104 86,103,148 68,72,76 34,23,18 30,24,15 34,31,60 59,74,92 53,43,47 255,56,0 255,53,0 255,62,0 255,62,0 253,53,0 252,63,0 255,82,0 255,94,1 255,128,12 99,59,61 75,61,66 35,18,19 70,61,74 45,41,54 21,11,15 23,11,16 28,11,14 31,22,37
20,19,24 20,19,24 20,18,26 20,19,24 20,18,26 19,17,25 19,17,25 17,15,25 39,36,53 29,26,41 40,34,39 29,31,45 37,34,49 49,34,42 43,19,11 44,23,8 44,21,8 38,18,9 37,19,14 61,23,6 71,33,14 69,27,16 55,28,23 58,24,4 65,47,46 85,42,23 96,35,19 56,29,24 55,36,43 83,83,95 85,44,26 86,104,130 75,93,117 75,85,105 76,92,119 61,81,109 66,84,112 63,71,89 62,75,94 59,68,91 57,55,63 18,8,7 36,29,41 16,10,17 73,80,105 47,45,53 72,90,116 255,56,0 255,61,0 251,66,0 252,61,0 255,102,3 251,62,0 242,60,0 93,81,97 78,76,96 36,20,14 29,16,13 60,55,73 39,28,37 21,10,17 25,11,13 22,10,12 25,13,18
20,19,22 20,19,24 20,18,26 20,18,26 20,18,26 20,18,26 20,19,22 24,21,25 19,16,20 28,24,35 24,20,29 24,22,34 46,39,49 50,36,36 36,21,12 42,21,10 44,21,6 46,23,8 50,24,14 54,19,6 57,29,31 63,29,25 76,30,12 79,37,13 77,44,37 88,44,32 101,33,11 86,57,53 132,29,14 41,20,20 88,48,41 81,79,99 61,63,79 59,76,96 70,85,117 80,99,132 68,81,111 68,90,122 59,70,97 73,69,89 58,62,64 41,41,38 48,48,45 60,67,79 92,105,122 102,115,161 39,38,43 76,84,116 193,55,16 76,40,34 91,101,121 244,53,0 241,52,0 104,69,70 60,38,41 48,33,43 33,34,55 46,34,36 58,55,72 15,5,9 26,19,22 22,10,12 20,8,10 15,10,9
20,19,22 20,19,22 20,18,26 20,18,26 20,19,24 20,19,22 20,19,22 19,18,21 20,19,22 25,19,24 31,24,27 33,27,34 49,40,51 43,30,40 40,20,13 42,21,10 45,24,9 49,23,9 43,23,16 55,24,14 61,30,18 60,27,18 52,24,13 91,46,39 83,40,25 90,37,14 111,42,9 97,49,31 255,99,14 219,67,28 46,25,12 87,38,16 70,40,39 46,36,37 44,51,74 72,87,105 88,115,156 63,84,121 84,102,130 72,66,91 44,21,10 41,36,35 85,93,111 38,44,61 76,86,104 71,74,96 60,59,76 52,43,58 106,104,124 49,39,57 239,64,5 247,53,0 239,59,0 71,56,76 59,43,41 24,12,17 60,58,80 35,27,33 54,49,65 21,11,10 19,9,8 25,15,16 26,9,10 28,14,14
20,19,22 20,19,22 20,19,24 20,19,24 20,19,24 20,18,26 20,19,24 19,18,21 22,21,24 23,21,22 21,18,24 26,19,22 41,29,31 46,26,19 48,25,12 54,23,13 51,23,12 47,24,9 46,31,39 44,22,14 53,27,13 52,26,14 71,33,25 83,33,18 82,35,12 90,37,12 107,40,15 115,52,30 107,58,47 121,48,36 137,36,0 79,43,35 61,23,27 69,47,50 52,63,90 71,72,91 48,51,73 45,48,68 62,62,74 43,41,53 85,96,125 64,82,108 64,70,91 83,90,115 23,30,14 71,75,90 45,45,53 57,59,73 39,36,51 91,105,128 149,75,68 241,59,0 62,48,65 47,35,49 59,49,69 22,12,16 55,51,71 32,22,26 46,41,57 28,18,22 29,22,25 21,11,12 24,10,12 23,13,17
22,21,24 20,19,22 20,19,24 20,19,22 20,19,24 20,19,22 20,19,22 20,19,22 20,19,22 20,19,22 21,18,22 23,18,20 39,19,12 47,24,11 36,20,7 40,21,9 56,26,9 55,24,5 52,20,4 58,28,13 60,28,14 67,29,19 71,30,10 87,33,13 60,28,12 89,31,17 112,47,26 120,52,30 100,61,58 117,53,38 255,73,4 154,36,0 80,42,34 46,22,16 56,65,88 35,37,53 47,45,53 24,20,29 49,48,63 42,44,58 56,55,70 89,90,113 95,108,138 63,72,95 76,78,94 94,59,44 72,90,114 71,86,118 80,104,133 37,44,67 72,88,113 223,69,19 76,66,86 70,52,63 30,22,30 28,21,24 33,27,34 21,13,19 28,20,26 32,22,26 29,19,23 22,13,9 21,11,10 21,11,10
22,21,24 22,21,24 20,19,22 20,19,22 20,18,26 20,18,26 20,18,26 20,18,26 20,18,26 20,19,24 25,23,24 39,26,21 43,24,12 50,27,12 53,25,12 49,23,9 51,26,9 58,28,13 53,27,6 62,28,10 67,31,9 69,28,10 91,35,13 82,39,22 67,29,10 109,39,15 109,39,13 136,52,19 122,65,48 104,45,28 235,76,7 255,58,0 251,55,0 108,47,31 39,22,14 66,55,62 31,32,35 56,68,92 64,74,92 60,50,54 79,102,136 57,66,89 69,79,99 73,82,105 68,79,92 20,29,10 74,80,97 70,77,100 78,87,112 76,77,98 39,35,46 52,49,53 43,30,40 47,40,43 58,59,82 21,11,12 27,19,25 21,11,12 19,12,15 37,27,31 33,23,24 21,11,10 22,12,11 22,11,8
20,19,22 20,19,22 20,19,22 20,19,22 20,18,28 20,18,26 20,19,24 20,19,22 20,19,22 20,19,22 23,21,22 39,27,17 37,22,11 42,21,6 46,25,10 50,22,9 49,23,13 60,30,13 71,35,15 59,29,12 71,29,7 83,34,12 72,30,8 50,28,8 73,35,14 107,37,8 128,48,14 104,42,13 116,62,55 118,55,33 247,56,0 250,59,1 248,62,0 232,56,0 111,39,22 36,22,8 52,17,2 62,32,17 67,59,78 56,52,63 78,91,110 71,83,107 54,61,86 82,93,122 46,54,61 92,92,78 37,70,45 85,94,119 51,49,61 44,37,47 34,27,39 40,31,46 55,46,57 22,14,22 43,49,70 18,6,8 51,52,75 27,15,15 50,48,70 48,45,62 36,26,30 28,18,22 23,11,11 22,12,11
23,20,24 23,20,24 21,18,22 20,19,22 20,19,22 22,21,24 20,19,22 20,19,22 20,20,20 24,24,24 27,22,21 40,27,20 38,23,12 43,24,12 45,26,12 50,28,10 60,31,11 59,27,11 58,29,7 68,30,13 76,30,12 77,28,6 80,33,12 86,37,15 99,37,10 90,41,19 121,43,13 126,52,27 104,54,41 116,62,53 177,65,24 253,59,2 246,60,0 252,66,6 249,62,5 95,46,24 39,16,1 38,17,4 74,30,18 58,49,62 97,117,143 89,111,143 46,50,65 47,50,61 75,83,101 21,26,20 32,36,38 58,65,88 46,45,62 46,46,56 51,45,52 22,20,32 57,54,71 26,16,20 57,55,79 42,34,42 51,46,64 30,18,18 45,40,56 51,45,66 23,13,17 18,8,9 22,12,11 21,12,8
21,19,20 23,21,22 21,18,22 21,18,22 20,19,22 20,18,26 20,19,22 20,19,22 24,22,23 25,23,24 27,20,20 36,23,20 47,28,14 49,27,19 63,29,11 58,29,9 66,30,12 69,31,12 83,35,8 84,33,5 81,40,11 77,32,9 71,28,11 82,36,10 71,33,14 74,37,13 103,45,19 92,35,16 109,56,44 99,35,20 130,65,46 249,61,0 254,64,0 255,66,3 255,71,5 245,73,20 100,45,32 62,30,16 36,21,12 84,42,31 57,73,102 81,96,128 46,44,56 34,26,43 51,49,71 52,64,86 43,53,73 52,60,80 63,75,99 52,50,74 38,27,22 54,50,63 53,47,68 20,15,14 51,49,69 40,31,42 36,26,30 30,20,24 33,26,36 54,46,65 30,22,28 26,16,17 27,14,11 26,13,10
23,20,24 23,20,24 23,20,24 21,19,20 21,18,22 20,19,22 20,19,22 23,21,22 24,22,23 29,22,22 36,23,18 43,29,15 58,32,9 60,31,11 60,29,10 64,28,8 62,32,15 75,34,16 74,33,15 81,35,7 86,38,9 72,35,9 69,31,14 91,37,17 78,37,17 116,45,19 84,35,13 110,43,18 97,49,35 123,63,51 127,71,49 170,89,60 255,64,2 248,62,2 252,64,3 247,63,1 246,60,0 92,46,32 59,24,11 47,26,15 79,41,22 55,59,74 57,56,73 58,57,74 53,52,67 54,51,68 53,59,78 44,52,70 64,73,98 55,41,58 35,28,38 61,48,67 21,14,17 24,14,15 44,36,44 28,18,22 25,13,18 24,12,14 31,23,29 37,30,40 39,29,30 24,14,13 23,12,9 23,12,9
21,18,22 21,18,22 23,20,24 23,21,22 21,19,20 23,21,22 23,21,22 24,22,23 28,21,21 30,20,21 39,26,19 48,27,14 49,28,13 53,27,13 47,27,9 51,28,15 77,35,13 78,35,16 94,36,10 84,33,9 89,41,14 77,37,14 94,31,7 74,33,15 85,32,9 118,40,14 83,42,24 108,44,16 100,47,24 136,60,49 109,38,19 143,64,41 235,58,0 252,61,1 249,63,1 248,62,0 241,62,0 255,72,12 112,48,22 51,29,11 75,37,18 38,19,5 55,53,51 68,76,104 44,46,60 59,55,77 41,39,49 51,50,65 55,46,61 57,50,64 59,47,61 31,23,31 36,29,32 46,36,37 42,33,44 25,14,11 43,33,51 24,14,15 21,11,10 22,12,11 24,13,10 21,12,6 24,14,13 22,15,18
23,20,24 23,20,24 24,21,25 23,20,24 24,22,23 27,22,24 27,22,21 28,21,21 31,21,20 45,28,18 43,27,14 44,28,15 45,29,12 48,27,12 59,32,16 67,31,11 75,32,15 96,38,12 69,31,12 77,34,19 85,40,7 77,35,13 79,36,19 96,38,12 74,33,17 99,35,7 98,45,20 105,50,21 100,44,20 108,50,26 115,62,37 148,67,35 213,86,38 250,62,1 251,66,0 251,65,1 248,60,0 245,61,0 135,50,13 70,42,29 68,32,14 61,30,9 68,27,11 56,51,69 56,57,80 55,52,67 46,49,60 66,60,81 55,48,51 56,47,58 58,52,75 35,24,33 54,49,65 21,11,10 41,34,48 30,18,18 49,40,62 22,15,18 24,14,15 24,15,11 23,13,12 26,19,22 22,14,20 17,9,15
21,18,22 21,18,22 23,20,24 25,22,26 24,22,23 28,21,24 31,21,25 38,25,22 43,28,17 49,28,15 48,28,10 53,30,15 61,31,16 53,27,15 56,28,15 75,32,13 84,35,13 86,33,10 95,37,11 85,39,13 71,35,13 66,34,20 85,39,11 93,41,20 87,39,10 101,41,16 88,44,18 105,47,21 85,39,21 125,60,50 90,43,22 168,90,64 150,69,42 254,64,0 248,61,0 241,62,0 255,66,2 251,66,0 242,60,0 100,53,32 45,23,15 44,21,10 77,24,8 72,29,14 50,39,46 40,38,50 49,43,50 46,44,56 56,49,49 34,25,38 40,28,33 38,27,34 35,27,35 45,35,39 26,23,29 25,13,13 31,19,31 33,25,33 32,22,23 22,12,13 19,12,10 36,30,35 23,16,16 23,15,21
22,21,24 21,18,22 23,21,22 28,21,24 29,22,22 30,23,23 34,23,20 42,25,15 47,27,18 45,29,14 40,25,14 48,29,15 53,30,15 57,30,14 67,30,17 63,34,14 74,35,7 85,34,6 65,30,15 68,39,19 77,36,18 81,36,15 84,33,9 92,41,17 89,33,7 90,38,8 96,45,19 90,43,22 77,42,27 101,62,50 115,50,31 118,63,48 160,85,58 199,98,53 245,60,0 250,56,0 250,60,0 244,60,0 255,65,5 254,63,1 109,59,42 56,26,9 70,38,22 82,31,5 81,35,17 51,33,32 44,38,45 41,28,36 47,35,37 21,14,26 29,20,33 47,33,33 49,45,56 53,30,27 29,23,28 28,17,24 25,16,12 52,40,52 23,13,14 22,11,18 22,12,13 33,26,26 24,14,18 26,18,24
20,19,22 22,21,24 24,22,23 28,21,24 30,23,23 36,24,24 39,26,21 44,28,15 48,27,14 47,28,14 51,30,15 50,27,12 44,28,11 51,26,9 60,28,12 59,29,12 65,30,15 48,28,8 68,34,14 66,32,14 94,36,12 98,42,16 83,39,11 85,32,5 89,41,14 102,43,15 98,43,12 82,41,25 71,39,25 77,45,29 116,63,49 104,45,28 134,60,37 152,77,46 255,57,0 249,55,0 247,59,0 245,59,0 254,63,1 255,62,1 184,53,2 83,41,19 51,30,17 47,24,9 74,36,15 85,39,23 44,26,23 52,41,48 44,37,49 54,30,22 34,16,25 37,27,31 35,31,44 54,30,24 42,31,40 38,26,42 41,23,20 39,28,37 42,32,33 30,19,26 24,14,15 27,20,23 35,26,37 31,24,24