35,63,99 34,65,100 33,65,103 33,63,101 31,66,100 32,64,102 33,65,103 40,68,104 38,68,106 36,68,106 37,69,109 36,68,108 36,68,106 35,66,101 32,64,102 33,65,103 36,67,102 40,67,106 35,63,95 35,61,94 29,56,84 29,54,80 34,48,71 36,44,60 28,32,45 26,30,43 28,32,45 22,27,37 22,29,43 22,26,39 21,24,35 21,25,40 17,17,27 21,26,36 25,32,46 20,27,41 23,30,44 24,31,45 24,33,46 20,27,39 20,25,35 16,16,24 22,26,39 24,28,41 27,34,48 27,34,48 27,34,48 29,33,48 32,34,48 30,33,42 32,32,42 29,27,37 35,31,40 17,14,20 19,15,24 19,13,20 16,12,21 14,11,17 104,88,55 30,32,32 26,20,25 35,32,36 23,17,22 14,11,15
37,65,101 36,64,100 33,65,103 33,65,103 32,67,101 32,64,102 34,66,104 40,68,104 36,68,108 37,69,109 37,69,109 37,69,109 37,69,107 35,66,101 35,66,101 33,65,103 34,65,100 35,63,99 33,61,93 31,57,90 30,54,83 30,50,78 36,46,64 32,40,56 25,29,42 21,25,38 22,26,39 25,30,40 22,29,43 22,27,37 23,26,37 21,25,40 20,20,32 24,29,39 27,34,48 22,29,43 25,32,46 25,32,46 24,33,46 20,27,39 21,26,36 16,19,28 25,29,44 21,25,38 27,34,48 26,33,47 27,34,48 28,32,47 31,36,46 29,34,44 31,31,41 30,28,38 27,23,32 19,16,22 18,14,23 22,21,26 18,14,23 16,13,19 55,45,35 53,56,48 36,30,35 35,32,36 37,31,38 14,11,15
39,69,107 42,70,106 36,66,104 32,64,102 32,64,102 34,66,104 43,70,111 37,69,109 37,69,109 37,69,109 37,69,109 36,68,108 36,68,106 35,63,99 41,67,100 35,63,99 34,60,93 32,58,91 31,57,90 30,54,85 35,53,79 35,48,67 30,40,58 31,38,52 21,24,35 22,30,39 22,29,41 19,26,38 22,29,41 22,30,39 24,28,41 21,26,36 20,23,32 18,21,28 29,38,51 23,30,44 25,32,46 25,32,46 23,30,44 24,31,43 22,27,37 19,24,32 25,27,41 21,25,38 25,32,46 24,31,45 26,33,47 26,33,47 29,33,48 31,35,50 32,35,46 25,23,33 17,13,22 23,22,27 26,24,34 24,22,30 21,18,22 21,18,24 14,10,19 92,86,52 21,18,24 20,17,23 34,30,39 14,11,15
40,71,106 39,70,105 32,66,103 34,66,104 34,66,104 37,69,109 38,70,110 37,69,109 37,69,109 37,69,109 36,70,109 34,66,104 33,65,103 35,63,97 39,65,100 34,61,100 34,60,97 32,58,91 32,56,87 32,52,80 35,48,67 35,45,63 29,39,57 29,36,50 20,25,33 22,26,39 25,27,41 19,24,34 19,22,29 17,17,25 24,29,39 18,26,35 21,24,33 16,19,28 28,37,50 20,27,41 25,32,46 25,32,46 23,30,44 25,32,46 22,31,44 21,26,36 23,23,31 24,29,37 22,29,43 25,32,46 24,34,50 23,33,49 27,34,48 29,36,50 29,33,46 35,38,49 20,18,26 27,25,33 24,22,30 25,23,31 23,21,29 24,22,32 20,20,28 38,33,21 33,28,25 26,23,27 38,34,43 25,22,26
39,69,107 36,68,106 33,65,105 36,68,108 36,68,108 37,69,109 38,70,110 37,69,109 36,70,109 35,72,110 36,70,107 34,66,104 34,65,100 39,62,98 37,60,94 31,59,91 30,56,89 33,55,87 34,52,80 35,47,69 33,43,63 30,40,58 27,37,53 25,32,46 21,25,38 22,29,41 24,35,48 18,18,26 23,21,29 18,19,24 25,27,41 32,38,57 35,38,49 22,25,36 26,33,45 23,30,44 25,32,46 24,31,45 24,31,45 22,31,44 26,37,50 22,29,43 18,21,32 18,23,33 20,27,39 23,30,44 26,36,52 27,40,59 25,33,49 26,36,52 25,32,44 30,29,44 23,21,31 25,23,31 26,24,34 27,25,35 26,24,32 24,22,32 22,20,28 12,9,15 27,24,30 27,23,32 22,20,30 38,35,41
38,70,110 34,66,104 33,65,105 34,66,106 37,69,109 37,69,109 38,70,110 35,69,108 33,70,108 35,69,108 36,68,106 34,65,100 33,61,95 35,61,94 39,63,94 31,57,90 32,56,87 32,54,84 36,48,72 39,51,75 30,40,60 29,39,57 28,38,54 20,27,41 21,23,37 24,28,41 16,19,30 20,20,28 20,18,28 16,16,26 22,22,32 24,28,43 40,46,67 53,61,81 26,29,40 26,33,45 25,32,46 25,32,46 24,31,45 23,30,44 27,34,48 23,32,45 20,27,39 18,23,31 21,25,38 23,30,44 25,32,46 25,31,48 23,33,49 25,31,48 24,31,45 21,21,33 23,23,33 27,27,37 23,23,33 26,24,34 26,24,34 25,23,31 27,25,35 19,19,16 20,29,31 21,16,18 24,24,34 43,42,47
36,68,108 36,68,108 34,66,106 34,66,106 34,66,106 36,68,108 35,69,108 33,67,106 33,67,104 33,65,103 32,64,102 35,62,101 32,58,91 35,56,91 32,55,89 31,54,88 35,53,81 35,48,74 34,47,66 31,41,61 29,39,55 27,37,55 25,34,47 27,34,48 20,25,35 19,22,33 21,21,29 22,20,28 23,24,29 23,21,29 22,20,28 20,19,24 38,41,59 41,47,66 55,73,99 70,81,110 26,29,47 25,34,47 25,34,47 24,31,45 25,32,46 24,33,46 20,26,43 18,21,30 18,23,31 23,30,44 24,31,45 25,29,44 24,33,46 24,33,46 29,37,55 17,15,25 22,22,32 24,24,34 27,27,37 22,22,32 28,28,38 27,25,35 26,24,34 33,31,27 26,37,48 20,19,22 31,31,41 24,24,32
36,68,106 34,66,104 34,66,106 36,68,108 36,70,109 35,69,108 33,67,104 33,65,105 33,65,103 32,64,102 35,62,101 34,62,98 31,54,88 33,57,88 35,55,83 32,55,82 35,48,76 36,48,70 34,44,64 30,40,60 29,39,59 27,37,55 25,33,49 27,31,46 22,27,35 29,34,44 23,26,35 23,23,33 21,21,29 20,19,24 17,17,25 20,18,26 23,22,37 42,45,63 39,45,62 43,51,71 64,80,116 106,125,176 28,37,50 25,32,46 25,32,46 25,33,49 22,29,43 20,23,32 26,31,41 20,27,39 24,31,45 25,32,46 26,32,49 22,29,43 30,36,53 17,17,29 21,21,33 22,27,37 24,24,34 27,27,37 28,28,38 28,28,38 29,27,35 35,37,32 30,47,51 15,18,27 24,25,30 26,24,32
37,69,109 36,68,108 33,65,105 36,68,108 35,69,108 33,67,104 36,68,106 32,64,102 32,65,100 33,64,99 33,64,97 32,58,93 31,53,83 37,57,83 34,52,78 36,52,77 36,45,70 35,44,67 30,40,60 29,39,57 26,36,54 25,33,49 23,31,40 29,39,45 28,31,42 23,26,35 25,25,35 27,27,37 23,24,29 20,19,24 18,18,26 22,22,32 25,24,39 76,89,133 50,67,110 40,56,83 66,80,121 94,117,171 20,38,76 24,31,45 25,32,46 25,32,46 25,32,46 24,29,39 27,32,42 20,25,33 23,30,44 23,30,44 23,30,44 26,33,47 21,24,35 20,20,30 20,23,32 21,26,34 23,26,35 27,27,37 29,29,39 30,30,40 28,28,38 34,34,42 34,52,39 20,35,42 19,18,23 30,28,38
34,66,106 36,68,108 33,65,105 35,69,108 33,67,104 33,67,104 34,66,104 37,64,103 35,63,99 35,63,99 33,60,99 34,57,91 38,52,75 39,51,73 35,47,69 34,47,66 33,43,63 31,41,61 27,40,59 27,37,55 25,32,44 31,38,50 27,27,37 26,29,38 32,35,44 23,26,37 29,32,43 39,41,55 33,36,45 28,32,34 35,37,34 38,36,34 33,33,30 30,32,32 24,26,26 17,15,11 10,7,11 29,27,47 143,169,243 23,32,45 26,33,47 25,32,46 25,33,51 22,29,43 24,28,41 21,26,36 22,29,41 23,30,44 22,29,43 22,26,41 16,16,26 21,21,31 21,24,33 20,25,33 22,27,35 24,29,39 29,29,39 30,30,40 29,29,39 27,27,37 21,35,31 19,38,46 19,13,20 32,28,37
32,64,102 32,64,104 34,66,106 33,67,104 34,66,104 32,64,102 35,65,103 34,61,100 33,61,97 31,59,93 30,56,91 36,55,86 41,51,71 38,48,68 39,47,67 33,46,65 31,41,61 29,39,59 26,39,58 28,36,52 27,32,40 20,23,32 25,33,42 31,36,44 33,40,52 23,24,29 26,26,23 20,19,22 23,25,25 32,32,29 37,37,32 45,45,40 53,51,49 45,42,46 40,39,42 51,51,46 17,17,17 14,11,17 8,11,20 47,53,72 22,29,43 26,33,47 26,36,56 25,32,46 18,21,30 16,24,31 24,28,43 25,33,49 24,30,47 29,36,50 21,21,31 21,21,31 20,25,33 21,26,34 26,30,43 25,30,38 24,29,39 27,27,37 31,31,41 31,31,39 36,53,43 15,34,44 18,17,22 19,16,20
34,66,106 31,63,101 36,68,106 34,66,104 34,64,102 32,64,102 35,63,99 34,62,96 34,60,93 31,57,90 30,57,85 35,47,71 41,51,71 38,46,64 35,45,65 33,43,63 30,40,60 25,38,57 24,34,52 22,26,39 25,29,42 31,35,48 27,27,39 34,38,51 38,38,48 34,35,27 39,39,39 41,41,41 41,41,36 37,37,34 34,34,34 39,37,33 81,77,71 68,67,60 75,76,57 88,89,70 83,85,70 11,13,13 83,88,112 24,32,41 23,30,44 25,32,46 26,33,47 24,31,45 21,26,36 29,33,48 22,26,39 23,30,42 22,29,41 30,38,54 16,16,24 19,22,31 19,24,32 25,29,42 21,26,36 25,29,42 28,33,43 22,25,34 28,28,38 30,30,40 35,50,36 32,42,34 36,43,41 20,14,19
34,66,104 33,65,103 34,66,104 35,65,105 35,63,99 35,63,99 34,62,94 31,57,92 31,57,90 30,54,85 34,52,80 37,43,62 40,48,64 33,41,57 34,44,64 36,48,70 27,40,59 27,37,55 22,29,41 25,30,40 24,33,46 28,36,54 27,27,39 35,39,52 33,28,27 34,32,30 47,45,41 41,39,37 41,37,31 33,32,25 39,41,41 38,36,34 86,81,67 75,72,57 66,61,47 78,75,62 70,69,60 53,51,49 13,12,17 14,16,30 19,26,40 26,33,47 26,33,45 24,32,48 25,29,44 25,32,44 19,24,34 22,29,43 21,25,38 32,40,56 17,17,27 20,23,32 22,27,37 25,29,42 24,29,37 24,28,41 26,30,43 24,29,37 28,33,41 32,32,42 36,42,43 27,34,32 33,32,37 25,19,26
34,67,102 34,66,104 34,66,104 32,64,102 35,63,99 33,61,97 31,57,92 30,56,89 31,55,86 32,54,84 38,50,72 33,40,54 34,41,55 32,40,56 31,41,61 35,47,71 28,38,58 22,31,44 30,37,49 25,31,48 28,38,58 18,22,35 32,33,52 38,43,53 35,33,31 35,33,29 39,37,35 53,47,52 42,27,18 50,42,48 36,31,28 48,41,39 85,77,66 58,52,43 72,73,78 45,29,25 173,166,176 86,86,72 16,10,15 54,63,86 25,34,47 23,30,44 26,32,49 23,33,49 25,33,49 22,25,34 21,26,36 20,27,39 24,29,39 30,38,54 20,20,30 22,27,35 20,25,33 21,26,36 21,25,38 24,28,41 22,27,37 26,31,39 28,31,40 24,24,34 29,29,39 27,27,37 38,34,45 17,13,22
33,63,101 33,65,103 33,63,101 34,64,102 35,61,96 35,63,97 31,57,92 33,57,88 39,61,93 36,54,82 37,45,65 36,43,57 37,44,58 31,39,57 30,40,60 27,37,57 23,33,49 33,40,54 25,29,42 29,39,59 33,41,57 28,28,38 47,55,71 37,35,36 40,33,31 48,42,37 38,36,34 62,61,64 25,11,11 84,77,80 40,35,32 51,49,47 63,61,57 74,75,65 53,49,41 87,70,60 90,79,72 85,76,68 20,18,19 13,25,49 22,28,45 20,27,41 24,34,52 22,35,54 26,32,49 19,24,34 25,30,40 23,30,42 22,26,39 30,38,54 20,23,32 20,25,33 22,27,37 21,26,34 27,31,46 24,28,41 21,26,36 22,27,37 23,26,35 31,31,41 32,30,40 33,31,41 40,36,47 24,20,29
36,63,102 34,66,104 36,64,100 37,65,101 36,64,98 34,57,91 33,56,90 32,56,87 33,53,81 37,50,76 32,40,58 32,36,51 34,41,55 31,40,63 27,39,61 24,34,50 29,39,55 24,31,43 23,32,45 26,39,54 12,11,14 28,28,38 34,38,51 41,41,51 40,30,29 61,50,47 58,48,47 49,39,38 52,42,41 48,48,43 31,31,31 63,56,59 78,67,74 86,77,88 84,81,87 75,73,69 78,67,64 81,70,67 52,45,48 134,172,244 68,84,113 23,30,44 23,30,44 26,34,50 23,33,49 22,24,38 27,31,44 19,26,38 22,26,39 29,37,55 20,23,32 14,19,27 21,26,36 29,33,46 27,31,44 22,27,37 24,28,41 22,27,37 24,29,37 32,34,48 25,25,35 32,32,42 35,35,45 32,28,37
33,65,103 35,66,101 37,63,100 34,62,98 34,62,94 32,55,89 34,57,91 35,54,85 36,52,77 36,49,68 32,36,51 36,43,57 32,38,55 38,50,74 27,37,55 23,30,44 24,32,41 24,33,44 25,32,46 25,38,55 24,23,28 29,34,40 31,35,48 28,31,40 37,37,47 49,43,48 66,52,57 58,46,51 58,51,54 35,33,31 39,28,35 67,55,57 91,74,77 102,85,91 98,83,93 80,73,76 95,82,90 78,65,75 113,124,166 121,151,216 96,118,161 24,32,48 26,34,50 23,32,45 25,34,47 27,31,44 29,36,48 21,26,36 24,29,37 25,30,40 21,24,33 24,29,37 19,24,32 27,31,44 21,26,34 24,29,37 24,28,41 19,24,34 24,29,39 28,31,42 30,33,42 28,28,38 28,28,38 29,28,33
37,65,101 37,65,101 37,65,101 32,58,93 41,67,100 32,59,89 31,54,81 33,53,81 35,48,76 32,46,67 29,31,45 27,34,48 27,34,48 26,39,58 26,35,48 28,32,47 22,33,46 24,33,46 30,40,60 32,38,55 30,27,33 34,39,47 39,46,58 30,33,42 27,27,35 20,18,26 27,23,34 47,41,48 49,47,48 27,27,27 31,29,30 39,29,28 77,62,53 81,61,54 67,56,53 49,47,43 54,57,64 126,147,195 90,111,159 111,140,208 113,139,205 25,33,49 26,34,50 28,36,52 26,35,48 25,34,47 31,38,50 19,22,31 26,30,43 27,34,46 24,24,34 22,27,37 22,27,35 21,26,34 24,29,37 24,29,39 25,29,42 25,31,48 22,26,39 25,30,40 27,27,37 27,30,39 37,37,47 44,42,50
36,64,100 36,64,100 37,63,96 35,57,89 39,61,93 32,54,86 36,54,80 36,54,80 37,50,76 37,47,67 26,31,39 38,46,64 28,36,54 25,34,47 22,31,44 18,18,18 24,35,48 30,39,52 31,44,63 30,38,56 32,32,40 35,40,50 36,38,54 32,35,44 27,27,37 23,21,29 24,23,28 23,22,27 22,23,28 23,24,29 40,43,52 32,32,40 53,51,59 59,58,61 68,64,84 59,65,95 59,75,104 64,80,120 101,123,182 90,116,178 127,151,211 26,36,52 26,34,50 28,36,52 31,39,57 26,33,47 27,30,39 25,25,35 23,26,37 30,36,55 23,23,33 22,25,36 23,26,37 20,24,37 24,29,37 22,26,39 25,29,42 24,28,43 21,26,34 28,31,40 30,33,42 44,47,58 39,39,51 31,31,41
37,63,98 37,63,96 38,61,95 37,59,91 34,56,88 35,57,87 37,55,79 38,52,75 38,48,68 33,43,63 29,34,44 37,47,65 26,33,45 8,8,16 13,14,17 38,35,41 23,34,47 28,38,54 26,39,58 25,24,27 39,40,43 33,38,48 41,48,60 28,31,40 25,25,33 26,24,32 37,36,39 22,21,26 21,22,27 25,25,35 24,24,32 25,25,35 27,25,37 23,23,33 37,39,55 48,54,75 50,61,90 2,18,43 84,105,155 119,139,192 46,69,121 29,36,50 26,33,47 29,35,52 30,38,54 29,35,52 25,25,35 29,29,41 22,25,36 26,34,52 23,23,33 21,24,33 31,35,48 22,27,37 22,27,37 24,29,39 21,25,38 32,34,50 31,35,48 32,39,51 35,38,49 27,25,35 29,27,37 25,25,35
36,62,95 39,63,94 38,62,93 37,59,91 36,56,84 36,54,78 36,49,68 38,51,70 40,49,72 21,29,47 15,14,17 14,11,15 13,10,14 13,12,17 19,17,18 13,11,19 30,36,55 14,24,42 43,43,43 37,35,33 36,37,29 35,38,45 41,45,60 41,41,49 28,28,38 27,27,39 29,28,33 23,23,31 23,24,29 24,23,28 21,21,29 28,28,38 25,25,33 24,22,30 41,45,60 61,74,93 61,69,97 76,89,119 75,91,141 26,41,73 90,110,154 13,13,8 29,36,50 28,38,56 30,39,52 31,39,55 27,27,37 32,36,49 25,28,39 31,41,61 24,24,32 22,25,36 27,32,42 21,26,34 21,26,36 34,37,48 32,37,45 34,38,51 32,34,48 26,24,32 25,28,37 28,28,38 27,27,37 27,27,37
37,63,96 41,67,100 37,59,91 42,59,90 38,50,72 38,50,72 40,49,72 32,44,66 34,47,66 17,16,19 13,12,15 14,11,17 14,11,17 13,11,19 20,17,21 20,19,22 26,20,25 22,23,26 33,33,30 40,34,27 37,35,31 27,28,31 43,46,64 42,45,56 25,30,38 30,33,44 28,28,38 24,22,30 29,27,35 24,24,32 21,18,24 24,22,32 24,22,30 22,21,26 39,42,60 83,91,119 49,57,77 103,119,169 83,102,151 57,74,107 98,109,151 16,15,18 29,35,56 22,25,34 33,43,59 30,38,54 29,31,45 28,31,42 26,24,34 35,43,61 24,24,34 27,27,37 25,23,31 34,32,40 34,41,53 39,41,55 33,31,39 27,23,32 26,24,34 27,27,37 27,27,37 25,28,37 27,32,40 29,29,39
41,62,97 39,61,93 39,55,82 41,52,79 37,47,67 40,53,72 37,51,72 35,50,68 8,9,14 23,21,22 14,15,18 13,13,21 14,14,22 11,14,21 29,29,26 25,25,25 23,23,23 18,19,24 35,33,29 39,35,29 41,37,31 40,39,28 37,39,53 44,51,63 37,45,54 33,38,46 33,38,46 23,23,31 33,38,37 23,23,33 20,19,24 24,24,32 25,23,31 19,17,25 43,45,61 63,74,101 51,64,92 101,121,176 78,97,144 100,117,160 59,71,95 19,15,26 68,86,124 22,22,30 25,24,29 23,23,33 32,36,51 30,30,40 31,31,39 31,41,57 24,28,43 40,37,43 34,36,50 41,38,44 29,21,29 25,23,31 27,27,35 24,24,34 24,31,43 30,37,49 27,31,44 28,33,41 35,40,50 34,39,47
41,60,93 41,54,84 43,52,75 39,51,73 32,40,60 40,50,70 40,50,68 14,12,10 19,18,21 26,24,22 17,17,25 16,14,22 17,15,23 15,16,21 35,33,29 31,31,31 23,22,25 20,20,28 38,36,32 40,36,30 42,38,32 42,36,29 29,29,26 38,46,64 36,45,56 34,37,44 33,37,50 25,28,35 38,40,40 27,25,33 19,17,25 30,30,40 25,23,31 20,23,30 37,39,55 64,79,111 59,74,106 80,103,157 76,98,141 87,106,153 13,18,26 15,13,21 77,95,135 29,30,35 29,27,35 36,36,48 41,40,57 31,40,53 33,43,61 26,36,54 30,36,53 40,37,43 27,20,23 26,24,34 28,24,33 25,25,35 21,24,33 29,32,43 30,39,52 29,36,48 32,36,49 29,34,44 35,39,52 33,38,48
46,53,76 47,59,83 40,52,74 43,55,77 33,43,63 40,50,70 13,12,17 18,16,24 25,26,31 30,26,18 21,18,22 19,18,23 19,17,25 20,19,22 39,37,33 30,29,32 23,20,26 23,20,26 34,34,42 40,36,28 42,37,34 42,38,30 41,37,29 34,34,44 37,39,53 27,32,42 34,37,48 30,33,44 40,38,39 23,23,31 20,19,24 32,32,40 23,23,33 22,22,34 34,37,46 51,67,94 48,66,106 75,96,142 72,89,132 62,74,109 17,16,19 50,53,71 80,101,140 39,39,51 36,35,50 56,59,77 68,81,111 66,79,98 26,33,45 32,39,51 30,37,49 24,28,41 27,25,33 25,23,33 34,34,46 30,32,46 25,30,38 26,30,43 26,33,47 34,41,55 29,33,46 35,39,52 31,36,42 27,30,39
61,54,66 49,49,61 45,44,59 50,48,60 52,49,55 22,21,26 19,12,22 24,23,28 34,32,40 43,37,28 23,23,31 23,21,29 21,21,31 17,17,25 34,34,34 31,30,33 24,21,27 22,21,26 33,36,45 36,36,36 41,37,29 43,37,30 41,37,31 40,36,26 34,32,40 34,41,55 40,44,59 40,42,56 38,37,40 31,31,43 29,29,39 36,36,44 25,25,35 25,25,35 41,44,62 53,69,107 64,80,118 74,94,138 61,79,119 29,29,37 20,16,25 95,107,140 64,87,125 42,44,58 44,46,62 46,58,80 64,87,125 85,98,128 27,34,46 26,33,45 32,36,49 22,27,35 36,36,44 32,32,42 31,31,43 32,31,46 26,29,40 25,28,39 32,39,53 33,37,52 33,37,52 26,30,43 32,35,44 28,28,36
69,56,49 68,56,46 69,53,47 71,57,43 68,53,42 24,22,23 23,17,22 24,23,28 34,34,42 57,51,44 28,32,36 44,40,30 42,47,53 21,21,29 48,47,50 32,29,35 27,23,32 22,21,26 17,17,25 31,31,39 40,36,30 38,37,28 42,38,32 42,36,29 40,34,29 35,33,34 36,35,50 33,40,52 36,38,54 33,35,49 26,29,40 43,46,57 25,25,35 25,25,33 56,65,90 67,85,123 52,65,93 63,78,121 61,62,54 35,38,49 17,16,21 82,102,146 72,94,135 68,83,117 60,76,105 73,94,131 105,133,183 87,104,137 22,27,37 23,30,42 29,38,51 22,27,37 33,31,41 29,29,41 28,28,38 29,31,45 34,34,46 28,28,38 26,28,42 32,35,46 25,30,40 29,33,46 33,38,46 26,29,38
35,38,56 37,39,53 60,50,54 57,47,48 16,11,10 25,23,24 23,22,25 20,20,20 36,36,46 38,36,44 58,56,52 38,39,44 34,34,42 47,46,49 33,33,33 27,26,31 27,26,31 25,24,29 20,19,24 20,20,28 34,37,44 39,34,31 40,38,34 39,37,33 39,35,29 40,34,29 30,28,24 29,28,33 34,37,55 33,37,50 21,25,38 35,37,51 29,34,42 30,33,42 53,60,83 54,67,97 51,67,96 66,67,70 42,46,50 46,49,56 17,13,22 77,96,143 99,124,177 70,91,130 76,96,138 72,94,137 108,129,179 46,62,91 61,78,100 22,27,37 24,31,43 27,27,35 32,32,42 37,35,47 25,25,35 25,25,35 28,28,38 31,31,41 26,29,38 30,33,44 35,39,52 40,44,59 34,37,46 27,30,39
40,44,59 39,38,55 79,53,43 35,37,53 16,13,17 22,21,24 30,25,22 27,25,26 38,37,42 49,47,45 21,23,23 42,47,53 29,30,33 34,32,33 38,35,39 33,32,35 30,29,32 26,25,30 23,22,27 20,19,24 22,22,30 31,31,39 37,37,34 39,37,35 41,36,33 40,36,28 35,33,29 33,31,29 30,28,29 28,28,36 33,35,51 31,35,48 29,32,43 23,26,37 40,48,68 42,51,74 62,62,62 60,60,55 54,59,69 20,18,26 18,20,34 69,89,131 116,143,202 87,107,151 77,99,140 91,115,164 30,48,86 84,102,142 81,98,131 23,25,41 33,42,55 23,19,30 34,30,41 41,39,49 37,35,45 28,28,38 27,27,37 32,32,42 29,32,41 33,36,47 28,28,38 28,31,42 26,29,40 27,30,39
41,45,58 33,40,52 30,39,52 39,41,57 14,11,15 22,20,28 23,20,24 43,37,32 19,18,21 39,44,52 42,47,55 41,44,53 30,29,34 31,29,30 37,35,36 37,37,37 29,29,29 28,25,31 24,22,30 24,23,28 17,18,21 20,20,28 35,38,47 32,33,36 34,34,31 39,39,39 39,37,35 38,36,34 35,33,31 33,33,30 37,35,36 39,38,43 26,29,38 28,28,38 43,46,68 75,75,70 68,66,62 63,66,77 47,55,64 23,21,29 15,18,29 78,96,134 92,120,174 24,35,64 76,96,140 79,101,144 56,65,88 104,120,168 90,111,157 56,62,90 32,45,64 32,32,42 35,31,42 41,39,49 40,38,48 25,25,35 32,32,42 32,32,42 36,34,42 32,35,46 35,37,51 32,37,47 28,28,40 35,35,47
35,45,61 36,44,62 30,40,56 49,52,70 15,14,17 31,30,35 26,22,33 37,35,33 35,40,48 36,44,51 36,44,51 37,40,49 27,26,31 32,30,31 45,43,44 38,37,40 30,29,32 27,26,31 26,25,30 24,23,26 19,18,23 20,19,24 20,20,28 47,50,57 34,37,46 29,30,35 37,36,39 38,36,34 37,35,33 38,36,34 64,59,58 78,73,70 81,77,71 79,75,67 77,76,65 65,70,66 54,61,73 61,71,79 24,22,30 24,22,30 24,21,25 29,28,33 60,65,91 77,97,139 77,98,146 82,102,130 84,98,121 28,41,56 105,126,174 30,46,73 32,40,60 38,48,68 33,29,38 45,41,52 40,36,45 33,31,39 25,25,33 32,30,38 28,31,38 29,29,39 36,40,53 35,40,50 35,39,52 37,37,49
32,39,53 39,47,63 33,43,61 12,10,18 16,15,18 19,18,21 30,28,29 31,39,48 31,39,46 33,38,46 34,39,47 35,40,48 26,25,28 34,32,33 35,33,34 37,36,39 28,25,29 28,25,29 24,20,29 24,22,30 25,24,29 23,22,27 24,23,26 23,23,31 42,45,54 41,44,53 34,37,46 29,32,39 25,28,37 48,49,54 64,63,66 56,57,60 47,46,49 63,64,69 60,60,70 54,62,71 73,81,88 27,30,39 25,23,31 25,24,29 27,24,28 37,37,37 40,37,41 26,25,30 79,89,109 86,99,118 97,110,136 100,117,139 28,45,65 25,33,49 28,37,48 35,44,69 31,27,36 25,23,31 33,30,36 36,34,42 36,34,42 33,31,39 32,35,42 41,39,47 42,46,59 36,40,53 35,38,49 34,34,44
66,55,50 65,56,41 61,52,46 14,16,16 28,30,30 14,14,22 29,33,46 29,37,44 29,37,44 31,36,44 33,38,46 34,39,47 36,35,40 32,27,26 30,28,26 34,34,34 35,33,34 28,26,27 31,28,32 27,24,28 24,21,25 25,22,26 25,24,29 20,19,24 22,21,26 24,22,30 22,22,30 55,58,67 41,46,52 44,47,58 47,50,61 47,51,64 44,47,58 54,58,71 65,72,86 82,87,95 27,27,35 29,27,35 30,27,31 31,28,32 30,28,29 45,43,44 47,46,49 39,39,49 71,84,101 83,96,115 88,102,125 105,123,151 32,45,64 31,43,65 36,40,55 28,40,62 40,33,43 30,26,37 41,35,42 38,36,44 34,32,40 37,35,43 36,34,42 37,34,40 33,31,41 32,30,40 41,41,51 33,31,39
88,61,14 85,58,15 73,52,37 67,58,52 13,14,17 21,26,32 25,33,42 25,33,40 25,33,40 28,33,41 31,36,44 32,37,45 38,38,46 26,26,23 30,28,29 37,35,36 28,26,27 26,24,25 26,23,29 26,23,27 27,24,28 30,27,31 23,21,29 25,24,29 25,23,31 24,22,30 24,23,28 24,22,30 24,25,30 76,84,91 86,96,112 98,108,124 90,100,118 87,102,118 68,84,95 25,23,33 27,28,33 31,29,37 27,26,31 35,33,34 31,29,30 39,36,40 53,52,57 68,73,83 75,85,105 79,91,113 89,102,128 101,121,145 28,36,52 34,44,60 44,38,43 32,44,66 43,35,43 53,43,47 49,39,43 40,37,41 38,34,43 37,34,40 38,36,44 36,34,44 33,31,39 31,27,38 36,34,44 39,37,45
84,59,13 116,77,6 86,54,20 25,24,29 13,16,25 20,28,35 26,34,43 24,32,39 25,33,40 26,34,41 29,37,44 33,36,45 34,37,46 22,21,24 31,29,30 31,28,32 31,28,32 31,28,32 30,27,31 31,28,32 31,31,31 20,19,24 30,27,33 27,25,33 25,23,31 25,23,31 24,22,30 29,30,35 23,21,29 18,18,28 33,42,55 57,64,76 24,29,39 21,24,35 20,23,34 22,22,30 68,73,81 26,24,32 26,25,30 40,34,39 30,27,31 45,42,46 40,38,46 59,66,78 81,94,113 79,91,113 95,113,137 111,136,160 94,108,129 32,43,70 42,35,35 35,51,76 38,36,46 51,40,47 48,34,34 45,38,41 44,33,42 28,25,31 28,24,33 37,34,40 41,32,43 41,37,48 37,33,42 34,32,40
71,47,12 19,14,13 28,28,36 20,23,32 24,29,37 19,27,36 24,32,41 25,33,40 25,33,40 26,34,41 26,34,41 29,34,42 25,30,38 25,24,27 30,28,29 27,24,28 28,25,29 33,30,34 25,22,26 38,35,39 26,25,30 24,23,28 34,31,37 24,22,30 26,24,32 27,25,33 27,24,30 23,24,29 25,23,31 26,29,38 51,54,63 34,39,47 14,19,29 81,91,109 50,64,76 30,34,38 29,29,39 34,33,38 31,30,33 38,35,41 42,39,45 46,43,49 30,28,36 66,77,90 78,93,111 84,96,118 96,112,137 99,122,147 109,134,158 37,52,70 49,44,46 26,43,65 35,39,52 54,41,34 48,34,34 58,46,46 51,41,42 42,35,38 40,34,41 40,32,38 49,39,43 48,44,53 38,34,43 34,32,40