18,17,20 18,17,20 20,19,22 26,24,25 20,17,21 23,20,24 23,20,24 26,23,29 25,22,28 26,22,31 27,23,32 28,24,33 30,26,35 28,24,35 23,19,28 20,18,26 23,21,29 28,24,33 30,26,35 30,26,35 30,26,35 30,26,35 26,23,29 25,22,28 25,24,29 27,23,32 28,24,33 28,24,33 28,25,31 19,16,20 23,17,22 20,18,28 21,17,26 20,17,21 26,23,29 30,26,37 30,26,37 24,21,27 26,22,31 27,23,32 28,24,33 27,23,32 27,23,32 28,25,31 24,21,25 23,20,24 24,21,25 25,21,30 27,23,32 27,24,30 28,25,31 27,23,32 26,22,31 25,21,30 25,23,31 26,23,27 26,23,27 27,24,28 27,24,28 27,24,28 27,24,28 27,24,28 27,24,28 35,29,34
22,21,24 23,22,25 20,20,20 21,19,20 23,20,24 23,20,26 24,21,27 23,20,24 24,21,25 23,20,24 27,23,32 28,24,33 30,26,35 30,26,35 31,27,36 25,23,31 22,20,28 26,22,31 30,26,35 30,26,35 30,26,35 30,26,35 30,26,37 25,22,28 24,21,27 25,21,30 30,26,35 30,26,35 31,27,36 26,23,27 27,24,28 29,27,37 31,27,36 19,16,20 25,22,28 30,26,37 28,24,35 23,20,26 27,23,32 30,26,35 28,24,33 27,23,32 27,23,32 26,23,29 24,21,25 25,22,26 25,22,26 27,23,32 27,23,32 27,24,30 30,26,35 27,23,32 27,23,32 26,22,31 25,23,31 26,23,27 27,24,28 27,24,28 27,24,28 27,24,28 26,23,27 27,24,28 27,24,28 32,31,34
23,22,25 23,22,25 24,23,26 27,20,30 25,22,28 24,21,27 24,21,25 20,19,22 23,22,25 24,20,29 24,21,27 23,20,26 26,23,29 26,23,29 31,27,36 34,27,37 28,24,33 24,23,28 25,21,32 29,27,37 30,28,38 30,28,38 30,28,38 32,28,39 27,24,30 25,22,28 26,22,31 28,24,33 32,29,35 30,26,35 26,23,27 26,25,30 37,33,44 24,21,27 18,15,21 25,23,31 27,24,28 28,25,31 31,27,38 30,28,38 29,27,35 20,16,25 23,20,24 27,24,28 24,23,26 30,27,33 28,24,33 28,24,33 27,23,32 25,22,26 29,22,22 29,22,25 27,24,30 26,22,31 24,23,28 26,23,27 27,24,28 28,25,29 27,24,28 27,24,28 27,24,28 27,24,28 27,24,28 31,29,30
23,22,25 25,22,26 25,21,32 22,22,30 27,20,30 24,22,30 25,23,31 27,24,30 27,24,30 26,24,32 26,23,27 24,21,25 26,23,27 26,23,27 24,21,25 27,24,30 27,21,28 33,27,34 27,23,34 25,23,31 29,27,37 31,29,39 32,30,40 32,30,40 33,31,41 28,24,33 27,24,28 27,23,32 32,28,37 34,30,43 23,20,24 23,20,26 20,17,23 22,16,21 20,17,21 19,18,23 25,22,26 30,26,35 33,31,41 33,31,41 27,26,31 21,17,26 27,24,28 27,23,32 31,27,36 30,26,37 30,26,35 30,26,35 28,25,31 28,24,33 27,25,26 29,23,28 25,24,29 26,22,33 25,23,31 28,25,29 28,25,29 28,25,29 27,24,28 27,24,28 27,24,28 26,23,27 28,25,29 26,24,25
25,22,26 26,23,27 24,23,28 24,22,30 24,23,28 24,22,30 24,22,30 26,22,31 27,23,32 28,24,33 30,26,35 31,28,34 33,29,38 27,24,28 25,22,26 28,25,31 28,24,33 26,22,31 27,23,32 31,28,34 20,16,25 27,23,32 30,28,38 33,31,43 32,30,38 35,31,40 31,27,36 21,18,24 25,24,29 23,22,25 26,23,27 32,27,29 36,28,34 37,29,35 44,32,37 36,26,30 33,30,34 31,28,34 26,22,31 27,24,30 30,27,31 30,26,35 31,27,36 29,27,37 30,28,38 31,27,38 30,26,35 30,26,35 30,26,35 28,24,33 28,24,35 27,23,32 26,22,31 26,22,31 26,22,31 27,24,28 27,24,28 23,20,24 20,17,21 26,23,27 25,23,24 21,19,20 21,19,20 25,23,21
25,22,26 25,22,26 25,22,26 26,22,31 24,22,30 24,22,30 25,23,31 25,23,31 27,23,32 30,26,35 31,27,36 32,28,37 33,29,38 37,33,42 35,31,40 31,27,36 27,23,32 27,23,32 25,21,30 28,24,33 28,24,33 21,17,26 23,23,31 26,24,32 33,31,43 34,32,42 34,30,39 25,22,28 10,12,12 23,21,19 28,22,27 25,22,26 17,14,18 14,12,13 16,14,15 35,28,31 28,26,27 41,33,39 24,21,27 32,28,37 31,27,36 32,30,42 32,30,38 30,28,38 29,27,37 31,27,38 31,27,36 31,27,36 30,26,35 30,26,35 27,24,30 23,19,28 20,17,23 23,20,26 24,21,25 23,20,24 21,18,22 25,22,26 26,23,27 25,23,24 25,23,24 25,23,24 23,21,22 24,22,23
25,22,26 25,22,26 26,22,31 25,21,30 24,22,30 25,23,31 25,23,31 24,24,34 30,26,35 31,27,36 31,27,36 31,27,36 33,29,38 35,31,40 35,31,40 31,27,36 28,24,33 28,24,35 28,24,35 30,26,35 30,26,35 26,22,31 27,23,32 24,22,30 25,23,31 30,26,35 31,27,36 24,21,27 15,15,15 20,20,20 19,16,20 14,12,13 16,14,15 21,15,20 23,18,20 23,20,24 25,20,22 37,32,34 37,34,40 31,31,41 34,32,42 32,30,40 32,30,40 29,27,37 25,23,31 21,17,26 30,27,31 28,25,31 24,21,27 23,20,26 26,23,27 26,23,27 25,22,26 26,23,27 23,20,24 24,21,25 26,23,27 25,22,26 26,23,27 26,24,25 27,24,28 25,22,26 27,25,26 26,23,27
25,22,26 25,22,26 22,22,30 23,21,29 25,23,31 25,23,31 26,24,32 27,25,35 29,27,35 31,27,36 31,27,38 33,29,40 35,31,40 34,32,42 34,30,41 30,26,35 29,27,39 27,25,35 29,27,37 31,29,39 32,30,40 32,30,40 27,25,35 30,28,36 25,24,29 24,22,30 28,24,33 23,20,24 14,11,15 21,18,22 27,21,26 27,21,26 30,23,33 33,26,40 34,26,34 34,27,37 47,40,50 27,23,32 47,43,54 26,19,29 34,31,37 38,34,43 31,27,36 25,21,30 30,26,35 30,26,35 28,25,31 30,27,31 27,24,28 25,21,30 27,23,32 27,23,32 25,21,30 27,23,32 27,24,30 27,24,28 33,26,29 36,24,24 29,23,28 27,23,32 30,25,24 31,24,27 26,24,20 25,22,26
25,22,26 25,22,26 25,21,30 25,23,31 26,24,32 26,24,32 27,25,33 29,27,37 29,27,37 30,26,35 33,31,41 33,31,43 34,32,42 34,30,39 34,30,41 31,29,41 31,28,45 31,28,43 31,29,41 32,30,40 33,31,41 33,31,41 33,31,41 33,31,43 33,31,43 31,29,41 25,21,30 13,10,14 20,18,19 21,14,17 26,19,22 31,24,27 34,29,28 31,24,27 31,24,24 49,37,49 34,27,30 43,36,46 33,28,30 34,31,37 37,30,40 35,31,40 34,30,39 35,31,40 34,30,39 33,29,38 34,30,41 35,31,40 31,28,34 31,28,34 30,26,37 28,24,35 27,25,33 26,23,29 28,24,33 28,25,29 40,24,22 38,25,22 36,23,20 28,22,27 31,24,24 28,23,25 26,23,27 25,24,27
25,22,26 25,22,26 25,23,31 26,25,30 27,25,33 27,25,33 29,27,35 29,27,35 30,26,35 30,26,37 30,28,40 32,30,40 34,30,41 35,31,42 35,31,42 32,29,44 31,28,43 30,27,42 32,30,40 33,31,41 33,31,39 30,30,38 33,31,41 32,30,40 31,27,38 29,27,37 25,23,31 18,17,22 27,22,24 27,20,23 34,29,31 34,27,30 42,32,33 40,30,31 45,33,35 40,30,34 52,42,46 50,40,41 33,26,29 29,22,20 41,37,48 38,34,45 37,35,45 36,34,44 33,29,40 39,35,46 35,31,42 35,31,42 34,30,41 33,29,40 31,27,38 29,27,35 29,27,35 30,27,33 28,24,33 28,25,31 33,22,19 33,22,19 32,22,21 29,24,23 28,23,22 25,24,27 27,24,28 25,24,27
26,23,27 27,24,28 26,24,32 27,26,29 30,27,31 28,24,33 30,26,35 29,27,35 30,26,35 32,25,35 31,29,39 32,28,39 34,30,41 34,30,41 34,30,41 31,27,38 31,29,41 29,26,41 33,30,45 27,25,37 26,22,33 27,23,34 32,28,39 28,24,33 24,20,29 26,23,27 30,27,33 24,21,25 23,18,20 28,20,26 33,27,32 35,28,31 34,27,30 45,35,36 51,41,45 45,35,39 45,35,39 51,41,42 43,33,37 31,25,20 34,30,41 42,38,49 39,37,49 39,37,49 37,35,45 37,35,45 37,35,45 36,34,44 33,31,41 33,31,41 33,31,41 30,28,36 31,27,36 36,28,34 30,26,35 30,27,31 39,25,25 33,23,22 35,25,26 30,23,23 28,23,25 26,23,29 26,23,27 25,24,27
25,22,26 26,23,27 28,25,29 29,28,31 36,29,39 30,26,35 30,26,35 30,26,35 30,26,35 30,28,38 33,29,42 33,29,42 31,29,41 30,28,36 24,20,29 26,20,27 27,24,30 26,23,27 23,20,24 26,23,29 27,24,28 30,27,33 27,23,32 27,24,30 30,26,35 32,28,37 34,30,39 34,30,39 38,31,34 35,27,33 30,22,28 33,22,29 39,28,35 36,25,32 36,29,32 44,34,38 44,34,35 50,40,44 42,35,35 43,34,30 37,30,42 40,33,43 38,34,43 38,34,45 38,34,45 36,34,44 36,34,44 34,32,42 34,32,42 34,32,42 34,32,42 33,31,39 33,29,38 44,26,25 43,26,27 40,28,30 43,29,31 36,22,22 30,20,19 31,21,20 35,26,20 33,23,22 35,26,22 33,26,26
27,24,28 27,24,28 32,28,37 30,28,36 30,26,35 30,26,35 30,27,33 29,23,30 26,20,25 25,19,24 28,25,29 27,24,28 25,22,28 23,20,24 25,22,28 27,24,28 28,24,33 26,22,31 27,23,32 27,23,32 27,23,32 28,25,31 28,28,38 32,30,40 33,31,39 34,32,40 38,35,50 23,23,31 32,22,21 26,24,25 40,37,41 21,13,19 20,15,17 22,15,18 23,16,19 23,18,20 47,42,44 49,39,43 33,23,22 42,37,36 40,36,47 40,34,41 41,35,42 40,34,41 37,31,38 38,34,43 33,29,38 32,30,40 34,32,44 34,31,46 34,32,42 34,32,40 35,31,40 34,30,39 32,28,37 31,24,24 35,25,26 30,25,27 30,23,26 30,21,17 31,22,18 33,22,19 34,22,22 33,21,21
32,26,31 32,26,31 32,29,33 27,21,26 24,21,25 23,22,25 24,21,25 26,23,27 27,24,28 26,23,27 30,27,31 26,23,29 27,23,32 27,23,32 28,24,35 29,27,37 27,25,35 27,25,35 27,25,35 27,25,35 29,27,37 29,27,37 32,30,40 32,30,40 34,30,43 31,29,41 33,27,34 34,26,32 40,34,27 37,35,36 40,38,39 41,39,40 48,43,45 49,41,47 51,43,49 56,46,50 54,44,48 62,50,55 45,39,32 42,37,55 45,44,61 47,42,60 48,45,62 43,41,53 42,38,47 33,29,38 42,38,47 39,33,40 31,28,32 40,34,41 28,24,33 36,34,44 37,34,40 36,30,35 34,30,39 35,31,40 34,31,37 30,27,33 28,24,33 30,23,26 30,21,17 30,20,19 30,21,17 30,20,19
20,17,21 19,16,20 22,16,21 24,21,25 25,22,26 26,23,27 24,21,25 26,23,27 32,29,35 29,27,35 33,29,42 33,29,40 30,27,42 29,27,39 29,27,37 29,27,37 27,25,33 25,24,39 29,27,37 29,27,37 29,27,37 29,27,37 31,29,39 33,31,41 20,18,28 26,22,31 30,27,33 45,36,32 41,36,52 31,29,39 35,32,36 40,38,39 44,39,41 48,41,44 52,41,48 54,44,48 50,42,48 28,21,33 50,46,38 48,41,55 40,38,48 46,44,64 48,46,66 45,43,55 44,41,56 38,34,45 41,36,54 37,36,41 30,23,33 39,32,42 38,35,41 34,28,35 34,31,37 30,24,31 35,31,40 39,32,42 36,29,39 30,26,35 28,24,33 28,24,33 28,25,29 30,28,29 31,21,25 29,20,16
19,18,21 20,19,22 20,19,22 25,22,26 28,25,29 30,27,33 31,27,36 31,27,36 31,27,36 33,29,40 31,29,39 30,27,42 31,28,43 32,29,44 31,29,41 31,29,41 28,24,35 30,25,41 29,27,37 27,25,35 30,26,37 32,28,39 30,26,37 27,23,32 25,22,28 33,25,33 38,29,25 39,35,44 37,37,49 31,30,35 42,35,45 40,33,45 32,26,31 42,36,41 47,39,47 27,21,28 44,37,47 37,31,26 43,36,48 25,22,28 46,42,53 42,38,49 48,45,62 52,46,67 47,41,62 46,43,60 48,46,66 47,43,63 43,42,59 41,36,54 36,35,40 32,32,32 35,32,36 34,31,37 33,30,36 33,27,34 30,24,29 28,24,33 30,26,35 28,24,33 32,29,33 35,30,32 35,28,31 31,29,30
28,25,29 30,27,31 28,25,29 31,29,30 30,27,33 30,26,35 33,31,32 35,28,28 31,27,36 30,28,38 29,26,41 30,28,40 30,27,42 30,27,42 30,27,42 29,26,41 29,27,37 23,21,31 28,24,33 30,26,37 27,25,33 26,22,31 26,22,31 26,23,27 29,24,21 30,24,17 40,34,25 39,37,49 34,30,39 38,34,43 40,37,43 41,38,53 30,26,37 46,39,49 50,48,58 44,36,44 29,21,27 40,31,23 51,45,68 41,37,57 27,24,30 46,42,53 40,36,45 43,40,55 47,41,62 46,43,60 48,46,66 46,42,62 47,43,63 44,39,57 38,35,50 39,35,46 30,28,36 36,34,42 28,24,33 34,28,35 34,31,35 30,27,31 27,24,28 27,24,28 30,28,29 33,28,30 31,29,30 30,28,29
27,24,28 30,27,31 31,28,32 30,24,29 29,28,31 28,25,29 33,23,24 35,25,24 35,25,26 28,24,35 30,28,38 29,26,41 30,27,42 30,27,42 30,27,42 30,27,42 27,25,35 27,25,35 28,24,35 30,26,37 27,24,30 25,22,28 27,24,30 30,27,31 34,23,16 36,30,23 38,35,50 34,32,44 25,18,30 40,36,47 47,42,60 47,44,61 23,19,30 48,41,53 46,43,58 32,30,40 45,33,33 44,39,36 51,48,65 52,49,66 45,40,56 31,27,38 48,44,55 39,37,45 48,45,60 48,44,64 47,43,63 45,43,63 50,47,64 45,42,59 43,40,55 40,37,52 43,41,53 42,38,47 42,39,45 37,35,45 31,29,37 36,29,39 27,25,33 28,25,29 30,27,31 26,24,25 26,23,27 24,21,25
27,24,28 28,26,24 33,31,32 33,25,31 33,28,30 29,19,20 30,20,21 29,22,22 33,23,24 37,26,33 42,32,36 29,27,37 29,27,37 30,27,42 30,27,44 27,25,35 27,25,37 27,25,37 24,21,27 28,25,31 28,24,33 27,23,32 31,27,36 40,31,25 38,29,23 33,31,43 34,31,48 40,34,41 37,33,44 39,36,51 46,42,64 44,41,58 26,24,32 43,43,51 50,47,62 34,34,44 35,28,26 44,38,43 48,43,59 48,46,68 43,44,67 44,42,62 36,34,44 46,42,51 41,37,46 41,36,54 41,37,57 46,44,64 50,46,66 48,45,60 44,39,55 40,35,51 43,40,55 44,41,56 42,38,51 39,37,47 37,35,45 33,31,41 34,32,42 35,32,38 27,24,30 25,22,26 30,24,29 28,26,27
30,28,26 27,24,28 31,29,30 30,28,29 35,28,31 38,28,29 28,18,19 29,22,22 39,29,30 40,30,31 30,28,29 30,26,37 30,28,38 29,27,39 29,27,39 29,27,37 27,25,37 22,21,26 21,18,24 27,23,32 28,24,33 31,27,36 35,31,25 47,36,29 32,28,37 32,30,40 28,24,37 28,20,28 38,34,45 40,37,52 46,43,58 45,42,59 31,27,36 41,41,51 44,42,62 46,46,56 37,30,28 41,35,40 44,41,56 46,44,66 46,44,64 44,42,62 47,44,59 39,35,44 44,40,49 43,41,51 44,40,60 48,46,66 50,46,66 47,44,59 48,45,60 46,44,56 38,35,50 44,41,56 45,41,54 36,36,46 32,30,40 33,31,41 34,34,46 46,44,52 44,41,47 38,35,39 33,26,26 29,23,30
26,23,27 26,23,27 28,25,29 30,27,31 33,23,24 33,23,24 41,24,27 39,29,30 32,22,23 32,20,25 31,27,38 42,28,30 29,27,37 30,28,38 31,27,38 28,24,33 27,24,28 27,24,30 26,23,27 27,26,31 34,25,36 43,32,25 43,34,30 41,29,31 31,27,38 32,28,39 34,28,33 33,30,34 38,36,46 43,41,53 44,41,56 43,41,53 33,31,39 43,41,51 45,44,59 41,39,51 35,28,28 30,28,29 46,42,51 48,46,70 48,46,70 48,46,66 45,43,63 48,44,66 44,40,49 43,41,49 41,39,49 47,44,61 51,46,64 48,42,63 42,37,55 44,43,58 45,41,54 47,44,59 48,45,60 41,38,53 41,36,52 39,36,51 40,38,48 48,46,54 48,45,51 42,39,43 38,35,39 31,28,34
25,22,26 25,22,26 27,24,28 32,26,31 31,24,24 31,21,22 35,25,26 33,23,24 32,22,23 35,28,28 45,31,36 41,27,32 29,27,37 29,27,35 24,20,29 26,23,27 29,23,30 26,23,27 31,27,36 29,27,37 43,34,30 55,42,35 46,35,28 29,28,33 30,26,35 27,23,32 29,24,26 33,29,38 39,37,47 41,39,49 44,42,54 40,38,48 37,30,40 46,42,53 46,43,58 44,42,52 36,29,27 47,41,48 47,43,52 46,44,64 46,44,66 48,46,66 48,47,64 46,44,64 48,44,64 43,41,49 41,39,49 40,39,44 47,44,61 45,42,59 46,43,58 46,44,56 45,43,53 50,47,62 47,44,59 43,40,55 43,40,57 40,37,52 49,42,52 52,50,58 49,46,50 42,39,43 38,35,39 32,28,37
24,21,25 25,22,26 26,23,27 32,22,23 31,21,22 32,22,23 30,20,21 33,23,24 28,24,33 30,24,29 33,23,22 31,27,36 30,24,31 28,25,29 28,25,31 26,24,25 27,23,32 30,26,37 33,29,40 50,37,32 50,39,36 48,37,32 28,25,31 28,24,33 30,28,36 27,24,28 28,25,31 33,29,38 38,36,46 40,38,48 42,37,53 38,34,43 42,35,45 44,40,49 46,43,60 43,40,57 41,34,34 42,35,38 37,34,38 45,43,55 47,48,69 51,49,69 58,51,63 53,49,62 53,48,66 51,47,69 41,37,46 44,40,53 44,42,52 42,41,56 46,43,60 51,46,64 52,49,64 50,47,62 47,44,59 43,40,57 41,35,56 45,41,54 51,41,42 54,47,45 50,49,54 47,40,43 38,35,39 35,31,40
24,21,25 25,22,26 32,20,20 27,20,18 30,20,21 30,20,21 30,20,21 30,20,21 27,25,35 27,25,33 27,25,33 27,23,32 30,24,29 27,24,30 26,23,29 29,27,35 29,27,35 29,27,37 44,34,33 46,33,30 47,35,25 36,29,29 28,25,31 30,26,35 24,22,20 26,23,29 31,27,36 32,30,38 34,32,42 38,36,44 40,35,51 33,30,36 37,33,42 40,36,45 45,42,59 45,42,59 47,40,43 44,34,35 38,31,34 48,44,53 48,46,66 56,51,69 51,40,47 65,53,58 51,48,65 49,47,67 50,46,66 41,39,47 39,37,47 39,39,51 51,49,59 50,47,62 51,48,63 46,43,58 46,43,58 44,41,58 43,40,57 43,41,53 49,39,43 56,49,52 55,48,51 52,42,46 49,42,45 37,33,44
23,20,24 26,20,25 30,20,19 30,20,19 31,21,22 27,20,20 29,24,26 29,27,35 27,25,33 26,25,30 24,23,28 24,21,25 26,23,27 27,24,30 29,27,37 29,28,33 30,26,35 44,37,37 50,39,34 53,40,33 34,29,28 30,27,33 30,26,35 29,28,31 25,22,26 25,22,28 31,28,34 34,30,39 37,35,45 38,36,46 46,44,54 31,29,37 39,35,44 35,31,40 42,40,60 46,43,60 46,40,47 42,33,29 41,34,32 41,33,41 45,42,57 52,46,67 68,57,64 64,51,59 58,46,51 50,48,68 50,48,68 54,51,68 41,39,47 34,32,40 41,39,47 43,41,49 44,43,60 42,44,58 46,43,60 43,40,57 39,38,53 46,41,59 49,42,54 54,44,48 64,54,58 53,41,46 47,42,41 40,39,44
26,19,22 27,20,20 30,20,21 28,22,17 27,20,20 26,23,27 26,25,30 29,28,33 24,23,26 23,20,26 23,22,27 24,23,28 26,24,32 32,25,35 29,27,35 28,24,33 46,36,37 48,37,32 55,43,33 39,29,30 29,27,35 30,27,33 31,27,36 24,22,23 28,25,29 28,25,29 33,30,36 34,32,40 38,34,43 40,36,45 45,41,52 31,27,38 39,35,44 40,36,45 40,37,54 45,42,59 45,43,55 38,30,38 45,35,36 41,34,32 48,44,53 51,47,67 53,47,70 54,50,63 60,50,51 54,50,63 53,50,67 56,56,68 65,63,71 39,37,45 37,33,42 44,40,49 38,39,44 36,36,48 40,37,54 42,37,55 44,38,45 49,40,36 49,44,46 55,50,52 52,42,43 60,48,53 51,41,42 40,37,43
25,20,22 22,22,22 24,21,27 27,21,26 25,22,26 25,24,27 26,25,30 22,21,26 22,21,26 25,23,31 23,22,27 26,24,32 27,25,33 30,26,37 29,27,37 46,33,30 55,42,37 53,40,35 35,29,24 29,27,37 27,25,35 28,24,33 27,23,32 24,21,27 27,24,28 30,27,33 33,26,36 34,30,39 37,33,42 38,34,43 41,39,49 28,25,31 39,35,44 39,35,44 41,38,53 43,40,55 48,45,60 39,37,45 40,32,40 43,33,32 50,43,46 49,45,58 51,47,67 52,49,66 54,50,63 56,47,60 62,58,69 69,66,72 63,59,68 63,59,70 39,35,46 30,27,31 44,40,49 40,36,47 39,37,49 45,41,52 45,41,54 44,41,56 39,41,57 49,39,43 40,38,48 45,35,36 43,33,34 42,35,35
20,19,22 18,19,22 21,26,25 24,23,26 24,23,28 26,23,29 23,20,26 23,20,24 23,20,24 24,23,28 26,24,32 30,28,36 30,26,35 29,27,35 45,35,34 51,35,31 60,48,36 40,27,22 32,25,35 29,27,37 27,25,35 27,25,33 27,24,28 28,22,29 30,27,33 31,27,36 32,29,35 34,31,35 33,30,34 37,34,38 39,36,42 30,27,33 34,30,39 38,34,43 39,36,51 41,38,53 46,43,58 50,48,58 43,35,43 43,32,39 47,35,37 44,37,37 50,47,64 58,55,70 62,60,70 65,59,64 70,66,75 63,60,66 62,58,67 58,54,63 48,45,51 39,37,49 26,23,29 46,43,49 38,37,42 43,40,57 41,38,55 43,41,53 47,45,55 46,40,47 43,41,49 38,37,52 42,38,47 47,37,41
18,25,23 18,19,22 18,19,24 20,19,22 18,17,22 24,21,25 23,20,24 23,20,24 26,23,27 27,26,31 26,24,32 30,26,35 32,26,33 36,30,37 49,35,37 61,45,39 43,32,29 29,24,23 28,24,33 28,24,33 28,24,35 22,21,26 26,24,25 24,21,25 29,23,28 30,27,33 30,26,35 30,27,31 31,28,34 35,31,40 35,31,40 31,28,32 34,28,33 38,34,43 39,35,48 40,37,52 43,41,51 48,44,55 42,35,47 46,40,45 52,40,45 54,40,42 47,39,47 61,59,69 73,69,80 74,70,79 68,64,73 60,57,63 54,52,62 51,49,59 45,43,51 43,43,55 37,35,47 30,22,28 47,43,52 34,32,44 41,38,53 44,44,56 42,41,56 41,39,51 46,45,50 41,39,51 39,37,49 41,37,46
19,18,21 20,19,22 18,20,20 19,16,20 19,16,20 23,20,24 28,29,34 24,22,30 26,25,28 26,25,28 26,25,30 30,24,29 32,27,29 57,40,41 48,36,36 60,42,37 33,26,26 30,24,31 30,26,35 28,24,33 29,27,35 26,23,29 27,21,26 26,23,29 27,23,32 28,24,33 30,26,35 30,26,35 30,26,35 31,27,36 33,26,36 28,25,29 28,25,31 34,30,39 39,35,44 39,35,44 41,37,46 47,43,52 38,34,43 49,44,60 47,36,43 48,36,36 47,36,31 51,43,51 62,58,69 65,63,71 61,57,66 59,57,65 48,48,58 44,44,54 46,44,56 41,38,53 44,41,56 40,36,49 21,18,24 44,43,48 38,36,44 41,38,53 39,38,53 39,36,51 39,38,53 38,38,48 47,45,55 42,38,49
19,18,21 18,17,20 21,18,22 20,17,21 20,19,22 21,18,22 25,22,28 24,22,30 25,24,29 28,22,27 27,24,28 33,25,33 59,43,39 52,35,36 58,42,38 42,28,28 30,26,35 30,26,35 28,24,33 27,23,32 20,17,23 26,20,25 26,23,27 28,24,33 26,24,32 27,25,33 30,26,35 28,24,33 30,26,35 30,26,35 30,23,33 26,23,27 25,22,26 34,30,39 37,33,42 37,33,42 43,37,44 46,42,55 43,41,51 48,46,58 48,46,56 36,25,32 49,35,37 53,39,41 47,37,41 47,46,49 55,53,63 51,49,59 43,43,55 45,45,57 46,43,60 44,41,58 46,43,60 45,41,61 39,36,51 26,26,26 46,42,51 38,36,44 41,38,53 39,36,51 41,39,49 46,45,50 45,43,51 45,41,50
15,16,19 19,13,18 21,18,22 21,18,22 22,21,24 24,21,25 23,22,27 23,21,29 24,23,28 25,24,27 31,24,27 54,41,36 59,46,39 57,44,37 44,33,28 27,24,28 28,24,33 28,24,33 28,24,33 26,22,31 24,22,23 26,23,27 28,24,33 27,23,32 24,24,32 27,25,35 28,24,33 28,24,33 28,24,33 27,23,32 28,24,33 24,21,25 25,22,28 30,26,35 33,29,38 35,31,40 42,35,45 43,41,51 47,45,57 44,42,52 51,49,61 39,35,46 43,35,41 44,34,35 55,42,39 53,39,41 46,36,40 46,44,54 47,44,61 44,43,60 45,43,63 42,41,58 41,38,55 43,40,57 45,42,59 41,38,53 25,22,26 43,41,49 38,36,44 44,42,50 46,45,50 46,45,50 48,47,50 46,45,48
20,12,18 21,13,19 17,16,19 20,19,22 22,21,24 23,20,24 22,21,26 23,22,27 20,24,28 30,25,27 52,36,34 62,50,40 56,40,34 48,35,30 31,24,24 28,24,33 28,25,31 28,26,27 28,25,31 24,21,27 27,21,26 26,23,27 27,23,32 28,24,33 28,24,33 27,23,32 28,24,33 28,24,33 26,24,32 27,23,32 32,25,35 25,19,24 26,23,29 28,24,33 30,26,35 32,28,37 34,30,39 38,34,43 41,39,51 36,34,44 46,44,54 39,35,46 37,33,42 40,37,41 57,43,45 49,35,35 52,41,38 48,44,55 46,44,56 42,41,58 41,40,57 41,40,57 41,38,55 43,40,57 41,38,53 47,44,59 39,37,47 25,24,27 40,38,46 39,37,45 46,45,50 46,45,48 48,45,49 46,45,48
19,13,18 17,14,18 20,17,21 19,18,21 20,19,22 21,18,22 22,21,26 24,22,23 36,29,27 47,35,35 60,48,38 45,32,27 48,36,36 35,25,26 27,23,32 28,24,33 27,23,32 28,24,33 25,21,30 23,20,24 24,21,25 27,23,32 28,24,33 27,24,30 27,23,32 28,25,29 28,24,33 28,24,33 28,24,33 26,24,32 30,27,33 23,20,24 25,22,28 27,23,32 30,26,35 30,26,35 33,29,38 37,33,42 38,36,46 26,24,32 39,37,45 43,41,53 26,23,29 39,37,45 40,34,41 52,35,41 48,35,32 54,41,38 50,36,38 45,32,40 41,37,57 41,38,55 43,40,57 41,38,55 43,40,55 40,37,52 45,44,59 47,45,57 26,24,32 39,35,44 39,38,43 50,49,52 48,47,50 45,44,47
14,14,22 19,15,24 20,14,19 19,18,21 19,18,21 20,19,22 21,18,22 46,35,32 45,33,33 60,43,35 60,47,40 40,28,28 33,26,29 27,21,28 26,23,27 27,23,34 28,24,35 28,24,35 29,23,28 23,22,25 26,22,31 27,23,32 28,24,33 27,23,32 27,23,32 28,24,33 28,24,33 28,24,33 28,24,33 26,24,32 27,24,28 23,20,24 26,23,27 28,24,33 30,26,35 28,24,33 29,27,35 33,31,39 33,31,39 35,31,40 37,35,43 38,36,46 34,32,42 36,34,42 37,35,43 43,35,41 43,29,34 63,50,43 53,40,37 55,42,39 54,41,51 39,38,55 39,38,55 41,40,57 44,41,56 45,42,57 47,45,57 50,48,58 55,52,56 30,27,33 39,38,41 34,33,38 48,45,51 41,40,45
17,13,22 17,14,20 23,20,26 19,19,19 19,18,21 20,19,22 47,38,34 61,45,39 56,39,31 82,62,53 34,23,18 35,28,28 26,23,27 26,23,27 26,23,27 27,24,28 26,25,30 23,22,27 23,18,20 24,21,25 26,25,30 26,24,32 27,23,32 28,24,33 28,24,33 30,27,33 30,26,35 30,23,33 28,24,33 28,24,35 27,24,28 25,22,26 26,23,27 30,27,31 30,27,33 30,28,29 26,24,34 26,24,32 29,27,37 33,31,41 29,27,35 34,32,44 32,30,40 23,22,27 33,31,41 38,34,43 39,33,40 44,34,35 60,49,44 54,43,38 51,34,40 46,36,35 38,34,47 39,39,51 43,40,55 45,42,57 48,46,54 56,52,61 60,56,65 60,57,61 33,30,34 38,36,46 36,34,42 33,32,35