18,14,23 20,16,25 21,17,26 17,15,16 28,23,20 46,36,40 71,39,23 49,36,31 35,24,33 40,32,38 31,27,36 26,22,31 24,21,27 21,15,20 18,13,10 21,18,24 13,10,14 14,11,15 12,12,12 13,13,13 14,12,13 16,14,15 44,22,25 26,17,11 19,12,10 16,11,8 22,17,16 22,15,13 103,56,75 102,53,73 41,28,36 16,13,19 22,16,23 49,39,57 35,27,35 42,36,57 24,20,42 19,17,29 15,13,23 12,12,12 10,12,12 12,12,9 22,18,8 21,15,8 26,20,15 19,15,9 17,14,18 14,12,10 26,21,9 22,18,8 23,17,10 19,18,11 25,20,17 18,16,12 12,12,12 13,13,13 12,12,12 13,13,13 13,13,13 12,12,12 12,12,12 9,13,15 13,13,13 18,17,22
17,13,22 23,19,28 17,13,22 17,15,16 56,40,25 46,34,50 80,45,30 63,51,39 43,32,41 48,40,46 33,29,38 33,29,38 27,24,30 27,21,26 28,26,22 26,23,29 20,17,21 14,11,15 12,12,12 12,12,12 14,12,13 14,12,13 14,12,8 18,13,10 29,23,14 28,19,11 19,12,12 19,12,10 68,36,52 90,46,64 93,49,67 26,20,25 38,30,36 35,29,24 45,38,38 62,55,83 33,29,49 24,22,34 22,20,30 19,19,16 19,12,12 26,19,17 16,12,4 19,18,9 20,14,9 22,13,9 25,22,26 14,12,10 13,12,17 15,20,14 19,18,9 19,13,8 19,14,13 13,11,12 13,13,13 13,13,13 15,15,15 13,13,13 13,13,13 13,13,13 17,17,17 14,18,20 18,17,22 30,28,38
12,10,11 16,14,15 14,11,15 19,13,18 57,41,28 61,45,41 101,54,20 74,48,36 51,34,37 55,41,41 50,39,46 42,35,47 37,33,46 35,29,34 25,17,0 32,28,37 26,22,33 26,19,31 15,14,17 13,13,10 17,10,10 16,11,10 15,10,9 12,12,12 16,10,15 17,10,8 26,18,7 28,19,11 38,21,24 99,52,71 86,44,61 44,33,40 30,20,21 29,23,14 39,25,27 61,52,63 102,97,136 45,40,67 25,22,37 19,16,20 18,13,15 18,13,12 22,15,15 29,20,14 26,21,9 23,17,12 24,18,13 12,12,12 13,13,13 13,13,13 12,12,7 13,11,9 13,13,13 13,13,13 13,13,13 13,13,13 12,12,12 13,13,13 16,14,15 21,26,34 31,27,36 31,29,39 26,24,34 33,31,41
13,13,13 12,12,12 12,12,12 26,20,13 59,41,22 61,51,50 103,45,10 64,39,22 62,40,43 72,48,42 74,48,38 59,40,44 52,36,49 43,29,31 36,28,36 27,20,23 34,30,43 30,26,37 24,20,29 21,19,20 19,12,12 19,12,12 19,12,12 16,11,13 15,10,12 14,12,13 19,12,12 17,10,10 19,12,12 65,35,48 99,56,71 63,39,45 30,22,28 57,36,36 38,29,40 36,27,40 49,40,51 40,34,68 31,22,35 28,21,21 29,20,12 21,15,10 26,20,13 21,11,12 19,13,8 20,19,12 17,10,10 13,13,13 13,13,13 13,13,13 13,13,13 13,13,13 12,12,12 12,12,12 12,12,12 12,12,12 13,11,12 16,11,13 17,14,18 25,19,26 37,40,51 38,36,48 37,34,49 38,35,50
14,12,13 14,12,13 19,12,12 61,40,17 51,34,40 127,78,38 66,45,43 95,55,48 97,61,55 35,32,38 64,48,42 76,52,46 63,41,33 63,40,25 56,43,62 45,41,54 39,34,50 37,32,48 31,27,38 27,24,30 24,21,25 26,20,25 21,18,22 21,14,14 16,11,10 19,12,12 19,12,12 19,12,12 16,11,13 20,17,21 35,29,36 65,39,48 51,37,50 50,39,48 57,35,40 24,16,24 32,25,37 48,44,36 25,19,24 21,14,17 19,12,12 20,14,9 23,17,10 23,17,12 29,22,25 33,30,36 16,15,20 20,16,10 12,12,12 13,13,13 12,12,12 12,12,12 13,13,13 15,15,15 14,12,13 16,11,13 12,12,12 19,14,13 23,18,20 26,23,29 43,41,51 48,45,62 26,24,36 48,45,60
53,44,40 26,17,13 26,17,11 30,22,9 52,39,34 65,44,33 65,40,23 84,42,31 76,51,52 37,29,35 41,34,34 27,20,23 23,12,19 94,51,16 69,47,29 44,39,55 32,29,44 40,37,52 35,30,46 34,27,37 27,24,30 34,28,35 26,22,31 28,25,31 23,21,22 21,19,17 20,13,13 19,12,12 16,13,19 23,21,29 41,36,54 94,84,142 43,28,36 76,37,51 79,39,58 24,17,17 40,33,33 33,23,24 18,15,19 25,23,21 20,13,11 21,15,8 26,16,15 29,29,24 35,29,36 27,23,17 17,15,13 16,14,12 12,12,12 13,13,13 13,13,13 12,12,12 16,14,15 19,12,12 19,12,12 20,13,13 18,16,17 17,15,13 21,19,17 25,20,19 32,28,37 59,53,74 48,45,62 45,40,56
63,50,45 57,44,39 22,13,9 47,33,35 39,28,25 41,31,21 52,38,51 116,66,53 44,36,44 26,20,25 20,18,19 21,19,20 20,14,21 23,13,12 45,29,27 45,36,49 47,42,60 42,37,55 39,33,54 34,30,41 38,34,43 37,30,42 40,33,43 39,32,44 55,36,40 37,34,40 31,24,27 27,20,23 18,16,17 25,18,32 80,50,65 123,59,71 62,24,30 57,29,31 50,31,35 122,92,107 46,34,39 52,40,42 25,19,26 31,24,27 52,45,43 44,37,37 31,24,27 28,30,25 40,32,40 13,13,13 13,13,13 13,13,13 12,12,12 13,13,13 15,15,15 16,11,10 19,17,18 18,16,14 21,16,15 19,19,16 28,25,29 29,24,26 23,21,22 26,24,25 27,24,28 37,34,49 46,42,62 40,36,47
62,45,35 65,48,38 66,50,48 45,36,32 31,22,14 32,22,10 61,44,9 57,44,52 32,22,23 24,17,17 24,17,20 23,18,20 17,14,18 16,12,21 17,14,20 35,24,31 54,48,69 49,43,64 46,41,57 48,39,54 51,42,55 47,38,51 48,39,54 51,38,48 50,38,54 47,38,51 110,81,48 98,56,34 135,95,99 143,67,74 132,67,84 108,54,65 73,62,59 51,37,19 71,45,54 118,60,77 120,81,120 89,56,75 90,51,65 82,41,52 32,19,16 30,23,21 38,31,34 35,30,32 43,35,43 12,12,12 12,12,12 12,12,12 13,13,13 13,13,13 23,18,15 20,13,13 20,13,13 18,16,14 20,18,16 24,22,23 25,22,26 21,18,22 34,30,43 25,23,24 25,23,24 34,33,38 47,44,61 49,43,64
67,51,38 65,44,29 55,40,31 57,43,45 30,20,21 34,22,24 52,39,47 32,23,17 24,18,11 26,20,15 28,22,17 24,22,18 17,15,16 14,11,15 14,18,22 33,25,31 54,48,69 49,43,66 51,41,61 54,44,64 56,43,62 67,46,46 96,55,28 78,46,14 64,45,52 62,43,59 56,40,55 52,33,40 104,53,56 105,45,45 105,51,44 88,45,39 59,31,20 65,36,14 48,25,26 70,36,48 81,40,54 63,30,30 32,20,20 32,22,21 29,23,18 28,22,17 40,30,34 38,31,34 47,37,41 22,20,30 12,11,14 12,12,12 14,12,13 18,13,15 19,12,12 20,13,13 22,18,12 20,18,16 25,23,21 23,21,22 23,20,26 38,34,45 27,23,15 27,21,12 31,28,34 27,24,30 54,50,63 42,38,49
64,45,47 56,42,47 64,48,35 65,48,40 58,41,42 58,45,53 42,31,38 27,23,17 27,21,14 25,24,17 25,21,15 24,17,17 21,16,18 14,12,13 14,15,20 26,16,15 43,41,53 47,43,65 54,44,62 55,45,65 89,66,53 57,36,32 23,14,25 25,23,21 71,40,17 77,48,42 115,78,75 141,92,56 105,47,33 106,47,42 100,46,37 91,41,28 67,34,25 65,34,40 86,51,68 104,57,64 115,85,27 64,40,34 49,33,27 39,29,30 35,29,24 36,25,22 36,24,29 39,29,33 48,37,34 40,30,20 20,17,21 12,12,12 16,11,10 19,12,12 21,14,14 24,18,11 20,19,12 23,22,15 25,23,19 59,37,45 25,22,28 39,35,46 26,22,16 23,19,13 26,21,18 27,23,15 49,46,52 38,34,47
66,46,26 66,45,45 64,46,41 81,60,49 70,52,49 64,50,52 45,37,43 29,25,19 26,22,16 21,20,13 23,19,13 23,18,17 25,14,21 14,11,15 15,13,25 46,34,24 44,41,56 51,47,71 57,47,67 70,50,71 29,19,18 21,16,18 19,17,18 20,18,16 42,27,18 48,24,30 77,51,55 86,53,57 109,51,39 103,47,39 101,49,44 90,47,59 82,44,50 82,44,50 105,64,78 135,68,86 184,134,90 48,35,32 41,30,23 41,29,29 36,24,24 41,29,17 64,34,8 45,33,33 59,43,39 46,34,24 84,76,113 12,12,12 12,12,12 13,11,9 21,14,12 27,21,16 24,22,20 25,24,17 26,24,22 23,21,19 30,27,33 53,48,64 26,24,20 25,21,13 27,21,14 28,22,15 35,30,32 49,43,64
73,54,42 90,64,50 71,51,44 59,47,47 67,50,42 78,59,47 61,47,52 52,40,52 26,21,18 37,19,14 27,21,16 26,20,15 18,13,12 18,17,10 18,16,17 18,14,8 17,14,20 42,38,51 37,30,44 59,48,57 13,10,16 56,52,61 13,12,15 13,12,15 48,23,6 195,142,89 184,122,48 121,58,27 112,50,23 112,54,40 116,56,46 110,56,65 96,50,61 103,49,58 123,67,91 145,69,76 131,62,49 67,48,23 62,39,24 45,30,19 58,39,25 90,50,16 33,22,7 75,47,9 46,30,17 66,46,37 78,68,99 13,11,12 10,11,14 12,12,12 18,13,15 20,20,15 24,23,16 24,23,16 28,26,22 33,30,34 27,24,28 35,30,46 48,43,61 59,55,66 43,37,42 27,21,12 34,27,25 54,48,69
70,48,42 61,39,33 75,48,32 85,58,51 65,47,56 63,48,39 76,56,49 64,47,50 30,27,33 15,15,15 21,14,14 14,12,13 13,11,12 16,14,15 17,15,16 23,19,13 23,16,16 30,23,23 41,32,43 55,45,63 57,43,56 87,57,70 15,15,15 12,11,14 19,13,18 32,20,20 135,77,63 83,40,23 132,64,26 126,56,32 127,58,45 111,55,58 108,54,75 161,82,90 185,95,114 180,84,94 80,51,47 110,59,22 68,33,20 51,29,9 82,46,13 45,26,14 23,17,12 24,18,13 53,28,0 72,37,12 108,66,53 30,22,11 10,11,14 12,12,12 12,12,12 21,19,17 28,21,19 28,23,22 28,24,18 33,28,27 31,24,24 43,36,46 56,49,61 25,21,30 36,29,29 54,46,63 30,25,13 40,34,39
72,50,42 75,53,45 72,50,42 76,53,38 82,61,46 64,47,50 63,44,46 72,50,42 71,55,53 66,49,50 18,16,14 13,10,14 12,12,9 16,11,10 11,12,15 31,25,16 19,17,15 33,29,38 43,35,52 43,34,49 63,33,34 156,94,106 40,32,40 13,11,12 31,21,25 50,36,36 108,57,60 86,50,21 162,84,33 174,94,37 141,66,39 128,62,46 134,70,84 118,51,51 115,53,55 151,70,90 117,71,45 142,76,19 119,62,20 58,32,20 21,20,13 23,22,13 20,19,10 26,20,13 56,32,10 99,41,0 129,61,23 142,70,0 74,65,87 16,8,16 13,13,13 25,22,7 27,23,17 26,22,16 32,30,28 23,22,15 34,31,37 33,26,24 42,33,44 55,50,66 34,28,19 33,27,22 46,41,57 34,28,19
74,52,44 67,45,37 67,45,37 74,53,38 85,58,42 85,60,43 76,58,53 67,47,57 78,55,44 77,55,47 63,49,54 51,38,48 14,11,15 16,14,12 22,12,13 20,14,9 21,10,17 37,26,35 53,41,55 36,22,24 78,43,46 84,34,40 52,43,58 58,46,60 19,12,15 40,28,30 91,43,41 95,49,21 139,68,26 156,78,34 137,69,49 121,52,39 145,69,56 114,50,24 162,70,38 134,59,32 153,86,59 112,58,22 65,40,41 24,18,9 24,23,14 24,23,14 21,20,11 27,21,14 38,25,2 53,34,9 125,67,14 78,48,22 79,70,83 22,11,20 17,15,13 26,21,18 24,22,18 25,20,19 21,19,20 31,28,32 28,26,27 34,26,34 40,33,36 37,29,37 36,27,19 34,23,16 42,35,38 33,24,16
83,60,49 81,58,47 72,48,40 66,46,37 52,36,23 76,53,40 66,45,32 91,63,50 68,52,69 68,51,57 76,57,45 71,50,46 63,46,47 37,31,38 20,13,13 13,10,14 20,14,19 31,19,24 35,22,19 54,36,47 140,90,100 61,42,56 45,37,43 55,46,57 56,46,64 121,57,67 54,30,24 80,32,3 175,99,43 178,96,38 41,20,5 88,42,12 157,72,44 158,66,38 191,83,31 196,86,44 84,54,26 69,38,15 93,67,76 19,13,6 20,19,12 21,20,11 23,22,15 28,19,15 35,24,9 31,23,12 44,29,20 37,29,18 38,33,21 29,22,25 15,14,17 25,22,26 19,16,20 22,14,20 25,22,28 18,18,13 25,24,17 30,25,22 39,29,28 50,39,46 54,45,58 46,42,34 43,38,37 46,40,45
96,65,55 96,65,55 91,62,56 67,45,37 64,47,39 65,48,40 49,34,25 69,50,38 83,60,45 94,69,52 67,51,66 62,47,55 69,53,47 73,55,54 46,34,48 60,45,55 37,21,19 52,29,30 42,29,24 44,22,25 122,83,97 52,38,38 68,52,67 50,37,47 174,79,86 125,62,69 73,35,37 51,28,25 116,62,28 146,74,28 41,20,18 90,44,28 170,77,31 216,94,29 251,118,50 48,37,18 43,34,26 48,38,28 41,29,29 14,11,15 15,14,17 16,11,13 20,13,13 19,12,15 30,20,10 21,11,10 31,20,15 11,13,13 25,22,28 35,25,26 15,14,17 15,14,17 33,27,32 23,20,26 23,27,29 16,16,16 23,22,27 21,19,17 42,34,42 37,27,26 51,40,47 37,35,31 54,51,68 35,25,24
96,64,50 95,64,52 87,55,50 77,53,45 86,64,56 72,48,40 66,46,39 63,46,38 57,40,30 57,37,28 59,39,30 72,50,44 66,49,71 66,49,69 69,52,55 54,24,27 94,52,57 48,20,22 64,42,45 71,40,51 74,44,47 63,45,40 69,22,27 179,79,90 124,57,61 153,88,96 127,70,80 70,35,38 131,69,83 208,95,113 82,58,76 113,41,29 120,84,33 213,101,44 59,31,4 19,11,17 13,13,13 44,32,32 16,16,16 14,12,13 11,13,13 13,13,13 14,12,13 13,15,12 23,16,14 10,16,19 29,19,20 25,21,15 62,55,65 15,10,9 14,15,18 19,14,16 26,20,25 20,17,21 15,14,19 30,30,30 14,11,15 26,24,25 48,39,12 40,34,25 38,29,23 40,31,25 42,36,41 37,31,26
112,76,58 95,63,49 84,60,54 98,61,58 92,69,58 82,59,48 72,52,43 68,46,38 74,50,44 66,44,38 62,45,37 48,32,26 58,38,29 71,44,37 99,50,39 135,64,63 83,45,51 52,31,31 43,22,22 86,50,70 70,46,40 142,81,88 133,56,73 116,55,62 79,37,40 93,51,58 60,30,31 82,44,50 144,71,80 221,110,127 186,73,77 90,73,76 105,42,22 67,46,46 87,65,73 47,30,36 32,19,16 46,35,42 40,35,37 21,19,17 23,17,22 14,12,13 13,11,12 14,12,10 19,14,13 37,21,15 49,33,27 56,40,38 62,46,40 55,39,33 58,37,33 59,44,35 58,33,30 36,27,38 17,14,20 19,18,23 14,11,15 21,19,20 38,29,25 45,36,32 40,31,25 50,42,48 45,33,35 44,40,53
107,71,53 92,60,46 81,57,51 80,58,50 74,51,40 82,59,48 74,54,45 68,46,38 92,68,62 67,45,39 62,45,37 63,47,41 60,40,33 64,44,35 65,29,21 45,23,17 53,28,25 56,31,32 66,37,42 69,41,58 114,60,71 154,74,85 122,56,69 70,33,32 110,58,66 129,70,83 112,58,67 140,76,90 199,115,144 185,86,99 231,106,105 67,42,54 83,60,59 79,58,54 92,67,64 86,53,57 67,47,40 75,54,50 72,49,46 64,43,41 63,47,45 57,39,36 64,46,43 59,41,36 62,41,37 67,43,35 65,43,35 68,43,42 69,45,39 69,45,39 53,33,26 58,38,29 77,52,49 73,57,55 52,43,54 30,29,34 24,21,25 24,22,23 38,29,25 43,34,26 40,30,18 41,34,32 37,25,27 55,50,68
97,67,52 86,56,41 74,48,34 105,69,59 96,65,53 94,63,55 74,50,42 58,38,29 75,52,41 74,46,35 96,66,51 82,55,39 55,34,23 43,28,19 31,26,12 42,26,20 59,31,29 66,35,41 97,53,54 75,24,14 162,91,120 110,48,60 88,34,41 51,23,21 111,63,77 77,41,51 81,40,49 126,66,84 174,97,131 198,100,126 218,106,105 114,85,79 116,89,84 110,77,81 68,47,47 60,37,34 59,36,33 60,37,34 67,46,42 67,45,39 59,36,33 63,39,33 72,45,38 67,46,35 66,44,36 59,44,33 55,35,28 55,39,33 54,33,29 58,37,33 77,59,54 71,50,48 44,32,34 60,42,39 67,53,68 21,19,20 23,21,17 25,24,17 40,35,23 42,33,25 39,31,20 40,31,25 45,35,36 36,31,33
103,72,53 88,62,48 84,58,44 81,53,40 88,62,48 76,45,35 94,66,53 61,38,25 77,56,41 59,47,37 68,48,39 61,46,35 35,26,18 39,31,20 36,28,15 44,26,21 85,44,42 49,26,27 112,49,54 132,74,89 90,38,46 78,36,39 57,27,26 91,51,53 74,40,49 78,40,46 117,63,74 140,71,85 157,76,92 169,87,101 207,105,103 152,64,78 68,34,32 73,51,45 79,55,47 80,53,46 100,62,54 93,70,57 97,64,55 95,64,54 100,64,56 87,56,48 102,69,62 84,52,47 89,55,53 90,56,52 82,53,47 73,46,39 76,49,44 72,45,40 81,57,51 72,48,40 52,34,29 59,41,36 52,38,43 25,18,28 21,18,22 24,22,18 31,24,22 43,35,24 42,34,23 42,33,25 45,35,34 28,27,18
86,52,30 89,62,44 88,61,45 75,48,32 86,59,41 80,55,38 67,49,30 77,54,43 85,62,51 75,52,41 79,53,43 87,61,49 37,29,18 38,30,17 55,38,28 41,31,19 43,31,19 80,42,44 84,45,42 165,62,76 133,49,57 70,31,30 65,40,37 122,70,80 136,78,93 133,76,88 121,59,73 142,75,95 188,104,130 210,108,138 179,86,97 219,110,106 119,62,61 93,57,49 86,55,45 149,74,77 109,49,49 86,35,36 128,65,82 89,56,49 73,46,39 94,63,55 77,50,45 71,46,45 67,46,42 66,46,39 68,48,41 63,45,40 58,38,31 42,27,18 58,42,36 38,25,22 48,37,32 61,45,41 38,24,29 68,58,76 73,57,82 30,23,35 30,26,20 39,31,18 40,32,19 42,34,23 40,32,21 35,28,28
129,74,43 119,71,44 92,58,40 87,58,38 69,48,33 61,40,25 69,46,33 93,63,48 78,46,32 113,78,63 73,44,24 74,44,27 39,32,16 39,32,16 51,29,21 38,28,16 56,42,28 56,27,21 136,62,76 160,71,85 152,59,68 130,55,60 108,59,62 130,76,87 116,66,74 96,49,56 78,38,42 89,44,50 118,63,79 126,66,96 124,62,76 200,82,77 148,65,84 89,51,45 78,45,38 145,68,49 172,81,41 111,55,19 84,39,36 126,64,76 52,35,25 106,71,58 85,57,46 75,51,43 76,54,48 76,53,50 54,33,29 66,43,40 55,35,28 52,35,27 69,46,43 44,34,33 25,15,16 41,29,29 39,28,25 53,39,54 67,54,75 67,54,73 24,24,21 33,27,22 42,33,25 40,32,21 40,33,17 40,31,23
163,100,65 93,59,39 93,57,39 71,49,31 77,54,39 78,51,35 81,55,41 62,37,18 41,30,11 41,29,17 39,31,18 28,23,11 39,31,18 42,35,19 39,31,18 33,22,15 42,31,16 52,36,21 131,67,81 143,63,74 119,51,49 101,40,45 126,70,73 113,70,80 143,83,99 139,75,89 119,60,69 110,57,61 112,55,63 99,52,57 95,48,55 140,66,66 93,42,45 118,43,50 98,38,26 216,96,35 212,94,34 241,104,35 194,88,38 97,44,32 82,57,54 82,51,43 83,52,40 89,58,46 82,51,41 60,34,24 59,32,25 76,52,46 77,55,47 69,47,39 80,51,45 90,65,79 55,50,66 16,10,15 18,13,12 23,16,16 22,16,23 41,34,48 65,51,75 30,25,27 40,34,25 45,35,23 44,37,19 44,37,21
110,70,47 109,72,46 80,49,30 69,45,23 89,60,40 87,60,42 37,28,13 51,34,35 40,30,18 41,31,19 36,26,14 40,32,19 38,30,17 40,33,17 37,29,16 37,27,15 37,28,13 59,38,27 136,57,65 243,96,28 243,96,19 199,76,6 133,71,62 126,75,90 133,75,92 119,62,72 108,57,58 101,52,53 90,44,46 85,44,42 63,38,37 131,65,76 138,70,68 119,55,29 164,74,32 174,72,23 189,69,19 253,106,33 98,54,24 71,30,12 121,76,43 99,83,79 68,40,31 53,32,19 84,56,43 87,54,43 113,80,69 82,50,45 79,55,49 84,61,48 91,60,50 93,67,73 71,55,68 12,12,12 11,11,11 13,13,13 13,12,15 13,12,15 9,14,8 40,33,36 45,34,29 40,30,20 40,31,23 40,31,25
107,70,46 83,49,27 92,61,40 98,64,44 90,61,39 48,32,15 43,33,21 36,28,15 39,32,16 42,35,19 38,31,15 40,33,17 46,35,20 45,34,19 38,31,13 36,28,15 32,24,11 118,62,65 225,101,46 207,72,0 249,118,21 255,152,53 107,57,65 117,62,76 120,64,67 116,61,59 105,53,50 96,50,50 86,47,44 73,39,37 68,36,33 105,49,54 134,72,74 179,87,57 235,112,81 255,121,49 48,37,18 36,24,14 112,73,114 47,31,67 122,111,138 79,57,65 89,51,34 75,48,30 79,51,38 99,62,49 83,48,33 89,60,54 86,54,51 82,52,35 95,62,51 92,63,68 84,67,73 11,15,17 13,13,13 15,10,12 15,10,9 14,12,10 21,15,10 26,20,15 43,33,21 40,32,21 42,34,23 38,33,21
102,66,44 91,60,37 103,62,42 104,66,45 48,38,16 44,35,20 44,35,20 42,35,19 37,30,14 35,27,14 40,33,17 39,32,14 40,31,14 45,34,19 43,32,15 32,24,13 26,18,5 81,53,42 242,134,71 255,127,54 207,95,65 82,43,42 103,53,47 110,59,51 102,54,38 98,52,36 93,50,35 91,48,40 90,41,44 110,57,70 113,66,75 109,53,58 150,63,72 137,56,63 107,45,57 96,35,40 36,28,17 34,24,14 162,95,27 79,73,98 23,22,13 38,27,20 121,87,69 110,72,53 116,81,66 79,51,38 98,62,44 96,59,33 129,89,93 98,62,44 98,64,46 83,58,59 86,60,69 20,19,22 12,12,9 16,14,15 42,26,22 39,31,18 37,27,15 46,35,20 49,38,23 55,41,27 40,32,19 44,35,31
77,46,23 103,68,41 104,62,40 82,53,29 44,35,20 40,31,16 48,37,20 43,32,17 42,31,16 43,32,15 49,38,19 44,35,18 44,35,20 43,34,19 45,34,17 37,29,16 20,16,8 16,11,13 129,87,47 124,74,70 82,44,46 79,43,37 89,51,43 95,56,55 92,49,43 105,56,59 108,58,64 117,61,66 130,67,74 129,67,79 121,70,73 156,62,62 133,58,58 111,44,46 104,50,59 117,55,44 37,33,16 37,27,15 45,26,14 79,74,103 38,31,15 39,32,16 37,28,13 57,35,17 117,76,58 90,60,45 66,34,18 132,84,57 100,69,57 89,58,46 115,77,60 83,55,55 90,64,68 23,20,26 13,13,13 24,23,16 29,20,12 39,28,13 42,35,19 50,36,22 49,38,21 50,37,16 42,34,23 45,34,27
112,70,57 108,63,40 86,40,24 59,46,25 38,34,17 38,31,15 39,32,16 43,32,17 41,32,17 48,37,22 48,37,20 46,37,20 42,35,19 40,31,16 41,32,17 35,27,14 26,20,13 12,12,12 74,53,38 137,68,73 102,60,65 77,44,44 88,56,51 104,56,52 110,60,56 114,59,59 117,62,60 125,62,67 134,69,77 140,74,85 126,68,74 182,74,51 177,75,35 140,55,27 96,40,34 120,44,20 49,36,13 39,31,18 40,32,21 109,95,137 66,47,35 44,29,18 73,39,37 59,28,34 99,64,37 98,55,40 107,54,27 110,63,40 112,61,26 128,89,61 129,87,63 79,53,57 84,59,73 50,38,50 13,10,14 12,12,12 29,23,14 37,27,17 39,32,16 38,30,17 43,35,22 39,31,18 40,32,21 40,32,19
116,72,44 116,72,44 121,72,36 74,47,31 38,34,17 38,33,21 43,34,19 47,36,19 36,29,13 36,29,13 40,33,17 35,28,12 44,35,20 45,31,13 42,31,14 45,30,21 24,18,13 17,10,8 101,51,59 144,75,87 111,62,65 101,53,47 104,56,42 107,57,42 110,60,45 117,58,51 116,62,53 124,64,54 136,71,63 131,69,58 125,58,47 211,83,42 191,76,26 162,60,20 86,36,23 142,59,37 95,52,33 83,38,42 103,50,54 94,43,46 96,45,46 101,47,56 100,47,51 104,50,57 110,51,62 106,44,56 123,66,24 120,71,31 150,86,58 135,92,75 128,82,56 106,78,80 93,75,84 75,58,78 12,12,12 12,12,12 24,18,11 35,27,14 48,37,22 40,33,17 40,33,17 42,35,19 40,32,19 45,37,24
86,63,34 115,71,43 117,71,43 109,63,37 67,45,25 95,66,44 43,36,16 43,32,17 45,31,13 43,32,13 45,31,13 47,33,19 53,36,12 110,48,48 118,48,56 90,37,41 76,35,35 87,38,41 159,75,85 133,65,74 114,60,53 112,62,47 120,64,42 119,63,39 118,58,35 129,61,39 145,72,42 163,79,44 175,85,45 184,94,47 156,66,44 207,83,48 189,78,32 120,55,47 96,44,50 90,40,48 93,43,51 76,34,41 105,51,58 105,46,55 129,63,76 129,59,67 142,77,83 123,54,59 130,55,53 143,57,54 146,61,56 152,74,73 126,76,61 132,82,69 104,59,38 132,94,100 93,68,80 76,53,64 14,12,13 27,14,11 39,20,4 47,34,11 47,33,15 44,30,16 44,35,18 48,34,18 45,33,21 52,41,22
146,95,69 102,56,38 92,55,31 109,70,40 72,37,10 48,29,15 47,37,15 44,30,14 49,37,9 54,37,11 51,37,10 61,42,17 76,37,23 123,55,53 122,47,50 89,39,37 62,31,23 69,33,27 145,68,78 132,69,63 133,68,47 147,77,44 165,83,38 184,94,45 186,97,45 184,92,41 188,94,42 202,101,47 179,90,36 135,66,28 187,78,49 217,89,37 89,38,30 76,40,48 77,38,52 83,37,48 90,40,46 111,54,51 110,48,35 154,64,40 163,74,45 181,74,33 155,62,37 167,75,43 193,86,45 196,84,43 190,81,52 222,97,76 134,78,44 138,83,52 90,58,42 152,99,83 108,79,86 86,62,54 28,19,11 39,20,4 58,32,9 69,39,13 63,37,14 54,33,10 48,33,13 45,31,15 46,35,20 49,35,19
126,79,29 98,54,28 101,66,39 55,37,18 50,34,17 57,36,13 66,38,9 72,44,17 70,46,9 84,71,39 75,49,26 82,44,7 156,62,44 167,52,32 167,58,54 133,56,50 115,55,45 89,39,33 124,62,64 163,82,46 186,92,42 196,100,44 224,114,45 240,117,47 242,114,42 250,123,48 201,97,35 126,63,43 113,58,54 105,62,58 230,94,47 102,42,32 88,41,46 85,40,46 86,39,46 91,38,42 115,49,44 188,82,55 160,61,24 208,86,37 231,97,34 255,122,58 255,112,46 229,99,30 255,118,47 255,127,50 255,112,36 235,99,34 112,51,33 121,67,31 70,51,28 42,25,17 54,42,32 87,66,55 49,35,10 73,38,13 115,50,9 137,79,28 105,57,10 86,45,14 80,45,18 75,40,15 60,35,7 53,35,16
126,78,35 97,55,15 57,33,7 55,38,14 67,43,19 80,49,12 102,54,7 105,55,9 119,59,16 124,82,19 123,68,23 128,61,9 194,80,33 249,75,32 187,69,34 166,68,22 214,108,2 123,57,41 97,55,33 187,88,31 222,111,35 255,130,46 255,148,50 255,142,48 227,125,64 125,62,40 131,69,58 143,75,57 136,70,54 120,57,33 96,37,32 85,41,42 91,41,47 94,43,46 90,38,46 112,51,44 240,103,38 255,131,47 219,108,62 214,110,73 89,45,35 66,39,34 71,40,19 64,41,12 119,69,38 159,87,48 74,45,23 56,38,6 96,62,42 82,44,36 87,46,46 55,35,28 73,47,37 54,35,12 75,40,13 110,42,6 255,80,52 238,81,19 220,130,36 141,65,0 126,60,8 170,96,21 85,54,15 71,50,9
125,67,14 87,48,20 73,42,19 74,47,29 96,53,38 127,71,8 204,93,4 232,134,47 224,127,35 246,69,22 159,67,14 168,92,29 225,126,33 217,105,75 255,74,23 193,93,30 203,96,8 180,81,15 131,55,0 201,98,31 234,117,52 243,129,72 158,71,46 139,69,43 145,70,41 157,76,40 179,89,47 192,91,46 187,94,46 90,45,42 95,47,33 99,46,34 104,51,39 106,50,53 137,54,41 255,163,100 147,93,14 133,66,0 94,55,41 97,45,26 107,58,36 91,58,33 98,62,52 88,56,42 105,63,52 123,125,52 91,72,15 104,57,36 114,66,37 109,51,25 106,50,42 104,53,43 95,45,30 91,48,13 172,102,42 210,115,36 193,97,25 255,167,56 188,91,1 174,87,5 195,106,7 145,80,20 115,65,5 107,77,10