26,25,18 64,49,40 30,21,15 33,29,23 25,24,15 32,23,17 30,21,15 35,26,20 33,24,18 37,28,22 33,27,20 69,40,18 49,35,21 65,41,19 79,45,23 84,54,26 85,48,22 86,49,23 86,50,19 71,44,26 76,45,24 79,48,40 77,44,19 73,42,19 76,43,18 74,48,27 72,45,29 73,43,17 89,46,27 85,45,20 89,48,30 88,53,28 92,56,27 100,54,28 110,56,20 86,45,16 91,52,20 93,50,17 94,50,20 79,45,27 63,41,21 83,53,25 33,24,20 60,42,23 30,26,18 33,24,20 32,21,18 41,37,48 36,33,50 38,35,52 39,36,51 44,45,66 48,49,81 55,59,90 58,61,97 53,50,79 24,16,24 31,21,20 39,30,22 49,35,21 60,39,24 76,47,27 84,56,29 81,55,34
28,24,18 26,26,12 27,28,20 29,25,19 35,30,18 32,23,17 32,23,17 29,20,14 39,30,24 35,26,20 67,46,31 57,41,28 35,28,12 40,27,24 58,40,21 93,52,25 90,53,27 90,53,27 83,47,16 82,53,29 76,45,24 79,47,44 79,46,21 73,42,19 71,46,27 73,44,20 72,46,25 80,49,30 83,47,18 102,62,37 90,51,23 95,59,41 122,61,25 127,76,37 145,87,52 108,56,26 105,54,26 95,54,23 103,57,27 92,56,36 62,48,32 46,37,20 41,29,17 63,41,23 42,30,20 36,24,24 24,17,15 18,16,24 23,21,31 29,26,43 34,30,50 40,41,64 51,57,89 55,63,95 62,69,106 42,44,69 23,20,24 31,21,20 43,33,21 61,39,19 75,46,26 82,53,31 87,57,31 80,54,40
27,23,17 29,25,19 35,26,18 33,27,18 35,26,18 38,30,19 35,26,20 35,27,16 35,26,18 39,30,22 40,33,17 49,33,18 71,57,59 72,46,25 81,44,18 90,48,26 92,50,28 74,43,20 73,51,17 77,53,31 85,51,21 82,47,20 76,42,20 87,50,24 79,46,21 53,29,7 77,48,26 90,50,25 98,59,27 98,54,26 92,48,22 98,59,27 106,54,22 129,69,28 123,74,34 154,87,44 147,84,33 140,83,23 124,63,27 121,67,31 93,59,29 55,41,14 45,30,19 66,37,17 61,38,23 22,15,18 19,16,22 19,16,22 19,16,22 21,17,26 25,23,33 28,26,46 37,38,59 46,48,75 40,44,75 24,20,33 30,20,21 39,28,21 52,37,17 75,46,22 89,54,27 90,57,32 88,57,34 80,54,44
35,26,20 35,26,20 36,28,17 38,30,19 35,26,20 38,30,19 39,31,20 39,29,19 38,30,19 42,34,23 39,32,16 45,38,22 43,33,11 70,41,21 80,47,22 98,50,25 80,56,60 72,46,21 82,48,26 78,44,22 85,48,22 85,48,24 86,48,27 76,53,22 84,49,22 49,33,20 109,70,40 92,50,26 96,50,24 96,51,18 105,58,24 107,60,28 102,52,21 122,71,36 133,74,28 143,73,26 160,86,32 188,108,40 164,89,26 143,74,18 134,72,30 100,54,24 55,35,15 93,50,33 29,20,16 29,25,19 35,26,22 33,23,22 33,24,20 28,21,19 27,20,20 30,20,21 33,25,31 34,31,48 26,21,37 23,16,16 33,24,20 43,31,19 63,42,19 86,54,20 101,63,28 96,64,32 86,57,35 70,54,48
36,28,17 38,30,19 35,27,16 40,31,23 40,32,21 38,30,19 42,35,19 39,31,18 42,30,18 45,33,21 43,35,22 43,36,20 55,37,16 79,45,23 77,47,21 81,46,19 81,43,22 87,51,41 82,42,17 80,41,11 115,89,64 92,59,34 84,45,17 112,76,25 91,50,21 74,48,25 70,51,26 111,67,29 93,49,23 92,48,18 107,58,38 116,71,38 98,47,12 137,77,34 123,68,23 157,85,37 176,99,41 180,95,42 200,108,42 185,95,28 152,78,24 142,75,27 94,46,17 53,33,26 32,23,19 46,36,26 58,40,19 61,41,21 60,42,21 58,40,21 54,33,20 48,32,19 45,33,23 36,24,24 25,15,14 31,21,20 41,29,17 55,37,16 77,47,19 90,54,21 98,58,22 89,55,25 74,53,40 63,47,62
38,30,19 39,31,20 39,31,20 37,26,19 43,35,24 42,34,21 42,34,21 42,34,21 43,31,19 46,34,22 45,33,21 45,34,17 52,38,20 54,35,12 74,45,23 90,50,25 91,49,25 85,48,22 82,47,20 77,43,23 85,51,21 79,44,17 80,46,26 87,57,29 70,41,37 70,42,29 85,52,27 105,67,57 97,54,35 85,46,32 117,73,35 88,42,12 141,84,44 130,62,26 188,104,62 155,80,31 172,90,45 150,79,26 216,121,56 195,101,31 184,109,41 160,86,34 122,66,28 42,20,14 41,31,19 68,47,22 79,51,24 85,53,23 85,56,23 86,53,26 81,51,23 72,49,20 52,42,20 28,23,22 28,21,19 37,26,19 49,38,19 67,46,19 86,54,24 94,56,21 92,58,24 80,54,29 62,48,50 55,49,70
38,30,19 38,30,19 40,32,21 56,34,16 38,30,19 43,36,20 40,32,19 44,37,21 45,33,21 46,35,20 46,35,20 57,39,20 77,47,21 71,50,27 72,47,28 96,57,29 119,68,29 104,57,25 92,48,18 80,45,20 85,48,24 74,45,21 82,49,24 89,54,27 79,50,28 70,40,23 71,48,33 71,53,62 88,82,105 105,104,148 122,109,148 95,75,85 93,52,21 115,65,23 153,85,40 166,89,38 132,60,43 181,100,37 171,90,29 189,105,45 186,107,45 152,82,33 126,64,22 47,27,20 65,47,26 84,55,24 91,57,23 82,49,22 78,52,27 77,51,26 72,49,20 65,44,19 43,31,19 28,21,19 39,28,21 52,36,19 76,48,21 89,57,23 101,59,21 98,60,25 87,54,29 73,53,46 60,57,84 70,61,83
45,37,26 37,28,22 38,30,19 38,30,19 37,28,22 53,41,29 48,39,24 39,31,18 45,36,21 44,35,20 53,37,20 76,46,20 79,43,23 78,48,22 78,43,18 118,68,37 75,39,19 95,51,25 96,77,50 89,54,29 81,46,21 80,45,20 81,46,21 74,51,22 60,40,31 67,46,33 56,49,52 61,68,93 82,95,139 100,111,167 104,102,153 97,83,109 149,91,54 168,111,108 147,78,38 149,67,24 161,87,33 176,96,41 172,101,48 134,97,94 136,115,134 158,126,142 113,76,73 52,38,22 82,53,22 93,59,25 85,52,25 50,37,47 74,45,21 62,38,14 16,11,13 23,13,14 29,22,22 38,27,22 52,41,22 69,45,19 87,53,19 94,59,23 97,57,21 94,58,27 73,55,50 62,51,76 71,73,125 80,88,149
39,31,18 43,35,22 39,31,20 35,26,18 36,27,21 42,33,25 42,34,23 46,36,24 44,35,20 44,37,19 55,38,14 80,45,20 83,50,25 90,48,24 80,49,26 73,45,18 91,55,33 78,55,26 81,45,16 104,66,45 85,44,26 89,52,28 55,35,15 40,27,24 27,20,32 32,30,50 62,67,93 60,71,102 74,78,111 80,81,113 73,74,106 75,83,115 93,87,131 126,119,158 156,131,156 175,107,85 208,120,43 192,102,37 124,88,70 83,94,132 139,166,255 167,191,255 105,121,187 65,44,21 91,57,23 93,57,24 60,43,33 58,37,35 82,53,22 22,15,18 21,16,18 27,20,18 37,26,23 51,36,25 58,40,19 77,47,19 92,56,23 98,58,22 98,59,27 81,56,39 64,51,70 59,55,79 61,68,103 69,74,121
37,29,16 42,34,21 86,53,26 69,45,23 36,27,21 40,30,20 47,37,25 43,32,25 44,36,23 55,32,17 76,47,25 76,46,20 79,55,20 76,42,22 88,51,25 88,49,19 76,47,23 93,69,36 78,49,18 79,44,19 76,48,50 74,43,20 28,19,13 29,19,20 30,27,44 53,58,82 58,64,92 58,59,78 53,41,43 58,47,42 68,60,66 71,79,109 75,82,119 108,121,178 122,133,200 153,136,179 187,133,142 185,115,86 83,82,115 87,101,149 107,126,188 91,109,167 50,56,86 74,48,27 92,59,20 87,53,23 48,40,46 104,71,64 41,29,29 30,33,40 21,18,24 30,23,21 46,34,24 61,43,22 80,50,24 88,54,24 94,58,25 92,58,24 81,55,34 70,53,59 72,56,52 66,55,50 63,55,74 62,60,98
41,27,29 42,31,16 59,33,12 50,34,21 38,26,26 40,30,20 46,36,24 45,35,23 47,35,23 58,39,16 68,38,39 81,46,21 80,45,20 100,54,24 112,61,24 114,64,20 114,64,22 109,63,22 107,56,21 87,54,27 87,72,92 65,45,25 35,26,18 32,22,23 33,34,55 54,56,81 38,34,56 44,32,34 59,43,39 64,49,38 66,49,39 45,38,41 49,57,87 86,100,150 117,128,195 123,139,207 152,133,179 122,113,155 60,53,81 52,58,90 48,58,92 39,44,70 27,20,30 79,50,26 93,57,26 71,46,29 52,47,63 53,55,80 27,24,39 48,53,77 30,24,29 38,29,23 56,40,23 74,48,25 87,58,25 97,58,26 97,58,28 85,54,31 69,51,46 67,56,51 84,55,33 79,55,31 68,55,48 62,53,75
90,49,20 92,53,23 87,50,24 86,52,22 54,45,26 45,36,21 106,61,28 74,48,23 83,49,27 84,49,24 90,49,20 105,51,15 132,73,25 159,95,33 142,75,25 154,85,29 161,87,19 164,87,29 136,76,24 124,75,26 97,52,19 85,48,24 47,33,19 42,32,36 38,33,49 35,32,38 45,36,30 54,43,36 46,35,32 58,42,38 55,44,39 35,28,38 49,57,85 69,78,117 83,95,146 106,118,180 125,141,211 119,137,204 85,94,135 20,19,34 13,12,17 12,11,16 25,22,28 86,52,18 90,54,23 56,41,30 44,36,53 24,20,33 43,44,67 70,76,116 54,49,78 58,42,29 80,52,25 92,58,28 101,63,28 100,60,26 86,57,35 70,52,49 63,49,54 78,54,28 97,58,28 87,62,34 67,52,62 56,41,51
81,39,15 97,56,25 99,55,27 98,54,26 95,51,25 82,67,29 115,64,27 109,55,21 112,64,17 103,54,16 124,69,26 146,80,23 164,89,26 171,91,21 184,100,24 160,88,24 160,85,20 143,71,32 129,66,15 153,90,41 129,71,18 85,50,25 53,37,20 45,34,41 33,26,29 46,33,30 62,47,38 53,41,31 44,33,30 59,43,37 56,46,47 38,37,52 43,56,75 56,67,96 74,83,124 93,105,158 103,116,173 118,135,198 100,112,161 22,16,23 12,11,16 12,11,14 20,18,26 83,58,41 82,52,24 57,42,22 28,20,28 23,21,41 52,57,92 84,90,148 80,82,136 72,46,32 89,57,25 102,64,29 99,61,26 88,58,30 62,49,44 63,47,45 79,53,28 94,62,30 89,60,38 68,55,52 56,37,39 48,23,20
117,70,20 92,57,30 103,58,25 104,55,15 120,69,30 112,65,31 119,68,29 126,71,17 138,75,26 141,76,16 168,93,23 179,95,17 184,99,19 178,100,22 183,100,33 138,73,18 152,85,33 129,67,25 126,65,18 115,67,38 137,77,34 75,44,21 60,44,29 40,28,33 39,30,26 50,37,32 54,42,30 39,28,25 58,37,33 64,47,39 44,38,45 44,42,66 47,48,71 64,72,102 74,83,122 88,97,147 94,107,162 108,122,184 110,124,176 22,17,19 12,11,14 13,10,16 21,18,24 84,84,110 79,57,39 64,43,18 19,15,24 37,35,59 56,61,98 72,75,122 55,57,84 78,55,44 102,64,27 103,63,29 95,56,24 59,43,28 61,41,21 78,45,20 89,55,23 87,58,34 71,43,34 64,35,29 53,25,16 51,23,10
104,59,24 106,61,28 86,48,29 121,67,31 155,86,21 110,62,19 123,70,27 119,64,8 170,91,27 144,78,26 162,87,17 213,119,31 181,104,28 159,93,36 160,87,26 121,78,33 121,66,23 158,89,33 158,93,38 140,92,49 108,71,29 70,44,23 64,47,37 37,26,23 45,34,29 49,35,35 45,29,23 48,33,22 58,37,35 47,34,31 33,26,38 44,42,62 49,50,73 64,72,102 76,85,124 92,101,151 98,111,166 112,126,190 114,126,188 16,13,19 12,11,14 13,11,12 21,18,24 27,25,45 44,49,73 30,28,36 26,24,32 36,36,62 51,55,86 50,52,79 53,49,69 64,52,66 88,59,28 73,49,16 51,34,24 57,40,16 81,53,24 89,54,27 85,49,27 70,45,26 63,33,18 70,35,22 68,29,17 78,48,22
99,63,57 104,53,25 96,48,23 132,73,25 119,59,16 115,60,17 144,75,19 143,80,27 148,74,20 136,73,22 191,106,28 155,85,34 120,60,10 157,88,34 138,78,26 148,98,38 115,62,19 125,68,24 132,77,36 105,62,29 100,50,17 65,45,25 55,40,29 47,32,21 47,31,25 48,32,26 44,27,17 57,33,25 37,25,25 25,18,28 25,23,33 41,39,59 49,50,73 59,63,92 82,92,137 89,101,154 105,119,181 114,134,205 120,128,185 10,11,16 13,11,12 30,28,24 30,20,21 19,15,24 30,25,41 16,14,22 32,28,41 49,50,73 57,62,88 51,49,69 62,48,48 66,51,40 62,48,34 57,46,29 72,46,21 83,54,23 91,57,27 74,46,17 103,43,29 100,52,25 95,51,23 100,54,24 91,52,22 90,51,19
100,50,19 95,54,25 113,57,31 133,80,16 131,73,20 135,76,19 101,54,22 134,74,24 127,69,18 148,79,25 174,102,36 148,82,27 170,100,38 140,75,13 135,77,24 105,53,23 109,68,52 113,68,35 146,124,48 93,63,48 103,69,47 57,39,20 50,36,20 48,33,22 43,26,16 47,32,23 36,24,24 33,24,16 18,13,15 36,34,42 23,20,24 34,32,44 49,47,69 57,61,90 81,92,134 94,108,158 105,121,191 115,136,211 73,80,117 13,11,12 21,14,12 61,41,23 60,40,20 45,36,21 26,21,23 29,22,22 38,30,38 56,47,62 60,52,71 54,48,73 86,64,58 78,57,34 82,54,27 87,56,33 87,57,29 81,50,38 88,53,26 102,58,20 92,56,27 110,65,30 103,54,18 104,61,26 105,59,22 122,76,50
91,51,28 103,71,41 109,61,34 106,57,17 124,64,25 109,55,21 103,54,14 135,86,37 153,88,31 117,61,27 127,70,26 106,57,19 107,61,24 119,57,17 119,64,21 118,68,26 96,56,31 95,62,51 87,62,43 61,52,67 81,63,62 47,34,27 33,28,27 44,36,42 44,29,18 41,28,23 35,25,24 27,20,18 19,17,18 35,31,40 39,32,44 28,22,29 35,31,42 61,62,94 90,101,157 82,96,148 116,134,203 126,140,220 18,19,22 15,10,12 62,38,16 88,54,22 64,54,58 57,44,63 31,19,19 46,35,28 73,53,33 74,55,41 60,46,72 79,83,123 34,39,65 104,109,133 120,109,132 113,100,121 89,68,53 86,45,71 101,58,23 102,58,30 118,67,28 107,62,27 102,57,24 113,74,31 102,57,22 101,57,29
82,45,21 94,50,20 107,56,21 152,88,28 132,76,27 132,77,25 113,63,21 99,61,24 105,59,20 132,74,21 104,59,26 147,80,35 128,73,30 123,68,25 122,68,20 134,81,28 85,64,41 60,39,26 44,33,26 50,43,55 46,39,49 47,44,48 42,34,40 54,42,56 49,33,20 37,28,20 30,22,28 32,21,28 38,35,41 24,17,17 35,32,36 44,42,43 40,26,31 60,64,77 104,113,167 99,108,176 117,136,214 136,143,207 17,14,20 16,10,15 73,47,24 70,44,21 53,54,84 31,28,55 41,30,23 81,53,26 88,58,30 61,49,65 59,59,98 99,111,185 62,71,114 58,64,106 121,112,138 114,105,127 137,121,134 86,49,25 111,61,28 106,62,24 102,57,24 101,57,27 99,55,25 104,57,25 104,60,22 98,54,26
92,55,31 98,54,24 87,52,25 140,85,29 135,76,19 125,66,9 114,61,20 84,63,20 118,63,22 138,90,43 107,56,21 128,70,17 108,54,20 109,54,11 140,87,30 150,85,23 83,51,19 46,28,23 51,44,44 39,35,46 52,51,68 35,29,34 44,36,42 35,24,31 43,30,27 35,26,18 44,35,48 31,22,18 39,35,48 41,32,43 25,22,26 45,43,44 56,46,50 51,34,26 80,79,121 96,107,165 114,133,209 67,65,77 26,19,33 18,12,19 74,48,25 71,45,22 52,42,60 49,48,65 59,41,22 97,62,26 83,54,30 58,46,60 57,60,98 103,112,180 83,89,149 65,74,128 118,124,164 135,124,147 128,114,129 102,60,20 121,67,31 104,60,18 111,64,30 97,53,23 95,51,21 104,57,23 104,57,34 103,58,25
92,50,28 120,100,70 98,55,36 101,80,39 133,74,15 147,74,13 124,57,14 184,107,33 155,96,50 115,65,19 130,80,34 142,84,33 114,59,28 121,61,20 117,65,17 104,60,34 94,60,28 53,37,22 44,42,43 49,46,50 59,55,66 63,61,62 55,48,48 32,22,23 38,29,25 50,42,50 46,35,42 52,42,46 34,28,23 48,41,53 42,33,29 42,27,35 63,48,56 61,39,21 62,42,22 89,90,138 111,121,168 100,69,30 21,20,37 21,17,26 41,25,8 70,44,19 33,23,24 24,17,17 69,45,21 102,63,24 82,56,31 57,44,63 52,43,56 63,62,95 81,83,139 78,83,132 134,137,186 132,120,136 127,90,77 108,63,15 103,56,33 96,54,41 63,33,18 63,33,16 112,102,51 118,72,33 100,55,32 99,58,38
116,67,29 98,57,26 98,54,26 94,48,30 98,55,36 112,63,41 129,70,22 141,75,20 115,54,9 143,83,29 98,53,30 110,57,16 122,67,13 119,67,17 110,62,15 115,57,31 94,58,25 72,46,21 49,44,46 62,55,55 53,51,61 54,49,65 57,48,59 59,49,53 65,56,78 57,48,61 43,33,23 60,47,66 45,35,25 51,41,45 58,44,61 53,35,14 58,37,12 69,39,13 66,39,21 74,57,47 113,74,31 112,76,29 36,39,50 21,17,28 48,34,20 27,21,28 41,39,61 46,32,37 84,52,22 101,63,28 76,54,46 61,48,45 73,47,22 97,68,46 71,68,97 70,74,118 129,122,150 108,102,138 69,36,40 60,28,42 46,21,33 40,18,21 60,32,32 86,46,48 117,60,59 114,58,61 108,55,57 75,36,35
100,54,13 117,68,46 122,72,30 107,59,32 186,122,62 115,64,25 101,54,31 118,72,31 144,79,24 140,80,28 124,72,22 135,77,26 147,83,14 129,74,20 100,55,22 100,57,22 101,58,25 89,53,24 48,38,28 65,59,54 77,75,76 84,81,85 76,69,69 60,50,54 36,33,50 54,45,60 71,55,80 67,43,21 61,53,59 71,36,9 56,39,29 69,40,18 66,40,19 61,44,20 82,64,43 108,75,25 122,80,28 113,80,32 57,43,27 45,32,25 16,10,17 28,21,31 44,36,44 81,52,32 92,57,30 80,59,48 66,62,86 54,55,76 59,39,19 87,53,21 75,54,50 60,60,88 105,114,166 81,81,118 68,36,33 52,30,24 109,61,47 116,62,55 102,57,54 120,65,61 116,62,69 113,61,67 124,61,68 65,42,39
107,61,20 104,56,27 109,60,20 116,62,26 125,71,21 112,62,31 104,55,19 143,89,41 126,64,24 145,80,20 103,54,18 118,87,38 151,87,27 120,64,15 102,57,22 102,55,23 94,50,22 87,51,20 70,44,19 56,47,39 82,77,79 90,85,87 88,79,75 81,69,71 64,52,57 60,48,60 61,51,50 67,41,20 52,36,23 65,39,16 69,38,15 72,39,12 54,39,30 70,49,38 111,73,25 124,78,21 122,83,26 112,80,34 70,61,57 61,52,67 40,27,22 53,37,24 89,55,25 85,54,31 72,53,37 47,42,60 35,36,57 20,16,25 60,39,16 93,58,22 81,55,41 61,52,74 100,111,167 70,72,99 66,37,31 121,74,51 118,64,55 105,56,57 122,72,57 116,60,63 109,61,73 112,60,55 123,66,78 59,41,38
108,63,30 100,55,20 87,47,24 111,60,21 113,60,33 153,86,36 156,91,29 121,65,31 99,49,7 104,48,12 109,55,17 117,68,17 126,65,20 156,94,36 111,61,17 102,57,22 106,63,30 92,56,27 69,45,21 44,39,25 61,53,59 79,74,73 78,66,66 85,68,69 77,60,50 62,43,29 46,29,21 43,28,19 58,37,14 67,38,14 73,46,12 87,53,19 77,53,16 96,64,22 115,73,21 121,78,22 101,72,23 55,35,15 50,33,36 49,34,25 90,53,27 92,56,23 70,50,30 77,84,137 77,71,94 65,50,30 46,35,30 47,31,25 80,50,22 98,60,25 71,49,31 56,62,94 68,76,106 83,69,84 128,76,46 135,72,50 105,60,57 96,53,63 122,67,52 113,62,65 113,65,82 117,65,64 147,76,91 50,36,41
94,50,24 114,64,18 102,59,24 150,89,28 120,68,18 134,79,38 97,50,16 93,44,22 120,71,22 169,102,34 132,72,20 140,74,22 148,82,30 150,94,60 111,63,18 101,56,21 98,54,24 89,53,20 74,48,23 49,37,27 48,37,34 50,39,46 49,38,45 54,42,47 73,55,54 56,42,28 78,59,43 48,36,24 63,37,16 67,39,10 68,42,17 89,56,17 98,59,16 105,66,23 113,73,21 94,67,31 29,15,17 30,19,16 43,27,23 76,46,18 100,60,24 76,51,32 26,19,29 64,66,109 63,70,107 58,65,100 61,61,89 69,52,58 59,45,50 52,41,68 40,40,68 50,56,75 92,72,84 115,68,45 157,85,37 124,71,48 104,57,62 101,57,56 120,67,53 119,62,72 140,66,84 136,71,103 111,58,86 54,30,36
99,52,29 82,42,19 201,126,40 116,64,2 126,75,20 138,78,28 108,56,6 131,73,18 122,61,14 138,73,16 134,75,16 122,67,36 188,110,32 131,65,15 105,57,14 125,74,35 104,54,12 82,49,22 80,52,23 57,39,20 52,39,34 51,40,37 38,30,36 25,19,24 23,20,26 23,19,28 22,20,30 24,20,29 26,23,29 36,31,30 58,41,31 79,47,17 93,61,19 94,64,22 78,56,20 29,13,11 31,15,13 32,19,14 48,27,23 89,53,20 92,56,25 73,53,44 27,20,20 63,51,81 49,49,75 77,88,126 89,100,142 116,122,164 121,126,163 46,41,59 74,51,36 78,48,51 130,75,46 142,77,40 152,80,43 121,70,44 100,57,69 117,67,50 169,89,100 130,69,95 107,64,100 119,70,101 97,52,75 51,32,34
98,51,17 174,112,54 180,97,28 239,140,32 141,76,21 139,73,16 116,60,24 144,78,26 164,95,39 122,65,21 136,71,14 138,79,22 241,139,35 99,49,16 103,64,34 110,57,12 144,83,20 131,73,22 85,53,23 65,43,23 56,42,28 43,32,29 19,15,26 22,20,28 22,21,26 22,20,30 25,23,35 30,28,40 32,31,46 33,35,49 36,46,54 35,38,56 58,41,33 62,43,20 24,13,10 26,12,17 26,14,16 26,16,17 74,50,24 86,55,18 95,56,26 86,57,33 51,37,23 90,61,41 55,49,72 58,52,84 63,40,37 83,66,67 73,61,73 71,54,55 127,79,36 122,62,23 129,72,32 168,94,40 146,81,44 119,66,50 121,67,74 139,73,84 117,60,72 96,52,70 111,63,87 114,73,99 79,52,76 43,31,33
142,83,35 117,64,21 148,81,15 146,81,26 135,75,23 177,93,17 119,64,10 113,60,17 148,84,24 138,78,24 134,73,26 123,63,13 122,63,15 66,35,14 101,61,56 138,84,34 108,55,10 115,62,17 83,54,21 68,47,22 55,41,23 23,16,16 19,17,25 23,21,31 22,20,28 22,20,30 24,24,34 29,31,45 35,37,53 40,42,58 41,43,59 33,35,49 20,13,13 24,12,14 26,12,14 19,9,13 19,9,13 26,16,15 71,48,19 38,24,26 51,45,70 30,23,23 58,40,21 103,64,32 56,47,62 40,27,35 70,48,30 85,54,35 53,22,10 113,69,41 111,61,28 162,92,45 122,67,36 204,112,80 145,82,47 109,63,49 138,74,77 129,61,70 112,53,66 115,71,91 95,57,82 99,67,94 63,43,64 49,26,25
164,93,38 124,66,29 120,63,19 156,78,34 166,87,25 135,69,14 118,63,18 124,71,26 143,81,25 130,67,16 115,55,12 155,90,30 169,99,21 121,65,27 110,64,27 125,72,19 130,82,24 131,72,26 83,54,21 74,48,25 69,47,29 26,20,15 23,20,26 22,20,28 22,20,28 23,21,31 25,25,35 32,31,46 38,42,57 42,43,64 38,37,54 19,16,20 37,27,26 20,17,23 23,10,18 17,10,13 26,14,19 29,17,17 31,17,17 53,44,36 42,28,30 60,46,46 84,54,26 97,60,20 56,34,28 73,45,36 80,50,35 119,65,27 113,62,25 94,50,20 139,84,41 163,89,53 111,62,26 169,99,52 141,83,46 116,69,60 102,47,61 111,53,68 88,53,70 114,89,143 65,43,65 63,36,50 56,35,50 42,28,28
204,118,47 216,118,31 174,96,27 170,100,40 169,95,25 133,77,28 138,83,27 144,86,24 128,64,18 149,82,30 190,124,67 155,81,13 143,82,21 157,87,29 142,79,30 112,57,16 147,84,31 104,59,15 87,53,21 75,50,20 60,42,21 33,21,21 23,18,20 22,16,23 21,17,26 23,19,30 25,23,33 32,30,42 36,37,56 39,45,62 44,46,62 47,37,38 55,44,41 33,25,33 24,11,19 23,13,17 29,17,22 22,10,12 25,13,15 49,35,37 62,45,46 73,54,56 64,47,21 105,79,56 70,47,34 82,51,39 82,51,39 96,55,26 99,57,15 103,56,22 180,104,44 151,91,50 109,67,45 153,100,55 65,39,27 76,33,48 102,58,78 88,53,70 81,54,91 108,80,138 66,42,62 61,38,51 44,27,30 42,30,44
158,93,70 169,85,5 174,99,31 155,85,38 154,85,29 136,77,29 127,70,30 134,76,25 106,55,20 127,68,20 145,79,29 129,71,16 164,91,32 167,95,31 141,74,22 140,76,14 148,90,35 153,92,27 82,50,20 80,49,26 66,47,22 36,23,16 29,18,13 26,16,15 24,17,17 28,18,22 27,19,25 27,23,32 34,31,48 34,35,56 70,55,65 64,49,29 37,29,35 26,17,13 24,12,14 24,12,14 27,13,13 29,15,15 31,18,13 45,31,31 69,52,44 78,54,46 63,47,45 77,63,68 118,105,84 65,39,29 78,52,38 96,56,31 99,46,21 126,73,32 180,107,46 153,96,56 109,63,49 89,52,26 66,31,36 104,52,73 92,49,71 74,43,61 97,67,108 115,83,126 86,64,86 49,31,42 44,31,41 40,25,35
243,136,37 195,104,17 162,98,31 157,95,37 140,80,28 131,65,13 136,74,16 135,79,32 114,60,24 130,70,18 139,81,28 129,59,10 125,68,24 158,86,20 141,83,21 121,69,19 161,87,33 127,71,24 84,48,26 70,46,22 82,49,22 58,42,25 44,28,13 38,23,14 40,25,16 39,26,21 43,28,19 43,29,29 36,27,40 36,28,45 53,39,39 50,41,26 37,21,17 33,20,15 26,12,12 33,19,19 34,18,14 32,19,16 33,17,15 41,27,27 57,42,33 44,32,37 62,48,50 101,78,75 145,101,48 74,51,38 72,51,36 67,39,12 70,39,29 73,52,37 189,106,55 159,104,61 105,64,46 66,35,25 102,57,63 82,45,63 80,53,77 82,54,83 76,53,82 73,50,77 56,35,50 60,39,58 62,42,54 58,43,65
218,151,54 229,125,34 205,119,48 245,141,65 137,77,34 143,85,30 126,66,12 132,69,16 153,88,28 133,73,23 97,48,12 120,59,12 146,81,42 146,83,32 123,69,19 135,77,24 149,85,21 114,54,11 91,53,16 54,46,35 91,53,16 61,50,47 55,38,12 49,34,14 53,35,14 65,41,19 68,42,21 56,35,20 40,28,30 42,28,33 49,34,23 51,35,20 33,17,13 37,23,9 33,21,11 34,21,18 33,19,21 33,19,19 36,21,10 35,19,17 30,20,24 49,35,37 79,58,54 118,84,66 72,51,36 73,47,33 72,46,32 57,35,15 51,36,27 47,36,43 128,85,70 154,101,48 112,70,48 56,31,30 53,27,33 74,48,65 73,53,90 75,58,90 68,49,83 70,48,72 54,31,44 56,35,52 67,43,59 66,42,60
194,108,37 185,98,32 135,72,21 127,65,23 178,111,61 172,101,46 144,81,28 127,68,20 116,61,16 126,79,27 171,96,26 140,77,24 155,84,31 153,83,23 152,84,25 125,63,7 150,83,31 142,79,26 164,85,10 79,52,45 83,49,31 83,52,44 53,34,7 50,32,13 48,33,13 53,36,12 51,34,8 48,35,14 45,28,20 48,34,16 70,44,19 62,43,20 41,21,12 41,20,5 35,20,9 33,22,7 37,21,19 35,21,23 32,18,20 31,17,17 32,20,22 45,33,33 86,60,48 99,76,61 63,41,33 67,46,33 79,45,23 57,35,15 36,25,20 41,29,29 59,42,48 77,58,62 115,68,59 71,35,43 50,36,38 55,36,50 59,45,69 71,55,93 51,41,70 64,48,73 58,34,43 58,33,45 55,31,37 63,42,59
187,104,37 198,120,49 135,65,14 139,73,25 120,69,16 188,121,24 134,68,18 142,83,26 128,75,22 117,63,15 115,65,19 143,75,16 118,53,16 127,81,22 142,76,21 166,94,30 170,94,34 201,108,15 163,99,53 163,89,21 98,54,24 97,56,36 93,58,33 46,29,21 55,42,19 77,43,23 67,41,18 83,62,37 97,62,24 70,40,23 73,43,26 72,47,28 98,63,48 115,70,37 32,11,0 33,20,15 32,21,14 36,22,24 34,21,16 36,21,12 40,24,18 40,26,26 48,31,32 66,44,38 55,35,28 81,50,29 88,61,73 70,44,21 49,28,17 40,26,26 45,33,38 58,45,53 61,48,58 72,53,60 60,40,33 59,35,41 55,34,49 59,41,66 55,44,69 52,33,49 53,34,41 54,30,36 61,36,50 48,27,42