24,18,13 27,21,16 27,21,14 25,21,15 27,20,18 25,21,15 29,18,13 38,26,42 42,32,36 54,47,61 53,48,75 56,50,75 58,43,65 54,45,67 52,42,62 51,41,61 53,46,60 46,39,49 37,31,38 27,22,19 39,29,28 51,42,53 48,40,59 44,35,57 46,40,61 49,39,57 39,28,35 42,31,38 43,31,43 46,32,45 43,30,40 43,32,41 38,27,36 46,35,44 45,33,45 43,32,39 46,34,48 47,36,45 40,29,36 40,26,26 42,28,28 43,30,27 34,22,24 32,22,23 31,22,18 42,32,36 44,34,38 43,32,41 48,35,43 47,33,46 24,15,28 22,16,7 20,13,13 22,12,11 22,12,11 21,15,8 21,15,10 26,17,11 22,15,13 23,16,14 26,20,15 26,20,15 27,20,20 30,23,26
26,20,15 24,23,16 23,19,13 26,22,16 27,20,18 23,19,13 27,16,11 29,18,25 42,32,36 50,43,57 53,48,75 55,49,74 58,43,65 58,49,71 55,45,65 57,47,67 37,30,44 29,24,26 26,21,18 25,21,13 34,27,27 45,33,38 56,47,71 55,46,68 48,42,63 55,45,63 46,34,46 47,35,47 47,35,47 47,38,49 40,38,48 44,32,46 45,34,43 44,33,42 44,32,44 46,35,42 47,36,45 46,36,40 46,35,42 42,28,28 43,29,29 45,32,29 36,24,26 35,25,26 36,27,23 42,32,36 44,34,38 46,32,34 51,35,33 52,35,36 40,28,44 26,19,17 21,14,14 23,13,12 22,12,11 21,15,8 22,16,11 21,15,8 20,13,11 22,16,11 24,18,13 27,20,20 28,21,21 28,21,24
26,20,13 24,18,11 24,18,11 24,17,15 48,23,35 26,19,19 25,20,17 26,20,13 49,36,29 44,37,47 60,55,82 56,50,75 56,45,68 54,43,66 59,48,71 51,41,61 28,23,22 25,20,17 25,21,11 27,21,14 27,20,18 29,21,29 44,32,37 70,47,74 53,47,70 57,46,69 47,35,47 44,32,44 47,35,47 46,34,46 49,34,44 49,32,33 50,33,36 47,34,44 47,35,47 47,35,47 47,36,45 50,37,47 48,33,41 49,33,29 47,31,29 46,32,34 44,32,34 46,34,36 43,32,29 48,32,28 42,32,33 45,31,33 47,31,25 48,32,30 50,38,28 54,47,61 21,15,10 21,14,14 22,12,11 21,15,8 23,17,12 23,17,12 21,17,11 23,22,15 27,20,20 27,20,20 29,22,22 28,21,24
37,22,13 26,22,16 26,22,16 24,23,16 22,17,14 26,19,17 25,21,15 40,28,18 52,34,29 45,40,56 60,55,82 45,39,60 56,46,66 59,49,69 55,44,67 26,24,25 24,23,14 25,21,11 26,17,11 26,20,13 25,21,15 33,26,26 47,35,37 58,47,74 60,55,84 52,42,60 51,39,51 57,45,57 49,40,51 42,31,40 41,28,36 52,35,27 58,39,41 47,33,48 56,43,40 63,47,45 61,45,43 62,46,44 50,35,43 57,38,24 55,35,26 49,34,25 50,34,28 42,30,20 41,25,10 75,42,15 64,35,2 54,33,29 57,40,43 57,41,37 51,35,31 80,67,104 27,19,25 23,16,14 20,13,11 21,15,10 24,18,11 24,18,13 23,19,13 24,18,11 28,21,21 28,21,24 28,21,21 26,20,25
27,21,14 23,22,15 24,22,18 26,22,16 23,17,10 22,18,12 26,20,13 26,21,18 21,14,14 26,22,31 56,50,73 47,39,58 47,37,55 48,38,56 51,41,61 24,23,14 27,23,13 26,22,12 23,22,13 23,24,14 25,20,17 38,20,31 40,28,33 64,54,83 63,56,84 39,35,48 43,31,43 44,32,44 43,34,45 58,39,43 81,46,21 124,66,11 68,40,13 64,42,22 52,34,43 66,48,45 62,47,55 66,47,51 66,44,38 76,45,26 65,41,33 49,32,22 43,27,21 50,33,23 78,34,4 26,15,8 80,44,13 73,41,9 52,37,15 62,42,33 62,42,33 91,69,91 42,32,36 21,14,12 21,14,12 21,14,12 23,19,13 21,17,11 22,18,12 43,34,26 24,18,13 26,19,17 29,22,20 26,19,19
24,18,13 24,18,13 26,20,13 26,20,15 22,16,11 26,20,15 26,20,13 23,19,13 25,20,17 17,15,11 21,13,21 21,14,26 42,33,46 45,33,47 28,19,30 27,23,15 28,22,15 26,22,14 26,25,16 25,21,13 26,20,15 41,19,27 34,22,24 57,46,71 59,52,82 34,27,39 44,32,44 46,34,46 58,39,41 101,61,52 77,44,17 52,27,10 45,24,9 82,42,8 77,45,29 74,45,39 82,57,56 81,54,49 87,55,39 93,53,19 73,46,28 51,32,18 61,39,21 90,53,11 81,43,8 28,19,13 26,20,15 54,28,5 54,33,8 46,27,13 72,50,44 93,65,84 38,27,34 22,15,13 20,14,9 24,18,13 26,17,13 23,17,12 23,17,12 21,17,11 26,20,15 26,20,15 28,21,19 26,19,22
26,17,13 26,17,13 49,39,15 21,20,11 20,15,12 22,17,14 26,22,16 25,21,15 26,20,15 28,19,11 29,22,25 21,17,30 41,36,54 52,42,60 40,26,39 43,35,41 28,21,19 27,21,14 25,21,13 23,22,11 25,21,13 28,19,15 33,24,35 46,33,54 58,51,79 47,35,47 43,31,45 62,44,53 104,72,58 61,40,27 26,17,9 24,18,13 21,17,9 37,24,3 88,53,17 86,50,44 89,52,37 96,62,44 94,53,35 122,65,23 67,36,13 52,31,18 83,50,25 68,38,12 25,17,6 20,19,12 22,18,10 23,19,13 60,37,6 63,33,7 79,45,25 115,74,54 57,41,35 39,26,23 21,14,12 21,15,10 23,17,12 21,17,11 26,20,15 26,20,15 23,17,12 28,22,17 28,21,21 28,21,24
26,20,15 23,17,12 22,18,12 26,17,13 25,15,14 24,14,13 20,13,11 29,20,14 37,29,37 25,20,17 19,11,17 16,12,21 30,26,39 48,40,57 49,42,56 50,37,56 50,38,52 36,24,38 23,18,15 23,17,8 30,21,13 31,24,24 47,37,38 54,45,60 43,32,41 53,39,54 61,47,60 80,58,63 70,48,42 22,18,10 20,21,11 21,20,11 22,16,9 22,16,11 84,50,16 73,36,10 123,68,39 118,72,46 122,65,25 99,49,16 119,68,33 72,49,46 32,19,12 24,18,11 25,16,10 23,19,11 23,22,15 23,22,15 59,33,8 64,34,6 95,47,2 129,72,28 117,62,0 125,69,6 41,33,50 23,17,12 22,18,10 25,21,13 26,20,15 25,21,15 24,18,11 28,22,17 24,17,17 26,19,19
44,25,27 29,20,14 25,21,15 23,17,12 24,15,11 29,20,14 27,15,15 30,19,12 19,12,15 17,15,16 42,35,49 31,27,36 38,33,49 27,20,30 35,28,40 42,33,48 55,44,67 35,26,39 47,35,47 42,33,44 27,21,12 21,20,13 40,30,31 50,40,44 57,45,57 47,36,43 53,40,50 76,55,55 25,21,13 21,20,11 23,17,10 25,21,11 20,16,10 21,17,11 26,17,9 85,46,7 178,99,37 149,85,59 160,85,22 121,63,8 62,39,36 45,28,20 26,20,13 26,20,13 25,21,13 21,20,11 21,20,11 23,22,13 40,26,8 49,27,7 117,68,19 139,71,10 158,80,0 135,77,11 85,74,108 28,21,24 22,18,12 39,31,18 27,20,18 26,17,13 26,16,15 27,21,16 29,18,25 28,21,24
25,21,13 26,22,14 26,22,16 24,23,16 23,17,12 24,18,13 23,13,17 21,14,14 15,15,15 13,13,10 40,33,43 42,35,47 46,40,61 39,32,46 30,23,35 33,26,38 43,36,46 42,35,49 57,45,61 54,42,56 28,20,26 20,15,12 16,14,12 16,14,15 22,15,15 31,24,22 46,34,39 93,67,57 26,20,13 26,20,13 23,19,11 25,21,11 18,17,10 18,17,10 32,19,16 50,28,8 241,124,15 201,109,29 146,87,41 142,77,20 83,64,68 27,20,18 23,17,10 24,18,11 24,18,11 21,20,11 24,23,16 23,17,10 33,21,11 58,32,9 74,50,26 75,45,30 58,39,25 53,34,18 82,68,92 45,34,41 23,16,14 23,17,12 24,17,15 26,16,15 47,25,33 28,21,24 30,20,21 24,22,23
28,23,20 28,23,20 27,21,14 28,19,15 23,17,12 20,13,16 32,12,24 19,12,15 13,13,13 17,15,13 13,13,13 19,12,15 32,25,39 40,35,51 47,39,58 39,32,42 29,23,30 38,34,43 56,36,48 52,36,51 54,46,65 48,41,53 26,19,17 24,17,20 23,17,22 16,14,15 55,33,41 48,26,20 28,19,11 25,21,13 21,20,11 18,17,10 21,15,10 21,15,10 66,50,48 62,45,37 76,34,0 79,45,25 78,52,38 80,49,37 83,57,61 24,14,15 24,18,11 21,20,13 27,21,16 26,22,16 27,21,16 26,17,9 44,28,22 44,29,9 37,26,21 40,26,10 37,27,15 33,23,22 33,20,15 54,42,56 26,19,19 27,20,18 22,17,14 24,18,13 24,17,17 27,20,23 27,20,23 26,21,23
69,46,59 71,50,46 62,46,63 28,21,31 12,11,14 12,11,14 61,18,42 16,11,13 15,15,15 15,15,15 17,15,16 21,15,20 16,13,19 22,15,25 19,11,19 41,35,42 44,40,51 44,32,46 37,25,30 36,26,30 54,29,41 60,48,64 46,38,57 45,34,43 49,29,39 50,30,40 51,33,44 42,27,37 32,22,21 23,17,12 19,15,9 27,14,11 96,65,73 56,28,30 30,21,15 37,26,19 53,36,26 54,35,23 53,40,33 48,36,38 50,32,41 23,16,16 24,18,13 26,17,11 33,20,15 32,20,22 29,32,22 30,19,14 46,34,22 46,34,22 37,29,16 42,27,16 33,22,15 29,20,14 30,19,14 32,23,19 29,19,20 29,19,18 49,24,38 27,20,20 24,17,20 24,17,20 27,22,24 26,21,23
65,43,48 71,50,48 66,49,55 56,40,57 55,45,63 47,37,55 24,10,23 47,35,47 21,15,22 16,10,15 36,27,38 33,25,31 23,21,22 33,28,25 23,20,24 26,20,27 19,15,24 42,33,44 35,24,31 36,21,29 39,20,24 39,25,30 44,25,39 59,40,54 47,30,36 39,25,30 58,36,44 82,51,62 120,63,73 106,59,66 87,41,54 30,26,35 53,33,45 152,104,146 42,23,30 20,14,19 17,10,10 29,20,16 20,15,17 23,17,12 33,24,18 21,16,13 23,17,10 24,18,13 24,18,13 27,26,17 26,24,20 27,23,17 33,23,13 24,13,10 20,13,16 27,16,13 14,12,10 14,12,13 38,26,40 24,17,17 27,20,20 27,20,20 29,22,22 27,20,20 27,20,20 26,19,19 24,17,20 23,21,22
66,48,43 65,48,38 72,55,45 63,46,49 72,54,53 61,46,54 54,40,55 77,58,65 69,53,70 45,34,41 36,29,39 41,32,43 35,32,38 26,20,27 20,12,18 31,22,33 36,30,37 19,13,20 44,35,46 43,27,40 39,26,34 49,31,42 41,22,29 69,35,44 60,31,36 55,27,29 75,44,50 63,30,34 65,32,36 73,38,43 55,31,40 40,18,21 54,28,32 62,28,37 74,29,37 43,34,47 30,20,24 24,18,13 29,19,20 54,41,51 19,14,11 23,19,11 28,19,15 25,21,15 24,23,16 26,22,16 29,19,18 27,23,17 28,22,17 24,14,13 12,11,14 22,17,19 25,20,17 27,21,26 58,46,60 27,20,18 27,20,20 26,19,19 26,19,22 27,20,20 26,19,19 26,19,19 26,19,22 24,22,23
61,47,73 60,46,70 62,46,59 70,52,47 72,53,39 69,53,51 59,43,41 62,48,50 68,54,59 40,28,30 25,19,24 29,21,29 42,35,45 37,45,52 28,22,29 19,11,19 31,22,33 41,32,43 26,17,28 41,27,32 22,11,18 29,22,32 62,46,61 67,36,44 55,30,31 55,26,31 56,30,34 59,31,33 54,29,30 58,28,29 54,29,30 55,30,29 58,27,33 60,25,30 121,39,51 55,41,56 26,15,22 50,40,44 53,41,46 54,42,54 39,29,30 31,22,18 26,20,15 23,22,15 25,24,15 36,26,25 31,19,19 26,22,16 29,23,18 16,14,12 17,15,13 33,23,24 27,22,21 52,41,50 56,44,58 24,18,13 24,17,17 27,20,20 28,18,22 22,33,22 28,18,19 27,20,23 23,17,22 20,18,19
69,46,35 71,47,41 71,52,59 67,51,78 67,53,77 58,45,64 46,32,34 65,58,86 59,49,69 33,25,31 19,16,20 16,10,15 35,24,33 39,32,42 36,29,39 27,21,28 20,13,23 37,30,40 45,36,49 23,17,24 13,13,13 16,14,15 66,36,49 45,23,26 51,28,29 54,29,30 53,28,29 50,25,26 46,23,22 51,26,27 54,29,30 51,26,25 40,17,18 33,16,17 101,48,61 47,35,51 46,34,39 40,28,33 48,40,46 49,37,51 34,26,32 45,34,41 25,21,15 29,20,14 28,23,11 25,24,17 26,24,20 28,22,17 26,19,19 21,15,20 29,17,29 43,30,25 27,22,19 28,22,27 58,46,60 26,19,19 28,18,19 26,19,19 28,21,24 30,23,26 24,14,18 40,32,38 24,21,25 19,14,16
35,18,21 41,24,25 55,38,30 61,40,25 69,52,42 68,51,54 52,37,28 66,46,37 63,47,45 30,23,26 16,11,10 19,16,20 19,8,15 30,22,28 40,31,42 36,28,36 33,25,31 29,21,27 41,33,41 51,38,57 23,15,21 40,28,40 50,27,38 48,26,29 47,26,26 47,24,25 47,26,26 44,26,25 37,25,27 13,11,12 32,21,28 29,15,17 27,19,25 27,22,24 25,18,28 27,19,27 38,28,32 38,27,34 49,41,47 53,42,51 39,28,35 38,27,36 32,21,30 50,37,45 40,31,27 47,39,45 43,28,36 43,34,45 37,29,37 46,35,42 36,28,34 34,26,32 30,23,26 22,15,18 28,22,27 23,16,19 31,21,22 32,22,26 33,23,27 28,18,19 27,15,20 29,22,25 42,31,40 23,21,22
23,16,16 24,17,17 31,19,21 59,43,28 54,35,21 51,35,22 49,34,25 47,32,23 33,24,16 33,24,18 29,20,14 28,18,17 37,20,23 25,15,16 37,25,25 42,31,38 35,24,31 33,22,29 56,37,44 83,63,73 48,33,41 46,26,36 43,26,32 42,25,26 40,24,22 40,24,22 43,24,26 42,26,24 16,11,13 18,13,15 32,20,22 46,33,52 60,54,77 39,34,52 28,22,29 33,21,33 24,17,20 20,13,16 19,12,15 18,12,17 14,12,13 14,11,15 21,15,20 42,31,38 17,17,17 20,17,21 22,16,21 21,13,19 27,23,17 20,15,14 20,13,13 40,16,10 24,14,18 28,18,19 27,20,23 27,19,25 32,22,26 33,23,27 30,20,24 37,27,28 33,23,27 40,28,33 45,38,41 53,41,53
62,42,35 65,45,38 76,54,48 43,31,21 51,36,27 44,34,24 31,25,20 33,25,14 33,24,16 32,23,17 34,29,17 25,22,9 55,40,50 36,24,24 43,30,27 46,32,37 50,36,41 40,26,28 47,36,33 45,33,35 56,41,49 43,24,28 38,21,27 40,23,29 36,22,22 38,22,20 40,24,22 40,23,24 26,14,16 32,20,22 38,19,21 29,20,16 38,27,24 39,29,30 45,33,35 52,33,37 44,32,34 45,32,42 39,28,35 25,22,26 16,13,17 20,17,23 18,12,17 20,14,19 14,11,15 13,13,13 13,13,13 14,12,13 14,12,10 15,15,15 11,13,10 24,14,18 23,16,19 24,17,20 25,15,19 26,19,22 25,20,22 24,14,18 24,13,20 31,22,18 28,18,22 40,30,34 50,38,43 55,40,48
85,57,44 81,53,40 101,73,60 41,25,21 32,21,16 30,28,29 30,21,13 32,23,17 31,25,18 29,23,16 28,22,15 26,21,20 37,26,35 36,25,22 45,29,23 41,29,19 45,31,33 47,35,40 55,39,35 63,46,47 44,27,33 31,19,21 36,19,25 36,19,25 36,19,22 35,19,17 38,21,27 34,17,20 27,15,17 37,25,27 34,17,20 32,21,18 33,21,21 38,26,26 39,27,29 39,26,23 35,21,21 34,21,16 36,24,24 31,21,20 32,22,23 33,23,24 30,20,24 31,20,27 24,21,25 19,14,16 17,15,16 13,13,13 19,14,16 20,14,19 17,24,22 24,14,18 21,14,17 24,14,18 29,19,23 31,21,25 30,23,26 32,22,26 39,28,35 39,29,33 47,36,43 42,31,38 46,34,39 52,39,49
85,56,50 74,45,39 74,47,40 31,25,20 31,22,16 33,24,18 32,23,15 28,22,15 27,23,15 28,21,19 74,61,69 64,48,75 71,51,63 36,26,14 32,23,17 64,48,33 70,53,45 61,47,52 34,20,22 63,47,45 76,55,74 43,29,34 32,18,23 34,20,20 36,22,22 37,20,23 37,20,21 34,22,24 39,25,30 46,32,37 34,20,25 76,54,57 63,41,33 64,47,37 59,39,32 45,32,27 45,34,29 42,28,28 33,22,19 39,26,19 35,57,50 33,24,20 26,16,15 24,14,15 19,12,15 18,13,12 19,12,12 16,14,15 22,12,16 25,15,19 23,16,19 32,19,27 30,23,26 36,26,30 39,29,33 39,27,29 39,27,29 46,34,34 44,34,35 46,36,40 40,28,33 39,27,32 46,34,36 43,31,36
59,42,34 59,42,34 63,46,38 32,23,17 31,22,16 31,22,14 31,22,14 33,23,22 41,28,36 30,19,26 31,21,25 52,31,46 70,33,62 26,15,12 22,23,15 27,21,14 69,48,35 67,46,31 51,33,32 63,42,57 63,44,51 37,20,23 22,12,16 35,21,23 40,24,20 38,21,24 40,23,26 45,28,31 62,39,52 57,28,38 38,21,27 68,42,48 60,40,31 53,36,28 47,31,27 49,33,27 49,36,31 48,30,27 42,29,26 34,23,20 29,20,16 29,19,18 32,23,19 24,15,11 36,24,24 23,16,19 20,13,16 19,14,16 21,14,17 24,17,20 20,18,19 26,21,23 27,22,24 29,22,25 31,24,27 20,13,16 27,27,27 27,19,27 33,21,26 44,32,37 45,35,39 49,32,38 42,32,33 48,34,39
71,45,35 85,59,49 86,58,45 28,24,16 26,22,16 47,33,35 30,18,20 32,18,20 37,20,23 41,22,29 33,21,23 55,36,43 102,54,66 27,23,15 24,18,11 19,18,7 71,48,33 78,52,38 77,49,47 95,75,85 38,21,24 38,19,23 31,19,21 31,14,17 75,51,45 78,56,59 74,52,60 52,35,36 67,41,50 72,37,54 111,63,77 41,22,29 60,38,30 70,47,36 85,59,47 70,47,32 71,45,31 65,42,31 67,46,35 67,46,35 56,39,29 33,20,17 24,12,14 32,20,20 51,31,22 56,40,34 37,26,21 28,18,22 23,20,24 21,18,22 26,23,27 25,23,24 28,23,25 30,25,27 36,26,30 22,17,19 27,19,25 24,16,22 53,24,34 33,21,26 47,35,40 47,35,40 51,34,40 45,31,36
87,57,42 96,61,46 95,58,45 36,25,20 31,17,22 31,17,19 35,21,23 48,24,33 47,25,30 45,28,34 38,19,26 55,30,42 51,28,29 26,22,14 23,19,9 18,13,12 68,45,34 74,51,36 87,56,44 69,49,61 50,28,33 49,25,31 38,21,24 63,34,39 63,45,42 62,44,43 63,45,44 67,43,35 67,43,47 86,50,70 70,39,47 81,45,58 112,82,67 87,57,40 107,73,55 99,67,51 101,67,49 88,58,41 86,56,39 88,61,45 82,54,41 60,38,20 36,23,20 36,27,23 36,25,20 51,33,30 48,35,30 41,28,25 31,21,22 27,21,26 28,25,29 30,24,29 30,24,29 37,27,31 37,27,31 22,17,19 26,18,24 24,13,20 44,22,30 31,24,27 39,29,33 40,30,31 38,28,29 45,33,35
51,35,29 44,28,22 30,18,18 32,20,25 41,24,27 51,27,36 57,31,37 44,22,30 63,34,41 56,31,32 48,27,27 60,34,53 58,28,31 88,38,48 62,29,33 52,30,35 51,34,24 59,40,26 73,47,37 55,33,38 41,23,22 38,20,19 33,21,21 34,10,14 80,57,54 68,48,41 67,44,29 68,44,36 24,13,22 70,48,42 58,31,24 76,51,63 92,66,45 75,48,32 65,44,29 39,22,12 35,19,13 31,20,13 37,21,15 50,33,23 83,60,47 69,44,27 42,26,11 63,46,38 43,30,25 41,27,27 36,23,18 40,27,22 40,29,24 39,27,27 29,22,25 30,23,26 33,26,29 36,26,30 39,29,33 27,22,24 30,20,24 23,16,19 44,31,41 57,45,61 51,40,47 30,20,24 33,26,29 34,22,24
38,26,26 35,21,21 41,22,24 46,24,32 58,32,38 67,33,42 44,22,27 47,23,32 68,34,43 48,25,26 61,31,34 88,34,41 65,33,30 58,32,20 101,70,62 44,26,21 43,27,25 48,32,30 99,70,64 79,54,66 54,30,34 52,28,32 48,26,29 96,54,61 98,62,44 92,47,24 89,55,37 49,36,33 31,19,33 117,88,112 96,71,94 137,96,122 58,40,35 32,23,17 37,28,20 32,22,21 33,24,16 29,20,14 26,20,15 26,20,13 24,18,13 27,23,17 73,54,40 82,55,37 67,47,29 62,43,27 37,21,17 34,21,18 41,26,17 60,41,29 53,34,20 42,28,28 39,29,33 39,29,33 39,29,33 34,27,30 30,23,26 23,18,20 57,45,57 72,57,77 59,50,63 19,13,18 16,11,13 23,13,14
54,29,28 60,34,38 66,31,36 76,37,46 73,39,46 66,37,47 50,28,33 63,32,40 58,29,34 81,33,47 51,29,23 69,36,29 102,60,63 48,21,16 43,32,27 16,16,16 29,17,17 32,20,20 78,53,54 50,29,27 48,27,27 48,27,27 45,22,23 41,23,22 160,84,60 131,70,34 118,66,34 77,52,49 29,16,24 17,10,13 41,19,27 13,13,13 20,18,19 51,33,42 80,45,62 40,26,26 38,25,20 34,24,14 29,20,14 26,22,14 26,22,14 26,20,13 27,21,14 68,48,39 68,41,23 80,54,31 70,44,32 42,29,24 44,28,22 58,39,23 87,56,33 67,41,20 44,33,40 43,32,41 42,32,36 44,34,38 42,34,40 28,18,22 57,46,55 64,49,69 57,41,56 20,14,19 19,12,15 22,12,16
30,19,12 30,21,15 30,24,17 54,29,28 73,40,44 45,23,26 58,32,36 66,36,39 53,27,31 58,28,29 47,24,25 56,30,20 69,43,29 45,27,24 65,38,33 47,31,27 13,13,10 23,16,16 78,49,59 79,48,59 62,36,42 61,35,41 59,28,36 106,55,70 197,92,89 149,80,24 155,80,17 106,63,44 31,19,24 20,15,17 19,14,16 39,25,30 13,13,13 14,12,13 16,10,15 30,17,25 109,75,84 41,22,26 32,23,17 31,22,16 23,22,13 26,20,13 28,22,13 25,24,17 43,30,23 79,56,41 74,45,25 67,43,21 55,39,26 51,34,24 95,58,32 115,69,32 86,57,33 54,38,53 45,32,42 38,28,32 42,31,38 28,18,19 56,45,54 66,53,74 50,38,52 26,19,22 21,15,10 25,20,17
32,23,17 32,23,17 32,23,19 45,26,28 49,24,25 56,30,34 71,36,41 66,36,37 58,28,27 70,37,28 66,33,33 75,39,19 56,35,20 43,18,19 33,18,9 18,13,12 16,13,17 37,28,24 74,43,54 63,34,41 60,35,36 62,37,38 64,36,38 89,46,56 201,96,109 197,95,7 183,98,18 89,60,54 34,19,27 18,13,15 18,13,12 21,11,15 52,30,35 22,15,15 14,12,13 13,12,15 16,10,15 33,19,24 58,39,41 35,22,17 26,22,14 26,22,14 24,23,14 25,24,17 26,22,16 36,25,18 86,61,44 83,58,39 61,42,26 60,39,24 92,51,20 93,45,18 100,56,28 74,48,36 58,44,61 42,31,38 46,36,35 32,23,19 51,40,49 64,50,74 45,31,46 30,19,28 20,16,10 24,18,13
26,20,13 30,24,17 33,24,18 61,35,39 60,31,36 70,34,42 77,37,43 55,27,29 60,32,23 87,42,19 66,33,22 75,34,18 80,42,23 41,28,21 94,65,43 67,46,31 50,37,30 42,26,22 79,53,72 88,57,79 81,51,64 82,47,50 171,90,108 238,132,163 255,143,157 245,117,3 122,61,16 83,58,59 44,22,27 16,11,10 26,16,20 14,11,15 24,14,15 56,30,36 24,14,15 11,13,13 13,13,13 14,12,13 9,14,13 66,44,49 30,21,15 32,23,17 28,24,16 30,21,15 31,22,16 33,24,16 35,27,16 42,27,18 96,65,44 82,51,28 123,68,23 120,67,24 124,68,21 94,46,19 69,50,64 50,36,41 54,42,32 40,29,22 42,32,33 58,46,62 53,39,56 39,27,39 21,15,10 26,20,15
25,21,13 27,23,15 33,24,20 58,30,32 69,35,42 70,35,40 71,35,43 56,31,32 64,31,20 90,42,15 75,42,17 89,40,18 45,32,25 64,40,14 91,55,33 91,60,39 74,43,31 44,25,27 82,49,68 95,64,82 76,41,56 96,51,59 153,76,88 205,115,146 248,133,165 255,133,131 86,57,37 67,51,66 60,30,33 16,11,13 30,18,20 16,11,13 18,13,12 55,35,28 101,39,49 19,13,20 71,32,41 29,15,15 16,15,8 18,13,15 40,28,30 32,23,15 25,19,24 62,60,98 107,88,90 36,24,29 33,27,18 31,25,16 61,39,21 84,53,30 134,71,20 143,73,15 119,66,25 129,72,30 113,62,23 50,33,34 63,47,32 57,41,28 43,30,25 56,40,53 61,47,64 54,42,54 21,14,12 26,17,13
28,22,15 28,22,15 58,33,34 67,32,35 74,34,40 75,33,38 58,29,36 66,36,37 75,38,23 80,39,21 76,38,19 66,34,18 14,12,10 55,46,31 105,66,38 90,59,38 107,69,50 104,65,79 94,63,85 86,58,77 93,46,55 156,74,86 217,106,123 239,129,159 255,140,170 248,121,132 92,64,53 49,39,59 60,34,38 11,13,13 20,13,16 27,15,20 17,10,13 16,11,13 111,58,33 113,53,53 94,41,18 58,29,23 32,21,14 32,21,16 33,22,19 30,21,15 58,57,92 42,42,70 78,64,77 98,82,97 51,39,53 29,23,16 67,43,19 94,65,43 99,63,32 161,79,7 129,61,21 94,42,10 96,45,10 59,41,38 69,49,31 55,34,21 48,34,20 54,41,51 70,53,73 60,46,61 23,13,12 21,15,8
31,25,16 34,23,18 70,35,38 63,38,37 37,19,16 50,32,27 74,40,47 74,36,28 88,42,26 87,40,19 88,42,24 66,34,20 77,44,48 67,34,38 79,52,64 66,37,44 70,36,48 92,52,69 86,60,79 79,48,66 107,53,62 150,70,81 191,98,111 217,121,154 255,147,191 255,139,158 90,52,33 60,51,75 50,32,31 13,13,13 16,11,10 59,28,34 28,14,14 45,22,21 73,39,19 98,46,25 121,57,31 98,43,43 98,42,45 48,32,26 32,23,17 39,32,42 40,41,73 31,29,51 30,22,28 48,31,32 98,79,86 62,54,60 36,23,16 65,41,17 63,39,15 146,69,9 139,64,1 109,64,20 132,77,32 91,54,41 67,49,28 58,42,25 72,52,32 56,41,51 74,57,77 73,57,72 21,16,13 19,18,11
31,22,16 62,34,34 39,21,16 33,24,16 38,23,14 49,24,23 75,35,37 81,42,30 98,46,25 97,46,18 83,38,17 46,18,18 71,49,71 48,28,40 47,26,22 41,22,26 75,49,55 65,39,45 76,49,61 74,43,49 99,47,53 111,58,62 138,65,76 163,75,91 189,92,111 225,109,123 255,136,141 59,43,72 45,26,30 13,13,13 14,12,13 41,20,20 99,49,43 76,35,35 103,47,23 138,61,26 139,62,27 124,57,30 91,45,27 62,29,22 118,104,121 37,31,52 41,37,61 70,48,28 83,54,34 86,51,26 97,67,41 58,47,40 24,18,13 63,42,29 80,51,29 118,65,10 221,111,0 68,37,14 113,75,40 197,115,43 78,54,32 72,49,36 83,54,30 64,47,50 79,58,84 57,41,54 20,13,13 18,17,8
34,21,16 32,19,14 31,22,14 32,23,15 35,22,15 67,39,37 80,40,31 95,47,20 99,48,20 95,49,21 66,29,26 49,31,40 45,23,28 49,27,21 41,24,14 41,19,22 57,31,37 71,45,51 67,38,45 69,40,45 87,44,54 101,49,59 118,61,69 136,62,76 157,75,89 183,84,97 238,115,125 69,36,40 35,21,23 14,12,13 22,15,18 26,16,17 57,31,21 93,45,27 112,53,23 135,58,21 148,59,28 150,61,30 99,45,36 142,93,96 68,68,107 38,35,52 37,28,39 58,40,35 90,71,57 57,40,30 95,70,71 40,27,37 28,21,24 31,18,11 88,57,34 65,47,28 52,31,18 159,92,40 101,61,36 247,117,0 76,53,24 65,40,37 92,57,30 71,49,52 75,55,78 66,52,52 22,15,13 20,15,12
31,22,16 30,21,15 32,23,17 32,23,15 63,35,35 78,40,32 97,46,20 102,47,16 111,54,23 80,42,21 47,22,23 58,29,23 65,29,21 57,31,17 24,12,14 54,28,32 64,38,42 58,35,36 66,33,35 86,44,49 148,71,81 159,81,98 163,85,109 162,89,119 137,63,77 158,77,84 214,102,113 195,88,99 42,28,28 18,13,15 34,17,20 23,16,16 49,23,13 101,52,30 123,54,25 128,54,16 153,70,30 90,71,105 62,62,99 70,60,89 51,46,73 38,35,62 45,33,38 43,32,29 48,35,30 42,33,29 42,32,31 48,42,63 186,156,157 103,77,81 80,53,35 77,52,35 55,40,29 108,79,57 89,59,42 90,64,50 90,61,39 94,58,36 89,59,33 81,56,57 68,49,65 67,49,48 25,20,19 20,16,10