39,25,27 38,24,26 35,21,23 33,19,21 33,19,21 26,16,17 34,20,22 27,13,15 31,17,19 29,17,19 32,18,20 30,18,20 34,20,22 32,18,20 30,18,20 22,12,13 26,16,17 29,17,19 25,15,16 26,14,16 31,17,19 32,18,20 32,18,20 32,18,18 22,15,15 23,16,16 24,14,15 22,12,13 21,11,12 22,10,12 21,11,12 19,12,15 15,10,12 28,30,46 39,46,60 22,25,32 12,10,18 10,10,10 11,9,10 24,12,14 42,29,24 22,10,10 21,11,15 20,8,13 20,8,13 20,8,10 20,8,10 19,9,13 22,10,12 18,8,9 22,10,12 23,13,14 21,11,12 21,11,12 22,12,13 22,12,13 22,12,13 21,11,12 20,8,10 22,12,13 23,13,14 26,12,14 24,10,12 22,10,12
42,28,30 36,22,24 35,21,23 33,19,21 32,18,20 31,17,19 34,20,20 35,21,23 34,20,25 33,19,21 33,19,21 31,17,19 26,16,17 30,18,20 23,13,14 23,13,14 25,15,16 30,18,20 24,14,15 23,13,14 34,20,22 33,19,21 32,18,20 33,19,21 24,17,17 23,16,16 23,13,14 20,13,13 22,12,13 22,10,12 20,13,13 22,11,18 45,54,79 45,56,83 27,30,39 11,14,21 10,9,14 10,9,12 10,9,12 10,10,10 22,12,13 50,39,36 22,10,15 20,8,13 20,8,13 19,9,13 20,8,13 19,9,13 20,8,13 19,9,10 24,12,14 22,12,13 19,14,13 22,12,13 17,10,10 23,13,14 22,12,13 23,13,14 24,14,15 23,13,14 19,9,10 20,8,10 24,10,12 22,10,12
39,25,27 36,22,24 36,22,24 35,21,23 35,21,23 31,17,17 34,20,20 36,22,22 38,24,26 32,18,20 35,21,23 31,17,19 29,17,19 32,18,20 28,18,19 30,18,20 26,16,17 29,17,19 26,16,17 24,14,15 23,13,14 26,16,17 33,19,21 34,20,22 30,18,18 26,16,17 24,14,15 22,12,13 22,10,12 24,10,12 22,15,18 51,64,92 42,51,74 28,32,45 14,14,24 11,9,17 10,8,16 10,8,16 10,9,12 11,11,11 19,8,15 25,15,19 55,42,39 23,11,16 22,10,15 19,9,13 18,8,12 18,8,12 19,9,10 19,9,13 19,7,12 22,8,10 22,10,12 22,12,13 22,12,13 22,12,13 23,13,14 23,13,14 23,13,14 22,12,13 23,13,14 22,12,13 18,8,9 23,11,13
40,26,28 38,24,24 39,25,27 34,20,22 34,20,22 38,24,26 32,18,20 36,22,22 35,21,23 36,22,24 32,18,20 27,15,17 34,20,22 29,15,17 32,18,20 31,14,17 31,19,21 28,18,19 25,15,16 25,15,16 24,14,15 23,13,14 33,19,21 33,19,21 33,19,21 31,17,22 23,13,14 25,15,16 20,13,16 19,14,16 47,60,88 42,45,65 27,30,39 14,17,24 8,13,19 8,9,14 11,10,15 10,8,16 10,9,12 12,10,11 18,7,14 19,11,19 25,15,16 56,43,40 25,11,11 20,8,10 21,11,12 20,13,13 17,7,11 19,9,13 19,9,13 21,11,12 22,10,12 22,12,13 19,9,10 22,12,13 23,13,14 22,12,13 23,13,14 22,12,13 23,13,14 22,12,13 22,12,13 22,12,13
41,27,29 36,23,20 36,23,20 33,19,21 34,21,18 38,25,22 34,20,22 33,19,19 36,22,24 38,25,22 35,21,23 34,20,22 33,19,21 29,17,19 29,17,19 29,19,20 26,14,16 31,17,19 24,14,15 28,14,14 26,16,17 25,15,16 23,13,14 33,19,21 33,19,21 29,17,19 27,15,17 23,13,14 22,22,34 55,66,93 38,44,61 28,33,43 24,24,34 22,20,28 18,18,26 14,17,24 9,10,13 10,10,10 10,10,10 11,9,10 14,9,11 22,11,18 22,14,20 24,12,14 56,43,40 25,11,13 22,10,12 24,10,12 21,11,12 21,11,12 19,9,13 18,8,9 24,10,12 22,10,12 21,11,12 22,12,13 23,13,14 23,13,14 22,12,13 22,12,13 23,13,14 23,13,14 24,12,14 25,11,13
41,27,29 39,25,27 38,24,24 35,21,26 38,25,22 38,24,24 34,20,20 35,21,21 34,20,22 36,23,20 36,22,24 34,20,22 35,21,23 31,19,21 27,15,17 26,16,17 27,15,17 28,18,19 23,13,14 27,15,17 27,15,15 23,13,14 26,16,17 27,15,17 32,18,20 25,15,16 29,19,23 50,54,69 35,45,63 31,38,52 25,28,39 22,22,32 17,17,25 16,16,24 13,16,23 14,14,24 10,10,10 10,10,10 12,10,11 14,8,13 16,10,15 17,9,15 21,19,20 28,18,19 33,21,23 56,42,44 25,11,11 21,7,9 19,9,10 22,10,12 21,11,12 21,11,12 22,8,10 18,8,9 24,10,12 23,11,13 22,10,12 23,13,14 22,12,13 23,13,14 22,12,13 22,12,13 23,13,14 23,11,13
38,25,22 38,25,20 38,25,22 36,22,24 38,25,22 40,27,24 36,23,20 35,21,23 38,25,22 35,21,23 35,21,23 32,18,20 33,19,21 33,19,21 28,18,19 29,17,19 26,16,17 28,18,19 26,14,16 24,14,15 26,16,17 25,16,12 28,18,19 28,18,19 24,14,18 69,78,101 49,59,95 40,43,63 28,32,45 33,36,45 23,24,29 20,20,28 15,15,23 16,16,24 14,17,24 19,17,27 13,12,15 14,9,11 14,9,11 20,7,15 22,12,16 19,12,15 22,15,18 26,19,22 32,22,23 42,32,36 45,35,39 32,18,20 19,9,8 22,8,10 17,7,8 21,14,17 22,12,13 23,13,14 24,12,14 24,10,12 24,10,12 22,8,10 20,13,13 22,12,13 22,12,13 22,12,13 23,13,14 24,10,12
43,27,25 40,27,24 36,22,22 36,23,20 38,25,22 39,26,23 41,28,25 36,23,20 39,26,23 35,21,23 34,20,20 33,19,21 34,20,22 33,19,21 33,19,21 29,19,20 31,19,21 28,18,19 25,13,15 24,14,15 26,16,17 26,16,17 30,18,20 28,22,27 75,94,143 53,70,101 39,45,66 34,38,53 36,40,55 27,32,38 21,21,31 20,20,28 20,20,30 21,21,31 33,31,41 48,44,53 47,36,45 48,30,39 29,16,26 20,14,19 18,12,17 22,15,15 26,19,19 30,20,21 34,22,27 43,33,37 47,36,43 57,43,48 50,38,40 22,10,12 19,7,9 19,7,9 22,8,10 25,11,13 23,13,14 23,13,14 23,13,14 21,11,12 22,12,13 22,12,13 23,13,14 22,12,13 21,14,14 19,9,10
45,32,29 45,31,31 38,25,22 39,26,23 34,21,18 42,29,26 39,26,23 42,29,26 40,27,24 36,23,20 40,26,26 35,21,23 34,20,22 34,20,22 34,20,22 30,18,20 32,18,20 28,18,19 26,16,17 24,14,15 25,15,16 24,14,15 28,18,19 36,46,82 50,68,106 48,59,86 40,50,70 39,45,62 39,46,60 47,49,63 47,50,61 68,66,76 83,79,88 71,65,70 67,57,61 65,58,58 73,62,69 80,69,78 83,77,84 78,70,76 97,83,88 99,70,75 48,34,36 39,27,29 46,32,37 47,36,43 51,38,48 58,40,51 63,46,52 65,47,46 22,12,13 25,11,13 22,12,13 22,12,13 22,12,13 23,13,14 22,12,13 22,12,13 23,13,14 22,12,13 23,13,14 22,12,13 20,13,13 22,10,12
46,33,30 45,32,29 39,26,23 39,26,23 38,25,22 41,28,25 46,33,30 43,30,27 43,30,27 39,26,23 40,27,24 38,24,26 35,21,23 34,20,22 34,20,22 34,20,22 30,18,20 29,15,20 25,15,16 23,13,14 23,13,14 22,12,13 21,18,22 68,89,137 56,74,110 58,71,99 28,39,66 55,59,74 45,38,36 43,34,17 51,36,14 61,39,19 68,42,19 71,45,22 70,44,19 75,45,19 77,47,21 75,42,17 76,42,20 64,40,16 57,35,17 52,31,16 49,29,11 50,35,26 86,64,72 112,83,90 71,49,57 62,45,51 69,50,54 71,49,54 39,25,25 22,10,12 22,12,13 22,12,13 22,12,13 22,12,13 23,13,14 23,13,14 22,12,13 21,11,12 22,10,12 22,10,12 23,11,13 21,11,12
46,33,30 45,32,29 40,27,24 41,28,25 39,26,23 41,28,25 45,32,29 42,29,26 42,29,26 38,25,22 44,28,26 36,24,24 38,25,22 32,18,20 32,18,20 31,17,19 32,18,20 26,19,19 27,15,17 30,18,20 24,14,15 23,13,14 62,67,91 63,84,123 36,52,79 57,75,113 59,70,99 43,36,34 43,33,21 45,36,21 53,39,14 72,43,19 91,50,23 105,55,22 110,61,25 108,62,23 114,69,25 110,64,23 107,58,22 100,56,30 84,49,22 77,44,17 81,50,29 64,43,18 50,30,23 91,74,77 48,29,33 154,115,129 83,57,63 74,52,57 63,49,49 25,13,15 22,12,13 22,12,13 22,12,13 20,13,13 22,12,13 23,13,14 23,13,14 22,12,13 19,9,10 22,12,13 22,12,13 21,11,12
47,34,31 47,34,31 39,26,23 42,29,26 43,30,27 43,30,27 45,34,31 43,32,29 40,29,26 41,28,25 39,26,23 40,29,26 40,27,24 33,20,15 34,20,20 26,14,16 27,15,17 27,15,20 26,16,17 29,19,20 26,16,17 26,16,17 44,60,96 52,48,61 64,86,129 63,80,125 44,44,52 42,41,34 56,43,36 64,47,37 62,43,27 62,43,18 69,40,16 82,47,20 130,68,28 136,78,25 140,80,26 140,78,22 113,62,27 78,47,24 89,56,31 103,63,38 115,68,34 119,68,40 102,62,37 77,48,26 93,71,76 61,43,52 36,22,27 106,82,88 67,45,48 30,18,20 24,14,15 25,15,16 21,11,12 19,9,10 21,14,14 22,12,13 22,12,13 17,7,8 21,11,12 22,12,13 23,11,13 22,12,13
45,32,29 43,30,27 41,28,25 42,29,26 41,28,25 41,28,25 46,33,30 46,33,30 43,30,27 43,30,27 43,30,27 41,28,25 38,25,22 35,22,19 35,22,19 32,18,20 30,18,20 25,15,16 28,18,19 29,17,19 25,15,16 29,24,26 12,11,14 39,50,81 68,89,137 61,68,91 47,48,36 64,51,28 81,51,25 84,51,26 87,52,25 88,54,24 82,54,25 84,54,26 110,63,29 135,77,22 151,77,23 153,87,32 123,75,32 114,70,28 116,68,25 125,72,19 135,80,24 145,85,31 146,88,35 118,67,32 82,54,41 105,76,86 68,51,57 43,33,37 55,48,51 69,53,51 24,14,15 25,15,16 24,14,15 23,13,14 22,12,13 21,14,14 23,13,14 20,8,10 22,12,13 23,13,14 22,12,13 22,10,12
43,30,27 42,29,26 42,29,26 46,33,30 41,28,25 42,29,26 38,25,22 43,30,27 45,32,29 46,33,30 43,30,27 42,29,26 36,23,20 35,21,21 35,22,19 32,20,22 23,13,14 28,18,19 21,14,14 29,19,20 31,19,21 25,15,16 23,16,19 74,102,156 73,86,116 47,45,43 53,51,33 64,48,33 55,44,29 64,50,32 91,57,23 102,60,22 79,46,19 62,39,24 70,46,22 111,61,28 141,74,24 152,83,29 135,77,24 112,66,29 97,53,27 100,54,26 114,62,32 119,65,29 130,75,34 127,75,25 100,61,22 91,67,76 95,66,73 75,51,57 24,14,13 25,15,16 23,16,16 23,13,14 23,13,14 24,14,15 23,13,14 24,12,14 23,11,13 20,8,10 22,12,13 23,13,14 23,13,14 22,12,13
39,26,23 42,29,26 46,33,30 47,34,31 42,29,26 38,27,24 36,23,20 42,29,26 46,33,30 45,32,29 42,29,26 45,32,29 40,27,24 38,24,24 35,21,23 35,21,23 28,18,19 27,15,17 29,19,20 27,15,17 29,17,19 29,22,25 40,36,45 78,105,162 65,65,77 51,50,39 49,46,33 54,44,32 70,44,32 81,54,38 87,51,29 107,57,26 104,58,30 57,35,17 41,37,27 68,46,28 115,61,25 133,72,25 142,76,26 105,58,26 102,64,47 143,89,71 218,137,108 210,130,98 121,67,33 134,81,28 118,71,21 57,39,38 110,81,88 88,62,68 52,39,36 24,14,18 23,16,16 23,13,14 24,14,15 26,16,17 23,13,14 25,15,16 22,12,13 19,9,10 23,13,14 23,13,14 23,13,14 22,12,13
45,32,29 39,26,23 47,34,31 45,32,29 48,35,32 39,28,25 37,26,23 40,27,24 45,32,29 43,30,27 41,28,25 40,27,24 38,25,22 39,25,30 38,24,26 35,21,23 29,17,19 34,20,22 29,17,19 26,14,16 28,18,22 60,74,113 65,79,118 66,87,124 42,38,30 55,53,35 57,53,34 56,53,38 57,46,39 62,46,40 37,21,17 80,48,34 82,43,29 56,42,26 50,46,38 53,42,35 67,45,27 89,56,29 113,64,28 91,55,45 90,59,47 78,41,28 94,68,56 255,171,128 255,154,116 138,78,26 134,79,25 81,52,28 108,82,91 95,66,73 58,40,39 62,48,48 24,14,15 25,13,15 23,16,16 20,13,13 23,16,16 24,14,15 22,12,13 19,9,10 22,10,12 21,11,12 22,12,13 23,13,14
42,29,26 40,27,24 46,33,30 45,32,29 45,32,29 47,34,31 40,27,24 38,25,22 40,27,24 41,28,25 35,22,19 45,31,31 38,24,24 39,25,25 38,24,26 34,20,22 33,19,21 34,20,22 30,18,20 29,17,19 44,45,64 60,82,123 61,76,108 52,57,67 54,50,33 54,46,33 52,47,35 51,42,34 48,42,33 46,36,26 36,25,18 37,32,20 49,45,35 55,44,41 82,49,40 94,52,41 98,52,36 96,53,36 100,54,36 84,52,22 100,49,23 86,34,15 91,41,24 209,126,86 145,74,30 144,78,30 140,78,22 131,79,29 48,35,43 105,80,92 48,31,34 90,66,70 26,16,17 25,15,16 21,16,15 22,12,13 25,15,16 23,13,14 24,14,15 24,14,15 22,12,13 24,10,12 22,10,12 23,13,14
39,26,23 39,26,23 42,29,26 45,32,29 46,33,30 45,32,29 45,32,29 36,23,20 38,26,26 38,24,26 40,26,26 43,30,27 39,26,23 39,25,25 36,22,24 36,22,24 35,21,23 31,19,21 28,18,19 26,19,19 43,51,79 52,68,97 36,42,59 37,35,43 50,44,37 54,43,38 53,42,37 49,46,33 46,46,32 46,45,38 43,44,36 49,47,43 54,47,45 81,50,42 103,53,38 114,56,32 122,58,32 129,58,37 127,60,33 125,64,32 108,63,30 91,49,25 116,61,32 124,68,32 124,68,32 114,63,28 114,59,30 110,59,31 45,29,25 62,49,57 95,66,76 102,73,80 73,56,57 28,18,19 24,14,15 23,11,13 24,17,20 22,12,13 23,13,14 23,13,14 22,15,15 24,14,15 24,10,10 22,8,10
39,26,23 39,26,23 36,23,20 43,30,27 45,32,29 42,29,26 41,28,25 39,26,23 36,22,22 39,25,25 34,20,25 34,20,22 40,26,28 34,20,22 35,21,23 34,20,22 35,21,23 33,21,23 24,17,17 28,21,21 57,73,113 47,60,88 35,39,52 30,30,42 36,34,46 48,42,49 50,38,43 45,38,38 45,34,41 42,35,35 42,41,34 51,45,40 56,43,36 87,52,37 128,61,34 143,65,35 149,68,34 160,74,42 157,76,44 145,73,38 131,65,35 111,61,30 92,50,28 83,44,32 82,45,32 86,47,33 81,43,33 61,37,31 63,46,49 104,75,82 121,85,95 117,83,92 70,46,50 30,20,21 30,18,23 23,11,13 23,13,14 23,13,14 24,14,15 23,13,14 23,16,16 24,14,15 23,13,14 26,16,17
41,28,25 42,29,26 42,29,26 41,28,25 46,33,30 45,32,29 42,28,28 39,25,25 35,22,19 38,24,24 34,20,25 34,20,22 36,22,24 35,21,23 36,22,24 35,21,23 35,21,23 34,20,22 29,22,22 27,20,20 60,76,116 51,59,87 36,38,54 28,28,38 21,21,31 20,20,30 22,24,38 36,34,42 44,32,34 32,28,22 39,39,34 39,35,27 44,35,27 65,43,25 110,52,26 127,58,29 135,62,32 145,64,35 141,68,36 124,63,29 125,64,32 118,62,28 92,48,22 79,40,28 66,38,27 65,36,32 73,46,41 74,51,52 95,66,71 118,84,93 129,90,101 124,93,101 89,65,69 29,17,19 29,22,25 25,15,16 24,14,15 22,12,13 22,12,13 23,13,14 27,20,23 25,15,16 24,14,15 26,19,19
40,27,24 40,27,24 41,28,25 38,25,22 41,25,23 40,27,24 46,32,32 37,25,27 38,24,24 35,21,23 38,24,26 40,26,31 33,19,21 35,21,23 35,21,23 32,18,20 33,19,24 34,20,25 29,17,22 24,28,43 62,80,116 46,58,82 36,38,52 32,35,42 16,20,24 21,21,29 22,22,30 23,23,31 23,26,35 26,30,43 30,33,40 29,33,46 33,31,41 30,28,36 29,24,26 30,18,23 39,21,18 44,24,17 51,35,31 56,42,47 57,44,41 60,47,44 62,45,46 62,46,44 64,46,45 66,48,47 71,50,50 80,56,60 105,76,83 121,85,98 139,96,111 124,88,98 103,77,83 29,19,20 26,18,24 26,19,19 27,15,15 26,14,16 22,12,13 27,15,17 24,14,15 23,13,14 21,14,14 24,17,17
39,26,23 39,26,23 38,25,22 39,26,23 35,22,19 34,20,20 41,27,29 40,28,30 38,26,28 36,22,24 39,25,27 38,24,26 34,20,22 34,20,22 33,19,21 33,19,21 35,19,17 32,18,18 32,18,20 48,58,92 57,72,104 47,54,77 39,37,49 23,23,31 20,21,26 24,25,30 22,22,32 22,22,32 27,25,35 28,28,38 26,29,38 24,24,34 22,22,32 25,23,31 24,21,27 26,23,27 27,20,23 38,24,29 43,31,33 42,34,40 48,36,41 53,41,41 60,41,43 62,44,43 73,52,52 88,63,64 92,63,68 100,69,75 120,84,97 108,83,95 145,99,112 130,91,102 115,84,95 28,14,16 26,16,17 26,15,12 34,18,12 33,17,15 29,15,15 29,16,13 24,14,15 32,18,18 22,12,11 23,13,14
42,29,26 42,29,26 38,25,22 36,23,20 35,22,19 36,22,24 33,19,21 38,24,26 40,26,28 34,20,22 36,22,24 38,24,26 38,24,26 36,22,24 35,21,23 31,19,21 34,20,20 31,20,17 26,16,17 53,70,113 56,71,103 43,50,73 30,30,40 23,23,33 25,24,29 44,38,43 22,22,30 22,22,30 37,34,40 29,29,39 26,24,34 26,24,32 27,26,31 25,23,31 26,20,25 31,24,27 34,22,24 46,32,34 59,45,45 49,35,40 52,38,43 62,46,42 66,48,45 73,50,51 88,59,64 98,67,75 102,78,87 114,78,88 134,93,107 97,70,82 146,103,113 144,101,113 131,97,106 52,35,36 31,19,21 37,21,15 41,24,16 39,20,8 37,20,10 40,20,13 36,19,9 34,19,10 37,19,14 29,16,11
40,27,24 42,29,26 38,25,22 39,26,23 35,22,19 34,20,22 36,22,24 38,24,26 36,22,24 32,18,20 35,21,23 35,21,23 36,22,24 36,22,24 35,21,23 31,19,21 31,19,19 34,23,20 28,18,19 55,76,113 57,72,106 46,52,73 28,31,42 24,24,34 33,30,34 39,34,36 21,21,29 22,22,30 51,40,47 31,29,37 23,23,31 29,28,33 57,45,47 30,26,35 30,24,31 31,23,29 35,25,26 54,40,42 57,43,43 56,42,42 60,46,46 66,50,46 59,43,41 84,56,58 98,67,73 111,77,89 84,65,72 113,77,87 140,97,107 129,90,101 155,109,122 154,108,119 125,94,102 70,51,53 39,29,33 45,29,14 45,29,14 46,30,15 45,28,18 44,27,17 41,24,14 38,21,11 37,22,13 39,22,12
45,31,33 38,24,24 36,22,22 41,27,29 34,20,20 32,18,18 39,26,23 38,25,22 35,21,23 31,17,19 41,27,29 35,21,23 36,22,24 35,21,23 35,21,23 35,21,23 36,19,22 41,25,23 35,27,33 55,73,113 55,67,100 46,49,67 32,35,46 23,26,35 44,38,43 25,26,31 21,21,29 23,23,31 49,41,47 25,23,31 20,21,26 29,28,33 56,47,41 25,25,25 26,23,27 37,26,33 44,33,40 56,42,47 54,42,44 57,44,41 56,42,42 66,47,49 64,42,45 83,59,63 96,70,76 111,77,86 82,60,68 125,89,99 145,97,109 147,99,111 151,105,116 156,110,121 125,94,102 88,62,66 52,35,36 52,33,21 50,31,17 46,33,28 39,26,21 50,32,31 50,33,25 50,34,21 42,28,14 45,29,14
47,34,31 43,29,31 38,24,26 39,25,25 36,22,24 32,18,20 38,25,20 39,26,23 39,25,25 35,21,21 32,18,20 38,24,26 36,22,24 36,19,22 36,22,24 37,20,23 54,41,38 33,22,19 55,42,37 50,69,100 51,64,94 49,51,67 32,34,48 23,26,35 47,41,46 23,23,33 20,20,28 30,27,33 42,39,43 24,23,28 20,19,22 33,27,32 47,35,35 27,27,27 26,23,27 34,26,32 48,35,43 59,45,47 53,41,43 65,49,47 61,45,43 95,66,71 72,48,52 88,64,68 95,66,73 123,84,95 101,70,81 119,83,93 152,106,117 155,104,119 129,90,99 156,109,118 129,98,104 99,68,76 59,38,34 62,37,20 49,33,27 11,9,10 10,10,10 48,32,28 53,34,22 54,34,27 48,34,20 45,29,23
41,29,29 43,31,33 39,27,27 36,22,22 36,22,22 35,21,26 43,26,27 44,27,28 42,29,26 39,26,23 34,21,16 38,24,26 32,20,25 35,21,23 35,21,26 37,27,26 10,10,10 10,10,10 16,14,15 48,66,94 49,62,88 44,50,69 32,39,53 29,32,39 47,41,46 29,27,35 23,23,31 40,29,36 43,42,47 19,18,21 20,17,21 42,31,38 60,41,43 30,27,33 33,30,36 44,36,42 53,41,46 68,46,49 56,39,40 66,48,45 75,52,49 100,69,75 91,62,67 93,64,69 101,67,76 137,96,107 125,86,97 125,89,102 132,89,101 156,105,118 120,89,95 157,109,121 124,83,92 106,78,80 64,38,24 61,39,19 11,9,10 11,9,10 10,10,10 36,22,22 60,38,30 59,38,27 56,35,22 51,31,22
39,27,29 39,27,29 39,27,27 41,27,32 41,28,25 34,20,25 43,29,29 41,28,25 41,28,25 38,25,22 38,25,22 38,24,26 33,21,21 34,22,22 30,18,18 13,11,12 10,10,10 10,10,10 13,8,7 48,59,86 43,55,77 44,52,72 38,44,61 46,44,56 42,38,47 33,31,39 24,22,30 56,39,45 33,31,39 20,19,22 19,16,20 43,36,39 38,37,42 31,32,37 38,36,44 41,35,40 50,38,43 70,51,53 57,40,41 75,52,51 78,53,52 105,74,80 114,75,86 80,58,63 116,80,90 141,95,106 145,99,110 117,86,97 133,91,98 154,104,114 120,86,93 160,113,122 146,101,109 74,49,46 64,45,29 59,40,26 8,9,12 8,9,12 10,10,10 28,18,19 88,62,48 62,39,24 60,41,29 55,35,17
40,26,28 40,26,28 36,22,24 36,22,24 40,26,26 34,20,25 45,28,29 42,29,24 33,22,19 29,17,17 14,9,8 12,10,8 14,9,8 17,15,16 12,12,9 10,10,10 10,10,10 10,10,10 10,10,10 33,37,52 44,51,74 40,50,70 40,43,61 67,55,67 39,37,47 34,32,40 26,24,32 68,51,57 27,27,35 22,21,24 22,21,26 52,40,45 29,29,37 30,30,40 37,34,40 41,34,37 47,35,37 79,58,58 50,36,38 82,57,58 83,54,59 124,88,96 113,77,85 96,70,76 119,80,89 152,104,116 153,105,117 96,70,79 140,94,105 158,107,120 139,96,108 156,108,120 143,100,110 67,46,35 64,42,24 21,14,12 11,8,12 10,10,10 10,10,10 21,14,17 25,13,13 29,16,11 60,43,35 59,42,34
38,26,28 37,25,27 40,26,26 40,27,24 36,23,20 35,21,23 53,44,38 18,19,22 12,17,16 11,9,10 10,10,10 10,10,10 13,8,10 17,15,16 10,10,10 10,10,10 10,10,10 14,9,8 22,15,18 26,16,17 36,46,66 43,49,68 34,38,51 58,45,55 38,38,50 36,34,42 38,34,43 76,59,62 27,25,33 22,23,28 30,27,31 58,48,52 34,33,38 37,35,43 45,43,51 52,42,46 61,44,47 88,63,64 57,43,45 97,71,75 102,71,79 128,87,98 127,88,99 78,56,64 126,83,95 138,92,105 149,104,112 80,63,69 154,103,116 165,113,121 164,114,124 158,107,120 98,67,73 34,18,16 53,37,22 13,9,3 10,9,14 10,10,10 10,10,10 35,24,31 35,25,26 28,18,19 16,8,14 13,7,12
41,27,29 40,26,28 36,22,24 41,25,21 40,27,24 38,25,20 35,33,29 15,15,23 15,14,17 10,10,10 10,10,10 10,10,10 13,13,13 13,11,12 11,9,10 11,9,10 16,9,12 42,32,36 24,14,18 22,27,26 34,39,45 39,46,60 36,36,48 35,35,47 43,43,53 35,35,43 45,43,51 71,59,64 32,30,38 36,34,44 29,27,35 59,47,52 36,34,42 43,41,49 46,44,52 62,48,50 77,53,57 101,71,74 56,42,47 99,71,73 113,79,86 131,90,101 134,93,102 79,59,69 133,90,100 137,91,102 162,112,122 88,64,73 166,112,123 168,114,125 161,111,121 144,105,114 26,17,13 16,11,10 22,10,15 25,16,12 17,17,17 16,15,18 15,14,17 47,35,37 49,35,40 36,26,30 23,13,17 11,11,11
40,26,28 39,25,27 37,20,23 44,28,26 37,27,26 45,38,36 23,23,23 15,15,23 13,12,15 10,10,10 10,10,10 10,9,12 14,12,13 8,10,7 14,12,13 38,26,26 23,18,20 21,11,15 37,38,41 39,40,30 43,47,32 41,43,40 37,40,51 40,42,56 43,46,55 41,41,49 47,45,55 49,41,47 41,39,49 37,35,43 32,30,38 61,51,55 38,36,44 40,38,48 52,48,57 88,69,73 103,72,78 123,84,93 67,45,50 105,76,81 106,75,83 125,86,97 132,89,101 68,50,59 145,102,112 149,103,114 164,114,124 151,101,111 168,116,126 173,119,130 159,112,121 62,44,43 19,14,11 11,9,7 16,9,12 19,7,12 12,10,11 11,8,12 12,11,14 66,47,51 61,47,49 47,35,37 22,12,16 10,10,10
36,22,24 39,25,27 36,22,22 34,27,30 24,24,34 58,57,48 22,22,22 14,14,22 12,11,14 10,10,10 10,10,10 10,10,10 19,14,16 13,8,7 14,9,11 13,10,14 26,23,27 14,11,15 36,40,42 38,41,29 47,47,31 49,49,33 34,37,46 43,41,51 46,44,54 39,37,45 48,46,54 37,33,44 43,41,51 39,37,45 43,42,47 71,59,64 39,37,45 54,52,60 66,64,74 111,85,94 120,81,90 149,106,116 71,49,57 120,86,93 109,78,86 133,94,105 147,101,112 63,43,53 150,102,116 152,106,117 160,113,122 160,113,120 175,118,130 166,115,116 108,67,49 31,20,13 21,17,11 15,10,9 19,14,13 13,8,10 14,9,11 15,9,14 11,8,12 82,59,60 65,46,48 64,47,50 17,10,13 12,10,11
35,21,21 35,25,26 35,31,40 22,25,34 32,34,48 56,55,44 24,23,26 16,17,20 27,20,23 12,10,11 8,10,7 11,8,12 19,14,16 16,9,9 18,13,15 17,16,21 22,21,26 30,28,29 36,40,42 41,43,28 49,49,33 49,49,33 45,46,34 44,44,41 44,42,54 46,44,52 50,48,56 49,49,61 47,45,55 46,44,52 41,39,49 55,43,48 47,45,55 59,59,71 71,71,83 122,88,100 156,111,119 159,112,121 59,40,47 109,78,84 109,73,81 141,100,111 149,103,114 125,84,93 154,103,116 152,104,116 158,108,118 160,112,124 165,110,97 146,91,39 106,61,26 32,22,12 21,15,8 16,9,9 17,10,10 19,9,13 16,9,12 14,9,11 15,10,12 86,63,64 72,51,51 71,52,54 22,10,12 16,9,12
41,30,25 81,79,61 27,26,31 22,25,34 32,36,51 55,56,46 26,25,30 47,47,44 54,40,24 44,30,12 11,9,10 13,8,7 31,20,17 19,12,10 18,16,17 17,17,25 29,22,25 28,21,24 37,37,37 39,41,26 48,45,32 49,49,35 43,45,30 46,46,30 48,47,36 42,42,50 48,46,54 49,49,57 49,49,57 38,38,46 45,45,53 41,39,49 57,55,63 61,59,69 78,75,90 117,86,94 154,108,119 142,99,109 79,50,60 115,81,90 123,84,95 143,102,116 141,95,108 148,102,113 149,104,112 159,108,111 158,108,118 178,110,47 174,104,28 116,72,32 101,56,23 31,21,11 19,13,8 22,12,13 13,11,12 18,8,9 14,9,11 14,9,11 11,9,10 92,67,68 81,56,57 74,52,55 23,13,14 22,12,16
37,30,28 58,55,40 33,32,37 25,23,19 33,35,51 50,50,60 44,42,43 31,28,32 29,29,29 34,27,30 43,33,21 56,45,30 35,26,22 26,19,19 26,21,23 17,17,25 25,22,26 40,30,31 44,38,33 41,39,37 48,45,32 47,47,33 45,47,32 39,40,30 47,47,33 51,47,28 44,40,30 46,46,54 46,46,54 47,45,53 50,50,60 51,49,59 55,53,61 51,49,57 71,70,85 120,89,97 129,90,101 132,93,104 136,95,106 135,96,107 139,98,107 142,99,111 144,101,113 147,101,112 147,102,106 170,104,70 185,109,44 179,101,32 128,79,28 118,72,31 101,55,25 31,20,13 28,18,17 21,11,15 17,10,8 16,9,12 14,9,11 17,7,11 15,10,12 87,63,67 93,65,67 70,46,50 28,18,19 26,16,17