29,21,27 28,20,26 28,20,26 28,19,30 29,22,32 26,22,33 27,23,34 26,22,33 28,21,33 26,22,33 27,23,34 32,25,37 34,25,38 34,25,38 30,23,35 30,26,37 28,24,35 28,24,35 30,23,35 26,22,33 25,21,32 28,24,35 34,25,38 30,23,35 28,24,35 24,20,31 26,22,33 28,24,35 28,24,35 30,26,37 30,26,37 28,24,35 32,28,39 31,27,38 33,29,42 33,29,42 37,32,48 37,32,48 35,30,46 37,32,48 25,21,34 33,29,40 27,23,36 37,32,48 35,30,46 34,30,43 33,29,42 35,30,46 35,30,46 35,30,46 35,30,46 34,29,45 31,27,38 28,24,35 28,24,35 28,24,37 27,23,32 28,24,33 25,21,30 29,22,32 27,20,30 28,20,26 28,20,26 28,20,26
28,20,26 28,20,26 28,20,26 30,21,32 30,21,32 27,23,34 25,21,32 32,25,37 35,26,39 25,21,32 28,24,35 27,20,32 34,25,38 28,24,35 30,23,35 30,26,37 28,24,35 28,24,35 30,23,35 28,24,35 30,26,37 25,21,32 30,23,35 32,25,37 28,24,35 24,20,31 24,20,31 28,24,35 30,26,37 31,27,40 32,27,43 31,27,38 26,22,33 39,35,46 32,28,41 35,30,46 37,32,48 37,32,48 34,29,45 30,25,41 34,30,43 26,22,33 35,31,44 35,30,46 35,30,46 33,29,42 37,33,46 37,32,48 37,32,48 38,33,49 35,30,46 37,32,48 33,29,40 33,29,40 30,26,37 27,23,32 27,23,32 26,24,32 27,23,32 29,22,32 28,21,31 29,21,27 29,21,27 28,20,26
28,20,26 28,20,26 30,21,32 30,21,32 31,22,33 28,21,31 26,22,31 28,24,35 26,22,33 34,27,39 33,24,37 29,22,34 27,23,34 28,24,35 28,24,35 30,26,37 28,24,35 28,24,35 28,24,35 28,24,35 27,23,34 28,24,35 28,24,35 28,24,35 28,24,35 28,24,35 25,21,32 28,24,35 31,27,38 32,28,41 32,28,41 33,29,42 31,27,38 34,29,47 35,30,46 37,32,50 37,32,48 35,30,46 24,19,35 33,29,42 28,24,35 38,34,47 35,30,46 37,32,48 37,32,48 37,32,48 37,32,48 38,33,49 38,33,49 38,33,49 35,30,46 34,31,46 32,28,39 28,24,35 28,24,35 28,24,35 28,24,35 27,25,33 29,22,32 29,22,32 29,21,29 27,21,28 25,21,30 25,21,30
28,20,26 28,20,26 30,21,32 28,22,27 31,22,33 32,25,35 30,23,33 28,24,35 28,24,35 30,23,35 33,24,37 30,26,37 26,22,33 30,26,37 28,24,35 31,27,38 31,27,38 30,26,37 30,23,35 28,24,35 28,24,35 28,24,35 26,22,33 28,24,35 28,24,35 28,24,35 28,24,35 30,26,37 31,27,38 30,26,37 32,28,41 30,26,37 36,34,46 31,28,43 35,30,46 37,32,48 35,30,46 24,20,33 33,29,40 30,26,39 38,33,51 37,32,48 37,32,48 38,33,49 38,33,49 38,33,49 39,34,50 38,33,49 38,33,49 38,33,49 31,27,40 28,24,35 30,26,37 30,26,37 31,27,38 30,26,37 30,26,37 30,26,37 23,19,32 27,23,34 25,21,32 26,22,33 24,20,29 25,21,30
28,20,26 30,22,30 30,21,32 31,23,31 31,22,33 33,26,36 28,24,33 28,24,35 28,24,35 32,25,37 30,26,37 28,24,35 30,26,37 30,26,37 26,22,33 30,26,37 30,26,37 30,26,37 28,24,35 28,24,35 28,24,35 30,26,37 28,24,35 33,26,38 28,24,35 28,24,35 28,24,35 30,26,37 32,28,39 27,23,34 32,28,41 26,22,33 34,31,48 34,31,46 31,27,40 35,30,46 28,24,37 31,27,38 31,27,38 38,34,47 38,33,49 35,31,44 38,33,49 38,33,49 37,32,48 38,33,49 39,34,50 37,32,48 31,27,38 33,29,40 35,31,44 37,32,48 33,31,41 33,28,44 17,13,24 27,23,32 30,26,37 32,25,37 23,19,30 25,21,30 26,22,33 26,22,33 26,22,31 26,22,31
30,22,30 30,22,30 30,21,32 31,22,33 31,22,33 34,25,36 27,26,31 28,24,35 28,24,35 28,24,35 30,26,37 30,26,37 31,29,39 30,26,37 31,27,38 28,24,35 31,27,38 27,23,34 28,24,35 28,24,35 26,24,34 30,26,39 31,27,38 28,24,35 27,20,32 28,19,32 27,23,34 31,27,36 38,29,40 37,30,40 34,27,37 26,22,33 33,29,42 30,26,39 30,26,37 25,21,32 28,24,35 31,27,38 37,33,46 38,33,49 37,32,48 37,32,48 39,34,52 38,33,49 38,33,49 34,30,43 31,27,38 32,28,41 37,33,46 38,34,47 31,27,40 18,14,25 31,27,38 32,28,39 28,24,35 25,21,32 26,22,33 27,23,34 28,24,35 27,23,34 26,22,33 25,21,32 27,23,34 29,22,34
30,21,32 30,21,32 30,21,32 31,22,33 31,22,33 34,25,36 32,25,35 28,24,35 30,23,35 33,26,40 39,31,50 42,28,52 30,26,37 30,26,37 30,26,37 31,27,38 30,26,37 25,21,32 31,27,38 27,23,34 27,25,35 30,26,37 26,22,33 28,24,35 40,28,40 40,28,40 37,28,39 40,31,42 39,32,42 41,32,43 41,32,43 41,34,44 37,30,40 29,22,32 30,23,35 28,24,35 32,28,39 37,33,46 37,32,48 37,32,48 39,34,50 39,34,50 36,33,50 30,26,37 30,26,39 35,30,46 38,33,49 16,12,25 26,22,35 34,30,43 35,31,42 25,21,32 26,22,33 30,26,37 35,31,42 34,30,43 33,29,42 30,26,37 30,26,37 28,24,35 28,24,35 33,24,37 34,26,34 31,23,29
30,21,32 30,21,32 30,21,32 31,22,33 31,22,33 34,25,36 30,26,35 28,24,35 30,26,39 38,28,46 39,33,58 41,30,57 36,28,47 31,27,38 30,26,37 32,28,39 28,24,35 31,27,38 26,22,33 31,27,38 28,24,35 26,22,33 36,29,39 40,31,42 40,31,42 41,32,43 40,31,42 36,29,39 40,33,43 39,32,42 42,33,44 41,32,43 41,34,44 40,33,43 42,33,44 35,28,40 37,32,48 35,30,46 35,30,46 39,34,50 40,35,51 25,21,30 30,26,37 38,34,47 18,14,25 32,28,41 35,31,44 37,33,44 24,20,31 27,23,34 34,29,45 33,29,42 37,32,48 35,30,46 35,30,46 35,31,44 37,32,48 34,30,43 31,27,40 30,26,37 30,28,36 31,27,36 34,26,34 33,25,31
30,21,32 30,21,32 30,21,32 31,22,33 31,22,33 34,25,36 32,25,35 28,24,33 28,24,35 33,26,38 39,31,50 38,28,48 33,29,42 32,28,39 35,28,40 33,26,38 32,25,37 30,26,37 28,24,35 30,26,37 25,18,30 40,31,44 40,31,42 40,31,42 41,32,43 37,28,39 29,22,25 31,23,31 40,32,40 28,21,31 26,17,28 31,27,36 38,34,43 40,36,45 45,33,45 40,31,42 37,30,44 35,30,46 35,31,44 23,19,30 33,28,44 21,17,28 37,33,42 35,31,42 27,23,34 26,22,35 33,28,44 38,34,47 40,35,51 39,34,50 38,33,49 35,30,46 38,33,49 38,33,49 35,30,46 38,33,49 35,31,44 35,31,44 32,28,39 32,28,41 30,26,37 30,26,37 34,27,37 34,26,32
23,16,26 23,16,26 28,19,30 30,21,32 31,22,33 33,24,35 33,24,35 32,28,37 32,25,37 28,24,35 30,26,37 32,27,43 30,26,37 32,28,39 36,27,40 34,25,38 30,26,37 30,26,37 28,24,35 28,24,35 37,28,39 37,30,40 40,31,42 38,29,40 30,21,34 28,22,29 28,20,26 33,25,33 36,25,32 34,26,32 31,24,27 31,23,31 32,25,35 42,35,45 42,33,44 43,34,45 34,27,39 28,24,35 30,26,35 35,31,42 35,31,42 26,22,35 30,26,39 37,32,48 40,36,49 39,34,50 37,32,48 35,30,46 36,33,50 37,34,51 37,33,53 37,34,51 36,33,50 37,34,49 37,32,48 39,35,48 37,33,42 34,30,41 37,32,48 34,30,43 31,27,36 31,27,38 33,29,40 36,25,32
25,21,32 25,21,32 26,22,33 26,22,33 27,23,34 30,23,35 27,23,34 25,23,35 23,19,30 24,20,31 27,23,34 33,26,36 33,26,38 35,26,39 35,26,39 34,25,38 36,27,40 31,27,38 30,26,37 27,23,34 38,29,40 38,29,40 38,29,40 30,21,32 26,19,29 24,20,29 29,21,27 26,19,29 26,19,29 26,19,31 30,21,32 31,22,33 34,25,36 34,25,36 43,34,45 40,33,43 44,35,46 33,29,40 25,21,32 27,23,36 34,30,41 41,36,52 41,36,52 39,34,50 38,33,49 39,34,52 39,36,53 36,35,52 39,35,55 40,36,56 39,35,55 38,34,54 36,33,48 38,33,51 37,33,42 33,29,38 37,33,42 38,34,43 36,29,43 35,28,40 31,27,38 30,26,37 33,29,38 38,27,34
29,22,34 29,22,34 26,22,33 27,23,34 27,23,34 28,24,35 28,21,33 31,22,35 29,20,33 29,20,33 29,20,33 28,21,33 32,25,37 30,26,37 31,27,38 30,26,37 28,24,35 26,22,33 27,23,34 35,26,37 38,29,40 28,21,31 26,22,31 24,20,40 24,19,35 56,51,69 24,20,33 21,17,28 28,21,35 42,38,49 34,25,38 30,21,34 31,22,33 36,28,36 40,32,40 39,36,42 41,35,42 38,34,45 39,34,50 35,30,46 38,33,49 37,32,48 39,36,51 40,36,56 40,37,54 41,38,55 40,36,56 40,36,56 40,36,56 39,35,55 39,35,55 37,33,53 39,36,51 38,35,52 35,31,40 33,29,38 39,32,42 42,33,44 41,32,43 40,31,42 37,30,40 33,29,38 38,26,38 36,28,34
26,22,33 27,23,34 27,23,34 25,21,32 26,22,33 26,22,33 27,23,34 27,23,34 34,25,38 27,23,34 30,23,35 30,26,37 31,27,38 28,24,35 30,26,37 27,23,34 25,21,32 24,20,31 25,21,32 38,29,40 38,29,40 29,20,31 19,17,25 18,17,34 26,24,36 39,37,57 39,36,53 26,22,33 60,57,86 45,36,47 49,41,60 55,45,65 56,51,69 36,24,36 27,23,34 40,36,47 39,35,44 39,37,47 38,33,49 37,34,51 39,35,55 40,36,56 41,37,57 41,37,57 41,37,57 41,37,57 43,39,61 39,35,57 40,36,58 39,35,55 39,35,55 39,35,55 39,36,53 38,35,52 42,38,51 41,37,48 45,36,47 43,34,45 40,33,43 40,31,42 40,32,40 37,30,40 31,27,38 36,29,39
25,21,30 25,21,30 30,21,32 30,21,32 31,22,33 26,22,31 26,22,31 28,24,33 28,24,35 28,24,35 28,24,33 30,26,37 31,27,38 28,24,35 28,24,35 30,26,37 28,24,35 31,27,38 25,21,32 38,29,40 38,29,40 28,21,31 25,18,30 34,29,47 30,25,41 53,50,67 29,25,45 28,24,37 33,27,48 47,42,69 34,26,45 47,42,69 48,44,64 40,36,56 23,20,47 30,26,39 41,36,52 55,49,74 41,38,55 41,37,57 43,39,59 43,39,59 41,37,57 45,41,65 43,39,63 41,39,63 43,39,63 40,36,60 41,37,61 39,35,55 39,35,57 40,36,56 39,35,55 41,38,55 39,34,52 40,35,51 34,30,41 35,31,44 34,30,39 32,28,41 35,31,44 37,32,48 34,30,43 36,29,41
25,21,30 28,21,31 30,21,32 30,21,32 35,23,35 26,22,31 26,22,31 34,25,36 35,26,37 32,25,35 28,24,33 28,24,35 30,23,35 32,25,37 28,24,35 28,24,35 30,26,37 30,26,37 26,22,33 37,28,39 38,29,40 25,18,28 25,23,31 21,17,30 36,28,47 47,42,60 48,39,61 48,43,59 39,35,55 54,44,64 36,34,42 52,49,78 57,58,81 32,26,47 65,61,85 30,25,41 31,26,42 27,21,44 48,42,63 34,30,50 33,30,47 43,40,57 42,40,60 42,39,66 45,41,65 41,37,61 43,39,63 43,39,63 43,39,63 43,39,61 42,36,59 41,37,57 41,37,59 40,36,56 44,36,53 45,36,49 38,35,52 37,34,51 38,33,51 39,34,50 38,33,49 38,33,49 35,31,44 34,30,41
30,21,32 30,21,32 30,21,32 30,21,32 31,22,33 28,21,31 27,23,32 26,22,31 34,25,36 32,25,35 28,24,33 28,24,35 28,24,35 34,25,38 34,25,38 30,26,37 30,26,37 34,30,41 28,24,35 40,31,42 38,29,40 34,25,36 37,29,37 34,29,45 39,32,46 56,48,65 49,39,57 43,33,51 55,46,70 34,25,51 51,43,60 53,45,62 58,51,65 42,30,42 57,49,66 33,31,43 33,25,42 34,28,53 40,34,55 29,26,43 26,22,31 26,22,35 33,29,40 40,36,49 44,39,57 46,41,59 41,35,58 37,31,54 49,43,68 48,42,65 44,40,62 43,39,63 43,39,63 43,39,63 41,37,59 40,36,56 39,36,53 37,33,53 37,34,51 36,33,48 38,33,49 38,33,49 38,33,49 37,33,44
30,21,32 30,21,32 30,21,32 30,21,32 31,22,33 26,22,31 27,23,32 27,23,32 33,26,36 33,26,38 28,24,33 28,24,35 28,24,35 32,25,37 33,26,38 30,26,37 30,26,37 25,21,32 33,29,40 40,31,44 35,31,40 37,31,38 41,34,46 40,35,51 43,36,48 58,46,60 38,29,42 45,34,43 50,42,50 64,46,55 65,57,74 58,45,64 43,34,47 38,29,40 37,32,50 57,49,66 43,35,52 43,34,47 40,32,51 66,56,76 59,55,75 42,37,55 44,39,57 41,38,53 38,33,51 36,28,47 28,23,39 26,22,35 35,31,44 42,38,51 48,41,55 44,40,53 35,30,46 34,29,45 40,37,54 40,36,56 43,39,59 40,36,56 37,34,51 37,34,51 39,34,50 39,34,50 38,33,49 39,35,48
30,21,32 30,21,32 30,21,32 31,22,33 31,22,33 27,23,32 27,23,32 28,24,33 30,23,33 30,23,35 27,23,32 28,24,35 29,22,34 35,26,39 32,25,37 32,25,37 26,22,33 25,21,32 27,23,34 36,29,39 30,21,32 38,29,40 27,20,30 31,27,38 40,36,47 35,28,38 52,43,54 44,36,44 56,44,58 51,39,44 46,32,32 50,41,56 59,49,67 40,29,36 60,52,69 57,48,63 48,37,60 42,31,38 33,27,48 40,32,51 34,23,46 44,36,55 41,37,57 42,37,53 42,37,53 43,40,57 46,43,60 44,41,58 44,41,58 43,40,55 37,35,47 33,31,41 30,25,41 25,21,34 27,22,38 35,30,46 41,36,52 41,36,52 35,30,46 27,22,38 37,33,46 39,35,48 39,34,52 40,35,51
28,21,31 32,20,32 30,21,32 30,21,32 31,22,33 26,22,31 26,22,31 33,26,36 33,24,35 27,23,34 26,22,33 25,21,32 32,25,37 29,22,34 24,20,31 28,24,35 31,29,41 30,26,37 30,26,37 34,30,39 36,29,39 32,28,37 28,24,35 38,33,51 31,27,40 37,33,44 52,47,63 45,37,43 47,40,54 38,29,40 37,33,46 58,47,56 54,47,61 49,41,58 62,52,70 44,35,48 38,34,45 40,32,38 39,32,42 44,42,66 37,27,47 55,39,52 47,43,65 40,45,69 38,42,71 41,43,68 41,38,53 46,40,63 47,41,62 42,37,55 40,37,52 44,39,55 41,36,52 44,39,55 40,37,52 39,36,51 37,32,48 35,30,46 28,24,35 27,23,34 24,20,29 28,24,33 34,30,41 32,28,39
25,23,31 27,20,30 30,21,32 30,21,32 31,22,33 27,23,32 29,22,32 28,24,33 24,20,31 26,22,31 32,25,37 30,21,34 31,22,35 30,23,35 31,27,38 30,26,37 29,27,39 32,28,37 34,30,43 32,28,39 37,30,40 26,22,31 39,36,53 30,26,48 35,31,44 40,35,51 38,33,49 37,33,42 54,48,73 47,41,48 46,42,55 40,31,44 30,26,35 41,37,48 42,35,49 49,40,55 41,37,48 62,54,60 36,33,48 46,49,71 50,48,72 59,43,58 45,32,51 39,40,63 42,49,74 42,44,71 48,43,59 48,44,68 41,46,72 43,45,70 42,40,60 44,39,57 41,36,52 42,37,53 41,38,53 40,37,52 40,35,51 40,35,51 41,37,50 41,37,50 37,33,44 35,31,42 31,27,38 27,23,34
25,21,30 25,22,28 30,21,32 25,21,30 29,22,32 23,19,28 26,22,31 27,23,32 27,20,32 27,20,32 28,24,35 28,24,35 28,24,35 30,23,35 30,26,37 33,29,40 35,30,46 37,32,48 38,33,49 28,23,39 28,24,33 34,28,35 25,22,39 40,36,45 40,36,47 27,23,36 23,19,32 26,22,33 25,21,34 45,41,54 30,26,35 42,33,55 44,38,61 33,30,36 35,27,46 32,28,39 39,34,50 51,43,49 31,26,42 41,38,53 43,41,63 25,20,38 36,23,42 53,39,56 48,46,70 45,49,78 43,47,76 40,45,71 41,45,74 40,44,73 41,41,67 44,40,64 43,39,61 38,36,58 43,38,65 45,39,64 44,40,62 43,40,57 39,36,53 37,34,51 38,33,49 37,32,48 35,30,46 37,32,50
25,21,30 25,22,28 23,19,28 26,22,31 26,22,31 25,21,32 25,21,32 26,22,31 27,23,34 27,23,36 26,22,33 28,24,35 28,24,35 30,26,37 31,27,38 34,30,43 35,30,46 37,32,48 25,20,36 31,27,40 28,24,35 30,26,39 46,43,60 41,34,44 39,36,42 40,36,45 41,37,48 35,31,40 30,26,35 35,31,40 41,37,48 44,40,51 44,40,51 44,40,51 41,37,48 27,23,32 38,34,47 43,36,50 41,37,50 43,35,52 36,33,50 39,37,57 34,26,45 45,29,44 28,15,36 51,44,72 41,36,63 42,49,74 41,45,74 43,47,76 40,44,73 42,42,68 41,41,67 42,40,64 44,39,66 43,41,65 47,41,66 41,36,63 41,37,57 39,35,55 37,34,51 38,33,49 39,34,50 38,33,49
25,21,30 26,22,33 25,21,32 24,20,31 25,21,32 26,22,33 26,22,33 25,21,30 26,22,33 28,24,33 28,24,35 28,24,37 30,26,37 30,26,37 35,31,40 35,30,46 34,29,45 25,21,34 31,27,36 28,24,35 35,31,42 23,18,34 39,27,43 39,35,44 40,36,45 40,36,45 41,37,46 42,38,47 42,38,47 41,37,46 44,40,49 46,42,51 44,40,49 42,38,47 44,40,51 44,40,60 38,34,54 41,38,55 43,40,55 39,36,53 45,40,56 33,28,46 45,40,58 42,32,50 54,38,55 44,36,53 52,46,71 41,45,74 41,43,70 41,45,76 44,48,77 43,48,74 43,44,74 42,43,73 42,44,71 41,45,74 43,43,69 45,41,65 43,39,63 41,37,57 37,34,51 37,34,51 39,34,50 38,33,49
25,21,32 25,21,30 26,22,31 26,22,31 25,21,32 26,19,29 27,23,32 30,23,35 30,26,35 28,24,33 28,24,35 32,25,37 30,26,37 30,26,37 33,29,40 35,30,46 26,22,35 30,26,37 27,23,34 34,30,41 34,30,43 32,27,45 50,40,58 33,31,43 39,35,44 41,37,46 42,38,47 42,38,47 41,37,46 42,38,47 44,40,49 46,42,53 46,42,55 39,35,48 31,26,44 40,37,54 45,41,63 46,42,66 46,42,66 44,41,58 41,36,54 42,37,53 40,35,51 37,32,50 38,19,33 75,53,58 44,27,30 41,46,72 43,48,74 44,48,77 45,49,78 44,48,79 44,48,77 43,47,76 41,45,74 41,45,74 42,44,69 45,41,65 45,41,63 39,37,57 36,33,50 37,34,51 37,32,48 38,33,49
25,21,32 25,21,32 25,21,30 28,21,31 28,21,31 29,22,32 31,22,33 33,24,35 28,24,33 28,24,35 28,24,33 33,26,38 31,27,38 31,27,38 32,28,37 24,20,33 30,26,37 26,22,33 34,29,45 35,30,46 38,33,49 36,28,45 56,44,60 37,33,46 35,30,46 38,34,47 39,35,46 41,37,46 37,33,44 39,35,48 41,37,50 40,37,54 35,30,46 34,29,45 40,35,51 41,38,53 45,41,61 46,42,62 46,43,70 43,45,72 44,42,64 44,40,62 43,40,57 42,37,53 33,25,44 51,29,32 35,22,41 36,24,40 45,42,69 44,50,78 45,49,80 43,47,78 41,45,76 43,47,78 43,47,76 41,45,74 43,45,72 43,43,71 46,42,66 41,37,57 45,41,61 36,33,50 37,34,51 40,35,51
26,22,31 25,21,30 28,22,27 28,20,26 30,21,32 31,22,33 31,22,33 33,24,35 33,24,35 28,25,31 28,24,33 28,24,35 28,24,35 30,26,37 23,19,30 27,23,34 27,23,34 33,29,42 34,30,43 38,33,51 38,33,49 35,27,44 39,23,40 29,22,36 37,32,48 37,32,50 40,37,54 32,27,45 27,23,36 39,35,48 37,35,47 43,39,61 45,41,61 41,38,53 40,35,51 40,35,51 47,44,61 46,44,68 45,43,67 43,45,72 46,42,66 46,42,66 45,41,61 43,40,57 45,42,59 33,25,42 87,59,57 37,27,45 60,46,59 40,36,58 46,50,81 46,50,79 46,50,79 43,47,78 41,45,74 41,45,74 42,43,73 41,43,70 46,42,66 46,42,64 38,34,54 36,37,56 39,38,55 40,35,51
29,21,27 28,20,26 29,21,27 29,21,29 29,20,31 29,21,27 31,22,33 31,22,33 31,22,33 31,22,33 28,24,33 28,24,35 28,24,35 24,20,31 28,24,35 27,23,34 30,26,37 32,28,41 35,31,42 38,33,49 38,33,49 37,28,43 42,30,42 33,25,42 37,32,48 37,34,49 43,39,59 38,33,51 32,28,41 39,34,50 38,35,50 43,39,61 44,40,64 37,33,53 40,35,53 45,40,56 40,37,52 45,39,62 45,41,65 46,47,70 44,41,68 47,43,67 46,42,66 43,39,59 46,42,62 46,42,62 21,16,32 63,45,40 52,35,38 44,32,44 44,45,68 46,50,81 46,50,81 45,49,80 45,49,78 43,47,76 41,46,72 40,45,71 47,40,68 44,40,62 43,39,59 41,38,55 40,35,53 38,33,51
29,21,27 28,20,26 29,21,27 29,21,27 31,20,27 29,21,27 31,20,27 31,22,33 31,22,33 32,25,35 30,26,35 28,24,35 24,20,31 28,24,35 26,22,33 30,26,37 31,27,38 30,26,37 35,30,46 37,32,48 38,34,47 59,50,61 60,45,67 37,31,52 37,32,48 39,36,53 41,37,57 44,38,59 37,32,48 38,33,49 38,36,48 41,37,59 45,41,65 45,40,67 44,39,55 38,33,49 45,40,56 44,39,55 45,41,65 42,36,61 42,44,69 40,45,69 45,42,69 44,42,66 44,42,64 47,43,65 49,47,67 42,32,52 72,49,46 66,44,38 46,39,49 49,47,71 46,50,79 43,47,78 40,44,73 41,45,74 43,47,76 41,43,70 37,33,53 43,39,59 38,35,52 36,32,52 39,35,55 40,36,56
29,21,27 28,20,26 28,20,26 28,20,26 28,22,27 28,22,27 29,21,27 30,23,33 31,22,33 31,22,33 33,26,36 23,19,30 26,22,33 25,21,32 28,24,35 30,26,37 34,30,41 28,24,35 35,31,44 37,32,48 38,33,51 51,38,57 61,49,63 40,37,54 37,34,49 37,36,53 41,38,55 43,39,59 38,33,51 37,32,48 40,35,51 46,42,66 45,41,65 46,42,66 44,40,62 45,42,57 42,37,53 38,33,49 44,40,62 41,47,68 43,45,70 46,46,72 43,44,74 46,47,70 45,42,69 46,42,66 46,42,64 44,41,58 54,45,56 28,19,30 68,50,61 33,24,37 42,39,66 46,46,74 38,44,72 41,45,74 39,44,70 46,46,74 39,36,53 34,31,46 46,42,66 46,42,64 45,41,61 46,42,62
28,20,26 29,21,27 28,20,26 28,20,26 28,20,26 28,20,26 29,21,27 29,21,27 31,22,33 34,25,36 25,18,28 26,22,33 26,22,33 28,24,35 28,24,35 30,26,37 33,29,40 30,26,37 35,31,42 37,32,48 37,32,48 42,34,51 62,47,57 48,39,61 40,35,51 40,35,53 38,35,52 39,36,53 41,36,52 37,32,48 37,34,49 44,40,62 46,42,66 46,42,66 46,42,66 32,29,44 38,33,49 47,42,58 41,38,55 47,49,76 45,50,76 43,48,74 43,48,74 45,46,76 43,45,72 43,40,69 44,41,68 44,42,66 45,43,67 29,22,34 43,24,26 42,30,44 33,24,35 21,13,30 44,42,66 44,44,70 43,44,76 40,35,53 45,43,65 45,43,65 47,43,65 46,42,64 46,42,62 45,41,61
29,21,27 29,21,27 29,21,27 28,20,26 28,20,26 28,20,26 29,21,27 28,20,26 28,22,29 21,17,28 27,20,30 26,22,31 26,22,33 27,23,34 28,24,37 30,26,37 31,27,38 30,26,37 32,28,39 37,32,48 29,22,36 30,22,39 62,44,53 55,45,63 38,33,49 38,33,49 38,33,51 37,34,51 38,34,47 35,31,44 37,32,48 45,41,63 47,41,66 47,41,66 46,42,66 46,42,66 47,39,58 44,39,55 38,35,52 44,40,60 46,48,73 43,47,76 40,44,73 45,46,76 43,44,74 42,44,69 44,44,70 41,43,70 42,44,69 43,46,68 24,22,42 49,30,32 65,44,31 62,44,39 19,14,32 47,43,65 44,38,59 40,36,56 48,44,68 47,43,67 47,43,65 47,43,63 46,42,62 45,41,61
29,21,27 29,21,27 28,20,26 29,21,27 28,20,26 28,20,26 27,21,26 29,18,27 24,20,29 26,22,31 25,21,30 26,22,33 25,23,31 30,23,33 28,24,33 28,24,35 30,26,37 30,26,37 32,28,39 37,33,46 33,29,38 46,34,50 54,39,49 39,34,50 38,33,49 38,33,49 36,33,50 37,34,49 38,34,47 31,27,38 38,33,51 44,42,66 42,42,68 43,45,72 41,43,68 45,40,67 29,27,49 40,35,51 47,42,58 39,36,51 46,46,72 47,51,80 44,48,77 43,47,76 41,45,74 42,44,71 43,45,72 41,45,74 45,46,78 43,45,72 40,42,67 48,44,68 33,23,41 22,15,27 34,25,36 16,11,29 37,29,48 43,49,70 48,46,70 50,48,72 49,43,66 46,42,62 46,42,62 41,37,57
28,20,26 29,21,27 28,20,26 28,20,26 28,20,26 29,21,27 28,20,26 20,17,23 26,22,31 25,21,30 25,21,32 26,22,31 30,23,33 30,23,33 28,24,35 28,24,35 30,26,37 26,22,33 33,29,40 34,30,43 31,27,38 73,56,59 41,31,49 38,33,49 35,30,46 38,33,49 37,32,50 38,33,51 39,35,48 30,25,41 37,32,48 41,40,57 43,44,74 43,44,74 41,46,72 43,45,72 43,48,74 41,40,57 37,34,49 42,37,53 41,37,59 46,48,75 44,49,75 41,46,72 41,45,74 41,45,74 43,47,76 43,47,76 43,47,76 43,47,76 40,44,73 46,47,77 20,13,27 51,38,48 77,54,39 57,39,36 52,36,34 47,38,53 49,47,67 51,46,73 51,47,71 46,42,64 41,37,57 39,35,55
29,21,27 29,21,27 30,19,26 28,20,26 28,20,26 29,21,27 25,19,26 25,21,30 25,21,30 25,21,32 26,22,31 27,20,32 30,21,32 33,24,35 32,25,35 28,24,35 28,24,35 25,21,32 30,26,37 27,23,34 27,20,32 60,46,61 61,47,60 40,33,47 37,32,48 38,33,49 37,32,48 36,33,50 30,27,42 27,23,34 41,36,52 39,35,55 43,44,74 45,46,76 41,45,74 41,46,72 44,49,73 47,49,76 44,40,53 44,39,55 37,34,51 46,44,68 43,47,76 45,47,74 44,48,77 43,47,76 44,48,77 44,48,77 43,47,76 43,47,76 43,47,78 43,47,76 47,47,73 58,48,66 20,10,28 72,51,40 56,43,64 114,79,52 74,45,41 39,33,54 50,46,68 45,41,65 44,40,62 39,36,53
28,20,26 28,20,26 27,21,26 28,20,26 27,21,26 21,17,26 25,21,30 25,21,30 25,22,28 26,22,33 25,21,30 29,21,29 30,22,30 31,22,33 33,24,35 27,23,34 28,24,35 26,22,33 28,24,35 27,25,37 25,23,35 77,63,68 67,45,37 48,40,57 37,32,48 38,33,49 38,33,49 34,33,50 28,24,37 27,23,34 39,34,50 36,34,56 43,45,72 43,44,74 43,47,76 44,49,75 45,49,78 45,49,78 41,38,55 35,30,46 44,41,56 42,37,53 42,39,66 43,48,74 41,45,74 41,46,72 43,47,76 44,49,75 43,47,76 43,47,76 41,46,72 41,45,74 43,44,74 44,49,73 49,40,62 46,28,27 76,46,29 66,38,25 98,59,29 32,25,37 42,37,55 45,43,65 45,41,63 43,39,61
28,20,26 28,20,26 27,21,26 24,21,25 25,18,28 25,21,30 25,21,30 25,21,30 26,23,29 27,21,28 31,22,33 30,21,32 29,22,32 30,23,33 29,22,32 26,24,32 26,24,32 25,23,31 28,24,35 30,26,37 30,26,37 51,38,48 32,18,31 54,43,50 37,32,48 38,34,47 37,32,48 37,34,51 26,22,35 27,23,34 37,32,48 39,34,50 45,42,69 42,44,71 43,44,74 46,46,72 44,48,79 43,47,76 43,48,74 46,39,53 41,36,52 40,35,51 45,41,61 42,44,69 43,48,74 41,46,72 43,45,70 43,48,74 43,47,76 43,47,78 44,48,77 40,49,74 47,48,71 51,46,73 46,48,75 50,46,78 33,23,41 61,40,36 83,48,35 27,13,26 34,25,36 47,36,43 40,34,55 40,36,58