50,48,58 88,84,104 52,48,59 80,71,67 70,56,56 68,57,64 55,48,51 49,39,40 40,33,36 54,48,53 76,67,80 69,61,78 66,57,68 64,55,66 86,75,82 79,82,62 59,50,44 91,79,67 71,60,57 87,74,69 74,64,63 73,63,62 85,76,72 60,63,28 61,62,39 82,87,44 49,50,29 58,61,30 60,61,42 61,63,37 56,55,44 65,62,36 44,47,25 59,60,41 44,46,31 43,46,36 46,35,30 77,74,50 77,82,19 89,96,23 75,82,27 72,75,44 48,44,36 40,42,27 41,44,32 59,64,28 78,89,0 57,63,0 72,90,0 56,58,32 84,88,48 96,100,62 54,53,28 83,83,49 68,60,49 58,58,42 52,54,37 40,39,30 61,65,27 50,53,33 59,60,37 61,63,17 52,45,14 120,104,62
50,48,58 82,78,98 63,59,70 56,47,43 69,57,57 68,60,66 63,56,59 56,46,47 42,35,38 54,48,53 71,62,75 60,52,69 50,41,52 55,47,55 75,64,71 78,80,63 57,51,44 77,65,53 81,70,67 83,70,65 75,65,64 74,64,63 68,57,64 45,45,29 48,51,18 56,57,38 72,74,48 70,73,38 60,61,38 66,68,40 56,57,38 64,63,36 54,56,39 48,48,34 58,58,42 87,87,71 83,70,36 54,47,27 67,74,0 93,98,35 65,69,29 46,46,32 50,45,47 37,40,20 41,46,24 52,58,19 62,67,0 63,73,0 116,129,34 54,55,36 55,55,39 54,57,22 83,84,47 51,46,43 94,85,79 55,55,39 48,51,31 26,26,10 59,62,27 60,64,35 45,48,15 55,54,29 143,138,95 137,121,79
52,52,52 64,62,70 52,50,58 54,52,64 54,47,59 64,54,55 59,49,48 44,39,41 43,38,40 53,50,54 54,48,55 61,54,68 61,55,62 66,55,62 61,49,51 68,59,53 61,52,46 97,83,67 70,61,57 77,68,64 70,60,59 70,60,59 73,63,67 70,71,48 61,63,37 46,47,24 55,54,29 55,57,29 63,64,41 69,71,43 68,69,48 33,34,15 44,47,35 58,60,45 64,61,46 81,74,54 73,58,47 99,79,49 67,73,5 55,51,32 60,59,32 53,52,25 69,66,51 34,36,21 34,38,23 53,58,11 89,97,33 51,54,32 61,61,47 61,63,37 70,70,36 65,66,47 47,48,9 83,80,65 86,78,65 66,65,54 55,59,32 64,62,40 47,47,31 53,54,31 47,49,21 60,58,38 143,135,85 94,77,38
55,54,59 64,63,66 48,46,54 38,37,42 64,58,65 64,54,58 55,48,51 58,51,54 42,37,39 38,36,37 51,45,50 59,54,70 53,47,54 73,62,71 57,45,50 76,67,50 58,54,48 97,81,66 66,57,53 88,78,79 75,65,69 79,69,73 77,70,70 68,69,48 62,63,42 60,59,32 82,81,56 93,99,60 89,94,60 58,58,42 39,40,28 87,88,67 52,52,36 66,69,49 75,70,56 130,98,64 89,72,48 159,125,80 62,69,14 59,55,38 47,47,17 45,48,24 49,46,33 58,59,36 55,57,31 53,54,33 50,55,35 46,49,37 52,53,43 73,74,64 70,71,50 75,70,56 61,57,40 82,76,71 87,82,70 99,95,85 55,58,36 68,64,45 41,39,21 54,59,27 58,59,40 63,62,35 157,142,91 69,57,31
47,45,53 54,53,58 46,46,46 24,23,28 62,56,61 57,47,48 61,54,54 50,40,44 34,27,30 38,31,34 55,48,51 53,49,60 57,50,64 78,67,74 84,73,80 79,67,37 57,53,47 114,98,81 75,65,64 89,80,76 80,70,69 70,60,59 64,54,55 69,70,49 62,63,40 49,50,31 54,55,32 69,73,46 54,56,39 47,49,34 34,33,24 66,69,49 52,55,33 92,89,76 106,101,89 133,101,46 98,84,59 240,178,138 57,56,20 66,62,41 64,59,45 60,61,40 58,56,38 61,62,43 54,55,32 57,60,36 55,58,36 50,54,39 52,53,41 53,54,44 76,70,61 71,62,54 91,84,68 82,75,59 79,71,60 83,77,70 61,62,41 63,64,43 29,25,15 52,55,35 54,57,37 93,93,61 151,132,79 69,61,39
54,51,55 49,46,50 35,32,36 34,32,40 51,45,52 74,64,65 61,54,54 39,27,32 39,29,33 31,24,24 40,33,33 42,39,43 58,50,67 55,47,53 78,65,73 116,94,58 59,53,48 132,110,90 74,71,58 79,69,68 76,64,66 81,69,71 71,61,62 58,61,28 53,55,27 50,53,33 51,51,35 64,68,41 64,68,53 64,65,53 46,47,35 60,62,36 97,90,72 91,86,72 94,85,70 178,151,78 98,74,50 181,135,94 70,62,51 55,50,36 61,53,42 65,66,47 60,61,40 62,61,54 54,53,26 55,58,27 49,50,29 50,54,37 55,57,42 52,53,41 91,87,79 44,36,25 83,77,68 79,73,64 72,67,55 80,74,65 66,67,46 59,62,42 55,55,39 55,52,39 64,62,31 84,79,51 96,79,42 73,65,43
48,43,42 39,34,33 39,34,33 37,34,40 63,57,64 66,64,65 50,51,41 42,35,35 38,31,34 33,26,26 34,29,26 38,36,34 44,38,45 62,63,53 72,61,68 110,95,75 63,53,54 104,86,24 52,55,33 74,64,63 79,69,70 76,64,66 73,63,64 61,59,39 49,49,33 36,37,25 51,55,28 82,82,50 67,68,47 50,52,37 38,41,21 60,63,32 88,78,66 104,96,83 90,86,69 157,126,87 113,92,67 167,131,100 69,59,49 54,53,42 60,57,42 75,72,59 57,54,30 68,62,55 70,69,44 49,53,13 54,57,26 48,49,37 73,74,66 52,54,39 81,77,67 72,68,58 50,46,36 55,51,43 85,78,76 84,75,71 61,61,45 63,63,47 62,59,44 62,60,42 65,60,32 130,117,54 80,63,37 61,55,32
57,47,48 39,29,30 29,22,22 40,34,39 51,45,50 61,56,58 41,39,40 37,35,31 35,28,31 41,34,37 33,23,24 32,32,27 54,48,55 66,65,68 58,51,54 75,59,57 93,91,44 41,39,10 56,52,42 81,71,70 71,64,67 62,55,55 46,37,31 53,50,35 42,46,31 43,47,30 72,78,37 83,84,61 61,62,43 51,51,37 52,56,29 67,68,45 92,82,70 87,77,67 177,160,95 83,67,52 91,72,49 135,106,55 73,61,51 68,63,49 55,55,39 65,59,50 63,56,54 74,65,59 71,69,47 38,38,22 51,50,23 59,60,50 69,70,60 52,54,39 79,75,67 82,81,74 46,47,35 46,47,35 51,51,46 75,75,59 72,70,52 67,65,43 56,52,35 45,39,16 80,65,25 98,87,43 67,60,40 27,28,16
39,34,36 29,24,26 28,23,25 33,26,29 54,47,50 54,49,48 32,30,28 32,33,25 31,24,24 39,37,38 37,27,28 39,37,35 51,43,49 56,54,55 55,51,43 54,48,39 71,60,67 62,55,55 69,68,57 74,71,58 67,64,49 89,90,69 66,54,54 56,60,20 59,62,31 60,59,34 68,65,39 70,74,34 73,76,56 54,55,36 60,59,32 76,73,47 78,72,63 86,76,64 106,80,59 61,56,42 79,62,34 95,78,43 72,64,53 65,66,47 49,46,33 64,58,53 60,56,50 68,61,41 82,77,65 45,45,31 88,89,52 67,67,64 88,89,81 58,59,51 82,81,72 79,78,67 50,51,39 47,48,38 58,59,47 71,74,54 82,80,58 105,101,80 56,52,33 64,63,36 107,103,41 75,69,35 30,28,10 37,37,21
38,37,26 26,25,18 27,25,26 42,40,41 30,25,27 54,53,46 32,33,25 36,39,31 37,32,34 47,40,43 29,24,26 39,39,25 48,45,49 44,43,46 51,52,40 63,62,55 72,65,63 62,52,42 93,90,75 85,88,66 76,77,58 80,82,56 41,41,27 44,44,30 56,53,29 41,36,24 46,47,28 75,79,52 72,76,49 54,55,36 53,54,31 63,59,40 68,64,54 74,70,60 85,71,46 63,64,45 67,60,42 72,57,46 65,55,43 56,50,41 70,68,37 61,59,57 61,59,60 66,61,49 70,58,48 70,68,50 72,71,46 74,72,70 77,76,67 68,69,59 64,66,51 81,77,69 53,55,40 43,44,34 74,74,69 73,74,51 105,107,65 90,92,48 82,81,54 86,74,44 66,54,24 78,77,39 37,37,3 58,55,40
36,32,26 26,21,20 23,18,20 50,44,49 51,48,52 51,45,40 40,36,30 40,40,37 39,34,33 41,34,32 39,34,33 42,42,28 49,45,39 52,51,42 38,41,29 44,45,35 61,51,52 139,105,71 67,65,47 82,83,62 68,69,50 76,78,52 87,88,67 95,96,73 60,63,30 43,46,24 38,37,28 46,49,27 91,94,63 40,40,26 38,41,31 53,53,37 42,41,32 96,87,70 64,53,36 52,51,40 61,56,42 73,62,47 68,61,45 53,45,34 142,128,83 52,49,55 60,58,56 61,57,40 69,58,41 74,65,48 69,65,48 76,75,66 88,87,78 66,67,57 67,68,58 78,74,66 73,75,58 58,59,49 74,73,64 78,76,58 116,114,83 140,143,94 85,85,42 102,93,33 92,89,38 43,34,28 92,95,44 75,76,55
33,29,21 30,26,18 28,22,27 28,21,21 27,20,20 46,45,34 38,37,30 37,38,30 36,37,29 39,40,32 36,37,29 42,38,30 43,44,34 40,41,31 38,41,33 58,60,45 49,48,37 78,74,53 60,58,36 85,83,61 93,92,65 82,81,56 104,103,76 97,95,66 62,61,25 49,49,33 39,40,30 60,62,36 91,92,53 55,53,31 41,42,32 67,57,33 77,69,35 60,51,45 65,60,48 62,60,42 61,59,39 69,60,43 64,55,38 138,112,32 137,116,75 91,83,72 61,56,58 68,58,57 68,57,50 82,69,62 71,66,54 65,61,53 86,85,76 65,68,60 81,77,69 68,65,50 89,83,60 79,71,49 76,65,48 136,137,69 119,120,43 140,137,70 116,113,32 114,107,46 111,110,43 100,103,43 68,66,44 151,159,95
39,39,25 32,31,22 54,53,46 46,44,24 44,40,30 39,40,32 39,39,34 34,34,29 29,30,22 36,37,29 37,38,30 31,25,20 40,39,30 40,41,31 38,39,31 52,52,36 67,68,56 65,66,47 52,53,30 81,82,61 76,77,54 69,70,49 96,98,72 80,80,64 65,63,34 73,69,48 41,41,25 85,85,51 90,92,48 82,82,48 40,41,29 107,95,56 61,62,43 62,59,46 67,66,41 51,49,50 51,48,35 69,64,52 65,56,39 186,145,75 40,34,29 51,47,37 53,54,35 71,63,52 76,64,38 80,70,58 57,53,47 68,59,55 70,70,54 73,73,57 76,76,62 116,106,68 59,52,32 39,36,21 36,34,16 37,37,21 51,43,30 45,38,18 59,50,31 111,104,43 82,77,24 118,122,26 111,115,48 84,91,18
37,39,24 26,27,19 46,43,30 47,48,29 46,43,30 34,33,26 34,35,27 34,35,27 34,35,27 34,35,27 37,35,31 38,31,31 32,33,23 45,46,34 51,49,50 55,53,51 40,40,35 64,62,40 70,66,45 67,68,47 82,83,62 67,70,48 87,89,63 82,78,70 66,64,33 71,65,42 51,49,29 76,74,45 91,93,47 89,93,53 62,63,42 45,44,37 51,51,37 59,59,43 54,52,48 48,46,42 57,53,43 68,63,51 62,52,40 62,59,44 159,138,16 79,68,22 78,69,42 69,59,49 59,52,36 57,54,39 42,44,39 49,48,41 55,53,49 72,67,55 100,89,43 43,36,20 39,40,21 58,56,34 61,55,30 70,70,29 112,110,38 108,106,18 160,154,63 117,118,29 86,88,13 92,94,23 84,86,42 63,65,39
31,30,19 19,17,15 42,38,21 50,48,30 54,46,33 36,32,26 40,39,32 32,33,25 37,38,30 37,38,30 34,33,26 28,23,22 54,50,42 42,41,32 55,50,49 55,52,37 55,51,41 106,100,77 99,99,65 76,76,46 66,67,46 67,70,48 80,82,56 84,78,71 91,89,60 66,60,37 62,60,38 74,69,41 105,111,61 101,105,65 42,43,24 40,38,34 57,59,44 57,58,46 46,46,46 39,37,38 51,47,39 64,55,47 69,53,49 92,73,36 110,79,28 102,85,38 68,61,34 52,47,35 58,49,43 66,56,44 41,42,34 45,47,42 64,57,60 89,81,27 36,27,12 50,43,25 59,52,32 48,39,20 69,68,30 85,91,23 92,99,24 73,73,14 69,67,9 153,157,61 107,114,41 53,56,23 68,68,36 54,57,24
45,44,33 18,15,21 51,47,28 56,52,33 56,48,35 38,29,25 51,49,45 37,37,32 37,38,30 34,35,27 25,23,24 65,62,49 49,41,30 69,66,53 53,48,47 51,47,30 44,41,26 63,60,47 67,65,5 72,67,26 64,64,34 78,77,50 84,84,50 75,71,61 46,47,26 61,59,39 79,73,50 73,67,42 113,113,70 95,94,56 100,98,69 53,49,39 48,49,41 40,40,40 39,38,41 38,38,38 40,40,40 52,46,41 61,52,48 87,67,8 196,170,48 108,91,24 97,89,35 49,43,36 55,51,43 45,46,34 42,38,28 48,44,36 105,90,54 31,26,14 42,34,21 50,42,29 50,43,27 60,52,39 97,95,66 101,101,42 110,112,39 136,140,71 79,76,52 124,127,49 86,88,42 82,80,47 69,72,23 100,104,50
46,45,34 18,15,21 58,51,35 54,50,31 55,45,33 50,39,34 42,32,31 44,39,38 39,40,32 40,36,30 34,27,27 56,51,39 56,48,35 50,43,27 47,43,35 57,51,44 52,47,33 60,61,40 70,63,45 101,104,40 94,96,54 69,68,41 89,92,43 105,107,65 69,67,63 65,61,51 86,81,51 65,62,38 105,104,68 87,86,50 83,81,50 48,48,32 36,38,35 37,37,34 39,39,39 38,38,38 37,37,37 37,37,37 73,58,36 228,206,61 201,181,6 116,99,19 85,78,19 45,36,30 95,89,82 57,53,45 73,61,49 114,92,74 41,36,24 32,23,19 42,33,25 52,42,32 59,49,39 68,64,45 75,76,28 100,105,33 127,132,58 107,110,46 81,81,49 90,95,32 56,50,27 66,61,31 60,53,37 57,57,16
39,34,36 29,19,20 45,35,23 69,65,44 44,34,22 55,42,35 46,35,30 49,44,43 37,35,31 43,37,32 39,28,25 51,45,38 57,50,32 68,55,34 48,44,34 47,48,29 52,44,31 51,47,30 46,37,29 42,40,18 99,101,48 117,114,70 81,77,40 109,105,68 67,64,24 106,100,77 64,61,37 73,71,42 92,90,57 52,53,32 41,39,35 38,38,35 37,37,34 39,37,35 37,35,36 42,40,41 35,33,34 41,38,44 170,150,100 89,67,47 171,148,59 93,77,19 71,59,49 41,35,26 107,97,75 37,32,29 37,32,29 39,30,22 26,22,16 33,27,22 49,40,34 54,50,33 92,88,67 89,91,47 146,160,71 132,140,47 95,98,20 104,109,44 25,27,10 66,71,26 51,52,13 79,79,38 62,64,20 50,48,28
35,26,22 46,37,31 42,30,20 47,42,28 49,45,28 40,35,23 46,36,35 37,32,31 39,37,35 44,37,35 50,36,36 73,66,69 54,45,37 62,53,36 51,45,36 59,52,50 47,37,38 46,42,34 46,47,35 39,38,29 70,68,46 48,49,30 70,67,25 120,114,66 116,109,66 121,115,69 101,94,67 55,52,39 44,44,44 39,39,39 41,39,40 34,34,31 39,39,34 39,37,33 35,32,36 37,35,36 36,31,33 57,47,51 97,82,62 97,76,49 71,61,51 87,75,65 38,32,23 40,28,28 98,84,66 94,88,81 33,27,32 59,54,26 42,40,9 86,86,43 86,85,47 80,78,29 131,139,30 154,164,59 183,175,55 150,137,48 119,111,57 75,68,27 174,169,96 102,107,6 147,151,55 147,144,59 101,89,21 83,79,19
44,35,29 40,34,27 36,30,25 49,43,34 39,36,21 37,34,21 44,38,33 38,35,39 33,31,32 41,36,35 47,37,36 42,41,34 45,36,30 57,46,39 82,70,70 45,38,36 43,41,23 40,36,28 55,57,42 53,56,48 56,56,42 48,46,28 50,46,25 88,83,55 93,94,46 62,62,21 68,60,49 70,70,54 48,44,34 56,55,44 46,44,42 54,52,48 58,56,52 48,46,44 38,36,37 37,32,34 34,29,31 123,109,91 91,82,76 106,83,54 145,122,93 96,78,46 94,83,66 81,72,57 71,63,50 92,88,71 39,43,14 88,92,36 80,80,17 100,95,40 102,105,27 160,165,64 109,106,39 96,97,18 89,88,23 119,112,55 139,134,65 172,166,100 132,129,62 73,71,11 40,37,0 123,121,51 105,100,47 118,116,58
32,28,22 34,33,26 46,45,38 45,44,35 41,40,33 52,51,42 40,39,32 38,37,30 41,40,33 28,27,20 40,35,37 39,37,38 33,31,29 57,53,47 46,37,33 46,44,26 52,45,25 43,36,18 40,37,22 51,49,29 52,55,33 53,54,31 50,53,33 58,58,42 65,62,36 69,63,29 147,141,93 85,78,47 85,81,62 48,45,49 52,50,62 47,45,46 49,47,45 42,40,41 42,40,41 38,35,39 30,27,31 252,223,158 71,65,60 113,98,51 218,191,126 94,75,48 89,84,45 98,103,42 87,91,22 152,156,58 110,101,16 135,129,52 129,125,47 149,154,41 88,89,0 169,169,69 131,131,49 93,93,30 136,138,54 98,105,30 70,82,19 57,67,14 60,70,0 135,144,59 59,59,16 104,103,49 64,61,21 40,36,28
50,46,29 94,89,61 88,81,63 65,62,49 47,44,31 45,44,37 38,37,26 44,40,30 37,32,34 47,45,41 38,31,29 34,29,26 83,79,73 58,54,48 45,35,34 51,52,31 50,48,30 46,44,26 58,51,35 47,48,29 45,47,30 41,44,24 61,60,35 50,44,19 36,39,19 41,41,25 63,61,28 103,99,62 66,66,50 104,100,90 96,96,82 59,57,58 54,49,48 55,50,52 57,52,54 43,38,40 48,42,47 255,240,182 78,80,36 87,85,52 131,128,61 133,140,65 64,74,11 104,109,19 146,152,53 103,101,52 60,56,0 156,163,50 95,99,5 145,152,48 128,134,39 123,127,29 110,112,26 116,122,25 122,133,32 111,117,20 105,103,31 114,111,46 79,84,23 97,97,56 70,68,35 52,54,26 67,73,34 41,40,13
51,47,39 63,59,40 65,61,15 46,37,20 93,92,54 38,38,24 32,33,21 39,39,23 32,31,22 42,41,34 38,37,26 32,27,29 45,41,20 42,40,22 59,60,41 51,48,33 42,37,25 60,49,42 54,52,34 39,41,26 42,44,16 37,38,17 35,36,17 51,52,33 44,44,28 51,52,31 50,47,32 61,56,26 93,86,55 74,65,50 58,48,52 59,51,57 60,54,61 61,56,58 49,46,52 50,45,47 70,74,20 63,59,38 82,84,29 114,119,47 100,106,0 165,169,59 139,141,43 136,136,34 133,133,22 168,164,34 177,175,58 155,154,57 92,93,25 95,101,20 91,97,29 87,95,4 140,152,62 109,120,39 93,98,37 115,116,39 104,100,38 85,81,35 89,97,33 98,104,34 67,70,21 70,78,14 70,68,19 88,88,56
47,47,33 50,47,32 79,74,33 73,70,46 57,55,24 47,47,31 38,39,29 34,34,18 38,38,22 31,29,25 27,26,15 53,49,41 44,40,19 53,56,34 63,64,43 47,42,39 37,37,21 45,39,30 54,52,34 45,47,32 39,44,22 41,42,21 35,36,17 37,38,19 41,41,25 45,46,25 58,58,42 64,59,47 69,70,49 58,55,42 71,68,44 82,76,69 49,43,50 49,42,52 67,61,66 79,82,47 60,59,50 49,45,39 128,132,49 110,116,17 132,131,52 151,155,68 138,144,45 146,147,42 149,145,69 139,139,53 87,91,6 91,97,16 146,143,58 130,128,40 76,79,15 89,91,36 100,102,45 60,62,18 83,85,32 66,73,18 103,104,36 80,80,10 145,154,69 121,129,38 86,87,21 113,116,54 102,107,35 88,97,26
37,39,22 38,40,23 46,52,25 57,53,32 56,51,21 56,55,30 50,52,37 37,36,25 61,58,43 37,32,29 34,33,26 50,45,33 55,56,35 34,34,20 43,41,23 43,38,24 42,42,28 39,40,28 36,40,23 55,59,44 41,43,28 39,41,24 50,52,35 42,43,24 41,41,25 34,37,15 56,57,34 41,42,19 51,49,29 82,78,59 131,116,94 165,130,92 206,165,104 197,158,99 172,150,87 169,142,97 91,92,42 166,173,58 151,154,76 83,81,19 138,141,50 113,117,30 157,161,74 117,119,33 198,204,82 161,165,55 139,140,49 123,125,29 117,113,26 95,92,25 96,92,32 62,62,30 89,84,52 110,113,33 102,102,41 138,140,44 81,85,31 106,110,54 33,34,13 33,32,23 121,123,48 40,41,2 92,96,29 78,88,25
34,35,25 34,34,29 55,52,56 67,68,45 114,107,64 55,58,36 43,45,0 46,41,40 31,29,25 37,36,25 32,31,24 40,32,21 46,39,19 54,52,30 49,46,31 52,44,31 55,50,36 34,36,19 49,45,37 52,52,47 36,40,23 37,39,24 44,46,29 32,34,19 47,50,30 37,39,24 48,50,22 48,49,26 43,41,21 53,45,23 76,69,40 150,127,96 124,99,69 140,123,86 85,66,52 85,71,53 121,124,62 171,173,89 139,142,51 111,122,25 103,108,16 137,136,39 173,168,57 121,119,31 168,170,76 75,79,12 114,108,44 34,38,0 77,78,30 98,95,40 78,74,26 72,63,18 94,93,39 61,55,30 77,76,22 56,51,23 37,35,15 47,48,25 25,27,12 61,62,12 122,126,43 43,39,20 161,162,73 64,64,21
42,42,28 94,93,86 65,62,47 37,38,30 64,56,32 40,37,24 161,164,100 96,99,48 60,60,44 42,43,24 37,34,19 47,45,27 37,39,13 45,49,20 40,43,23 56,51,39 44,41,17 50,48,30 48,43,31 56,46,45 38,38,24 33,41,20 33,34,13 41,43,26 39,42,22 34,36,19 43,46,24 58,60,34 50,52,35 53,54,33 51,50,23 74,69,41 81,77,29 73,70,19 81,73,49 130,132,59 121,120,66 147,146,69 123,126,25 140,138,50 107,106,27 162,166,58 122,130,23 176,177,72 103,105,11 149,154,51 75,79,39 55,53,20 70,66,29 76,73,8 59,54,3 123,119,61 54,54,24 60,60,28 92,94,41 44,46,0 77,77,45 41,42,19 100,98,40 109,112,52 45,46,23 182,179,87 61,58,16 46,43,28
73,80,21 60,59,52 45,45,31 50,53,29 54,55,34 59,60,37 115,115,74 44,44,30 116,124,60 82,87,42 42,42,28 38,39,20 52,51,40 45,46,23 60,58,40 55,49,40 57,53,36 50,45,33 43,37,30 55,44,37 37,40,28 46,50,35 42,43,22 43,46,24 35,40,18 41,42,30 35,36,15 48,48,32 64,58,33 50,47,21 66,58,34 39,42,11 136,143,88 76,78,34 176,185,87 170,174,107 95,95,50 96,97,29 133,131,71 111,111,39 155,156,47 128,137,41 114,119,18 105,99,33 135,139,45 145,147,74 68,70,24 64,66,22 138,135,80 66,64,31 151,144,83 43,38,10 75,69,46 71,69,20 35,33,11 43,41,23 40,42,16 40,37,11 116,119,55 55,53,31 132,121,46 42,46,8 92,82,40 77,81,25
61,64,31 38,40,14 56,57,36 44,49,27 44,49,29 53,54,35 90,88,68 46,43,28 60,59,34 58,61,26 55,56,35 54,57,37 54,57,37 39,37,15 55,53,35 60,51,45 64,59,47 62,56,51 50,46,40 45,36,30 53,52,41 49,55,42 44,49,29 44,39,36 53,54,35 72,71,46 186,173,123 84,83,29 87,81,58 91,86,83 32,34,29 38,38,22 40,39,28 31,38,0 65,66,18 147,149,94 97,103,24 116,121,29 90,93,29 98,93,42 132,134,36 145,150,49 136,142,36 151,153,55 117,120,40 69,72,23 76,79,30 64,64,23 109,104,53 52,46,21 62,53,6 43,41,19 50,47,21 66,67,19 77,76,40 30,28,8 74,75,52 52,52,11 34,34,0 40,41,22 66,61,29 67,76,20 83,71,30 50,49,13
45,48,24 41,44,20 48,53,33 47,47,31 48,50,35 55,57,42 28,27,18 52,56,41 49,53,38 59,61,33 50,48,28 61,60,49 53,56,44 65,66,58 64,61,46 82,80,62 132,131,106 87,90,59 74,76,50 97,99,42 70,65,37 52,43,28 32,32,18 39,40,32 40,41,33 32,35,27 30,36,25 34,37,27 37,40,30 47,44,48 48,45,51 33,33,30 61,61,45 100,103,41 42,44,0 57,55,24 78,79,29 85,90,27 126,132,51 160,166,56 74,72,25 135,142,56 145,144,88 103,103,33 86,90,36 54,53,28 91,94,32 81,79,19 79,75,40 94,87,30 48,55,23 31,31,15 36,35,8 43,38,35 37,38,17 35,35,19 44,46,4 41,42,21 37,38,17 138,135,82 47,46,21 39,40,17 30,24,0 42,38,17
54,46,35 43,36,18 69,66,40 74,69,37 112,104,82 139,131,120 126,116,104 126,115,96 147,134,113 156,140,123 92,78,53 77,70,54 53,43,42 29,22,20 37,38,26 30,36,23 35,42,26 24,32,18 28,34,21 29,35,24 30,36,25 61,64,44 50,51,39 39,40,28 50,53,45 43,44,36 48,47,50 37,32,34 47,42,44 45,42,48 34,31,37 50,45,47 42,36,41 44,34,35 43,32,27 55,50,11 92,91,35 55,53,31 58,58,13 85,85,22 71,74,14 87,91,22 115,113,51 93,92,36 73,73,32 81,76,37 64,59,16 109,109,50 50,51,3 93,94,17 78,82,53 42,42,12 55,52,28 82,82,52 36,39,19 49,50,29 49,44,32 36,38,21 31,33,16 63,62,35 80,84,46 31,33,18 63,61,28 95,94,40
88,69,55 93,74,62 87,70,62 78,65,58 70,57,52 64,51,44 65,55,45 50,40,41 75,63,63 59,47,49 44,34,33 53,40,37 47,37,41 55,43,48 65,55,59 62,55,58 43,38,37 32,22,26 58,51,51 40,33,33 48,41,41 42,35,38 34,27,30 53,47,54 41,35,40 44,39,41 42,32,33 50,37,34 79,63,50 65,49,32 109,94,74 101,83,64 118,100,79 118,104,86 60,50,28 81,74,47 49,45,24 75,75,14 85,87,16 106,110,56 42,42,10 61,65,9 52,47,8 131,131,72 53,50,37 146,149,69 68,61,0 88,87,33 101,95,31 66,66,21 65,69,42 121,108,87 51,44,15 34,30,24 47,47,31 54,58,31 37,33,23 40,40,24 38,38,22 39,41,26 37,40,18 31,31,15 47,43,22 39,36,23
46,36,37 42,35,35 43,38,40 43,37,44 42,36,43 43,37,44 46,39,51 41,37,46 34,31,37 43,37,42 67,57,61 61,51,52 54,42,44 92,77,68 83,72,57 66,57,42 85,78,62 64,55,38 78,71,55 78,69,50 119,112,85 88,77,58 93,77,64 110,90,72 136,115,92 107,85,65 118,98,80 88,67,52 45,32,27 47,36,33 26,17,11 36,31,33 42,37,23 94,85,77 64,67,55 38,39,20 47,47,31 40,43,10 100,103,41 40,42,0 50,48,30 85,86,47 44,35,16 32,32,18 78,77,52 130,134,26 169,166,81 62,61,34 113,113,31 85,87,45 33,34,15 97,85,48 68,63,35 47,48,36 45,45,29 50,50,18 40,36,26 41,41,27 34,34,20 39,41,26 31,31,17 30,32,17 54,53,26 34,36,21
29,23,28 48,42,47 35,30,46 39,35,48 62,58,67 75,71,84 46,41,59 48,39,50 85,75,65 81,72,55 87,79,68 83,71,59 92,78,64 101,81,63 83,63,43 109,91,72 105,89,74 103,84,68 79,65,51 54,44,34 57,49,38 56,50,43 32,30,26 35,41,32 43,46,38 25,25,22 39,37,38 23,23,18 26,24,22 26,24,22 36,36,31 24,25,15 39,40,28 36,38,23 41,42,30 33,32,21 55,58,25 55,52,37 42,38,28 72,72,40 21,20,11 27,28,7 125,129,75 22,23,11 27,23,13 63,64,0 71,71,39 75,71,36 111,111,41 104,111,34 57,46,39 112,96,54 105,88,53 55,51,43 62,53,36 61,58,45 45,45,31 46,46,30 38,38,24 44,46,31 41,44,24 34,36,21 40,39,14 34,36,19
50,39,36 46,36,35 53,41,43 49,41,47 61,50,57 59,49,53 78,67,76 83,71,73 89,79,69 95,84,67 72,64,51 98,89,74 99,86,81 87,76,71 65,55,56 40,33,33 44,37,37 33,31,27 30,23,21 37,35,36 26,26,23 34,35,25 32,40,26 27,38,23 22,30,16 32,38,27 29,24,21 21,19,15 33,28,25 30,28,24 25,23,24 41,40,33 47,48,40 36,37,29 55,54,43 43,37,30 31,26,14 42,38,28 24,25,17 31,34,14 35,39,24 49,42,26 54,53,17 38,40,23 56,48,12 68,66,0 64,68,39 87,89,32 61,63,21 66,73,18 150,129,73 132,119,71 115,93,57 77,66,51 55,51,32 58,55,42 51,52,33 33,27,22 32,28,20 38,37,26 40,40,26 34,33,22 42,40,22 45,47,32
83,64,50 79,60,46 70,54,39 86,70,57 92,75,67 96,81,72 102,87,76 90,77,70 75,65,64 48,43,45 47,46,51 47,46,49 47,47,47 41,41,38 39,39,34 36,36,33 33,31,27 34,34,29 20,18,14 27,25,23 40,38,34 53,51,47 43,46,38 35,38,28 29,30,18 30,31,21 37,36,29 54,50,44 42,36,31 26,20,15 44,39,36 44,38,31 40,36,30 41,36,33 32,27,24 16,15,8 24,25,15 23,24,14 52,55,31 147,139,103 139,137,108 43,45,30 46,47,26 43,45,28 95,93,60 146,145,66 48,47,20 44,47,23 84,89,28 81,68,16 139,101,55 114,85,52 100,85,65 64,51,44 81,76,37 82,69,48 73,66,48 44,38,29 43,37,28 33,29,19 41,42,30 28,27,18 37,37,21 42,42,28