70,99,85 71,93,81 68,82,75 85,104,84 109,130,109 156,195,221 173,216,255 181,224,255 74,97,133 37,55,54 40,54,45 48,65,57 35,49,40 34,48,39 41,55,48 47,63,63 41,57,55 61,77,75 32,48,46 34,51,46 65,74,74 26,43,38 28,45,40 34,48,39 29,42,41 27,41,37 36,50,43 49,65,46 54,66,57 61,74,60 56,73,49 37,46,18 52,67,53 42,56,49 43,55,61 50,62,66 44,57,58 44,57,58 38,51,52 34,49,52 29,41,45 56,69,70 42,56,47 29,43,39 41,58,53 32,51,42 46,64,51 35,49,45 36,50,43 30,50,34 46,68,58 42,57,45 45,63,46 49,65,46 38,56,43 61,81,54 53,71,54 45,60,44 45,60,48 49,68,57 46,68,56 40,53,52 28,41,40 40,56,37
65,87,75 73,90,80 113,131,100 75,95,68 98,118,91 147,185,216 111,145,145 179,222,255 87,112,138 45,59,38 43,57,48 33,49,47 30,44,40 62,75,74 38,52,45 46,62,62 38,54,52 39,55,53 52,68,66 53,70,65 72,81,81 26,41,44 26,43,38 30,44,40 42,56,49 27,41,37 30,44,37 55,69,65 113,130,122 33,47,38 35,49,45 33,47,43 86,98,78 46,59,45 61,76,62 42,54,58 40,52,56 43,56,55 64,76,84 33,48,51 34,47,46 44,57,58 36,50,41 38,52,48 40,57,52 26,45,36 34,53,33 35,50,38 58,70,52 35,48,49 38,56,41 37,52,40 35,52,44 55,71,52 41,58,53 61,79,64 69,86,76 41,54,53 36,50,41 44,63,52 38,60,48 37,50,49 29,42,41 52,67,53
55,70,75 69,87,74 71,89,72 45,61,61 65,82,58 87,109,121 117,140,167 78,102,104 43,60,52 71,91,62 35,54,45 31,44,43 29,42,41 34,48,44 29,43,39 32,47,50 64,81,73 59,76,66 46,63,55 33,49,47 54,63,63 45,63,62 29,43,39 61,72,59 89,109,93 24,38,34 29,41,34 82,102,75 29,43,36 29,43,36 30,44,35 32,42,39 42,54,47 79,92,76 70,94,96 75,87,80 54,66,72 43,56,55 59,72,73 53,68,75 37,50,51 64,75,76 37,49,53 36,53,48 29,46,41 32,51,42 31,45,38 27,41,34 30,44,35 33,46,47 32,49,39 57,71,62 50,66,64 39,50,51 43,59,57 30,49,43 58,81,62 49,64,50 53,72,52 68,88,70 63,80,75 32,47,52 46,51,57 59,85,60
60,76,76 64,81,76 53,67,77 85,101,80 45,64,42 47,66,46 43,65,58 122,145,168 117,141,101 68,83,59 38,57,37 44,59,47 33,46,47 36,52,50 60,76,76 35,51,49 58,76,73 53,72,61 46,61,68 28,42,33 62,76,72 36,49,48 29,41,45 38,50,58 22,34,38 71,81,97 33,44,43 54,65,50 33,47,43 31,44,43 27,41,37 33,49,47 39,50,37 56,76,58 83,97,67 62,82,57 52,67,72 37,51,44 43,57,50 37,49,53 78,88,104 69,77,84 36,52,52 38,54,52 40,57,49 33,49,47 31,47,47 36,50,46 30,44,40 33,46,47 31,45,41 31,46,30 49,62,46 48,65,60 32,48,46 40,57,47 34,51,41 59,81,69 40,58,45 45,62,52 52,73,52 32,47,52 36,56,57 48,65,60
49,63,75 49,63,75 78,95,87 93,108,94 46,64,51 42,61,50 46,65,59 45,62,68 60,73,59 67,87,62 62,78,57 52,70,57 45,61,59 49,64,50 54,67,68 46,58,49 55,74,68 29,45,43 43,58,61 57,68,81 67,78,79 31,44,43 30,43,42 37,49,53 25,40,43 44,57,58 29,43,39 24,37,36 31,44,43 27,41,37 28,42,38 26,42,42 41,56,40 45,59,55 31,48,38 38,52,43 86,103,77 52,70,53 41,58,50 33,46,47 40,51,50 66,75,77 69,83,95 50,65,53 35,49,45 33,50,45 67,90,71 36,49,48 30,44,37 26,40,33 38,52,48 38,52,45 35,49,45 34,47,46 28,44,42 42,59,54 45,62,54 52,71,62 47,65,48 40,59,53 44,63,57 33,50,42 64,86,74 41,58,60
48,62,72 48,62,72 56,73,65 51,69,68 66,87,66 58,72,51 61,78,68 42,59,49 40,57,47 75,93,80 71,86,70 94,116,90 38,58,42 75,99,77 58,78,62 40,58,43 34,47,46 30,43,42 35,48,49 40,54,50 66,79,78 36,50,43 29,42,41 27,40,39 29,42,43 27,39,43 33,45,49 28,41,42 24,37,36 27,41,37 28,42,35 29,46,36 39,57,40 43,62,42 66,87,66 42,57,43 70,89,67 53,73,55 51,65,58 66,84,71 38,52,45 58,70,74 41,53,57 42,59,49 29,45,43 34,51,43 42,60,47 33,46,45 35,51,49 32,48,48 44,58,51 56,69,57 34,48,44 84,101,91 41,56,44 42,59,54 42,58,58 51,70,61 35,52,47 46,63,58 42,59,54 47,64,59 49,61,52 39,55,53
49,63,73 46,60,70 46,60,70 70,88,85 39,60,58 50,65,53 50,64,43 95,117,87 56,73,63 59,76,50 49,66,56 96,126,91 50,66,47 34,53,47 86,97,82 56,75,55 56,70,61 31,44,43 81,95,86 42,57,45 62,76,69 55,66,79 32,50,49 94,107,91 35,49,45 26,39,40 28,40,44 26,39,40 37,50,51 42,52,56 61,78,68 35,52,42 43,57,48 52,67,55 43,60,50 44,63,52 40,59,39 54,73,53 47,61,57 55,73,58 50,64,55 68,78,82 40,56,56 30,44,37 40,57,49 33,50,40 36,50,46 39,58,52 31,47,47 43,57,50 45,63,46 29,44,30 43,57,50 63,81,66 74,89,61 43,61,48 50,68,51 40,57,52 45,63,60 34,51,46 39,56,51 40,56,56 29,45,43 45,61,61
55,67,75 50,62,70 69,82,83 92,112,98 122,175,214 55,73,58 35,53,38 37,57,41 41,56,42 38,58,44 43,61,48 34,52,35 57,76,56 64,82,67 61,71,68 100,120,77 43,57,48 42,61,52 35,49,45 31,44,45 66,84,83 56,75,64 33,51,38 42,56,52 41,54,55 40,51,50 33,46,45 37,50,34 44,59,45 77,92,78 59,78,56 33,43,37 65,82,54 40,60,35 52,71,65 36,53,43 50,64,57 48,63,49 48,62,55 33,48,36 138,158,72 68,79,80 34,49,52 49,66,58 52,70,57 49,63,54 30,43,44 34,52,37 44,63,57 35,54,43 43,57,50 38,54,52 46,69,52 69,84,70 31,46,32 37,51,42 30,44,37 54,69,55 51,70,64 39,57,54 36,50,41 44,58,54 71,84,85 37,49,55
51,63,71 50,62,70 69,82,81 90,114,90 72,97,79 48,66,63 49,68,48 75,98,79 47,66,57 33,51,36 43,58,42 33,46,32 51,66,52 52,66,57 41,60,51 95,107,44 67,90,73 42,60,47 33,47,43 38,51,52 70,82,90 52,68,66 104,129,98 29,42,43 30,43,44 33,43,47 61,77,75 45,62,54 62,77,65 71,86,70 58,80,50 42,60,47 43,58,44 36,51,37 29,42,43 44,58,54 52,65,51 52,71,35 42,56,49 48,61,60 37,50,49 64,75,76 60,79,59 42,59,49 48,65,55 47,61,52 45,60,44 32,49,41 38,58,44 48,66,49 54,69,57 30,44,37 52,70,57 53,73,57 61,75,54 49,62,46 50,60,64 29,45,45 30,42,46 37,49,53 61,75,71 62,77,63 29,45,45 38,57,51
56,70,82 52,66,78 66,82,91 66,82,80 88,108,94 53,72,61 49,63,56 38,55,47 31,48,40 31,45,41 30,44,40 52,66,59 52,68,49 26,40,36 43,55,46 43,65,53 38,53,37 48,62,55 34,49,52 49,63,59 58,70,76 27,44,48 47,59,67 33,46,45 48,62,58 46,69,54 53,68,42 56,75,64 61,76,60 66,81,53 92,113,81 54,69,45 90,102,66 40,42,25 33,47,38 35,48,36 36,48,39 37,48,47 126,143,115 70,82,37 38,52,48 61,77,75 64,82,65 51,66,50 48,67,47 35,52,42 56,74,57 43,61,46 48,67,58 47,65,32 29,44,49 42,58,56 62,80,65 53,73,55 56,72,53 54,73,67 56,67,68 28,41,42 33,45,49 33,45,51 34,47,46 58,70,66 98,112,82 155,167,77
56,70,82 52,66,78 57,69,75 60,77,79 72,93,89 69,89,75 39,56,46 35,50,38 35,52,44 29,43,39 69,88,82 58,74,55 31,46,30 38,51,52 57,71,67 52,69,61 94,112,56 100,114,82 62,75,90 36,51,54 72,89,95 37,52,66 54,67,84 45,58,59 50,63,47 131,149,134 41,58,34 61,79,64 47,60,37 74,86,66 48,61,34 79,95,64 144,152,90 64,77,52 27,45,42 33,47,40 32,44,35 26,42,40 51,64,52 36,48,39 56,73,68 53,68,71 31,48,38 34,51,43 67,81,60 45,63,48 64,83,61 49,69,53 41,66,48 52,67,51 46,64,51 49,67,50 46,64,47 44,65,63 84,111,81 54,68,61 41,57,55 31,47,47 35,49,45 50,65,53 46,63,58 53,71,56 65,81,62 56,74,61
49,64,69 60,75,80 56,66,86 62,77,82 69,87,84 57,74,66 47,62,48 37,51,47 36,50,46 33,50,45 35,51,32 38,50,41 38,53,39 34,47,48 43,57,48 108,127,37 56,75,69 66,80,61 56,71,59 59,73,85 49,65,65 73,93,79 40,56,54 58,77,71 50,72,62 55,69,39 37,51,47 39,58,47 46,66,52 46,70,48 98,103,29 92,98,28 86,86,14 144,128,25 89,85,48 127,97,80 35,52,47 32,44,37 42,59,54 46,63,55 37,51,47 65,78,77 40,57,52 40,56,54 32,48,48 42,59,54 38,55,47 56,75,55 71,92,60 40,59,39 33,50,40 38,53,41 53,71,58 42,61,50 56,71,55 83,99,68 73,94,73 50,69,47 57,72,58 41,61,47 56,72,53 64,76,58 50,67,57 57,84,68
53,66,81 50,63,78 61,73,77 59,72,73 66,82,82 58,70,76 52,64,68 31,45,38 35,52,42 45,57,48 30,44,37 38,53,41 31,46,32 26,43,38 93,110,86 41,54,53 66,87,66 69,84,68 59,74,60 40,57,52 52,68,66 77,94,70 32,49,44 35,51,32 42,59,54 51,65,58 32,51,42 43,61,46 60,81,60 93,104,46 91,96,22 90,97,20 86,92,22 63,67,13 174,162,53 106,95,60 33,45,49 30,43,44 31,44,45 37,50,49 31,44,43 50,63,64 37,50,49 34,51,46 44,59,47 47,64,54 57,71,52 61,79,62 40,63,46 39,62,47 56,72,72 38,55,50 38,55,45 41,55,51 36,46,50 81,96,72 75,93,76 45,63,48 70,86,67 36,53,43 54,69,57 51,71,57 47,66,46 39,56,46
53,66,81 54,67,82 55,70,77 69,86,78 69,83,76 60,76,76 50,65,70 42,60,43 35,54,45 38,55,47 43,60,55 31,44,45 28,42,33 29,46,41 32,48,46 36,53,48 77,97,72 45,64,44 33,47,40 37,50,51 73,85,89 43,59,59 29,46,38 40,56,54 41,55,48 43,58,46 49,67,54 46,62,60 64,75,46 91,94,34 48,48,14 52,59,15 83,87,20 91,93,22 131,121,41 235,206,74 57,58,63 36,46,50 34,46,50 47,57,61 38,54,52 47,59,63 36,51,56 38,52,45 40,57,47 47,64,59 38,60,48 39,57,40 34,53,47 38,60,53 38,55,50 34,50,48 50,63,47 51,63,56 49,61,65 48,62,55 52,68,68 31,46,49 39,56,51 34,51,46 42,64,52 52,72,56 70,86,65 50,73,58
52,66,78 50,64,76 54,69,74 66,82,80 84,98,89 70,87,79 67,85,70 58,82,69 62,80,67 43,60,52 65,78,77 36,50,43 28,42,38 36,51,54 35,50,55 27,41,37 28,45,37 61,78,68 36,49,48 31,44,43 69,81,85 48,67,56 50,65,53 43,59,57 47,64,59 44,56,60 35,52,47 35,52,42 94,97,48 52,57,21 48,54,15 61,61,18 90,95,23 77,86,17 76,80,22 203,174,40 197,181,67 64,66,63 40,52,56 40,50,56 52,63,64 59,69,73 32,43,44 43,56,42 35,52,42 41,58,50 53,71,56 37,56,50 46,65,56 50,67,59 37,50,36 38,55,47 78,93,79 68,87,76 48,61,76 42,57,64 65,77,81 32,47,50 46,62,60 32,49,44 47,65,50 47,69,57 53,70,62 47,64,59
62,73,84 77,95,94 57,72,75 62,80,79 63,78,81 61,80,69 42,66,55 47,65,52 63,80,72 38,55,50 54,69,74 38,54,52 47,62,65 45,62,57 62,77,80 34,48,44 55,70,73 48,64,62 41,54,55 57,70,71 68,77,77 49,69,53 39,55,55 38,51,50 59,76,71 41,58,50 36,52,50 43,61,46 79,79,49 90,97,42 65,73,20 51,56,9 67,74,17 68,77,17 83,91,25 207,181,61 75,79,25 131,125,48 91,82,51 131,118,111 74,86,82 56,69,70 29,44,49 53,64,65 63,90,74 38,54,52 36,53,48 44,62,59 46,64,51 64,81,76 42,59,49 55,74,54 47,64,59 44,64,65 134,156,172 203,241,255 38,51,52 43,60,55 50,67,59 46,63,55 52,69,59 47,60,44 62,77,63 46,64,51
61,72,73 74,90,90 73,87,83 75,92,87 63,78,81 53,70,62 52,72,58 60,77,72 46,64,51 40,57,52 38,55,50 54,69,72 32,47,54 40,53,52 41,54,53 33,46,47 38,54,52 46,61,68 43,58,63 68,86,85 65,74,74 57,79,72 49,66,58 68,86,73 45,60,63 40,57,52 59,73,52 78,100,90 52,64,46 59,58,22 71,80,34 80,87,39 71,78,30 65,74,26 85,97,30 152,142,71 70,84,27 72,80,41 83,71,61 119,103,97 58,51,49 60,59,64 74,80,81 34,52,51 56,71,59 42,55,54 41,55,48 39,58,47 51,65,61 42,57,41 48,62,53 36,48,44 47,58,59 57,74,69 73,88,102 202,225,234 27,39,43 55,73,70 49,71,64 39,66,48 54,74,60 48,65,55 56,70,49 36,53,45
76,89,88 58,70,78 66,79,80 69,85,83 59,75,73 52,69,61 61,76,79 69,86,78 48,65,60 49,66,61 26,42,42 43,60,55 47,59,63 37,50,51 30,43,42 33,46,47 67,81,91 47,61,73 43,54,65 57,74,69 65,74,74 54,76,64 49,67,66 66,75,75 43,60,52 45,63,50 57,80,65 64,87,72 52,68,66 63,82,32 52,57,35 83,88,52 72,81,23 79,90,30 60,73,19 61,69,16 65,69,52 51,46,43 44,48,50 66,76,82 66,76,82 45,54,56 25,26,29 37,48,49 31,44,43 28,44,44 31,44,43 42,58,58 37,49,53 42,56,52 47,62,48 52,63,76 79,87,92 64,74,78 164,180,178 175,190,193 44,54,60 54,70,68 50,73,58 55,75,57 46,64,51 49,67,52 38,53,41 159,172,187
63,75,79 65,77,81 56,72,72 57,69,73 59,74,77 76,97,93 137,151,163 56,74,59 48,65,60 43,58,61 33,50,45 41,57,55 34,47,46 38,50,54 31,42,53 30,43,42 31,44,45 62,74,78 42,52,58 55,68,69 57,69,65 59,76,66 44,57,56 52,68,66 54,70,68 52,68,66 65,85,71 43,60,52 62,80,65 101,112,113 60,66,27 59,67,16 66,74,23 72,80,27 58,61,12 66,68,51 42,40,38 78,83,89 104,119,126 100,115,120 139,138,127 255,215,177 43,44,49 32,31,36 31,46,49 32,41,41 36,47,48 34,50,48 31,43,47 56,70,66 70,80,43 53,64,49 74,83,85 62,72,66 116,127,55 114,121,85 84,91,86 122,132,65 128,140,65 144,157,73 138,154,63 126,138,71 123,135,97 186,201,187
63,75,81 81,93,99 90,106,106 62,74,78 68,83,86 69,92,87 129,144,160 57,75,62 40,59,53 52,69,61 50,65,68 38,53,56 38,48,64 31,44,45 52,65,64 38,50,56 44,57,58 42,55,56 36,48,44 56,69,70 75,85,89 61,76,81 56,68,72 50,65,68 78,94,94 73,85,89 45,60,44 42,59,49 41,58,53 163,177,189 61,73,53 62,74,25 68,75,27 60,65,18 60,66,14 39,39,39 51,52,55 109,118,129 103,119,128 98,110,118 92,104,112 188,169,146 128,107,80 42,48,51 30,43,44 44,48,52 29,44,51 74,93,71 52,64,68 62,75,74 94,104,69 105,114,54 73,81,88 104,113,115 101,110,50 85,91,94 103,115,66 109,118,60 109,118,58 112,122,55 121,132,60 130,143,59 121,132,60 122,132,56
141,170,188 123,152,170 114,139,163 115,138,161 117,143,162 87,111,89 101,120,130 71,91,96 147,177,190 83,101,116 70,87,93 41,57,57 41,53,57 37,50,49 29,43,36 43,53,69 73,88,102 138,156,173 89,103,126 88,101,129 41,51,67 144,168,188 89,110,129 74,93,103 173,188,204 106,126,142 74,91,111 44,59,45 56,68,72 110,139,157 153,168,184 48,60,26 46,58,9 47,60,6 36,36,33 53,53,48 86,91,99 103,117,129 95,109,121 85,100,114 81,95,105 108,107,110 255,211,164 51,62,61 119,115,94 66,77,66 72,85,69 81,91,54 77,89,44 81,83,97 117,125,111 95,106,50 61,69,74 145,150,158 112,124,61 73,82,82 85,95,44 90,102,53 89,99,48 106,117,57 101,112,52 83,92,46 114,124,57 112,122,48
143,172,188 142,171,187 124,155,186 132,165,198 138,173,194 134,164,186 120,143,170 142,173,190 140,170,192 103,125,141 57,77,80 36,52,52 38,53,56 48,61,60 40,53,54 39,53,65 106,121,137 38,53,69 109,136,146 52,67,74 55,66,77 134,167,190 81,108,122 139,161,175 54,76,69 89,107,90 102,115,92 31,45,36 60,74,53 88,115,129 73,92,72 60,70,64 91,105,44 63,67,69 41,38,42 43,42,45 69,80,93 88,102,114 89,103,115 88,99,112 79,90,101 78,90,98 249,207,169 58,69,68 58,45,53 102,106,66 103,105,63 93,106,54 108,119,63 87,98,56 144,153,153 78,92,42 78,83,91 166,170,174 73,86,45 77,82,88 94,101,53 84,96,47 89,98,50 81,90,44 83,91,52 94,104,53 88,102,52 79,91,46
134,171,189 140,171,188 144,173,189 149,177,184 149,179,188 157,180,189 153,179,187 151,177,194 158,181,188 106,124,137 48,65,60 47,64,59 89,102,88 58,70,61 42,52,56 81,91,99 122,135,83 65,74,46 107,126,147 66,86,72 73,93,107 82,109,77 82,105,72 77,99,69 81,93,115 72,86,82 73,92,72 67,81,62 84,87,77 88,110,100 105,121,61 90,100,67 55,57,57 37,37,37 41,36,38 31,28,32 53,67,77 73,89,100 83,97,107 84,97,112 78,92,104 71,85,97 206,170,141 69,77,82 44,38,33 94,103,55 94,101,53 97,110,56 79,89,54 74,87,44 81,91,95 106,117,59 64,72,77 148,142,147 82,97,60 121,127,128 80,88,49 85,93,52 105,114,54 89,96,50 83,90,56 87,99,50 89,100,44 92,104,57
138,160,160 137,160,155 138,160,150 140,159,148 139,161,151 141,158,150 140,160,146 130,150,166 124,142,139 64,82,67 54,68,59 79,94,70 78,92,73 65,80,56 63,79,60 82,100,85 81,98,70 80,97,73 82,98,65 98,121,130 69,88,107 74,97,78 82,104,67 78,100,59 70,92,104 82,97,69 111,128,63 114,126,59 114,130,59 125,134,63 127,137,59 44,47,27 34,33,36 29,29,29 36,31,30 31,28,32 63,75,83 70,82,90 82,96,106 85,99,111 79,92,107 76,90,102 193,169,147 79,74,76 48,37,34 82,96,48 82,93,53 77,89,51 68,80,42 73,87,41 70,81,80 89,96,52 74,84,81 171,166,168 69,85,83 129,137,116 76,86,53 86,94,53 100,108,57 87,93,54 84,92,51 73,81,42 86,94,55 81,91,54
80,97,57 79,96,56 83,102,64 88,107,67 85,101,68 79,96,60 81,96,68 92,109,99 87,104,76 68,85,61 81,99,66 78,96,65 77,99,62 69,86,62 75,92,64 68,85,57 79,100,66 73,94,60 76,97,65 80,94,75 76,89,104 72,87,71 94,112,69 122,136,75 125,137,60 128,142,65 112,124,59 107,121,62 121,138,87 99,112,58 113,125,62 40,48,25 46,44,45 44,41,45 38,36,37 30,25,27 28,33,39 74,85,86 84,100,111 86,100,112 85,99,111 85,95,111 89,91,91 196,170,145 47,46,19 87,99,52 84,93,49 86,93,49 75,86,55 84,98,50 74,83,83 141,144,109 71,82,81 164,157,155 67,82,85 94,103,55 87,94,60 74,81,49 96,104,53 73,79,52 79,86,50 67,72,40 74,79,45 94,102,51
70,87,61 70,87,61 73,93,68 71,85,64 67,87,58 69,89,62 75,96,64 67,88,56 66,87,55 79,95,64 73,88,60 76,94,61 71,93,54 69,91,54 77,96,60 88,103,66 78,96,65 77,95,64 63,80,52 78,88,62 81,92,105 101,110,66 103,115,52 121,132,60 125,135,68 116,127,57 112,124,59 113,128,64 108,120,57 110,124,65 91,110,47 35,44,25 37,37,34 46,44,45 37,36,39 30,31,34 33,32,35 37,38,41 99,113,123 95,109,121 90,104,116 80,91,102 74,82,87 226,195,172 80,93,52 73,90,43 65,76,36 64,74,39 80,90,39 74,81,45 76,86,53 164,162,163 80,90,68 129,137,116 83,94,95 89,101,52 84,98,50 76,88,50 79,91,46 86,98,53 77,89,44 71,83,49 64,72,47 70,82,46
66,86,61 67,87,58 76,94,63 87,101,71 82,93,64 81,95,65 73,88,60 69,89,62 80,96,65 76,90,60 68,83,55 81,100,60 77,96,58 74,95,63 65,83,52 77,94,54 78,96,53 80,98,53 111,126,60 108,116,65 88,103,106 113,119,67 112,122,55 111,122,50 114,125,53 113,125,58 105,121,59 104,119,64 99,116,51 83,105,48 104,119,53 109,124,69 100,113,114 64,79,84 70,85,92 56,61,71 43,51,58 60,68,75 96,110,122 100,114,124 95,109,121 84,100,111 86,97,98 215,170,135 78,95,48 68,80,46 81,95,47 70,82,37 92,102,49 78,87,41 65,74,46 89,99,107 84,92,53 74,84,78 82,90,95 82,87,51 70,83,40 70,81,50 63,75,41 62,73,42 61,72,41 60,72,36 69,79,55 75,85,50
66,85,63 62,81,59 68,85,61 70,85,59 68,81,54 63,80,56 63,79,58 66,84,53 75,89,57 78,92,60 66,84,53 78,97,57 88,105,69 84,93,63 108,117,48 107,118,48 103,112,54 122,132,67 109,119,52 114,121,75 71,81,89 118,118,73 107,119,54 131,143,66 113,126,54 112,124,57 92,104,39 96,110,49 126,131,57 126,131,59 115,122,65 127,139,132 105,120,123 112,127,132 74,88,100 66,81,86 64,78,88 59,73,85 104,120,129 103,117,129 90,106,117 82,96,108 71,86,93 178,145,118 77,85,46 67,78,38 76,90,44 74,88,38 86,100,54 68,78,52 55,67,47 75,88,72 90,102,57 70,84,77 148,154,141 67,76,48 73,81,42 79,94,55 64,79,51 69,82,57 93,102,56 92,102,49 84,96,51 69,81,45
62,79,55 79,97,66 79,98,62 68,88,59 68,85,61 71,87,54 72,85,62 73,87,57 73,85,47 73,84,55 104,119,64 111,126,60 108,123,55 119,130,58 107,117,52 110,121,49 93,106,52 99,113,54 87,105,49 112,116,76 93,105,113 116,113,71 109,119,54 100,112,45 100,111,51 111,126,58 97,112,46 91,107,47 109,120,48 123,133,59 122,132,58 115,127,120 105,121,119 93,108,115 93,107,117 81,96,103 62,77,84 97,112,117 105,122,128 102,118,129 92,106,116 75,89,101 66,74,83 107,91,74 66,78,44 77,85,44 70,83,40 80,93,50 55,68,45 52,68,49 58,71,48 77,86,56 70,80,45 53,67,48 68,78,45 70,84,63 71,78,42 57,70,45 69,83,51 64,76,42 79,84,48 89,96,48 86,92,51 67,77,42
103,119,59 89,103,55 97,112,59 106,121,66 111,127,67 110,123,53 98,112,51 118,130,53 131,142,61 126,131,55 121,134,52 126,138,61 112,123,53 117,129,52 92,104,39 121,133,54 117,132,50 122,136,59 112,124,57 121,123,81 91,102,115 115,108,77 137,148,67 117,129,50 125,138,56 122,134,55 116,128,53 116,128,49 111,123,46 111,117,49 106,114,48 101,112,111 99,114,117 88,103,108 86,100,110 71,86,93 77,93,91 106,121,124 102,116,128 93,107,119 75,91,102 63,79,90 55,63,68 161,151,127 58,73,38 69,80,51 71,83,47 57,70,45 40,55,41 48,66,53 66,77,46 74,88,40 45,60,46 54,67,51 70,76,49 69,76,42 60,68,43 52,64,44 61,73,55 52,65,49 67,76,46 76,83,49 75,84,56 85,92,56
101,114,42 99,112,40 94,107,37 91,110,31 85,104,27 90,109,32 93,111,37 102,120,48 94,106,41 99,114,48 101,116,50 98,110,43 101,113,46 110,121,51 110,121,51 113,127,52 109,121,42 116,128,49 109,124,40 124,126,84 101,109,118 133,130,79 127,139,49 134,146,56 140,152,64 126,139,57 119,133,46 109,123,44 107,119,44 102,111,51 103,115,40 76,88,92 61,75,85 62,74,80 61,72,83 61,75,71 110,125,132 102,116,126 85,99,111 81,96,110 66,77,88 60,74,84 161,140,113 249,203,146 54,68,47 59,72,45 74,88,58 52,65,49 51,64,41 64,78,46 59,71,33 63,73,51 51,67,48 67,76,46 50,65,30 61,74,51 55,71,50 40,58,41 50,62,42 60,74,53 67,76,46 76,88,50 94,106,61 88,96,55
94,106,41 96,108,43 85,97,34 81,98,31 83,100,33 88,105,36 96,113,44 104,121,52 93,110,45 87,101,40 92,108,48 78,94,36 82,99,34 81,96,30 85,101,30 91,108,41 89,106,37 102,119,50 98,110,43 99,111,46 97,112,44 101,113,50 115,128,46 116,129,45 112,125,41 117,129,50 106,115,44 97,108,38 88,98,45 90,103,51 60,69,41 51,63,69 54,64,70 59,65,68 55,48,46 97,109,102 95,110,117 91,106,113 79,89,97 68,79,92 62,74,80 58,67,67 103,99,89 255,210,153 66,82,51 63,78,52 59,78,56 66,78,44 64,76,42 66,78,40 71,83,45 41,57,36 53,66,43 78,90,56 51,64,41 53,67,46 43,59,40 42,60,45 44,59,43 49,72,53 55,68,45 67,82,45 76,88,43 83,95,50
82,101,38 95,114,51 93,108,42 86,103,36 88,105,36 85,102,35 75,91,29 82,97,33 82,98,40 83,99,37 86,98,31 81,96,32 86,98,33 81,93,30 86,98,31 77,92,24 73,93,23 62,82,12 74,91,22 75,91,29 75,92,25 71,89,15 77,96,17 78,94,21 86,100,25 91,104,32 98,111,41 88,103,48 78,87,39 64,76,40 66,78,42 99,113,94 25,23,19 68,68,38 99,112,19 82,90,78 90,103,104 80,96,105 62,76,86 61,73,81 59,65,68 65,78,77 57,70,71 207,164,119 104,99,69 43,62,40 57,71,50 53,62,43 74,87,46 71,83,45 54,69,34 43,57,36 57,71,41 63,73,49 57,69,49 52,67,43 45,59,40 45,62,52 53,71,58 45,59,38 51,65,46 55,68,41 74,82,41 85,94,50
78,90,27 80,92,29 79,91,28 79,94,28 75,91,20 69,87,15 71,89,17 67,85,13 63,80,13 65,80,14 81,93,26 75,86,16 78,91,21 72,85,15 81,94,22 80,92,25 80,92,27 79,92,22 79,95,22 71,89,15 70,89,12 72,87,19 71,86,22 83,97,38 86,105,44 92,109,44 86,103,38 94,109,45 81,93,28 89,104,38 88,104,42 88,99,68 90,87,72 98,106,26 89,100,19 73,87,41 64,77,76 67,84,90 50,65,72 56,60,62 75,83,88 71,79,84 58,71,70 154,126,97 230,188,146 53,67,46 52,73,52 68,77,47 57,68,37 55,66,35 47,59,39 45,64,42 69,80,51 49,68,48 51,67,46 48,64,43 35,50,34 51,66,50 50,62,42 55,67,47 48,66,49 56,67,38 63,70,34 69,77,38
74,91,26 80,97,32 74,90,30 71,88,21 73,91,19 66,84,12 75,92,25 73,84,24 69,81,14 74,84,19 83,95,32 82,97,33 71,84,30 75,89,32 83,97,38 77,90,20 87,99,34 83,95,30 76,91,25 92,104,37 75,89,30 84,99,33 79,94,28 79,91,26 83,100,35 93,109,47 84,100,42 77,93,35 83,102,43 79,98,35 89,99,23 88,100,33 96,103,30 88,97,26 78,88,23 73,84,28 63,73,38 56,63,61 53,60,58 77,81,85 65,73,82 65,74,74 71,75,79 142,128,99 175,163,124 64,75,46 59,69,43 42,59,35 60,73,48 61,74,49 43,56,31 51,64,48 61,71,47 65,80,56 55,68,45 49,66,42 45,59,40 40,58,43 43,58,42 50,64,45 53,67,46 61,71,47 68,77,49 65,72,38
89,106,37 75,92,23 71,89,33 69,89,23 69,86,21 84,102,30 69,86,19 73,85,20 85,97,30 71,85,24 82,92,29 82,97,33 90,105,41 74,90,32 89,106,41 77,90,36 95,107,44 95,107,44 89,100,40 95,104,44 95,106,48 89,100,40 97,107,44 92,105,35 92,108,46 83,97,38 90,105,41 92,107,43 76,92,30 79,103,24 77,82,17 53,59,20 79,89,26 76,83,26 73,82,22 64,73,25 55,63,22 46,55,11 38,30,8 45,37,13 75,85,50 66,81,46 60,74,44 52,65,38 58,77,41 52,69,41 63,78,54 76,95,57 50,63,38 47,61,31 57,67,41 61,73,37 47,59,41 49,64,40 50,67,43 60,74,42 52,65,40 44,59,43 49,68,46 43,60,36 58,72,53 64,76,42 70,77,41 74,83,35