23,29,46 24,30,47 32,38,55 24,30,47 25,31,48 24,30,49 21,29,49 17,27,47 17,30,49 16,26,46 11,24,41 32,29,33 26,23,27 32,29,33 26,23,27 19,27,47 14,27,46 15,28,47 16,26,46 21,31,51 23,33,53 23,33,51 26,32,49 26,32,49 20,26,43 17,27,43 16,26,46 17,27,47 11,24,43 15,25,45 16,26,46 25,29,42 37,35,43 39,37,45 40,38,46 40,38,46 16,16,16 38,36,44 17,15,23 38,36,44 26,24,32 34,32,40 32,30,38 39,37,45 39,37,45 39,37,45 39,37,45 38,36,44 38,36,44 38,36,44 39,37,45 39,37,45 39,37,45 39,37,47 40,38,46 41,39,47 40,38,46 41,39,47 43,41,49 43,41,49 43,41,49 45,43,51 43,41,49 45,43,51
23,29,46 25,31,48 34,40,57 24,30,47 26,32,49 27,30,50 23,29,50 18,26,46 19,29,49 15,25,45 13,26,43 33,30,34 27,24,28 32,29,33 27,24,28 19,27,47 15,28,47 15,28,47 16,26,46 21,31,51 23,33,53 24,34,52 27,33,50 26,32,53 22,28,47 16,26,46 16,26,46 17,27,47 11,24,43 14,24,44 16,26,46 25,29,42 39,37,45 40,38,46 40,38,46 40,38,46 18,18,18 37,35,43 17,15,23 38,36,44 26,24,32 34,32,40 33,31,39 38,37,42 38,36,44 39,37,45 39,37,45 38,36,44 39,37,45 39,37,45 39,37,45 39,37,45 39,37,45 40,39,44 40,38,46 41,39,47 40,38,46 43,41,49 43,41,49 43,41,49 44,42,50 45,43,51 45,43,51 40,38,46
23,29,46 24,30,47 39,45,62 24,31,45 25,33,49 22,32,52 20,30,50 16,26,46 19,29,49 15,25,43 11,26,44 37,34,38 27,24,28 34,31,35 28,26,27 15,27,49 15,27,49 18,30,52 15,27,49 20,32,54 23,33,53 24,34,52 27,33,50 27,33,54 24,27,49 19,27,47 16,26,46 17,27,47 12,25,44 14,24,44 17,27,47 26,30,45 41,39,47 41,39,47 41,39,47 43,41,49 19,19,19 39,37,45 19,17,25 38,36,44 26,24,32 37,35,43 33,31,39 39,37,45 39,37,45 39,37,45 39,37,45 38,36,44 39,37,45 40,38,46 40,38,46 40,38,46 40,38,46 41,39,47 41,39,47 41,39,47 40,38,46 38,36,44 33,31,39 27,25,33 27,26,31 27,25,33 33,31,39 37,35,43
23,29,46 24,30,47 43,49,66 24,30,47 23,33,51 20,33,50 20,30,50 17,27,47 17,30,49 16,26,46 12,27,45 38,35,39 28,25,29 35,32,36 28,26,27 15,27,49 15,27,49 17,29,51 14,26,48 22,34,56 26,36,56 24,34,52 27,33,50 27,33,54 20,30,50 18,26,46 16,26,44 17,27,47 12,24,46 14,24,44 17,27,47 26,30,45 44,42,50 43,41,49 45,43,51 44,42,50 20,20,20 39,37,45 22,20,28 39,37,45 26,24,32 38,36,44 31,29,37 39,37,45 40,38,46 39,37,45 39,37,45 39,37,45 40,38,46 40,38,46 40,38,46 38,36,44 32,30,38 29,27,35 25,23,31 26,24,32 29,27,35 36,34,42 38,36,44 39,37,45 40,38,48 41,39,47 43,41,49 44,42,50
22,28,49 24,30,49 44,50,67 25,31,48 22,31,54 22,32,50 19,29,49 14,27,46 18,31,50 14,27,46 15,25,45 37,34,38 30,27,31 37,34,38 28,25,29 18,30,54 17,29,51 20,32,54 18,30,52 21,33,55 24,36,58 22,32,52 27,33,50 27,33,54 19,29,49 17,27,47 19,29,49 19,29,49 12,24,46 14,24,44 17,27,47 27,31,46 46,44,52 46,44,52 46,44,52 45,43,51 22,22,22 39,37,45 24,23,28 40,38,46 27,25,33 39,37,45 34,32,40 40,38,46 36,34,42 33,31,39 30,28,36 27,25,33 27,25,33 29,27,35 34,32,40 37,35,43 38,36,44 38,36,44 39,37,45 40,38,46 41,39,47 43,41,49 44,42,50 39,37,45 44,42,50 46,44,52 46,44,52 45,43,51
22,28,49 22,28,49 43,50,64 25,31,48 22,32,52 19,29,49 17,26,49 13,26,45 17,29,53 14,26,48 16,25,48 39,36,40 32,29,33 39,36,40 30,27,33 17,29,53 17,29,51 21,33,55 17,31,54 24,36,58 24,36,58 23,33,51 29,37,55 29,37,57 19,29,49 17,27,47 20,30,50 20,30,50 11,23,45 12,25,44 15,28,47 24,31,45 47,45,53 47,45,53 46,44,52 46,44,52 25,25,25 39,37,45 27,25,33 40,38,46 29,28,33 40,38,46 36,34,42 40,38,46 30,28,36 25,23,31 37,35,43 37,35,43 39,37,45 39,37,45 40,38,46 41,39,47 43,41,49 41,39,47 43,41,49 43,41,49 43,41,49 45,43,51 45,43,51 45,43,51 45,43,51 46,44,52 47,45,53 47,45,53
22,27,51 22,27,51 41,47,68 25,31,52 22,32,52 17,27,47 15,27,49 13,25,47 17,29,51 15,27,49 16,25,48 41,38,42 32,29,33 41,38,42 33,27,32 10,28,52 14,32,58 20,38,64 19,32,58 23,36,62 25,37,59 24,34,54 28,36,56 28,36,56 19,29,49 17,27,47 20,30,50 20,30,50 10,22,44 12,25,44 15,28,47 25,32,46 48,46,54 46,44,52 46,44,52 46,44,52 27,27,27 40,38,46 30,28,38 40,39,44 32,31,34 40,38,46 39,37,45 41,39,47 34,32,40 30,28,36 43,41,49 43,41,49 43,41,49 43,41,49 43,42,47 44,42,50 44,42,50 45,43,51 45,43,51 45,43,51 45,43,51 46,44,52 45,43,51 38,36,44 33,31,39 30,28,36 31,29,37 37,35,43
19,25,46 22,28,49 35,45,65 25,31,52 21,31,51 15,27,49 14,26,48 13,25,47 16,30,53 15,27,49 14,26,50 42,39,43 33,30,34 42,39,43 31,28,32 11,29,53 15,33,59 20,38,64 18,36,62 21,39,65 23,36,64 21,34,53 29,35,56 29,37,57 20,29,52 15,27,49 18,30,52 18,30,52 9,23,46 12,25,44 17,29,51 25,31,48 45,43,51 46,44,52 47,45,53 46,44,52 30,29,32 40,39,44 31,29,37 40,39,42 38,36,44 43,41,49 39,37,45 46,44,52 37,35,43 32,30,38 43,41,49 46,44,52 45,43,51 45,43,51 44,42,50 46,44,52 39,37,45 36,34,42 33,31,39 34,32,40 38,36,44 39,37,45 43,41,49 45,43,51 47,45,53 46,44,52 48,46,54 50,48,56
18,24,45 23,29,50 31,41,61 25,33,51 20,29,52 14,26,48 13,25,49 14,26,48 16,30,53 15,27,49 14,26,50 46,43,47 34,31,35 41,38,42 33,31,32 9,27,51 16,34,60 18,36,62 20,38,64 20,38,64 22,38,63 21,33,55 27,33,52 27,36,59 18,30,52 15,27,49 20,32,54 20,32,54 9,23,44 12,25,44 15,27,49 24,30,47 48,46,54 48,46,54 47,45,53 47,45,53 36,35,38 92,78,62 76,57,34 120,95,36 138,108,50 237,218,183 40,38,46 46,44,52 39,37,45 33,31,39 46,44,52 29,27,35 36,35,40 41,39,49 44,42,50 44,42,50 44,42,50 45,43,51 46,44,52 47,45,53 47,45,53 46,44,52 47,45,53 43,41,49 38,36,44 34,32,40 36,34,42 44,42,50
17,27,47 19,29,49 27,37,57 23,32,55 17,29,51 13,27,50 13,24,51 18,30,52 9,27,51 14,31,53 17,27,45 47,44,48 34,31,35 47,44,48 35,32,36 10,28,56 16,34,60 21,39,65 21,39,65 23,41,67 20,38,64 21,33,55 30,38,58 25,37,61 15,27,49 18,30,52 22,34,56 21,33,55 10,22,44 13,26,45 15,27,49 27,31,46 51,47,56 52,48,57 50,48,56 48,46,54 37,36,39 69,58,51 97,74,45 158,118,66 171,142,66 47,45,55 43,41,49 48,46,54 42,38,47 34,32,40 48,44,53 36,34,42 47,45,53 47,45,53 45,43,51 39,37,45 40,36,45 38,34,43 41,37,46 46,42,51 46,44,52 47,45,53 49,45,54 52,48,57 55,49,54 56,50,55 49,46,52 54,50,59
19,29,49 22,32,52 26,36,56 24,33,56 15,27,49 10,28,54 15,27,51 20,34,57 10,28,56 16,29,55 22,28,47 47,44,48 34,31,35 48,45,49 33,32,35 10,27,58 16,36,62 20,40,66 22,40,68 23,41,67 21,37,66 21,33,57 27,37,57 26,35,58 15,27,49 19,28,51 17,33,58 22,34,56 11,23,45 13,25,47 15,27,49 27,31,46 54,47,59 54,48,55 51,49,57 52,48,57 39,36,40 49,40,55 109,80,74 157,117,110 56,46,47 52,49,55 46,44,54 50,48,56 45,41,50 37,35,43 51,47,56 37,35,43 48,44,53 37,33,42 47,45,53 47,45,53 52,48,57 53,49,58 49,45,54 48,44,53 37,31,38 24,21,27 22,17,19 20,15,17 22,15,15 21,14,14 19,17,18 55,51,60
17,27,47 24,34,54 21,35,56 24,36,58 14,26,48 11,29,55 10,28,54 17,33,60 10,28,54 13,31,57 22,28,45 49,46,50 35,32,36 49,46,52 38,35,39 9,28,59 15,34,65 20,39,70 22,40,68 22,40,68 18,37,68 18,34,61 25,38,57 25,37,59 15,27,51 18,30,54 18,36,62 21,35,58 9,22,48 13,26,45 15,27,51 30,33,44 121,56,44 182,76,37 100,88,102 51,49,57 37,36,39 49,44,43 226,153,121 179,92,69 45,44,49 54,51,55 48,46,54 53,51,59 47,43,52 37,35,43 51,47,56 38,36,44 51,47,56 39,35,44 39,37,45 25,20,19 27,20,20 26,19,19 26,19,19 26,19,19 30,20,21 27,20,20 27,20,20 26,19,19 24,17,17 24,17,17 20,18,19 58,54,63
19,29,49 26,36,56 19,35,62 24,36,58 14,28,49 11,29,55 11,29,53 17,35,61 7,27,53 10,28,54 25,28,48 53,50,56 38,35,39 51,48,54 38,35,39 9,28,61 18,37,70 21,40,73 22,38,74 20,39,70 18,36,64 18,34,61 25,37,59 25,37,59 15,31,58 16,32,57 20,38,64 21,35,56 9,25,50 41,34,44 88,66,58 127,94,83 130,92,73 137,103,81 212,58,0 80,78,79 38,37,40 57,41,37 147,101,83 188,127,95 41,41,51 52,35,27 50,48,56 54,52,60 48,44,53 37,35,43 52,48,57 39,37,45 53,49,58 41,37,46 40,38,46 26,21,23 30,20,21 30,20,21 28,18,19 29,19,20 30,20,21 29,19,20 27,20,20 24,17,17 24,17,17 21,14,14 19,17,18 58,54,63
20,29,52 27,36,59 22,34,58 24,38,59 11,29,55 13,31,57 13,31,57 17,35,63 8,28,56 11,30,61 24,28,43 53,49,58 39,36,40 55,52,58 37,36,41 9,28,61 18,37,70 22,41,74 22,41,74 20,39,72 20,38,66 18,36,62 26,39,58 25,37,59 15,33,59 16,34,60 22,38,63 33,35,60 123,91,77 117,88,68 125,95,78 107,80,64 120,79,61 201,138,105 163,64,27 79,72,82 41,42,47 48,45,51 90,63,56 176,117,89 74,51,36 57,50,62 81,56,8 58,52,57 54,50,59 39,37,45 53,49,58 40,38,46 56,52,61 40,36,45 45,41,50 29,19,20 29,19,20 29,19,20 29,19,20 28,18,17 31,21,22 30,20,21 30,20,19 29,19,20 29,19,20 26,19,19 25,15,19 60,56,65
24,33,56 28,37,60 25,36,63 22,38,63 13,31,57 11,31,57 14,32,58 18,36,62 6,29,56 8,27,58 24,28,43 53,49,58 38,35,39 55,51,60 40,37,41 7,29,61 15,39,70 19,43,74 23,40,73 23,40,71 20,38,64 21,37,64 26,38,60 25,37,59 16,34,58 20,38,62 35,45,65 142,110,96 129,95,77 112,82,65 113,83,66 113,83,68 134,98,88 180,133,99 114,96,93 102,98,107 109,92,23 135,108,45 101,76,48 91,74,39 94,95,58 81,64,27 115,96,30 69,59,77 53,49,58 43,36,46 54,52,60 41,39,47 59,55,64 42,38,47 51,47,56 30,20,21 31,21,22 31,21,22 30,20,21 29,19,20 32,22,23 31,21,22 31,21,22 30,20,21 30,20,19 29,19,20 28,18,22 62,58,67
27,37,57 29,39,59 26,38,60 23,39,64 16,34,60 14,32,60 16,34,62 20,38,66 11,30,63 9,28,61 29,31,45 59,55,64 40,37,43 60,57,61 41,38,44 10,32,64 17,40,74 20,43,77 19,42,76 19,43,74 16,35,66 21,39,67 27,41,64 30,39,62 26,39,58 90,71,85 159,118,100 139,101,84 123,94,74 130,99,80 120,88,72 123,93,78 131,95,73 135,104,85 92,80,68 76,73,79 81,73,49 97,89,53 83,77,68 89,80,53 199,194,191 93,78,67 134,110,55 63,64,67 60,56,65 46,42,51 58,54,63 42,38,47 65,61,70 42,38,47 53,49,58 28,21,21 32,22,26 32,22,23 31,21,22 30,20,19 33,24,20 31,21,20 31,21,22 31,21,22 31,21,22 29,19,20 30,20,21 62,58,67
29,39,59 31,41,61 28,42,63 27,39,63 21,37,62 16,34,62 20,38,66 16,35,66 11,30,63 11,30,63 32,34,48 61,57,66 41,38,42 60,57,61 44,41,45 9,32,66 18,41,79 22,45,79 24,47,81 20,43,77 20,39,70 22,40,68 30,39,62 43,41,63 153,110,93 164,121,102 154,108,90 140,102,83 132,101,82 124,92,76 124,94,79 121,89,75 126,105,90 146,126,119 162,155,153 99,93,100 99,77,43 116,112,95 77,77,61 146,139,142 210,206,196 74,74,69 78,72,67 66,62,71 62,58,67 49,45,54 62,58,67 47,43,52 62,58,67 44,40,49 54,50,59 31,19,21 32,22,21 32,22,23 30,20,21 29,19,20 33,24,20 32,22,21 31,21,25 31,21,22 30,20,21 30,20,21 30,20,21 63,59,68
29,39,59 33,43,63 31,43,65 27,40,68 24,38,61 18,36,62 22,39,70 19,38,71 12,34,66 8,32,63 39,37,49 62,58,67 46,43,49 62,60,61 45,41,52 13,36,70 18,41,79 20,43,81 24,47,83 24,45,80 23,41,69 25,41,68 43,49,66 180,125,96 184,138,110 175,129,103 172,125,102 143,105,86 129,95,77 126,96,79 113,90,75 111,91,82 103,94,88 148,142,135 145,140,137 92,88,97 126,121,120 127,120,118 91,86,72 148,140,146 219,210,204 131,126,123 65,59,66 68,64,73 66,62,71 52,48,57 65,61,70 49,45,54 67,63,72 46,42,51 58,54,63 32,20,22 33,24,20 33,24,20 32,23,19 32,22,23 33,23,22 33,24,20 33,24,20 32,23,19 32,22,23 31,21,22 31,21,20 67,64,70
34,44,64 36,46,66 34,46,68 28,41,67 25,38,64 21,39,65 23,41,69 18,37,70 15,34,67 11,35,66 40,36,49 61,59,67 46,42,51 65,61,70 48,45,49 16,42,79 17,42,82 20,45,85 27,53,90 24,47,85 25,37,61 35,48,78 174,126,108 197,143,123 180,134,106 179,133,107 168,122,104 140,105,90 111,84,66 103,82,59 86,68,63 196,192,186 122,121,136 150,154,156 136,134,135 79,78,83 108,99,114 142,135,138 121,116,113 170,161,142 163,150,145 75,70,72 65,62,68 72,68,77 68,66,74 55,51,60 67,63,72 52,48,57 73,69,78 47,43,52 58,54,63 32,20,22 35,26,22 33,24,20 32,23,19 32,22,21 33,23,22 33,24,20 32,22,23 32,22,21 31,21,20 29,19,20 31,21,20 67,64,70
35,45,65 40,50,70 38,50,72 31,42,69 25,43,71 22,40,66 24,42,70 19,38,69 15,34,67 11,35,66 44,40,53 65,63,71 46,42,51 65,61,70 48,45,49 17,43,80 24,49,89 21,46,86 29,55,92 26,49,87 38,50,74 116,113,130 199,142,113 172,128,98 179,133,105 178,132,106 146,108,87 114,79,64 101,75,61 103,73,56 41,39,59 130,130,114 134,120,91 173,158,118 203,191,181 79,77,85 98,93,79 141,121,60 125,124,115 206,195,178 146,127,102 77,71,76 67,64,70 73,69,78 71,69,77 56,52,61 68,64,73 55,51,60 75,71,80 51,47,56 61,57,66 32,20,22 33,24,20 33,24,20 32,23,19 31,22,16 33,23,22 35,26,22 32,22,23 33,24,20 33,24,20 32,23,19 31,21,20 67,64,70
38,48,68 42,52,72 41,53,75 35,46,73 30,48,74 25,43,71 27,46,77 20,39,70 18,37,70 13,36,70 48,46,54 69,65,74 47,43,52 67,64,70 53,46,58 22,44,85 24,49,89 25,50,90 37,60,96 77,94,125 157,153,166 188,152,132 172,125,102 172,126,100 158,117,97 134,100,80 111,81,66 99,72,56 105,75,58 24,26,51 21,32,59 113,89,81 136,85,75 103,107,49 196,189,189 84,80,89 67,62,64 104,97,100 199,192,190 157,151,146 243,232,229 100,95,92 69,66,72 76,72,81 75,71,80 60,56,65 69,65,74 58,54,63 76,72,81 52,48,57 63,59,68 32,20,22 33,24,18 35,26,22 33,24,20 31,22,18 40,27,24 39,28,25 33,24,20 33,24,20 33,24,20 32,23,19 33,23,22 67,63,72
42,52,72 45,55,75 43,55,77 36,48,70 37,50,76 29,48,79 30,49,80 20,39,72 19,38,71 13,36,70 54,52,60 68,64,73 51,47,56 69,65,74 56,50,55 24,46,87 32,57,97 45,72,111 140,153,179 178,191,210 171,168,174 157,134,121 150,114,92 142,104,87 118,83,70 107,79,66 97,72,55 95,70,53 28,34,62 19,30,57 107,89,70 66,87,37 56,86,49 104,119,84 191,185,178 221,217,211 67,64,70 105,99,90 120,115,114 153,144,125 249,240,236 239,234,231 69,66,72 77,73,82 79,75,84 65,61,70 70,66,75 59,55,64 77,73,82 54,50,59 67,63,72 31,20,17 35,26,22 40,27,24 39,26,23 31,22,18 39,26,23 40,29,26 33,22,19 41,28,25 40,27,24 33,24,20 34,23,20 67,63,72
44,54,74 57,67,87 48,60,82 42,55,74 38,55,77 35,52,83 30,49,80 22,41,74 18,40,72 15,38,72 56,53,57 69,65,74 55,51,60 74,67,77 61,58,64 65,80,112 144,158,181 173,185,209 186,193,207 171,176,182 160,155,157 143,122,111 119,89,74 105,80,63 98,71,55 93,68,51 93,68,49 84,72,86 18,34,59 15,32,54 113,96,61 53,86,50 68,92,52 152,145,155 177,172,169 207,201,194 82,76,81 115,113,111 111,109,107 137,128,99 237,233,225 237,233,225 72,68,77 80,76,85 81,77,86 66,62,71 73,69,78 62,58,67 80,71,82 61,52,63 70,66,75 33,22,19 33,24,20 33,24,20 33,24,20 31,22,18 41,28,25 42,29,26 31,22,18 32,23,19 32,23,19 31,22,18 34,23,20 63,59,68
50,60,80 77,87,107 50,63,80 48,61,80 43,59,84 36,55,88 33,53,81 25,44,77 19,41,73 17,40,74 60,53,63 74,70,79 62,58,67 96,95,110 150,152,168 170,179,202 196,199,217 180,186,203 166,171,177 154,155,160 135,134,137 120,107,100 98,75,60 91,69,51 91,69,51 93,68,51 103,80,67 34,51,82 18,37,58 21,34,53 102,114,96 153,63,57 92,101,82 148,143,142 172,170,166 196,190,185 202,198,192 88,86,84 157,155,156 107,107,104 221,215,210 79,73,80 79,75,84 82,78,87 86,79,89 66,62,71 74,70,79 65,61,70 79,75,84 60,56,65 74,70,79 33,22,19 39,28,25 40,27,24 41,28,25 39,26,23 41,28,25 43,30,27 42,29,26 42,29,26 44,28,26 42,29,26 37,26,23 59,55,64
55,68,87 104,127,152 53,71,86 53,66,85 46,62,87 42,58,85 34,54,80 25,47,77 27,46,79 29,48,79 79,78,93 142,149,163 173,176,196 187,193,214 190,203,220 178,187,200 168,173,179 153,157,159 134,138,140 124,123,126 117,116,121 104,88,86 91,69,51 91,69,51 95,73,55 97,76,65 41,67,102 41,58,91 26,40,63 37,43,62 143,144,149 67,81,49 120,118,119 143,142,135 165,163,159 188,179,175 219,213,208 70,68,69 150,148,149 110,107,113 228,224,218 80,76,85 82,76,83 86,82,91 84,80,89 67,63,72 76,72,81 67,63,72 83,79,88 61,57,66 75,71,80 33,22,19 43,30,27 42,29,26 42,29,26 41,28,25 42,29,26 43,30,27 40,29,26 41,28,25 41,28,25 40,29,26 33,23,22 58,54,63
64,81,101 142,169,197 63,76,102 57,73,98 51,67,92 46,64,92 43,61,87 47,60,88 94,108,131 140,154,177 180,190,210 194,200,219 190,197,211 185,189,202 168,173,179 156,160,164 139,138,143 124,124,124 117,116,119 111,110,115 110,107,113 93,74,60 100,85,76 90,74,72 77,76,93 55,69,92 50,69,102 48,66,94 31,44,63 104,111,125 143,141,139 125,123,124 123,120,124 140,138,134 158,156,154 182,178,172 206,200,195 81,79,80 131,129,130 111,109,110 235,230,229 79,75,84 80,77,83 86,82,91 86,82,93 69,66,70 76,72,81 69,66,72 87,83,92 62,58,67 79,75,84 33,22,19 35,26,22 33,24,20 35,26,22 35,26,22 42,29,26 45,32,29 33,24,20 38,27,24 42,29,26 40,29,26 35,26,22 53,46,56
77,91,112 172,206,243 75,87,111 70,82,106 67,80,108 95,110,128 141,155,176 168,178,198 187,195,213 195,203,219 188,192,205 174,182,187 167,170,177 157,157,165 140,141,146 128,127,132 116,113,117 113,110,114 112,109,115 105,101,110 98,85,82 84,80,89 139,161,177 82,89,114 57,77,103 60,72,94 56,74,102 49,68,99 33,46,63 160,165,173 139,137,138 123,121,119 119,117,118 133,131,132 152,150,148 174,170,162 206,200,191 179,174,171 124,122,123 111,108,112 224,217,220 88,84,93 79,75,84 88,84,93 89,85,94 70,67,71 79,75,84 69,66,70 87,83,92 66,64,65 80,77,83 36,25,20 43,30,27 43,30,27 45,32,29 42,29,26 43,30,27 43,32,29 33,24,20 42,33,29 45,32,29 45,32,29 38,29,25 48,43,45
83,106,129 177,220,255 100,118,146 141,153,177 168,179,208 183,193,213 194,204,224 194,201,215 180,188,195 173,178,186 164,164,172 153,156,163 143,141,149 127,124,130 118,115,121 112,109,113 111,108,114 110,107,113 105,102,108 91,95,110 74,92,118 77,97,125 169,212,243 81,99,123 79,97,133 68,89,124 59,75,100 55,69,90 39,52,69 158,163,171 136,134,135 119,117,115 115,113,114 130,128,126 148,146,144 164,162,158 246,242,236 227,223,213 118,111,111 112,108,117 184,175,171 87,83,92 82,78,87 92,85,95 96,89,99 73,70,74 79,75,84 72,69,73 88,85,91 67,64,70 87,84,90 36,25,18 37,31,26 40,31,27 40,31,27 42,29,26 40,29,26 44,35,31 35,26,22 42,33,29 42,33,29 42,33,29 38,29,25 42,37,36
163,195,223 198,236,255 176,199,226 191,201,221 196,206,224 186,193,205 178,183,193 169,172,179 159,160,165 154,155,158 143,143,151 133,131,139 125,122,128 115,112,116 113,110,114 111,108,112 110,107,111 108,105,109 98,97,112 73,92,123 77,101,130 81,108,136 180,223,254 130,153,187 83,103,131 70,93,116 76,94,132 59,75,100 59,65,82 155,161,164 133,131,129 116,114,112 112,109,113 127,125,126 144,142,140 155,153,149 242,238,232 213,207,202 98,73,43 95,79,48 119,108,91 90,83,93 84,75,86 90,86,95 95,91,100 76,70,75 82,75,85 76,70,75 89,83,90 74,63,72 91,85,92 34,29,26 39,30,26 40,31,27 40,31,27 39,28,25 42,33,27 44,35,29 42,29,26 46,33,30 42,33,29 44,33,30 41,30,27 38,36,34
204,221,252 193,211,235 184,195,206 182,187,197 168,173,179 162,165,172 155,156,161 149,147,155 139,137,147 130,128,136 119,118,121 116,113,117 113,110,114 111,108,112 110,107,111 110,107,111 111,107,116 129,113,96 106,107,128 129,78,79 131,123,142 174,217,255 180,226,255 182,227,255 93,125,153 84,108,139 84,104,130 122,103,78 66,76,92 155,156,161 130,128,126 112,110,108 112,109,113 123,121,122 138,136,134 151,149,145 195,191,183 200,194,185 104,103,96 148,88,90 153,67,71 140,59,66 85,80,79 90,86,95 96,92,101 77,69,75 80,78,86 76,70,75 104,60,59 124,68,71 137,99,101 44,26,23 47,34,29 41,30,27 49,36,33 40,31,27 42,33,27 45,36,30 42,33,29 47,36,33 43,34,30 47,34,31 45,34,31 40,33,36
183,188,198 171,176,186 166,169,176 156,161,167 148,151,158 143,141,151 137,135,143 130,126,135 123,119,128 117,114,120 113,110,114 111,108,112 111,108,112 109,108,111 110,107,113 95,98,118 72,98,133 151,102,93 156,96,96 172,93,101 126,130,145 200,221,240 199,226,254 169,180,191 181,227,255 197,207,225 182,215,238 122,114,101 80,88,104 163,161,169 127,124,130 110,106,100 110,108,106 118,116,114 132,131,136 149,144,141 171,168,172 194,192,190 144,72,76 160,76,86 137,73,76 122,65,66 149,85,84 113,115,110 108,97,104 121,111,112 106,96,97 97,85,87 104,59,56 125,70,70 98,55,51 217,102,107 50,34,28 47,34,31 48,35,32 42,33,29 46,33,28 48,35,30 45,34,31 48,35,32 47,34,31 48,35,32 47,34,29 40,30,31
161,161,171 152,152,162 144,142,150 136,134,142 129,127,135 126,123,129 120,117,121 116,113,117 112,109,113 111,108,112 111,108,112 110,107,111 110,107,113 107,105,113 87,86,101 49,77,113 134,96,102 105,53,48 122,76,76 135,84,85 132,80,77 135,136,128 99,90,86 117,112,111 118,113,110 97,92,94 121,116,115 123,116,114 102,100,98 126,119,119 119,105,107 120,115,114 110,100,104 124,114,118 129,118,125 124,119,116 126,119,119 101,96,95 157,78,84 88,43,40 140,78,80 97,54,50 162,74,83 181,76,89 201,178,175 225,203,197 223,201,195 197,173,167 204,177,170 114,58,61 111,54,55 92,46,46 71,47,41 43,30,25 47,34,31 39,28,25 47,34,29 48,35,30 33,24,20 45,32,29 43,30,27 45,32,29 44,33,28 43,29,29
143,141,151 133,131,141 128,126,134 124,120,129 120,116,125 116,113,117 112,109,113 111,108,112 110,107,111 111,108,112 110,107,111 109,108,113 103,101,109 90,88,96 72,79,91 52,77,117 90,75,85 120,77,69 111,65,67 120,74,74 67,70,50 64,81,55 65,82,56 95,97,92 116,109,109 124,119,118 122,120,118 112,110,108 120,113,113 119,114,113 117,112,111 112,110,111 119,112,112 120,113,113 129,122,125 144,137,137 139,134,133 132,127,126 97,82,71 91,43,41 88,44,43 92,49,45 182,89,100 199,116,119 182,176,167 210,195,186 203,187,183 211,195,191 225,203,197 97,73,67 107,55,61 103,50,52 113,79,75 47,34,27 48,35,30 48,35,32 46,33,28 49,36,31 37,28,24 48,35,30 47,34,31 49,36,33 47,34,31 44,33,30
125,121,132 122,119,123 117,114,120 115,112,116 111,108,112 110,107,111 110,107,111 110,107,111 110,107,111 110,107,113 110,106,115 98,96,104 81,79,87 81,79,87 74,78,91 52,80,116 72,89,132 102,87,107 99,69,72 67,44,33 84,79,76 57,66,47 56,71,47 52,66,45 104,102,100 110,108,106 112,110,108 112,110,108 108,106,104 115,113,111 106,104,105 109,107,108 108,103,105 107,102,104 105,103,104 87,93,80 67,82,58 58,73,47 53,68,44 79,26,28 128,68,70 86,34,33 113,46,48 63,81,50 85,92,74 187,170,171 199,183,181 207,191,185 176,136,142 188,130,136 96,95,88 42,35,33 47,34,29 49,36,31 49,36,31 48,35,32 47,34,29 50,37,32 37,28,24 49,36,31 48,35,32 50,37,34 47,34,31 44,33,30
117,114,118 115,112,116 111,108,112 111,108,112 110,107,111 110,107,111 110,107,111 110,107,113 111,108,112 108,107,112 98,92,99 88,86,94 80,78,86 87,85,93 80,84,97 49,76,115 65,91,128 78,104,137 163,196,219 53,64,51 102,85,86 103,77,83 108,79,86 111,94,97 112,112,109 117,115,113 120,113,113 119,114,113 119,112,112 115,108,108 117,112,111 110,105,104 117,115,113 106,101,100 86,90,73 66,81,55 57,69,49 52,66,45 45,59,38 29,41,21 36,48,28 36,42,29 149,108,117 135,129,122 182,171,168 200,182,179 210,197,190 217,196,192 248,177,190 192,181,174 90,109,87 43,33,34 49,36,31 50,37,32 50,37,32 49,36,33 47,34,29 52,39,34 43,30,27 52,39,36 47,34,29 49,36,31 47,34,31 46,35,32
110,107,111 110,107,111 110,107,111 110,107,111 110,107,111 110,107,111 111,108,112 111,107,118 103,101,113 70,72,99 82,80,88 87,85,93 80,78,86 85,83,93 79,80,101 53,75,116 65,91,128 76,99,135 160,194,222 53,62,43 109,102,100 93,86,86 120,94,100 113,87,91 110,86,92 145,111,120 140,111,118 116,109,109 114,109,108 115,108,106 113,103,102 116,102,102 123,99,103 123,99,103 63,53,52 54,67,44 51,67,46 54,55,45 82,75,75 50,62,44 47,56,37 48,58,36 92,66,70 128,89,98 204,153,166 221,169,179 243,174,188 247,178,190 237,175,185 213,200,193 90,103,80 42,35,35 54,38,34 53,40,37 52,39,36 49,33,31 48,35,30 52,39,34 48,35,32 49,36,31 47,34,31 48,35,30 47,34,31 46,35,32