69,82,0 89,98,27 98,107,47 78,87,27 80,88,26 61,67,28 150,161,89 73,82,22 67,77,12 62,69,25 59,64,32 74,81,33 108,118,51 59,71,0 97,104,45 80,84,44 84,86,42 75,80,33 68,76,23 89,96,41 43,47,18 78,86,35 40,40,24 62,64,36 65,67,39 66,69,36 61,64,33 48,51,29 41,45,28 39,43,26 43,51,30 57,62,40 55,60,38 39,44,24 38,42,25 51,52,29 48,49,26 43,46,22 61,64,40 50,53,29 53,56,32 41,43,26 123,134,74 76,84,43 36,38,23 78,81,57 59,62,42 38,33,21 56,61,39 76,82,53 75,80,48 66,74,35 57,63,36 73,76,43 70,73,38 57,62,28 59,63,34 80,85,49 65,70,38 73,76,43 59,63,36 24,24,21 57,61,32 89,96,52
54,60,21 80,86,36 78,87,27 66,74,23 85,92,44 65,72,28 93,102,42 88,96,45 53,59,20 66,72,31 72,78,37 60,66,27 76,86,21 90,97,51 68,75,31 55,53,24 42,38,17 57,56,31 69,67,38 52,53,30 69,74,38 55,60,26 43,41,21 56,57,38 55,57,29 56,58,30 56,58,32 47,50,28 37,41,24 46,48,31 76,75,48 32,36,21 37,42,22 53,57,30 48,51,31 62,68,41 46,51,31 42,49,31 42,49,31 49,54,34 53,57,30 44,47,23 53,60,28 73,79,52 50,53,33 42,42,28 54,57,37 46,36,26 80,85,65 67,72,48 44,49,15 95,103,64 52,55,31 62,65,32 55,58,25 73,79,40 54,59,27 39,43,16 72,77,43 81,86,43 52,56,27 44,49,17 60,62,45 79,86,40
60,63,32 72,77,32 76,86,23 67,75,24 61,65,25 60,71,0 67,75,24 69,78,18 79,86,38 79,88,30 53,58,26 61,66,34 79,89,22 60,67,21 57,62,28 45,46,27 44,47,25 36,33,18 55,45,33 59,53,30 76,85,39 68,75,27 37,41,24 40,43,21 66,67,44 47,49,23 98,107,49 61,68,24 41,43,28 61,57,36 47,47,31 43,46,22 45,46,23 46,47,28 52,54,37 52,57,35 48,51,27 38,41,29 41,45,30 51,56,36 86,93,49 54,59,27 44,47,23 52,53,32 54,53,46 32,27,24 33,29,21 40,34,25 53,45,32 65,68,44 98,106,55 74,79,43 62,65,34 58,62,35 57,52,24 50,54,25 91,98,54 57,63,22 71,77,38 54,59,27 112,121,65 80,87,41 51,58,10 71,76,42
51,54,32 64,70,31 69,76,30 74,79,36 63,66,35 60,66,25 104,115,32 81,88,42 122,134,57 130,140,66 52,57,37 41,45,18 52,57,25 61,65,36 51,53,36 69,68,41 53,51,33 43,45,28 62,51,34 37,32,20 46,49,29 51,54,32 36,43,25 38,40,23 52,55,31 61,63,35 90,95,59 58,57,30 44,45,33 76,62,35 42,38,28 59,64,30 47,47,31 54,55,32 66,67,48 40,40,26 39,43,26 41,45,28 44,46,31 39,43,28 62,70,31 64,69,33 64,70,41 91,95,57 60,49,32 67,55,43 43,39,33 43,34,28 63,51,41 47,48,27 111,110,74 61,62,41 60,64,35 51,56,24 72,66,43 44,45,22 79,84,50 62,67,33 62,65,41 71,77,38 88,93,57 93,101,60 77,85,44 113,123,70
46,47,24 46,47,24 57,62,26 80,87,41 51,53,27 86,91,57 65,70,38 54,57,35 93,100,54 51,58,26 60,66,27 37,42,20 46,49,27 37,40,20 45,45,31 82,85,50 59,61,35 61,59,37 55,53,33 44,46,31 48,49,30 49,53,38 43,46,26 59,61,33 59,62,42 37,41,26 46,47,26 36,31,19 38,32,23 62,53,36 51,54,30 36,40,25 38,40,23 51,51,35 65,68,48 40,42,27 39,41,26 41,45,28 46,49,29 69,77,36 79,85,46 80,84,44 72,75,40 79,86,54 72,58,42 78,64,50 52,44,33 55,44,39 61,51,41 65,66,43 41,40,31 48,50,22 54,57,26 64,64,32 55,52,28 49,50,27 87,92,58 67,73,34 75,81,40 65,70,36 68,73,37 72,81,37 76,85,41 85,94,46
57,63,34 53,54,31 66,71,37 53,56,36 52,55,33 43,46,34 60,63,43 80,84,69 42,46,31 52,57,33 58,62,24 57,55,35 53,50,37 32,34,19 38,41,21 62,67,33 44,47,25 52,53,34 97,106,35 57,55,35 47,48,25 73,76,43 51,52,31 79,83,45 44,44,30 37,40,28 43,45,30 47,49,32 45,47,30 48,43,29 61,64,33 38,43,23 42,45,33 45,47,30 35,39,24 40,42,25 48,52,35 37,41,24 48,50,35 59,64,28 60,65,33 69,76,30 41,45,28 37,45,24 68,54,40 75,61,47 53,42,35 62,51,44 53,43,31 62,61,36 60,51,32 63,63,33 107,105,72 64,58,33 66,68,40 66,70,41 59,64,32 53,58,26 59,64,30 109,115,76 53,57,28 55,61,32 72,80,39 80,88,47
76,80,42 66,70,43 50,53,31 42,45,35 43,45,42 55,54,47 65,72,56 60,66,55 55,58,34 46,43,28 45,46,27 41,43,26 32,36,21 51,52,29 39,43,26 36,40,23 48,51,31 51,55,28 60,64,26 57,56,29 65,68,37 77,82,39 55,55,39 48,52,25 56,60,43 38,42,27 41,41,27 47,49,32 44,46,31 50,52,37 43,47,18 51,55,38 38,41,31 38,41,29 49,53,38 49,54,34 38,42,27 38,42,27 43,45,28 70,76,49 41,46,26 53,59,30 39,47,26 52,55,31 65,51,37 66,51,40 57,47,37 61,50,43 62,52,42 101,107,68 76,61,39 43,36,18 64,55,38 54,51,36 76,78,52 60,64,35 61,65,36 52,56,29 83,90,46 66,71,37 67,72,38 66,74,35 114,122,83 92,103,47
56,59,24 46,47,26 39,46,28 38,40,37 50,52,47 67,74,58 60,61,51 52,51,44 50,52,37 41,41,27 63,65,39 46,49,25 36,39,27 43,48,28 36,41,21 43,47,32 46,49,29 146,153,98 66,67,48 47,45,23 130,141,71 62,64,36 57,62,28 78,84,45 59,62,38 42,46,31 35,39,24 38,42,27 38,42,27 41,43,26 47,50,30 48,51,29 51,55,40 45,48,40 45,49,34 44,48,33 47,49,34 48,50,33 48,50,35 43,47,32 39,42,30 44,49,29 47,51,24 56,54,36 64,50,36 61,47,33 52,42,32 50,40,30 165,151,135 101,98,72 75,62,41 54,50,33 50,47,34 72,73,50 75,82,34 68,75,31 53,58,26 59,62,38 66,68,42 58,60,32 62,67,31 74,80,41 71,77,38 95,102,58
57,54,28 48,50,24 46,50,33 50,51,43 50,51,43 89,95,82 86,76,64 55,54,45 51,54,32 46,50,21 55,58,36 43,46,26 36,39,29 34,39,19 36,46,24 54,57,37 47,50,28 46,47,26 51,56,36 66,71,35 76,85,37 47,48,25 58,63,27 109,117,64 45,48,28 44,48,33 39,43,28 41,45,28 43,45,28 45,47,30 46,48,31 45,46,34 50,51,41 50,52,37 66,67,44 75,78,58 43,47,32 46,48,31 52,52,36 54,57,37 39,43,28 43,47,30 49,54,34 50,45,33 52,40,28 55,43,31 48,36,24 46,36,26 65,51,37 181,168,145 63,52,33 65,60,32 63,57,34 79,87,34 90,96,44 105,112,68 48,51,27 62,67,31 59,61,35 77,80,47 66,71,35 98,108,43 65,71,32 119,127,74
47,37,25 47,41,32 41,47,38 54,55,43 63,65,60 68,76,64 71,63,52 46,46,32 44,47,25 46,51,15 44,47,27 41,44,24 54,57,33 34,36,19 46,49,29 54,57,33 39,41,26 53,53,21 72,76,47 69,78,20 72,82,31 66,71,39 109,116,57 85,90,54 61,63,35 59,61,46 64,67,45 50,53,31 51,48,33 42,42,26 42,45,33 46,50,35 50,53,43 59,62,54 60,64,49 64,72,49 53,63,39 42,49,33 47,49,34 43,48,26 39,43,26 38,42,27 38,42,27 48,44,25 54,42,30 49,37,25 41,29,19 47,39,28 46,34,24 166,149,125 65,58,42 60,53,22 107,89,47 115,116,39 142,141,46 118,117,65 77,80,45 53,59,18 72,76,36 100,107,63 51,56,24 103,111,58 106,117,59 85,98,26
56,48,37 44,43,36 38,39,42 58,59,47 65,69,54 66,74,60 66,61,49 47,47,33 36,40,23 39,41,24 54,56,30 41,45,28 36,41,21 45,47,30 52,55,35 52,53,32 44,47,27 45,45,31 44,47,39 79,83,54 87,96,48 71,80,34 67,71,42 52,55,33 66,68,53 76,73,60 50,52,35 57,60,36 59,51,38 53,53,39 65,62,47 51,55,40 51,54,46 50,53,45 51,53,38 65,68,44 63,70,52 55,62,46 49,53,38 51,55,40 45,49,34 38,41,29 38,42,27 48,39,24 44,34,22 52,41,26 46,36,24 47,37,27 59,48,41 43,33,23 45,39,34 105,101,43 116,109,52 94,89,16 192,184,62 159,154,33 186,181,81 196,190,84 171,169,70 158,161,97 67,70,35 113,121,59 105,115,48 83,91,38
62,58,52 51,49,47 53,57,61 66,67,55 79,82,58 77,82,60 55,52,37 46,45,34 35,39,24 38,40,23 45,46,25 52,56,29 51,54,30 42,47,27 55,58,36 45,48,28 37,41,24 44,51,33 60,62,59 52,51,42 95,101,51 84,88,48 69,72,52 97,96,69 69,63,54 75,70,56 105,92,71 67,69,41 59,49,37 57,48,33 66,52,38 82,81,56 63,68,48 52,54,39 58,62,47 56,61,41 62,66,49 59,64,44 69,73,58 71,78,62 70,73,61 49,53,36 44,41,26 44,37,21 44,36,23 44,34,22 44,36,23 39,32,16 62,53,24 51,44,28 65,65,51 70,67,23 55,53,24 66,63,23 77,69,35 80,75,6 114,111,30 107,101,24 122,113,28 150,145,20 175,165,94 116,119,55 115,118,58 91,93,47
72,70,71 56,58,58 42,43,46 52,53,45 65,67,50 113,117,59 55,52,39 55,56,37 50,53,33 47,50,28 41,46,26 44,48,31 41,44,24 55,58,36 51,54,30 68,72,43 83,94,34 72,79,31 72,73,61 102,85,61 85,78,39 71,71,41 87,82,50 102,97,65 65,64,55 69,66,51 74,66,53 104,96,60 51,45,38 56,48,37 50,41,22 103,98,68 70,66,60 60,52,41 65,64,39 59,63,46 82,85,63 80,81,69 61,67,56 69,71,66 79,77,59 59,60,41 44,39,27 45,40,26 40,35,21 49,42,24 43,35,22 56,55,28 55,55,23 42,39,15 55,57,29 52,55,22 48,51,18 72,74,32 85,83,36 87,87,44 79,80,30 109,108,41 94,90,32 140,135,51 169,162,51 159,156,60 97,92,53 98,101,52
61,59,57 50,50,50 34,36,36 46,44,40 82,79,53 66,67,44 49,49,33 48,47,36 41,42,30 58,56,36 62,59,44 60,59,32 49,47,25 48,49,30 54,57,35 91,91,50 68,67,40 61,63,48 57,57,57 102,83,67 106,93,59 95,92,50 82,78,43 58,58,42 63,66,56 64,59,45 72,67,53 79,72,56 42,41,34 54,48,39 112,98,71 110,100,78 56,59,47 57,52,40 129,121,97 87,85,54 77,75,57 73,73,59 68,65,52 61,57,51 107,100,71 42,36,27 52,54,28 52,54,26 48,46,24 46,39,23 42,40,22 63,60,34 66,64,35 55,53,20 77,77,32 57,57,23 56,50,25 47,46,21 37,35,15 41,39,19 34,32,10 35,37,11 66,61,20 139,135,73 104,103,26 148,146,56 105,107,54 91,94,43
51,49,47 40,40,35 31,34,24 59,51,40 102,102,59 73,68,38 52,52,36 56,56,40 53,53,37 53,53,39 107,103,84 91,87,50 75,70,40 67,62,30 76,79,46 95,92,50 46,43,28 36,36,31 44,44,41 78,67,52 49,45,39 94,90,55 62,60,38 62,60,40 51,54,46 66,66,52 60,59,48 53,53,37 41,44,34 69,66,51 100,89,54 67,68,47 72,72,58 64,60,52 53,56,34 94,90,53 73,72,61 69,68,57 71,67,61 63,63,49 48,44,25 56,55,28 52,54,28 37,38,15 40,41,18 41,37,18 45,46,27 43,40,16 45,42,16 87,85,36 62,61,25 52,55,22 45,39,16 48,39,20 43,41,19 47,44,18 44,45,22 40,38,16 57,54,14 78,76,29 78,78,15 76,72,24 115,116,50 109,106,51
53,53,53 36,37,40 36,36,31 53,43,31 96,91,59 83,80,54 52,54,39 53,52,41 44,48,33 53,50,35 90,80,68 146,129,101 74,69,37 75,70,38 78,74,39 77,75,44 44,44,30 33,34,22 45,47,47 64,55,36 109,102,75 115,107,55 93,89,52 72,69,45 76,76,42 77,77,47 76,78,52 54,54,38 101,99,52 120,119,63 104,100,52 129,124,53 98,95,40 106,102,65 78,77,41 55,59,42 67,68,56 69,70,62 62,64,59 67,70,48 57,56,31 46,49,25 38,39,18 40,41,22 41,41,25 41,35,26 46,47,26 36,32,13 71,69,40 50,45,17 54,51,25 68,67,29 46,48,22 57,53,32 41,43,17 31,34,10 40,41,18 34,35,14 36,34,12 38,36,7 63,63,22 79,76,34 122,115,45 110,107,42
70,72,67 65,66,54 67,67,51 55,51,41 68,62,37 65,66,45 57,58,46 45,49,32 48,48,34 66,68,51 66,57,42 122,114,90 108,108,74 109,107,74 92,86,61 88,81,54 77,66,47 96,86,62 91,81,59 68,60,47 134,125,78 172,162,82 168,157,84 124,120,72 86,86,54 88,88,56 60,61,51 75,76,55 65,62,36 79,78,51 147,146,67 128,119,45 133,125,60 130,122,59 137,125,70 81,74,45 86,85,60 77,76,65 60,64,47 42,40,20 51,47,30 40,37,22 47,39,28 53,40,33 41,31,21 40,31,23 76,59,35 64,53,36 61,51,27 54,47,20 42,38,21 57,52,22 42,37,25 45,37,24 50,41,37 58,48,36 48,39,24 87,84,40 109,109,50 89,87,38 43,41,8 86,82,34 149,135,69 149,143,66
90,91,68 111,108,68 122,121,69 137,134,79 103,97,61 72,73,52 58,62,45 53,55,38 60,61,42 48,50,33 64,62,44 73,70,74 71,71,71 73,66,69 66,60,53 84,77,59 89,86,60 78,80,63 65,61,40 79,72,54 53,49,12 172,165,95 161,146,85 177,169,104 66,62,41 55,57,40 60,64,47 80,79,72 66,59,39 192,189,75 178,175,65 148,139,42 157,144,55 157,145,65 142,132,40 85,76,47 61,59,26 59,64,42 60,56,46 65,55,45 64,54,44 47,37,27 46,38,27 49,41,30 53,42,35 40,31,25 84,66,34 83,64,41 72,59,38 57,46,31 49,37,25 62,53,38 54,39,30 46,36,26 47,35,25 50,40,28 136,127,80 95,93,44 95,95,36 83,84,34 75,72,30 87,82,39 86,84,35 75,75,41
65,64,55 89,82,55 124,105,66 118,104,88 62,58,50 66,67,44 66,69,38 60,62,34 65,65,35 66,68,40 82,80,62 75,68,78 69,66,72 157,147,135 64,58,51 60,51,45 76,72,55 53,51,47 75,71,65 40,41,31 50,43,27 75,66,39 76,69,28 64,63,38 62,63,40 59,60,39 74,76,61 75,69,62 71,61,37 158,150,87 143,138,40 177,178,60 142,133,75 170,162,60 117,111,36 64,53,46 60,65,45 60,61,53 46,42,36 80,65,54 54,44,32 71,59,47 70,54,37 51,41,31 53,43,33 46,37,33 88,69,42 90,69,42 41,30,25 62,50,40 52,41,26 65,50,30 59,54,40 59,48,29 56,44,32 52,41,24 61,45,41 86,80,57 68,70,42 62,59,44 65,63,45 90,81,52 76,61,39 57,53,32
163,143,97 211,176,122 234,195,124 239,198,149 65,54,51 60,60,44 61,63,37 60,62,36 62,65,41 58,59,40 77,72,74 77,70,70 87,84,60 96,93,78 83,80,65 51,43,32 65,56,39 59,53,48 64,58,63 47,47,44 46,35,18 144,119,75 103,77,38 80,66,41 53,53,37 58,59,40 69,69,66 107,98,94 69,60,43 85,75,65 75,67,45 81,79,19 112,109,26 76,79,46 55,54,29 45,38,36 55,58,38 57,58,46 68,67,60 84,69,58 60,51,36 80,69,54 91,76,54 69,59,49 59,49,37 44,35,31 88,69,42 89,68,41 48,37,32 48,36,26 49,38,23 65,47,26 67,60,42 68,57,38 61,49,37 84,63,38 84,73,56 69,57,45 206,170,108 222,190,148 251,202,135 57,43,25 53,43,33 54,47,31
155,125,83 156,124,82 185,152,102 220,179,118 232,180,107 250,202,128 255,203,118 223,189,144 47,44,29 46,43,28 78,60,39 68,48,30 55,40,20 44,38,43 38,39,27 59,49,39 94,84,62 107,91,104 140,126,139 132,104,66 126,99,52 115,85,39 66,56,34 33,34,26 44,45,37 45,45,40 68,64,75 107,101,106 232,202,174 42,33,27 101,90,97 69,60,43 58,60,43 53,57,42 50,42,20 50,39,24 59,50,31 44,42,20 55,58,48 73,65,52 60,52,39 70,54,41 71,57,41 76,65,46 57,48,33 49,40,32 71,57,41 79,58,33 75,66,51 66,56,44 46,36,26 54,43,28 69,59,37 51,50,39 49,37,27 83,62,35 203,177,152 74,58,43 49,41,28 41,40,29 47,36,29 45,41,24 37,32,20 36,33,20
56,49,31 74,65,48 108,91,63 143,108,81 166,122,71 147,111,64 58,42,38 190,127,58 79,67,37 37,38,26 41,41,27 40,31,25 100,85,76 167,119,90 56,36,16 64,50,25 73,66,69 89,82,85 68,59,44 75,72,59 56,54,32 66,59,39 93,73,53 107,88,53 51,46,32 52,46,37 76,69,72 77,63,49 84,72,60 66,60,53 71,62,58 61,51,50 61,56,58 63,61,62 71,62,58 68,57,54 67,56,49 67,58,50 69,63,58 57,53,43 55,51,45 61,53,42 68,55,48 49,37,25 54,45,37 52,40,30 56,42,28 64,49,29 59,45,29 59,45,29 38,27,22 60,49,34 56,46,22 62,53,36 115,101,74 141,117,82 109,84,54 106,83,52 174,157,131 38,32,23 32,31,24 28,27,18 26,26,21 38,37,26
78,58,28 114,82,40 135,97,51 134,110,84 90,89,78 95,89,84 77,61,55 168,146,83 73,80,48 78,77,52 78,75,51 109,90,63 115,88,54 112,78,44 91,63,36 117,90,56 159,124,68 169,135,76 155,127,98 71,56,45 83,69,55 78,66,54 76,63,56 85,68,69 72,63,57 54,42,44 78,65,73 44,34,38 70,61,55 73,67,60 74,65,59 72,62,61 75,66,58 79,70,64 77,68,60 74,65,61 78,67,62 74,65,61 79,70,66 85,73,73 72,61,54 75,62,57 66,55,50 74,63,58 74,63,58 57,46,39 48,42,35 59,55,38 54,49,35 42,34,23 46,37,29 40,39,32 56,42,28 67,58,43 99,74,44 153,128,82 72,63,44 54,54,38 51,54,44 43,49,36 61,63,48 51,57,44 51,53,36 51,52,40
79,67,37 95,83,46 57,48,19 102,96,87 84,89,83 89,85,79 59,47,47 130,102,64 127,99,59 123,95,57 129,99,57 129,95,52 156,124,80 102,78,43 77,63,49 73,65,54 74,63,56 75,62,59 86,76,80 70,60,61 82,72,76 74,64,63 71,59,59 100,90,91 71,61,60 68,59,55 72,61,54 74,63,60 87,77,78 69,62,72 70,63,63 76,70,63 71,62,58 78,68,69 97,91,84 72,63,57 73,64,56 62,46,40 185,163,155 78,62,56 71,58,51 81,70,65 79,70,66 73,64,60 54,45,37 57,48,40 65,56,48 84,74,73 72,63,55 68,58,48 71,60,53 61,51,39 44,44,28 52,54,39 58,60,45 56,51,37 56,57,38 48,51,31 60,62,45 67,68,56 65,66,56 66,67,55 70,69,58 63,62,51
80,73,44 96,88,54 130,119,84 171,156,109 151,144,128 84,74,75 53,49,43 110,85,55 80,56,32 74,58,45 86,67,51 117,96,71 143,122,99 93,73,53 103,83,65 177,144,92 174,138,89 182,142,88 178,139,82 182,141,82 189,147,84 185,140,78 189,144,82 189,144,82 185,139,82 183,141,78 187,144,84 195,150,88 186,143,87 188,148,84 196,153,93 191,146,84 112,80,46 127,95,61 187,151,93 144,108,59 185,144,87 188,143,79 154,113,45 141,105,47 130,99,60 96,74,54 128,104,80 95,74,47 122,90,60 105,85,67 51,46,32 38,40,23 52,45,29 88,77,60 77,65,53 70,58,48 70,62,49 42,39,24 57,50,48 51,41,40 51,42,53 54,51,36 58,55,42 49,45,35 55,49,44 64,61,48 53,55,40 56,60,45
63,60,47 74,65,50 121,107,89 70,66,56 72,63,44 119,99,79 157,125,81 157,125,68 139,112,78 165,124,75 166,125,78 160,122,74 157,119,71 163,122,75 177,136,89 166,125,76 169,128,79 166,126,72 175,134,77 181,140,83 184,143,86 176,137,78 176,137,76 172,131,72 173,132,73 179,138,79 176,133,75 161,122,79 201,165,118 139,107,77 87,69,50 113,88,60 149,115,70 160,123,70 177,139,89 125,91,61 135,103,61 159,127,85 104,83,60 78,65,58 67,58,54 76,65,58 85,74,59 120,95,67 79,63,50 89,72,48 103,82,55 67,58,50 37,37,21 35,36,17 35,36,17 40,41,22 54,50,33 46,43,28 36,41,21 37,42,22 35,34,23 53,50,35 51,52,40 56,59,49 65,65,51 72,74,57 44,48,31 50,54,37
98,74,39 135,106,73 128,98,56 131,98,59 148,114,80 172,148,124 164,127,112 158,123,69 161,119,77 162,124,78 166,128,82 162,121,74 166,128,78 168,131,78 159,123,76 164,129,91 139,105,71 145,107,70 166,129,85 164,124,72 168,128,76 170,134,76 161,121,67 159,120,63 163,124,67 170,131,74 164,132,77 117,88,55 130,99,62 135,98,54 170,130,78 147,117,75 103,76,44 153,121,77 156,123,73 86,77,73 89,66,53 123,95,66 129,93,60 157,119,73 144,113,74 78,63,52 71,59,49 79,63,59 74,62,50 71,59,49 73,60,53 69,56,51 75,61,61 69,58,53 59,49,39 61,54,38 33,34,15 29,34,14 36,39,19 35,40,20 36,41,19 40,43,23 40,42,25 37,39,22 49,46,33 71,62,56 75,66,60 77,64,59
144,111,72 142,107,69 97,69,42 51,32,18 95,70,51 71,59,59 142,110,76 54,41,38 199,161,113 153,114,71 144,111,74 136,109,77 127,98,63 140,113,81 131,104,72 132,103,68 139,104,66 150,112,62 163,122,65 166,129,76 162,122,68 168,129,72 170,129,82 164,126,80 152,115,71 155,117,80 123,96,62 115,90,60 110,82,53 116,93,62 115,101,87 87,69,50 105,79,54 123,94,63 76,63,42 73,57,40 116,87,56 96,71,43 78,64,48 78,66,56 76,66,56 80,68,58 119,96,65 117,95,57 76,64,52 61,52,44 63,54,46 70,57,52 84,69,58 103,82,57 80,64,47 89,68,45 105,84,57 78,63,43 37,33,23 22,29,11 29,34,14 34,39,19 34,39,19 35,40,20 36,39,19 39,40,21 42,42,26 67,59,46
121,92,59 113,89,56 106,89,79 105,89,74 134,122,96 171,146,127 183,157,116 223,182,125 189,153,122 101,72,50 141,101,65 150,132,113 140,109,70 158,134,112 158,122,73 153,122,73 156,119,64 165,125,73 169,129,77 171,129,75 208,155,100 138,101,61 235,181,106 144,99,66 182,145,92 125,96,61 114,89,59 108,83,55 116,88,61 165,131,90 89,67,49 103,91,81 88,67,52 101,83,62 94,75,48 159,123,74 152,116,67 149,111,65 142,108,65 110,89,62 75,65,53 73,61,51 74,65,50 30,33,11 26,29,9 25,29,14 25,27,10 27,29,14 25,27,12 33,33,19 58,51,35 70,54,37 79,63,46 63,51,41 64,53,50 55,49,44 43,44,32 23,27,10 31,35,18 31,36,16 29,33,16 34,38,21 36,39,19 41,44,24
162,141,126 158,137,122 146,125,114 147,128,114 140,130,108 128,107,80 151,118,66 148,116,70 139,105,62 83,62,58 123,93,65 72,55,45 241,209,163 184,148,99 156,122,77 148,118,72 132,99,62 131,97,63 156,122,79 159,126,89 133,103,57 112,84,57 174,139,101 162,124,78 170,130,76 171,134,81 164,124,72 162,122,70 175,136,79 165,125,73 168,128,76 166,125,78 184,143,96 188,146,94 171,133,85 176,139,99 154,120,79 99,75,53 94,78,65 104,83,58 117,89,62 48,37,18 29,31,14 63,55,42 99,83,66 72,57,46 67,56,51 65,56,52 63,54,46 46,43,30 27,29,12 30,34,17 33,36,14 34,37,17 42,39,24 50,45,33 52,46,41 91,94,43 75,80,48 23,28,8 27,32,12 24,28,11 27,32,12 31,36,16
153,89,72 166,108,86 160,113,92 135,104,85 123,109,93 127,112,92 119,87,53 145,113,69 117,90,58 89,68,43 111,87,54 152,118,73 151,110,61 116,98,68 144,136,112 255,226,169 156,115,68 162,121,74 145,112,62 159,121,73 159,121,73 159,118,69 162,121,72 157,119,69 153,115,67 162,124,76 161,125,74 159,122,69 165,125,73 159,122,69 170,128,76 172,131,82 168,131,78 166,128,82 144,108,77 127,98,67 131,104,70 117,87,59 87,68,52 49,46,33 37,34,19 66,54,42 80,63,55 68,57,54 57,48,40 56,47,39 51,48,35 38,38,22 34,33,22 33,33,19 31,36,16 33,36,16 31,36,16 31,36,16 30,38,17 36,39,19 38,41,21 44,42,24 41,44,24 49,57,36 45,54,35 24,26,11 24,28,11 21,25,8
147,97,82 158,119,107 170,122,106 151,120,99 150,127,112 148,127,112 119,108,93 104,91,68 141,109,67 152,119,80 149,112,68 159,122,78 148,117,78 116,102,88 105,85,76 137,100,60 150,112,66 170,132,82 173,135,87 159,121,73 153,116,76 150,116,75 128,93,55 153,116,72 151,114,72 146,115,78 93,75,56 75,61,45 107,84,55 138,114,77 130,100,72 123,96,64 101,81,61 79,62,52 74,61,54 73,60,53 64,53,50 51,43,32 62,51,36 101,78,47 101,82,59 60,52,39 38,40,23 31,36,16 29,34,12 31,34,12 27,30,10 24,28,11 22,26,11 23,26,14 23,27,12 23,27,12 27,29,14 30,33,13 32,35,15 33,36,16 33,36,16 34,37,17 37,40,20 37,38,19 44,47,27 47,53,40 27,31,16 30,35,13
149,130,118 130,110,101 158,127,117 147,126,115 147,128,114 114,98,83 94,80,66 143,112,75 138,104,61 142,110,64 113,80,43 100,79,54 119,92,56 138,113,69 142,109,57 156,120,71 156,122,77 146,109,65 144,108,61 135,102,63 134,104,60 141,111,65 110,82,55 78,59,45 70,57,50 75,59,55 64,51,48 73,60,55 72,61,54 70,57,52 67,56,51 76,61,50 105,84,57 120,92,65 91,71,53 72,58,44 89,71,50 90,71,48 60,50,38 39,36,21 33,35,18 30,32,15 30,32,17 35,34,23 38,39,29 38,40,25 36,37,27 31,34,24 35,38,28 31,32,24 29,30,20 25,27,12 21,25,10 25,27,10 25,27,10 25,27,12 23,25,8 25,25,9 24,26,11 28,29,10 29,31,14 26,28,11 27,29,12 25,27,10
115,99,93 136,114,106 144,125,111 114,100,86 100,90,66 122,99,70 120,89,52 117,91,52 123,96,53 138,106,62 136,106,62 138,105,57 136,104,58 143,112,63 144,113,64 137,105,61 141,111,67 134,106,66 100,79,54 91,75,60 90,74,61 78,64,50 78,63,52 78,63,54 69,56,49 64,53,50 67,54,51 72,56,54 75,64,49 93,79,54 104,75,51 72,63,48 66,55,48 59,48,41 57,49,38 47,43,26 37,37,21 38,38,24 46,46,30 57,58,46 64,67,47 61,65,38 50,54,27 51,53,36 52,54,39 46,48,33 40,42,27 32,34,19 26,28,11 29,31,16 30,32,15 30,33,13 31,33,16 34,35,16 36,39,19 38,39,20 37,35,17 35,35,19 36,38,21 30,32,17 31,33,16 27,29,12 27,29,12 29,31,14
94,77,69 148,132,117 116,92,68 142,111,74 125,94,57 128,97,60 134,103,66 134,101,62 138,105,68 126,98,60 126,98,60 132,104,64 138,110,70 132,105,69 107,83,59 87,74,51 80,67,46 92,78,60 86,71,60 80,68,58 71,58,53 69,56,51 67,54,49 65,54,49 69,56,51 71,60,57 69,56,51 70,58,48 70,62,49 70,65,51 56,53,40 60,58,36 54,57,24 54,56,28 59,65,36 57,61,34 50,59,40 48,52,35 40,48,25 38,42,25 50,55,35 69,77,56 55,63,40 52,54,37 48,48,34 38,40,25 32,35,15 32,35,11 31,36,16 33,36,16 31,36,16 29,33,16 30,32,15 32,34,17 30,33,13 31,34,14 33,36,16 36,38,21 30,33,13 33,34,13 33,36,16 33,34,15 32,34,17 36,38,21
124,105,93 144,117,85 132,99,62 125,93,59 119,90,59 115,88,56 108,83,53 97,76,53 78,67,50 75,64,49 72,57,46 79,63,48 82,68,50 94,79,59 93,76,52 95,78,54 96,82,66 72,61,54 70,54,50 71,58,51 75,59,53 79,65,51 83,67,50 79,65,51 68,57,52 66,55,50 64,60,43 64,69,37 64,64,34 62,65,41 51,52,29 65,68,37 65,76,34 59,67,28 57,64,30 62,67,33 63,68,44 57,62,28 32,44,26 43,51,30 46,54,31 44,57,32 49,57,36 38,38,22 27,29,14 34,36,19 33,36,16 28,32,15 33,35,20 33,36,16 34,39,19 35,40,18 35,40,16 36,39,19 36,39,17 34,37,17 39,42,22 33,34,15 27,32,12 32,35,15 33,35,18 33,36,16 33,34,15 34,35,16