53,50,54 54,51,55 52,49,53 54,53,56 57,52,54 48,47,50 54,53,58 55,54,59 25,24,27 23,20,24 23,21,19 23,21,22 47,32,21 43,33,9 30,31,21 53,51,49 53,51,61 85,87,87 70,70,54 86,55,2 43,34,28 26,21,23 60,57,63 60,58,66 73,72,63 24,16,22 40,25,14 18,16,17 58,44,26 64,52,40 57,60,67 57,62,70 59,59,67 56,56,64 56,56,64 56,56,64 59,59,69 58,56,64 39,37,45 39,37,45 38,38,46 41,42,47 43,43,51 45,45,53 46,46,54 48,48,56 49,49,57 50,50,58 49,49,57 51,51,59 51,51,59 52,52,60 52,52,60 52,52,60 51,51,59 51,51,59 55,55,63 53,53,61 59,57,65 56,56,64 59,60,65 59,59,67 60,60,68 59,60,65
54,51,55 54,51,55 54,51,55 58,56,64 55,54,59 54,53,56 53,52,55 53,52,57 60,59,62 63,60,66 34,32,33 39,37,35 28,19,15 43,31,19 79,69,57 134,129,117 48,45,30 115,107,85 80,80,64 103,56,0 30,21,17 27,22,24 66,57,42 60,58,66 24,22,20 57,46,39 43,29,13 20,18,19 26,18,24 55,55,63 57,55,63 60,60,68 59,59,67 53,53,61 57,57,65 62,62,70 60,60,70 60,58,66 40,38,46 39,39,47 41,41,49 44,45,50 45,45,53 46,46,54 49,49,57 50,50,58 50,50,58 50,50,58 50,50,58 51,51,59 52,52,60 52,52,60 52,52,60 51,51,59 52,52,60 52,52,60 56,56,64 55,55,63 60,58,66 56,56,64 60,61,66 60,60,68 60,60,68 59,60,63
54,51,55 55,54,57 53,50,54 59,56,60 54,53,56 53,51,59 53,51,59 57,56,61 57,56,61 59,58,63 53,52,57 34,32,28 26,20,25 39,27,15 52,43,16 170,160,118 190,180,140 162,150,120 70,65,51 34,32,33 23,22,25 26,23,27 45,34,27 66,59,41 51,35,18 88,56,12 40,33,17 23,18,20 44,44,52 55,55,63 61,64,73 57,57,65 58,58,66 60,60,68 59,59,67 60,60,70 63,66,75 62,62,70 42,42,50 43,43,51 44,44,52 46,46,54 48,48,56 49,49,57 49,49,57 49,49,57 51,51,59 50,50,58 51,51,59 53,53,61 53,53,61 144,91,0 52,52,60 52,52,60 52,53,58 55,55,63 57,57,65 55,55,63 60,58,66 59,59,67 62,62,70 60,60,68 59,59,67 58,59,64
53,49,58 59,57,65 57,56,61 54,53,56 55,52,56 53,52,55 55,54,59 58,56,64 58,57,62 55,55,55 132,115,66 44,35,18 164,157,126 37,34,10 125,110,101 160,151,120 129,122,106 62,48,48 89,85,64 46,35,18 65,49,34 104,94,70 45,36,32 66,59,43 130,120,78 72,52,2 21,17,11 21,19,20 79,66,43 99,87,77 62,60,70 60,63,74 59,59,67 62,62,72 62,62,70 60,60,70 62,65,76 62,62,70 43,43,51 44,44,52 46,46,54 48,48,56 49,49,57 49,49,57 49,50,55 51,52,57 51,52,57 50,53,60 55,56,61 54,58,62 53,58,54 163,103,15 58,57,62 52,52,60 55,56,61 56,56,64 58,58,66 57,57,65 61,59,67 60,60,68 64,62,70 59,59,67 59,59,67 56,56,64
53,51,59 55,53,61 53,50,56 54,51,55 54,51,55 54,51,55 59,56,60 61,60,65 54,52,60 78,71,69 64,44,14 48,29,17 35,26,18 113,107,82 123,114,87 80,67,62 134,125,98 130,109,68 101,71,25 98,66,22 96,66,22 113,91,57 107,91,60 32,27,26 60,53,37 97,80,41 28,24,16 51,43,21 38,32,23 35,33,31 94,82,72 60,60,72 63,63,73 62,62,72 62,62,72 63,66,75 60,63,72 63,63,71 45,45,53 46,46,54 48,48,56 50,50,58 50,50,58 50,50,58 49,52,59 96,60,9 58,50,56 67,58,50 111,67,16 100,70,28 99,68,8 108,85,45 59,61,61 54,59,67 59,58,63 57,57,65 60,60,68 58,58,66 65,64,69 59,60,65 64,62,70 58,58,66 55,55,63 52,52,62
42,39,45 47,44,50 52,49,53 52,49,53 55,52,56 57,56,59 59,58,61 53,52,55 79,78,71 73,60,28 58,41,15 70,48,14 59,42,16 34,23,20 114,110,93 72,55,45 141,106,52 75,50,6 66,56,34 114,75,34 55,44,25 85,72,40 86,60,21 128,104,69 37,32,20 43,34,26 84,78,69 52,40,30 44,40,34 68,65,52 43,38,35 62,62,72 63,63,73 60,60,70 61,59,69 66,71,81 66,64,74 66,66,74 48,48,56 48,48,56 51,49,57 50,50,58 50,50,58 52,52,60 120,91,58 102,65,21 113,46,46 69,34,39 67,39,26 112,81,28 119,82,42 93,76,27 100,85,45 57,62,56 60,59,64 58,58,66 62,62,70 59,59,67 65,61,70 59,59,67 60,61,64 56,56,64 52,52,60 53,51,59
40,36,45 41,37,46 44,41,47 46,43,47 49,46,52 53,52,57 57,55,63 59,58,61 93,90,77 61,43,11 52,38,20 101,60,3 99,72,25 61,41,11 53,42,27 86,63,48 44,37,21 28,24,18 29,27,35 29,28,33 24,29,37 40,31,12 46,31,11 79,47,17 83,73,61 37,35,33 77,74,61 48,36,36 149,135,90 138,106,49 47,43,35 63,63,73 61,66,76 62,67,77 62,62,74 67,70,81 65,65,75 70,70,78 49,49,57 50,50,58 52,50,58 52,50,58 51,51,59 51,51,59 109,81,54 154,82,61 69,34,39 127,91,40 113,83,39 73,37,27 75,36,35 80,70,19 160,99,63 107,75,31 108,90,60 56,60,62 62,62,70 59,59,67 63,60,66 58,59,64 60,58,66 52,53,58 51,52,57 53,52,57
34,30,39 34,30,39 37,33,42 40,36,45 47,43,52 52,51,56 58,57,60 53,49,58 92,85,67 48,34,16 112,100,74 53,38,16 94,71,40 60,39,14 86,59,27 42,26,20 32,26,31 27,26,31 27,26,29 27,28,33 27,28,31 25,26,29 31,23,31 28,26,27 81,58,18 39,45,36 35,33,34 51,42,38 51,49,47 55,49,40 65,49,32 73,73,70 64,69,79 64,64,74 66,66,76 67,67,77 66,66,76 65,65,73 49,49,57 49,49,57 51,51,59 51,51,59 52,52,60 53,53,61 73,62,57 99,61,24 57,34,23 133,100,48 71,32,31 75,34,34 74,35,34 109,80,19 76,42,24 92,50,39 161,124,71 76,58,55 61,65,69 59,59,67 63,60,66 56,57,62 60,57,63 51,52,57 50,51,56 53,51,52
37,33,42 35,31,40 35,31,40 40,36,45 45,42,48 52,49,53 48,45,49 60,59,62 92,77,39 38,27,20 25,24,27 73,49,14 49,33,16 43,34,17 93,74,35 44,35,31 27,28,33 25,26,31 25,29,31 25,26,29 28,29,32 29,30,33 32,33,38 57,40,32 139,101,51 88,64,31 39,36,40 66,52,27 45,43,41 65,64,53 82,64,45 53,52,43 65,65,75 64,64,72 64,64,72 69,74,84 66,66,74 67,67,75 51,51,59 51,51,59 51,51,59 57,58,63 57,58,63 60,61,66 61,60,63 170,91,88 67,50,42 104,64,41 62,39,36 90,52,54 83,36,43 123,88,50 135,97,76 99,42,43 65,38,31 159,121,75 60,60,68 58,58,66 63,57,64 52,53,58 63,57,62 50,50,58 49,50,55 53,47,52
40,36,45 39,36,42 37,33,42 38,34,43 40,37,41 46,43,47 52,49,55 55,52,58 75,55,23 45,36,32 24,22,23 98,73,27 58,37,10 87,69,39 40,23,0 29,30,35 28,29,34 27,28,33 28,29,32 29,30,33 32,33,38 34,35,38 35,36,41 37,38,43 64,53,46 117,85,39 51,46,43 34,44,41 95,88,70 44,45,48 51,49,57 52,50,48 70,70,78 69,69,77 73,71,81 68,71,80 64,64,74 69,69,77 51,51,59 52,53,58 52,53,58 53,54,59 57,58,63 58,60,60 68,64,47 95,54,34 76,57,43 99,65,33 44,33,28 54,31,28 48,27,23 97,58,17 112,43,46 94,37,36 113,49,48 88,60,33 61,57,66 53,56,63 60,54,61 51,51,59 58,52,57 49,49,57 48,47,52 51,45,50
40,37,43 41,38,44 39,35,44 37,33,42 37,34,40 39,35,44 46,42,51 56,54,52 64,46,25 68,56,46 26,24,25 33,28,27 27,18,29 116,97,70 84,64,34 39,37,38 31,30,35 31,32,37 31,32,35 32,33,36 35,35,45 36,36,44 38,38,46 39,39,47 51,44,42 81,63,42 51,41,29 43,44,47 66,59,57 58,54,48 48,49,52 52,50,51 70,70,78 73,71,79 72,75,84 71,74,81 69,69,79 70,70,80 51,51,59 52,52,60 55,55,63 53,54,59 56,57,62 59,61,61 89,80,63 110,78,44 91,65,44 102,68,38 43,30,25 42,24,19 76,54,34 102,61,16 38,26,26 33,26,24 92,51,31 63,58,60 57,55,63 52,52,60 57,51,58 50,50,58 55,52,56 46,46,54 46,47,50 55,47,53
40,38,46 39,38,43 33,29,38 35,31,40 35,31,40 37,33,42 41,39,47 48,42,47 56,43,22 38,26,16 30,25,24 25,22,28 87,67,47 119,95,44 31,29,37 48,37,30 43,36,36 42,35,35 34,35,40 36,36,44 37,37,45 38,38,46 39,39,47 41,41,49 44,44,52 57,53,47 113,84,33 51,51,48 54,44,34 68,58,48 53,50,54 63,58,55 75,73,81 73,73,81 74,74,82 77,77,85 71,71,81 67,67,77 52,52,60 53,53,61 53,53,61 51,51,59 52,52,60 114,107,105 104,77,45 113,79,57 86,56,39 104,68,17 51,28,25 52,32,25 101,60,11 57,38,24 46,34,24 108,55,28 61,58,62 54,60,63 55,53,61 51,51,59 51,48,52 49,49,57 54,51,55 45,45,53 45,46,49 58,48,52
37,35,43 33,31,39 34,30,39 35,31,40 33,29,38 37,33,42 38,36,44 42,37,39 45,35,23 39,30,26 63,49,35 25,23,24 57,33,9 87,65,29 33,37,39 41,34,37 47,35,37 35,32,36 42,39,45 38,38,46 38,39,44 42,43,48 43,43,51 44,44,52 45,45,53 56,54,55 124,104,54 67,65,63 55,53,51 69,58,51 52,51,56 75,60,51 76,76,86 76,76,86 72,73,78 72,72,80 71,71,81 72,72,82 52,52,60 52,52,60 55,55,63 50,54,58 52,52,60 117,106,101 97,96,101 105,66,34 58,50,26 105,60,14 99,55,27 97,69,42 97,63,20 60,40,10 118,86,44 105,82,51 62,59,63 54,58,60 52,52,60 50,50,58 53,50,54 46,46,54 48,47,50 46,46,54 43,46,53 59,49,53
37,33,42 34,30,39 34,30,39 37,33,42 35,31,40 37,33,42 37,35,45 38,31,31 41,30,23 40,30,31 65,47,26 22,24,21 109,87,40 65,50,14 53,52,57 46,46,46 58,48,47 52,46,41 54,47,50 40,39,42 43,44,49 44,48,52 45,45,53 46,46,54 49,49,57 51,52,55 90,78,66 63,57,50 52,53,56 69,64,52 57,56,59 75,64,57 85,78,88 78,76,84 79,77,85 73,73,81 76,76,84 69,69,79 53,53,61 50,50,58 55,53,61 52,52,60 53,53,61 102,79,64 111,105,98 98,95,101 69,62,62 117,82,44 107,63,10 55,46,17 60,52,16 105,76,52 69,75,48 71,78,60 57,62,61 55,55,63 50,50,58 50,50,58 51,48,52 45,45,53 47,46,49 47,46,49 43,46,53 60,50,54
35,31,40 35,31,40 33,31,39 35,31,40 35,31,40 38,34,43 37,35,43 38,30,36 41,29,29 39,34,31 55,40,20 25,24,27 87,60,55 87,75,45 64,65,70 75,75,75 86,88,85 86,88,88 69,63,68 85,86,89 85,86,89 55,59,61 48,48,56 48,48,56 49,49,57 52,53,56 60,61,53 103,93,69 54,53,58 73,64,49 57,57,57 74,65,57 81,75,80 79,78,83 79,77,85 77,77,85 73,73,81 74,74,82 51,51,59 51,51,59 57,55,63 53,53,61 53,53,61 105,79,65 43,36,36 83,81,79 93,94,99 62,63,68 98,96,97 67,56,37 108,74,40 103,67,34 115,93,57 189,178,161 55,55,63 51,51,59 50,50,58 46,46,54 49,46,50 44,47,54 47,46,49 45,46,51 43,44,49 60,50,54
34,30,39 35,31,40 37,33,42 37,33,42 37,33,42 38,35,41 37,35,43 37,32,31 40,31,25 40,34,29 52,36,21 31,30,33 102,84,63 101,84,58 65,66,69 76,74,72 75,65,66 81,76,78 54,52,50 78,82,84 43,47,49 103,107,109 50,51,56 50,50,58 55,55,63 52,53,58 57,53,47 108,88,56 55,54,57 91,75,62 61,60,53 60,60,57 91,89,87 81,79,87 78,78,86 78,77,82 73,71,79 72,72,80 52,52,60 52,53,58 59,57,65 53,53,61 56,56,66 117,91,68 46,44,52 39,33,38 39,34,36 46,43,49 90,90,90 89,84,86 110,97,92 149,137,127 162,151,136 81,70,65 53,52,55 52,51,56 46,49,56 43,48,54 48,45,49 45,45,53 47,46,49 46,44,52 43,42,47 60,49,56
34,30,41 35,31,42 37,33,42 38,34,43 38,34,43 38,36,44 38,34,43 40,35,37 45,39,34 39,35,29 50,39,24 32,33,38 82,63,26 91,81,57 52,49,53 50,45,44 81,71,70 62,55,55 61,56,53 76,77,80 55,55,63 60,61,66 51,52,57 51,51,59 57,57,65 56,56,64 74,63,56 125,96,65 57,56,61 76,68,74 59,60,65 53,52,57 93,86,86 85,84,87 81,80,83 79,76,82 76,77,82 71,71,79 52,52,60 53,53,61 59,57,65 55,55,63 55,58,67 98,75,62 45,45,55 38,36,46 39,35,44 34,34,44 21,21,29 22,20,28 29,23,30 32,29,33 25,24,29 52,52,60 50,51,56 46,47,50 43,47,51 43,46,53 48,45,49 46,44,52 47,44,50 45,43,51 39,39,47 58,46,48
34,30,39 35,31,40 37,33,42 37,33,42 37,33,42 37,35,43 37,33,42 39,38,43 59,46,39 48,47,36 49,44,41 36,36,48 95,67,38 88,81,63 63,64,67 72,67,69 94,92,93 62,59,63 64,59,61 57,61,63 52,52,60 51,54,61 53,53,61 53,53,61 57,58,63 58,58,66 74,65,57 134,102,60 57,57,57 68,61,61 91,76,54 54,57,64 90,79,74 87,86,89 86,83,89 80,79,84 84,84,92 71,71,79 53,53,61 53,53,61 59,57,65 57,57,67 59,57,67 78,66,54 48,46,56 42,41,56 42,36,43 39,34,52 29,30,49 29,30,49 28,30,46 28,31,49 37,35,55 51,51,63 49,49,57 47,46,51 47,45,55 48,44,53 47,46,51 48,44,53 46,42,51 41,40,43 39,38,43 57,43,45
35,31,40 35,31,40 35,31,40 38,34,43 37,33,44 38,36,44 41,37,46 40,38,46 70,55,35 54,46,35 62,47,36 38,38,46 101,77,55 106,96,74 111,117,118 152,152,149 64,58,63 64,59,61 152,152,147 76,77,80 112,117,116 96,100,102 53,54,59 56,56,64 57,57,65 57,57,65 72,63,55 142,110,76 59,58,63 68,59,53 72,70,68 56,56,64 80,74,67 91,90,93 87,84,88 89,88,93 81,82,87 72,72,80 55,55,63 57,58,63 66,63,69 56,59,66 61,59,69 80,67,60 46,44,52 41,39,49 40,38,48 39,37,45 41,40,55 39,38,53 35,37,51 41,40,55 29,32,43 40,37,52 48,49,54 48,47,52 48,47,52 45,45,53 47,46,49 45,43,53 41,40,43 41,38,44 40,34,41 52,38,40
37,33,42 37,33,42 34,30,39 37,33,42 39,35,46 41,39,47 41,39,47 44,42,50 83,66,40 54,46,35 77,56,31 41,42,47 200,161,102 122,107,85 128,134,135 99,100,103 67,64,68 73,70,76 61,59,60 60,62,62 145,152,147 107,114,112 53,53,61 57,57,65 58,58,66 58,58,66 71,62,54 129,99,57 61,60,63 86,85,76 85,85,85 58,58,66 76,72,66 89,88,91 92,89,93 83,82,87 84,85,90 73,73,81 56,56,64 58,59,64 66,63,67 60,63,70 61,64,71 74,61,56 39,37,45 38,36,46 38,36,46 36,34,42 37,37,45 39,39,47 35,35,47 35,35,45 37,36,41 30,27,42 39,42,51 48,44,53 45,46,51 47,45,53 47,44,48 44,40,51 38,40,40 39,39,39 37,34,38 48,36,41
36,34,42 34,32,40 37,35,43 40,38,46 41,39,47 43,41,49 45,43,51 47,43,52 101,76,32 85,71,55 45,43,41 37,40,47 132,105,71 92,83,64 74,78,80 59,60,63 60,60,60 62,62,62 66,66,66 63,65,62 132,139,134 89,96,94 55,55,63 57,57,65 59,59,67 59,59,67 84,77,59 135,112,72 64,64,64 82,78,70 123,85,48 58,58,68 81,72,68 92,87,89 89,88,91 85,84,87 83,82,87 76,76,84 57,57,65 59,60,65 66,63,69 61,65,69 84,72,62 66,56,55 41,40,45 36,37,42 37,37,45 36,36,44 36,36,46 34,37,46 35,35,47 34,34,44 38,36,44 34,32,44 36,41,51 48,46,54 47,45,53 47,46,51 46,43,47 41,39,47 39,39,39 36,36,36 36,30,35 44,34,38
37,35,43 37,35,43 40,38,46 41,39,47 45,43,51 46,44,52 46,44,52 47,45,53 68,47,20 84,73,58 74,56,35 43,43,51 87,71,54 60,53,12 73,74,79 81,80,83 105,105,105 161,160,163 161,163,160 131,134,126 108,114,103 61,59,55 57,57,65 57,57,65 59,59,67 59,59,67 89,78,71 109,88,45 74,74,71 83,81,82 128,94,51 60,63,72 85,76,68 92,89,93 82,81,84 93,92,95 85,84,89 78,78,86 58,58,66 59,60,65 66,65,70 64,65,70 67,64,68 70,65,67 53,53,61 50,48,56 38,36,46 38,38,48 41,41,51 42,42,54 37,37,47 35,38,49 36,36,48 36,34,54 46,46,56 48,47,52 46,45,50 45,43,51 46,40,45 40,37,41 36,36,36 35,33,34 31,29,30 37,30,30
38,36,44 40,38,46 41,39,47 45,43,51 50,48,56 47,45,53 47,45,53 48,46,54 44,43,46 54,53,46 155,114,44 42,42,52 80,67,46 246,204,50 123,123,118 71,71,71 68,66,64 65,60,59 70,65,62 77,73,67 149,150,142 73,71,69 83,76,74 58,58,68 59,59,67 63,63,71 72,63,46 105,83,65 87,88,80 70,67,73 133,100,52 64,67,76 100,91,85 95,93,94 90,88,89 89,88,91 91,92,95 81,81,89 59,60,65 62,63,68 68,65,71 64,62,70 65,64,69 60,61,66 65,64,67 76,72,66 59,50,42 38,35,39 41,39,40 41,39,40 38,36,32 44,44,44 53,50,54 53,47,54 47,45,53 45,46,49 44,43,48 43,41,49 43,38,40 39,36,40 37,35,36 36,31,33 32,27,29 38,26,28
41,37,46 41,37,46 44,42,50 46,44,52 51,49,57 48,46,54 50,48,56 51,49,57 49,50,55 73,63,41 93,72,59 70,66,60 55,48,46 179,130,49 73,67,60 197,198,186 134,132,128 97,90,88 107,103,97 167,163,157 65,63,61 70,68,69 67,62,64 58,58,68 60,61,66 62,62,70 63,62,55 82,75,48 86,87,77 67,64,68 134,98,47 65,69,73 101,96,93 92,90,91 89,89,89 93,92,95 85,84,87 81,81,89 60,61,66 62,63,68 70,64,71 65,64,69 65,65,65 114,109,97 90,61,8 90,73,47 79,75,69 45,43,41 44,42,43 35,33,34 56,51,48 147,127,97 60,58,54 56,47,39 47,45,53 47,46,49 41,42,47 43,41,49 43,38,40 38,35,39 35,30,32 35,28,31 29,24,26 34,22,24
43,41,49 45,43,51 46,44,52 48,46,54 52,50,58 50,48,56 52,50,58 53,51,59 54,52,60 84,72,60 68,61,32 122,91,42 50,48,56 165,135,89 195,165,107 76,72,66 78,74,68 81,77,71 78,74,68 74,72,68 67,64,68 71,70,73 69,67,68 58,58,66 62,63,68 63,64,67 88,88,74 68,56,46 70,72,72 61,60,65 68,63,60 78,73,70 98,93,90 96,90,95 92,90,91 90,88,89 89,87,95 79,79,87 62,62,70 60,60,68 71,65,72 64,65,70 99,99,111 94,70,19 119,102,78 224,202,182 94,71,31 37,35,36 42,40,36 42,40,38 44,39,38 67,65,61 42,40,38 75,65,64 50,44,49 48,42,47 42,39,45 41,38,44 40,35,37 37,32,34 35,28,28 37,27,28 31,24,24 34,22,22
46,44,52 47,45,53 48,46,54 51,49,57 52,50,58 53,51,59 53,51,59 53,51,59 55,53,61 52,50,60 123,111,101 242,174,31 57,51,56 119,103,88 88,73,12 85,78,76 80,73,71 82,75,73 80,73,71 77,72,69 65,64,67 67,68,71 74,74,71 76,73,77 63,64,69 88,80,67 116,94,45 83,72,67 63,64,67 62,60,68 60,61,66 116,106,94 98,93,92 95,93,94 95,93,94 91,89,90 89,88,93 79,79,87 62,62,70 60,60,68 72,69,75 95,96,101 77,55,19 77,84,82 119,121,121 108,79,28 178,117,1 35,33,29 42,40,41 35,32,36 47,45,46 54,49,46 32,32,29 72,70,68 61,42,56 48,43,45 42,36,43 39,36,42 40,33,36 37,32,34 36,29,29 40,27,24 33,23,24 35,21,26
46,44,52 47,45,53 51,49,57 53,51,59 53,51,59 53,51,59 53,51,59 57,55,63 58,56,64 59,56,62 80,70,48 111,97,97 62,58,67 56,58,55 144,122,75 220,196,161 79,73,68 78,73,70 80,74,69 79,72,72 70,68,69 69,69,69 66,65,70 74,72,70 60,61,66 88,73,53 113,90,59 74,72,68 59,60,65 55,55,52 61,60,63 103,88,68 94,92,93 98,98,98 94,92,93 90,87,91 94,92,100 79,77,85 62,60,68 61,59,67 72,64,72 92,80,82 57,43,25 82,86,90 107,79,11 119,84,17 128,93,28 27,25,23 28,26,24 39,37,38 51,49,45 59,57,53 37,35,31 78,69,65 78,44,0 51,41,45 41,36,38 38,35,39 41,34,34 38,31,31 33,26,26 38,27,24 33,21,23 35,21,23
50,48,56 51,49,57 53,51,59 55,53,61 54,52,60 54,52,60 55,53,61 55,53,61 60,58,66 61,59,67 54,52,60 153,146,103 64,58,53 68,55,63 108,91,52 128,122,97 80,74,69 79,74,71 79,73,68 77,72,69 68,68,68 72,70,71 67,66,69 75,73,74 96,74,27 100,84,69 87,71,58 59,61,61 64,63,68 65,60,57 62,59,65 94,86,75 98,96,97 91,91,91 92,90,91 91,88,92 94,93,98 75,73,81 62,60,68 60,58,66 71,60,69 83,73,61 79,64,53 73,59,43 87,70,44 95,103,121 131,97,38 40,38,39 40,38,36 40,38,39 42,40,38 54,53,46 40,36,30 83,77,72 49,44,46 52,40,42 40,33,36 40,32,38 39,29,33 36,29,29 38,24,29 48,30,29 40,23,24 35,22,15
52,50,58 51,49,57 55,53,61 54,52,60 55,53,61 58,56,64 58,56,64 59,57,65 61,59,67 62,60,68 66,64,74 85,77,55 90,78,80 68,59,72 69,55,57 126,106,60 255,231,116 60,65,71 65,64,67 60,59,64 60,61,64 69,68,71 74,72,70 72,71,74 58,56,54 109,85,52 65,52,31 60,61,64 58,62,66 87,76,59 60,66,69 86,82,76 103,101,102 97,95,96 95,93,94 91,88,92 95,92,96 79,77,85 60,58,66 57,58,63 68,59,70 57,58,63 84,60,23 72,52,22 86,88,102 80,81,84 77,57,11 32,30,28 44,42,40 26,24,25 40,35,34 58,56,52 48,47,40 83,79,73 52,45,45 52,38,38 42,32,36 43,33,34 43,29,31 40,28,30 40,23,24 50,32,29 35,22,19 37,21,15
53,51,59 53,51,59 59,57,65 55,53,61 58,56,64 61,59,67 62,60,68 61,59,67 62,60,68 64,62,70 67,65,73 69,66,70 114,107,64 92,77,57 72,64,70 155,132,101 127,103,41 255,218,91 75,75,70 76,71,70 72,70,71 68,67,72 68,68,68 124,102,68 86,63,50 83,80,56 60,59,62 67,68,71 63,57,48 77,68,60 91,84,84 104,102,100 103,101,102 102,100,101 95,92,96 98,95,99 94,93,98 78,76,84 59,57,65 57,55,63 67,56,65 56,53,57 77,78,83 66,51,31 87,75,63 91,63,23 89,85,79 32,30,28 45,43,41 26,24,22 27,25,23 66,65,58 59,58,51 77,76,69 38,31,34 52,36,34 40,28,33 44,34,35 42,28,28 45,29,25 40,24,20 61,38,35 39,18,16 37,21,15
54,52,60 54,52,60 59,57,65 57,55,63 59,57,65 61,59,67 62,60,68 62,60,68 65,63,71 65,63,71 65,63,71 76,72,83 76,70,65 84,76,40 71,60,67 73,64,79 94,83,78 121,102,88 168,166,148 172,164,142 59,61,58 123,121,122 69,63,56 90,76,58 75,66,58 70,63,75 58,58,66 58,60,57 77,68,62 72,62,63 104,96,85 105,103,104 102,100,98 102,99,103 95,93,94 94,92,93 91,90,95 78,78,86 56,56,64 55,54,59 67,56,63 88,86,87 85,85,93 82,79,83 64,48,31 67,58,52 91,86,85 37,35,33 47,45,46 33,31,32 26,24,22 54,52,50 63,62,55 72,71,64 34,27,30 54,32,37 39,29,30 43,32,29 44,27,28 42,26,22 40,24,18 65,42,41 36,20,14 37,21,15
55,53,61 58,56,64 58,56,64 59,57,65 60,58,66 62,60,68 65,63,71 65,63,71 66,64,72 66,64,72 67,65,73 79,76,80 98,91,91 78,72,65 77,66,31 79,71,77 66,59,59 119,102,78 168,159,142 127,107,59 111,90,20 111,89,42 116,96,50 86,80,71 61,59,67 57,60,67 59,60,65 54,57,64 69,67,68 62,64,64 106,99,97 102,100,101 104,99,101 99,97,98 95,93,94 94,92,93 93,92,97 77,78,83 52,52,60 52,53,58 63,56,54 83,82,85 82,86,90 76,71,70 69,63,58 88,83,80 93,88,87 40,35,37 44,42,43 46,44,45 26,24,22 37,35,33 69,68,61 69,68,61 28,23,25 60,34,38 39,29,30 48,29,31 42,26,24 45,24,22 39,21,18 68,45,42 38,20,17 43,18,15
57,55,63 58,56,64 59,57,65 59,57,65 62,60,68 65,63,71 65,63,71 65,63,71 66,64,72 66,64,72 67,65,75 81,75,80 95,88,88 102,102,97 83,68,57 70,64,71 120,112,120 73,62,71 224,219,191 96,83,76 78,62,60 84,71,48 60,60,60 62,60,58 59,60,63 59,59,69 119,98,85 105,104,109 159,138,57 70,63,63 104,99,101 103,101,102 101,99,100 98,96,97 95,93,94 91,89,90 87,86,89 73,73,81 53,51,61 50,49,54 89,83,78 79,82,89 81,82,87 64,57,55 84,78,71 90,86,80 93,89,83 38,36,37 44,42,43 40,38,39 24,22,23 30,25,24 70,69,62 67,66,59 32,27,26 57,31,37 36,26,27 48,26,29 43,25,24 46,25,23 41,20,18 68,45,42 38,20,17 38,21,13
60,58,66 59,57,65 60,58,66 61,59,67 66,64,72 65,63,71 65,63,71 67,65,75 65,63,71 65,63,71 68,66,76 82,76,81 101,95,90 105,99,94 86,81,78 84,72,44 78,62,75 65,59,64 69,55,68 55,53,54 71,70,73 59,58,63 57,57,65 60,60,68 62,57,73 113,95,53 72,71,76 71,71,71 62,60,68 105,100,99 110,105,104 101,96,95 105,100,102 98,93,95 96,94,95 92,90,91 87,85,86 73,74,77 76,75,80 71,64,62 79,69,73 81,79,80 72,65,65 94,86,75 86,80,73 91,87,79 85,81,71 38,36,37 41,39,40 62,60,61 26,24,25 28,23,22 72,71,64 65,63,59 33,26,24 72,43,50 40,26,28 51,28,27 46,23,22 44,23,19 41,20,18 66,43,40 39,21,18 38,20,15
59,57,65 60,58,66 64,62,72 64,62,70 64,62,70 65,63,71 67,65,73 67,65,73 67,65,73 66,64,72 72,70,80 82,77,79 100,93,91 111,106,103 114,108,103 81,76,75 119,115,94 94,84,88 159,111,37 55,60,68 57,57,65 57,57,65 59,58,61 60,60,68 58,61,68 73,73,81 71,70,75 69,69,69 104,104,101 106,99,99 105,98,98 102,100,98 103,98,100 97,92,94 96,94,95 95,93,94 84,82,83 73,72,75 95,93,91 65,59,64 81,71,70 85,73,73 73,66,69 59,52,50 48,42,47 72,67,64 83,76,74 35,33,34 40,38,39 51,49,50 24,22,23 27,22,24 65,63,59 62,60,56 31,24,24 79,55,61 43,27,25 55,30,29 46,23,22 48,23,22 41,20,16 59,38,34 39,21,18 37,19,14
62,60,68 61,59,67 66,64,74 66,64,72 66,64,72 66,64,72 67,65,75 66,64,72 66,64,72 67,65,73 69,68,73 90,83,86 107,97,98 110,101,97 115,106,102 108,99,93 110,101,97 78,72,67 108,102,93 60,59,62 58,57,62 55,58,67 65,61,72 62,60,68 75,68,66 82,79,94 71,70,75 76,77,82 69,70,73 104,99,98 103,98,97 102,100,101 97,95,96 94,92,93 90,88,89 89,89,89 88,87,90 76,75,80 51,52,55 86,83,89 57,52,51 57,52,51 54,51,55 66,55,50 42,35,45 40,39,42 36,37,40 34,33,36 32,30,31 41,39,40 25,23,24 26,21,23 66,64,60 56,54,50 33,28,27 64,47,50 44,26,25 60,32,32 46,23,22 50,25,24 42,19,16 55,32,29 44,24,17 38,20,15