33,25,31 54,46,52 31,23,29 29,23,28 30,22,28 24,22,34 24,22,32 24,19,35 38,29,40 23,21,33 21,21,31 24,22,30 28,24,33 26,24,34 26,24,32 26,22,31 24,24,32 29,28,33 40,31,42 37,29,35 23,23,31 25,23,31 26,22,31 26,22,31 25,23,31 23,24,29 28,24,33 26,22,31 26,22,31 24,22,32 26,23,29 25,24,27 26,25,30 32,27,29 30,27,31 28,26,27 28,26,27 30,27,31 32,30,31 32,26,31 33,31,32 34,32,33 37,34,38 29,27,39 32,31,46 32,29,44 34,29,45 32,34,50 33,39,56 34,33,50 33,31,41 32,31,46 34,33,50 42,45,63 35,31,42 36,35,52 48,47,62 35,32,38 35,38,49 39,39,51 44,51,65 43,36,46 45,42,48 46,44,52
34,26,32 57,49,55 30,22,28 30,22,28 30,22,28 24,22,34 24,22,32 25,20,36 38,29,40 23,21,33 21,21,31 25,23,31 26,22,31 26,24,34 27,25,35 27,23,32 24,24,32 30,27,33 37,29,35 37,29,35 24,22,30 25,23,31 25,21,30 26,22,31 27,26,31 27,26,31 25,21,30 27,23,32 29,22,32 25,21,32 27,24,30 27,26,29 25,24,29 32,27,29 31,28,32 28,26,27 30,28,29 32,29,33 31,29,30 35,29,34 34,32,33 34,32,33 37,34,38 32,30,42 32,31,46 33,30,45 35,30,46 32,34,48 34,40,57 35,34,51 34,34,42 34,34,46 35,34,49 42,45,63 37,33,44 37,36,53 51,49,61 37,36,41 39,37,47 42,41,56 49,51,65 46,40,47 46,43,49 47,46,51
34,26,32 59,51,57 31,23,31 28,22,29 29,23,30 18,21,32 22,22,32 23,20,35 37,31,38 23,21,33 23,21,33 25,21,34 24,22,32 25,23,33 25,23,33 22,19,34 24,22,32 29,28,33 40,33,36 38,30,36 26,22,31 24,22,30 27,23,32 26,22,31 26,25,30 28,25,31 26,24,34 26,25,30 26,25,30 27,23,34 29,29,29 27,26,29 30,27,31 31,29,30 33,31,32 32,27,29 32,30,31 34,31,35 35,30,32 32,29,33 36,31,33 35,33,34 41,36,38 34,32,44 34,33,48 37,34,49 34,32,42 35,34,49 39,42,60 38,36,48 37,35,43 36,36,46 36,35,50 43,46,64 39,35,44 39,39,51 55,51,62 44,39,41 49,43,50 44,44,56 55,54,69 49,44,43 48,45,49 50,48,56
39,28,35 63,52,59 30,24,31 31,22,33 26,23,29 21,20,35 21,21,33 22,19,34 37,31,38 21,21,33 20,19,34 22,20,32 24,22,32 25,23,33 26,22,33 22,20,32 20,19,34 29,27,39 37,29,37 40,31,42 29,22,32 26,24,32 25,21,30 25,23,33 24,24,32 27,26,31 26,25,30 27,26,31 29,28,33 29,28,31 30,29,34 29,28,33 32,29,35 34,29,31 33,33,33 32,30,31 33,28,30 34,32,33 35,33,34 36,31,33 39,34,36 40,35,37 39,37,38 34,32,42 36,35,50 37,33,44 36,34,44 36,36,46 43,42,59 37,37,49 38,36,44 38,34,47 40,38,50 47,51,66 42,37,39 52,48,59 49,42,54 47,40,43 54,43,50 48,44,53 51,51,63 48,46,44 53,48,50 53,52,57
40,29,36 65,54,61 30,24,31 31,22,33 28,25,31 19,21,37 21,21,33 23,20,35 37,31,38 20,19,34 26,23,38 35,36,39 21,25,29 23,21,33 20,20,32 23,21,33 21,21,33 27,23,34 40,31,42 38,30,38 27,26,31 25,23,31 23,21,31 24,22,32 24,22,30 27,25,33 26,22,33 25,23,31 29,28,33 30,29,34 33,30,36 31,28,34 31,28,34 36,31,33 36,31,33 32,30,31 35,30,32 33,31,32 37,31,36 36,31,33 37,32,34 40,35,37 40,37,41 37,35,43 35,38,49 37,35,45 37,35,45 37,37,49 42,44,60 42,38,51 44,36,42 44,37,47 41,39,49 48,50,64 47,42,44 54,51,57 51,45,52 46,44,45 49,47,45 51,49,45 56,53,59 53,48,45 55,50,52 55,53,54
39,29,33 64,54,58 30,24,31 30,24,29 28,25,29 20,22,38 21,20,35 23,20,35 39,32,42 21,20,35 22,22,34 21,21,31 24,24,34 32,31,34 43,42,45 25,23,33 23,21,33 30,26,39 36,29,39 39,33,40 27,26,31 32,31,34 26,25,30 25,23,31 26,22,31 28,24,33 28,25,31 27,24,30 27,26,31 27,26,31 31,27,36 32,29,35 34,31,35 37,31,36 40,35,37 34,32,33 37,35,36 41,33,39 39,33,38 38,36,37 41,34,37 42,37,39 44,41,45 38,36,46 37,37,49 38,36,46 38,36,46 40,38,50 43,45,59 46,42,55 47,39,45 47,38,49 44,40,49 53,49,60 59,58,47 51,52,44 51,47,41 50,51,39 54,54,40 57,54,39 57,53,47 59,53,48 61,57,49 62,58,48
43,33,37 61,51,55 33,25,33 30,23,33 28,25,29 19,22,40 22,21,36 24,21,36 37,30,40 25,22,37 22,21,36 23,21,33 25,23,35 26,22,35 24,22,34 25,23,33 25,23,31 31,29,37 41,33,41 61,61,47 51,53,36 45,47,30 43,39,29 33,34,24 39,38,27 30,27,33 34,31,37 30,27,33 29,28,33 29,28,33 30,26,35 29,28,33 34,31,35 37,31,36 37,35,36 35,33,34 40,35,37 38,35,39 37,37,37 42,35,38 42,37,39 43,38,40 49,38,45 39,37,47 41,39,49 41,38,44 41,37,46 45,43,55 48,46,58 46,44,52 48,42,47 48,40,46 56,45,52 98,66,61 81,61,54 81,64,54 53,53,37 57,51,42 73,59,41 67,58,43 69,53,47 68,56,44 65,56,48 67,59,48
42,34,40 57,49,55 31,23,29 28,25,31 33,25,33 21,24,42 22,21,38 20,22,38 42,36,43 23,22,37 25,22,37 23,21,33 24,22,34 23,23,35 24,24,34 26,24,34 26,24,36 30,26,37 78,78,44 72,70,50 67,60,42 57,53,34 54,47,27 47,43,26 43,40,25 61,57,22 39,33,38 37,32,34 32,30,38 31,27,36 35,28,38 33,26,36 34,31,35 37,29,35 38,31,34 37,35,36 40,35,37 41,36,38 40,38,39 44,37,40 46,41,43 46,41,40 48,41,44 42,38,47 45,41,50 45,42,48 45,42,48 46,43,49 52,50,58 51,45,50 54,47,47 56,46,50 56,45,52 60,50,49 106,75,36 97,68,37 85,64,39 60,49,46 60,49,46 61,50,47 63,50,47 61,50,47 63,50,43 62,51,44
38,30,36 58,50,56 35,28,38 33,30,36 35,32,36 28,30,44 22,24,40 23,22,39 41,35,42 21,23,37 23,22,37 23,22,37 26,23,38 47,40,40 54,45,30 30,26,37 24,24,32 37,34,38 88,83,53 77,70,50 62,60,42 61,58,43 55,56,37 50,46,25 45,38,18 46,46,30 57,57,14 45,38,41 40,35,37 37,31,38 40,32,38 40,34,41 38,30,36 41,34,37 37,35,33 39,34,36 42,35,38 44,37,40 42,37,39 48,41,44 49,42,45 51,44,44 52,45,45 45,42,46 46,46,54 50,42,50 50,43,46 48,45,51 56,50,57 60,50,54 66,50,46 63,47,43 58,47,40 62,50,40 61,48,41 63,50,47 62,50,40 61,48,41 59,48,41 60,49,42 63,50,47 62,49,46 61,48,41 60,49,44
41,33,39 56,48,54 33,26,36 31,27,36 34,27,37 25,27,41 31,31,43 38,38,46 41,38,42 24,23,38 24,23,40 26,24,36 27,23,36 48,40,46 60,49,42 51,47,39 34,32,28 62,58,39 91,85,60 69,62,31 61,49,19 54,45,16 54,42,16 56,42,17 52,42,18 47,46,37 56,54,21 43,38,40 44,34,35 75,55,46 83,62,47 46,46,46 41,36,38 42,36,41 37,34,38 38,36,37 41,35,40 43,36,39 44,37,40 50,43,43 51,44,44 54,47,47 54,47,47 51,45,50 49,46,52 52,44,50 49,47,48 56,49,52 65,53,58 61,50,47 64,49,40 58,47,42 60,48,36 64,49,38 61,48,41 61,48,41 61,48,41 61,48,43 61,48,43 59,48,45 60,49,44 59,50,46 59,50,44 60,49,44
38,30,36 57,49,55 34,27,37 33,29,38 36,29,39 27,31,46 22,24,40 22,24,40 43,35,43 28,27,42 44,42,50 27,26,41 27,25,37 30,28,40 29,27,37 30,28,40 40,36,28 65,58,40 86,84,53 47,39,26 47,39,28 46,39,23 54,44,20 62,50,22 63,53,29 56,47,39 45,38,20 47,44,20 50,40,30 49,32,24 71,52,38 45,44,47 41,36,38 45,38,41 45,38,41 43,36,36 44,36,42 43,38,37 45,38,41 51,46,45 53,48,47 55,48,48 57,47,48 51,48,52 51,48,54 51,48,52 55,48,51 60,48,53 64,52,54 63,50,45 60,48,38 61,48,43 60,47,40 62,50,40 61,48,41 62,49,44 61,48,43 59,48,43 62,49,44 63,50,47 62,49,44 62,49,44 60,49,44 60,51,45
40,34,39 56,50,55 32,29,35 32,28,37 32,29,35 25,27,43 24,23,40 23,22,39 44,37,47 23,25,41 29,26,41 29,27,39 29,27,39 29,29,37 50,50,47 31,32,35 84,86,33 90,85,44 81,73,51 67,63,53 54,51,38 53,50,35 60,57,42 64,51,28 57,50,32 54,48,25 52,45,18 146,147,79 46,41,40 43,38,40 51,45,50 50,49,52 43,38,37 55,48,48 49,42,40 43,38,35 47,40,43 47,42,44 49,42,45 48,46,44 55,50,52 55,50,49 60,50,51 52,50,51 54,48,53 53,47,52 58,48,52 61,48,56 69,53,47 66,51,42 62,49,44 61,48,41 62,50,38 61,49,39 61,48,41 62,49,44 62,49,44 59,48,43 60,49,44 61,50,45 60,49,44 61,50,43 61,50,45 60,51,45
45,34,41 59,48,55 38,30,38 35,31,42 38,29,40 26,28,44 24,23,40 24,22,42 44,38,45 39,41,55 25,27,43 27,26,43 30,27,44 30,27,42 30,27,42 34,31,46 106,102,67 98,89,62 78,69,54 72,64,53 51,43,49 65,60,59 65,51,35 47,43,24 52,43,39 48,42,49 80,70,58 97,89,37 46,41,40 45,43,41 51,48,52 55,47,55 50,43,46 57,47,48 51,44,44 45,38,38 50,42,48 49,44,46 47,45,46 48,46,47 56,51,53 57,50,50 61,51,50 51,48,52 51,48,52 54,47,50 60,48,53 63,53,57 72,55,45 66,54,44 62,49,42 61,49,39 62,50,40 65,50,41 62,49,42 63,50,43 62,49,44 63,50,47 63,50,43 63,50,45 64,51,44 66,53,46 64,55,49 65,56,48
50,40,44 60,50,54 37,33,42 37,33,42 34,30,39 24,28,43 25,24,41 23,25,41 45,37,45 22,28,45 28,28,40 73,80,48 118,126,75 79,83,45 38,39,42 31,32,37 111,106,65 99,86,54 92,78,62 82,75,59 75,62,41 76,63,40 69,60,33 54,47,29 48,46,28 57,51,26 56,51,37 62,49,15 47,42,41 48,42,49 51,49,50 57,52,51 48,41,41 58,46,46 54,44,45 50,43,43 52,45,45 52,45,48 50,45,47 51,46,48 55,50,52 58,51,51 60,50,51 51,45,50 52,49,53 57,46,53 60,50,54 61,50,57 70,54,50 63,50,45 67,54,49 64,48,44 68,53,44 72,57,48 62,51,44 67,54,49 68,55,48 64,51,44 64,51,46 62,51,46 63,54,48 66,58,47 67,58,50 69,58,51
53,44,40 54,46,52 37,33,42 37,33,42 35,31,40 25,28,46 26,28,44 28,27,44 46,40,47 25,28,46 36,34,46 107,113,74 132,139,82 74,79,45 82,90,69 82,87,55 109,104,63 95,83,46 91,77,52 83,73,51 68,58,46 78,69,52 76,62,44 68,57,42 62,58,48 94,89,59 63,56,38 79,64,28 56,50,55 46,41,43 58,53,52 61,56,58 47,42,44 57,47,46 55,48,48 51,44,44 55,48,51 54,49,51 52,45,48 50,45,47 55,50,49 57,52,51 57,50,50 53,48,50 51,49,50 51,43,49 59,49,53 60,50,51 68,56,44 64,51,46 68,55,50 63,50,43 70,54,48 70,57,50 64,51,44 67,54,47 66,53,46 66,53,46 67,54,47 66,55,48 66,58,47 68,60,49 70,61,53 72,61,54
59,49,48 56,48,56 38,34,45 37,33,44 37,33,42 24,27,45 26,27,46 24,27,45 45,43,44 71,82,71 28,30,46 30,29,44 56,61,41 50,52,47 29,29,39 101,107,55 103,98,55 87,75,36 94,79,57 75,64,49 75,61,43 69,56,33 55,44,27 54,37,13 59,46,23 57,45,15 65,48,22 76,64,25 57,51,56 42,39,43 54,52,53 59,56,60 47,42,41 56,49,49 61,54,54 55,50,52 55,50,52 56,49,52 58,51,54 58,48,49 55,50,47 55,53,51 56,49,49 49,51,51 53,50,54 52,49,55 58,53,55 63,53,52 72,55,47 69,52,44 65,54,47 62,51,46 64,51,44 66,54,44 66,53,48 66,53,46 69,56,51 68,55,48 68,57,50 68,57,50 73,60,53 72,61,54 73,63,53 76,63,56
62,48,48 51,45,52 39,35,46 42,33,44 39,35,44 25,28,46 25,28,46 25,29,42 69,64,63 69,71,66 30,32,46 34,32,44 72,73,54 39,35,44 85,82,40 107,106,54 100,94,46 86,71,33 91,70,45 86,74,48 82,70,44 77,66,33 72,58,29 69,52,28 67,50,22 73,66,39 66,52,25 79,67,30 57,51,56 52,48,57 49,47,45 59,58,61 47,42,41 57,50,48 64,57,55 60,50,51 55,48,51 55,50,52 59,52,55 56,49,52 54,49,51 59,52,52 58,53,52 57,52,54 51,50,53 53,50,54 62,55,58 64,54,55 72,55,45 71,55,51 64,53,46 61,50,45 67,55,45 66,54,44 67,55,45 71,55,49 69,58,51 68,60,49 71,61,51 71,60,55 72,63,55 76,63,58 75,64,59 75,64,59
71,58,55 51,48,52 39,35,44 41,34,44 41,33,41 24,27,47 43,45,42 34,37,44 50,44,51 49,49,61 36,36,44 48,43,45 43,36,39 55,50,52 76,70,36 88,83,42 95,89,43 100,88,51 82,63,38 67,60,42 73,62,45 75,61,43 76,61,39 69,60,45 65,56,41 76,69,38 74,66,32 77,65,39 57,53,47 44,36,44 35,31,40 36,35,38 48,41,44 60,50,51 65,61,55 58,51,54 58,51,54 56,51,53 51,44,44 60,50,54 57,46,53 55,48,51 52,45,48 49,45,54 51,50,55 54,51,57 62,56,61 67,54,62 71,58,53 76,55,53 70,58,48 66,55,50 69,57,47 68,55,48 68,58,48 71,61,51 72,62,52 71,63,52 73,63,53 73,62,55 74,65,57 74,65,57 75,64,59 75,64,59
68,55,50 53,47,52 39,35,44 39,36,42 39,36,42 50,54,58 29,37,46 33,36,43 48,46,47 77,78,81 51,45,50 42,34,40 41,34,34 36,26,27 58,51,31 75,64,29 94,86,34 85,74,30 82,65,30 85,70,32 83,64,11 84,63,20 78,61,14 73,57,26 67,57,33 84,77,38 137,132,77 64,56,20 58,56,38 33,30,34 30,27,33 32,27,26 63,56,59 61,51,50 65,59,54 64,54,55 62,57,59 61,54,57 56,49,49 67,55,45 53,48,50 54,49,51 54,47,47 51,48,52 53,50,54 61,55,60 61,55,60 68,58,62 75,62,55 75,59,57 69,58,55 70,58,48 70,58,48 73,61,51 73,61,49 72,62,52 72,62,52 75,63,53 72,63,55 73,65,54 74,63,58 76,63,56 73,62,55 73,65,54
76,63,58 50,44,49 40,36,45 39,36,42 53,51,52 29,34,44 32,34,48 40,45,55 96,95,88 81,76,75 46,43,47 42,35,38 35,28,28 42,32,36 51,43,30 63,54,25 76,67,20 89,75,30 91,72,33 81,64,25 79,61,29 84,60,23 79,60,21 79,60,23 76,60,29 80,66,23 67,60,19 80,73,30 49,46,31 32,31,34 32,28,37 33,31,32 47,38,30 71,61,51 66,56,55 63,53,54 68,61,64 63,58,60 56,49,49 63,50,43 55,50,52 55,50,52 57,50,50 55,50,52 57,51,58 61,55,60 58,52,57 70,60,64 76,63,60 71,60,57 68,59,55 73,60,53 73,61,51 74,62,52 74,62,50 74,62,52 74,62,52 74,62,52 71,63,52 74,62,52 73,62,55 74,61,54 74,61,54 71,60,53
77,68,62 48,41,51 50,50,50 40,38,39 51,49,47 31,34,52 37,36,51 91,89,85 86,85,78 89,85,79 48,45,49 41,34,44 42,32,33 36,26,27 34,29,28 50,40,28 63,53,31 86,73,39 93,75,31 97,72,24 84,67,20 88,68,18 91,64,21 90,64,23 84,63,22 77,60,23 82,63,26 59,47,19 53,44,38 32,27,29 36,30,35 39,32,44 56,46,47 171,161,121 65,48,54 62,50,50 62,57,59 66,59,62 61,54,57 62,50,40 57,51,56 55,50,52 57,50,53 60,50,54 62,55,58 61,59,60 63,60,64 75,63,68 92,83,68 74,62,64 72,61,54 76,60,54 74,62,52 74,62,52 75,63,53 70,62,51 74,62,52 74,62,52 71,62,54 70,61,53 71,61,51 68,59,51 68,59,51 66,58,47
84,71,64 44,41,45 46,40,47 41,37,46 55,53,49 31,35,48 99,93,86 88,86,82 82,81,74 90,84,75 54,48,55 45,37,45 44,34,38 46,36,37 37,30,33 45,42,46 49,45,37 65,54,47 75,63,37 91,70,27 91,66,20 95,69,17 94,68,16 94,73,19 87,66,23 76,61,23 59,52,25 55,49,44 56,51,50 37,29,35 33,31,43 34,26,43 51,43,49 92,83,66 212,202,164 66,56,55 58,52,57 67,62,64 64,57,57 57,46,41 64,54,53 58,51,54 58,53,50 59,57,55 62,59,63 62,60,58 65,62,66 48,40,48 99,87,77 77,64,61 74,61,56 73,63,53 72,62,52 72,62,52 72,62,52 68,60,49 71,61,51 68,60,49 68,60,49 68,59,51 68,59,51 66,57,49 66,57,51 65,57,46
74,65,59 47,40,50 44,37,47 42,39,45 63,61,57 43,51,60 93,89,83 87,78,74 91,82,76 87,78,72 56,50,55 47,40,50 44,34,38 39,29,30 34,28,35 43,33,34 58,52,57 62,57,59 58,53,41 61,49,39 62,45,17 77,55,19 83,64,25 88,66,30 65,50,39 48,47,36 48,47,40 55,52,56 46,41,40 37,30,40 31,28,45 40,33,47 59,50,61 59,50,46 141,129,103 67,58,50 53,48,50 69,64,66 70,63,63 51,41,40 102,90,80 63,56,56 71,64,64 62,57,56 70,61,57 66,59,57 65,62,66 52,41,50 73,63,62 75,64,61 75,62,55 75,63,53 68,60,49 71,61,51 71,59,49 67,59,48 68,58,48 68,57,50 66,58,47 65,56,50 66,55,48 64,55,49 62,51,44 64,53,48
68,61,59 48,42,47 46,39,49 44,40,49 65,66,58 103,103,100 89,88,81 88,79,75 95,84,79 92,79,72 52,45,45 43,36,46 38,30,38 40,32,38 31,23,31 35,24,31 45,42,48 81,76,78 59,52,52 54,48,43 53,51,33 54,52,34 54,51,38 57,52,38 48,47,40 48,43,42 64,63,66 67,65,66 39,36,40 33,23,24 43,33,37 39,34,50 54,45,58 61,53,40 92,81,66 144,135,120 55,48,48 72,65,68 75,68,66 56,46,45 69,56,49 60,51,45 63,53,52 62,48,50 63,53,54 81,68,63 72,63,59 57,46,55 96,81,72 74,62,62 75,62,55 74,62,52 71,58,51 71,58,51 68,58,46 67,56,49 68,55,50 65,54,47 65,54,49 63,50,45 64,51,46 66,53,48 63,50,45 62,51,46
67,62,61 48,41,51 44,41,47 42,39,45 45,42,46 104,103,96 89,82,80 88,78,68 94,82,70 83,71,59 47,37,41 46,39,49 65,62,68 44,33,40 39,28,35 35,31,44 49,42,52 54,48,53 62,55,55 70,60,59 65,56,52 64,55,49 60,49,46 61,52,48 54,48,53 64,54,58 69,63,68 46,42,51 40,38,46 44,31,39 35,27,35 41,34,37 50,38,43 69,54,43 76,62,48 214,204,162 58,51,51 78,71,74 80,70,69 54,44,43 64,53,50 56,46,47 57,47,48 51,46,48 50,44,51 52,41,50 44,36,44 58,50,56 92,80,68 89,78,61 74,63,60 73,58,49 68,55,48 70,57,52 67,56,51 69,56,51 65,49,45 66,53,48 63,50,43 63,50,43 61,50,45 62,51,46 63,50,45 58,49,43
59,51,57 52,44,50 50,42,50 49,46,52 53,50,54 99,95,89 88,79,75 90,78,68 95,78,68 81,61,52 61,47,47 39,36,51 47,35,37 34,23,20 31,19,21 35,31,40 46,43,49 42,39,45 43,35,43 56,38,49 72,56,54 79,62,54 80,68,58 71,61,60 65,56,50 52,42,43 47,40,52 40,36,47 45,43,51 38,29,42 44,34,38 43,33,34 57,45,35 72,58,42 78,59,47 193,184,139 59,49,50 79,72,75 80,70,71 62,55,55 54,47,47 59,52,55 57,47,48 58,51,54 61,54,57 58,50,56 47,38,51 46,41,43 41,40,45 66,54,54 76,64,64 70,55,46 66,53,46 67,54,51 64,53,50 69,56,51 62,49,44 61,48,45 63,50,45 62,49,44 60,49,44 60,49,46 57,48,44 59,48,43
72,67,69 48,42,49 45,41,50 48,41,51 103,102,93 97,91,84 93,82,75 86,71,60 97,77,68 80,61,49 62,48,50 43,36,48 44,32,34 39,26,21 37,25,25 37,25,30 61,53,61 48,42,49 42,35,45 37,28,41 34,29,28 62,55,58 71,59,61 39,40,43 30,27,33 38,36,44 38,36,46 41,33,41 43,35,41 40,30,31 54,49,48 44,33,40 62,47,36 74,58,45 78,59,47 175,164,120 56,47,41 72,67,66 77,70,70 51,40,47 51,41,40 59,52,52 58,53,55 57,45,47 59,52,52 58,48,47 54,42,47 78,69,63 58,53,50 64,57,60 67,57,58 84,63,52 67,55,45 64,51,46 58,49,43 60,49,44 57,48,42 57,44,39 56,47,43 56,47,43 57,48,42 57,48,42 57,48,44 56,47,43
72,67,69 48,42,49 46,42,51 49,42,52 105,99,90 95,86,80 85,72,65 83,68,57 94,75,63 76,59,51 72,55,56 51,44,47 42,31,40 43,30,38 46,32,34 36,26,30 56,48,56 52,44,52 43,37,44 38,35,41 40,30,29 51,35,29 49,33,27 68,57,42 70,55,44 49,41,47 39,32,42 32,26,31 29,21,27 39,32,42 51,41,42 63,56,59 65,49,43 80,62,59 76,56,38 163,153,113 65,54,63 68,63,65 70,63,66 48,40,46 85,72,69 62,55,55 58,53,52 51,49,47 48,42,49 59,49,53 47,38,51 71,65,60 61,61,58 62,60,58 70,63,61 83,71,61 96,83,60 91,76,65 68,58,46 54,45,37 55,44,39 57,46,41 54,45,41 55,44,39 52,46,39 57,48,44 57,48,42 57,48,42
62,57,59 48,41,51 49,43,48 51,44,44 100,95,83 92,83,75 94,79,70 85,65,56 95,73,65 79,56,53 61,49,54 52,41,50 44,35,46 45,33,45 47,30,36 45,31,44 37,29,35 52,44,52 43,36,46 40,28,42 47,32,21 72,50,32 77,56,41 35,24,33 85,66,52 56,40,34 42,30,46 32,19,29 50,42,48 55,47,55 44,34,35 64,58,53 71,59,59 78,61,53 83,57,45 154,138,107 67,55,60 61,58,64 61,55,60 46,36,37 90,77,74 49,43,48 48,42,49 85,73,73 59,51,57 65,53,55 62,49,44 65,58,58 64,59,61 60,58,56 62,57,59 70,64,59 83,68,57 85,70,59 74,62,52 60,51,47 57,48,42 58,49,45 58,47,44 58,49,45 56,47,43 58,49,45 60,49,44 78,72,77
58,52,59 51,45,52 51,45,52 89,84,81 95,90,78 92,81,74 99,82,72 86,66,57 93,71,63 70,52,49 54,45,56 45,36,47 55,47,53 53,42,51 41,32,45 43,31,33 49,38,47 40,35,37 42,38,47 42,30,42 76,54,36 87,63,41 85,63,45 88,63,46 89,70,47 77,57,39 43,34,45 39,28,35 54,51,57 44,39,41 71,61,65 83,76,76 88,75,68 78,59,45 81,58,45 98,84,59 164,151,128 61,58,62 62,56,61 59,48,45 82,72,73 50,45,47 49,42,42 51,45,52 47,43,52 70,51,53 84,72,60 61,54,54 60,60,60 61,59,57 58,56,54 68,62,57 71,62,54 72,62,50 85,68,58 76,63,56 68,57,52 68,57,54 67,56,53 65,54,51 62,51,48 84,78,83 81,78,82 81,75,80
55,49,56 51,45,52 52,49,55 105,99,90 97,87,77 94,81,74 93,78,69 86,64,58 95,71,65 57,43,48 41,39,51 43,37,44 37,28,41 53,47,52 41,36,38 44,35,46 45,31,36 46,32,32 48,35,43 52,35,38 90,59,38 97,66,43 95,69,48 94,68,47 91,65,42 88,57,36 43,29,29 56,49,52 46,33,43 39,28,35 51,45,52 52,45,43 88,71,63 81,53,40 81,54,36 73,58,38 172,160,119 62,56,61 56,49,52 66,53,48 68,63,62 50,43,46 67,57,58 53,50,54 56,51,53 51,41,45 64,50,50 58,56,57 61,59,60 59,57,58 69,63,58 70,63,61 64,57,57 62,57,56 85,72,65 79,62,52 77,61,55 73,60,55 71,60,57 66,57,53 65,54,51 85,79,84 83,81,82 80,78,79
55,48,58 53,46,56 94,92,90 96,88,77 98,83,72 93,78,69 93,77,64 83,61,53 93,69,63 47,40,52 43,41,53 46,43,49 44,33,42 45,32,27 77,54,41 90,65,48 92,67,48 92,66,45 95,64,43 92,62,36 95,66,46 97,66,47 93,63,46 86,59,41 91,65,44 87,58,38 86,60,46 85,60,43 84,58,44 79,59,41 90,77,54 59,48,43 57,36,36 83,52,40 81,49,33 69,49,31 138,124,97 118,109,90 48,42,47 51,40,33 54,42,42 59,47,52 54,48,53 48,45,49 53,47,52 63,46,47 126,104,84 55,53,54 58,56,57 58,56,57 76,70,65 62,55,53 58,55,59 52,53,58 82,71,66 83,66,56 79,64,53 76,60,54 72,61,58 63,54,50 63,54,50 85,80,82 82,79,83 80,78,79
52,49,55 49,46,52 101,95,90 92,82,70 97,85,73 88,71,63 91,70,59 82,60,52 93,69,63 64,54,55 90,78,68 94,79,59 97,78,62 100,79,64 97,72,53 99,72,56 102,77,60 106,79,63 96,74,56 95,73,53 91,66,47 90,72,53 88,68,50 88,68,48 84,62,44 82,60,42 86,61,42 82,59,44 80,64,51 87,71,58 130,113,87 104,94,72 58,37,35 78,45,34 80,51,29 72,45,27 84,69,49 125,116,85 51,46,48 68,55,48 68,54,38 73,60,53 55,48,48 49,42,52 48,41,51 61,47,52 139,118,95 54,53,56 57,52,54 62,57,59 76,65,60 61,55,60 52,49,55 54,51,55 83,70,65 84,69,58 79,64,53 76,61,52 71,58,55 66,55,52 62,51,48 66,59,57 86,83,87 82,76,81
53,47,54 58,53,55 83,77,70 87,77,67 98,84,70 87,67,58 91,70,57 80,58,52 86,65,63 74,62,64 102,87,76 99,83,68 103,85,66 103,84,68 106,86,68 105,84,71 109,90,76 98,76,58 96,76,56 90,70,52 90,69,54 95,74,61 89,71,50 86,64,46 83,63,45 81,60,45 78,63,43 85,65,56 84,69,60 93,79,61 143,127,96 89,78,63 53,30,27 74,43,24 77,46,25 74,42,26 65,42,29 91,80,61 59,53,46 66,55,48 65,54,47 45,38,38 52,45,48 57,51,58 59,51,57 55,40,48 82,68,50 53,50,54 58,56,57 60,57,61 73,64,60 56,50,55 53,49,58 56,53,59 83,70,65 87,71,58 80,65,54 71,58,53 67,56,53 64,53,50 67,55,55 67,57,56 89,86,90 93,87,92
54,47,50 91,85,80 80,69,62 89,74,65 93,77,62 86,69,61 85,65,58 74,56,53 83,66,67 73,63,67 102,87,76 101,85,68 102,83,67 105,84,69 108,88,68 102,86,69 109,85,63 107,78,58 107,78,56 103,74,52 100,74,62 92,67,50 93,68,51 94,70,48 87,63,41 78,56,36 82,55,37 76,55,42 83,69,55 110,95,75 133,116,88 81,72,57 54,30,22 73,41,25 80,44,26 71,40,21 66,40,26 70,54,41 89,79,67 66,57,53 80,65,56 45,32,27 47,37,41 51,44,54 52,40,54 59,45,50 119,104,84 51,50,53 54,51,55 59,58,63 72,63,59 61,55,60 56,52,61 56,52,61 87,71,65 85,70,61 76,60,54 70,57,52 64,53,50 64,55,51 65,54,51 60,51,47 61,50,47 62,55,53
85,74,71 82,71,64 82,68,54 88,67,54 91,70,55 81,63,58 78,60,55 69,52,58 73,59,61 70,63,63 94,82,70 100,83,73 99,85,67 100,84,71 111,89,71 119,96,81 111,81,64 113,82,63 113,79,59 101,69,53 99,68,49 96,65,46 98,67,46 92,61,40 89,60,40 88,57,36 82,53,33 79,56,43 92,72,63 102,87,67 123,106,78 72,62,50 54,30,24 69,37,23 82,50,36 73,39,21 73,41,25 65,42,31 69,53,47 44,34,38 63,47,41 112,83,61 52,38,38 45,40,56 49,42,56 40,36,49 61,45,39 54,51,57 61,55,60 63,57,62 72,63,59 63,58,57 59,55,64 60,54,61 84,70,54 71,60,57 72,56,54 71,58,55 64,54,53 64,55,49 63,54,50 60,51,47 58,51,51 59,52,52