33,37,50 33,38,48 50,53,71 54,57,77 57,63,82 60,66,85 63,71,91 65,75,95 64,76,98 66,78,102 63,75,99 52,60,78 51,61,79 49,62,81 57,65,83 48,54,73 50,60,80 55,65,85 57,67,87 57,67,87 57,67,87 57,67,87 59,67,87 61,71,91 55,65,85 68,77,100 59,71,95 60,72,94 61,67,86 52,59,73 50,54,69 51,57,74 98,115,148 94,111,144 63,75,97 80,89,112 85,98,124 65,78,106 68,77,90 82,88,105 49,52,61 33,37,41 33,36,43 35,35,43 44,35,31 43,36,39 87,95,115 89,97,117 84,97,125 102,116,139 77,79,93 49,52,70 52,59,73 75,82,96 82,90,108 73,81,101 75,82,94 72,90,116 95,111,147 96,119,144 110,123,149 117,119,135 34,39,45 34,34,42
32,36,49 33,37,50 36,40,55 34,41,55 34,41,55 40,47,61 40,46,63 42,50,66 45,53,69 46,54,72 50,58,76 52,60,78 51,61,79 49,62,81 46,54,72 48,54,73 52,62,82 55,65,85 56,66,86 57,67,87 57,67,87 55,64,87 59,67,87 61,71,91 58,64,85 110,119,130 90,93,104 60,73,90 59,65,84 52,59,73 49,53,68 51,57,74 96,113,146 92,109,142 63,75,97 80,89,112 85,98,124 73,86,114 70,79,92 83,89,106 53,56,65 33,37,41 33,36,43 36,36,44 52,38,38 49,42,40 83,91,111 91,97,118 84,92,122 99,110,137 66,72,89 46,52,69 52,59,73 75,82,96 82,90,108 73,81,101 76,83,95 105,118,148 100,118,158 94,117,151 92,108,148 83,90,104 34,37,44 32,32,40
32,36,49 34,38,51 36,40,53 42,46,61 47,51,66 50,56,73 53,59,80 51,61,81 54,64,84 55,64,87 50,59,82 50,60,76 49,59,75 45,51,68 50,58,74 54,64,84 54,64,84 55,65,85 55,65,85 55,65,85 56,66,86 57,65,85 58,68,88 61,69,85 51,49,61 44,44,54 44,40,51 48,48,58 59,62,80 50,57,71 49,53,68 51,57,74 93,110,143 88,105,136 63,75,97 79,88,111 85,98,124 82,93,120 79,76,93 155,114,96 63,54,48 43,38,37 40,37,41 53,42,39 114,69,25 91,61,35 89,88,105 118,109,124 107,114,139 104,110,138 67,72,82 45,53,69 54,61,75 71,78,92 82,90,108 70,78,98 78,85,99 77,80,89 88,98,118 91,104,130 92,105,133 72,82,100 32,37,43 32,32,40
32,36,49 34,38,51 34,38,51 34,38,53 32,39,51 36,43,55 39,46,60 40,46,63 43,49,66 45,53,69 50,58,74 47,53,70 43,49,66 48,54,71 50,60,76 50,60,78 51,61,81 54,64,84 52,62,82 52,62,82 54,64,84 57,65,83 109,112,130 96,96,108 46,44,54 79,77,89 81,84,95 58,61,70 43,43,55 133,132,149 52,52,64 57,57,69 91,104,132 89,102,130 64,77,96 79,88,111 84,97,123 73,85,109 86,79,89 255,211,61 77,69,56 51,40,37 44,39,41 63,46,38 192,122,23 124,80,0 107,90,80 255,205,108 88,86,96 97,104,127 56,66,84 46,52,69 55,59,74 70,74,89 80,86,103 71,77,96 74,82,102 77,85,105 72,82,102 68,76,96 63,71,87 53,56,74 32,35,42 31,31,39
32,36,49 34,38,51 34,41,53 33,40,54 34,41,53 38,45,59 39,46,60 43,49,66 44,50,67 45,51,68 45,51,68 41,47,64 48,54,71 52,58,77 53,59,80 51,61,77 52,60,78 52,60,78 51,61,81 52,62,82 54,64,84 54,62,80 105,104,119 63,59,70 41,37,46 48,46,56 69,67,77 53,51,59 47,40,50 126,124,134 79,69,73 81,61,73 105,103,115 95,103,123 68,76,94 78,87,110 81,92,119 79,89,109 66,73,87 86,89,98 54,47,50 36,29,29 31,30,33 40,36,30 61,43,24 59,43,28 70,67,71 80,76,89 75,81,98 74,82,100 49,57,73 45,52,66 53,57,72 64,68,83 73,79,96 64,70,89 66,74,92 73,81,99 78,84,101 75,81,98 73,79,96 59,63,76 30,34,38 29,29,37
32,36,49 34,38,51 38,42,57 36,43,57 37,44,56 39,46,60 41,47,64 43,49,66 43,49,66 40,47,61 40,46,63 47,53,70 51,57,74 51,57,74 51,57,74 53,59,76 53,59,80 50,60,76 51,61,81 51,61,81 52,62,82 83,85,101 78,76,84 34,31,37 33,29,40 37,34,40 53,47,54 62,55,58 61,54,57 72,66,71 60,59,62 90,74,68 126,104,96 99,97,98 70,73,91 75,82,105 74,86,110 72,82,100 65,72,86 75,82,96 37,33,42 24,21,27 23,21,29 26,23,27 39,28,21 39,26,19 46,42,53 73,77,92 79,85,104 79,85,104 49,57,75 44,51,65 48,55,69 59,66,80 54,57,75 50,54,69 45,51,68 41,48,62 35,39,54 32,35,46 29,32,41 35,35,45 29,32,39 28,28,36
34,38,51 36,40,53 39,43,58 37,44,58 39,46,58 40,47,61 41,47,64 40,46,63 36,43,55 38,45,59 46,52,69 46,52,69 48,54,71 51,57,74 48,54,71 51,57,74 52,58,75 52,58,75 50,60,76 50,60,78 54,60,79 71,70,87 47,43,52 26,23,29 28,25,31 45,41,50 47,40,43 64,53,46 88,76,66 64,51,44 49,44,43 192,129,9 159,103,11 100,89,70 64,70,89 68,75,100 63,75,99 63,73,91 61,67,84 66,75,88 34,37,46 35,35,45 33,36,45 31,31,41 31,30,33 37,37,45 55,61,78 47,54,68 45,52,64 44,51,63 43,49,66 44,51,65 46,55,68 51,58,72 41,45,60 38,42,55 35,38,49 36,39,50 34,37,44 32,32,40 32,32,40 32,37,45 29,32,39 24,24,32
33,40,54 34,41,55 36,43,57 38,45,59 39,46,60 39,46,60 38,45,57 32,39,53 38,45,59 41,47,64 48,51,69 48,51,69 48,51,69 46,52,69 47,53,70 50,56,73 52,58,75 55,59,74 46,48,62 42,45,56 51,49,59 52,50,60 70,66,75 26,22,31 27,24,30 48,45,49 57,45,47 59,49,39 77,61,46 70,58,48 65,49,32 146,105,6 116,73,38 74,68,75 63,66,84 83,75,41 115,88,0 134,101,8 138,104,4 154,114,19 64,52,26 38,35,41 32,32,40 30,30,40 29,29,37 27,30,39 48,52,67 48,52,67 48,52,67 45,49,64 52,56,71 52,59,73 55,62,76 60,64,79 34,41,53 35,37,51 36,36,44 34,34,44 31,31,39 31,31,39 32,30,38 32,32,40 30,31,36 28,29,34
35,39,52 38,42,55 36,38,52 37,44,56 39,46,58 33,40,54 31,38,50 38,45,59 40,47,61 41,48,62 41,48,62 47,51,64 51,52,71 47,50,68 54,57,75 59,57,77 87,85,97 55,53,65 57,55,63 46,44,52 44,43,48 26,22,31 30,23,26 27,24,30 30,24,31 43,36,34 58,47,40 71,56,45 73,61,49 56,40,34 49,36,31 143,95,23 155,119,18 41,44,53 65,53,16 103,78,5 127,92,9 139,102,8 154,117,7 167,123,11 176,126,12 187,131,19 56,44,5 30,28,38 30,26,35 23,26,35 44,51,65 49,49,61 46,50,65 45,49,64 46,50,65 40,47,61 42,46,61 46,50,63 33,36,45 34,33,38 34,32,33 31,30,35 30,30,38 32,30,38 29,29,37 40,50,70 43,37,42 28,28,36
36,36,44 43,43,51 35,38,49 36,36,48 31,38,52 31,38,50 38,45,57 40,47,61 40,47,61 40,47,61 38,42,55 44,46,60 52,50,60 48,48,56 49,52,61 57,57,67 45,43,51 58,56,64 46,42,51 48,44,53 68,67,72 29,27,35 24,21,27 56,53,57 27,20,23 53,37,24 75,55,35 76,60,45 76,56,38 60,41,25 58,42,27 43,32,15 143,108,27 31,20,3 73,52,11 90,67,9 95,72,14 116,84,9 124,89,4 153,108,5 177,128,8 175,128,0 181,138,11 104,73,34 73,66,66 56,54,52 42,37,34 64,62,74 63,59,70 44,40,49 53,46,58 39,42,49 51,47,56 45,43,53 75,69,76 53,43,47 46,37,33 57,46,43 40,31,27 30,29,32 30,28,36 80,83,103 65,59,64 38,34,43
36,36,44 37,37,47 35,39,52 38,42,57 32,38,55 36,43,55 39,46,58 39,46,60 39,46,60 39,46,60 45,49,64 45,49,64 51,51,61 110,110,120 74,72,82 45,43,53 103,101,111 54,52,62 44,44,54 64,64,72 64,62,72 35,31,40 17,13,24 26,24,25 34,27,27 62,46,42 80,51,29 57,35,15 108,61,27 80,49,26 74,49,32 39,29,28 150,108,16 56,28,1 82,55,10 73,50,8 76,57,4 88,67,13 123,87,9 120,83,12 112,73,14 117,70,9 208,147,15 199,147,7 106,85,72 60,50,49 44,35,31 54,43,52 54,46,54 46,40,47 47,39,45 43,37,44 46,43,49 57,46,53 35,30,29 44,33,30 44,38,33 65,53,53 34,28,23 49,47,48 59,49,53 62,50,55 31,24,27 37,32,34
34,37,46 35,40,50 35,39,54 35,39,52 36,43,55 36,43,55 36,43,55 39,43,58 38,45,59 39,46,60 41,48,62 45,49,64 147,146,163 96,95,110 62,60,70 88,86,96 41,39,49 71,69,79 98,98,108 76,76,86 79,75,86 52,50,58 16,12,25 17,13,24 23,21,19 56,47,41 82,69,46 73,58,38 96,50,24 81,43,26 46,41,43 33,28,30 101,68,0 119,82,11 83,57,3 61,43,11 73,51,2 95,71,7 121,88,11 101,74,11 82,55,0 142,112,16 116,81,16 189,131,9 211,154,12 202,151,4 55,36,24 44,37,40 50,44,49 43,37,42 58,41,42 44,34,35 51,53,53 40,38,39 38,24,24 49,37,27 27,25,26 43,36,34 42,33,29 47,38,34 46,36,35 57,48,44 61,41,23 58,43,32
32,41,52 31,40,51 30,37,51 38,42,55 38,45,57 42,46,61 45,49,64 45,49,64 48,52,67 46,53,67 48,55,69 145,142,159 63,54,69 50,43,43 56,51,48 42,40,41 80,79,82 66,64,72 55,47,55 66,55,52 38,36,37 41,41,41 20,17,21 18,14,25 44,43,36 63,62,51 73,61,49 80,69,52 83,70,49 82,70,60 41,36,38 14,12,13 49,30,5 65,47,5 72,48,11 103,69,8 132,85,4 135,88,7 130,82,10 117,66,0 141,97,26 126,87,14 43,29,13 101,67,6 186,137,17 152,106,22 142,105,24 52,40,28 47,45,46 50,38,43 61,45,43 48,37,34 31,25,20 45,30,21 62,43,29 33,28,25 36,26,25 42,33,27 36,25,18 36,21,12 32,23,15 41,30,25 56,40,23 57,41,28
32,36,49 31,35,48 37,44,56 43,50,64 44,51,63 47,51,64 46,50,63 47,52,62 48,53,63 48,52,65 93,95,111 31,29,37 60,47,44 32,26,31 23,20,26 21,18,22 21,18,22 23,22,25 45,43,44 144,113,74 134,104,76 53,43,33 61,55,46 25,19,24 63,58,55 44,34,24 64,60,52 58,43,32 71,59,47 51,42,36 18,13,12 12,10,11 21,18,22 36,29,11 74,52,16 115,75,9 147,94,10 166,107,12 177,120,10 154,101,6 167,108,15 175,117,12 106,68,4 143,95,11 166,122,22 111,74,5 118,81,10 129,88,16 50,46,38 46,36,35 48,35,32 32,30,28 61,41,32 83,49,29 60,39,24 51,42,38 41,34,34 33,24,16 33,24,16 68,45,30 90,53,27 53,30,19 40,27,22 42,34,23
31,36,46 31,36,46 40,45,55 44,47,58 44,47,58 45,44,59 52,51,66 35,35,45 52,52,62 44,46,60 52,52,64 31,29,27 23,22,25 22,21,24 21,18,22 21,18,22 28,25,31 119,118,123 107,106,111 62,58,67 54,50,61 70,61,57 76,64,52 40,33,31 59,58,49 52,51,42 63,57,50 60,48,38 62,56,47 46,42,36 12,12,9 16,15,8 20,16,6 26,22,12 66,47,24 100,69,7 147,98,8 173,112,10 186,122,7 194,134,13 191,132,17 171,117,11 131,92,10 141,99,9 153,105,10 192,133,18 207,151,17 179,133,26 49,41,30 40,29,26 48,35,30 27,26,29 50,38,26 93,57,35 64,38,24 53,40,33 41,34,32 54,43,38 32,23,15 50,34,19 75,45,19 34,23,18 29,22,20 71,48,33
34,34,46 50,50,62 73,73,83 74,72,82 98,98,106 86,84,92 86,84,92 79,77,87 93,91,101 95,93,103 46,40,45 29,24,26 21,18,22 19,18,23 19,16,20 20,17,23 20,17,23 47,43,52 39,35,44 51,47,56 72,68,77 69,67,75 68,57,54 50,37,30 37,31,36 55,54,47 63,57,48 68,62,53 38,32,27 26,21,20 19,20,10 27,22,8 31,23,10 35,28,10 55,37,18 96,66,8 147,98,10 170,113,10 185,124,6 199,133,12 225,159,38 134,92,2 138,87,20 150,96,19 145,96,4 213,151,41 230,164,38 207,160,58 47,38,30 44,34,33 47,36,29 54,44,32 80,51,20 90,61,30 54,43,26 42,41,32 37,28,24 56,47,41 58,43,32 80,55,38 88,63,44 65,49,34 53,41,43 123,118,134
128,128,140 130,130,142 95,95,105 91,87,100 44,42,52 30,28,36 82,80,88 55,53,63 61,59,69 41,39,47 44,41,45 12,11,14 16,16,16 17,14,18 17,14,18 18,15,21 17,14,18 44,41,47 63,60,64 40,34,39 71,65,70 74,68,73 64,59,56 55,48,48 44,34,38 31,24,27 54,43,36 33,27,22 63,58,55 14,12,10 25,26,14 36,32,13 45,34,15 46,36,14 56,42,17 93,63,5 146,97,5 164,109,8 182,123,6 197,134,12 207,147,26 141,94,5 110,75,10 66,41,13 51,31,11 129,87,24 196,132,15 180,146,42 43,39,31 45,35,36 47,35,35 48,38,26 75,46,22 80,52,25 75,56,17 44,40,32 38,36,34 59,49,50 49,36,29 65,47,26 66,59,59 67,63,74 59,57,65 52,52,60
117,115,123 132,130,140 67,65,75 58,56,68 60,60,72 53,56,67 28,28,38 74,72,80 50,48,56 24,22,30 33,31,32 11,11,11 11,11,8 16,16,13 16,14,12 16,14,15 16,14,15 21,19,20 34,28,33 63,56,59 69,63,68 78,72,77 72,60,60 61,50,47 53,41,43 52,42,46 33,28,16 32,27,26 12,10,8 16,14,10 37,35,15 52,46,21 64,52,26 64,51,19 66,48,16 90,61,10 139,90,9 161,109,9 178,121,9 195,132,12 189,133,21 165,111,5 177,120,13 171,120,11 168,118,15 106,63,0 104,64,0 220,152,20 39,39,36 33,30,34 39,34,33 44,38,29 61,52,25 96,86,87 61,47,33 43,39,31 36,35,40 55,43,33 43,31,36 64,48,33 151,148,165 131,129,139 54,51,57 60,49,56
74,72,80 38,36,44 40,38,48 54,52,60 83,81,93 64,67,78 55,58,69 38,39,44 25,25,33 11,11,19 33,32,35 11,11,11 11,11,8 13,13,10 16,14,12 16,14,12 17,15,13 16,14,12 30,24,29 48,41,44 67,61,66 82,76,81 73,63,64 65,56,52 62,48,48 75,64,71 73,66,64 13,11,12 11,10,13 15,15,10 37,35,17 54,47,20 64,53,20 74,60,17 82,66,12 96,67,4 134,87,6 161,110,14 180,123,11 192,132,9 151,101,0 162,112,9 178,124,20 190,136,13 217,153,17 233,165,22 227,164,21 212,153,23 40,35,34 32,29,35 46,41,40 108,101,113 71,69,79 55,53,61 60,58,68 37,33,44 38,34,43 39,35,46 55,55,65 76,69,81 104,100,109 78,73,75 67,55,55 86,64,44
27,25,33 29,27,35 36,34,44 47,45,53 54,48,53 57,49,55 56,57,60 52,49,53 26,25,30 10,10,18 11,11,23 11,11,11 11,11,8 10,10,7 16,14,12 16,14,12 17,15,13 17,15,16 34,28,33 34,26,32 53,47,52 67,61,66 68,61,61 68,57,54 62,48,48 72,61,68 49,53,57 11,8,12 12,9,13 18,17,8 34,30,11 51,38,15 62,48,19 74,59,19 95,72,14 115,76,5 135,88,7 158,111,9 182,126,8 180,120,9 151,103,4 162,112,9 165,119,12 180,127,14 208,150,28 243,177,24 231,170,18 205,148,17 45,37,43 44,37,37 46,45,38 99,95,106 62,58,67 65,63,71 51,49,59 58,61,70 57,57,67 67,70,79 81,81,91 83,82,97 56,50,57 56,50,55 69,58,55 99,68,49
23,20,26 26,23,29 33,29,38 48,44,53 52,43,39 77,61,59 86,71,51 102,81,68 49,42,42 11,11,21 13,11,31 41,38,42 30,28,29 13,12,17 41,40,45 14,12,10 16,14,10 16,14,12 18,13,15 35,29,36 54,51,55 61,58,62 64,54,55 59,45,45 67,55,57 35,27,33 63,59,68 11,11,11 11,11,6 21,17,11 33,29,12 43,33,9 58,44,19 77,58,23 98,69,16 133,94,10 150,104,4 159,114,9 167,122,8 128,85,11 169,120,10 158,108,5 150,105,16 131,84,3 132,82,22 148,95,29 191,127,31 207,145,16 61,47,29 62,46,31 57,45,47 56,52,63 122,120,132 96,94,106 65,63,71 79,77,87 102,102,114 91,91,103 65,65,77 65,65,77 70,66,77 65,59,64 100,65,38 72,51,40
25,21,30 26,22,31 33,30,36 54,46,52 63,51,39 80,64,51 132,100,66 188,143,97 99,86,79 23,20,24 17,15,25 51,49,47 54,52,48 48,46,47 37,35,36 30,27,31 18,16,17 16,14,12 35,30,29 21,18,24 20,18,26 25,24,29 42,44,58 52,48,59 32,30,38 79,80,85 20,14,19 13,11,12 12,10,8 19,18,11 33,29,12 43,32,13 52,37,15 70,50,18 106,79,16 142,99,12 172,123,5 168,118,6 151,105,5 111,68,8 192,125,6 151,97,9 89,49,13 125,93,61 73,37,4 162,115,52 110,65,19 138,103,76 61,48,41 52,43,39 51,48,52 85,78,90 129,127,137 78,76,86 51,50,55 51,45,52 53,51,61 59,57,67 60,56,65 54,51,57 48,41,39 50,39,36 76,62,48 179,135,107
71,70,75 32,29,35 37,32,34 51,40,35 71,55,40 99,75,49 177,135,93 252,193,120 141,122,99 30,28,40 31,28,32 46,41,38 66,60,55 62,56,49 63,55,44 64,59,47 70,62,51 73,65,54 32,27,26 30,24,31 22,21,26 25,21,30 56,47,43 116,87,56 70,56,38 51,41,42 65,52,31 44,36,12 13,16,8 18,19,11 30,25,13 47,34,11 52,37,15 53,40,8 93,70,12 137,99,12 169,123,12 166,122,10 136,95,9 145,100,7 188,122,18 39,19,0 21,16,15 20,18,19 21,14,17 34,28,23 138,73,18 42,27,16 47,43,54 94,91,106 42,35,49 101,94,104 74,70,79 44,44,44 52,46,39 62,52,40 51,50,53 48,44,53 57,50,53 73,59,43 77,67,45 68,57,40 116,87,56 129,94,69
28,22,29 35,27,33 49,39,40 54,41,34 82,63,47 109,84,56 167,123,81 234,174,106 132,115,91 27,24,39 44,37,37 54,50,42 62,56,49 65,56,48 67,59,48 55,49,42 26,20,15 42,36,31 29,25,19 33,26,24 32,27,26 36,29,32 109,84,65 211,165,108 69,55,39 28,21,21 47,34,27 81,59,14 35,32,17 17,18,10 27,23,13 41,30,11 50,36,11 52,38,11 81,59,21 120,83,10 157,114,11 155,115,11 126,89,8 145,100,9 155,107,10 158,105,8 131,101,45 136,112,77 28,15,12 24,13,10 185,127,5 46,36,35 60,51,43 48,41,53 31,27,38 55,51,60 51,48,52 61,56,55 61,51,41 75,62,39 60,57,63 47,41,46 58,47,40 119,90,68 145,110,72 94,69,50 122,90,58 164,124,88
29,24,21 38,29,25 71,64,67 53,32,17 90,52,35 94,57,33 84,55,22 140,87,32 67,50,40 17,15,25 31,28,32 35,28,28 25,20,17 34,30,24 27,22,19 18,13,15 16,14,15 16,14,15 33,31,32 29,22,20 39,30,26 83,62,47 96,67,47 51,35,29 21,16,13 24,24,21 56,54,55 57,48,44 86,67,53 36,24,12 18,21,11 35,28,12 49,36,13 52,38,11 62,46,15 99,68,4 147,100,9 141,101,6 119,84,3 124,88,10 135,92,7 144,102,8 155,108,15 194,133,49 196,143,79 117,72,24 179,118,37 25,15,14 64,54,42 40,30,31 59,50,42 55,43,33 59,48,29 61,48,27 54,45,39 65,50,28 59,50,44 48,41,39 72,57,48 154,111,76 210,167,109 120,88,56 90,66,42 142,108,74
30,25,27 30,25,27 45,36,32 65,48,38 94,67,51 116,67,29 109,51,25 122,60,22 123,67,43 19,17,29 28,23,22 13,11,12 12,10,8 14,9,11 16,13,17 16,13,17 14,11,15 49,43,48 34,32,33 33,27,32 34,27,27 101,87,69 90,70,52 24,17,15 25,20,22 59,48,45 85,74,55 69,62,65 70,70,80 112,109,115 31,28,32 29,25,15 44,36,14 53,39,12 56,43,11 72,51,8 120,86,14 135,98,17 107,77,10 113,78,11 119,85,15 133,95,19 147,106,20 150,114,11 191,127,31 204,135,36 217,147,44 59,42,32 160,115,69 68,66,67 42,36,27 52,42,32 52,41,26 62,50,24 43,34,28 43,34,19 42,33,27 53,42,37 75,64,49 97,76,49 137,102,75 99,74,46 70,54,39 89,75,59
32,26,31 29,22,25 45,36,30 78,64,46 105,80,63 86,66,46 116,92,66 95,58,32 64,41,26 45,36,47 50,41,35 13,12,15 10,10,10 21,18,22 16,10,15 13,10,14 38,31,29 66,50,35 79,60,37 75,56,33 40,27,24 29,20,16 59,43,28 18,13,10 36,26,25 64,49,38 100,79,52 73,58,49 75,64,47 68,57,42 62,50,50 110,104,109 40,33,17 50,36,18 58,41,13 60,44,11 91,67,12 119,85,11 121,83,17 107,81,13 100,73,10 111,84,21 133,95,19 142,109,14 156,116,12 157,121,18 139,109,51 83,59,37 71,57,43 24,17,20 28,23,22 50,39,34 38,26,28 42,32,31 39,30,26 39,35,29 43,37,32 55,45,35 67,56,41 76,57,45 78,62,45 59,47,35 57,40,32 113,76,50
11,10,15 14,10,21 52,45,43 45,33,23 65,55,45 76,52,30 78,67,50 67,52,32 93,74,51 45,39,34 40,34,25 11,10,13 12,12,12 17,17,17 18,12,17 28,23,20 81,57,33 123,91,47 146,109,56 151,111,57 133,97,50 87,63,26 48,27,12 49,40,32 78,62,47 108,83,53 86,67,51 185,141,99 175,126,77 144,103,58 90,69,46 64,50,32 66,55,62 43,31,36 48,35,14 51,37,10 63,44,7 106,74,17 125,87,9 134,92,9 143,103,10 142,102,9 136,98,11 137,101,13 140,105,12 149,114,17 17,16,21 51,43,32 19,14,13 84,80,89 49,45,54 28,21,24 55,48,46 62,57,54 24,15,11 24,15,9 71,61,49 87,73,55 97,77,57 116,83,58 77,57,37 56,41,30 44,37,37 28,18,22
53,52,55 16,15,20 62,58,52 57,51,46 66,53,48 68,54,40 67,58,43 76,57,43 70,64,55 36,29,29 27,24,28 21,15,22 32,27,26 17,15,16 42,40,41 54,39,28 110,77,40 145,104,57 172,124,66 188,135,67 171,124,63 136,99,46 72,48,24 42,31,12 103,81,61 83,63,43 116,91,72 143,104,65 236,176,106 255,207,135 239,187,114 153,118,80 74,55,43 61,49,54 45,33,35 43,34,7 49,37,9 67,51,9 106,76,9 136,99,7 167,123,13 188,137,13 194,141,6 184,132,11 197,142,3 107,77,33 20,13,13 18,13,12 24,24,24 110,108,116 52,48,59 25,20,22 57,51,46 63,57,50 59,45,27 33,24,18 49,43,38 50,45,42 55,49,54 52,50,51 52,39,34 56,42,42 103,102,107 67,65,73
48,42,37 58,52,47 65,61,55 60,59,50 50,44,37 57,53,45 58,41,33 72,64,53 49,49,59 23,26,35 26,25,30 16,14,22 39,39,36 21,16,18 43,34,28 76,57,34 123,91,47 151,111,57 174,128,62 197,143,68 194,143,67 180,136,69 131,95,48 57,38,22 45,34,17 120,91,67 87,63,37 112,79,52 140,102,67 128,90,55 161,123,88 162,125,81 132,92,56 108,82,43 56,40,36 46,41,38 33,30,15 43,33,11 59,43,12 104,77,12 149,109,14 175,130,14 194,144,13 201,150,10 190,144,44 111,72,31 21,14,14 40,34,39 17,16,21 45,43,51 116,114,122 93,88,90 80,74,67 70,65,51 43,36,34 46,33,26 54,40,26 64,49,38 51,39,39 36,23,18 37,27,17 62,50,40 71,59,64 75,72,78
80,65,45 83,65,44 55,46,29 59,47,37 61,55,50 61,55,50 67,58,52 43,42,47 35,40,50 26,24,32 31,28,34 22,21,24 40,40,37 21,19,20 43,34,28 83,63,33 130,94,47 154,113,54 178,129,62 193,134,59 212,151,70 205,144,63 187,131,53 149,109,55 57,38,22 80,69,52 68,57,42 85,67,48 88,70,49 102,77,49 117,89,60 113,85,58 119,82,58 140,103,63 115,83,51 50,41,37 67,64,68 23,24,16 33,28,16 46,37,18 95,77,15 123,97,15 135,103,17 140,110,14 97,55,17 118,86,31 21,14,14 37,31,36 37,35,36 50,46,36 58,54,46 65,63,71 65,58,70 101,96,112 67,64,68 78,72,77 28,20,26 39,34,36 70,57,54 56,44,34 46,36,35 47,40,43 47,41,48 62,58,67
98,74,52 127,103,79 55,40,29 55,42,39 43,39,29 38,34,43 56,54,52 56,49,47 27,25,23 29,23,28 23,16,28 23,21,29 31,30,33 23,18,17 51,41,31 89,65,32 134,98,51 153,112,53 198,146,73 207,148,71 214,154,70 222,162,78 215,155,71 192,136,60 98,64,32 74,46,17 60,40,20 61,42,30 75,61,47 76,61,50 80,64,51 80,65,45 97,80,56 99,78,51 138,104,74 140,105,67 51,39,41 51,45,36 93,75,45 152,110,2 172,137,0 117,87,0 169,124,62 92,58,28 102,62,28 147,107,53 29,23,18 50,45,33 74,63,48 71,60,45 71,59,47 79,72,82 62,66,79 69,69,79 81,79,89 67,65,75 56,49,52 47,38,30 50,43,46 51,42,38 42,35,38 46,41,43 58,55,61 63,59,68
108,98,88 74,63,56 52,39,32 42,36,31 50,34,28 32,26,33 36,38,38 59,49,48 32,30,26 26,23,27 53,49,58 27,24,30 19,17,18 28,21,19 53,41,29 91,69,35 131,98,50 171,128,72 198,141,70 214,156,76 216,155,74 219,158,77 211,150,66 212,151,72 195,152,92 84,49,22 93,52,21 95,56,26 72,48,24 55,36,20 59,44,35 68,59,44 76,62,46 87,66,51 79,64,44 69,55,30 107,85,65 53,41,31 64,61,76 30,23,23 23,15,21 26,20,15 162,116,61 92,58,26 108,69,37 187,136,67 70,55,46 52,45,29 73,60,37 62,53,36 64,53,46 92,88,97 91,91,101 60,60,70 54,50,59 53,49,60 68,64,73 60,51,43 63,58,57 59,49,53 47,38,49 54,48,53 90,86,95 82,79,85
71,58,68 61,48,56 46,35,32 41,34,34 61,52,48 40,31,27 36,36,44 59,49,39 34,32,30 16,16,16 34,32,33 25,22,26 21,19,17 30,24,19 59,48,33 93,69,34 133,97,48 171,125,66 203,147,73 209,149,65 203,142,58 214,154,70 211,150,64 218,157,71 218,163,82 85,56,25 102,59,26 98,55,22 96,60,27 90,54,21 78,48,22 57,33,11 55,46,29 29,23,30 54,53,44 68,58,46 39,28,21 49,38,23 102,83,56 85,79,74 22,15,13 29,19,18 178,127,60 86,52,22 89,55,25 215,157,75 53,43,31 39,34,36 63,54,25 59,49,37 42,39,43 62,60,68 64,62,72 57,50,50 64,57,57 56,50,45 59,55,66 34,31,35 45,38,36 68,58,57 79,47,44 117,102,82 78,71,83 76,69,81
77,64,59 70,57,52 57,44,37 46,35,30 30,27,33 36,29,29 34,27,41 56,46,45 37,32,29 18,16,17 36,35,38 68,67,70 24,22,18 38,29,23 67,53,28 99,70,37 142,105,50 183,133,71 200,144,68 218,153,73 244,180,95 237,173,88 222,161,77 224,163,79 209,151,71 82,48,14 103,64,32 105,62,29 97,52,17 102,62,26 96,57,29 59,33,10 57,31,6 58,50,37 43,46,57 46,37,31 36,27,19 64,59,47 74,63,48 22,17,14 25,20,19 22,17,16 191,154,110 93,60,23 83,54,32 60,59,48 53,51,52 52,51,54 40,35,37 37,31,38 37,33,42 54,47,57 54,42,44 73,60,53 79,63,48 84,67,59 60,51,47 48,43,42 20,15,17 23,21,19 55,44,41 98,83,61 61,46,35 58,46,46
85,74,59 114,103,88 69,56,49 46,35,32 37,33,42 36,29,39 24,15,26 42,40,38 49,42,42 25,23,24 19,18,21 19,19,19 23,21,19 44,33,26 72,55,29 104,75,40 149,110,51 187,138,71 213,154,79 230,169,90 224,163,79 231,170,84 221,161,77 207,148,71 176,130,64 84,50,18 98,57,26 100,57,24 101,58,25 101,58,25 97,56,27 67,38,14 66,37,15 66,42,16 150,102,55 92,73,38 57,45,33 56,50,45 22,17,16 15,10,12 14,12,10 21,14,14 183,128,58 89,55,23 34,26,32 30,25,27 33,31,27 123,114,95 34,31,35 34,30,39 30,28,36 52,43,54 58,47,42 85,69,54 138,104,70 140,106,65 75,63,53 44,35,29 19,16,20 17,14,18 21,16,13 63,51,39 164,120,80 79,64,42