24,22,30 24,22,30 24,22,30 23,21,29 25,23,31 29,27,35 27,26,31 30,29,32 23,22,25 15,14,17 24,23,26 34,34,44 39,38,53 43,42,57 43,42,57 28,28,40 36,35,50 36,36,48 41,41,53 86,89,109 56,55,72 36,36,48 30,30,40 31,31,43 32,32,44 34,34,44 42,41,56 50,52,68 57,60,78 53,56,74 60,63,81 64,73,98 114,136,208 58,54,78 79,41,43 79,51,49 47,26,24 69,42,35 137,75,73 130,71,66 126,69,66 104,55,56 101,59,62 87,52,53 157,81,59 69,65,130 84,87,123 62,54,89 51,52,75 55,68,98 104,118,207 67,70,117 49,59,79 65,61,83 55,52,67 51,47,60 47,43,54 49,45,56 52,49,55 58,54,63 54,52,64 61,58,73 59,55,68 67,64,70
24,22,30 23,21,29 19,17,25 30,28,36 29,27,35 29,27,35 29,28,33 27,26,29 27,26,29 25,24,27 26,25,28 34,34,44 42,41,56 45,44,61 44,43,58 37,37,49 39,38,53 39,38,53 50,50,62 85,88,110 49,48,63 41,41,53 37,37,49 38,38,50 39,39,51 38,38,48 42,41,56 53,55,71 57,60,78 54,57,75 59,62,80 64,73,98 121,127,169 74,53,68 73,43,42 56,33,32 62,34,32 139,82,81 162,85,81 150,84,79 133,72,67 114,64,60 102,61,61 91,56,57 125,65,44 95,95,134 97,102,180 33,36,74 43,41,63 44,57,83 47,61,98 53,60,74 55,49,72 53,49,60 52,48,57 49,45,54 49,45,56 52,48,59 54,51,57 55,51,60 54,52,64 54,52,64 63,59,68 64,63,68
25,23,31 22,20,28 29,27,35 29,27,35 29,27,35 27,25,33 27,26,31 27,26,29 26,25,28 25,24,27 31,30,35 46,45,60 46,45,62 48,47,64 48,47,64 41,40,55 42,41,56 42,41,56 45,44,59 44,46,60 45,44,59 43,42,57 41,40,55 43,42,57 43,42,57 39,39,51 39,38,53 49,51,67 57,55,75 47,49,65 53,55,69 61,70,95 101,119,175 73,60,68 49,33,31 39,20,22 110,55,55 160,84,87 146,76,70 123,62,57 120,65,63 106,55,56 96,55,55 82,47,50 104,64,59 138,71,44 98,72,76 43,40,55 36,38,52 43,41,63 43,45,59 47,45,53 51,48,54 54,50,59 53,51,59 51,47,56 53,49,58 55,51,62 55,51,62 54,50,59 50,48,60 53,49,62 71,63,71 76,68,76
25,24,29 11,10,15 27,26,31 25,23,31 20,18,26 29,27,35 30,28,36 29,27,35 27,26,31 25,24,27 41,41,51 49,48,65 50,49,66 50,49,66 38,37,52 44,43,58 45,44,59 45,44,59 44,43,58 45,44,59 44,43,58 44,43,58 46,46,58 48,47,62 44,43,58 35,35,47 37,37,47 48,50,66 57,53,73 45,44,59 52,50,62 52,61,84 107,123,171 78,59,73 39,27,27 49,24,25 134,70,69 146,76,70 126,64,62 113,63,59 104,60,61 98,60,62 80,50,49 77,44,44 78,50,41 90,57,48 111,65,49 58,49,60 41,41,51 41,41,53 47,45,55 49,45,56 53,49,58 55,48,60 54,48,55 52,48,57 55,52,58 58,54,63 52,48,59 53,49,58 54,52,62 59,56,62 75,67,73 81,69,81
24,23,28 25,24,29 17,16,21 25,23,31 26,24,32 29,27,35 29,27,35 29,27,35 27,25,33 30,28,36 38,38,50 50,49,66 51,50,67 50,49,66 38,37,54 46,45,60 48,47,62 48,47,62 46,45,60 45,44,59 45,44,59 45,44,59 55,53,77 84,79,118 50,49,66 35,35,47 38,38,50 48,50,66 54,51,66 27,23,32 39,37,47 45,47,72 89,102,132 67,48,50 38,25,22 51,30,26 55,37,34 54,33,29 46,25,21 54,32,26 55,31,25 57,30,25 58,34,28 59,30,26 54,31,28 57,36,32 65,44,40 48,47,52 47,43,54 46,42,53 48,44,53 48,44,53 54,50,59 55,48,60 53,49,58 54,50,59 55,51,60 55,51,60 52,48,59 55,51,60 62,59,65 69,63,68 77,69,75 75,67,73
19,18,23 22,21,26 26,25,30 27,25,33 30,28,36 30,28,36 29,27,35 30,28,36 29,27,35 34,32,42 37,36,51 52,51,68 53,52,69 50,49,64 38,37,52 46,45,60 46,45,60 45,44,59 48,47,62 48,47,62 48,47,64 48,47,64 50,49,66 98,94,128 59,57,77 37,37,49 37,36,51 49,48,65 30,19,28 39,33,38 41,37,48 49,50,80 35,38,49 45,31,36 36,23,20 38,22,20 35,22,19 48,32,28 73,44,38 76,44,41 70,38,35 89,50,47 94,53,53 94,53,53 67,37,38 71,42,38 59,45,45 52,43,54 46,44,56 41,41,51 42,42,54 44,42,52 51,47,60 51,48,54 56,52,61 57,51,58 58,54,63 54,50,59 53,49,58 59,56,62 68,62,69 70,63,66 80,69,76 85,74,81
15,14,17 26,24,32 27,26,31 27,25,33 30,28,36 30,28,36 31,29,37 32,30,38 29,27,35 36,34,44 44,44,56 51,50,67 59,58,75 55,54,69 42,41,56 48,47,62 49,48,63 46,45,60 43,42,57 36,35,50 42,42,54 46,45,60 48,47,62 51,49,69 48,49,68 36,36,48 42,42,54 57,44,54 37,27,31 41,26,34 44,37,47 53,55,69 106,114,189 81,88,143 45,28,29 66,40,30 47,27,20 53,32,28 91,46,43 125,70,68 134,72,70 112,60,55 97,54,50 102,58,57 69,41,39 70,42,40 51,45,52 48,41,41 39,37,38 25,23,24 23,22,25 38,34,47 42,37,53 54,50,59 62,56,61 62,56,63 52,48,57 54,50,59 61,53,61 66,58,64 75,65,69 77,67,71 80,70,74 87,77,81
33,31,41 27,25,35 29,27,35 29,27,35 30,28,36 32,30,38 32,30,38 32,31,34 34,32,40 40,38,48 52,49,64 50,49,66 60,59,76 59,58,75 49,48,65 51,50,67 45,44,61 39,38,55 37,34,51 44,36,55 35,30,46 26,23,38 50,47,62 48,50,66 49,48,63 32,32,44 52,44,52 46,32,32 34,22,27 35,24,31 44,30,45 71,63,80 119,123,175 78,89,129 124,127,206 51,33,30 58,38,31 44,22,16 95,55,57 131,76,72 127,67,65 108,58,54 94,50,51 78,44,42 75,43,40 63,45,40 57,51,44 53,42,39 42,32,31 39,29,28 43,33,34 23,17,22 36,34,42 69,66,81 51,49,59 53,52,57 55,52,58 58,52,57 68,58,62 74,64,65 72,62,63 80,70,71 73,63,67 86,76,80
37,35,45 30,28,38 29,27,35 31,29,37 32,30,38 35,32,38 35,32,38 37,34,38 44,40,49 46,42,51 59,56,71 59,58,75 59,58,75 59,58,75 48,47,64 49,48,65 32,31,48 43,41,63 86,77,128 107,80,117 127,117,146 45,42,59 34,32,42 51,50,65 50,49,64 36,36,48 44,22,27 35,25,29 31,23,29 45,35,39 63,55,61 69,60,73 110,102,121 87,80,78 75,72,78 81,70,67 52,35,27 68,48,41 53,29,23 87,46,44 111,61,59 108,60,58 102,57,54 104,61,57 78,48,47 82,76,67 74,68,89 97,86,120 129,117,147 55,48,51 135,131,183 121,114,153 66,61,77 52,48,57 48,47,62 45,42,57 58,52,57 68,58,62 73,63,64 71,61,62 75,65,66 77,67,71 78,68,72 85,75,79
29,27,35 30,28,36 30,28,36 33,31,39 36,35,38 38,35,39 38,35,39 41,38,42 46,42,51 58,56,66 58,55,72 61,58,75 56,55,72 62,61,78 49,47,67 47,44,61 51,46,75 74,65,118 98,86,147 126,92,104 121,93,110 57,51,87 45,31,48 52,29,30 42,25,31 59,40,44 46,32,37 34,26,34 35,29,34 34,29,31 67,57,61 74,60,60 95,85,73 83,73,63 87,77,65 96,87,70 88,76,66 58,43,32 61,39,33 80,49,41 85,48,47 106,65,65 111,63,59 89,51,45 154,145,187 152,144,188 149,143,189 151,143,187 146,142,194 139,135,187 135,132,188 130,130,183 134,127,178 58,57,74 33,32,35 56,50,57 75,71,84 60,54,59 72,62,63 74,64,65 74,64,65 80,70,71 78,68,69 81,71,72
30,28,38 30,28,38 33,31,41 38,34,43 38,35,39 39,36,40 40,38,39 44,41,47 47,43,52 63,59,68 64,61,76 62,59,76 59,58,75 55,54,71 52,51,66 55,46,72 64,58,92 93,80,117 104,88,117 101,88,107 81,74,115 76,69,99 95,76,83 170,147,116 143,86,85 80,42,44 70,45,46 69,61,78 65,58,68 56,49,49 90,79,74 121,107,93 90,81,66 81,71,61 90,80,68 91,80,65 101,87,71 132,113,90 54,34,25 76,44,39 73,44,38 78,53,54 116,82,91 104,61,55 148,142,188 141,139,188 140,138,189 135,138,187 135,138,187 128,132,188 129,133,185 127,131,185 135,138,187 133,134,182 93,78,98 69,62,62 55,52,56 75,66,77 55,49,56 73,63,64 80,71,67 81,72,68 79,69,70 79,72,72
34,31,37 34,31,37 39,36,40 40,37,41 40,38,39 40,38,39 45,43,44 51,47,56 53,50,56 58,55,61 65,62,79 64,61,78 59,58,75 42,41,56 57,56,73 70,59,93 123,92,103 140,130,161 173,128,125 72,48,52 107,57,65 152,79,74 152,79,74 141,77,76 95,56,55 70,42,44 60,36,40 52,33,35 63,45,40 54,38,32 155,139,126 143,127,112 88,76,66 86,76,64 102,90,78 121,97,75 128,106,70 150,126,93 151,125,86 103,84,72 81,44,31 135,79,53 83,48,49 114,99,119 140,141,191 140,141,189 138,141,188 134,138,190 132,136,188 132,135,184 130,132,184 134,137,186 129,129,184 90,77,70 73,62,59 75,65,66 73,72,75 47,43,52 67,65,85 72,62,61 82,71,68 82,73,69 79,67,67 87,73,75
37,34,38 38,35,39 40,37,41 31,31,28 32,30,28 32,29,35 47,45,46 53,50,56 51,48,54 72,68,77 72,69,84 71,68,85 59,58,75 52,51,66 56,55,72 67,63,83 132,93,121 130,127,181 186,156,171 94,53,53 89,56,58 76,43,43 67,42,41 77,44,46 61,39,44 56,37,39 55,33,38 50,31,33 62,37,36 59,41,38 81,68,61 85,72,65 84,72,60 100,91,76 101,86,64 117,92,64 134,110,77 138,111,79 152,128,102 162,153,168 41,25,21 73,35,25 104,55,44 63,26,23 142,129,150 144,146,189 142,144,189 142,146,188 134,139,188 132,139,190 67,65,66 118,120,161 142,137,192 94,75,59 76,66,56 112,108,132 138,139,198 56,54,76 88,83,99 71,61,60 71,60,57 85,72,69 88,74,74 88,74,76
38,36,37 41,39,40 28,26,27 39,34,33 33,27,34 44,39,68 48,48,48 56,52,61 65,62,66 69,65,74 72,70,82 72,69,86 63,62,79 51,50,65 53,50,65 100,96,132 99,91,108 90,86,110 116,79,108 85,52,43 52,34,33 51,42,38 16,11,10 33,22,19 59,37,42 55,36,38 55,33,38 53,31,34 70,52,47 85,68,60 92,79,72 87,77,67 95,83,71 107,91,74 194,166,139 206,162,132 152,124,84 162,147,155 163,147,174 85,66,70 67,29,21 127,69,57 88,47,45 62,25,24 61,28,21 153,152,183 154,150,186 148,147,191 142,142,195 148,144,194 147,144,189 108,103,144 154,139,188 92,77,57 84,69,60 140,134,182 90,84,118 109,102,130 79,77,89 55,49,56 74,63,60 87,74,71 89,75,75 84,70,70
42,40,41 46,44,42 32,28,37 27,25,26 53,33,43 58,47,70 51,52,71 60,57,63 70,65,67 74,71,77 70,66,79 67,64,81 62,61,78 59,56,73 61,58,73 85,95,129 91,93,118 97,89,106 95,78,100 62,38,32 56,51,50 26,19,19 12,10,11 45,38,36 55,34,34 56,37,39 55,34,34 52,30,33 58,38,31 58,40,37 52,36,34 87,75,63 112,98,73 131,113,81 109,83,58 86,69,43 83,71,73 75,60,80 90,72,81 46,25,21 114,74,67 100,71,67 84,45,44 55,30,27 77,46,38 154,150,184 157,153,189 156,152,186 152,145,196 154,146,190 156,149,190 153,145,191 157,142,189 111,97,102 120,104,119 148,139,181 159,149,180 75,70,67 74,72,84 51,45,52 78,67,62 84,71,66 90,77,72 89,76,73
47,45,46 40,36,45 38,35,39 38,35,50 44,48,81 51,47,83 57,54,69 65,57,63 72,64,70 75,68,78 73,69,80 66,63,80 64,61,78 55,53,63 61,57,77 73,80,117 98,97,132 90,85,112 155,146,170 92,81,106 107,89,139 119,101,110 45,38,38 59,41,38 71,38,31 80,44,36 95,54,36 87,49,32 65,37,28 63,39,31 58,40,35 56,40,38 94,80,64 81,62,64 156,122,92 107,85,65 158,136,141 162,142,154 62,35,30 81,48,48 183,158,159 180,152,141 73,36,33 69,42,35 53,36,28 165,152,189 174,156,181 165,153,185 168,156,186 171,157,185 170,154,181 163,151,194 163,149,193 162,144,194 157,140,185 161,147,191 170,151,197 172,150,201 72,65,77 55,53,65 78,65,60 84,71,66 89,76,71 89,76,73
48,45,51 40,37,43 37,34,38 50,46,70 41,35,69 54,51,68 59,55,64 68,58,62 74,64,68 74,67,77 72,68,79 64,61,76 59,57,69 60,58,68 65,61,81 80,73,101 106,109,129 154,153,186 198,193,234 166,161,200 98,97,128 135,132,159 59,37,29 103,55,37 85,42,34 73,37,29 74,41,32 108,60,46 83,47,37 73,42,30 65,39,29 61,40,36 61,45,41 40,27,24 85,76,72 91,73,72 170,151,158 65,48,51 45,26,30 180,152,152 178,155,152 92,64,51 75,45,44 86,49,36 83,47,37 185,160,185 183,156,180 180,155,178 184,158,167 185,159,178 185,158,172 176,154,187 174,155,189 173,153,192 172,152,193 169,152,195 170,150,199 176,151,203 84,74,75 74,71,77 79,68,63 84,71,66 89,76,71 94,81,78
41,37,46 42,38,47 56,50,73 42,42,68 57,46,55 43,44,74 68,60,68 71,61,62 78,68,72 72,68,77 73,69,80 58,55,72 52,48,57 54,52,62 64,62,84 167,169,196 80,85,111 106,105,151 202,198,232 180,176,212 141,143,168 154,155,176 72,63,87 82,66,64 83,61,55 57,39,38 83,76,79 72,67,64 92,76,61 88,58,43 72,42,25 66,38,25 54,34,25 36,22,22 63,63,73 41,35,40 58,47,44 40,30,29 33,21,26 167,144,129 114,90,82 77,45,40 74,41,34 73,47,35 140,112,129 187,154,173 184,154,155 190,128,126 237,148,133 210,152,156 187,163,172 193,160,179 186,159,185 186,159,185 192,159,189 189,159,192 185,155,196 185,153,198 99,82,74 90,84,89 76,65,62 80,67,62 94,81,76 96,83,78
46,49,60 37,40,51 66,58,104 41,44,80 50,45,86 47,48,82 72,60,62 68,58,59 86,75,82 77,69,77 78,72,79 66,63,78 55,51,60 60,58,68 64,67,85 85,86,118 75,77,104 84,81,126 129,125,159 166,162,196 102,96,128 113,109,143 86,75,68 67,60,70 121,98,87 74,64,65 86,79,82 94,84,88 85,58,40 67,60,40 93,56,41 73,43,28 61,38,27 25,16,12 34,33,38 25,22,26 40,27,24 32,19,16 30,13,14 26,9,10 55,23,20 60,32,23 69,43,31 97,85,73 81,62,50 76,62,44 103,84,61 106,84,64 155,91,63 243,121,83 255,144,116 208,166,171 210,162,186 209,161,187 210,160,187 207,162,189 198,161,190 203,160,196 113,85,72 104,95,91 65,53,53 82,69,64 91,78,73 95,82,77
50,51,72 65,66,87 67,65,116 33,38,73 48,44,78 39,38,73 73,61,63 87,75,77 85,74,81 68,60,68 76,70,77 68,65,80 60,56,65 58,56,66 59,65,82 86,90,121 82,81,112 93,87,131 94,90,124 119,115,147 94,89,116 186,172,185 72,65,65 58,56,66 133,114,98 87,75,77 85,75,76 88,76,78 108,99,80 67,57,47 90,75,64 76,46,31 70,44,34 41,28,25 29,24,26 38,29,23 38,23,14 42,25,17 38,23,14 37,19,18 62,28,24 69,33,25 68,40,31 92,65,58 140,90,88 114,86,77 87,68,56 91,76,56 104,72,58 173,92,63 255,142,91 215,165,150 221,168,186 216,169,176 221,166,182 223,168,182 218,166,187 221,169,190 216,169,178 98,85,80 71,58,55 84,71,64 88,75,70 91,78,73
56,55,72 55,58,94 40,44,88 72,64,72 50,50,58 70,57,76 72,62,63 85,71,71 82,74,80 77,68,79 69,65,76 70,66,77 62,58,67 59,57,69 65,61,81 97,84,103 88,71,105 89,73,90 89,85,109 83,77,102 99,82,104 93,71,74 42,27,18 43,21,24 62,48,48 85,72,67 91,81,82 90,74,68 97,83,58 87,73,59 72,65,65 77,40,27 66,47,31 75,60,49 83,67,61 62,31,21 48,28,19 45,28,18 44,27,19 47,32,21 53,35,30 52,35,27 98,73,72 133,83,66 65,41,35 82,61,57 62,42,35 71,51,42 69,57,47 74,58,43 255,171,126 231,136,89 232,170,168 236,171,177 237,172,180 240,172,181 238,172,187 238,172,185 227,167,169 113,97,84 72,57,48 91,76,65 97,82,73 97,82,73
64,60,82 61,59,71 68,68,65 31,38,75 39,44,81 66,57,68 79,62,63 88,75,72 83,74,85 81,74,84 68,64,75 74,70,79 63,59,68 54,49,65 88,66,74 106,68,70 105,63,80 97,62,67 117,92,93 66,57,70 66,39,34 53,30,19 59,42,34 52,35,38 41,25,21 51,35,29 92,80,80 98,81,71 94,79,57 94,80,62 96,84,86 86,81,83 109,95,81 102,71,50 116,64,43 80,58,50 64,38,26 61,32,26 61,39,33 59,42,34 64,40,34 63,41,35 67,53,55 112,51,44 41,29,29 43,34,30 53,42,37 114,95,99 55,39,33 68,56,46 185,127,105 195,89,52 225,173,172 235,174,181 240,172,179 238,173,179 242,172,182 239,170,182 152,102,100 97,74,59 92,76,63 94,79,68 97,82,71 97,82,71
55,56,77 64,62,100 29,32,68 35,41,81 41,48,85 78,68,72 85,69,67 84,70,72 79,68,75 82,74,82 62,58,69 73,69,78 62,60,68 58,54,65 114,87,82 95,57,51 119,72,77 88,49,48 97,63,59 110,74,68 65,36,30 82,54,45 107,69,61 66,40,30 65,42,31 72,50,44 66,49,39 100,84,67 85,66,50 93,78,58 115,98,74 110,82,82 90,74,59 106,64,51 108,71,47 96,74,56 93,73,53 92,60,44 86,66,48 76,55,51 62,39,36 60,42,39 57,45,50 48,36,38 46,34,39 42,30,44 53,42,51 71,55,72 78,48,51 81,55,45 79,58,47 106,72,54 251,175,151 235,175,173 239,176,170 240,177,173 250,176,174 94,81,76 102,87,76 102,82,64 95,80,60 96,82,68 91,76,65 91,76,65
59,63,94 51,54,90 33,34,55 34,30,50 35,33,53 84,70,70 86,70,68 95,81,81 78,70,76 78,70,76 74,70,79 61,57,66 65,61,70 79,50,60 93,54,63 85,60,61 119,75,74 145,93,88 139,83,75 131,84,73 81,48,39 92,59,52 113,70,62 87,59,48 77,58,60 71,44,37 93,67,57 82,61,50 64,45,33 77,61,44 146,120,95 83,60,57 115,69,55 204,162,151 125,65,44 125,73,43 110,75,50 103,65,46 85,59,45 84,53,43 82,49,40 64,43,43 56,42,44 56,41,49 75,60,68 52,38,53 71,57,70 56,47,43 80,52,41 103,73,56 98,73,56 104,81,70 150,91,45 243,178,159 243,178,168 243,178,170 248,181,172 88,70,67 85,70,59 105,86,63 100,85,65 100,86,70 97,82,71 91,76,65
62,63,97 67,70,90 77,72,90 74,66,85 62,55,65 86,70,68 87,71,69 97,84,81 73,66,69 84,73,82 80,72,80 55,52,58 67,64,68 58,54,63 56,50,57 49,45,54 46,44,54 52,50,60 55,51,62 61,54,64 78,42,34 103,61,48 121,73,59 132,79,65 104,71,60 60,42,41 73,42,50 120,87,91 118,70,54 132,84,68 133,80,64 119,71,69 119,80,66 159,115,114 87,54,43 129,68,36 128,76,55 114,69,48 112,63,41 113,60,35 89,51,41 74,47,40 77,48,42 70,47,48 105,103,115 58,46,58 72,56,85 59,48,57 62,45,51 82,71,68 102,74,47 129,99,82 115,94,71 201,141,131 255,184,167 254,183,166 252,180,166 93,76,68 72,61,54 109,91,59 101,85,68 98,84,70 98,83,72 96,81,70
61,61,100 67,63,74 90,82,101 59,53,74 63,51,65 84,71,66 89,73,71 88,79,75 82,75,75 85,74,81 75,66,77 53,50,54 73,65,71 72,62,66 70,62,68 69,63,68 70,59,66 68,57,64 70,63,66 72,62,66 76,69,72 77,67,71 72,65,68 76,64,66 74,60,60 91,75,71 86,74,79 86,76,75 89,82,80 103,80,79 119,85,65 97,77,70 115,85,84 135,94,92 76,43,32 95,58,32 160,103,100 135,91,79 132,73,45 119,63,39 106,59,50 110,74,68 106,58,40 84,53,41 63,41,35 65,47,46 65,53,65 67,59,76 65,56,52 92,76,74 112,93,109 156,98,65 111,85,62 95,88,57 133,100,75 255,188,167 77,63,45 69,58,53 80,70,58 110,92,71 101,86,66 92,78,64 98,84,70 94,79,68
59,56,85 50,35,55 78,69,84 45,40,56 75,65,69 83,70,67 87,71,69 86,76,77 85,75,79 80,70,74 66,63,69 64,58,63 78,68,72 79,69,70 80,69,76 78,67,74 78,67,74 78,67,74 80,69,76 81,70,77 80,70,74 81,71,75 81,71,75 78,68,72 70,57,54 90,79,76 78,68,69 94,82,84 85,75,74 91,80,65 104,85,73 103,82,71 113,69,68 73,40,33 70,39,27 75,42,31 115,75,79 143,93,78 121,63,37 121,65,39 126,71,56 129,105,109 112,73,70 89,53,45 137,108,104 83,56,49 64,47,37 90,83,97 84,69,60 80,67,60 121,101,113 142,89,44 192,147,99 126,94,60 112,92,62 121,73,59 84,71,68 68,57,54 83,74,57 86,75,68 103,87,70 100,84,67 95,79,64 99,83,68
48,33,55 49,33,46 60,55,84 62,56,88 81,70,67 85,72,69 91,75,73 86,76,77 85,75,79 72,61,68 66,63,69 68,62,67 80,70,74 78,71,71 77,67,71 79,68,75 79,68,75 79,68,75 79,68,75 79,68,75 82,72,76 84,74,78 86,76,77 82,72,76 74,63,60 86,75,72 92,82,86 91,81,85 68,58,62 95,83,85 104,88,82 133,115,144 91,61,60 80,44,38 82,47,32 94,53,33 214,171,152 113,82,88 158,87,66 152,82,53 139,76,56 116,69,48 125,83,70 106,63,46 99,63,53 101,64,51 84,53,45 124,95,102 108,92,90 95,73,67 100,80,103 131,97,63 239,185,126 175,131,93 113,97,93 104,81,78 70,60,59 83,72,65 89,75,61 110,98,98 101,85,68 101,85,68 98,84,70 100,84,69
80,64,79 63,52,88 53,58,93 34,30,39 84,71,66 87,74,67 100,85,76 78,68,72 89,82,80 76,71,70 68,58,57 68,58,57 74,62,64 77,67,68 74,64,65 74,64,68 74,64,68 75,63,65 75,65,66 77,67,71 81,70,77 84,74,75 85,75,74 82,72,73 84,70,70 97,85,73 94,83,90 83,75,81 84,79,76 84,81,68 185,107,106 118,114,138 100,97,126 75,50,47 98,60,50 235,170,149 219,171,146 140,112,112 96,60,54 135,84,60 127,78,58 87,51,45 125,75,58 124,68,42 106,65,47 107,64,47 102,60,38 101,63,46 103,67,57 96,64,59 192,155,129 180,130,97 165,130,105 116,90,78 134,110,84 96,88,75 73,59,45 89,75,57 107,96,81 95,83,85 102,85,75 99,83,68 98,82,67 96,82,66
77,64,83 58,37,56 58,54,86 71,66,68 96,81,72 90,75,64 102,87,76 72,62,61 87,80,78 78,73,75 70,64,57 63,54,50 74,64,65 74,64,65 75,65,66 74,64,65 74,64,65 74,64,65 78,68,69 78,68,69 82,70,75 82,70,70 84,71,66 77,67,68 78,65,58 94,82,72 86,76,80 89,78,87 130,92,84 175,89,86 102,63,60 113,111,131 128,133,157 255,158,105 234,174,149 213,157,135 166,121,114 209,161,143 103,80,91 102,71,93 154,96,70 124,93,85 81,62,50 127,71,49 123,67,41 126,68,42 122,66,40 111,63,38 109,62,41 117,76,56 99,101,117 185,148,145 187,153,151 120,100,121 89,82,94 89,82,66 107,92,70 98,86,58 109,95,97 97,85,73 102,85,75 102,88,59 99,84,64 99,85,67
57,61,94 60,61,95 110,108,118 78,66,68 93,78,69 96,81,70 93,78,69 78,65,62 89,79,80 75,69,74 54,49,51 74,64,65 73,63,64 73,63,64 66,56,57 78,68,69 74,64,65 72,62,63 75,65,66 79,69,70 80,70,71 81,71,72 79,72,72 77,67,68 88,75,68 98,85,80 82,70,72 116,66,62 117,67,63 70,42,31 149,83,51 163,126,111 211,119,89 82,72,62 152,136,151 226,168,158 205,159,145 237,186,176 113,83,84 100,86,103 166,100,70 156,95,63 129,74,45 142,76,46 146,91,62 136,80,54 135,69,39 133,82,56 125,73,41 149,98,59 210,142,97 246,191,146 186,159,141 122,107,127 73,68,84 97,82,62 103,86,58 107,90,62 109,93,78 107,91,74 103,86,76 102,87,67 98,84,66 93,76,66
57,46,69 93,83,103 65,60,59 76,66,56 84,72,60 92,80,70 92,76,72 89,73,71 87,75,75 67,57,61 64,54,55 73,63,64 74,64,65 77,67,68 75,65,66 79,69,70 79,69,70 80,70,71 82,72,71 91,77,77 86,74,74 85,73,73 86,74,76 82,69,66 89,77,67 98,83,74 82,70,72 81,41,34 79,38,38 201,98,67 106,86,68 136,116,107 109,92,84 111,95,93 122,109,119 131,102,96 238,170,132 228,166,124 106,86,56 100,98,110 177,131,101 255,194,146 217,154,121 159,96,63 157,94,61 150,109,80 133,81,51 146,93,66 144,101,68 255,189,135 255,202,148 108,99,93 111,98,91 146,126,147 98,82,80 91,77,61 104,86,65 101,87,60 110,94,77 119,104,93 98,84,70 84,70,56 90,75,64 85,73,61
57,58,92 104,101,116 108,102,107 92,80,70 87,75,65 85,73,61 85,72,65 88,75,70 73,63,64 71,61,65 60,50,51 73,61,63 75,63,65 71,64,62 79,69,68 81,71,70 79,69,68 79,69,68 82,71,68 82,69,64 82,69,64 88,75,72 92,74,73 83,70,65 94,79,70 101,86,77 90,77,74 86,62,54 80,47,47 104,96,113 107,97,85 131,117,117 112,96,90 133,112,110 127,112,103 130,115,95 140,127,79 232,173,127 77,61,57 106,99,99 255,192,147 251,185,137 255,189,139 245,182,131 223,169,121 228,175,132 243,184,127 243,188,147 232,170,132 93,69,45 104,94,72 114,102,114 103,90,87 143,126,118 101,94,94 84,76,63 90,76,58 97,83,65 96,82,66 96,82,66 90,78,68 86,71,60 89,74,63 89,75,59
58,61,97 112,109,126 61,48,56 91,75,62 87,73,59 96,81,72 83,70,65 85,72,69 67,57,58 67,57,56 65,56,52 74,62,62 75,64,61 73,62,59 74,61,56 70,61,57 67,57,56 86,76,75 73,62,55 86,75,70 74,61,58 85,74,71 90,74,72 89,73,67 101,86,75 99,85,69 86,73,81 126,118,124 92,83,96 131,124,138 120,110,111 125,111,116 106,100,95 175,154,171 107,96,103 84,69,77 87,66,81 145,133,147 191,146,123 84,69,60 253,184,130 250,184,134 255,206,149 255,191,141 230,175,123 233,175,122 250,191,132 115,94,81 107,101,94 79,72,70 79,74,71 110,103,117 122,108,136 96,84,84 115,109,116 95,84,91 99,86,83 91,79,67 96,83,76 114,99,88 104,89,78 93,78,69 77,65,55 80,65,54
61,58,64 109,107,117 81,69,74 89,74,63 100,86,72 102,87,76 88,75,70 91,76,67 78,64,64 71,61,62 63,53,52 72,63,59 73,64,60 72,62,61 68,58,57 61,53,59 57,47,67 64,57,60 68,59,55 77,68,64 77,68,62 84,71,66 84,71,66 83,70,65 106,91,80 94,82,72 88,74,74 89,76,84 99,87,99 96,86,90 96,83,80 112,96,90 102,92,82 115,98,90 109,95,79 66,47,54 100,84,82 142,134,140 118,103,92 119,106,83 120,104,87 124,107,83 127,101,80 127,106,79 148,120,91 130,104,83 117,93,69 97,85,73 71,61,60 81,79,103 96,85,70 88,79,75 100,86,110 93,79,107 97,85,73 96,85,70 95,78,68 85,71,57 77,66,51 86,72,56 78,64,48 72,57,46 73,59,43 71,56,45
108,104,113 69,65,87 74,62,62 77,62,51 96,81,70 102,88,74 79,63,59 84,71,66 78,67,64 73,64,60 78,69,63 79,70,66 77,68,62 73,66,64 58,46,62 63,57,119 91,84,137 88,77,131 63,53,71 60,50,49 73,64,60 79,70,64 81,70,63 71,60,53 94,80,62 100,88,76 83,72,69 85,75,76 75,64,59 94,78,72 101,86,77 99,85,69 114,100,86 108,88,79 120,100,80 114,93,66 112,97,77 104,93,90 105,91,73 113,93,63 118,105,84 103,84,59 146,119,85 140,121,86 132,118,118 90,78,66 65,55,43 92,77,66 95,83,71 95,85,75 91,89,85 89,82,85 84,75,71 67,56,53 54,44,34 61,49,39 76,55,51 97,80,83 75,60,49 80,70,48 77,63,47 73,59,43 79,63,50 77,63,47