89,85,94 83,74,85 95,86,97 95,86,97 99,90,101 95,83,95 97,88,99 101,92,103 97,88,99 98,89,100 98,89,100 93,84,95 75,71,80 32,30,40 39,35,46 43,40,55 32,30,40 37,35,45 45,41,50 51,47,56 45,41,50 42,39,45 34,30,39 30,28,36 27,25,35 31,29,39 34,32,42 39,37,47 30,28,36 26,24,32 33,31,41 32,30,38 26,24,32 26,24,32 27,25,37 33,31,41 26,24,32 29,27,35 29,27,35 27,25,33 27,25,35 30,28,38 30,28,38 31,29,39 29,29,39 32,30,40 31,31,41 30,30,40 28,27,42 31,30,45 31,31,43 29,29,41 29,27,39 29,27,37 27,25,37 29,27,39 29,26,41 29,26,41 30,27,42 32,29,44 30,29,44 31,30,45 32,31,48 32,31,48
88,84,93 84,75,86 89,80,91 73,69,78 95,86,97 88,76,88 97,88,99 80,71,82 85,76,87 92,83,94 81,74,84 87,78,89 73,69,78 39,37,47 40,36,47 40,37,52 34,32,42 34,32,42 39,35,44 44,40,49 40,36,45 41,37,48 32,28,37 27,25,37 29,26,41 29,26,41 27,25,35 31,29,39 26,24,32 26,24,32 27,25,35 27,25,35 29,27,37 31,29,39 29,27,35 29,27,37 29,27,35 31,29,37 32,30,38 32,30,38 30,29,34 32,31,36 31,29,37 32,30,38 30,28,36 30,29,34 30,28,36 32,30,38 30,28,36 32,30,38 32,30,40 30,29,34 29,28,33 27,25,33 27,25,33 27,25,33 27,25,33 27,25,33 27,25,33 27,25,33 25,25,33 27,26,31 27,25,33 25,23,31
93,84,95 90,81,92 68,64,73 75,71,80 73,69,78 85,76,87 90,81,92 85,76,87 83,76,86 90,84,91 88,82,89 82,73,84 67,63,72 40,36,47 39,35,46 37,35,47 36,34,44 29,27,37 33,31,39 34,30,39 39,35,44 39,35,44 35,31,40 29,26,43 29,26,41 29,27,37 29,27,37 29,26,41 29,27,37 30,28,38 32,30,40 33,31,41 33,31,41 34,32,42 33,31,39 33,31,41 33,31,39 36,34,42 36,34,42 36,34,42 33,31,39 36,34,42 36,34,42 34,32,40 34,32,40 34,32,44 34,32,40 33,31,39 33,31,39 34,32,40 33,31,39 32,30,38 32,30,38 29,27,35 27,25,33 27,25,33 27,25,33 27,25,33 27,25,33 29,27,35 27,25,33 27,25,33 27,25,33 27,25,33
87,78,89 83,74,85 68,61,71 65,61,70 69,65,74 75,76,66 86,97,37 86,99,47 87,92,45 85,92,44 80,87,39 75,82,38 66,71,35 55,58,27 36,38,35 31,30,35 32,30,40 30,28,38 32,29,46 30,27,42 30,28,38 34,30,39 32,28,37 31,28,43 30,27,42 30,28,40 31,29,41 32,30,40 33,31,41 33,31,41 33,31,41 33,31,41 33,31,41 33,31,41 33,31,41 33,31,41 34,32,42 34,32,42 37,35,45 36,34,42 34,32,40 34,32,40 34,32,40 34,32,40 36,34,44 36,34,42 37,35,43 37,35,43 34,32,40 34,32,40 34,32,40 33,31,39 33,31,39 32,30,38 31,29,39 32,30,40 31,29,39 30,28,38 29,27,35 29,27,35 29,27,35 29,27,35 29,27,35 29,27,37
85,74,67 96,80,49 65,57,46 86,79,89 94,104,41 93,104,44 89,100,44 89,95,45 90,98,47 89,96,48 81,88,44 78,85,41 74,78,38 67,71,33 61,65,27 45,46,27 29,28,31 32,30,40 30,30,40 33,31,41 33,31,41 30,30,42 32,30,40 32,30,40 31,29,37 32,30,40 33,31,41 34,32,42 33,31,41 34,32,42 36,34,44 37,35,45 37,35,45 38,36,46 37,35,45 37,35,45 36,34,44 39,37,45 38,36,46 39,37,47 38,36,44 38,36,44 38,36,46 36,34,42 37,35,45 36,34,44 55,53,63 59,57,65 37,35,43 37,35,43 37,35,43 36,34,42 34,32,40 33,31,39 33,31,39 33,31,41 33,31,41 33,31,41 33,31,41 33,31,41 32,30,40 33,31,41 33,31,41 33,31,39
96,90,54 89,77,47 57,48,33 101,112,54 100,109,49 96,107,47 91,102,44 94,102,51 89,97,46 88,95,51 83,90,46 84,89,46 77,81,41 72,75,40 65,68,33 58,58,26 32,34,17 31,30,33 33,31,43 34,31,46 34,32,44 33,31,43 34,32,44 32,31,46 37,35,47 38,36,46 39,37,47 39,37,47 39,37,47 39,37,47 39,37,47 39,37,47 38,38,48 39,37,47 39,37,47 39,37,47 39,37,47 40,38,48 39,37,47 39,37,45 39,37,45 39,37,45 39,37,47 39,37,47 38,36,46 39,37,47 61,57,66 64,62,70 39,37,45 39,37,45 38,36,44 38,36,44 37,35,43 38,37,42 34,32,42 34,32,42 34,32,42 34,32,42 33,31,41 34,32,42 34,32,42 34,32,42 34,32,42 34,32,42
89,81,45 87,80,51 105,112,53 101,112,52 102,110,57 101,110,62 98,108,57 91,99,48 88,96,45 87,94,46 86,92,51 82,87,42 76,80,40 74,78,40 67,70,35 60,59,32 42,43,24 37,40,20 33,33,33 33,31,41 36,34,42 36,34,42 37,35,43 36,36,46 39,37,47 40,38,48 41,39,49 43,41,51 43,41,51 43,41,51 41,39,49 40,38,48 41,37,48 44,40,51 40,38,48 43,41,51 40,38,48 41,39,47 41,39,47 44,42,52 40,38,48 41,39,47 40,38,48 39,37,45 39,37,45 40,38,46 79,75,86 52,50,58 50,48,56 40,38,46 39,37,47 39,37,47 41,39,47 40,38,48 38,36,46 41,39,49 41,39,49 40,38,48 40,38,48 40,38,48 40,38,48 40,38,48 40,38,48 40,38,48
89,83,37 95,96,48 104,114,51 102,112,61 103,118,81 108,117,87 101,108,74 94,100,59 87,94,48 85,92,46 84,89,46 79,84,41 75,80,37 73,78,35 64,65,28 55,52,26 39,41,24 38,40,23 32,34,17 34,33,36 37,36,41 39,37,47 38,36,44 41,39,47 100,83,48 56,48,37 45,43,51 43,41,49 46,42,51 46,44,52 47,43,52 46,44,52 47,45,55 48,46,56 46,44,52 45,43,51 44,42,52 46,44,52 43,42,47 43,41,49 45,43,53 45,43,51 44,42,50 44,42,50 44,42,50 46,42,51 67,63,72 47,46,51 44,44,54 45,45,55 48,46,56 48,46,58 45,43,53 50,50,60 75,73,85 55,55,67 50,48,58 48,46,56 47,45,55 47,45,55 44,44,54 47,45,55 46,44,54 45,45,55
72,70,71 101,115,54 108,117,71 109,120,89 112,119,87 110,119,91 104,113,85 97,102,70 88,94,55 85,92,48 79,84,39 79,84,41 75,80,37 72,76,36 65,63,30 52,49,23 41,44,24 43,46,26 38,39,20 32,34,17 34,35,23 41,40,33 40,39,44 85,78,39 101,87,60 90,71,44 45,44,49 46,44,52 48,44,55 51,49,61 52,50,60 51,49,59 53,51,61 51,49,57 50,48,56 48,46,54 52,50,58 54,52,60 54,52,60 52,50,58 52,50,58 59,57,65 55,53,61 58,56,64 59,57,65 57,55,63 60,58,66 25,22,28 46,44,54 54,52,64 51,47,56 52,48,59 50,48,58 96,94,106 60,58,70 49,49,59 50,48,58 46,46,56 46,46,56 49,49,59 51,50,65 48,48,58 49,48,63 46,46,58
84,95,53 103,118,65 110,119,75 110,120,87 110,116,87 108,114,87 103,109,82 100,104,77 94,99,65 86,91,55 80,85,42 79,84,41 76,79,44 68,68,34 62,62,30 53,47,24 40,43,23 40,43,23 40,41,22 37,37,21 34,36,19 41,39,17 49,45,24 100,90,50 91,81,43 90,73,45 60,52,41 63,59,68 53,51,59 60,58,66 61,59,67 61,59,67 61,59,67 62,60,68 65,61,70 65,63,73 65,63,73 65,63,75 66,64,74 65,63,71 63,59,68 66,62,71 62,60,68 64,62,72 64,62,70 61,59,67 60,56,67 52,49,55 53,49,60 41,39,47 55,53,63 57,55,65 90,87,102 39,37,49 41,39,49 55,55,67 60,60,68 51,53,67 51,51,61 57,55,65 53,51,61 52,50,60 51,49,59 51,49,61
100,115,60 104,121,72 110,120,83 109,116,82 110,117,85 106,115,85 100,106,79 95,100,76 93,98,66 86,91,59 81,84,49 78,79,40 73,76,41 69,67,34 61,64,31 55,52,28 42,43,22 42,43,22 39,40,17 37,38,19 37,38,17 42,40,18 87,82,50 93,83,43 87,77,39 80,67,35 62,48,32 66,62,71 62,62,70 66,64,72 66,64,72 66,64,72 65,63,71 64,62,70 68,66,76 66,64,74 68,66,76 67,65,75 67,65,77 65,63,71 64,62,72 68,64,73 64,62,70 65,63,73 65,63,71 62,60,68 60,56,65 94,90,103 43,41,49 20,19,22 22,21,24 54,52,62 93,90,105 87,85,97 37,35,45 60,58,68 60,58,68 62,60,70 59,59,69 57,55,65 56,56,66 59,57,67 55,55,65 54,52,62
105,120,67 109,123,75 112,119,83 114,118,89 110,119,89 103,109,80 102,107,75 96,100,71 89,94,60 87,90,57 80,83,48 76,79,44 71,76,40 69,67,34 60,65,31 56,53,27 42,43,20 44,45,22 40,41,18 35,36,17 38,39,20 65,64,37 90,85,46 83,76,35 69,60,29 55,44,25 53,49,41 67,63,72 64,62,72 67,65,73 71,69,79 71,69,79 70,66,75 71,69,77 69,69,77 69,67,77 71,69,79 71,69,77 67,63,74 67,64,70 66,62,71 66,62,71 66,64,72 64,62,72 65,63,73 62,60,68 63,59,68 74,70,79 62,59,65 21,18,22 22,21,26 102,99,116 105,102,117 41,39,49 67,65,75 64,62,72 62,60,70 62,60,70 62,60,70 62,60,70 62,60,70 59,57,67 55,53,63 55,53,63
106,118,69 109,118,72 109,116,80 109,116,84 108,114,85 105,109,82 100,104,75 96,101,67 89,94,60 84,87,52 82,82,48 78,78,44 74,74,40 66,69,34 62,65,32 57,54,30 41,42,19 44,45,22 39,40,17 41,39,17 72,72,42 77,75,44 57,56,29 45,43,39 64,64,76 68,66,76 68,66,74 69,67,77 71,71,79 73,71,81 74,72,82 74,72,82 72,68,79 70,66,75 73,73,85 75,73,83 73,72,77 72,68,77 72,68,77 70,66,77 69,65,74 69,67,77 73,71,79 68,66,74 68,66,74 68,65,71 47,43,52 65,61,70 75,71,80 69,65,74 41,37,46 65,63,75 41,39,49 66,64,72 67,65,75 71,69,79 66,64,74 68,66,76 65,63,73 65,63,73 61,59,69 62,60,70 60,58,68 59,57,67
106,116,63 107,116,68 103,111,72 105,112,78 102,109,77 98,105,71 95,100,68 92,95,62 87,90,57 83,86,51 80,78,45 76,76,42 75,73,40 70,68,35 66,64,33 62,60,29 46,47,24 47,45,23 42,40,18 42,44,18 65,59,36 48,44,23 51,48,24 67,63,74 70,66,75 72,68,77 72,68,77 72,70,78 75,73,83 76,74,84 70,66,75 74,72,82 74,70,81 73,69,80 75,71,80 74,72,82 71,69,77 74,72,80 75,71,80 74,70,81 74,72,82 73,71,81 75,73,83 74,72,80 72,71,76 112,109,126 47,44,59 71,69,77 81,77,86 79,75,84 81,77,86 52,48,59 71,69,79 71,69,79 69,67,77 68,66,76 67,65,75 65,63,73 64,62,72 64,62,72 60,58,68 60,58,68 60,58,68 60,58,68
101,111,58 100,110,59 100,108,67 101,106,70 97,102,66 96,101,65 92,95,62 90,93,58 82,85,50 79,82,47 77,80,45 76,76,42 75,73,40 70,68,35 68,63,33 64,59,31 51,50,25 44,45,22 47,40,20 41,42,19 47,44,20 59,53,28 52,46,23 70,66,75 74,70,81 70,66,75 74,70,79 74,72,80 73,71,81 76,74,84 76,72,83 73,71,79 70,66,75 70,66,75 73,69,78 76,72,81 74,72,82 73,71,81 76,72,85 74,72,82 75,73,85 74,72,82 74,72,82 74,72,80 121,118,133 122,119,136 105,98,112 80,76,85 73,69,80 61,57,66 61,54,64 69,67,77 69,67,77 68,66,76 65,63,73 64,62,72 65,63,73 62,60,70 64,62,72 64,62,72 65,63,73 65,63,73 62,60,70 64,62,72
98,108,57 98,108,57 97,104,58 91,100,56 93,99,58 89,96,52 86,92,53 83,87,49 80,83,48 79,82,47 75,79,41 75,76,39 72,70,37 71,69,38 66,64,35 65,60,32 52,48,27 45,46,23 47,45,23 51,45,22 51,45,20 51,46,18 51,46,18 55,49,40 76,74,82 77,73,82 81,78,84 80,77,83 77,73,82 80,78,86 81,79,87 80,76,85 79,75,86 79,75,84 77,73,82 80,76,85 77,73,82 76,72,81 76,72,81 69,68,83 73,72,87 74,73,90 76,76,88 75,72,87 156,160,193 156,164,194 138,143,167 82,75,87 96,93,108 101,97,110 45,41,52 65,61,72 60,58,68 73,71,81 65,63,73 64,64,74 69,69,79 69,69,79 64,64,74 65,65,77 66,64,74 67,67,77 69,69,79 72,70,80
102,110,59 98,105,57 94,101,53 88,95,49 90,95,52 89,96,50 86,91,48 82,87,44 79,83,45 77,81,43 75,79,41 75,76,39 70,70,36 69,67,36 64,62,33 63,57,32 54,48,25 46,49,25 48,49,28 52,46,23 50,47,23 52,47,19 51,46,18 52,45,25 75,73,81 82,80,92 85,83,95 83,81,91 81,81,91 80,76,87 84,80,89 80,78,88 82,80,88 81,77,86 76,72,83 75,71,80 75,71,80 77,73,84 75,73,83 73,72,87 72,72,82 76,76,86 76,75,90 114,99,119 129,134,160 133,134,166 112,109,136 75,76,95 82,84,98 99,98,113 55,55,65 62,60,70 64,62,72 69,67,77 73,71,83 77,76,91 76,75,92 77,76,91 73,72,87 71,70,85 65,65,75 72,71,86 69,69,77 73,71,81
100,110,59 101,109,56 97,105,54 93,100,52 90,95,52 88,93,50 83,87,47 80,84,44 76,80,40 75,79,39 73,76,41 71,69,36 69,67,36 66,64,33 65,60,32 60,54,31 48,49,28 44,45,22 53,47,24 52,46,23 50,47,23 52,46,23 52,46,23 53,48,20 63,62,51 88,85,102 87,85,95 82,80,90 86,83,98 83,79,90 80,76,87 78,78,88 81,79,91 80,78,90 83,83,93 81,79,89 83,81,91 86,84,96 81,78,93 73,73,83 71,71,83 73,72,87 150,141,163 100,88,104 94,87,99 86,77,90 100,88,102 62,61,76 80,78,90 67,67,79 69,69,81 74,72,80 58,56,66 52,50,58 74,74,86 74,74,86 74,74,86 66,66,78 59,59,69 63,63,73 70,70,80 73,72,87 74,73,88 72,72,84
100,110,57 100,108,57 98,106,55 93,100,54 91,95,55 89,89,55 81,87,46 78,84,43 76,80,40 75,78,43 75,73,40 70,68,35 69,67,36 64,62,33 61,58,32 56,54,32 49,50,31 47,48,25 53,46,26 54,48,25 54,48,23 53,47,24 54,48,23 55,48,21 65,58,38 86,84,94 83,81,93 85,85,97 83,81,91 80,80,90 76,74,82 80,80,90 82,80,90 83,81,91 87,83,96 87,85,95 89,87,97 86,84,96 78,76,84 76,76,88 74,73,88 72,71,86 105,91,106 91,84,94 79,72,84 88,83,101 94,91,108 54,50,63 57,55,63 54,52,60 70,70,80 56,52,61 55,53,61 51,50,55 73,73,85 72,72,82 73,72,87 72,71,86 70,69,84 72,71,86 70,69,84 66,66,76 77,76,91 79,78,93
99,109,58 98,108,55 96,103,55 93,100,54 91,95,55 86,89,54 80,86,45 76,82,41 77,81,41 77,75,44 72,70,37 69,67,34 66,64,33 64,61,35 58,55,31 53,54,33 49,50,31 47,48,25 47,48,25 55,47,25 54,48,23 54,48,25 54,49,21 56,51,23 61,55,30 83,81,91 86,84,96 83,83,95 80,78,90 79,75,86 79,75,86 78,78,88 86,82,93 79,75,86 89,82,94 89,85,94 79,75,88 83,81,93 76,74,82 76,76,88 80,79,94 74,73,88 124,116,133 93,84,95 78,70,78 68,59,70 72,67,85 55,51,62 58,56,64 53,51,59 59,59,69 50,49,54 60,58,66 59,58,63 78,77,92 73,73,85 77,76,91 71,70,85 73,72,87 73,72,87 71,70,85 74,74,84 74,74,86 77,76,91
100,108,57 98,104,54 96,103,57 94,101,57 90,97,53 85,91,50 80,86,47 78,84,43 75,79,41 74,74,40 71,69,36 69,67,36 65,63,32 61,61,29 54,52,30 49,50,31 49,50,31 49,50,29 48,49,26 56,50,25 54,49,21 54,48,23 54,49,21 56,51,23 65,61,40 90,88,98 87,87,99 87,87,99 89,86,101 94,92,104 86,84,94 86,82,91 86,84,94 88,84,93 76,72,83 75,71,82 77,77,87 83,81,91 79,77,87 88,87,102 81,80,95 80,79,94 108,96,112 47,36,45 54,40,55 56,44,56 61,52,65 59,56,62 54,52,60 37,35,43 59,57,65 72,70,82 65,64,69 65,63,71 80,79,94 80,79,94 77,76,91 77,77,89 71,71,81 76,75,90 80,79,94 76,75,90 76,76,86 73,73,85
102,110,59 98,107,61 98,105,59 93,100,56 90,97,53 88,94,55 84,87,52 79,85,44 77,81,43 76,76,42 70,68,35 68,66,35 65,63,32 58,55,29 51,52,29 49,47,29 48,49,30 50,48,28 48,49,26 54,48,25 54,49,21 53,47,24 54,49,21 57,51,26 72,72,58 97,93,113 94,96,110 94,94,106 95,93,105 91,87,100 94,92,104 94,90,101 88,84,95 90,83,93 89,82,92 90,88,100 89,85,94 86,84,96 87,83,92 89,88,105 84,83,98 79,81,97 36,29,41 91,79,95 57,44,54 36,24,36 70,63,75 53,50,54 40,37,43 39,35,44 40,38,48 67,65,77 65,63,71 46,44,54 86,88,102 81,80,95 79,78,93 78,78,90 76,75,90 79,78,93 76,75,90 74,73,88 70,70,82 71,71,81
102,110,57 100,109,65 98,104,63 94,100,59 91,98,54 88,94,53 84,87,52 81,87,46 79,82,47 74,77,42 71,69,36 63,66,33 64,62,33 59,56,30 53,51,29 46,47,28 46,47,24 46,47,24 47,48,25 54,48,25 54,49,21 56,50,27 58,51,24 57,52,24 78,80,80 98,97,114 95,94,111 93,91,101 89,87,99 88,86,98 94,92,104 89,87,97 95,93,105 93,91,103 90,88,98 90,86,99 90,86,99 91,89,99 88,84,93 87,86,101 92,91,106 89,88,105 111,103,120 68,54,69 27,19,27 63,59,68 41,38,42 46,45,48 37,37,45 37,37,45 38,36,44 37,37,45 40,38,46 75,73,83 84,83,98 84,83,100 80,79,94 85,84,101 84,83,98 85,84,101 83,82,97 84,83,98 78,77,92 84,83,98
101,110,62 99,108,64 96,104,63 98,106,65 91,97,56 90,96,57 88,92,54 81,87,46 80,84,46 78,78,44 74,74,40 68,66,33 63,63,31 59,56,30 56,49,29 45,46,23 44,47,23 50,46,25 53,46,26 54,48,25 54,49,21 56,51,23 57,52,24 61,55,30 89,87,97 88,86,96 88,85,100 87,86,101 87,85,95 88,86,96 85,83,93 86,82,93 87,87,99 90,87,102 92,88,101 89,85,96 89,87,99 95,93,101 87,83,94 87,85,105 88,87,104 87,85,97 99,90,105 72,64,72 58,54,65 59,55,64 49,46,52 45,43,51 37,37,45 37,37,45 39,37,45 41,39,49 44,42,54 90,87,102 85,84,101 87,86,101 81,81,93 77,77,87 79,78,93 79,78,95 80,79,94 80,79,94 80,77,92 74,73,88
101,111,60 99,108,62 96,105,61 95,103,62 92,100,59 88,96,57 88,94,53 86,92,51 82,88,47 79,83,43 77,78,41 72,70,37 68,66,35 63,61,30 56,53,29 46,47,24 44,45,22 47,45,23 52,46,23 53,47,24 56,51,23 57,52,24 58,53,25 66,60,35 81,77,88 87,85,97 81,79,91 85,83,91 84,80,89 82,78,89 85,83,93 89,87,99 88,84,93 89,85,94 91,84,94 89,87,97 89,87,97 86,84,92 80,78,86 86,84,96 86,85,100 95,91,104 86,77,90 79,72,84 73,71,81 65,63,73 53,50,54 46,45,50 45,42,48 38,38,46 38,36,44 41,39,47 85,83,95 86,85,100 87,86,103 81,80,95 67,64,79 58,56,68 53,53,61 52,52,64 53,51,61 53,49,60 51,49,57 50,48,56
101,110,66 99,108,64 98,107,63 96,105,61 92,100,59 93,99,58 90,96,55 87,93,52 83,90,46 82,87,44 80,85,42 77,78,39 69,67,34 66,64,31 59,56,30 51,49,27 44,42,20 49,45,24 52,46,23 53,47,24 54,49,19 57,52,24 57,52,24 68,64,43 88,86,94 94,92,102 89,87,99 88,84,93 86,84,94 82,80,90 82,80,90 83,81,91 78,78,90 77,77,89 79,77,85 83,80,95 88,86,98 90,88,98 87,85,95 71,69,81 85,83,93 101,103,117 78,76,88 69,67,77 72,70,82 69,65,76 48,45,49 45,42,46 47,44,50 38,36,44 38,37,42 47,45,53 62,60,70 62,60,70 62,60,70 60,58,68 54,52,64 54,52,62 52,50,60 53,51,61 57,55,65 54,52,62 55,51,60 51,47,56
99,107,68 96,105,61 92,100,59 91,99,58 91,100,56 90,96,57 87,93,52 87,93,54 83,87,47 83,85,43 83,82,44 80,80,39 74,80,41 70,68,35 66,61,29 54,51,27 44,45,22 44,45,22 52,46,23 52,46,23 54,48,25 57,52,24 59,54,26 71,69,47 88,86,96 88,86,96 89,87,95 87,85,95 85,83,93 81,79,89 80,77,92 81,79,91 83,82,99 85,85,97 79,75,84 86,83,98 79,77,87 85,83,95 78,76,86 82,79,94 110,112,126 108,115,129 74,73,88 78,76,86 73,71,81 74,70,81 53,50,56 44,41,45 39,38,41 40,38,46 40,38,46 52,50,58 67,65,75 81,80,97 65,63,73 54,50,59 55,51,62 54,52,62 54,50,59 53,49,58 53,51,59 54,50,59 53,49,58 52,48,57
93,98,62 91,97,58 89,95,56 90,96,55 89,95,56 89,93,55 90,91,54 87,90,55 83,87,49 81,85,45 82,83,44 79,81,39 75,79,41 71,69,36 66,64,33 56,53,29 42,43,24 42,43,22 42,43,20 47,45,23 51,48,24 55,52,26 59,57,26 75,74,65 90,88,100 91,88,103 91,91,101 93,91,101 88,86,98 83,80,95 87,85,95 76,76,86 85,82,97 86,83,98 83,82,97 89,86,101 81,79,89 81,79,89 67,65,75 76,74,86 108,110,124 103,106,124 68,71,80 85,83,91 76,74,84 80,78,90 62,60,68 46,45,48 40,39,42 43,42,45 48,46,54 26,25,28 32,28,37 66,66,76 55,53,63 53,49,58 54,52,62 54,52,62 55,51,60 54,50,59 54,50,59 54,50,59 54,50,59 53,49,58
79,82,60 80,84,57 80,87,53 83,88,54 83,86,51 82,85,50 82,85,52 82,85,50 81,84,49 79,82,47 79,79,45 79,80,43 74,74,40 70,68,35 65,63,34 59,53,30 42,43,24 39,42,22 39,40,19 40,41,18 55,54,29 58,55,31 66,63,39 95,94,97 98,96,104 100,98,108 98,96,104 85,83,93 91,90,105 89,87,99 82,80,90 83,82,97 89,89,101 88,87,102 89,89,101 89,88,103 78,78,90 88,88,98 79,79,89 80,78,88 95,93,103 70,70,80 65,63,71 62,60,68 83,81,89 74,72,82 60,58,66 47,46,51 47,46,49 41,40,45 87,85,95 47,43,52 67,63,72 52,48,57 54,50,59 56,52,61 54,50,59 56,52,61 55,51,60 53,49,58 54,50,59 53,49,58 55,51,60 55,51,60
34,29,31 45,38,38 41,37,31 50,46,40 51,50,41 56,52,42 52,54,39 65,68,48 76,75,48 73,70,46 70,67,43 73,71,42 71,69,36 68,66,33 63,62,35 59,55,34 45,46,27 38,40,23 41,41,25 39,39,25 50,49,24 66,62,43 69,68,41 95,95,107 98,97,112 102,101,118 99,99,107 94,92,102 92,91,106 89,88,103 87,86,101 91,90,105 92,91,106 83,82,97 88,87,104 87,86,101 77,76,91 76,75,90 87,84,101 86,83,98 95,91,102 59,59,67 78,78,88 51,51,63 76,74,86 78,76,86 66,66,76 52,51,56 47,44,48 48,45,51 85,82,97 62,60,70 53,49,58 55,51,60 53,49,58 56,52,61 53,49,58 53,49,58 54,50,59 53,49,58 55,51,60 55,51,60 54,50,59 55,51,60
44,34,35 52,45,48 47,37,41 36,29,32 58,48,52 46,36,40 51,41,42 58,48,49 57,47,46 42,32,33 44,34,35 53,43,44 44,34,35 47,37,38 53,43,44 46,36,37 56,46,47 42,32,33 52,41,38 40,35,34 38,37,26 68,70,53 72,70,48 100,99,114 96,95,110 107,105,117 109,106,121 89,88,103 86,86,98 93,93,105 89,88,103 95,94,109 86,85,100 87,86,101 86,85,100 87,86,101 87,86,101 88,87,102 88,85,100 83,83,95 95,95,107 85,85,95 84,84,96 80,80,92 73,71,83 76,74,86 73,73,85 63,63,75 57,55,65 48,46,54 64,64,76 68,66,78 57,55,63 57,55,63 45,43,51 55,52,58 54,50,59 53,49,58 55,51,60 55,51,60 54,50,59 54,50,59 52,48,57 56,52,61
42,32,33 33,28,30 30,20,24 49,39,43 47,37,38 51,41,42 59,49,50 56,46,47 63,53,54 61,51,52 57,47,48 56,46,50 51,41,45 47,37,41 49,39,43 46,36,40 50,40,44 46,36,40 37,27,28 42,32,36 34,28,33 29,24,26 26,21,23 29,23,28 67,65,73 104,101,116 107,106,123 85,84,99 91,91,103 87,87,97 92,91,106 86,85,100 89,88,103 96,95,110 91,90,105 87,86,101 88,87,102 89,88,103 86,85,100 86,85,100 79,79,91 54,52,60 40,38,48 84,83,98 79,79,91 80,79,94 87,86,101 55,53,61 52,48,59 84,83,98 87,86,101 71,69,79 56,49,61 55,53,63 52,50,58 56,52,61 55,51,60 54,50,59 56,52,61 54,50,59 55,51,60 59,57,65 59,55,64 53,49,58
34,27,27 51,41,42 52,42,41 46,36,40 56,46,47 65,55,56 50,40,41 57,47,48 59,49,50 60,50,54 58,48,52 43,38,40 49,39,43 52,45,48 48,41,44 46,41,43 45,38,41 44,37,40 44,34,38 46,36,40 42,37,36 43,38,35 40,38,34 40,35,34 33,28,27 60,57,61 93,93,101 73,73,83 86,86,96 92,92,102 96,95,110 100,99,116 91,90,105 99,98,113 87,86,101 89,88,103 91,90,105 89,88,105 93,92,107 91,90,105 86,85,100 44,42,54 40,38,46 34,32,40 77,76,91 85,84,99 61,58,64 54,50,61 89,88,103 89,88,103 87,86,101 80,79,94 59,55,64 55,51,60 58,54,63 56,52,61 55,48,58 55,51,60 59,55,64 58,54,63 56,52,61 56,52,61 60,56,65 55,51,60
45,38,38 54,44,48 58,48,49 57,47,48 56,46,47 57,47,48 59,49,53 65,55,59 57,47,51 57,52,54 49,42,45 48,41,44 51,44,47 48,41,44 45,35,39 43,36,39 45,38,41 54,44,48 57,47,48 54,45,39 51,42,38 49,43,38 45,38,36 48,41,39 49,39,40 41,34,37 25,23,24 21,18,22 28,25,31 72,68,81 94,93,110 99,98,113 102,101,116 102,101,116 98,97,112 96,95,110 100,99,114 99,98,115 89,88,103 91,90,105 98,97,114 95,94,109 32,30,38 25,24,27 93,91,103 92,94,108 56,53,59 69,67,79 83,82,97 84,83,98 78,77,92 68,66,78 54,52,60 54,53,58 58,54,63 58,56,64 59,57,67 58,56,66 61,54,64 58,54,63 55,51,60 55,51,60 56,52,61 53,49,58
38,31,31 47,40,40 58,49,45 65,53,55 56,46,47 71,61,62 68,58,62 67,57,61 63,53,57 58,48,52 52,42,46 53,43,47 47,37,41 51,41,45 51,41,45 52,42,46 56,46,50 56,46,47 50,40,41 53,43,42 50,40,44 50,40,41 59,49,50 56,46,45 39,33,40 31,28,34 30,29,34 28,25,29 32,27,29 25,23,24 96,94,106 95,94,111 102,101,116 95,94,109 98,97,112 99,98,113 101,100,115 100,99,114 89,88,103 96,95,112 96,95,112 96,94,114 31,28,34 34,32,44 91,88,103 77,75,71 47,44,48 72,72,82 66,64,72 62,58,67 55,51,60 61,57,66 59,57,67 60,58,68 56,52,63 45,43,53 58,56,64 59,57,65 58,56,66 58,54,63 58,54,63 60,56,65 56,52,61 56,52,61
58,48,52 44,34,33 50,40,39 44,34,35 64,54,55 67,57,61 66,56,60 73,63,67 64,54,58 60,50,54 60,50,54 56,46,50 53,43,47 54,44,48 53,43,47 53,43,47 54,44,48 54,44,48 53,42,49 52,42,43 58,48,49 58,48,49 50,43,41 39,40,45 47,43,52 46,46,54 50,50,58 53,51,59 51,51,61 50,50,60 67,66,69 100,98,110 107,106,121 101,100,115 98,97,112 98,97,112 98,97,112 93,95,109 95,94,111 95,94,111 91,90,105 103,101,113 92,90,110 99,98,113 89,87,99 20,18,14 21,18,22 58,56,66 71,69,79 66,65,80 75,73,83 77,76,91 80,79,94 83,82,97 72,71,86 65,63,73 68,66,74 67,63,72 68,64,73 60,58,66 57,55,63 65,63,71 73,69,78 76,72,81