12,11,16 12,11,16 25,23,24 25,22,26 23,20,24 24,21,25 26,21,23 30,23,23 29,22,22 40,31,27 38,28,27 48,34,36 65,45,27 68,38,37 36,20,18 30,21,17 38,29,25 31,22,18 41,31,19 38,27,20 44,35,29 60,41,27 50,41,37 48,45,30 55,55,39 65,55,54 54,42,30 55,42,35 58,52,57 59,45,50 49,36,33 48,37,34 54,41,38 53,40,37 49,36,33 43,34,30 37,28,24 35,26,22 33,24,20 37,28,24 33,24,20 32,23,19 33,24,20 35,26,22 37,28,24 36,27,23 35,26,22 33,24,20 36,27,23 33,24,20 35,26,22 32,23,19 36,27,23 33,24,20 35,25,26 29,22,20 29,22,22 27,20,20 26,21,23 22,17,16 54,52,60 44,44,52 44,45,50 45,46,51
36,35,40 36,35,40 34,35,40 25,25,33 20,17,21 25,22,26 37,32,34 20,18,16 29,22,22 26,21,23 44,39,38 35,26,20 54,33,22 66,34,31 68,44,36 35,26,22 33,24,20 31,22,18 29,23,18 35,25,24 38,31,34 55,43,31 47,38,34 49,40,36 45,34,29 42,29,24 39,26,23 36,27,21 39,26,23 35,25,24 33,24,20 33,27,22 33,24,20 35,26,22 37,28,24 35,26,22 31,22,18 38,29,25 36,27,23 39,30,26 33,24,20 31,22,18 33,24,20 32,23,19 36,27,23 35,26,22 35,26,22 33,24,20 37,28,24 35,26,22 39,30,26 31,22,18 36,27,23 31,21,20 35,25,26 28,21,21 29,22,22 26,19,19 27,22,24 23,18,17 59,57,65 55,53,61 53,51,59 51,51,59
53,53,61 51,51,59 44,44,52 50,50,58 49,49,57 26,23,27 28,25,29 21,19,20 37,32,31 24,22,23 40,30,29 35,26,22 46,35,32 44,33,28 39,30,26 39,30,26 39,30,26 36,27,23 35,26,22 38,29,25 36,25,22 35,26,22 33,24,20 33,24,20 36,27,23 35,26,22 35,26,22 33,24,20 32,23,19 35,26,22 33,24,20 38,29,25 32,23,19 35,26,22 35,26,22 39,30,26 30,21,17 35,26,22 35,26,22 38,29,25 35,26,22 33,23,22 32,23,19 32,23,19 35,26,22 35,26,22 36,27,23 35,26,22 38,29,25 33,24,20 38,29,25 33,24,20 42,33,29 36,27,23 38,28,29 29,23,18 28,23,22 28,21,21 27,25,26 31,31,28 45,46,49 52,50,58 53,51,59 54,52,60
56,56,66 58,58,68 56,59,66 50,50,60 53,56,63 49,52,59 39,37,38 25,20,22 33,26,26 26,24,25 33,26,26 29,19,18 43,30,27 33,24,20 38,29,23 38,29,25 45,34,29 38,32,25 37,28,24 35,26,22 35,29,22 37,28,22 30,21,17 36,27,23 38,29,25 32,23,19 36,27,23 42,33,29 30,24,19 35,26,22 39,30,26 38,29,25 32,23,19 35,26,22 36,27,23 33,24,20 29,23,18 35,26,22 36,27,23 36,27,23 35,26,22 33,24,20 33,24,20 30,21,17 40,31,27 43,34,30 46,37,33 40,31,27 38,29,25 36,26,25 36,29,29 32,27,29 28,30,30 29,30,33 31,30,33 32,33,36 37,39,39 41,38,42 41,40,43 43,42,45 45,44,47 45,44,47 47,46,49 51,49,57
48,53,61 53,58,66 54,57,68 53,58,66 48,48,58 50,50,58 55,56,61 48,47,52 38,28,29 24,22,20 31,28,32 33,26,26 39,30,26 36,27,21 38,29,23 38,29,23 46,33,30 38,29,25 39,28,23 32,23,19 36,30,23 39,30,24 31,22,18 35,26,22 35,26,22 33,24,20 36,27,23 33,24,20 32,23,19 39,29,28 36,26,25 37,28,24 35,26,22 32,23,19 35,26,22 36,27,23 33,24,18 47,36,33 46,33,28 46,35,32 42,29,26 39,30,26 33,28,30 28,26,27 32,31,34 32,31,34 35,32,36 34,33,36 40,37,41 42,39,43 39,40,43 39,40,43 43,42,47 42,40,41 44,44,44 46,48,48 47,47,47 47,46,49 43,47,49 46,47,50 49,50,53 50,51,54 51,50,53 53,51,59
58,58,68 57,57,67 56,56,66 53,53,63 53,53,63 49,49,59 48,48,56 48,51,58 41,39,37 28,26,27 30,28,29 29,24,23 37,28,24 38,29,23 39,30,24 40,29,24 46,35,32 36,30,23 41,30,25 39,30,26 40,31,27 38,29,25 33,24,20 38,29,25 37,28,24 32,23,19 35,26,22 35,26,20 36,27,21 47,34,29 48,35,30 40,29,24 45,34,31 37,31,26 42,32,31 37,25,25 31,24,24 36,31,30 33,30,34 33,32,35 34,33,36 37,36,39 38,37,40 41,40,43 41,40,43 43,42,45 43,42,45 43,42,45 44,43,46 46,45,48 46,45,48 47,46,49 108,85,70 119,98,75 150,102,77 216,163,108 173,147,124 64,57,55 49,53,57 51,52,57 54,52,60 55,53,61 54,52,60 57,55,63
49,52,61 50,53,62 54,57,66 58,58,68 58,58,68 58,58,66 55,55,63 50,50,58 54,52,60 54,52,60 45,44,49 30,25,24 35,25,24 40,31,25 39,30,26 39,30,24 85,81,60 71,64,25 125,93,20 141,108,15 56,41,32 93,73,43 39,26,23 52,39,36 46,35,30 39,28,21 41,28,25 36,24,24 33,23,27 32,27,29 32,27,29 31,29,30 33,32,35 37,36,39 37,37,37 39,39,39 39,39,39 39,38,41 39,39,39 41,40,43 43,42,45 43,42,45 45,44,47 46,45,48 46,45,48 46,45,48 46,45,48 50,51,54 50,51,54 51,52,55 53,52,55 75,47,34 51,28,13 47,26,11 82,41,25 131,64,37 204,166,129 244,212,168 60,59,62 57,57,65 60,58,66 60,58,66 59,57,65 57,55,63
57,60,69 56,59,68 51,51,61 51,51,59 56,56,64 57,57,67 52,52,60 49,49,57 41,39,47 39,37,45 41,42,47 35,32,36 41,36,35 47,35,35 48,36,26 106,86,36 61,56,26 61,54,23 103,79,15 154,113,16 152,118,44 58,42,0 28,26,27 29,29,26 27,26,31 30,29,32 32,30,38 34,32,40 36,34,42 37,35,43 37,36,41 39,38,41 39,38,41 39,38,41 40,39,42 41,40,43 41,40,43 41,40,43 46,45,48 47,46,49 47,46,49 47,46,49 48,46,54 50,49,54 50,48,56 50,48,56 51,50,55 50,51,56 53,53,61 53,53,61 58,55,61 79,43,33 64,39,22 72,42,25 74,36,19 96,45,19 171,111,70 255,238,189 208,180,142 65,63,71 61,59,67 61,59,67 59,57,65 59,57,65
50,50,58 48,48,56 53,51,61 49,49,57 50,50,58 51,49,57 48,46,54 47,45,53 44,44,52 44,44,52 43,44,47 35,36,39 30,27,31 38,31,31 27,22,21 38,33,19 53,46,17 54,48,25 98,73,14 74,50,17 123,87,9 150,116,12 34,36,36 36,35,40 37,35,43 37,35,43 37,35,43 37,36,39 39,38,41 39,38,41 39,38,41 40,39,42 40,39,42 41,40,43 41,40,43 45,44,47 47,46,49 48,49,54 49,49,57 48,48,56 49,50,53 50,51,54 51,52,55 51,52,55 52,53,56 54,53,56 59,57,65 59,57,65 59,57,65 61,59,67 60,60,68 88,50,33 95,69,46 88,62,41 102,56,30 107,59,34 172,94,41 255,224,173 255,250,191 63,60,66 62,60,68 62,60,68 61,59,67 59,57,65
47,50,57 47,50,57 46,47,52 46,45,48 47,45,53 46,44,52 40,38,46 37,39,39 35,36,39 34,35,40 34,34,42 31,32,35 39,36,40 36,35,38 39,34,36 76,77,38 66,57,28 73,56,21 145,109,21 90,65,6 131,95,7 172,133,22 63,48,26 36,35,40 38,36,44 38,36,44 38,37,40 40,39,42 43,42,45 43,42,45 44,43,46 45,44,47 47,46,51 48,46,54 50,48,58 48,46,54 50,51,54 51,52,57 51,52,55 53,54,57 56,57,60 57,58,61 58,59,64 58,59,64 58,59,64 62,60,68 62,60,68 64,62,70 61,59,67 60,58,66 56,56,64 70,53,56 99,60,32 72,53,37 182,104,51 97,55,31 178,95,46 255,197,147 255,250,196 77,68,64 64,62,70 64,62,70 62,60,68 59,57,65
46,49,56 43,46,53 37,38,41 34,35,38 35,36,39 38,39,44 37,37,45 38,39,44 39,40,43 39,40,43 38,39,42 34,31,35 43,38,35 49,47,45 41,36,38 56,50,25 67,58,31 70,50,18 151,116,23 122,83,12 178,140,35 162,126,27 89,58,35 126,107,93 39,38,43 40,39,42 39,40,43 45,44,47 46,45,48 46,45,48 47,46,49 48,46,54 50,48,56 52,50,58 50,48,56 53,53,61 57,55,63 59,57,65 60,58,66 58,58,66 58,58,66 58,58,66 59,60,65 60,58,66 54,52,60 51,49,59 58,56,66 55,53,63 54,52,62 54,52,62 57,55,65 56,52,61 252,163,91 90,59,38 255,152,81 178,113,72 132,52,16 241,192,143 255,252,198 221,197,173 58,56,66 53,51,61 52,50,60 53,51,61
46,46,54 39,40,45 35,36,41 35,36,39 35,36,39 35,36,39 34,35,40 34,34,42 32,33,38 35,36,41 36,37,40 93,95,90 61,46,37 71,47,21 49,37,25 34,31,18 61,52,23 83,67,25 121,94,10 124,97,11 182,146,17 190,153,11 94,64,36 206,160,90 45,46,49 48,47,50 45,46,49 46,47,50 46,47,52 51,50,53 50,51,54 53,52,55 53,51,59 54,52,60 60,58,66 60,58,66 59,57,65 58,56,64 55,53,61 54,52,60 53,51,59 54,52,62 53,51,61 52,50,60 51,49,59 53,51,61 53,51,61 53,51,61 58,56,66 55,53,63 61,59,69 61,59,69 92,47,24 148,94,44 253,148,79 255,162,86 176,114,85 179,155,131 255,254,202 255,248,196 59,57,65 59,57,65 54,52,60 54,52,60
39,40,43 37,37,45 35,35,43 35,35,43 34,34,42 34,34,42 32,32,40 32,32,40 31,31,39 34,35,40 80,78,79 79,69,57 132,105,62 82,54,27 65,44,19 93,78,31 46,38,16 55,43,17 106,85,29 126,96,11 189,152,28 198,162,45 97,68,37 194,154,88 57,57,54 48,49,52 48,49,54 50,51,56 51,49,57 50,50,58 51,51,59 54,52,60 54,52,60 50,48,56 50,48,56 50,48,56 50,48,56 51,49,57 50,48,56 52,50,58 52,50,58 54,52,62 53,51,61 54,52,62 54,52,60 54,52,60 57,55,63 59,57,65 61,59,67 60,58,66 59,57,65 58,56,64 65,55,54 165,119,80 157,107,63 249,148,71 255,212,133 105,72,45 255,250,196 255,255,207 59,57,65 54,52,60 54,52,60 54,52,60
36,36,44 32,32,40 32,32,40 31,31,39 33,31,39 33,31,39 34,32,40 31,31,39 32,30,40 29,30,35 75,72,76 101,78,47 157,124,74 131,105,64 83,54,32 68,47,20 114,92,18 93,73,12 93,74,8 115,90,5 168,139,34 96,64,18 89,55,33 181,144,89 194,158,98 48,46,54 48,46,54 48,46,54 46,44,52 47,45,53 46,44,52 47,45,53 47,45,53 47,45,53 46,44,52 48,46,54 47,45,53 48,46,54 48,46,54 52,50,58 53,51,59 54,52,60 55,53,61 54,52,60 54,52,60 57,55,63 54,52,60 58,56,64 58,56,64 57,55,63 59,57,65 57,55,63 58,56,64 126,106,88 96,64,48 221,138,73 229,136,63 255,199,105 255,249,191 255,236,182 54,52,60 53,51,59 54,52,60 54,52,60
32,32,40 31,31,39 30,30,38 30,30,38 33,31,39 30,30,38 30,30,38 28,28,36 28,28,36 34,35,38 66,59,59 126,100,61 156,125,76 117,93,60 74,48,23 68,49,26 142,110,66 144,114,29 159,127,15 169,127,15 123,91,36 85,56,25 81,55,32 165,134,83 198,158,94 130,107,78 40,38,46 40,38,46 41,39,47 45,43,51 47,45,53 46,44,52 47,45,53 47,45,53 46,44,52 47,45,53 48,46,54 48,46,54 53,51,59 52,50,58 54,52,60 55,53,61 55,53,61 53,51,59 54,52,60 54,52,60 54,52,60 54,52,60 55,53,61 55,53,61 55,53,61 53,51,59 55,53,61 156,135,112 98,72,51 83,61,43 193,117,54 255,200,98 255,250,193 255,231,178 55,53,61 53,51,59 53,51,59 53,51,59
34,32,40 30,28,36 30,28,36 30,28,36 32,30,38 29,27,35 30,28,36 31,29,37 30,29,34 81,79,80 86,73,52 157,126,75 166,133,81 91,71,53 68,48,28 74,50,28 58,38,18 139,112,69 151,114,72 156,124,78 132,97,59 81,55,30 94,63,40 118,94,59 158,129,78 160,129,69 54,41,34 43,41,49 41,39,47 40,38,48 44,42,52 47,45,55 48,46,54 48,46,54 50,48,56 51,49,57 50,48,56 51,49,57 52,50,58 51,49,57 50,48,56 52,50,58 52,50,58 52,50,58 52,50,58 52,50,58 53,51,59 52,50,58 53,51,59 52,50,58 55,53,61 55,53,61 54,51,57 150,118,86 125,87,52 107,93,95 163,132,95 255,204,120 255,255,184 255,233,184 51,49,57 52,50,58 52,50,58 51,49,57
34,32,40 33,31,39 32,30,38 33,31,39 31,29,37 30,30,38 31,29,37 32,30,38 39,37,38 75,66,60 119,92,56 162,131,80 164,135,86 36,31,28 64,49,27 60,36,12 52,34,13 68,51,27 62,43,29 74,52,34 90,62,33 85,59,38 91,61,33 66,53,48 107,87,55 145,118,71 184,147,92 44,43,46 45,44,49 47,46,49 46,45,50 46,45,50 46,44,52 47,46,49 47,45,53 50,48,56 50,48,56 50,48,56 52,50,58 53,51,59 50,48,56 50,48,56 50,48,56 50,48,56 51,49,57 52,50,58 52,50,58 54,52,60 53,51,59 51,49,57 51,49,57 54,45,56 147,98,87 133,92,45 108,101,101 86,84,85 170,138,92 255,236,164 255,234,120 255,246,188 47,45,53 48,46,54 46,44,52 48,46,54
36,34,42 33,31,39 30,28,36 31,29,37 33,31,39 32,30,38 29,27,35 31,30,33 88,82,87 93,74,49 155,124,75 175,140,86 136,117,94 28,26,27 42,30,20 55,35,17 59,41,20 65,45,27 92,66,41 170,134,74 179,144,88 114,80,37 186,144,79 40,38,39 46,42,34 85,70,50 152,121,68 50,39,32 46,45,48 45,44,47 47,46,49 47,47,47 48,47,50 47,47,47 50,48,56 48,47,52 50,48,56 50,49,54 48,47,52 50,48,56 48,47,50 48,47,50 48,47,50 50,48,56 51,49,57 51,49,57 52,50,58 52,50,58 51,49,57 51,49,57 51,49,57 102,87,76 84,76,82 80,68,70 82,75,73 84,75,71 162,129,90 255,225,159 186,104,59 255,240,185 46,46,54 47,45,53 46,44,52 47,45,53
34,32,40 34,32,40 30,28,36 31,29,37 34,32,40 34,33,38 31,30,35 31,30,33 82,67,56 112,90,54 166,136,78 170,139,86 80,70,69 57,52,49 47,37,27 53,38,18 95,74,47 95,76,39 167,134,82 184,148,86 191,151,85 214,165,96 197,148,81 49,44,43 57,52,51 45,39,30 110,90,44 117,98,32 43,45,45 45,44,47 45,44,47 46,45,48 46,45,48 47,46,49 48,47,50 44,43,46 48,48,48 47,46,49 51,50,53 51,50,53 50,49,52 51,50,53 50,49,52 51,50,53 50,49,52 51,50,53 52,51,54 50,49,52 51,50,53 50,49,52 50,49,52 91,86,85 87,77,65 91,77,63 80,61,47 94,83,78 146,117,82 255,215,154 204,114,65 255,244,193 47,45,55 48,46,54 52,51,54 53,52,55
34,32,40 36,34,42 32,30,38 31,30,35 32,31,36 39,38,41 36,35,38 40,37,41 78,64,50 114,92,56 163,131,76 156,129,84 79,73,68 69,63,58 74,66,44 113,89,54 132,105,60 141,110,59 154,117,64 183,144,83 194,153,85 199,150,83 209,158,93 49,47,48 40,37,41 50,46,36 78,67,21 141,122,29 120,99,56 45,44,47 46,45,48 47,46,49 47,46,49 24,23,26 23,23,23 32,30,28 28,26,24 24,22,20 47,47,47 50,49,52 51,50,53 48,47,50 51,50,53 52,51,54 51,50,53 51,50,53 52,51,54 52,51,54 50,49,52 48,47,50 50,49,52 56,51,48 98,84,68 100,86,70 121,96,66 101,90,85 149,120,87 255,216,155 192,113,72 255,248,194 56,53,57 55,52,56 54,53,56 54,53,56
40,40,40 40,40,40 39,39,39 37,37,37 38,37,40 41,41,41 39,39,39 39,36,42 68,55,48 94,75,50 141,111,65 157,128,79 38,31,34 72,66,61 70,58,46 101,79,43 134,104,60 152,121,70 160,123,70 184,146,82 205,159,91 214,163,87 188,147,77 49,47,48 45,44,47 41,41,41 44,41,15 144,114,31 122,103,48 49,44,46 46,46,46 48,46,47 43,42,45 30,29,32 23,22,25 18,15,19 17,14,18 13,11,12 30,28,24 50,49,52 50,49,52 50,50,50 50,50,50 48,47,50 49,46,50 47,46,49 47,46,49 41,40,43 48,47,50 50,49,52 48,47,50 47,46,49 91,82,74 100,86,72 122,105,79 122,106,91 148,121,87 216,179,126 172,154,133 255,247,189 55,55,55 55,53,54 53,50,54 54,51,55
40,38,39 42,40,41 46,41,43 45,43,44 48,43,45 48,43,45 39,37,38 38,38,38 67,57,58 74,63,46 108,86,48 130,105,59 47,45,43 41,30,13 67,57,47 101,78,49 123,97,56 142,112,66 150,117,65 169,135,74 193,155,89 191,151,85 113,85,47 49,47,45 49,47,48 49,47,48 51,49,45 103,76,31 51,47,39 47,45,46 46,44,45 48,46,47 31,28,34 23,22,25 22,21,24 18,16,17 12,10,8 17,15,13 20,18,14 42,40,38 52,50,51 52,50,51 48,46,47 51,44,47 48,46,47 50,44,49 50,49,52 50,49,52 50,49,52 43,42,45 46,45,48 48,47,50 96,85,82 97,86,71 133,113,83 164,143,118 146,119,87 217,180,127 189,171,141 255,248,194 59,59,59 64,59,56 60,58,54 58,56,57
40,40,40 43,43,43 48,43,45 49,42,45 45,45,45 43,38,40 39,37,38 40,40,40 53,48,47 51,47,28 79,63,19 109,88,16 94,85,66 68,63,60 35,26,20 73,64,49 105,85,53 128,106,61 137,107,61 160,125,71 162,132,76 130,97,49 133,104,55 54,49,46 52,50,48 52,50,48 52,50,48 44,37,40 46,44,42 47,45,43 49,47,45 51,49,47 24,23,26 23,22,25 23,22,25 25,23,24 19,17,18 23,21,19 26,24,22 47,41,34 44,39,36 51,46,48 51,49,50 53,48,50 48,46,47 49,44,46 47,45,46 50,45,47 58,51,49 63,56,54 64,55,51 61,54,54 92,86,81 97,86,69 134,111,80 191,159,115 127,104,75 218,180,132 195,171,136 255,245,192 56,52,46 61,59,55 83,77,72 94,83,66
47,45,43 48,46,44 48,46,44 45,43,44 44,39,41 45,38,41 44,37,40 42,40,41 51,46,45 67,59,37 103,79,26 112,86,16 121,103,30 63,56,56 64,52,40 71,57,41 47,33,19 58,42,27 78,57,32 70,47,18 149,119,75 178,139,82 156,125,72 52,50,46 56,49,49 56,49,49 55,50,49 56,49,49 51,46,45 49,44,43 47,45,43 49,47,48 22,23,26 23,24,27 21,22,25 23,21,22 24,22,20 25,23,21 27,25,21 57,53,45 29,24,21 48,46,44 42,40,38 49,47,48 48,46,47 58,51,51 64,57,57 54,48,43 61,55,48 62,56,49 73,64,58 85,74,67 92,85,83 81,71,59 129,109,79 209,172,119 105,87,66 223,186,131 202,168,134 255,237,182 112,95,71 99,88,69 75,64,59 60,62,57
49,47,45 49,47,45 44,42,43 47,42,44 49,42,45 49,42,45 48,43,45 49,47,48 49,47,45 58,51,24 69,55,10 124,92,17 81,60,17 97,92,51 79,66,43 71,54,30 156,125,74 131,99,55 126,96,50 151,120,67 165,131,72 154,121,71 63,50,45 57,51,46 55,48,48 52,45,45 52,45,45 57,51,46 58,52,45 56,49,47 47,40,40 30,27,31 23,22,25 21,18,22 20,17,21 23,20,24 28,26,27 32,31,24 34,33,24 29,24,21 21,19,15 37,35,31 63,58,55 61,57,51 59,53,48 57,51,46 67,63,57 69,63,58 68,62,57 64,58,53 71,62,54 93,78,58 121,81,45 109,71,36 152,110,58 212,155,84 99,85,71 244,203,146 206,176,134 255,221,166 121,97,71 131,106,78 138,113,83 138,111,79
48,46,47 46,44,45 46,44,45 44,42,43 47,45,46 45,43,44 46,44,45 46,46,46 50,45,42 51,49,27 55,45,21 90,71,16 117,91,37 41,40,33 33,22,15 49,29,11 126,97,62 106,84,50 105,82,51 124,101,59 109,80,49 67,36,13 57,52,49 59,53,48 58,51,49 54,48,43 58,51,49 59,53,48 61,55,50 58,52,47 47,40,43 23,22,25 24,23,26 18,17,20 19,16,20 16,13,17 18,16,17 21,19,15 23,21,17 26,24,22 23,21,19 26,24,20 54,48,43 68,64,58 72,70,66 73,64,56 80,68,58 67,65,61 90,75,66 102,84,63 85,70,59 77,68,60 100,93,96 96,87,79 171,139,105 204,164,110 110,92,73 255,226,162 202,168,136 253,216,163 144,117,85 124,100,65 151,119,85 151,118,81
54,49,48 53,48,47 49,47,45 50,43,43 50,43,43 49,44,43 51,49,47 49,47,45 48,46,42 50,45,44 50,45,47 45,47,44 39,39,36 39,39,36 80,61,45 48,30,9 71,41,13 55,32,17 51,41,40 33,21,11 53,32,7 73,54,40 61,55,50 61,54,54 62,55,53 62,56,51 59,53,48 57,51,46 56,49,49 54,47,47 30,24,29 24,23,26 22,21,24 17,16,19 18,15,19 17,14,18 20,18,19 19,17,18 23,21,19 26,24,22 21,19,17 27,25,21 62,61,54 60,56,50 68,62,57 66,60,55 63,57,52 61,55,50 56,55,48 73,72,65 71,67,59 102,96,91 101,91,92 98,85,78 161,135,96 202,164,114 132,107,77 255,242,173 201,167,124 252,215,160 100,91,87 107,86,61 179,145,102 175,136,97
55,53,51 54,52,50 57,51,46 56,49,47 57,50,50 57,50,50 58,51,51 57,51,44 58,51,49 61,54,54 56,49,47 54,47,47 47,42,39 40,38,36 54,45,37 40,29,12 94,55,23 48,37,34 44,39,38 30,24,19 52,32,14 64,58,51 62,56,51 59,53,48 57,51,46 54,47,45 55,48,51 52,45,48 51,46,45 53,48,47 49,42,45 24,23,26 19,18,21 21,18,22 16,15,18 16,13,17 18,16,17 19,17,18 21,19,17 27,25,21 47,43,37 58,54,48 66,65,58 70,64,59 55,49,44 57,51,46 73,67,62 78,72,67 80,74,69 73,67,62 63,62,55 110,107,113 97,92,91 104,93,78 169,143,104 191,159,117 156,125,88 255,236,171 227,190,146 250,215,161 97,85,75 91,87,79 148,117,94 184,145,104
57,50,48 58,51,51 55,49,44 58,52,47 59,53,48 58,52,47 61,55,50 62,56,49 58,52,47 62,56,51 62,56,51 62,56,51 62,56,51 54,44,43 43,43,40 41,28,7 77,43,11 57,51,46 42,40,38 24,17,17 35,29,34 56,46,45 55,48,48 54,47,47 52,44,50 54,47,50 51,44,47 54,44,43 66,59,57 68,58,57 65,58,56 57,52,49 20,21,26 19,18,23 19,18,21 18,15,19 21,19,20 28,26,24 28,26,22 27,26,19 35,31,25 121,84,15 206,172,138 79,75,69 80,74,67 79,78,71 72,71,64 67,66,59 65,61,55 74,70,64 75,69,64 105,105,105 99,90,86 121,103,82 186,154,112 199,161,115 176,144,98 244,204,140 255,235,182 255,220,170 107,88,72 70,66,60 67,66,59 88,84,76
59,53,48 59,53,48 59,53,48 62,56,51 58,51,51 59,52,50 62,56,51 62,55,55 63,57,52 64,58,53 63,56,54 65,59,54 63,57,52 62,56,51 41,35,40 26,17,13 43,29,15 57,50,50 34,27,27 20,13,16 21,14,17 18,13,15 49,44,46 50,43,41 64,57,55 68,61,59 69,63,58 63,58,55 59,58,49 76,70,63 70,66,60 69,64,61 64,58,53 32,30,28 24,23,28 23,20,24 30,28,26 24,22,20 34,32,28 30,29,22 37,36,29 80,50,6 246,188,135 217,162,37 76,74,72 73,64,56 113,98,87 99,94,82 79,70,66 78,69,65 80,69,64 104,97,100 102,89,82 137,114,85 188,156,112 200,166,121 218,182,124 255,224,163 255,233,174 255,225,171 118,104,86 89,83,76 92,83,77 86,80,75
62,56,51 59,53,48 58,52,47 55,48,48 55,48,48 56,49,49 64,58,53 65,59,54 63,57,52 65,59,54 65,59,54 64,58,51 61,55,50 54,47,45 40,35,34 28,23,25 14,12,13 53,48,50 55,48,48 52,45,43 36,29,29 62,61,54 69,65,59 62,61,54 60,56,50 61,57,51 78,70,59 81,73,62 82,72,62 84,72,62 80,71,63 128,97,35 112,75,22 58,48,47 38,27,20 34,30,24 31,29,27 36,26,25 33,31,27 26,24,22 28,26,22 50,40,30 197,127,9 249,221,153 156,125,88 159,125,91 151,122,89 147,118,87 108,94,80 90,86,76 123,107,92 100,94,89 115,96,80 149,125,92 190,160,118 140,104,75 243,205,139 247,208,151 255,238,181 255,233,176 128,115,94 92,86,79 89,85,79 76,75,68
63,57,52 63,57,52 64,58,53 63,57,52 64,58,53 63,57,52 65,59,54 65,59,54 65,59,52 62,56,51 58,51,51 56,49,49 54,47,47 51,41,42 42,32,33 31,24,24 27,20,20 66,59,57 69,63,58 61,55,50 55,54,47 57,53,47 70,64,59 79,70,62 83,70,63 82,71,64 81,69,57 84,73,58 105,89,74 99,87,75 79,63,32 92,59,11 126,76,0 21,16,15 26,21,18 36,31,28 42,36,29 29,24,23 18,18,18 27,22,21 28,26,24 35,30,27 155,107,53 206,132,0 164,129,91 162,129,90 158,124,90 163,125,90 178,139,98 155,123,91 105,102,108 102,93,85 120,101,76 157,130,94 194,162,120 197,119,68 255,176,90 255,226,169 255,239,178 255,232,175 159,141,111 79,75,67 76,71,68 81,76,73
64,58,53 65,59,54 65,59,54 64,58,53 65,59,54 63,57,52 58,52,47 59,53,48 58,51,51 55,48,48 55,48,48 54,47,47 55,48,48 55,48,48 64,57,55 69,63,58 68,62,57 68,62,57 56,50,45 70,66,60 78,69,63 79,70,64 79,68,61 66,60,53 83,73,61 89,74,65 104,90,72 105,90,68 109,89,69 75,61,61 87,68,43 91,76,54 112,63,0 23,16,19 19,19,19 18,16,17 26,24,25 26,21,20 25,23,24 40,33,31 29,24,21 28,26,24 83,63,45 132,68,0 100,97,84 94,84,74 95,84,77 168,134,89 197,151,110 185,145,109 101,99,100 106,93,86 140,117,88 166,140,101 110,74,41 184,114,63 241,154,90 255,253,190 255,245,186 255,233,174 240,206,147 97,89,76 185,155,113 214,171,126
64,58,53 59,53,48 54,47,45 57,50,50 57,50,50 55,48,48 56,46,47 51,44,47 51,46,45 50,45,42 66,60,55 69,65,59 70,66,60 68,62,57 58,52,47 66,60,55 72,66,59 73,67,60 73,67,60 72,63,57 71,62,56 90,80,70 96,81,70 96,81,70 100,86,70 103,88,68 99,81,60 103,84,57 130,111,86 108,84,60 54,47,47 62,42,10 93,56,1 20,17,21 18,16,14 20,18,16 27,22,21 23,21,19 19,14,13 46,36,35 27,22,21 25,20,19 116,73,58 255,253,190 196,157,114 203,165,119 157,125,93 66,67,59 77,65,53 148,119,88 104,92,92 108,92,79 164,137,103 174,148,109 157,136,95 135,94,63 198,160,114 255,252,186 255,243,184 255,236,176 242,219,179 153,156,136 135,143,131 119,122,110
58,51,51 57,50,50 51,44,44 49,42,42 57,50,50 51,44,44 54,47,50 65,61,55 70,64,59 66,60,55 65,59,52 58,52,47 70,64,59 73,64,60 70,66,60 64,58,53 60,51,47 71,62,56 77,71,64 91,79,67 91,80,65 97,82,73 96,82,64 92,76,59 107,86,61 141,116,88 150,123,89 148,124,89 148,123,93 145,121,88 85,62,31 83,62,49 143,119,84 23,18,15 17,15,13 16,14,12 19,17,13 34,27,27 14,12,10 44,40,34 25,23,21 19,19,16 66,48,45 255,239,155 211,169,117 219,172,120 221,177,124 196,153,106 240,189,132 165,121,70 103,93,92 119,98,71 181,150,111 180,152,112 146,122,87 162,133,100 246,207,150 255,251,190 255,243,184 255,238,181 255,233,181 156,122,92 108,107,98 127,133,120
61,56,58 55,50,47 57,50,50 65,61,55 70,64,59 71,62,58 64,58,53 58,57,50 64,60,54 75,69,64 76,70,63 76,70,63 70,64,59 65,59,52 68,64,56 88,78,66 87,74,67 72,63,55 63,62,53 64,53,48 90,79,60 91,77,63 132,111,86 144,119,89 145,118,84 145,116,83 149,120,89 153,121,89 121,113,100 122,118,108 73,54,29 96,81,70 78,49,14 19,17,18 17,15,13 17,15,13 23,18,17 21,16,15 16,14,12 53,44,38 20,18,16 18,16,14 59,57,58 198,159,102 255,227,163 234,188,131 239,193,127 250,199,134 250,201,136 126,105,90 102,93,87 145,117,88 195,163,117 183,153,111 141,116,86 152,128,93 255,225,175 255,243,185 255,245,186 255,237,179 255,243,189 210,165,119 188,148,112 161,125,92