36,43,57 38,45,59 39,45,62 40,47,61 41,47,64 44,50,67 44,50,67 40,46,63 44,50,67 48,54,71 51,59,75 52,60,76 53,61,77 51,61,77 50,60,78 54,62,82 54,64,84 59,65,86 65,66,87 60,66,83 63,65,81 81,84,102 74,72,84 61,57,70 61,55,62 68,63,65 80,83,101 82,83,104 98,107,130 96,82,95 154,99,47 52,41,34 50,38,26 77,52,24 255,172,7 97,79,78 157,94,43 121,80,62 82,86,99 81,89,109 79,86,109 80,86,105 44,51,65 53,60,74 61,65,80 79,85,104 74,82,98 73,79,96 72,80,96 68,74,91 30,30,38 24,24,32 22,22,30 22,20,28 19,17,25 25,25,33 27,27,35 27,27,35 25,25,33 24,24,32 24,24,32 24,24,32 24,24,32 23,23,31
34,41,55 39,46,60 39,45,62 40,47,61 41,47,64 41,47,64 41,47,64 40,46,63 46,52,69 48,54,71 51,59,75 52,60,76 52,58,75 53,59,76 50,60,76 54,62,82 54,64,84 59,65,86 72,69,84 61,67,84 72,68,81 79,81,97 193,140,95 65,61,70 81,64,54 156,103,60 97,90,100 112,100,102 95,105,125 80,80,92 106,84,76 50,39,32 43,32,27 61,43,24 120,73,0 81,67,69 98,67,55 87,76,71 78,82,97 67,75,95 73,80,103 71,77,96 46,53,67 53,60,74 59,63,78 71,77,96 70,78,94 74,80,97 75,83,99 72,79,93 29,29,37 24,24,32 21,21,29 20,18,26 19,17,25 25,25,33 25,25,33 25,25,33 24,24,32 24,24,32 24,24,32 24,24,32 23,23,31 22,22,30
39,46,60 39,45,62 39,45,62 40,47,61 40,47,59 39,46,60 39,46,60 44,50,67 46,52,69 48,54,71 50,56,73 51,57,74 53,56,74 52,58,75 49,59,75 51,61,81 54,64,84 59,65,84 89,73,67 71,62,75 98,61,60 72,67,85 78,73,70 53,53,61 57,50,60 58,56,68 62,64,78 77,78,101 70,78,96 69,73,88 65,64,81 29,24,26 28,23,22 34,27,25 50,35,13 39,29,28 59,59,67 65,68,79 57,60,80 50,58,76 47,55,73 45,51,68 45,52,66 51,58,72 46,50,65 41,45,60 38,42,55 35,40,50 32,35,46 32,35,46 28,28,36 24,24,32 21,21,29 20,18,26 19,17,25 24,24,32 24,24,32 24,24,32 24,24,32 24,24,32 23,23,31 22,23,28 22,22,30 23,23,31
39,46,60 39,45,62 39,46,60 39,46,58 37,44,56 38,45,59 43,49,66 44,50,67 46,52,69 48,54,71 46,52,71 47,53,72 48,54,71 50,58,74 52,60,76 53,61,81 53,60,83 54,63,86 61,64,82 57,63,80 57,64,78 58,64,81 61,67,84 56,60,75 54,59,69 56,58,72 73,81,101 66,74,92 56,64,84 61,67,84 60,66,83 25,25,33 24,22,30 29,27,35 32,26,31 46,49,60 57,60,78 60,64,79 51,57,74 45,52,66 48,52,67 47,51,66 46,52,69 52,56,69 48,50,64 35,40,50 34,37,48 38,38,50 32,32,40 32,32,40 28,28,36 23,23,31 20,20,28 20,18,26 20,18,26 25,23,31 24,24,32 24,24,32 23,23,31 23,23,31 22,22,30 22,22,30 23,23,31 22,22,30
35,37,51 36,40,53 39,43,58 34,41,53 38,45,57 40,47,61 41,47,64 45,48,66 47,51,66 46,52,71 50,53,71 47,51,66 52,58,75 50,58,76 53,59,78 55,59,74 48,51,69 50,56,73 55,56,75 50,54,67 52,59,73 42,46,61 55,57,71 50,53,64 43,42,57 44,46,60 63,66,86 57,65,85 53,61,81 60,66,85 53,57,72 23,26,33 27,27,37 23,26,35 28,28,36 31,39,48 51,57,74 48,55,69 44,51,65 44,51,65 44,51,65 45,49,64 42,44,58 42,46,61 38,42,57 32,35,44 29,32,39 34,32,42 32,31,36 31,29,37 24,24,32 22,22,30 20,20,28 18,18,26 20,16,25 22,22,30 22,22,30 22,22,30 24,24,32 23,23,31 23,23,31 23,23,31 22,22,30 21,21,29
42,42,52 33,38,48 35,39,52 36,43,55 40,47,61 40,47,61 40,46,63 41,47,64 53,53,65 51,49,57 48,48,58 59,57,67 49,50,69 49,52,70 48,50,64 54,58,73 47,51,66 48,52,67 50,52,68 53,52,67 55,59,72 50,54,69 55,58,69 46,49,58 47,45,53 53,51,61 47,45,53 54,57,75 49,50,69 45,52,66 48,50,64 29,28,31 39,38,43 27,26,31 28,25,29 29,32,39 46,50,63 45,43,55 46,50,65 44,51,65 45,49,62 47,51,64 50,52,68 47,55,64 38,43,53 30,30,38 30,31,36 30,30,38 32,30,40 34,35,40 29,29,37 24,24,32 23,21,29 18,18,26 18,18,26 22,22,30 22,22,30 22,22,30 22,22,30 22,22,30 22,22,30 23,23,31 22,22,30 22,20,28
35,39,52 38,42,55 39,46,60 39,46,60 39,46,60 40,46,63 39,46,60 43,49,66 50,48,56 56,52,61 51,47,56 44,47,56 46,49,60 46,46,58 48,50,66 51,47,58 74,72,73 56,53,59 108,90,46 129,100,26 128,105,36 109,91,59 62,59,63 48,46,56 53,50,56 42,45,56 51,49,57 47,49,63 65,62,77 58,57,72 32,32,40 57,51,44 72,62,66 35,33,34 51,50,55 41,41,51 81,79,89 36,36,44 46,51,61 58,56,68 57,55,63 53,52,57 46,43,49 81,78,82 45,51,68 26,25,30 37,34,38 68,63,65 27,28,33 36,35,40 59,56,60 20,20,28 18,18,26 19,22,29 18,16,24 22,20,28 22,22,30 22,22,30 20,20,28 21,21,29 21,21,29 21,21,29 21,21,29 22,20,28
33,40,54 34,41,55 33,40,54 39,41,57 42,46,61 42,46,61 43,49,66 40,47,61 60,60,72 52,48,57 41,39,47 41,39,47 59,55,64 47,43,54 52,51,54 73,54,58 100,86,43 124,93,15 143,109,9 159,114,9 173,123,11 177,128,8 173,124,6 87,79,43 52,50,51 51,49,59 66,65,68 65,62,68 58,54,63 66,62,75 54,50,61 62,51,48 61,69,87 37,29,37 75,64,71 59,50,46 48,41,44 44,42,52 42,42,50 66,62,71 71,64,67 63,56,56 66,59,62 90,85,84 78,76,88 45,35,36 54,49,46 81,80,85 41,39,47 37,32,34 61,56,55 37,30,28 38,28,32 37,30,30 19,16,22 23,22,27 21,21,29 19,22,29 24,21,27 23,22,27 20,20,30 22,20,28 20,20,28 20,20,28
39,46,60 42,46,61 46,50,65 47,49,65 47,51,66 47,51,66 44,53,66 41,45,58 46,43,49 45,37,43 50,44,49 49,47,48 63,58,55 52,49,55 42,46,50 194,128,24 145,94,16 133,98,13 154,114,10 144,108,7 155,119,18 139,104,11 130,89,28 139,100,20 199,146,11 194,139,0 107,92,70 55,52,58 48,48,58 89,100,127 66,72,114 54,44,45 47,36,33 36,35,38 65,57,63 52,45,45 40,30,31 55,49,54 54,51,57 59,64,72 51,59,77 57,55,67 66,68,65 41,43,38 55,39,35 31,28,34 30,28,29 42,35,35 41,39,37 53,42,39 54,54,49 40,34,29 49,38,47 57,47,51 44,32,34 48,36,26 22,22,30 25,23,31 45,34,31 48,42,33 39,34,36 24,23,28 23,23,31 23,23,31
46,50,65 45,52,66 43,50,64 44,51,65 45,52,64 46,50,63 43,47,62 36,40,53 38,35,39 44,37,40 42,40,41 41,41,38 43,41,49 34,34,44 46,44,45 145,102,28 155,111,15 131,90,18 142,102,9 139,103,15 136,99,14 165,110,9 164,125,25 153,118,23 136,99,7 181,132,26 74,54,22 47,37,41 49,39,40 42,35,33 49,42,40 47,35,35 49,37,27 50,43,41 51,44,44 36,30,25 37,26,23 32,30,31 30,31,34 32,30,28 38,39,31 43,36,36 45,35,39 55,44,39 44,37,35 38,36,34 31,29,30 36,32,26 46,35,32 39,28,25 30,32,29 35,30,27 65,43,23 50,43,41 48,33,22 55,33,15 23,20,26 44,43,36 50,38,26 60,53,35 41,36,38 42,45,52 28,30,44 31,31,31
46,50,63 40,47,61 40,47,61 42,46,61 40,47,59 40,47,59 39,46,60 35,39,52 25,26,29 39,34,33 49,36,29 34,36,33 38,37,42 36,35,38 41,40,31 56,50,25 93,60,8 144,105,21 154,108,10 136,94,11 148,102,6 163,110,13 158,111,18 226,166,71 150,98,11 183,123,12 144,98,30 73,57,44 52,36,34 52,42,43 43,31,31 38,31,34 45,34,27 48,43,45 42,35,35 39,30,22 86,52,30 39,30,26 26,23,27 40,31,27 47,36,33 43,32,27 35,28,31 50,39,32 33,28,25 42,41,34 32,27,24 39,31,20 66,55,38 57,46,31 47,39,28 25,26,31 52,36,23 39,35,29 57,43,29 63,43,23 29,28,33 30,28,26 46,46,30 78,52,31 50,44,51 24,24,32 41,29,29 51,35,20
35,35,45 37,37,47 36,36,46 37,37,47 37,37,47 35,38,47 35,38,47 34,39,47 44,42,40 43,31,21 38,25,18 23,25,20 31,31,31 42,35,33 47,44,31 59,54,26 57,50,23 124,87,16 154,108,8 144,98,14 184,116,8 190,123,9 182,116,12 187,126,24 129,79,7 137,90,1 174,124,21 226,161,37 135,113,64 60,37,34 44,35,29 49,40,36 43,34,28 54,46,35 42,32,33 46,34,22 85,54,33 53,43,33 40,35,32 43,36,36 52,35,25 80,46,26 53,41,29 48,49,41 41,41,36 41,37,31 36,37,29 52,33,19 65,51,35 65,50,39 66,49,25 40,29,22 52,36,21 39,38,29 51,46,32 55,50,38 38,29,23 30,29,22 39,29,19 77,46,25 32,29,33 34,29,31 39,28,25 47,32,23
28,28,36 30,30,38 31,31,39 31,31,39 34,34,44 32,32,40 32,32,40 39,39,47 37,32,29 57,39,34 71,49,29 43,32,29 35,28,31 47,37,27 48,44,27 60,55,23 55,47,23 109,75,16 139,91,7 140,98,6 178,109,10 180,114,10 203,132,10 209,144,13 206,142,9 147,103,25 115,72,16 145,96,15 87,61,38 56,40,27 48,28,19 75,47,34 47,32,21 43,34,26 46,35,28 95,61,29 94,59,32 66,41,22 38,28,32 24,25,17 52,37,28 67,47,27 52,36,21 50,45,42 39,39,34 40,35,32 30,32,32 44,37,21 46,38,27 72,55,45 62,45,21 39,31,18 33,28,16 32,32,29 50,58,46 56,59,47 36,27,19 35,34,25 62,54,32 82,48,26 32,27,24 52,41,38 80,60,40 65,46,23
27,27,35 27,27,35 31,29,37 32,30,38 33,31,39 29,27,35 34,32,40 43,41,51 47,32,23 42,30,20 82,48,26 51,34,24 48,40,46 40,39,42 39,39,34 57,52,24 57,48,17 83,65,21 127,86,16 136,92,12 162,103,8 184,122,14 218,144,23 238,165,37 221,160,28 184,124,15 200,140,17 234,171,28 113,94,37 46,35,30 50,38,38 76,45,24 57,46,31 35,30,32 80,66,66 83,54,30 105,64,33 108,62,32 27,20,18 51,46,43 94,72,36 94,71,40 95,73,37 42,36,27 38,35,39 43,38,37 28,29,32 27,30,22 28,27,18 40,32,19 65,47,26 48,34,18 36,28,15 44,41,28 52,64,46 49,52,40 49,31,26 49,46,31 41,41,27 64,54,30 40,36,28 49,42,40 62,51,34 69,56,33
32,31,36 31,30,35 30,31,36 32,32,40 34,32,40 30,28,36 34,32,40 39,38,43 47,26,24 33,29,21 87,51,22 68,46,28 126,122,135 59,57,67 89,86,92 57,55,33 52,46,21 61,49,19 103,74,11 125,82,6 149,95,7 176,118,13 217,143,18 231,160,34 197,138,10 201,135,14 213,151,26 236,170,24 229,175,29 62,40,34 60,44,31 94,65,45 54,46,35 55,57,57 53,53,65 88,88,98 104,68,37 77,48,28 43,33,32 53,52,45 79,56,27 107,80,44 93,71,37 26,22,12 36,30,35 36,36,33 30,27,31 25,28,20 34,30,22 35,31,23 44,37,21 43,34,19 59,44,22 47,40,40 54,63,46 52,53,41 42,35,33 45,46,27 42,42,28 61,53,31 55,51,34 51,44,44 65,52,31 59,57,58
31,32,35 36,35,38 34,33,36 37,35,43 38,37,42 32,33,36 36,37,40 40,38,48 39,26,23 26,26,23 36,31,33 52,49,55 29,27,35 34,32,44 47,45,46 54,54,40 56,56,24 61,52,23 84,63,20 121,82,11 147,97,12 173,116,9 205,136,11 213,149,13 200,135,4 210,147,25 167,121,21 183,133,73 82,56,35 66,49,39 62,42,35 82,62,44 129,128,133 55,53,63 99,95,106 104,100,111 75,73,74 60,45,25 46,34,22 52,51,44 72,55,27 108,80,42 86,66,36 38,36,34 40,35,37 41,38,42 41,38,42 42,35,35 38,27,20 30,28,24 43,36,18 41,31,19 43,32,25 46,41,38 54,60,51 56,60,45 42,35,38 60,49,34 53,51,33 63,53,29 50,43,27 61,47,29 48,40,48 48,44,55
40,37,43 60,56,65 80,76,85 65,65,77 52,52,62 57,57,65 66,66,74 59,59,67 38,36,44 42,37,39 33,33,28 22,20,28 24,22,30 34,34,42 43,31,31 72,65,49 64,57,26 66,57,26 71,56,18 111,76,9 153,105,10 179,124,8 197,138,12 210,150,9 228,156,19 171,120,26 31,22,16 46,32,37 108,80,40 63,47,45 53,41,29 68,57,54 66,64,72 39,37,45 57,58,63 55,51,60 48,40,46 49,42,45 66,48,29 42,49,44 89,63,40 103,76,40 84,66,34 43,37,42 42,36,41 49,41,47 49,41,49 47,36,43 41,30,23 45,34,27 55,46,31 44,34,22 44,34,24 49,36,29 38,33,21 44,35,29 46,35,28 59,43,30 55,40,29 57,40,30 57,41,28 55,44,29 73,72,75 59,51,57
38,35,39 27,24,30 64,62,72 107,107,119 92,94,108 69,71,85 70,70,78 56,56,64 72,68,79 59,59,59 37,32,29 24,21,27 46,43,49 30,27,31 57,41,28 68,57,22 67,64,24 65,65,24 60,52,18 89,63,9 150,106,8 181,126,8 215,154,20 231,168,25 222,155,18 169,112,2 157,105,18 188,122,40 183,111,29 214,134,50 63,43,25 65,55,59 46,40,45 50,38,40 97,68,44 121,65,29 106,61,38 51,32,34 59,43,30 58,43,32 59,45,31 65,46,32 62,46,29 60,44,29 60,44,31 60,44,31 60,44,29 59,45,31 62,46,29 62,46,29 61,48,27 60,44,27 59,43,28 60,44,29 59,45,29 60,44,29 53,42,35 79,74,76 59,44,33 58,44,30 59,43,30 54,39,49 36,31,30 66,50,44
48,47,50 32,26,31 27,24,28 58,54,63 102,100,110 88,86,98 90,86,95 48,36,38 28,25,31 24,23,28 53,43,31 38,31,29 41,36,33 53,41,31 80,67,44 66,65,27 70,66,29 66,62,25 64,54,16 54,45,18 119,85,26 156,117,19 197,143,13 227,172,31 199,142,11 192,133,7 186,128,6 184,133,7 187,139,14 175,138,14 68,50,29 44,32,44 33,22,31 41,29,31 60,48,36 79,60,44 89,75,57 54,38,32 58,42,38 58,43,32 62,48,32 62,46,31 66,47,35 55,39,33 60,44,29 60,44,27 60,44,31 62,43,27 59,44,33 59,44,33 58,43,32 59,42,32 58,41,31 60,44,27 60,44,27 59,43,30 107,100,110 47,46,49 54,52,50 55,44,29 60,44,31 54,35,23 76,62,37 62,50,40
127,121,128 84,74,78 32,27,26 33,28,30 47,45,46 38,37,42 56,51,50 44,38,33 32,30,31 27,26,31 56,41,32 59,40,26 58,49,43 70,56,42 32,23,15 68,67,29 68,60,26 67,59,25 64,54,16 56,42,13 65,45,0 114,84,15 165,119,12 197,144,14 189,135,5 184,129,4 181,126,1 180,129,3 181,130,4 118,74,32 90,57,32 70,49,38 38,27,24 35,26,22 55,45,35 79,61,42 69,53,36 46,35,32 59,42,34 57,42,31 60,49,32 61,47,31 112,103,116 101,94,92 59,43,28 60,44,27 59,43,26 61,42,26 58,43,32 61,46,37 61,47,31 60,44,27 56,42,28 58,42,27 62,44,23 58,43,32 41,35,42 171,138,101 51,34,24 58,44,30 58,42,29 58,41,31 103,78,50 81,66,46
58,51,61 80,76,85 86,80,87 36,31,33 44,39,38 33,28,30 65,62,68 64,54,58 25,23,21 25,24,27 44,37,37 67,43,17 40,29,22 45,36,30 48,42,37 66,62,25 63,54,23 60,51,20 61,49,19 62,46,15 66,51,15 43,36,16 99,67,21 152,109,6 189,136,6 194,140,12 201,143,8 221,162,14 224,179,19 113,71,31 110,66,28 91,56,31 130,115,79 28,23,20 41,31,21 74,59,39 67,47,29 42,35,33 62,46,33 57,42,31 59,45,29 86,74,79 89,73,71 79,70,53 57,46,31 54,41,34 55,40,29 56,42,28 56,42,28 61,46,35 59,45,31 58,43,34 57,46,29 59,43,28 56,41,30 64,58,53 38,31,34 82,52,35 40,31,25 57,44,41 64,47,37 55,43,33 78,62,45 99,75,53
85,79,84 53,50,54 62,61,64 61,60,63 61,59,57 53,51,47 25,24,27 23,18,20 26,21,20 52,42,41 26,23,29 73,48,31 38,25,18 45,32,29 78,61,53 59,52,21 54,49,17 59,47,17 58,46,16 75,58,11 107,77,10 80,52,0 29,26,13 61,50,15 150,105,12 183,128,5 181,134,15 199,150,12 210,173,51 106,71,35 120,76,36 118,72,33 253,187,85 199,131,57 34,28,19 70,56,38 40,31,23 50,40,30 61,47,31 58,43,32 59,45,29 49,39,40 128,89,59 84,61,46 78,78,78 90,89,92 48,37,30 49,36,29 56,40,27 50,41,37 59,45,27 58,43,32 55,43,31 53,41,29 48,35,28 89,83,90 56,54,55 72,64,70 58,58,68 60,60,70 102,101,106 74,70,79 63,57,64 68,62,67
49,47,48 60,58,59 57,57,57 62,60,61 66,65,68 71,71,71 23,18,20 20,17,21 19,14,16 56,52,46 62,53,64 93,61,31 58,40,21 51,37,23 109,76,39 103,77,23 79,62,15 64,49,11 67,49,17 106,76,9 142,102,7 140,98,6 88,63,4 25,27,12 52,43,12 102,83,19 136,109,23 147,117,30 160,112,54 96,61,25 104,64,30 109,67,29 212,152,61 254,186,98 139,91,33 83,48,35 42,32,33 54,44,32 57,46,29 56,46,45 132,120,134 71,63,69 75,68,52 104,80,56 187,143,113 99,86,54 53,42,37 42,32,31 43,38,37 89,82,82 55,42,35 58,43,34 53,43,33 57,43,29 34,23,18 57,48,42 68,66,67 56,53,59 55,54,59 59,57,65 16,15,18 88,87,92 94,92,102 49,49,59
58,56,57 59,57,58 57,57,57 62,60,58 73,70,74 74,72,73 19,17,15 20,18,19 44,34,33 72,64,51 72,63,57 64,46,27 65,48,24 51,35,22 91,59,27 141,101,47 125,94,16 111,77,14 108,77,15 123,87,11 161,114,12 178,125,14 170,116,8 139,101,14 127,92,9 159,118,32 118,85,6 143,101,47 178,130,58 106,67,24 103,65,30 115,72,37 128,76,26 249,186,92 237,172,79 66,54,44 82,78,98 83,83,93 53,49,58 54,48,55 128,120,128 87,76,69 177,141,90 176,134,92 55,43,33 29,24,23 22,15,15 55,51,62 88,85,91 88,84,93 94,85,96 54,43,38 53,43,33 54,42,30 36,25,22 62,51,46 51,48,54 29,28,33 41,35,42 53,48,50 17,14,18 126,124,132 90,88,98 60,58,68
58,53,50 59,52,52 58,52,47 66,59,57 75,70,72 69,64,63 20,15,14 17,15,16 35,26,22 58,48,36 63,57,50 55,42,35 65,43,25 54,40,26 78,52,27 143,103,49 142,101,42 145,108,23 144,108,7 158,113,8 179,127,8 193,141,4 208,151,13 223,165,32 213,159,29 166,115,10 133,93,29 183,132,63 210,152,72 109,65,23 103,64,36 113,70,35 110,66,26 180,126,65 255,194,91 149,115,81 72,68,81 67,66,71 71,64,74 19,17,18 48,45,49 76,71,73 228,182,112 235,183,123 61,49,37 23,18,20 18,15,19 26,25,30 68,54,38 89,69,51 79,59,52 54,42,42 68,63,62 42,37,34 48,41,53 62,50,40 27,24,30 34,34,34 24,23,28 30,25,22 30,27,31 115,111,120 73,69,80 98,96,106
128,116,128 58,48,47 54,46,35 60,50,38 69,58,51 73,64,58 41,34,37 42,35,35 50,41,35 53,43,31 64,53,50 53,36,26 66,46,26 56,41,21 47,32,23 132,93,52 150,106,55 152,109,49 168,124,44 184,131,18 191,137,5 196,142,19 219,159,36 204,145,26 156,109,30 158,117,49 183,128,58 227,158,73 219,157,76 92,49,16 85,49,18 112,72,38 103,64,34 103,67,36 255,189,102 249,181,89 71,78,76 70,64,69 50,45,47 25,20,19 21,18,22 53,50,56 132,106,67 129,93,62 57,44,41 48,45,51 69,66,70 36,31,30 89,53,31 126,93,68 66,49,39 119,116,122 91,84,94 83,72,67 53,40,33 39,27,17 57,50,48 44,41,45 26,22,33 49,43,38 48,42,47 111,104,114 67,63,72 61,57,68
87,83,92 68,65,71 58,42,38 63,49,31 63,49,33 63,52,37 67,55,43 64,54,44 64,52,42 57,48,31 57,49,36 60,41,27 67,47,27 57,42,20 51,38,17 75,47,18 152,110,56 156,111,49 167,123,56 156,110,51 146,102,51 154,113,54 143,103,39 163,116,53 167,112,42 201,136,58 228,163,83 219,153,71 122,79,34 97,59,22 86,53,26 84,54,28 99,60,32 83,47,18 211,159,88 255,192,98 150,110,76 62,61,64 51,39,41 21,14,17 32,25,35 18,15,19 101,78,49 105,80,52 49,39,40 50,49,52 49,46,50 43,38,40 81,65,48 81,59,39 82,63,49 73,57,40 99,82,54 98,76,56 74,64,63 56,48,56 47,41,46 22,21,26 18,16,17 40,34,25 79,76,82 88,84,95 72,70,80 61,59,69
53,49,58 54,51,57 62,61,64 62,48,34 64,50,34 62,51,34 60,48,36 61,49,37 63,52,37 58,49,34 55,46,29 53,37,24 58,40,19 57,38,22 59,41,20 69,50,27 88,53,26 159,116,60 181,130,63 188,133,61 192,136,58 196,137,60 205,144,63 215,149,65 227,158,75 222,158,75 188,133,63 120,76,34 94,55,25 94,58,27 88,52,21 86,50,19 93,57,28 97,56,25 157,108,68 254,183,92 242,177,97 119,92,49 53,42,39 23,20,24 44,42,40 102,91,72 50,39,34 67,54,47 109,99,100 54,51,55 53,50,54 65,65,62 90,66,40 175,127,80 168,131,78 86,59,52 86,72,56 92,79,58 87,77,76 73,66,69 70,70,82 12,10,18 47,42,39 55,54,43 105,102,108 106,102,113 72,70,80 73,71,81
58,47,56 56,48,56 49,44,46 24,17,17 67,62,61 115,113,123 108,106,116 17,18,21 48,38,28 63,49,33 62,48,30 52,36,21 59,41,22 53,37,20 54,37,13 58,35,22 66,49,25 73,46,14 154,111,53 190,138,67 201,143,63 206,148,68 212,151,72 218,154,69 208,146,65 191,135,59 99,57,17 75,40,15 82,48,18 92,53,21 96,55,24 90,51,23 103,64,34 96,55,24 117,78,35 242,177,88 255,184,95 218,156,75 122,90,58 38,24,24 57,44,39 72,68,79 65,55,56 75,60,49 77,71,76 56,53,59 53,47,54 32,27,24 186,141,93 255,227,148 255,199,138 85,62,47 70,62,51 71,62,47 76,65,60 72,65,75 75,77,91 51,49,59 12,9,13 71,70,75 135,132,149 118,115,130 129,127,139 109,107,115
61,46,37 120,70,37 139,71,26 31,28,32 81,77,86 56,56,66 100,98,108 12,11,14 27,22,21 42,35,33 106,92,67 49,32,22 62,44,25 60,45,23 61,34,16 51,36,16 51,33,12 63,41,21 60,41,25 68,39,15 81,47,17 92,57,21 174,127,66 145,107,59 50,39,34 62,46,29 93,70,41 96,63,36 96,59,19 97,58,28 89,50,18 89,53,22 104,66,31 115,70,35 104,58,28 220,158,77 252,182,83 255,192,92 228,164,77 172,130,67 117,100,65 76,63,60 59,48,45 57,45,45 64,53,50 60,50,49 40,35,34 29,31,26 190,139,82 249,194,122 187,142,80 93,77,64 56,53,59 70,63,66 35,27,33 39,33,38 27,26,31 31,28,32 27,21,26 65,63,71 130,127,142 147,144,159 125,123,135 82,80,90
108,73,48 94,69,52 55,50,47 46,36,35 50,43,27 40,36,45 47,44,50 31,28,34 19,17,25 49,39,38 92,78,60 46,36,26 53,38,16 58,40,21 52,34,13 51,33,12 50,34,21 58,36,16 60,41,18 78,53,36 60,41,25 32,21,6 58,40,21 61,36,8 166,128,64 170,133,80 198,139,62 117,74,27 97,57,23 97,58,28 93,52,21 111,71,37 109,70,38 108,65,30 100,60,26 196,144,73 248,177,86 249,182,87 247,183,87 226,165,81 203,144,71 172,123,58 133,95,47 101,76,48 71,55,42 61,49,51 43,43,43 54,51,57 134,103,66 132,101,64 113,84,53 65,53,55 66,65,70 70,66,75 37,33,44 51,50,55 34,33,36 31,29,30 31,30,35 62,62,70 97,96,101 105,104,109 77,73,82 60,58,68
101,77,53 63,49,33 53,43,33 44,43,32 55,44,39 24,22,23 48,45,49 19,17,27 31,29,30 44,40,34 80,69,54 53,41,31 50,33,23 56,41,21 48,30,11 72,50,30 56,36,16 62,37,18 65,41,15 83,54,32 65,41,15 82,51,28 164,119,73 195,141,64 194,135,58 207,145,69 228,160,72 200,144,70 114,75,32 223,171,100 94,58,27 104,65,33 100,64,33 108,65,32 106,65,34 168,119,70 230,164,80 237,172,83 237,172,83 236,170,84 230,166,81 224,159,79 201,142,69 171,126,64 133,97,48 109,84,65 61,60,63 88,86,94 101,74,56 102,77,47 58,44,26 51,49,59 67,67,75 42,45,52 40,39,44 19,18,21 29,29,29 19,17,18 20,19,22 61,59,67 57,56,61 72,65,65 71,60,53 48,48,48
80,67,44 62,47,36 56,41,30 47,37,27 49,40,34 20,19,22 23,22,27 19,17,27 27,25,33 38,37,42 57,51,42 49,37,27 47,32,21 52,31,20 53,34,20 56,36,18 76,52,28 62,41,18 53,32,9 76,52,28 67,43,21 72,51,26 190,146,79 223,162,76 210,148,67 220,156,71 226,165,79 207,151,73 96,58,23 91,62,31 100,64,35 98,64,30 96,60,29 93,57,26 97,58,28 136,88,43 207,148,71 222,160,79 233,170,80 228,165,75 229,165,78 227,163,78 222,160,79 205,155,70 168,123,59 128,92,45 69,58,51 75,73,74 75,68,50 114,93,68 97,73,49 41,39,49 46,44,52 29,28,33 24,25,30 20,17,21 19,17,18 34,32,30 27,28,31 48,42,47 44,41,47 79,69,57 58,47,40 33,30,34
71,57,39 55,41,27 50,35,24 52,42,32 34,30,24 38,37,40 34,32,40 30,26,35 29,24,26 42,40,38 54,49,48 42,33,29 34,23,18 42,29,24 58,39,27 57,43,16 69,45,21 77,46,23 73,42,21 68,47,24 65,41,15 70,49,24 198,149,84 226,163,73 222,156,70 228,160,72 228,165,75 217,155,76 186,129,58 185,136,71 211,155,77 222,161,80 236,171,80 234,169,76 234,173,85 199,154,92 164,116,60 193,137,59 218,158,74 223,163,77 226,162,79 225,161,78 225,160,80 209,151,71 176,127,62 116,80,47 46,39,19 46,39,19 45,41,24 50,42,29 37,30,30 36,35,38 38,37,40 29,28,31 23,24,27 18,16,17 23,21,19 41,39,37 50,49,54 50,45,44 75,57,38 74,62,50 80,62,41 35,29,36
64,52,40 49,37,25 43,31,21 55,42,35 18,17,22 18,18,26 36,31,33 37,36,41 28,26,27 44,38,33 61,55,50 42,36,31 35,26,20 40,29,24 53,37,24 58,40,21 64,43,18 65,44,21 70,49,26 65,48,24 62,41,18 76,49,17 197,143,68 226,162,79 227,164,74 225,156,73 204,143,59 221,157,74 213,144,59 207,138,55 245,173,82 245,175,79 245,177,85 244,176,84 247,180,85 247,178,93 109,86,46 154,113,64 185,136,67 199,145,68 208,153,72 215,158,73 212,157,76 197,143,66 145,108,55 79,54,26 39,32,12 42,31,12 43,34,17 44,35,18 35,28,12 41,40,43 37,37,37 33,33,33 25,24,27 17,15,16 36,31,28 47,40,38 33,30,36 37,35,36 61,52,37 70,55,35 85,64,39 32,21,28
63,48,37 49,34,23 53,43,31 48,35,28 17,16,21 34,31,35 25,21,32 33,31,39 38,36,37 43,38,37 63,59,53 43,37,32 31,22,16 41,30,23 48,39,22 57,41,26 56,33,4 70,43,11 75,48,14 123,91,47 164,119,57 190,138,65 207,149,69 222,158,71 230,166,79 231,165,79 220,156,69 228,162,76 237,169,79 233,165,75 245,178,83 245,178,83 238,171,74 250,183,88 255,187,86 252,183,84 67,47,40 105,78,44 139,102,49 156,114,60 175,128,65 183,134,65 186,136,64 176,126,64 105,73,39 58,41,17 50,37,16 46,36,14 40,30,18 41,31,19 42,31,12 35,29,22 37,36,41 34,33,38 29,27,35 30,27,33 42,37,34 59,57,53 26,23,29 25,23,24 24,22,20 52,41,24 64,50,32 39,29,28