10,10,10 10,10,10 10,10,10 10,10,10 19,11,19 23,15,21 31,23,29 40,30,34 43,35,41 47,36,43 49,42,45 47,39,45 52,45,48 56,48,54 50,44,49 51,46,48 54,49,51 51,46,45 45,37,43 45,34,43 36,28,34 28,22,27 24,13,20 15,9,14 10,8,9 8,9,12 24,27,47 20,24,39 19,23,36 21,21,33 22,20,30 19,17,25 20,18,26 26,22,31 29,20,31 24,16,22 23,16,26 27,20,30 30,26,37 26,30,43 23,26,35 29,36,48 25,33,42 25,34,45 22,33,44 22,34,42 22,33,44 23,34,45 26,33,45 26,33,45 26,34,39 25,35,43 24,33,44 25,34,45 25,34,45 26,34,43 30,38,47 40,48,57 46,46,56 41,44,53 47,51,64 42,51,62 41,54,73 44,61,83
10,10,10 10,10,10 10,10,10 10,10,10 20,12,20 24,16,22 33,25,31 41,34,37 45,37,43 47,41,46 55,47,53 53,47,52 55,47,53 56,50,55 55,49,54 56,49,52 57,52,51 56,49,52 47,41,46 43,35,41 40,32,38 29,23,28 27,25,33 23,26,35 20,28,37 24,29,35 25,28,48 22,26,41 21,25,38 23,23,35 26,24,34 20,18,26 22,15,25 28,19,30 35,28,38 30,22,28 27,19,27 35,23,35 30,26,37 27,31,44 31,31,43 26,30,43 25,33,42 28,37,48 26,37,50 23,33,49 24,35,48 24,35,46 22,33,44 22,33,44 23,34,45 24,35,48 24,35,46 26,37,48 24,35,46 31,36,42 40,39,44 50,48,56 54,50,61 53,51,61 49,52,61 48,52,65 47,57,73 47,60,79
11,10,15 13,12,17 17,16,21 15,16,21 18,21,28 23,23,31 32,33,38 42,39,45 48,45,49 51,48,52 54,53,56 55,54,59 60,59,62 61,58,62 54,51,57 53,52,57 58,55,61 54,51,57 52,51,56 45,44,49 41,42,47 33,36,45 34,38,51 36,40,53 26,35,48 25,34,47 25,28,46 24,28,43 20,24,37 21,21,31 24,22,30 24,20,29 28,20,28 29,21,29 36,25,32 44,27,33 47,30,36 37,24,32 30,22,30 35,28,40 39,36,51 29,33,48 30,36,53 30,37,51 21,30,43 21,30,41 19,28,39 21,30,43 22,29,41 20,27,39 22,29,41 19,26,38 17,26,37 23,33,41 41,40,45 51,43,51 68,47,47 70,52,51 64,51,59 61,49,61 56,53,59 59,55,68 52,56,69 51,60,73
24,31,43 25,32,44 25,29,42 22,30,37 22,32,38 22,30,39 32,35,42 38,38,46 47,46,51 51,50,55 57,56,61 60,59,62 60,59,64 60,59,62 53,54,59 51,51,59 50,50,60 48,51,60 49,54,60 45,53,62 41,48,62 32,41,54 32,41,52 32,40,47 25,35,43 22,34,40 25,28,46 24,28,43 24,24,34 27,23,32 24,20,29 30,21,32 33,21,26 42,25,31 46,28,25 44,26,23 58,33,30 51,30,28 40,25,33 41,27,40 40,38,50 36,36,46 30,37,51 30,37,51 19,27,34 18,25,37 22,31,42 26,36,52 30,40,56 28,37,50 18,25,37 12,17,23 23,23,31 53,40,48 71,57,59 67,48,50 85,59,49 85,58,51 74,53,49 66,47,49 68,57,66 59,47,59 64,62,72 56,61,71
25,32,44 25,32,44 24,32,39 25,33,42 22,33,44 24,35,46 29,36,48 35,40,50 46,46,54 52,51,56 54,53,58 59,58,61 61,60,63 65,64,69 63,60,66 59,60,65 48,51,58 43,48,56 43,48,56 41,46,52 34,42,47 32,37,45 33,38,44 34,39,45 29,37,44 22,30,39 24,28,43 24,28,43 25,23,35 25,23,31 31,23,31 36,24,29 39,21,20 51,28,25 63,33,32 59,30,26 69,35,31 68,34,32 49,26,27 45,31,36 42,38,49 43,36,46 34,36,52 32,39,53 23,31,40 18,23,33 27,37,57 31,44,63 33,46,65 29,42,61 26,39,58 35,31,40 61,45,41 82,58,50 88,56,51 95,61,59 101,63,57 92,58,54 84,55,51 80,53,48 80,58,61 92,73,87 72,64,72 61,57,66
24,35,46 24,36,44 22,34,40 22,34,42 24,34,52 26,35,46 31,39,48 39,44,50 41,47,50 46,46,54 53,52,55 59,58,61 65,64,67 66,65,68 68,67,70 66,65,70 49,52,59 43,48,56 40,45,51 41,44,51 34,39,45 31,39,44 35,38,47 33,38,46 30,40,48 25,32,44 22,26,41 22,24,40 23,26,35 35,26,37 38,27,34 41,25,23 55,30,31 55,28,23 70,33,32 66,30,24 78,39,36 75,36,35 55,27,25 54,32,35 42,30,42 40,36,47 38,35,50 31,38,52 31,35,50 20,28,37 29,42,61 34,47,73 34,48,71 34,52,76 37,46,59 72,56,54 82,53,47 100,64,56 111,68,62 111,68,62 130,80,67 105,62,54 101,63,57 106,69,68 108,78,79 78,57,57 86,69,72 67,56,65
19,31,37 20,32,38 19,30,41 20,32,40 20,32,38 20,31,44 29,37,46 35,38,45 44,45,50 48,47,50 54,53,56 61,58,62 67,64,68 71,71,71 76,71,73 69,68,73 53,53,61 36,41,47 36,39,46 35,40,48 32,40,45 31,39,44 30,38,45 29,38,49 30,38,54 20,27,41 20,22,36 18,20,34 32,25,35 52,36,30 48,32,19 37,25,25 23,20,24 21,13,19 36,20,18 50,22,20 75,35,28 85,40,33 66,32,30 66,36,37 55,36,40 51,39,55 48,39,54 34,36,50 31,38,50 26,35,48 31,43,65 34,47,73 34,45,74 37,53,78 77,60,61 97,66,58 107,67,60 112,67,62 122,73,62 116,67,58 134,76,54 129,75,57 113,65,51 106,63,55 92,59,52 87,58,52 78,57,53 66,52,57
20,32,38 19,31,39 21,31,37 20,32,38 19,29,37 17,28,39 25,33,42 29,34,42 38,38,46 42,43,46 50,51,54 63,57,62 70,65,67 77,70,73 76,69,72 67,64,68 51,51,59 38,43,49 29,37,44 26,37,48 22,36,48 21,35,45 23,35,43 21,35,47 29,36,50 21,23,39 23,21,31 25,25,33 46,29,21 48,31,21 28,23,20 20,19,24 19,17,25 16,15,18 16,10,15 13,12,17 35,19,15 75,37,29 75,35,28 71,34,33 74,39,40 55,37,46 52,38,53 36,35,52 29,36,48 26,34,52 33,46,72 34,48,71 35,45,63 55,48,60 97,65,60 106,63,57 110,65,58 113,65,49 122,72,57 104,62,51 138,70,50 126,66,41 112,63,43 100,56,44 95,57,51 89,57,52 73,52,48 59,45,47
22,30,37 20,28,35 22,32,38 20,32,38 19,31,37 16,27,38 20,31,44 25,33,42 32,35,42 34,40,43 50,49,52 63,57,62 73,66,69 79,69,70 70,65,67 63,60,64 52,52,60 41,46,52 28,38,46 17,31,43 20,32,40 22,34,40 22,33,46 21,33,41 21,21,31 22,20,30 30,21,32 45,31,36 53,36,12 30,18,20 25,22,28 24,21,27 23,17,24 21,13,19 15,9,16 13,12,17 27,14,11 68,36,31 83,38,31 72,34,28 72,35,32 56,32,36 53,39,56 44,36,53 30,37,49 24,33,46 37,50,78 33,50,70 46,42,55 65,48,51 91,57,55 104,61,57 109,61,55 107,63,53 95,53,42 87,51,45 106,54,35 110,53,34 99,53,37 90,51,39 87,50,47 77,50,45 62,44,39 52,40,42
22,33,44 19,30,41 17,32,37 19,31,37 19,31,37 17,29,35 19,31,37 20,32,38 24,34,40 30,38,43 41,45,47 53,53,53 68,61,61 79,69,73 78,68,72 63,60,64 53,54,59 42,45,52 31,36,44 19,31,39 19,32,47 20,33,48 18,32,44 20,20,30 26,20,27 33,23,27 47,25,19 76,40,7 126,79,29 96,59,33 47,43,52 36,39,50 23,31,38 19,16,22 16,10,17 14,11,17 41,16,13 61,28,21 78,36,25 71,33,27 80,40,35 68,35,35 50,41,56 51,39,53 33,37,52 29,38,51 29,42,61 34,48,71 44,36,42 62,48,50 85,64,64 84,57,52 84,52,47 82,50,45 82,50,45 73,44,40 77,40,37 91,44,33 87,45,34 78,42,36 72,43,39 58,37,33 48,31,34 40,29,38
19,31,39 16,28,36 17,29,35 17,29,35 15,29,41 15,29,41 18,33,40 20,31,42 20,32,40 32,40,45 40,40,40 50,51,56 68,65,69 81,74,84 79,76,82 66,64,74 56,59,70 47,51,64 38,45,57 27,35,42 20,27,39 21,30,41 14,24,30 85,59,36 113,64,28 78,53,36 44,34,35 34,32,40 32,37,43 39,41,55 35,40,48 35,40,50 35,39,52 34,39,49 26,29,36 20,19,24 62,26,20 81,39,26 85,38,27 80,38,27 86,38,34 70,36,34 55,41,54 57,39,50 31,38,52 26,33,47 29,42,61 33,47,68 45,41,50 53,46,56 58,45,55 69,48,48 69,44,41 64,39,36 62,38,32 61,36,33 56,33,30 72,40,35 77,40,37 68,36,31 55,33,27 50,33,34 43,31,36 33,30,36
20,34,44 18,32,44 21,36,50 20,34,46 18,32,44 19,35,46 17,33,44 18,32,42 31,40,42 40,46,49 53,51,61 64,64,74 73,71,79 82,79,83 76,73,79 59,59,67 45,53,60 35,45,53 32,40,56 30,41,52 36,34,44 123,78,34 64,40,34 37,37,47 43,56,73 54,67,86 105,92,89 110,55,10 100,69,61 39,38,53 36,41,51 39,43,56 40,47,59 38,47,58 45,49,62 40,49,60 42,51,62 67,42,39 85,39,25 79,34,27 86,39,30 67,35,30 59,40,54 56,39,42 31,38,52 25,32,46 26,37,50 33,45,69 36,38,52 46,45,60 57,46,55 63,46,49 55,39,37 51,33,32 53,35,30 58,40,35 51,34,35 46,34,34 56,40,38 56,39,45 47,35,40 37,30,30 28,25,31 25,25,33
17,33,44 16,32,43 17,31,43 14,28,40 19,31,39 19,30,43 19,31,39 26,34,41 43,45,45 52,52,60 71,71,81 71,74,81 81,80,83 80,78,79 70,65,67 51,51,59 43,52,63 39,46,60 30,40,58 87,54,29 87,62,43 31,36,44 50,60,76 54,62,82 51,59,79 145,102,83 101,54,33 186,102,15 99,71,62 36,43,57 34,42,51 40,47,59 43,45,59 41,49,56 37,45,52 36,44,51 37,40,49 35,37,51 72,35,22 69,29,22 81,37,25 72,36,30 54,36,45 57,40,46 32,36,49 25,33,49 27,40,57 30,50,76 31,36,46 34,32,40 47,37,41 72,45,40 88,55,48 92,59,52 104,73,63 94,62,59 77,52,49 68,47,45 68,57,66 55,52,67 45,55,71 38,51,68 29,34,44 18,23,29
19,29,35 17,25,32 17,27,33 15,29,39 16,28,34 16,28,34 25,28,35 32,33,38 59,55,64 72,71,76 82,81,84 83,84,89 77,78,81 72,70,71 52,52,52 44,47,54 39,46,60 43,51,71 122,80,40 66,46,37 45,52,66 50,60,76 59,76,98 106,90,88 172,104,64 98,60,50 99,54,47 193,103,27 93,56,43 37,40,51 36,43,55 36,43,55 31,31,41 33,26,36 24,22,30 30,33,44 41,47,64 39,43,58 58,28,27 52,25,20 73,33,24 67,29,23 52,32,44 57,38,45 32,36,51 22,35,52 27,40,59 28,46,70 28,37,48 31,31,39 94,55,43 117,59,35 119,61,37 144,81,59 137,83,65 117,67,50 98,55,49 92,58,54 92,63,68 83,66,72 65,63,75 52,65,84 42,69,97 22,29,41
19,31,39 19,29,35 19,31,39 15,25,41 22,31,42 24,32,39 32,35,42 46,46,54 67,64,70 81,76,78 96,91,93 90,88,89 76,75,80 68,63,62 52,51,54 49,50,55 44,51,63 73,61,63 85,51,19 50,52,68 40,43,61 57,66,91 136,94,72 96,54,43 102,54,38 95,51,41 88,48,39 185,100,24 106,66,43 40,38,48 41,44,55 43,52,65 57,66,79 31,39,48 29,32,41 44,51,63 28,31,42 64,56,64 81,44,31 89,47,23 52,23,17 56,26,27 54,32,35 59,37,45 33,35,49 25,38,57 26,38,60 30,46,71 27,37,53 68,45,46 128,71,40 130,65,42 143,73,42 164,94,65 152,87,64 126,70,48 101,54,43 108,68,63 96,66,65 86,64,67 76,74,86 56,69,84 45,72,102 35,45,65
20,32,38 19,31,39 17,31,43 19,28,39 22,30,35 31,36,44 44,45,50 56,56,64 72,69,75 88,74,74 108,91,83 107,92,81 89,74,65 68,61,59 54,51,55 50,50,60 71,53,50 104,59,11 55,55,67 37,44,58 93,72,68 66,49,50 66,47,49 87,53,49 95,51,41 92,52,45 77,40,27 193,104,32 53,46,56 37,45,52 33,41,50 48,63,81 56,73,95 41,51,71 57,66,89 44,53,66 51,40,47 163,88,16 97,57,32 100,55,22 98,48,15 71,33,23 69,36,38 58,36,41 32,36,49 26,39,58 28,39,66 29,44,76 46,35,42 119,64,49 145,76,40 143,70,40 155,76,37 158,85,42 159,82,49 126,67,39 128,76,57 106,62,52 95,63,60 98,74,78 87,78,93 63,71,89 41,70,97 36,49,68
19,31,35 18,28,32 21,31,39 23,31,40 25,28,35 31,37,38 50,45,47 68,56,56 78,65,60 83,70,63 110,91,79 110,91,75 101,85,68 78,65,60 59,57,55 64,54,55 126,76,32 47,41,48 44,56,62 108,76,71 58,47,56 69,51,50 70,46,50 72,49,50 87,50,49 95,49,51 141,79,39 168,102,45 41,49,56 39,44,54 37,40,51 45,58,75 60,82,112 64,92,124 51,71,97 43,54,67 48,48,56 139,71,28 95,49,19 91,43,14 96,48,21 78,39,27 67,35,32 62,36,42 33,37,50 22,35,54 24,37,56 31,39,57 94,46,30 150,70,36 159,77,34 154,73,37 127,61,31 136,65,44 130,63,38 126,61,38 138,78,53 115,67,51 92,58,56 101,73,73 89,76,86 74,76,92 46,71,95 31,49,66
23,38,52 22,33,46 24,35,48 25,35,41 27,32,38 33,36,43 47,37,38 64,48,42 73,56,46 77,61,48 92,76,61 105,85,65 101,85,72 85,71,71 66,55,48 119,76,18 55,43,45 57,57,65 79,57,49 53,47,54 59,47,52 61,47,52 62,45,46 66,44,49 68,44,50 89,50,47 202,110,26 76,60,54 45,50,60 47,50,59 54,57,68 48,58,74 53,67,88 55,73,99 47,64,86 47,57,73 44,51,63 51,49,57 99,44,13 98,51,19 86,41,20 98,44,24 72,33,30 92,50,37 60,48,50 24,32,48 19,30,41 28,25,29 142,76,44 162,82,48 178,96,49 149,76,46 139,73,39 135,71,43 146,71,42 148,78,49 145,80,57 118,71,60 120,82,84 116,83,87 96,80,95 71,75,88 58,66,84 41,56,74
25,47,63 22,44,60 26,44,61 31,44,61 33,44,55 36,46,52 41,41,41 48,43,42 59,49,48 67,56,51 86,70,53 109,83,62 108,90,71 98,75,62 84,63,50 133,81,19 91,57,39 100,65,40 90,56,36 87,58,38 74,48,38 68,48,41 75,54,43 80,51,47 90,48,37 95,54,38 191,106,30 58,56,57 46,44,52 54,51,55 49,52,63 43,53,69 50,60,78 51,65,88 48,58,76 46,59,76 42,53,66 44,51,63 82,52,35 91,47,21 132,64,28 112,53,25 80,41,27 77,44,35 81,53,40 71,47,41 85,62,49 77,49,38 129,78,52 127,74,47 132,75,46 124,73,47 150,81,45 152,80,43 150,80,51 151,85,55 143,87,65 126,80,64 133,84,73 117,87,88 74,72,80 56,61,69 45,58,75 39,52,71
23,45,61 26,48,64 30,48,65 30,46,57 30,41,52 35,45,51 39,39,39 48,47,50 61,51,55 76,63,58 91,76,54 120,89,66 122,89,64 115,80,55 104,74,48 107,76,39 113,76,50 106,67,39 123,77,47 104,68,39 105,65,42 92,58,40 95,63,47 99,56,39 100,53,32 159,89,29 160,87,26 52,50,58 46,46,54 54,51,55 44,47,56 44,51,63 50,58,76 51,61,79 43,54,67 47,56,67 44,55,68 44,53,66 47,51,64 114,61,34 143,74,38 91,49,27 96,53,38 83,51,35 83,53,36 91,59,45 97,65,49 96,67,47 127,76,52 112,71,51 126,75,49 137,81,55 153,84,48 160,87,46 116,66,49 102,56,40 112,66,48 115,69,55 87,60,53 62,49,59 53,47,54 56,52,63 48,60,84 28,37,48
24,44,58 25,43,56 30,40,56 31,45,57 35,40,46 39,48,50 46,47,52 52,50,58 65,54,51 76,61,50 99,77,57 123,89,59 132,96,67 131,92,62 128,86,46 124,81,34 129,84,36 108,73,37 120,75,42 113,70,37 109,65,37 99,62,38 106,59,38 68,38,23 114,60,12 205,111,14 157,87,27 55,51,60 54,48,53 51,48,54 46,49,58 51,51,63 49,54,64 46,53,65 44,53,66 44,53,66 44,55,68 45,58,73 58,69,82 59,70,97 75,54,43 100,55,34 108,60,42 82,52,37 77,54,41 107,71,53 100,66,48 109,68,50 108,67,49 79,58,45 110,72,53 114,67,44 116,64,43 132,68,40 97,66,56 124,73,49 109,68,52 96,60,52 81,54,49 69,52,55 76,58,55 65,57,65 42,52,70 13,13,23
22,41,49 25,42,48 32,42,46 37,40,47 39,40,43 48,49,54 53,51,61 58,49,45 69,54,34 86,62,40 112,82,54 131,89,49 148,103,57 150,103,53 189,127,48 213,119,9 142,91,34 118,75,40 115,72,39 114,68,38 112,68,38 93,56,32 96,55,35 75,41,23 179,96,13 124,78,39 187,103,20 58,50,58 54,48,53 51,50,55 48,48,56 51,49,59 48,51,58 48,48,56 46,49,56 47,52,62 59,59,67 64,72,88 74,90,115 68,91,125 64,92,126 57,84,114 104,66,49 86,52,32 70,49,36 90,60,43 92,61,40 92,60,44 84,57,39 85,59,45 113,70,53 96,61,46 93,58,45 105,62,45 88,60,49 96,63,52 87,59,50 107,67,58 72,56,50 77,61,57 67,61,68 57,64,78 47,57,77 22,22,32
28,39,40 28,39,40 35,41,42 37,37,34 44,40,34 55,50,47 58,47,44 69,50,34 89,61,34 100,68,36 124,85,44 144,95,44 150,99,42 144,95,44 164,120,51 164,101,25 128,80,24 116,78,32 106,74,32 102,67,29 102,61,30 92,56,27 85,50,23 163,83,0 128,82,54 58,47,54 165,97,38 73,55,50 55,52,58 51,49,57 52,52,62 50,51,56 52,50,58 50,48,56 51,48,52 51,50,55 66,66,78 85,83,103 64,73,96 64,70,89 70,92,122 67,95,127 69,88,119 91,55,33 91,62,40 89,58,39 84,55,35 93,59,39 88,58,41 77,50,34 63,46,38 61,45,41 59,43,37 71,51,42 65,49,43 68,47,43 81,54,47 71,50,46 61,51,55 72,54,51 63,59,68 48,58,76 39,54,72 38,36,44
30,34,36 32,36,38 37,37,32 44,44,39 53,44,38 55,44,37 68,49,33 83,59,33 98,66,36 106,72,31 140,94,35 185,110,22 195,120,30 159,105,44 171,115,39 155,101,22 130,88,23 116,79,26 104,70,27 109,72,30 98,59,20 84,55,22 82,46,13 196,108,29 66,50,48 58,51,54 60,50,51 68,57,54 58,55,59 55,54,59 55,53,61 53,51,59 51,50,53 53,52,55 51,47,56 56,52,61 72,69,84 93,90,107 45,53,71 64,64,76 63,79,104 60,87,117 63,91,127 66,45,30 73,48,31 83,52,33 72,47,28 76,46,29 66,45,32 60,39,28 61,46,37 46,32,32 40,33,33 43,31,33 58,41,33 64,44,35 66,47,35 58,43,34 50,39,46 52,42,46 42,45,52 38,52,75 38,50,72 37,37,45
33,31,29 34,32,30 44,33,28 51,42,34 55,45,33 63,50,29 83,62,39 86,59,25 101,71,27 119,81,31 151,96,26 197,123,28 193,120,18 195,134,48 175,121,33 176,117,24 171,109,28 132,86,20 109,72,19 104,68,21 91,60,21 76,47,14 205,115,23 95,64,43 57,47,48 58,46,48 61,51,55 57,51,56 54,51,55 55,56,61 59,57,65 55,54,59 53,52,55 54,51,55 55,51,60 68,61,73 85,82,97 101,92,107 53,60,83 36,34,44 59,71,93 57,74,96 62,85,123 65,45,27 56,36,18 63,41,23 54,40,24 64,42,22 48,32,28 42,29,26 36,29,29 47,34,31 31,29,27 58,41,31 44,33,40 35,30,32 33,33,33 35,33,34 41,35,40 40,38,39 42,39,43 41,44,53 45,43,51 44,44,52
34,28,23 39,31,20 45,31,17 52,37,17 69,48,23 74,50,24 87,59,30 98,66,24 109,74,20 131,86,24 158,97,18 220,138,13 217,136,17 236,148,41 198,136,39 255,194,26 211,140,25 148,94,8 125,84,14 108,73,19 92,60,18 159,92,26 149,81,36 66,52,52 58,46,51 56,46,50 61,54,57 56,53,59 54,53,58 53,54,59 59,56,62 60,57,63 54,51,57 59,56,62 62,58,69 72,68,79 81,80,97 92,88,99 69,79,97 37,45,63 49,57,73 52,60,78 59,69,103 52,44,52 52,44,50 49,42,42 45,37,43 45,38,41 56,42,47 45,33,45 41,35,42 43,35,43 44,38,43 54,43,52 49,42,52 48,39,50 44,37,47 44,40,49 44,37,47 46,42,51 40,39,44 41,37,46 40,36,45 38,36,44
54,35,21 57,38,24 63,43,23 69,45,19 81,51,25 87,55,23 94,62,18 104,71,21 122,82,16 144,93,17 178,107,11 255,161,3 255,166,32 233,151,37 230,153,48 255,249,31 237,160,36 175,115,27 144,95,28 127,83,30 158,84,9 147,85,29 107,72,45 62,50,52 60,48,50 52,44,50 51,45,50 47,52,60 46,61,75 51,70,91 61,81,107 62,60,61 75,68,78 65,64,79 73,72,87 82,75,87 76,78,94 81,84,104 70,72,97 52,61,84 43,50,64 45,53,69 49,51,67 57,39,38 57,40,43 56,39,42 58,41,44 56,39,42 53,39,41 52,38,40 46,34,39 50,38,43 51,40,47 49,41,47 47,35,47 53,40,50 48,40,46 50,41,52 50,39,48 44,36,44 47,39,47 47,38,49 48,39,50 50,41,52
74,43,31 76,45,33 85,53,37 96,58,37 108,62,34 114,69,36 123,78,34 134,83,28 147,95,24 170,105,25 246,154,42 255,200,15 255,213,28 251,164,32 255,224,39 255,255,36 255,183,22 187,121,17 173,109,24 119,74,30 95,67,40 62,51,48 62,51,46 61,49,49 61,49,51 51,43,49 48,47,52 47,51,64 53,67,88 54,74,100 61,83,113 81,57,66 72,62,66 67,65,73 68,59,70 76,69,83 75,72,87 73,76,96 61,69,89 45,51,70 41,48,62 45,51,68 70,47,46 70,46,40 72,45,40 70,45,42 71,46,43 69,46,43 67,46,42 63,45,42 62,44,41 65,44,42 64,46,43 66,48,45 62,44,41 59,42,45 55,41,43 56,42,47 57,42,50 60,45,53 57,42,50 57,42,52 56,40,53 54,40,53
92,51,35 96,53,36 108,60,33 116,66,35 125,74,35 118,68,24 136,83,30 142,89,25 160,102,22 193,127,23 211,133,16 255,229,22 255,255,51 255,236,56 255,251,38 255,255,42 255,205,27 194,108,6 84,57,25 62,49,42 58,46,46 59,47,49 60,49,46 59,47,47 55,48,46 54,47,50 44,45,50 44,53,64 50,63,82 51,71,97 57,81,112 88,63,64 81,67,69 69,67,79 71,64,74 69,56,66 61,63,79 57,60,80 48,54,73 39,47,63 40,47,61 69,52,53 88,55,48 87,55,50 80,51,47 86,55,47 78,49,43 88,56,51 85,56,50 81,52,48 77,49,47 79,50,46 74,47,42 72,44,42 65,44,40 64,43,41 62,41,39 66,45,43 61,45,43 55,41,46 53,41,46 55,41,46 56,41,49 56,41,49
93,48,25 99,53,27 106,56,23 113,64,26 114,66,21 125,78,26 135,81,22 150,93,22 172,109,19 206,122,21 255,179,21 255,252,34 255,255,40 255,255,43 255,255,34 255,243,26 204,112,2 103,65,28 76,61,41 67,56,41 59,47,47 56,46,47 49,44,43 54,47,47 48,46,47 47,44,48 45,50,58 44,54,70 53,65,87 57,81,110 60,87,115 98,56,32 96,55,39 81,85,100 71,74,92 68,64,75 54,45,58 47,49,65 42,46,61 34,41,53 58,50,56 99,64,51 100,62,52 89,57,43 87,54,43 86,55,43 90,57,48 90,54,44 88,57,49 86,55,47 81,50,40 71,43,34 81,49,44 73,44,38 69,42,35 70,46,40 68,44,38 69,42,35 65,42,39 70,48,42 68,45,42 67,46,42 66,45,43 65,47,44
108,55,30 101,63,44 116,67,31 165,86,22 187,99,22 197,105,25 179,101,32 189,105,29 215,122,17 255,200,52 255,255,57 255,255,64 255,195,64 255,210,79 255,245,38 255,236,50 130,87,38 86,62,40 76,60,43 72,54,35 61,45,39 52,42,41 48,43,42 49,47,48 42,43,46 41,45,47 46,54,63 47,57,75 51,67,92 55,83,108 80,115,149 118,59,31 123,63,38 119,59,34 85,86,105 86,83,98 64,64,74 53,49,60 47,40,54 74,46,44 104,61,44 101,56,33 96,53,38 94,52,39 93,54,40 88,51,38 84,49,36 83,47,37 83,50,39 88,55,44 82,49,40 77,46,36 71,43,34 76,43,36 72,44,35 69,42,35 72,45,40 77,45,40 72,45,40 72,45,40 72,45,40 69,45,37 68,44,38 68,44,38
60,63,70 55,52,56 141,96,73 255,178,50 255,183,37 255,177,38 255,213,51 203,122,43 255,185,44 255,229,56 255,255,57 223,139,10 204,134,16 209,138,14 255,185,39 201,118,26 93,68,40 82,62,42 74,59,39 69,53,38 62,47,36 60,46,46 46,41,43 41,42,45 39,42,49 38,43,51 44,53,66 48,58,76 53,70,92 65,92,120 79,117,148 120,58,29 129,66,35 122,61,29 120,67,44 96,91,93 83,89,106 100,86,86 111,61,28 113,60,33 117,62,33 109,58,30 120,66,32 114,62,32 109,58,30 110,59,35 102,55,34 100,56,30 99,56,37 94,53,35 85,50,37 83,48,35 74,41,30 76,41,28 77,46,38 105,62,47 92,54,37 76,43,32 74,42,37 70,43,38 73,44,38 69,42,35 69,42,37 67,43,35
61,65,78 120,83,68 218,124,54 255,151,51 252,126,14 255,153,31 255,205,48 185,111,43 255,197,53 255,255,62 255,245,54 185,124,6 183,123,12 188,127,9 238,148,14 168,104,37 82,65,39 76,61,39 71,55,42 69,54,45 65,49,45 57,45,47 45,45,45 38,39,42 38,44,47 34,42,49 44,51,63 45,58,77 54,70,95 76,105,134 75,115,145 123,68,37 105,59,41 99,62,47 94,56,39 108,70,51 114,78,56 111,63,36 100,55,32 113,61,31 111,58,31 118,61,32 125,62,31 116,59,30 122,63,35 113,57,31 100,54,26 96,49,26 112,61,33 102,54,29 92,51,35 91,50,32 92,53,39 92,53,39 95,56,42 84,49,36 98,53,32 108,60,31 102,56,38 98,57,39 75,44,32 76,45,35 76,45,37 62,46,40
43,47,60 65,55,54 207,120,56 82,46,15 75,45,3 85,52,4 115,78,36 138,94,52 160,103,43 226,147,37 255,196,28 167,110,7 158,106,4 163,105,5 209,122,8 148,93,37 77,61,44 73,59,45 68,53,44 64,48,42 64,51,48 52,42,43 45,45,45 37,40,47 32,40,49 34,42,51 42,51,62 45,59,82 63,86,113 72,108,135 74,112,143 61,57,66 44,47,54 52,48,59 59,47,52 77,55,47 84,53,45 89,52,37 100,58,34 121,60,24 124,63,29 122,64,31 127,64,29 126,63,28 134,68,34 119,57,28 116,57,27 122,65,34 111,59,27 106,55,29 95,49,31 99,53,35 107,59,32 103,56,35 97,54,37 93,55,38 87,50,37 85,50,35 92,60,46 84,49,36 101,55,37 93,56,43 64,43,39 116,68,39
48,66,92 64,66,80 191,120,78 62,33,0 66,40,0 75,60,49 82,82,82 91,87,77 105,96,79 138,104,70 187,118,51 150,97,13 172,95,10 203,112,8 244,134,12 168,97,28 72,57,48 68,55,48 65,49,43 63,48,39 60,47,44 53,41,43 46,43,47 41,48,60 43,51,60 39,47,56 43,51,58 49,64,82 63,95,121 73,107,135 77,108,139 42,50,68 56,49,61 88,64,58 112,64,37 138,71,28 135,70,29 135,70,31 126,69,27 135,70,29 122,59,24 120,59,23 122,64,29 122,61,25 119,61,28 116,59,28 119,61,28 120,61,31 126,65,31 122,61,27 126,64,35 130,67,34 112,59,32 100,53,30 96,53,34 102,55,34 117,64,37 112,61,33 102,57,34 95,54,36 89,53,35 92,53,39 88,51,36 89,53,35
44,62,88 53,71,97 124,95,91 143,88,57 115,82,57 70,75,85 80,85,91 89,87,85 104,92,82 150,102,59 199,112,17 140,81,35 221,123,8 252,135,13 145,85,35 107,71,40 80,60,42 66,53,48 64,49,40 63,48,37 59,45,45 57,45,50 45,41,50 43,51,67 52,64,86 43,56,73 44,53,66 53,71,95 61,91,115 68,101,132 69,101,129 43,53,73 120,69,43 135,72,37 155,85,38 152,82,35 145,75,28 150,78,30 130,68,26 131,66,27 129,64,25 125,63,25 125,65,24 124,63,27 130,65,26 128,65,30 122,64,29 129,66,33 139,70,37 144,75,42 133,71,33 127,69,36 104,56,27 105,57,30 100,54,28 102,55,32 90,49,33 85,49,29 83,49,31 86,50,32 84,48,30 86,52,34 89,53,35 90,52,35