7,18,47 7,18,47 5,16,43 9,22,48 7,18,47 7,18,47 4,17,45 7,18,47 7,18,47 7,18,47 6,19,47 7,18,47 7,18,47 6,19,47 7,18,47 6,17,46 11,23,45 7,18,45 7,18,47 6,19,47 7,18,47 7,18,47 7,18,47 7,18,47 7,18,47 7,18,47 7,18,47 6,19,47 7,18,47 7,18,47 7,18,47 7,18,47 8,19,48 7,18,47 31,42,71 7,18,47 6,17,44 6,19,47 5,18,46 7,18,47 7,18,47 7,18,47 7,18,47 8,19,48 7,18,47 10,21,48 6,19,47 7,18,47 7,18,47 7,18,47 5,16,45 9,22,50 5,18,46 7,18,47 7,18,47 7,18,47 7,18,47 7,18,47 7,18,47 7,18,47 7,18,47 7,18,45 7,18,47 7,18,45
7,18,47 7,18,47 7,18,49 6,19,47 7,18,47 7,18,47 10,21,50 7,18,47 7,18,47 7,18,47 6,19,47 7,18,47 7,18,47 7,18,47 7,18,47 7,18,47 7,18,47 7,18,47 10,21,50 6,17,46 7,18,47 7,18,47 7,18,47 7,18,47 6,19,47 7,18,47 7,18,47 16,22,50 7,18,47 7,18,47 7,18,47 7,18,47 7,18,47 7,18,47 7,18,47 7,18,47 7,18,47 7,18,47 7,18,47 7,18,47 6,19,47 6,19,47 7,18,47 10,21,50 7,18,47 7,18,49 6,19,47 7,18,47 7,18,47 7,18,47 7,18,47 7,18,47 7,18,47 6,19,47 7,18,47 7,18,47 7,18,47 7,18,47 7,18,47 6,17,46 7,18,47 7,18,47 7,18,47 7,18,45
7,18,47 7,18,47 7,18,47 7,18,47 7,18,47 7,18,47 7,18,47 8,19,48 7,18,47 7,18,47 9,17,47 7,18,47 7,18,47 7,18,47 7,18,47 9,17,47 7,18,47 7,18,47 7,18,47 7,18,47 7,18,47 7,18,47 7,18,47 7,18,47 10,23,49 6,19,47 7,18,47 7,18,47 7,18,45 6,19,47 7,18,47 7,18,47 7,18,47 7,18,47 7,18,47 7,18,47 7,18,47 7,18,47 7,18,47 7,18,47 7,18,47 7,18,49 7,18,47 7,18,47 7,18,47 7,18,47 7,18,47 7,18,47 7,18,47 7,18,47 7,18,47 7,18,47 7,18,47 7,18,47 5,18,46 7,18,47 7,18,47 7,18,47 7,18,47 7,18,47 7,18,47 7,18,47 7,18,47 7,18,47
7,18,47 7,18,47 9,17,47 7,18,47 7,18,47 7,18,47 7,18,47 7,18,47 7,18,47 7,18,47 7,18,47 7,18,47 7,18,47 7,18,47 7,18,47 11,23,47 7,18,47 7,18,47 5,16,45 7,18,47 7,18,47 8,19,48 7,18,47 7,18,45 9,17,49 7,18,47 7,18,47 7,18,47 7,18,47 7,18,47 7,18,47 7,18,47 7,18,47 7,18,47 7,18,47 7,18,47 7,18,45 7,18,47 7,18,47 7,18,47 7,18,47 7,18,47 7,18,47 7,18,47 7,18,47 7,18,47 0,9,36 10,18,48 7,18,47 4,17,45 9,17,47 7,18,47 7,18,47 7,18,47 12,25,53 7,18,47 10,21,50 7,18,47 7,18,47 7,18,47 7,18,47 7,18,47 7,18,47 7,18,47
7,18,47 7,18,47 7,18,47 6,19,47 9,17,47 7,18,47 7,18,47 7,18,47 7,18,47 7,18,47 7,18,45 118,126,146 7,18,47 7,18,47 10,21,50 6,19,49 4,15,44 5,16,45 7,18,47 7,18,47 7,18,47 7,18,47 7,18,47 4,20,49 7,18,49 6,17,46 7,18,47 8,19,48 6,19,47 6,17,46 7,18,47 6,19,47 7,18,47 7,18,47 7,18,47 6,17,44 7,18,47 7,18,47 7,18,47 4,17,45 7,18,47 7,18,47 7,18,47 7,18,47 7,18,47 6,17,46 6,19,45 6,19,49 7,18,47 4,17,45 7,18,47 8,19,48 7,18,47 7,18,47 7,18,47 7,18,47 7,18,47 7,18,47 7,18,47 7,18,47 7,18,47 5,18,46 7,18,47 7,18,47
7,18,47 7,18,47 6,19,47 8,19,48 9,17,47 7,18,47 7,18,47 7,18,47 7,18,47 7,18,47 7,18,45 9,17,47 6,19,47 7,18,47 7,18,47 20,32,56 7,18,47 7,18,47 7,18,47 7,18,47 7,18,45 6,19,47 7,18,47 7,18,47 7,18,47 7,18,47 7,18,47 7,18,49 7,18,47 7,18,47 7,18,47 6,19,47 7,18,47 7,18,47 7,18,47 7,18,47 7,18,47 8,19,46 7,18,47 7,18,47 7,18,47 4,15,44 7,18,47 7,18,47 7,18,47 7,18,47 7,18,47 7,18,47 7,18,47 7,18,47 6,19,47 5,16,45 7,18,47 7,18,47 7,18,47 10,21,50 7,18,47 7,18,47 8,19,48 7,18,47 7,18,47 7,18,47 12,23,50 7,18,47
7,18,47 7,18,47 7,18,47 7,18,47 7,18,47 6,17,46 7,18,47 8,19,48 7,18,47 7,18,47 7,18,47 6,19,47 7,18,47 6,19,47 7,18,47 7,18,47 7,18,47 5,16,45 6,17,48 7,20,46 6,19,47 6,19,47 7,18,47 7,18,47 7,18,47 7,18,47 7,18,47 7,18,47 7,18,47 7,18,47 6,17,46 7,18,47 7,18,47 6,17,46 7,18,49 31,43,65 7,18,47 7,18,47 7,18,47 7,18,47 6,19,47 7,18,47 7,18,47 7,18,47 7,18,47 8,19,48 7,18,47 7,18,47 7,18,49 7,18,47 12,23,52 10,18,46 9,17,49 7,18,47 7,18,47 7,18,47 7,18,47 7,18,47 7,18,47 6,19,47 9,22,48 7,18,47 7,18,47 7,18,47
5,16,43 10,21,48 7,18,47 7,18,47 7,18,47 7,18,47 7,18,47 7,18,47 6,17,46 7,18,47 7,18,47 7,18,47 7,18,47 6,19,47 7,18,47 7,18,47 7,18,47 7,18,47 7,18,47 7,18,47 7,18,47 7,18,47 7,18,47 7,18,47 7,18,47 7,18,47 7,18,47 6,17,46 7,18,47 7,18,47 7,18,47 7,18,47 6,19,47 6,19,47 7,18,45 7,18,47 7,18,47 7,18,47 7,18,47 7,18,47 7,18,47 7,18,47 7,18,47 21,32,61 7,18,47 7,18,47 6,19,49 17,23,44 7,18,47 7,18,47 6,19,47 7,18,47 12,23,50 7,18,47 7,18,47 7,18,47 7,18,47 7,18,47 7,18,47 6,19,49 6,19,47 7,18,47 7,18,47 7,18,47
7,18,45 7,18,45 7,18,47 7,18,47 7,18,47 7,18,47 7,18,47 7,18,47 7,18,47 7,18,47 8,19,48 7,18,47 7,18,47 6,17,46 8,19,48 7,18,47 7,18,47 7,18,47 7,18,47 7,18,47 7,18,47 4,17,45 7,18,47 7,18,47 7,18,47 7,18,47 7,18,47 7,18,47 7,18,47 7,18,47 7,18,47 7,18,47 7,18,47 7,18,47 7,18,49 7,18,47 7,18,47 7,18,47 7,18,47 7,18,47 7,18,47 7,18,47 8,19,48 7,18,47 7,18,47 7,18,47 7,18,47 7,18,47 7,18,47 7,18,47 7,18,47 7,18,47 7,18,47 7,18,47 7,18,47 7,18,47 7,18,47 7,18,47 7,18,47 7,18,47 7,18,47 7,18,47 7,18,47 7,18,47
7,18,47 7,18,47 7,18,47 7,18,47 7,18,47 7,18,47 7,18,47 7,18,47 7,18,47 7,18,47 7,18,47 7,18,47 7,18,47 7,18,47 7,18,47 8,19,48 7,18,47 7,18,47 7,18,47 6,17,46 7,18,47 7,18,47 7,18,47 7,18,47 7,18,47 7,18,47 7,18,47 3,16,44 7,18,47 7,18,47 7,18,47 7,18,47 7,18,47 7,18,47 7,18,47 7,18,47 7,18,47 7,18,47 7,18,47 7,18,47 7,18,47 10,21,50 7,18,47 7,18,47 7,18,47 7,18,47 7,18,47 7,18,47 6,19,47 6,19,47 7,18,47 7,18,47 7,18,47 7,18,47 6,17,46 7,18,47 7,18,47 7,18,47 7,18,47 7,18,47 7,18,47 7,18,47 7,18,47 7,18,47
9,22,50 6,19,47 7,18,47 7,18,47 7,18,47 7,18,47 7,18,47 7,18,47 7,18,47 7,18,47 7,18,47 5,18,46 7,18,47 7,18,47 7,18,47 7,18,47 7,18,47 7,18,47 5,16,43 7,18,47 7,18,47 7,18,47 7,18,47 6,17,46 7,18,47 7,18,47 7,18,47 6,19,47 7,18,47 7,18,47 6,19,47 7,18,47 7,18,47 7,18,47 7,18,47 7,18,47 7,18,47 7,18,47 7,18,47 8,16,46 10,21,50 7,18,47 7,18,45 7,18,47 6,17,44 7,18,47 7,18,47 7,18,47 8,19,48 9,17,47 7,18,47 6,19,47 7,18,47 7,18,47 7,18,47 7,18,47 7,18,47 7,18,47 11,22,49 7,18,47 7,18,47 7,18,47 6,17,44 7,18,47
7,18,47 7,18,47 7,18,47 6,19,47 7,18,47 6,19,47 7,18,47 7,18,47 7,18,47 6,19,47 6,17,46 7,18,47 6,19,47 7,18,47 10,21,50 7,18,47 7,18,47 7,18,47 9,17,47 6,19,47 8,19,48 7,18,47 7,18,47 7,18,47 7,18,47 7,18,47 7,18,47 7,18,47 7,18,47 6,19,47 7,18,47 7,18,47 7,18,47 7,18,47 7,18,45 7,18,47 7,18,47 8,19,48 6,19,47 7,18,47 7,18,47 7,18,47 7,18,47 7,18,47 6,19,47 7,18,47 7,18,47 7,18,47 7,18,47 7,18,47 7,18,47 7,18,47 7,18,47 8,19,48 7,18,47 7,18,47 7,18,47 7,18,47 8,19,48 6,19,45 7,18,47 7,18,47 7,18,47 70,81,108
8,19,48 7,18,47 7,18,47 7,18,47 7,18,47 7,18,47 10,23,51 7,18,45 7,18,47 7,18,47 7,18,47 7,18,47 7,18,47 7,18,47 7,18,47 7,18,47 7,18,47 7,18,47 8,19,48 7,18,47 7,18,47 7,18,47 6,19,47 7,18,47 7,18,47 9,22,50 7,18,47 6,17,46 7,18,47 7,18,47 7,18,47 7,18,47 7,18,47 7,18,47 12,24,48 7,18,47 7,18,47 6,17,46 6,19,47 7,18,47 7,18,47 7,18,47 7,18,47 7,18,47 7,18,47 7,18,47 7,18,47 7,18,47 7,18,47 7,18,45 6,17,46 7,18,47 7,18,47 7,18,47 7,18,49 7,18,47 7,18,47 7,18,47 7,18,47 7,18,47 7,18,47 7,18,47 7,18,47 7,18,47
7,18,47 7,18,47 8,19,50 7,18,47 7,18,47 7,18,47 7,18,47 7,18,47 7,18,47 7,18,47 7,18,47 7,18,47 7,18,47 7,18,47 7,18,47 7,18,47 7,18,47 7,18,47 7,18,47 7,18,47 7,18,47 6,19,47 7,18,47 7,18,47 7,18,47 6,19,47 4,20,47 8,19,48 7,18,47 7,18,47 7,18,47 18,29,58 7,18,47 7,18,47 7,18,47 7,18,47 7,18,47 7,18,47 7,18,47 10,21,48 7,18,47 6,19,47 8,19,48 6,17,46 7,18,47 7,18,47 7,18,47 6,17,46 7,18,47 7,18,47 7,18,47 7,18,47 7,18,47 8,19,48 7,18,47 7,18,47 7,18,47 6,17,46 7,18,47 7,18,47 7,18,47 7,18,47 7,18,47 7,18,47
7,18,47 7,18,47 7,18,47 7,18,47 7,18,47 7,18,47 7,18,47 8,19,48 7,18,47 7,18,47 7,18,47 7,18,47 4,15,44 7,18,47 7,18,47 7,18,47 7,18,47 7,18,47 7,18,47 7,18,47 7,18,47 7,18,47 7,18,47 7,18,47 8,19,48 7,18,47 7,18,47 7,18,47 7,18,45 9,17,47 5,18,46 7,18,47 7,18,47 7,18,47 7,18,47 7,18,47 7,18,47 7,18,47 7,18,47 7,18,47 7,18,47 10,23,51 7,18,47 7,18,49 7,18,47 7,18,47 7,18,47 7,18,47 7,18,47 7,18,47 7,18,47 7,18,47 7,18,47 7,18,47 7,18,47 7,18,47 7,18,47 7,18,47 7,18,47 6,17,46 7,18,47 7,18,47 7,18,47 9,17,47
8,16,46 9,17,47 7,18,47 7,18,47 7,18,47 6,17,46 7,18,47 7,18,47 7,18,47 7,18,47 7,18,47 8,19,50 7,18,47 8,19,48 7,18,47 7,18,47 7,18,47 7,18,47 7,18,47 7,18,47 7,18,47 7,18,47 7,18,47 7,18,47 7,18,47 6,17,46 7,18,47 7,18,47 7,18,47 7,18,47 7,18,47 7,18,47 7,18,47 7,18,47 7,18,47 7,18,47 7,18,47 7,18,47 7,18,47 7,18,47 7,18,47 7,18,47 7,18,47 7,18,47 7,18,47 7,18,47 7,18,47 7,18,47 9,17,47 10,21,48 7,18,49 7,18,47 7,18,47 6,19,47 7,18,47 7,18,47 7,18,47 7,18,47 7,18,47 6,17,46 7,18,47 7,18,47 7,18,47 7,18,47
6,19,47 6,19,47 7,18,47 6,19,47 7,18,47 8,19,48 6,19,47 7,18,47 7,18,47 7,18,47 7,18,47 5,16,45 7,18,47 7,18,47 5,16,43 7,18,47 7,18,47 7,18,47 6,19,47 7,18,47 7,18,47 19,30,59 8,19,46 6,19,47 7,18,47 7,18,47 10,21,50 7,18,47 7,18,47 7,18,47 8,19,48 7,18,47 7,18,47 7,18,47 7,18,47 7,18,47 9,17,47 7,20,48 7,18,47 7,18,47 7,18,47 7,18,47 7,18,47 7,18,47 7,18,47 7,18,47 7,18,47 7,18,47 9,17,47 7,18,47 7,18,47 7,18,47 7,18,47 6,19,47 7,18,47 7,18,47 7,18,47 7,18,47 7,18,47 7,18,47 7,18,47 7,18,47 7,18,47 7,18,47
7,18,47 7,18,47 6,19,45 6,19,47 7,18,47 7,18,47 5,18,46 8,19,48 7,18,47 7,18,47 7,18,47 7,18,47 8,19,48 6,19,47 7,18,45 7,20,48 7,18,47 7,18,47 7,18,47 7,18,47 7,18,47 7,20,48 7,18,47 8,19,48 7,18,47 7,18,47 7,18,47 7,18,47 7,18,47 7,18,47 4,17,45 6,17,46 7,18,47 7,18,47 7,18,47 10,21,50 7,18,47 6,19,47 7,18,47 7,18,47 7,18,47 7,18,47 7,18,47 7,18,47 7,18,47 7,18,47 7,18,47 7,18,47 7,18,47 7,18,47 7,18,47 7,18,47 7,18,47 7,18,47 5,18,46 7,18,47 7,18,47 7,18,47 6,17,46 7,18,47 7,18,47 7,18,47 7,18,47 7,18,47
8,19,48 7,18,47 13,24,53 10,18,48 7,18,47 7,18,47 7,18,47 7,18,47 7,18,47 7,18,47 7,18,47 7,18,47 7,18,47 7,18,47 6,17,46 7,18,47 6,19,47 7,18,47 7,18,47 7,18,47 7,18,47 7,18,47 7,18,47 7,18,47 6,19,47 7,18,47 7,18,47 6,19,47 6,19,47 7,18,47 7,18,47 8,19,48 7,18,47 7,18,47 7,18,47 7,18,47 7,18,47 7,18,47 7,18,47 7,18,47 7,18,47 7,18,47 7,18,47 7,18,47 7,18,47 10,21,50 7,18,47 7,18,47 7,18,47 7,18,47 7,18,47 7,18,47 7,18,47 7,18,47 7,18,47 7,18,47 7,18,47 7,18,47 7,18,47 7,18,47 7,18,47 7,18,47 6,17,46 7,18,47
7,18,47 7,18,47 7,18,47 9,17,47 7,18,47 7,18,47 7,18,47 7,18,47 7,18,47 7,18,47 7,18,47 7,18,47 7,18,47 7,18,47 7,18,47 7,18,47 6,19,47 7,18,47 7,18,47 7,18,47 7,18,47 7,18,47 5,18,46 7,18,47 7,20,48 7,18,47 7,18,47 7,18,47 6,19,47 7,18,47 7,18,47 8,19,48 7,18,47 7,18,47 7,18,47 9,17,47 6,17,46 7,18,47 7,18,47 6,17,46 7,18,47 7,18,47 7,18,47 7,18,47 7,18,47 7,18,47 7,18,47 7,18,47 7,18,47 7,18,47 7,18,47 7,18,47 7,18,47 6,17,46 7,18,47 7,18,47 7,18,47 7,18,47 7,18,47 6,19,47 7,18,47 7,18,47 7,18,47 6,19,47
7,18,47 7,18,47 7,18,47 7,18,47 7,18,47 7,18,47 7,18,47 7,18,47 7,18,47 7,18,47 7,18,47 7,18,47 7,18,47 7,18,47 7,18,47 7,18,47 7,18,47 7,18,47 7,18,47 7,18,47 7,18,47 7,18,47 6,19,47 7,18,47 7,18,47 7,18,47 7,18,47 7,18,47 7,18,47 7,18,49 8,19,48 7,18,47 7,18,47 7,18,47 7,18,47 6,19,47 7,18,47 7,18,47 6,19,47 7,18,47 7,18,47 7,18,47 7,18,47 7,18,47 7,18,47 9,17,47 7,18,47 7,18,47 7,18,47 7,18,47 7,18,47 7,18,47 7,18,47 7,18,47 7,18,47 7,18,47 7,18,47 7,18,47 7,18,47 7,18,47 7,18,47 7,18,47 7,18,47 7,18,47
7,18,47 7,18,47 7,18,47 7,18,47 7,18,47 7,18,47 7,18,45 7,18,47 7,18,47 7,18,47 7,18,47 7,18,47 7,18,47 6,19,47 7,18,47 7,18,47 7,18,47 7,18,47 7,18,47 7,18,47 7,18,47 7,18,47 7,18,47 7,18,47 7,18,47 7,18,47 7,18,47 7,18,47 7,18,47 7,18,47 7,18,47 8,19,48 7,18,47 7,18,47 7,18,47 7,18,47 7,18,47 7,18,47 7,18,47 7,18,47 7,18,47 7,18,47 7,18,47 7,18,47 6,17,46 7,18,47 7,18,47 7,18,47 7,18,47 7,18,47 7,18,47 7,18,47 7,18,47 7,18,47 7,18,47 7,18,47 7,18,47 5,18,46 7,18,47 7,18,47 7,18,47 6,19,47 7,18,47 7,18,47
7,18,47 7,18,47 7,18,47 7,18,47 7,18,47 7,23,50 210,102,0 14,17,39 6,18,42 6,17,46 8,19,48 7,18,49 7,18,47 6,19,47 6,19,47 6,19,47 7,18,47 7,18,47 6,17,46 7,18,47 7,18,47 7,18,47 7,18,47 7,18,47 7,18,47 7,18,47 6,19,47 7,18,47 12,23,50 9,17,47 7,18,47 7,18,47 7,18,47 7,18,47 7,18,47 7,18,47 7,18,47 7,18,47 7,18,47 7,18,47 7,18,47 7,18,47 9,17,47 7,18,47 7,18,47 7,18,47 7,18,47 7,18,47 7,18,47 7,18,47 7,18,47 7,18,47 7,18,47 7,18,47 7,18,47 7,18,47 8,16,46 6,19,47 7,18,47 7,18,47 7,18,47 7,18,47 7,18,47 7,18,47
7,18,47 7,18,47 7,18,47 7,18,47 7,18,47 10,23,53 142,112,84 213,119,0 107,76,27 141,95,36 54,50,33 50,60,64 20,28,60 16,24,54 14,23,48 12,23,52 7,18,47 7,18,47 7,18,47 7,18,47 6,19,47 6,19,47 6,19,47 7,18,47 7,18,47 7,18,47 7,18,47 7,18,47 7,18,47 7,18,47 7,18,47 11,22,51 7,18,47 7,18,47 7,18,47 7,18,47 7,18,47 7,18,47 7,18,47 7,18,47 7,18,47 7,18,47 7,18,47 7,18,47 7,18,47 7,18,47 7,18,47 7,18,47 7,18,47 7,18,47 7,18,47 6,19,47 7,18,47 7,18,47 7,18,47 7,18,47 6,19,47 6,19,47 7,18,47 7,18,47 8,19,48 5,16,45 7,18,47 7,18,47
7,18,47 7,18,47 7,18,47 7,18,47 6,18,42 194,106,0 255,144,0 255,143,0 75,42,5 255,141,0 188,115,31 65,67,41 60,63,81 58,55,61 51,51,61 68,78,96 97,84,81 15,21,51 7,18,45 7,18,47 6,19,47 7,18,47 8,19,48 7,18,47 7,18,47 7,18,47 5,18,48 7,18,47 6,17,46 7,18,47 7,18,47 7,18,47 7,18,47 7,18,47 7,18,47 7,18,47 6,19,47 7,18,47 7,18,47 7,18,47 7,18,47 7,18,47 9,17,47 5,18,46 7,18,47 60,71,100 7,18,47 7,18,47 7,18,47 7,18,47 7,18,47 7,18,47 7,18,47 7,18,47 7,18,47 7,18,47 7,18,47 7,18,47 7,18,47 5,18,46 11,17,47 6,19,47 7,18,47 7,18,47
7,18,47 7,18,47 7,18,47 7,18,47 14,19,54 229,126,0 255,172,0 255,162,0 132,63,0 255,129,0 223,116,0 70,26,0 82,62,53 71,43,32 66,36,19 120,60,0 72,35,0 103,72,8 13,19,40 6,17,46 7,18,47 7,18,47 7,18,47 7,18,49 7,18,47 7,18,47 7,18,47 7,18,45 7,18,47 6,19,47 7,18,47 8,19,50 7,18,47 7,18,47 7,18,47 7,18,47 7,18,47 7,18,47 7,18,47 7,18,47 7,18,47 7,18,47 13,26,54 7,18,47 7,18,47 7,18,47 7,18,47 7,18,47 7,18,47 7,18,47 6,19,47 6,19,47 7,18,47 7,18,47 7,18,47 7,18,47 7,18,47 7,18,47 7,18,47 7,18,47 7,18,47 7,18,47 7,18,47 7,18,47
23,15,34 82,43,13 56,29,24 17,21,36 4,20,45 153,94,19 236,133,0 255,141,0 255,138,0 255,136,0 200,109,0 139,82,22 90,49,29 76,45,22 71,35,17 61,32,8 189,98,0 151,85,0 81,55,1 6,17,46 6,19,47 6,19,47 7,18,47 6,19,49 7,18,47 7,18,47 7,18,47 7,18,47 7,18,47 7,18,47 7,18,47 7,18,47 7,18,47 7,18,47 7,18,47 7,18,47 7,18,47 7,18,47 7,18,47 7,18,47 7,18,47 7,18,47 7,18,47 7,18,47 7,18,47 7,18,47 7,18,47 7,18,47 7,18,47 7,18,47 7,18,47 7,18,47 7,18,47 7,18,47 7,18,47 7,18,47 7,18,47 7,18,47 7,18,47 7,18,47 7,18,47 7,18,47 7,18,45 6,17,46
107,56,1 106,48,0 107,55,5 108,57,2 95,47,4 82,36,0 77,33,3 80,45,7 71,38,0 139,83,16 104,56,2 129,72,14 181,98,13 164,97,47 97,53,13 104,56,2 142,75,0 147,81,24 111,64,32 8,17,42 33,26,36 35,27,44 6,19,49 88,62,39 19,20,41 7,18,47 7,18,47 7,18,47 6,19,47 7,18,47 7,18,47 7,18,47 7,18,47 7,18,47 7,18,47 7,18,47 7,18,47 7,18,47 7,18,47 7,18,47 7,18,47 7,18,47 7,18,47 7,18,47 7,18,47 7,18,47 7,18,47 7,18,47 7,18,47 7,18,47 7,18,47 7,18,47 7,18,47 7,18,47 7,18,47 7,18,47 7,18,47 7,18,47 7,18,47 7,18,47 7,18,47 7,18,47 7,18,47 6,19,47
105,51,0 102,47,0 105,52,0 98,52,0 105,51,0 122,63,4 103,50,0 92,52,18 133,77,30 103,41,0 46,29,5 41,20,5 138,72,0 222,123,2 255,174,66 156,127,96 180,106,34 176,103,26 104,63,36 15,24,49 167,101,44 66,31,0 4,15,42 74,58,41 9,18,43 6,19,47 9,17,47 7,18,45 25,21,32 17,24,47 7,18,47 7,18,47 7,18,47 7,18,47 7,18,47 7,18,47 7,18,47 7,18,47 7,18,47 7,18,47 7,18,47 7,18,47 7,18,47 7,18,47 7,18,47 7,18,47 7,18,47 7,18,47 7,18,47 7,18,47 7,18,47 7,18,47 7,18,47 7,18,47 6,19,47 7,18,47 7,18,47 7,18,47 7,18,47 6,19,47 7,18,47 7,18,47 7,18,47 7,18,47
77,61,48 81,46,21 100,55,9 89,42,0 114,62,0 102,47,0 97,48,0 164,80,4 140,67,0 190,96,0 185,94,0 70,42,4 64,42,8 153,92,6 75,46,13 77,49,22 78,61,51 158,101,41 56,38,33 48,41,41 231,144,47 188,114,46 64,45,47 137,82,26 13,22,47 5,21,46 4,20,49 31,44,45 73,47,26 11,17,38 7,18,47 7,18,47 7,18,47 7,18,47 7,18,47 7,18,47 7,18,47 7,18,47 7,18,47 7,18,47 7,18,47 7,18,47 7,18,47 7,18,47 7,18,47 7,18,47 7,18,47 7,18,47 7,18,47 7,18,47 7,18,47 6,19,47 7,18,47 7,18,47 7,18,47 7,18,47 7,18,47 7,18,47 7,18,47 7,18,47 7,18,47 7,18,47 6,19,47 7,18,47
172,100,36 143,78,18 114,60,12 100,58,34 79,53,39 69,39,24 77,34,1 112,61,8 179,83,0 191,85,0 40,22,1 62,34,7 189,99,0 187,104,0 40,21,0 74,47,13 99,67,35 85,63,45 105,82,67 191,116,48 197,116,39 173,105,33 150,86,19 140,83,25 80,79,72 97,86,69 96,86,74 28,28,38 66,40,15 6,17,44 7,18,47 7,18,47 7,18,47 7,18,47 7,18,47 7,18,47 7,18,47 7,18,47 7,18,47 7,18,47 7,18,47 7,18,47 7,18,47 7,18,47 7,18,47 7,18,47 7,18,47 7,18,47 7,18,47 7,18,47 7,18,47 7,18,47 7,18,47 7,18,47 7,18,47 7,18,47 6,19,47 6,19,47 6,19,47 7,18,47 7,18,47 7,18,47 7,18,47 7,18,47
109,62,28 137,81,34 129,70,22 124,69,24 97,51,14 122,72,30 139,76,25 161,96,41 99,54,21 83,52,44 43,30,27 89,51,16 93,51,11 85,48,8 88,49,8 91,45,4 46,25,14 51,32,7 138,78,24 152,87,27 146,78,6 146,75,4 131,68,1 102,52,0 131,80,25 82,52,24 99,59,25 91,52,20 20,23,45 7,18,49 7,18,47 7,18,47 7,18,47 7,18,47 7,18,47 7,18,47 7,18,47 7,18,47 7,18,47 7,18,47 7,18,47 7,18,47 7,18,47 7,18,47 7,18,47 7,18,47 7,18,47 7,18,47 7,18,47 7,18,47 7,18,47 7,18,47 7,18,47 7,18,47 7,18,47 7,18,47 7,18,47 7,18,47 7,18,47 7,18,47 7,18,47 7,18,47 7,18,47 7,18,47
97,54,46 96,54,41 114,68,52 89,48,19 127,69,32 129,74,31 120,63,19 115,62,21 101,55,14 127,72,20 128,76,28 142,84,31 131,76,33 117,79,58 52,29,26 75,30,0 113,65,9 62,30,0 101,57,4 122,66,0 121,64,0 144,77,0 114,63,0 148,73,3 118,65,8 49,25,0 102,55,3 68,39,6 7,18,47 7,18,47 7,18,47 7,18,47 7,18,47 7,18,47 7,18,47 7,18,47 7,18,47 7,18,47 7,18,47 7,18,47 7,18,47 7,18,47 7,18,47 7,18,47 7,18,47 7,18,47 7,18,47 7,18,47 7,18,47 7,18,47 7,18,47 7,18,47 7,18,47 7,18,47 7,18,47 7,18,47 7,18,47 7,18,47 7,18,47 7,18,47 7,18,47 7,18,47 7,18,47 7,18,47
88,43,49 80,40,42 76,38,40 86,47,44 97,54,48 87,50,49 88,49,35 88,56,42 60,33,17 117,67,34 121,67,29 108,61,27 108,62,23 109,68,39 100,51,13 134,74,31 139,79,36 119,71,42 105,63,39 75,51,45 93,49,7 131,71,1 112,59,4 106,58,2 66,34,2 78,45,8 84,45,6 75,41,7 7,18,47 6,19,47 7,18,47 7,18,47 7,18,47 7,18,47 7,18,47 7,18,47 7,18,47 7,18,47 7,18,47 7,18,47 7,18,47 7,18,47 7,18,47 7,18,47 7,18,47 7,18,47 7,18,47 7,18,47 7,18,47 7,18,47 7,18,47 7,18,47 7,18,47 7,18,47 7,18,47 7,18,47 7,18,47 7,18,47 7,18,47 7,18,47 7,18,47 7,18,47 7,18,47 7,18,47
66,32,41 69,33,43 79,36,51 75,36,47 78,39,50 77,38,47 76,41,44 76,41,44 78,40,44 75,40,41 68,36,33 92,53,41 56,33,22 51,28,13 90,59,38 103,52,24 91,49,25 101,55,27 109,66,31 46,20,0 114,69,36 114,67,35 99,55,27 97,54,35 70,40,14 89,51,14 43,33,21 42,29,22 8,19,50 9,17,47 32,23,17 6,18,42 8,19,50 7,18,49 6,19,47 6,19,47 6,18,51 7,18,47 7,18,47 7,18,47 7,18,47 7,18,47 7,18,47 7,18,47 7,18,47 7,18,47 7,18,47 7,18,47 7,18,47 7,18,47 7,18,47 7,18,47 7,18,47 7,18,47 7,18,47 7,18,47 7,18,47 7,18,47 7,18,47 7,18,47 7,18,47 7,18,47 7,18,47 7,18,47
62,25,41 66,29,45 66,29,45 67,31,44 70,31,45 70,34,47 60,29,37 68,32,45 69,33,41 70,34,44 74,38,46 77,38,47 77,39,45 77,39,41 77,40,39 60,31,25 94,52,39 82,46,28 62,32,17 78,43,30 90,45,22 87,42,21 85,51,29 99,52,31 68,37,18 80,43,19 89,51,30 93,55,36 70,43,27 66,46,37 67,27,29 45,24,24 31,38,50 9,17,45 57,25,41 46,20,29 11,23,47 6,19,49 7,18,47 7,18,49 7,18,47 7,18,47 7,18,47 7,18,47 7,18,47 7,18,47 7,18,47 7,18,47 7,18,47 7,18,47 7,18,47 7,18,47 7,18,47 7,18,47 7,18,47 7,18,47 7,18,47 7,18,47 7,18,47 7,18,47 7,18,47 7,18,47 7,18,47 7,18,47