41,15,24 41,15,24 39,16,17 42,15,27 41,15,21 51,30,7 53,29,7 37,13,22 50,28,10 44,25,9 40,35,37 42,36,41 42,36,41 40,33,43 40,34,39 39,34,36 37,31,36 36,30,35 37,29,35 34,34,34 36,35,38 37,29,35 36,30,35 33,30,34 31,30,33 34,31,35 34,31,35 36,30,35 37,29,37 34,33,36 31,14,20 34,10,19 38,14,23 39,13,22 43,14,24 35,11,15 39,14,15 36,10,19 35,11,17 34,12,17 33,11,16 27,10,13 29,15,17 12,10,8 18,13,10 31,25,18 20,19,12 10,10,10 33,29,38 28,29,34 31,31,31 32,31,34 34,33,38 32,31,34 33,31,39 34,32,40 33,32,37 33,32,35 33,32,37 33,30,34 32,29,33 33,33,33 33,32,37 34,33,36
42,16,25 42,16,25 40,17,18 41,14,26 41,15,21 62,33,9 62,33,11 49,24,21 57,33,11 49,27,7 42,36,43 32,21,18 24,14,18 43,37,44 34,28,33 41,36,38 39,33,38 39,36,40 41,33,39 36,35,38 38,35,39 38,30,36 39,33,38 36,35,38 34,31,35 40,34,39 38,35,39 36,30,35 37,31,36 36,30,35 32,17,25 39,10,20 42,13,23 43,14,21 48,14,21 45,12,16 50,15,18 44,13,21 41,15,19 39,13,19 39,13,22 31,12,14 35,22,17 12,10,8 19,14,11 28,27,18 18,16,12 12,9,13 33,30,34 32,33,38 36,35,40 34,33,36 36,34,42 34,33,38 34,33,38 35,32,36 33,30,34 37,36,39 34,31,37 35,33,34 32,29,33 33,33,33 34,33,36 34,34,34
49,21,21 49,21,21 51,24,19 47,17,18 45,14,22 78,38,13 85,41,15 89,42,10 89,43,15 74,37,13 55,30,13 42,26,13 32,20,20 48,40,48 26,16,17 22,15,15 26,16,20 40,30,34 39,33,38 23,16,19 40,37,41 42,36,41 42,36,41 35,32,36 37,34,38 41,35,40 41,35,40 39,33,38 39,33,38 40,32,38 35,18,24 47,13,25 57,15,22 60,15,19 69,18,21 62,13,14 65,16,17 53,13,19 51,13,17 46,15,21 46,12,21 65,44,40 26,21,9 19,14,11 17,16,9 30,26,18 31,30,23 32,22,10 58,45,24 43,32,27 36,35,38 36,34,42 36,35,40 36,34,42 36,35,40 35,32,36 37,36,39 33,30,34 35,32,36 36,36,36 37,36,41 37,34,38 39,38,43 36,30,35
69,28,12 74,33,17 77,36,16 64,28,20 61,24,23 90,46,18 78,41,17 94,59,21 81,37,7 81,40,13 78,36,12 62,31,10 44,25,13 28,18,17 26,16,17 26,16,17 28,18,19 40,30,34 38,30,36 28,18,19 42,36,43 26,21,23 26,16,17 39,33,38 24,14,18 28,18,22 24,14,13 39,34,36 28,18,19 26,16,15 42,18,24 34,21,18 69,16,18 72,20,19 40,20,13 75,18,15 79,19,17 65,17,13 61,14,19 60,13,18 55,14,14 48,13,16 42,13,18 14,7,5 21,19,20 27,22,21 16,16,16 11,7,0 21,16,15 54,30,0 34,34,42 38,35,41 37,34,38 36,34,42 37,36,39 39,36,40 37,34,38 35,32,36 39,38,41 34,33,36 36,35,38 40,39,42 39,36,40 41,40,43
104,43,11 104,44,3 103,54,14 103,37,7 81,33,15 108,63,19 95,48,16 76,59,22 114,77,24 88,65,23 72,52,22 59,45,29 48,36,26 30,23,21 26,16,20 27,15,17 28,18,22 29,19,23 30,20,24 30,20,24 30,20,21 30,20,21 28,18,19 29,19,20 26,16,17 25,15,16 27,15,17 40,30,31 35,19,17 35,19,13 52,22,21 50,27,12 82,20,18 87,23,22 53,26,8 92,22,12 105,29,16 81,23,11 73,22,14 67,15,14 75,14,19 61,16,11 92,66,56 26,21,23 34,31,35 24,23,28 38,23,14 34,17,7 55,29,15 37,18,6 39,33,38 39,36,40 37,36,39 38,35,39 40,37,41 37,34,38 35,32,38 41,40,45 38,35,39 41,40,43 40,39,42 40,39,44 41,37,46 37,36,41
167,57,0 255,100,0 255,126,0 161,68,11 105,40,17 130,74,27 101,50,11 80,51,0 79,60,21 79,58,17 83,64,29 81,47,17 47,38,23 32,30,28 28,18,19 26,16,20 28,18,22 35,25,29 33,27,32 33,25,31 33,23,27 31,19,21 26,16,17 28,18,19 25,15,16 24,14,13 33,20,17 34,21,18 43,23,14 57,32,15 73,37,15 77,35,11 81,37,11 79,37,13 82,40,18 108,34,9 127,43,12 105,36,7 87,30,13 77,22,18 77,20,21 20,14,9 13,11,9 13,11,12 32,29,33 17,15,16 20,13,13 44,29,18 46,20,8 61,34,16 33,27,22 39,36,40 38,37,40 38,35,39 39,38,41 37,36,39 41,38,42 42,39,45 41,38,42 38,35,39 39,38,41 48,47,52 45,44,49 44,43,48
255,112,0 255,107,0 255,103,0 245,101,0 126,50,10 143,86,28 108,52,16 157,100,31 178,100,20 167,89,20 93,61,15 108,58,16 77,38,10 55,34,9 30,20,19 28,18,19 26,19,22 35,29,36 37,45,52 26,34,43 25,32,46 27,34,46 34,42,47 28,29,34 28,18,19 29,17,19 33,20,17 32,27,26 39,29,19 66,50,35 65,45,25 91,57,25 77,45,13 84,44,10 100,46,10 139,48,11 236,131,32 255,160,40 119,41,11 92,31,15 85,27,17 30,22,9 19,13,8 14,12,13 16,14,15 15,10,12 16,9,9 33,20,15 32,21,18 16,11,8 40,39,42 40,37,43 40,37,41 42,39,43 40,37,41 47,46,51 43,42,45 48,47,50 43,44,47 40,37,41 38,35,41 44,43,48 45,37,43 41,38,42
255,149,0 255,148,0 255,143,0 255,145,0 150,56,13 167,97,35 113,56,12 92,62,18 136,91,29 173,97,16 157,82,19 126,71,19 83,47,16 71,45,24 35,22,17 29,19,20 31,20,27 38,35,41 39,47,54 31,36,46 35,35,43 34,36,50 37,45,54 28,33,39 28,18,19 28,18,17 30,21,15 37,35,31 57,48,40 45,38,20 60,43,19 91,70,29 81,57,20 120,82,34 120,50,1 162,69,12 251,90,0 255,93,0 135,51,7 103,35,15 91,50,32 28,20,9 13,11,9 18,16,17 16,14,15 13,11,12 27,15,15 35,19,13 31,17,19 15,8,8 42,39,43 47,43,52 53,50,56 46,44,52 54,52,62 47,45,53 55,53,61 48,46,54 50,48,56 46,43,49 46,44,52 40,39,42 44,41,47 41,38,42
255,140,0 255,164,0 255,171,0 255,162,2 159,62,13 166,95,26 125,64,17 161,99,27 186,97,12 161,79,7 77,55,8 59,41,11 71,53,32 58,44,28 39,27,17 28,18,19 30,18,20 42,39,45 53,50,54 23,27,31 52,36,30 53,42,35 18,26,31 22,30,35 29,19,20 28,18,17 35,19,13 52,46,41 58,51,35 57,43,18 71,49,15 114,84,38 99,70,19 117,75,21 140,60,1 202,81,0 255,146,0 255,143,0 150,61,5 114,38,14 107,73,51 30,22,9 13,11,12 17,15,16 18,16,17 13,11,12 34,21,16 35,19,17 32,18,20 19,7,7 38,37,40 54,50,59 58,51,61 58,56,64 65,61,70 59,55,64 57,55,65 54,52,62 52,50,58 53,51,59 46,44,52 43,44,47 42,39,43 42,40,41
213,91,0 255,130,0 255,136,0 233,112,26 156,64,9 165,94,25 145,90,36 133,70,0 169,93,10 170,95,23 156,78,9 149,85,25 111,67,25 43,33,21 43,26,16 28,18,17 30,20,21 46,44,52 38,50,58 49,50,53 50,39,36 59,48,43 22,27,35 36,41,47 31,19,19 33,19,19 39,22,14 63,39,31 74,50,24 87,55,25 82,53,18 151,98,32 155,106,41 137,84,18 145,64,1 205,92,15 255,172,0 255,157,0 154,59,12 115,39,17 75,57,36 26,22,12 15,10,9 16,14,15 13,11,12 12,10,11 32,19,14 30,19,16 32,19,16 31,18,11 30,28,29 60,54,61 73,65,73 74,63,72 73,65,73 71,63,69 69,61,69 68,61,71 60,56,65 63,59,68 57,49,55 54,49,51 50,37,34 65,45,36
162,64,4 242,111,0 255,154,0 177,74,7 158,61,10 222,123,32 241,141,27 228,123,12 117,68,3 95,64,4 80,53,10 63,44,9 57,40,12 73,61,49 43,28,19 29,19,20 35,21,23 48,51,62 27,38,51 28,36,54 49,42,40 39,38,43 42,52,60 41,49,56 32,20,20 36,19,20 38,22,16 67,54,47 75,50,22 111,69,31 134,84,40 189,97,13 138,76,20 164,102,21 148,66,0 192,87,18 255,127,0 245,99,0 137,50,5 106,38,16 38,29,14 18,17,10 16,14,15 27,25,26 16,14,15 16,14,15 35,17,14 17,10,10 33,20,13 38,23,14 25,24,27 75,67,75 85,71,76 85,71,73 50,43,53 54,47,57 58,54,63 61,59,69 74,67,79 76,64,66 90,76,81 99,81,78 126,102,94 148,107,87
127,45,18 162,73,0 190,69,0 163,63,15 160,65,2 252,111,0 255,109,0 253,107,0 134,71,4 135,94,35 127,91,33 128,92,45 105,75,47 74,65,61 45,30,21 32,22,23 36,22,27 56,55,70 27,37,55 26,34,52 59,52,52 39,37,47 25,34,47 45,54,67 34,20,20 31,21,22 37,21,19 62,58,52 88,52,32 119,69,38 139,92,42 171,83,4 245,102,0 252,109,0 152,69,0 178,77,21 255,163,0 168,81,0 113,40,12 96,32,15 28,24,16 19,19,14 21,16,18 32,30,31 18,16,17 18,13,15 34,18,14 16,9,12 35,23,13 39,19,12 37,32,34 87,73,73 100,79,75 105,87,84 65,57,65 77,68,79 75,68,78 70,66,75 72,61,68 61,51,55 71,54,57 94,72,66 131,105,93 172,136,114
106,31,11 126,41,13 135,49,17 143,52,8 172,74,3 255,143,0 255,148,0 255,142,0 193,121,34 161,87,19 142,103,46 123,93,51 55,45,33 74,68,73 47,31,29 36,26,27 40,26,28 60,64,79 29,39,59 54,57,64 24,41,61 28,37,60 28,38,56 53,61,79 39,25,27 32,22,23 38,22,20 61,56,53 80,49,30 102,56,26 147,79,34 174,100,28 255,158,0 255,151,0 162,72,0 166,77,25 160,54,19 116,41,12 97,33,16 93,28,18 27,28,20 23,18,15 17,15,13 35,33,34 21,16,18 25,15,19 35,20,11 19,13,18 36,21,12 38,23,12 52,45,48 108,87,85 117,90,83 120,92,90 83,71,76 70,62,70 84,77,89 74,67,79 91,83,89 103,85,84 127,99,88 147,114,103 112,94,89 169,124,103
93,27,22 105,33,16 123,37,16 142,51,9 176,75,7 255,168,0 255,199,0 255,173,0 183,112,25 155,105,33 121,88,40 94,82,54 91,79,69 46,51,61 43,29,31 37,27,31 41,27,32 68,71,91 24,40,65 26,42,67 28,41,67 26,42,67 25,43,67 53,69,94 40,25,35 37,25,30 44,27,17 71,65,60 85,68,42 93,69,36 127,70,26 172,103,38 255,175,0 255,168,0 149,71,0 152,69,20 142,44,18 100,31,16 86,31,18 81,30,22 34,33,24 22,22,19 21,16,18 30,25,27 21,19,20 31,20,17 41,21,14 22,17,19 34,22,12 40,25,16 76,64,66 112,88,82 133,102,94 127,96,86 101,84,85 75,69,76 117,105,110 93,59,29 35,22,19 88,78,82 43,30,27 85,68,74 80,72,78 153,110,91
82,20,22 104,27,21 117,34,17 140,47,15 164,69,4 255,138,0 255,182,0 255,146,0 191,120,24 150,106,37 125,99,49 104,87,59 73,72,65 56,60,73 40,28,30 38,28,32 42,28,33 55,62,76 47,56,79 23,42,75 29,47,75 29,47,73 27,46,77 43,53,45 41,26,34 45,31,33 50,30,21 62,49,28 71,47,23 107,56,28 112,74,37 149,92,32 255,125,0 255,116,0 139,64,1 152,71,19 137,44,14 97,28,13 84,28,22 73,25,19 29,25,19 27,27,24 27,20,23 31,24,27 23,21,22 35,22,19 47,27,18 22,17,19 36,20,14 37,22,13 94,82,82 116,90,80 141,104,91 147,108,96 105,84,82 81,70,77 112,76,66 105,73,29 46,33,26 87,74,82 52,43,39 71,58,51 112,81,69 126,93,84
79,19,21 108,27,18 119,35,20 141,49,12 158,71,5 230,120,0 255,127,0 231,116,0 179,110,25 167,122,49 131,107,52 109,93,62 80,70,58 83,76,76 43,31,33 42,32,36 43,28,38 62,65,72 69,70,75 31,49,77 41,45,60 69,64,66 41,60,79 66,71,81 44,32,37 50,33,34 57,34,23 69,69,64 69,59,47 77,47,21 97,58,28 103,62,33 185,89,0 213,98,0 161,81,11 255,154,0 155,63,10 108,41,16 84,28,20 68,32,14 25,26,18 42,37,39 25,23,24 28,23,25 25,23,24 35,19,13 34,21,16 26,21,23 45,24,20 38,20,15 109,88,84 129,93,85 179,130,108 187,136,108 121,94,89 90,77,85 179,77,16 80,61,34 64,42,22 34,22,24 49,32,38 109,85,63 91,75,62 116,88,77
80,18,28 109,28,19 127,39,19 156,53,9 209,74,0 197,81,0 238,123,2 199,138,32 153,118,51 113,101,35 149,114,60 147,98,47 96,70,45 71,62,58 46,32,32 41,29,34 40,27,35 62,65,74 68,66,74 32,48,77 33,46,72 44,51,65 61,69,76 69,69,77 48,31,32 55,41,46 61,38,25 74,62,50 67,48,13 85,53,19 87,53,33 84,63,38 91,56,41 119,69,36 250,98,0 255,107,0 248,96,0 116,43,11 80,30,15 80,45,30 18,16,14 42,36,41 23,21,22 23,21,22 27,22,24 35,19,13 32,22,23 24,17,20 48,24,18 37,22,13 103,83,76 131,93,83 177,132,109 178,129,93 121,97,91 97,79,74 127,67,26 70,64,41 71,62,73 84,72,60 37,34,40 79,68,65 44,27,17 90,74,72
81,20,25 121,35,16 148,47,20 180,64,0 255,109,0 255,135,0 241,107,0 195,135,42 167,124,50 199,103,31 156,99,41 146,97,48 144,108,77 82,70,60 50,34,32 43,30,38 43,30,40 60,60,68 50,57,69 26,31,37 35,34,27 137,71,21 143,98,65 71,74,85 52,33,35 57,43,45 71,48,37 76,61,52 68,63,51 58,54,37 58,42,29 68,48,39 81,58,47 107,62,39 255,153,0 255,179,0 255,149,0 120,48,9 81,32,23 74,53,40 13,11,9 30,25,27 16,11,13 20,18,19 32,21,18 46,25,21 28,22,27 19,16,20 48,24,16 38,23,12 103,81,75 137,104,95 156,113,98 163,127,107 100,72,61 84,61,46 70,54,41 65,46,34 66,52,38 59,50,46 52,41,38 54,45,37 54,52,60 63,52,59
83,21,19 123,35,17 160,52,18 255,96,0 255,145,0 255,151,0 255,143,0 153,105,33 119,101,39 178,138,72 204,138,63 148,104,53 121,87,53 90,74,59 50,34,32 39,26,34 34,22,24 56,46,45 72,61,70 56,57,80 23,23,23 79,46,19 75,54,39 56,51,48 60,37,36 108,82,68 54,39,28 83,79,73 81,72,64 42,41,34 67,47,40 66,46,37 61,48,45 95,59,41 226,112,16 255,144,0 214,105,15 108,47,15 69,29,24 63,45,40 12,10,11 12,10,11 15,10,12 19,14,16 38,22,16 49,22,15 25,23,24 21,16,18 50,23,18 45,25,16 86,64,58 116,88,79 148,113,100 107,89,84 119,96,93 145,102,67 101,75,61 65,54,61 66,58,64 60,56,69 55,54,57 57,59,59 57,56,71 88,54,20
84,22,20 124,36,18 161,53,19 255,101,0 255,161,0 255,170,0 255,159,0 138,97,27 106,87,34 120,90,46 153,92,27 180,128,78 118,91,59 95,77,58 45,28,20 36,28,34 43,32,41 61,50,35 94,62,46 48,54,75 26,14,14 128,84,44 161,116,83 128,78,36 82,61,50 84,54,39 86,63,23 76,75,78 55,50,49 36,32,26 55,41,46 53,39,39 57,47,48 84,61,48 122,54,0 244,113,0 114,51,2 86,39,16 61,26,27 58,40,39 11,9,10 12,10,11 12,10,11 14,12,13 37,19,14 55,28,23 26,24,22 19,17,18 44,20,12 45,23,17 59,32,27 110,88,80 143,112,104 98,80,75 105,92,87 63,68,64 73,54,42 84,71,68 70,63,63 92,74,55 58,54,63 127,100,82 55,53,63 131,74,30
79,20,29 112,32,16 149,49,17 193,74,0 255,132,0 255,131,0 215,99,0 119,86,20 94,80,37 212,146,62 168,110,48 148,85,16 202,117,11 145,80,23 59,59,71 42,28,28 50,43,43 39,32,42 116,63,8 47,36,33 73,47,22 88,58,43 45,33,38 76,70,75 43,30,38 52,42,43 119,98,73 66,53,50 58,51,54 34,31,35 36,31,33 50,51,56 48,45,51 66,50,48 89,41,12 129,56,0 85,40,17 68,28,21 61,20,29 43,29,29 10,10,10 11,9,10 12,10,11 11,9,10 37,19,14 56,29,22 24,22,23 17,10,13 50,21,15 34,21,16 50,26,18 99,78,74 119,92,87 112,90,82 111,90,86 68,64,75 39,38,43 82,78,87 86,78,86 75,71,63 64,58,63 55,60,56 48,35,28 73,72,63
70,20,28 100,29,26 134,43,24 149,60,8 241,104,0 222,88,0 165,92,12 95,77,33 73,77,39 189,122,56 151,100,47 149,90,33 201,116,18 134,81,36 69,58,55 59,32,14 47,33,19 105,67,21 67,49,44 47,34,27 49,37,27 27,24,28 73,73,85 29,28,31 31,30,33 87,93,112 85,102,124 66,73,87 38,41,59 26,29,38 29,33,37 42,33,29 37,30,28 45,34,29 57,34,19 62,30,25 60,27,27 60,24,32 53,17,25 43,26,27 10,10,10 10,10,10 10,10,10 13,8,10 39,17,11 29,13,9 19,17,15 14,9,11 45,23,17 57,45,47 56,33,22 88,76,76 95,74,70 104,80,72 121,93,82 53,53,65 37,35,43 82,75,85 89,78,75 89,79,80 79,69,73 61,67,70 43,33,34 59,65,66
60,17,27 79,27,26 106,36,28 111,45,15 255,160,31 249,144,33 106,70,10 89,79,39 115,82,32 146,99,49 122,80,42 100,66,36 108,86,68 81,72,55 67,50,40 69,50,52 60,60,60 56,49,61 51,38,48 42,37,39 85,78,81 85,77,83 55,49,56 35,28,31 44,36,44 41,39,37 25,25,25 79,71,79 22,21,24 23,21,29 48,51,62 70,74,89 69,75,92 84,94,114 119,130,157 103,119,144 69,80,107 37,46,69 81,83,99 77,71,78 10,10,10 10,10,10 10,10,10 24,13,10 55,33,25 21,15,10 19,14,16 43,38,40 50,21,17 53,47,52 55,31,25 58,57,62 36,30,37 33,33,30 31,32,35 33,32,35 33,30,34 34,31,35 34,31,35 34,33,36 32,31,34 34,31,37 33,33,33 31,30,35
55,16,27 66,16,26 85,28,29 88,30,16 82,42,8 88,42,5 116,72,32 80,41,9 74,45,25 97,79,58 92,83,79 33,23,24 23,21,19 20,14,19 29,29,29 23,20,24 41,34,37 97,90,100 29,23,28 23,17,22 19,17,15 74,73,76 94,87,97 53,47,52 25,22,26 91,88,94 95,91,100 95,87,95 94,88,95 22,22,22 89,88,93 42,39,43 25,27,41 91,100,123 47,51,66 42,38,47 40,37,43 29,32,39 121,136,168 104,110,127 12,10,11 10,10,10 10,10,10 36,23,18 49,23,11 18,13,12 21,18,22 44,44,54 52,21,13 56,50,55 44,22,16 60,58,68 38,37,42 34,38,40 38,37,40 36,37,42 35,36,39 35,36,41 37,38,43 34,38,40 37,38,41 35,36,41 37,36,39 38,37,42
55,19,29 59,18,29 64,23,32 64,19,23 52,32,12 55,34,19 99,83,68 36,24,26 22,16,21 83,83,95 38,37,40 24,24,24 64,63,68 88,89,92 92,88,97 90,89,94 93,87,92 25,24,29 94,91,97 30,27,31 51,50,53 99,95,104 90,87,93 40,32,38 77,74,78 95,92,98 98,94,103 95,93,103 98,91,101 21,16,18 94,86,92 92,86,93 32,29,33 22,22,22 31,27,36 57,61,76 118,129,158 109,117,145 87,92,118 93,92,109 35,22,17 46,23,12 23,12,7 42,25,17 77,34,26 95,53,40 104,57,46 52,29,26 49,22,15 53,22,14 39,22,12 112,89,74 40,31,27 44,36,42 37,37,45 37,38,43 36,36,46 29,29,37 64,46,45 77,72,74 52,51,54 43,43,51 35,35,43 31,31,39
58,15,27 58,17,28 58,19,30 52,16,26 57,45,45 85,61,53 187,135,87 239,178,113 211,160,93 190,131,74 115,63,13 78,41,0 60,25,0 58,25,0 48,30,11 94,80,80 93,83,82 70,60,64 55,50,49 99,92,95 94,88,95 96,90,95 70,62,68 28,23,25 98,92,97 95,88,91 98,90,96 92,86,91 92,81,88 32,22,26 93,82,89 96,86,90 90,82,90 55,47,53 47,39,47 82,76,83 79,68,75 72,63,74 70,59,68 71,60,67 64,53,60 65,53,55 14,4,3 44,22,16 59,41,38 41,33,39 43,31,33 33,28,30 58,27,19 56,46,47 44,22,16 66,49,41 44,43,46 36,35,40 38,38,46 43,41,49 41,42,47 31,32,37 58,47,42 23,20,24 22,21,24 46,46,54 41,39,47 31,32,37
107,64,49 54,18,31 66,23,38 51,17,29 66,52,54 68,56,61 55,47,53 49,43,48 40,38,39 42,37,39 54,41,38 54,43,38 61,45,39 50,40,41 50,39,46 51,44,47 50,43,46 61,47,47 58,48,49 64,50,52 56,49,52 57,49,55 56,49,52 57,49,55 56,50,55 60,50,54 58,51,54 63,57,62 71,61,65 68,57,64 80,66,71 70,64,69 71,64,74 69,65,74 62,56,61 74,70,79 63,55,61 58,50,58 60,54,59 59,48,55 58,52,57 20,15,12 10,8,6 39,16,13 38,37,40 38,35,39 38,38,38 37,38,43 51,20,10 44,39,41 44,24,17 74,56,53 38,37,42 79,76,82 41,41,49 41,44,51 39,39,47 37,37,45 83,79,88 48,46,56 81,78,84 48,48,56 39,39,47 36,36,44
108,60,46 73,36,12 123,66,22 111,54,25 85,69,63 75,61,66 60,49,56 51,45,50 42,39,43 41,39,40 53,41,41 53,42,39 59,44,33 48,41,41 49,42,45 51,44,47 51,44,47 52,45,45 51,44,47 57,47,48 58,51,54 58,50,56 61,50,57 57,51,56 57,51,56 59,51,57 61,53,59 62,55,58 64,56,62 65,59,64 76,64,64 72,66,73 70,66,75 62,59,65 58,55,61 58,55,59 58,55,59 57,51,56 56,48,56 55,52,58 73,57,44 44,23,0 36,20,14 62,36,26 35,27,16 41,25,8 38,37,40 36,37,42 58,22,14 47,36,43 41,26,17 60,33,26 37,36,41 79,77,85 41,44,51 40,43,50 41,41,49 34,34,44 79,77,85 41,41,49 73,71,79 44,44,52 41,41,49 37,37,45
66,50,37 58,32,22 96,48,19 102,56,28 94,75,61 76,64,66 58,53,55 54,48,53 42,40,41 41,34,34 52,40,42 51,40,35 60,48,38 51,41,42 51,44,47 47,40,43 56,49,52 50,43,43 52,44,50 59,52,52 56,49,52 57,49,55 58,50,56 59,52,55 58,50,56 64,56,62 61,55,62 63,52,59 64,58,63 64,56,64 81,67,72 73,65,73 70,66,75 56,52,61 59,56,62 60,57,61 54,51,57 53,50,54 57,51,56 53,50,54 125,93,63 47,25,5 45,25,16 63,37,27 62,39,8 62,39,8 40,36,30 38,39,42 54,21,12 47,41,46 39,25,25 58,30,21 95,82,79 88,76,78 51,49,59 43,41,49 43,41,51 30,30,38 78,71,83 44,38,43 71,65,72 41,40,45 35,38,45 37,35,43
140,100,64 139,99,63 161,104,60 162,104,53 112,83,59 82,69,64 66,54,59 53,50,54 45,42,46 47,39,45 47,35,35 52,41,38 62,45,37 53,44,40 49,42,45 49,44,46 50,45,47 52,45,45 55,48,51 55,48,51 55,48,51 56,49,52 57,50,53 58,50,56 57,49,55 58,52,57 58,52,57 61,55,60 60,55,57 63,55,61 75,61,63 74,70,79 70,66,75 59,55,66 63,59,68 62,56,63 58,52,59 55,52,58 68,57,66 57,51,58 67,49,30 44,30,12 48,26,20 61,27,23 33,23,24 52,52,52 53,51,59 32,33,36 54,18,10 40,32,40 35,30,32 73,39,35 40,37,43 69,67,77 44,44,52 43,43,51 46,44,52 42,45,54 87,84,90 36,39,46 48,46,56 45,45,53 39,42,49 39,39,47
176,109,43 178,111,45 179,109,49 179,110,45 123,84,56 87,72,61 71,57,59 52,49,55 47,44,48 46,40,45 51,41,40 47,37,38 61,48,43 53,43,44 48,41,44 52,42,46 51,44,47 51,44,47 52,45,48 54,47,50 56,49,52 56,48,54 55,47,53 56,50,55 64,56,62 64,58,63 62,56,61 58,50,56 66,58,66 65,57,63 71,64,67 71,65,72 65,62,68 60,54,61 69,65,74 72,65,75 62,59,63 58,52,57 70,63,73 67,61,68 60,57,61 17,14,20 49,25,17 73,52,50 65,63,73 64,62,70 55,54,59 50,51,56 55,22,15 45,38,41 36,30,37 60,31,25 40,38,46 31,31,39 41,41,49 42,42,50 42,42,50 45,43,51 67,63,72 30,30,40 37,40,49 39,42,49 39,39,47 41,44,53
150,99,44 155,104,49 162,111,58 159,105,55 126,82,54 92,74,55 74,60,60 54,50,59 45,44,49 46,41,43 47,37,41 49,39,43 62,46,40 49,42,42 49,42,45 52,42,46 52,42,46 55,48,51 55,48,51 55,48,51 57,50,53 58,51,54 54,47,50 57,51,56 62,56,61 59,51,57 61,53,59 69,61,69 67,61,68 68,60,68 72,61,68 75,69,76 68,60,68 61,57,66 66,64,72 68,64,73 68,62,67 56,50,55 63,57,64 62,58,67 62,56,63 58,55,61 46,23,12 62,59,63 60,57,63 55,54,57 51,53,53 51,52,57 53,20,11 57,49,55 51,48,52 52,23,17 40,43,52 44,44,52 45,45,53 44,44,52 42,42,50 44,44,52 58,54,63 43,43,51 42,42,50 46,46,54 42,42,50 43,43,51
120,79,48 121,80,49 125,84,53 121,80,49 127,92,65 103,81,63 74,64,65 60,53,65 48,45,49 44,44,44 48,40,46 45,38,38 60,48,38 51,41,45 52,45,48 51,41,45 57,47,51 52,42,46 51,44,47 57,49,55 57,52,54 59,52,55 58,50,56 54,52,53 57,50,53 63,55,61 63,55,61 59,51,57 65,59,64 65,57,65 68,62,67 66,58,66 67,60,70 59,55,64 75,71,80 66,62,71 66,58,66 56,50,57 67,61,68 69,62,72 66,63,69 54,46,54 64,38,28 65,62,68 55,51,60 54,53,58 49,50,53 51,52,55 44,21,10 65,46,50 51,48,52 49,22,17 43,44,49 76,73,79 42,47,55 45,45,53 44,44,54 37,38,43 67,65,73 41,39,49 47,45,53 46,44,52 44,44,52 42,42,50
77,62,53 79,64,55 79,64,55 79,64,55 99,80,66 94,78,63 84,70,70 77,67,71 59,56,62 49,42,45 47,36,43 45,38,38 62,45,37 53,43,44 48,40,46 53,43,44 58,47,44 59,47,49 54,47,47 56,48,54 57,49,55 57,49,55 58,50,56 59,51,57 56,53,57 61,55,62 62,56,61 62,56,61 64,56,62 65,57,63 63,57,62 68,60,68 60,54,59 58,52,57 68,65,71 67,63,74 65,59,66 68,62,69 70,66,75 65,64,69 66,62,71 47,33,33 66,30,22 61,59,67 58,52,57 67,54,62 56,49,52 58,47,44 32,19,14 61,46,37 51,50,53 52,25,18 54,44,43 60,61,66 42,45,52 46,46,54 46,46,54 39,40,45 54,53,58 42,42,50 45,45,53 45,45,53 44,44,52 38,38,46
63,57,64 60,54,61 64,58,65 58,52,59 64,56,62 79,67,72 67,61,66 62,56,61 58,54,63 57,56,61 61,59,67 57,57,65 66,58,64 64,58,65 61,55,60 64,58,63 62,57,59 65,57,63 63,55,61 64,57,67 64,62,70 63,57,62 65,59,66 66,58,66 65,57,65 71,60,69 65,59,66 69,61,67 67,64,68 71,66,68 73,65,73 73,65,73 71,65,72 69,62,72 72,65,75 72,66,71 71,65,72 69,61,67 69,62,62 73,60,57 69,56,51 23,8,0 50,30,23 69,53,51 69,56,51 70,57,54 58,51,51 58,51,54 33,21,21 46,45,48 47,42,44 51,29,21 66,45,43 63,63,71 45,45,53 46,46,54 45,45,53 40,43,50 55,53,63 43,46,55 52,48,61 49,45,54 46,47,52 43,43,51
64,58,63 64,58,63 59,57,58 62,54,60 60,57,61 69,66,72 63,57,62 65,57,63 64,58,63 62,57,59 63,55,61 63,60,64 63,53,57 65,55,59 66,63,67 62,55,58 64,58,65 63,57,62 69,63,68 67,61,68 68,62,69 67,61,66 64,53,60 65,57,63 63,56,56 63,58,60 63,56,59 67,57,61 73,66,69 70,62,68 71,64,67 67,56,63 66,56,57 59,49,50 63,53,57 67,55,57 67,53,53 69,52,53 68,54,54 73,60,57 69,55,55 60,37,22 70,60,59 66,58,66 52,44,50 48,43,45 48,43,45 62,46,44 79,58,43 82,59,44 74,59,39 51,29,23 71,46,45 65,63,73 45,45,53 48,48,56 49,49,57 43,46,53 52,50,58 51,48,54 48,49,54 53,47,52 52,51,54 46,45,48