7,18,47 7,18,47 5,16,43 7,20,46 7,18,47 7,18,47 4,17,45 7,18,47 7,18,47 7,18,47 6,19,47 7,18,47 7,18,47 6,19,47 6,19,47 7,18,49 11,23,47 7,18,47 7,18,47 6,19,47 7,18,47 7,18,47 7,18,47 7,18,47 6,19,47 7,18,47 7,18,47 4,20,47 7,18,47 7,18,47 7,18,47 6,19,47 8,19,48 7,18,47 32,43,72 7,18,47 6,17,44 6,19,47 7,18,47 7,18,47 7,18,47 7,18,47 7,18,47 8,19,48 7,18,47 6,19,47 6,19,47 7,18,47 7,18,47 7,18,47 5,18,46 11,24,52 5,18,46 7,18,47 7,18,47 7,18,47 7,18,47 7,18,47 8,19,48 6,17,46 7,18,47 8,19,46 8,19,48 7,18,45
7,18,47 7,18,47 7,18,47 6,19,47 7,18,47 7,18,47 8,19,48 7,18,47 7,18,47 7,18,47 6,19,47 7,18,47 7,18,47 7,18,47 6,19,47 7,18,47 7,18,47 7,18,47 7,18,47 7,18,47 7,18,47 7,18,47 7,18,47 7,18,47 7,18,47 7,18,47 7,18,47 13,21,49 7,18,47 7,18,47 7,18,47 6,19,47 7,18,47 7,18,47 7,18,47 7,18,47 7,18,47 7,18,47 6,19,47 7,18,47 6,19,47 6,19,47 7,18,47 10,21,50 7,18,47 7,18,47 6,19,47 7,18,47 7,18,47 7,18,47 6,19,47 7,18,47 7,18,47 6,19,47 7,18,47 7,18,47 7,18,47 7,18,47 7,18,47 7,18,47 7,18,47 7,18,47 7,18,47 6,17,44
7,18,47 7,18,47 9,17,47 7,18,47 7,18,47 7,18,47 7,18,47 6,17,46 7,18,47 7,18,47 7,18,47 7,18,47 7,18,47 7,18,47 7,18,47 9,17,47 7,18,47 7,18,47 7,18,47 7,18,47 7,18,47 7,18,47 7,18,47 7,18,47 10,23,49 6,19,47 7,18,47 7,18,47 7,18,45 7,18,47 7,18,47 7,18,47 7,18,47 7,18,47 7,18,47 7,18,47 6,19,47 7,18,47 7,18,47 7,18,47 7,18,47 6,19,49 7,18,47 7,18,47 7,18,47 7,18,47 7,18,47 7,18,47 7,18,47 7,18,47 7,18,47 7,18,47 7,18,47 5,18,46 5,18,46 7,18,47 7,18,47 7,18,47 7,18,47 7,18,47 7,18,47 7,18,47 7,18,47 7,18,47
7,18,47 7,18,47 8,16,46 7,18,47 7,18,47 7,18,47 7,18,47 7,18,47 7,18,47 7,18,47 7,18,47 7,18,47 7,18,47 7,18,47 7,18,47 8,20,44 7,18,47 8,19,48 6,17,46 7,18,47 7,18,47 11,22,51 7,18,47 11,22,49 7,18,49 7,18,47 7,18,47 7,18,47 6,19,47 7,18,47 7,18,47 7,18,47 7,18,47 7,18,47 7,18,47 7,18,47 7,18,47 7,18,47 7,18,47 7,18,47 7,18,47 7,18,47 7,18,47 7,18,47 7,18,47 7,18,47 0,10,34 7,20,48 7,18,47 7,18,47 7,18,47 7,18,47 7,18,47 7,18,47 11,24,52 7,18,47 10,21,50 7,18,47 7,18,47 7,18,47 7,18,47 7,18,47 7,18,47 7,18,47
7,18,47 7,18,47 7,18,47 5,18,46 9,17,47 7,18,47 7,18,47 7,18,47 7,18,47 7,18,47 7,18,45 86,94,114 7,18,47 7,18,49 9,17,45 6,19,47 5,16,45 7,18,47 7,18,47 7,18,47 7,18,47 7,18,47 7,18,47 6,19,49 7,18,47 6,17,46 7,18,47 13,24,53 7,20,48 6,17,46 9,17,47 6,19,47 7,18,47 7,18,47 7,18,47 6,17,46 7,18,47 7,18,47 7,18,47 4,17,45 7,18,47 7,18,47 7,18,47 7,18,47 7,18,47 5,16,45 6,19,45 7,18,47 7,18,47 5,16,45 7,18,45 7,18,47 7,18,47 7,18,47 7,18,47 7,18,47 8,19,48 7,18,47 7,18,47 7,18,47 7,18,47 6,19,47 7,18,47 7,18,47
7,18,47 7,18,47 6,19,47 8,19,48 7,18,47 7,18,47 7,18,47 7,18,47 7,18,47 7,18,47 7,18,47 7,18,47 5,18,46 7,18,47 7,18,47 24,36,60 7,18,47 7,18,47 7,18,47 8,19,48 7,18,47 7,18,47 7,18,47 7,18,47 7,18,47 7,18,47 7,18,47 7,18,49 7,18,47 7,18,47 7,18,47 6,19,47 7,18,47 7,18,47 7,18,47 7,18,47 7,18,47 7,18,45 7,18,47 6,19,47 7,18,47 4,15,44 7,18,47 7,18,47 7,18,47 7,18,47 7,18,47 7,18,47 7,18,47 7,18,47 7,18,47 5,16,45 6,19,47 7,18,47 7,18,47 10,21,50 7,18,47 7,18,47 8,19,48 7,18,47 7,18,47 7,18,47 17,28,55 7,18,47
7,18,47 7,18,47 7,18,47 7,18,47 7,18,47 6,19,47 7,18,47 7,18,47 7,18,47 7,18,47 7,18,47 7,18,47 7,18,47 8,19,48 7,18,47 7,18,47 7,18,47 6,17,46 6,17,46 6,17,44 7,18,47 7,18,47 7,18,47 7,18,47 7,18,47 7,18,47 7,18,47 7,18,47 7,18,47 7,18,47 7,18,47 7,18,47 7,18,47 6,17,46 6,19,47 31,43,65 7,18,47 7,18,47 7,18,47 7,18,47 7,18,47 7,18,47 7,18,47 7,18,47 7,18,47 10,21,50 7,18,47 7,18,47 7,18,47 7,18,47 9,22,50 10,21,48 7,18,47 7,18,47 7,18,47 7,18,47 7,18,47 7,18,47 7,18,47 6,19,47 7,20,46 7,18,47 7,18,47 7,18,47
5,16,45 8,19,48 7,18,47 7,18,47 7,18,47 7,18,47 7,18,47 8,19,48 8,19,48 7,18,47 7,18,47 7,18,47 7,18,47 7,18,47 7,18,47 7,18,47 7,18,47 7,18,47 7,18,49 7,18,47 7,18,47 7,18,47 7,18,47 7,18,47 7,18,47 7,18,47 7,18,47 6,17,46 7,18,47 7,18,47 7,18,47 7,18,47 6,19,47 6,19,47 7,18,45 7,18,47 7,18,47 6,19,47 7,18,47 7,18,47 7,18,47 7,18,47 9,17,47 20,31,60 7,18,47 7,18,47 7,18,49 18,24,45 7,18,47 7,18,47 7,18,47 7,18,47 10,22,46 7,18,47 7,18,47 7,18,47 7,18,47 7,18,47 7,18,47 7,18,49 6,19,47 7,18,47 7,18,47 7,18,47
7,18,47 7,18,47 7,18,47 7,18,47 7,18,47 7,18,47 7,18,47 7,18,47 7,18,47 7,18,47 8,19,48 5,18,46 7,18,47 8,19,48 8,19,48 7,18,47 7,18,47 7,18,47 7,18,47 7,18,47 7,18,47 4,17,45 7,18,47 7,18,47 7,18,47 7,18,47 7,18,47 7,18,47 7,18,47 7,18,47 7,18,47 7,18,47 7,18,47 7,18,47 7,18,49 7,18,47 7,18,47 7,18,47 7,18,47 7,18,47 7,18,47 7,18,47 7,18,47 7,18,47 7,18,47 7,18,47 9,17,47 7,18,47 7,18,47 7,18,47 7,18,47 7,18,47 7,18,47 7,18,47 7,18,47 7,18,47 7,18,47 7,18,47 7,18,47 7,18,47 7,18,47 6,19,47 7,18,47 7,18,47
7,18,47 7,18,47 7,18,47 7,18,47 7,18,47 7,18,47 7,18,47 7,18,47 7,18,47 7,18,47 7,18,47 9,17,47 7,18,47 7,18,47 7,18,47 8,19,48 7,18,47 7,18,47 7,18,47 6,17,46 7,18,47 7,18,47 7,18,47 7,18,47 7,18,47 7,18,47 7,18,47 3,16,44 7,18,47 7,18,47 7,18,47 7,18,47 7,18,47 7,18,47 7,18,47 7,18,47 7,18,47 7,18,47 7,18,47 7,18,47 7,18,47 7,18,47 7,18,47 7,18,47 5,16,45 7,18,47 7,18,47 7,18,47 7,18,47 7,18,47 7,18,47 7,18,47 7,18,47 7,18,47 7,18,47 7,18,47 7,18,47 7,18,47 7,18,47 7,18,47 7,18,47 7,18,47 7,18,47 7,18,47
8,19,48 7,18,47 7,18,47 7,18,47 7,18,47 7,18,47 7,18,47 7,18,47 7,18,47 7,18,47 7,18,47 6,17,46 7,18,47 6,19,47 7,18,47 7,18,45 7,18,47 7,18,47 7,18,47 7,18,47 7,18,47 7,18,47 7,18,47 7,18,47 7,18,47 7,18,47 7,18,47 6,19,47 7,18,47 6,19,47 7,18,47 7,18,47 7,18,47 7,18,47 7,18,47 7,18,47 7,18,47 7,18,47 7,18,47 9,17,47 6,19,47 9,17,47 7,18,45 7,18,47 7,18,47 7,18,47 7,18,47 7,18,47 8,19,48 7,18,47 7,18,47 6,19,47 7,18,47 7,18,47 7,18,47 7,18,47 7,18,47 7,18,47 11,22,49 7,18,47 7,18,47 7,18,47 8,16,48 7,18,47
7,18,47 7,18,47 6,17,46 6,19,47 7,18,47 7,18,47 7,18,47 7,18,47 7,18,47 7,18,47 6,17,46 6,19,47 7,18,47 7,18,47 10,21,50 6,19,47 7,18,47 7,18,47 7,18,47 5,18,46 7,18,47 7,18,47 7,18,47 7,18,47 7,18,47 7,18,47 7,18,47 7,18,47 7,18,47 7,18,47 7,18,47 7,18,47 7,18,47 7,18,47 7,18,47 7,18,47 7,18,47 8,19,46 7,18,47 7,18,47 7,18,47 7,18,47 7,18,47 7,18,47 7,18,47 7,18,47 7,18,47 7,18,47 7,18,47 7,18,47 7,18,47 7,18,47 7,18,47 8,19,48 7,18,47 7,18,47 7,18,47 7,18,47 8,19,48 6,19,47 7,18,47 7,18,47 8,19,48 70,81,108
10,21,50 7,18,47 7,18,47 7,18,47 7,18,47 7,18,47 6,19,47 7,18,47 7,18,47 7,18,47 7,18,47 5,16,45 7,18,47 7,18,47 7,18,47 7,18,47 7,18,47 7,18,47 6,19,47 7,18,47 7,18,47 6,17,46 7,18,47 7,18,47 7,18,47 8,19,48 7,18,47 6,17,46 7,18,47 7,18,47 7,18,47 7,18,47 7,18,47 7,18,47 10,21,48 7,18,47 7,18,47 7,18,47 7,18,47 7,18,47 7,18,47 7,18,47 7,18,47 7,18,47 7,18,47 7,18,47 7,18,47 7,18,47 7,18,47 7,18,45 6,17,44 7,18,47 7,18,47 7,18,47 7,18,47 7,18,47 7,18,47 7,18,47 7,18,47 7,18,47 7,18,47 7,18,47 7,18,47 7,18,47
6,19,47 6,19,47 6,19,47 6,19,47 7,18,47 7,18,47 7,18,47 7,18,47 7,18,47 7,18,47 6,19,47 7,18,47 7,18,47 7,18,47 7,18,47 7,18,47 7,18,47 7,18,47 7,18,47 7,18,47 7,18,47 7,18,47 7,18,47 6,17,46 7,18,47 7,18,47 7,18,47 7,20,48 7,18,47 7,18,47 7,18,47 15,26,55 7,18,47 7,18,47 7,18,47 7,18,47 7,18,47 7,18,47 7,18,47 11,22,49 7,18,47 6,19,49 8,19,48 7,18,45 7,18,47 7,18,47 7,18,47 5,18,46 7,18,47 7,18,47 7,18,47 7,18,47 8,19,48 8,19,48 7,18,47 7,18,47 6,19,47 6,19,47 7,18,47 7,18,47 7,18,47 7,18,47 8,19,48 7,18,47
7,18,47 7,18,47 7,18,47 7,18,47 7,20,46 7,18,47 7,18,47 8,19,48 7,18,47 7,18,47 6,19,47 7,18,47 5,16,45 7,18,47 7,18,47 7,18,47 7,18,47 7,18,47 7,18,47 7,18,47 7,18,47 7,18,47 7,18,47 7,18,47 8,19,48 7,18,47 7,18,47 7,18,47 7,18,47 9,17,47 6,17,46 7,18,47 7,18,47 7,18,47 7,18,47 7,18,47 8,19,48 7,18,47 7,18,47 7,18,47 7,18,47 11,22,51 7,18,47 7,18,47 7,18,47 7,18,47 7,18,47 7,18,47 7,18,47 7,18,47 7,18,47 7,18,47 7,18,47 7,18,47 7,18,47 7,18,47 7,18,47 7,18,47 9,17,47 7,18,49 7,18,47 7,18,47 7,18,47 9,17,47
7,18,47 7,18,47 7,18,47 7,18,47 7,18,47 7,18,47 7,18,47 7,18,47 7,18,47 7,18,47 7,18,47 7,18,47 7,18,47 8,19,48 7,18,47 7,18,47 7,18,47 7,18,47 7,18,47 7,18,47 7,18,47 7,18,47 7,18,47 7,18,47 7,18,45 6,17,46 7,18,47 7,18,47 7,18,47 7,18,47 7,18,47 7,18,47 7,18,47 7,18,47 7,18,47 7,18,47 7,18,47 7,18,47 7,18,47 7,18,47 7,18,47 7,18,47 7,18,47 7,18,47 7,18,47 7,18,47 7,18,47 7,18,47 7,18,47 12,23,50 9,17,47 7,18,47 7,18,47 7,18,47 7,18,47 7,18,47 7,18,47 7,18,47 7,18,47 7,18,47 7,18,47 7,18,47 7,18,47 7,18,47
6,19,47 6,19,47 7,18,45 6,19,47 7,18,47 11,22,49 6,19,47 7,18,47 7,18,47 7,18,47 7,18,47 5,16,45 7,18,47 7,18,47 5,16,43 7,18,47 7,18,47 7,18,47 7,18,47 7,18,49 6,19,47 17,28,57 8,19,46 7,18,47 6,17,46 7,18,47 10,21,50 7,18,47 7,18,47 7,18,47 7,18,47 7,18,47 7,18,47 7,18,47 7,18,47 7,18,47 9,17,47 5,21,48 7,18,47 7,18,47 7,18,47 7,18,47 8,19,48 7,18,47 7,18,47 7,18,47 7,18,47 7,18,47 7,18,47 7,18,47 7,18,47 7,18,47 7,18,47 7,18,47 7,18,47 7,18,47 7,18,47 7,18,47 7,18,47 7,18,47 7,18,47 7,18,47 7,18,47 7,18,47
7,18,47 7,18,47 7,18,47 6,19,47 7,18,47 7,18,47 7,18,47 7,18,47 7,18,47 7,18,47 7,18,47 7,18,47 7,18,47 7,18,47 7,18,47 7,18,47 7,18,47 7,18,47 7,18,47 7,18,47 6,19,47 8,19,48 6,19,47 10,18,48 7,18,47 7,18,47 7,18,47 6,17,46 7,18,47 7,18,47 6,17,46 6,17,46 7,18,47 7,18,47 7,18,47 10,21,50 7,18,47 7,18,47 7,18,47 7,18,47 7,18,47 7,18,47 7,18,47 7,18,47 7,18,47 7,18,47 7,18,47 7,18,47 7,18,47 7,18,47 7,18,47 7,18,47 7,18,47 7,18,47 5,18,46 7,18,47 7,18,47 7,18,47 6,17,46 7,18,47 7,18,47 7,18,47 7,18,47 7,18,47
8,19,48 7,18,47 17,28,57 7,18,47 7,18,47 7,18,47 7,18,47 7,18,47 7,18,47 7,18,47 7,18,47 7,18,47 7,18,47 9,17,47 6,17,46 7,18,47 6,19,47 7,18,47 7,18,47 7,18,47 7,18,47 7,18,47 7,18,47 7,18,47 7,18,47 7,18,47 7,18,47 4,20,47 7,18,47 7,18,47 7,18,47 7,18,47 7,18,47 7,18,47 7,18,47 7,18,47 7,18,47 7,18,47 6,17,46 7,18,45 7,18,47 7,18,47 7,18,47 7,18,47 7,18,47 8,19,48 7,18,47 7,18,47 7,18,47 7,18,47 7,18,47 7,18,47 7,18,47 7,18,47 7,18,47 7,18,47 7,18,47 7,18,47 7,18,47 7,18,47 7,18,47 7,18,47 7,18,45 7,18,47
7,18,47 7,18,47 7,18,47 7,18,47 7,18,47 7,18,47 7,18,47 7,18,47 7,18,47 7,18,47 7,18,47 7,18,47 7,18,47 9,17,47 7,18,47 7,18,47 6,19,47 7,18,47 7,18,47 7,18,47 7,18,47 7,18,47 6,19,47 7,18,47 8,19,48 7,18,47 7,18,47 7,18,47 7,18,47 7,18,47 6,17,46 7,18,47 7,18,47 7,18,47 6,17,46 9,17,47 6,17,46 7,18,47 6,17,46 7,18,45 7,18,47 7,18,47 7,18,47 7,18,47 7,18,47 7,18,47 7,18,47 7,18,47 7,18,47 7,18,47 7,18,47 7,18,47 7,18,47 7,18,47 7,18,47 7,18,47 7,18,47 7,18,47 7,18,47 7,18,47 7,18,47 7,18,47 7,18,47 6,19,47
7,18,47 7,18,47 7,18,47 7,18,47 7,18,47 7,18,47 7,18,47 7,18,47 7,18,47 7,18,47 7,18,47 7,18,47 7,18,47 7,18,47 7,18,47 7,18,47 7,18,47 7,18,47 7,18,47 7,18,47 7,18,47 7,18,47 7,18,47 7,18,47 7,18,47 7,18,47 7,18,47 7,18,47 7,18,47 7,18,47 7,18,47 7,18,47 7,18,47 7,18,47 7,18,47 6,19,47 7,18,47 7,18,47 7,18,47 7,18,47 7,18,47 7,18,47 7,18,47 7,18,47 7,18,47 7,18,47 7,18,47 7,18,47 7,18,47 7,18,47 7,18,47 7,18,47 7,18,49 9,17,47 7,18,47 7,18,47 7,18,47 7,18,47 7,18,47 7,18,47 7,18,47 7,18,47 7,18,47 6,19,45
7,18,47 7,18,47 7,18,47 7,18,47 7,18,47 7,18,47 7,18,47 7,18,47 7,18,45 7,18,49 6,17,46 7,18,47 7,18,47 6,19,47 7,18,47 7,18,47 7,18,47 7,18,47 7,18,47 7,18,47 7,18,47 7,18,47 7,18,47 7,18,47 7,18,47 7,18,47 7,18,47 7,18,47 7,18,47 7,18,47 7,18,47 7,18,49 7,18,47 7,18,47 7,18,47 7,18,47 7,18,47 7,18,47 7,18,47 7,18,47 7,18,47 7,18,47 7,18,47 7,18,47 7,18,47 7,18,47 7,18,47 7,18,47 7,18,47 7,18,47 7,18,47 7,18,47 7,18,47 7,18,47 7,18,47 7,18,47 7,18,47 5,18,46 7,18,47 7,18,47 7,18,47 6,19,47 7,18,47 7,18,47
7,18,47 7,18,47 7,18,47 7,18,47 7,18,45 7,20,50 181,80,0 20,20,48 17,19,46 8,19,46 10,18,48 7,18,49 7,18,47 7,18,47 6,17,46 7,18,47 7,18,47 7,18,47 5,18,46 7,18,47 7,18,47 7,18,47 6,19,47 7,18,47 7,18,47 7,18,47 7,18,47 7,18,47 12,23,50 7,18,47 7,18,47 7,18,47 7,18,47 7,18,47 7,18,47 7,18,47 7,18,47 7,18,47 7,18,47 7,18,47 7,18,47 7,18,47 7,18,47 7,18,47 7,18,47 7,18,47 7,18,47 7,18,47 7,18,47 7,18,47 7,18,47 7,18,47 7,18,47 7,18,47 7,18,47 7,18,47 7,18,47 6,19,47 7,18,47 7,18,47 7,18,47 7,18,47 7,18,47 7,18,47
7,18,47 7,18,47 7,18,47 6,19,47 7,18,47 12,22,58 164,120,69 203,117,0 163,114,45 178,113,24 46,42,53 43,53,71 23,31,61 13,24,51 12,23,52 10,21,52 7,18,47 7,18,47 7,18,47 7,18,47 7,18,47 6,19,47 7,18,47 7,18,47 7,18,47 7,18,47 6,19,47 7,18,47 7,18,47 7,18,47 7,18,47 11,22,51 7,18,47 7,18,47 7,18,47 7,18,47 7,18,47 7,18,47 7,18,47 7,18,47 7,18,47 7,18,47 7,18,47 7,18,47 7,18,47 7,18,47 7,18,47 7,18,47 7,18,47 7,18,47 7,18,47 6,19,47 7,18,47 7,18,47 7,18,47 7,18,47 7,18,47 7,18,47 7,18,47 7,18,47 8,19,48 5,16,45 7,18,47 7,18,47
7,18,47 7,18,47 7,18,47 6,19,47 6,14,42 188,105,0 247,130,0 255,140,0 109,78,27 255,128,0 198,117,15 54,52,19 55,65,83 47,45,46 45,50,60 59,79,95 81,78,84 11,23,47 6,19,47 5,18,46 7,18,47 7,18,47 8,19,48 6,19,47 7,18,47 7,18,47 7,18,47 7,18,45 5,18,46 7,18,45 7,18,47 7,18,47 7,18,47 7,18,47 7,18,47 7,18,47 7,18,47 7,18,47 7,18,47 7,18,47 7,18,47 7,18,47 7,18,47 5,18,46 7,18,47 62,73,102 7,18,47 7,18,47 7,18,47 7,18,47 7,18,47 7,18,47 7,18,47 7,18,47 7,18,47 7,18,47 7,18,47 7,18,47 7,18,47 6,19,47 9,17,47 7,18,47 7,18,47 7,18,47
7,18,47 7,18,47 7,18,47 7,18,47 8,16,46 210,117,0 255,157,0 255,146,0 182,96,0 246,127,0 182,101,0 80,28,0 83,62,49 67,44,31 63,38,19 83,45,0 64,33,0 98,63,7 12,20,40 6,19,47 7,18,47 8,19,48 7,18,47 7,18,47 7,18,47 7,18,47 7,18,47 7,18,47 7,18,47 7,18,47 7,18,47 7,20,50 7,18,47 7,18,47 7,18,47 7,18,47 7,18,47 7,18,47 7,18,47 7,18,47 7,18,47 7,18,47 13,26,54 7,18,47 7,18,47 7,18,47 7,18,47 7,18,47 7,18,47 7,18,47 7,18,47 6,19,47 7,18,47 7,18,47 7,18,47 7,18,47 7,18,47 7,18,47 7,18,47 7,18,47 7,18,47 7,18,47 7,18,47 6,19,47
20,14,35 78,42,13 51,28,25 16,18,34 5,18,46 122,61,0 211,123,0 152,82,4 243,128,0 231,119,0 218,116,0 92,57,21 86,50,30 74,47,31 66,30,12 59,35,9 173,91,0 131,80,2 65,48,0 5,18,44 7,18,47 7,18,49 10,18,48 7,18,45 7,18,49 7,18,47 7,18,47 7,18,47 7,18,47 7,18,47 7,18,47 7,18,47 7,18,47 7,18,47 7,18,47 7,18,47 7,18,47 7,18,47 7,18,47 7,18,47 7,18,47 7,18,47 7,18,47 7,18,47 7,18,47 7,18,47 7,18,47 7,18,47 7,18,47 7,18,47 7,18,47 7,18,47 7,18,47 7,18,47 7,18,47 7,18,47 7,18,47 7,18,47 7,18,47 7,18,47 7,18,47 7,18,47 7,18,47 7,18,47
101,52,1 102,46,0 103,53,7 105,54,1 89,45,3 79,35,0 68,35,0 83,37,7 63,32,11 122,74,18 111,58,5 123,68,12 181,102,9 168,102,47 71,44,26 88,49,8 130,71,0 134,76,23 100,58,36 5,18,44 7,15,45 12,18,46 8,19,50 86,62,38 26,24,32 6,19,47 7,18,47 7,18,47 7,18,47 7,18,47 7,18,47 7,18,47 7,18,47 7,18,47 7,18,47 7,18,47 7,18,47 7,18,47 7,18,47 7,18,47 7,18,47 7,18,47 7,18,47 7,18,47 7,18,47 7,18,47 7,18,47 7,18,47 7,18,47 7,18,47 7,18,47 7,18,47 7,18,47 7,18,47 7,18,47 7,18,47 7,18,47 7,18,47 7,18,47 7,18,47 7,18,47 7,18,47 7,18,47 6,19,47
102,48,0 98,45,0 98,50,0 96,48,3 104,52,0 120,61,4 98,46,0 89,48,17 130,75,32 97,38,0 45,28,4 41,25,12 92,53,23 185,112,14 157,95,37 57,45,47 168,100,37 161,96,34 97,59,38 18,23,47 166,118,71 43,28,17 19,24,59 51,40,49 7,18,49 7,18,47 9,17,47 8,19,48 10,18,48 28,29,50 7,18,47 7,18,47 7,18,47 7,18,47 7,18,47 7,18,47 7,18,47 7,18,47 7,18,47 7,18,47 7,18,47 7,18,47 7,18,47 7,18,47 7,18,47 7,18,47 7,18,47 7,18,47 7,18,47 7,18,47 7,18,47 7,18,47 7,18,47 7,18,47 6,19,47 7,18,47 7,18,47 7,18,47 7,18,47 6,19,47 7,18,47 7,18,47 7,18,47 7,18,47
79,58,54 77,43,21 97,52,8 84,39,0 108,58,0 96,45,0 91,46,0 161,76,3 133,65,0 183,91,0 175,89,0 63,36,4 63,36,0 70,41,8 77,55,37 95,65,39 110,86,60 162,89,32 46,32,37 77,67,71 209,129,45 155,101,51 116,97,85 129,80,29 11,23,47 7,23,48 15,19,48 10,18,25 86,57,35 30,20,24 7,18,47 7,18,47 7,18,47 7,18,47 7,18,47 7,18,47 7,18,47 7,18,47 7,18,47 7,18,47 7,18,47 7,18,47 7,18,47 7,18,47 7,18,47 7,18,47 7,18,47 7,18,47 7,18,47 7,18,47 7,18,47 6,19,47 6,19,47 7,18,47 7,18,47 7,18,47 7,18,47 7,18,47 7,18,47 7,18,47 7,18,47 7,18,47 6,19,47 7,18,47
164,96,33 138,76,18 106,56,12 96,59,35 74,53,38 62,40,22 74,33,2 106,60,5 166,79,0 181,81,0 106,67,37 58,30,3 156,88,0 37,21,8 72,40,8 118,67,32 155,90,30 161,96,32 144,100,62 168,104,44 177,111,40 146,90,25 135,78,20 128,77,24 81,71,59 97,81,66 90,80,68 35,29,34 59,32,0 6,19,45 7,18,47 7,18,47 7,18,47 7,18,47 7,18,47 7,18,47 7,18,47 7,18,47 7,18,47 7,18,47 7,18,47 7,18,47 7,18,47 7,18,47 7,18,47 7,18,47 7,18,47 7,18,47 7,18,47 7,18,47 7,18,47 7,18,47 7,18,47 7,18,47 7,18,47 7,18,47 6,19,47 6,19,47 6,19,47 7,18,47 7,18,47 7,18,47 7,18,47 7,18,47
107,62,29 131,76,31 120,68,20 116,68,23 90,47,12 115,71,29 133,75,22 154,92,36 91,50,19 78,51,44 43,29,31 96,56,20 83,48,12 90,52,15 52,24,0 40,29,14 81,47,17 116,69,17 144,85,28 132,79,22 133,81,10 129,69,0 117,64,0 112,59,0 124,76,29 71,47,21 96,55,26 83,49,27 20,22,36 7,18,49 7,18,47 7,18,47 7,18,47 7,18,47 7,18,47 7,18,47 7,18,47 7,18,47 7,18,47 7,18,47 7,18,47 7,18,47 7,18,47 7,18,47 7,18,47 7,18,47 7,18,47 7,18,47 7,18,47 7,18,47 7,18,47 7,18,47 7,18,47 7,18,47 7,18,47 7,18,47 6,19,47 6,19,47 7,18,47 7,18,47 7,18,47 7,18,47 7,18,47 7,18,47
92,53,41 92,53,41 107,69,50 86,45,16 124,68,30 124,68,30 117,62,19 105,59,18 95,51,13 123,69,21 123,70,27 138,83,29 124,70,32 111,77,59 47,25,19 98,43,0 123,71,9 92,49,2 89,38,3 113,55,0 104,56,0 131,68,0 102,57,0 132,67,3 110,58,8 45,25,5 90,47,0 64,31,4 7,18,47 7,18,47 7,18,47 7,18,47 7,18,47 7,18,47 7,18,47 7,18,47 7,18,47 7,18,47 7,18,47 7,18,47 7,18,47 7,18,47 7,18,47 7,18,47 7,18,47 7,18,47 7,18,47 7,18,47 7,18,47 7,18,47 7,18,47 7,18,47 7,18,47 7,18,47 7,18,47 7,18,47 7,18,47 7,18,47 7,18,47 7,18,47 7,18,47 7,18,47 7,18,47 7,18,47
84,44,48 74,39,40 74,39,40 82,45,44 93,53,46 87,48,45 85,47,37 84,54,39 57,31,17 113,63,32 118,62,26 102,57,24 99,57,19 105,66,36 93,49,11 128,73,32 133,76,32 115,69,39 104,59,38 71,50,46 90,46,6 115,59,0 106,57,8 103,54,5 59,29,3 71,39,7 77,37,1 65,36,12 7,18,47 7,18,49 7,18,47 7,18,47 7,18,47 7,18,47 7,18,47 7,18,47 7,18,47 7,18,47 7,18,47 7,18,47 7,18,47 7,18,47 7,18,47 7,18,47 7,18,47 7,18,47 7,18,47 7,18,47 7,18,47 7,18,47 7,18,47 7,18,47 7,18,47 7,18,47 7,18,47 7,18,47 7,18,47 7,18,47 7,18,47 7,18,47 7,18,47 7,18,47 7,18,47 7,18,47
65,31,43 67,33,45 73,37,50 72,33,47 76,37,48 73,39,46 74,39,44 75,40,41 74,39,40 74,40,38 64,34,33 87,49,39 55,29,17 50,27,14 88,57,38 98,50,21 87,47,22 95,50,27 106,62,32 45,18,0 107,64,31 109,63,33 97,53,25 94,53,33 70,36,14 83,47,14 37,31,22 41,26,17 8,19,50 11,17,45 28,20,9 5,18,44 7,20,50 6,19,49 6,19,47 9,17,47 6,19,49 7,18,47 7,18,47 7,18,47 7,18,47 7,18,47 7,18,47 7,18,47 7,18,47 7,18,47 7,18,47 7,18,47 7,18,47 7,18,47 7,18,47 7,18,47 7,18,47 7,18,47 7,18,47 7,18,47 7,18,47 7,18,47 7,18,47 7,18,47 7,18,47 7,18,47 7,18,47 7,18,47
61,24,40 64,27,43 66,30,43 67,31,44 67,31,44 69,35,47 59,28,36 65,31,43 68,32,42 70,34,44 71,35,45 76,37,46 76,38,42 74,39,40 73,39,37 60,31,25 88,49,35 78,44,26 59,29,14 76,40,30 85,43,19 80,42,21 84,50,28 95,48,27 67,36,17 75,38,14 87,51,29 90,52,33 68,41,25 66,46,39 64,26,28 45,23,28 31,38,52 9,18,43 57,25,39 42,17,29 11,22,49 4,20,49 7,18,47 7,18,47 7,18,47 7,18,47 7,18,49 7,18,47 7,18,47 7,18,47 7,18,47 7,18,47 7,18,47 7,18,47 7,18,47 7,18,47 7,18,47 7,18,47 7,18,47 7,18,47 7,18,47 7,18,47 7,18,47 7,18,47 7,18,47 7,18,47 7,18,47 7,18,47