7,18,47 7,18,47 7,18,47 7,18,47 7,18,47 7,18,47 7,18,47 9,17,47 7,18,47 7,18,47 7,18,47 7,18,47 7,18,47 9,17,47 6,19,47 7,18,47 32,43,72 7,18,47 7,18,47 7,18,47 5,18,46 6,19,47 4,20,47 6,19,47 7,18,47 7,18,47 7,18,47 7,18,47 7,18,47 7,18,47 7,18,47 7,18,47 7,18,47 7,18,47 7,18,49 7,18,47 7,18,47 7,18,47 6,19,47 7,18,47 7,18,47 20,33,61 7,18,47 7,18,47 10,21,52 5,18,46 6,19,47 7,18,47 7,18,47 7,18,47 6,19,47 7,18,47 6,19,47 7,18,47 7,18,47 5,18,46 6,19,47 10,24,47 6,19,47 5,18,46 7,18,47 7,18,47 7,18,47 7,18,47
7,18,47 7,18,47 7,18,47 7,18,47 7,18,47 7,18,47 7,18,47 6,19,47 7,18,47 7,18,47 7,18,47 7,18,47 7,18,47 9,17,47 0,8,36 7,18,47 7,18,47 7,18,47 7,18,47 7,18,47 6,19,47 6,19,47 7,18,47 6,19,47 7,18,47 6,19,47 7,18,47 7,18,47 7,18,47 7,18,47 7,18,47 7,18,47 7,18,47 7,18,47 10,21,52 7,18,47 7,18,47 7,18,47 6,19,47 7,18,47 7,18,47 7,18,47 7,18,47 7,18,47 7,18,47 7,18,47 7,18,47 7,18,47 7,18,47 7,18,47 7,18,47 7,18,47 6,19,47 7,18,47 7,18,47 6,19,47 6,19,47 7,20,50 7,18,47 7,18,47 4,17,45 7,18,47 7,18,47 7,18,47
7,18,47 7,18,47 6,19,47 6,19,47 16,29,57 7,18,47 7,18,47 9,17,47 7,18,47 7,18,47 7,18,47 7,18,47 7,18,47 7,18,47 7,18,47 7,18,47 7,18,47 7,18,47 4,17,45 7,18,47 7,18,47 7,18,47 7,18,47 7,18,45 5,18,46 6,19,47 7,18,47 7,18,47 7,18,47 7,18,47 7,18,47 7,18,47 7,18,47 7,18,47 7,18,47 7,18,47 6,19,47 7,18,47 9,22,50 86,98,106 7,18,47 7,18,47 7,18,47 7,18,47 7,18,47 7,18,47 7,18,47 7,18,47 7,18,47 7,18,47 6,19,47 7,18,47 7,18,47 7,18,47 6,19,47 7,18,47 7,18,47 7,18,47 7,18,47 7,18,47 6,19,47 7,18,47 7,18,47 6,17,48
7,18,47 7,18,47 7,18,47 7,18,47 6,19,47 7,18,47 11,23,47 7,16,55 7,18,47 7,18,47 7,18,47 7,18,47 7,18,47 7,18,47 7,18,47 7,18,47 7,18,47 7,18,47 6,19,47 6,19,47 7,18,47 7,18,47 7,18,47 7,18,49 7,18,47 7,18,47 7,18,47 7,18,47 7,18,47 6,17,46 7,18,47 7,18,47 7,18,47 7,18,47 7,18,47 7,18,47 6,19,47 7,18,47 7,18,47 9,17,45 7,18,47 7,18,47 7,18,47 7,18,47 5,16,45 6,19,47 5,16,45 7,18,47 3,16,44 6,19,47 7,18,47 7,18,47 9,22,50 7,18,47 6,19,47 5,18,46 7,18,47 7,18,47 7,18,47 7,18,47 7,18,47 9,17,47 7,18,47 7,18,47
7,18,47 7,18,47 7,18,47 6,17,44 2,15,43 7,18,47 7,18,47 7,18,47 7,18,47 6,19,47 6,19,45 6,17,46 7,18,47 5,21,46 5,18,46 7,18,47 7,18,47 7,18,47 6,19,47 7,18,47 13,21,51 7,18,47 7,18,47 6,19,47 6,19,47 7,18,47 7,18,47 7,18,45 7,18,47 7,18,47 7,18,47 7,18,47 7,18,47 7,18,47 6,19,47 6,19,49 7,18,47 4,15,44 9,17,47 7,18,47 6,19,45 28,38,56 7,18,47 7,18,47 7,18,47 6,19,47 6,19,47 7,18,47 7,18,47 7,18,47 75,86,115 7,18,47 7,18,47 7,18,47 7,18,47 7,18,47 7,18,47 7,18,47 67,78,107 7,18,47 7,18,47 7,18,47 6,17,46 7,18,47
7,18,47 7,18,47 8,19,46 6,19,47 7,18,47 7,18,47 7,18,47 7,18,47 7,18,47 5,18,46 6,19,47 6,19,47 7,18,47 7,18,47 7,18,47 6,19,47 6,19,47 6,19,47 7,18,47 7,18,47 6,19,47 9,22,50 6,19,47 6,19,47 7,18,47 7,18,47 7,18,47 7,18,47 7,18,47 7,18,47 7,18,47 7,18,47 7,18,47 7,18,47 7,18,47 7,18,47 7,18,47 6,19,47 7,18,47 7,18,47 7,18,47 7,18,47 7,18,47 7,18,47 7,18,47 7,18,47 19,30,57 7,18,47 7,18,47 7,18,47 7,18,47 7,18,47 6,19,47 6,19,47 7,18,47 7,18,47 7,18,47 7,18,47 6,19,45 6,19,47 7,18,47 6,19,47 6,19,47 7,18,47
5,16,45 7,18,47 7,18,45 6,19,47 7,18,47 7,18,47 7,18,47 7,18,47 7,18,47 7,20,48 7,18,47 7,18,47 7,18,47 7,18,47 7,18,47 7,20,48 6,19,47 6,19,47 9,17,47 7,18,47 7,18,47 7,18,47 7,18,47 6,19,47 6,19,47 7,18,47 6,19,47 7,18,49 7,18,47 7,18,47 6,19,47 7,18,47 7,18,47 7,18,47 7,18,47 6,17,46 7,18,47 6,19,47 7,18,47 7,18,47 7,18,47 7,18,47 6,19,47 44,57,85 7,18,47 7,18,47 7,18,47 0,12,36 7,18,47 7,18,47 7,18,47 7,18,47 7,18,47 7,18,47 7,18,47 7,18,47 7,18,47 7,18,47 7,18,47 7,18,47 7,18,47 7,18,47 6,19,47 7,18,47
6,19,47 6,19,47 7,18,47 7,18,47 4,17,45 7,18,47 7,18,47 7,18,47 7,18,47 7,18,47 7,18,47 7,18,47 7,18,47 7,18,47 5,18,46 7,18,47 6,19,47 7,20,48 6,19,47 7,18,47 7,18,47 7,18,47 4,20,47 17,27,47 6,19,47 7,18,47 7,18,47 7,18,47 7,18,47 7,18,47 6,19,47 7,18,45 7,18,47 7,18,47 7,18,47 7,18,47 7,18,47 6,19,47 7,18,47 6,19,47 7,18,47 7,18,47 7,18,47 7,18,47 7,18,47 7,18,47 7,18,47 7,18,47 7,18,47 7,18,47 7,18,47 7,18,47 7,18,47 7,18,47 7,18,47 5,16,45 6,19,47 10,23,51 7,18,47 7,18,47 7,18,47 7,18,47 7,18,47 6,19,47
6,17,46 7,18,47 7,18,47 6,19,47 7,18,47 7,18,47 7,18,47 7,18,47 7,18,47 5,18,44 7,18,47 7,18,47 6,19,47 7,18,47 6,19,47 7,18,47 6,19,47 6,19,45 6,18,53 7,18,47 7,18,47 7,18,47 8,19,48 6,19,47 7,18,47 7,18,47 7,18,47 7,18,47 7,18,47 7,18,47 7,18,47 7,18,47 7,18,47 7,18,47 7,18,47 7,18,47 7,18,47 7,18,47 7,18,47 6,19,47 7,18,47 7,18,47 7,18,47 7,18,47 7,18,47 7,18,47 7,18,47 7,18,47 7,18,47 151,162,191 6,19,47 7,18,47 6,19,47 7,18,47 7,18,47 7,18,49 7,18,47 7,18,47 7,18,47 7,18,47 6,19,47 7,18,47 7,18,47 6,19,47
7,18,47 7,18,47 7,18,47 7,18,47 7,18,47 7,18,47 7,18,47 6,19,47 7,18,47 7,18,45 7,18,47 7,18,47 7,18,47 7,18,47 7,18,47 6,19,47 7,18,47 21,32,61 6,19,47 7,18,47 7,18,47 7,18,47 7,18,47 7,18,47 7,18,47 7,18,47 7,18,47 7,18,47 6,19,47 7,18,47 4,20,47 6,19,49 7,18,47 7,18,47 7,18,47 7,18,47 7,18,47 7,18,47 6,19,47 7,18,47 7,18,47 7,18,47 7,18,47 7,18,47 7,18,47 7,18,47 5,16,45 7,18,47 7,18,47 7,18,47 7,18,47 6,19,47 3,19,46 7,18,47 6,19,47 7,18,47 7,18,47 7,18,47 8,19,48 6,19,47 7,18,47 7,18,47 6,19,47 7,18,47
7,18,47 7,18,47 7,18,47 7,18,47 7,18,47 0,0,29 7,18,47 7,18,47 7,18,47 7,18,47 7,18,47 7,18,47 7,18,47 7,18,47 7,18,47 7,18,47 7,18,47 7,18,47 6,19,47 7,18,47 6,19,47 7,18,47 7,18,47 7,18,47 7,18,47 7,18,47 7,18,47 7,18,47 6,19,47 50,58,86 7,18,47 24,28,43 7,18,47 7,18,47 10,21,52 9,17,47 7,18,47 7,18,47 6,19,47 7,18,47 7,18,47 7,18,47 7,18,47 7,18,47 7,18,47 7,18,47 7,19,43 10,21,50 7,18,47 7,18,47 7,18,47 6,19,47 7,18,49 6,19,47 8,19,46 4,17,43 7,18,47 7,18,47 9,23,46 48,56,65 7,18,47 7,18,47 7,18,47 7,18,47
7,18,47 7,18,47 7,18,47 14,26,48 11,17,45 7,18,47 7,18,47 7,18,47 6,19,47 4,15,44 7,18,47 7,18,47 7,18,47 7,18,47 7,18,47 7,18,47 7,18,47 7,18,47 7,18,47 7,18,47 7,18,47 7,18,47 7,18,47 7,18,47 7,18,47 7,18,47 7,18,47 7,18,47 7,18,47 6,17,46 7,18,47 6,19,47 7,18,47 7,18,47 6,19,47 7,18,47 7,18,47 7,18,47 6,19,47 7,18,47 7,18,47 6,19,47 7,18,47 7,18,47 7,18,47 7,18,47 7,18,47 6,19,47 7,18,47 7,18,47 7,18,47 7,18,47 7,18,49 6,19,47 40,48,53 7,18,47 7,18,47 7,18,47 6,19,47 6,19,47 7,18,47 7,18,47 7,18,47 7,18,47
7,18,47 7,18,47 7,18,47 6,19,47 6,19,47 7,18,47 0,11,40 7,18,47 7,18,47 7,18,47 8,19,48 4,20,47 6,19,47 7,18,47 7,18,49 7,18,47 7,18,47 7,18,47 7,18,47 7,18,47 7,18,47 7,18,47 7,18,47 6,19,47 7,18,47 7,18,47 7,18,47 7,18,47 7,18,47 7,18,47 7,18,47 5,18,46 7,18,47 7,18,47 7,18,47 7,18,47 4,15,44 7,18,47 7,18,47 7,18,47 7,18,47 6,19,47 7,18,45 7,18,47 7,18,47 6,19,47 7,18,47 7,18,47 7,18,47 7,18,47 7,18,47 7,18,47 6,19,47 7,18,47 7,18,47 7,18,47 6,19,47 6,19,47 4,17,45 7,18,47 7,18,47 7,18,47 7,18,47 7,18,47
7,18,47 7,18,47 7,18,47 7,18,47 7,18,47 7,18,47 7,18,47 7,18,47 7,18,47 7,18,47 7,18,47 7,18,49 14,14,40 7,18,47 7,18,47 7,18,47 6,19,47 7,18,47 6,19,47 6,19,47 7,18,47 7,18,47 7,18,47 7,18,47 7,18,47 6,19,47 7,18,47 7,18,47 7,21,44 7,18,47 7,18,47 7,18,47 7,18,47 7,18,47 7,18,47 7,18,45 7,18,47 7,18,47 7,18,47 10,23,51 7,18,47 7,18,47 94,107,133 7,18,47 7,18,47 7,18,47 7,18,47 7,18,47 6,19,47 7,18,47 7,18,47 9,17,47 7,18,47 7,18,47 7,18,47 7,18,47 6,19,47 6,19,47 7,18,47 7,18,47 7,18,47 7,18,47 7,18,47 7,18,47
7,18,47 7,18,47 7,18,47 7,18,47 7,18,47 7,18,47 7,18,47 7,18,47 7,18,47 6,19,47 7,18,47 6,19,47 6,19,47 5,16,45 7,18,47 9,17,47 7,18,47 9,22,50 10,24,47 7,18,47 7,18,47 7,18,47 6,19,47 7,18,47 7,18,47 5,18,46 7,18,47 7,18,47 7,18,47 7,18,47 7,18,47 7,18,49 6,19,47 7,18,47 7,18,47 7,18,47 6,19,47 6,19,49 7,18,47 7,18,47 7,18,47 7,18,47 6,19,47 7,18,47 7,18,47 5,18,46 7,18,47 6,19,47 7,18,47 7,18,47 7,18,47 8,19,48 7,18,47 7,18,47 7,18,47 6,19,47 73,80,94 6,19,47 7,18,47 7,18,47 7,18,47 7,18,47 7,18,47 7,18,47
7,18,47 7,18,47 6,19,47 7,18,47 7,18,47 7,18,47 7,18,47 8,19,48 6,19,47 6,19,49 13,21,49 6,19,47 6,19,47 10,21,50 7,18,47 6,19,47 7,18,47 7,18,47 6,19,47 7,18,47 7,18,47 7,18,47 7,18,47 7,18,47 6,19,47 7,18,45 7,18,47 7,18,47 7,18,47 4,15,44 7,18,47 7,18,47 7,18,47 7,18,47 7,18,47 7,18,47 7,18,47 6,19,47 7,18,47 6,19,47 7,18,47 7,18,47 6,19,47 7,18,47 6,19,47 7,18,47 7,18,47 7,18,47 7,18,47 7,18,47 6,19,47 7,18,47 7,18,47 7,18,47 7,18,47 7,18,47 6,19,47 6,19,47 7,18,47 7,18,47 7,18,47 7,18,47 7,18,47 7,18,47
7,18,47 7,18,47 7,18,47 7,18,47 7,18,47 5,16,45 7,18,47 7,18,47 7,18,47 6,19,47 7,18,47 7,18,47 4,17,45 7,18,47 7,18,47 5,18,46 7,18,47 7,18,47 7,18,47 7,18,47 7,20,48 7,18,47 7,18,47 7,18,47 6,19,47 9,22,52 7,18,47 7,18,47 7,18,47 7,18,45 7,18,47 7,18,47 7,20,48 6,19,47 7,20,48 6,19,47 7,18,47 6,19,47 7,18,47 6,19,47 7,20,48 6,19,47 7,18,49 7,18,47 7,18,47 7,18,49 7,18,47 7,18,45 7,18,47 7,18,47 7,18,47 7,18,47 4,20,47 6,19,47 7,18,47 7,18,47 7,18,47 7,18,47 7,18,47 7,18,47 7,18,47 7,18,47 7,18,47 7,18,47
7,18,47 7,18,47 7,18,47 7,18,47 7,20,48 7,18,47 7,18,47 7,18,47 7,18,47 7,18,47 7,18,47 7,18,47 7,18,47 7,18,47 7,18,47 7,18,47 7,18,47 7,18,47 7,18,47 9,17,47 6,19,47 5,18,46 7,18,47 7,18,47 7,18,47 7,18,47 6,19,47 7,18,47 7,18,47 6,19,45 6,19,45 7,18,47 6,19,47 6,19,47 7,20,48 6,19,47 11,24,52 7,18,47 7,18,47 7,18,47 7,18,47 3,16,44 7,18,47 7,18,47 7,18,47 7,18,47 0,10,38 7,19,43 184,189,185 4,21,43 7,18,47 7,18,47 7,18,47 7,18,47 7,18,47 7,18,47 7,18,47 7,18,47 7,18,47 7,18,47 9,17,49 7,18,47 7,18,47 6,19,47
7,18,47 7,18,47 7,18,47 5,18,46 7,18,47 7,18,47 7,18,47 7,18,47 7,18,47 7,18,45 7,18,47 7,18,47 7,18,47 7,18,47 10,21,50 6,19,47 6,19,47 6,19,47 4,15,44 7,18,47 7,18,47 7,18,47 6,19,47 6,19,47 7,18,47 7,18,47 4,17,45 5,18,46 7,18,47 6,19,47 6,19,49 7,18,47 17,30,60 6,19,47 6,19,47 7,18,47 6,19,47 7,18,47 0,13,43 7,18,47 7,18,47 7,18,47 2,15,43 7,18,47 7,18,47 7,18,47 7,18,47 7,18,47 7,18,45 7,18,45 7,18,47 7,18,47 6,19,47 7,18,47 7,18,47 7,18,47 7,18,47 7,18,47 7,18,47 7,18,47 7,18,47 7,18,47 7,18,47 7,18,47
7,18,47 7,18,47 7,18,47 6,19,47 7,18,47 7,18,47 7,18,47 7,18,47 7,18,47 7,18,45 7,18,47 7,18,47 7,18,47 7,18,47 7,18,47 7,20,48 7,20,48 6,19,47 7,18,47 7,18,47 7,18,47 3,14,43 4,17,45 6,19,47 7,18,47 7,18,47 6,19,47 6,19,47 7,18,47 6,20,43 6,19,49 6,19,47 6,19,49 6,19,47 6,19,47 7,18,47 6,19,47 6,19,47 6,19,45 7,18,47 7,18,47 7,18,47 6,19,47 3,14,43 7,18,47 7,18,47 7,18,47 7,18,47 7,18,45 7,18,45 7,18,47 7,18,47 6,19,47 7,18,47 7,18,47 7,18,47 7,18,47 7,18,47 7,18,47 7,18,47 7,18,47 7,18,47 7,18,47 7,18,47
7,18,47 6,19,47 7,18,47 7,18,47 7,18,47 7,18,47 6,19,47 5,18,46 7,18,47 7,18,47 7,18,47 4,20,47 8,19,46 7,18,47 7,18,47 7,18,47 6,19,47 6,19,47 6,19,47 7,18,47 7,18,47 7,18,47 7,18,47 7,18,47 6,19,47 8,19,48 7,20,48 7,18,47 6,19,47 6,19,47 7,18,47 6,19,47 7,18,47 7,18,47 7,18,45 7,18,47 7,18,47 7,18,47 6,19,47 7,18,47 7,18,47 7,18,47 7,18,47 7,18,47 7,18,47 7,18,47 3,16,44 7,18,47 7,18,47 7,18,47 7,18,47 7,18,47 6,19,47 7,18,47 7,18,47 7,18,47 7,18,47 7,18,47 6,19,47 7,18,47 7,18,47 7,18,47 7,18,47 7,18,47
7,18,47 7,18,47 7,18,47 7,18,47 7,18,47 7,18,47 6,19,47 7,18,47 7,18,47 7,18,47 7,18,47 7,18,47 7,18,47 7,18,47 7,18,47 7,18,47 7,18,47 7,18,47 7,18,47 7,18,47 7,18,47 7,18,47 7,18,47 7,18,47 6,19,47 7,18,47 6,19,47 7,18,47 6,19,47 6,19,47 7,18,47 11,22,51 7,18,47 7,18,47 7,18,47 7,18,47 6,18,42 7,18,47 7,18,47 7,18,47 4,15,44 7,18,47 7,18,47 7,18,47 7,18,47 7,18,47 6,19,47 42,55,83 7,18,47 7,18,47 6,19,47 6,19,47 7,18,47 7,18,47 7,18,47 7,18,47 7,18,47 7,18,45 6,19,47 6,19,47 7,18,47 7,18,47 7,18,47 9,22,50
6,19,47 7,18,47 7,18,47 6,19,47 7,18,47 7,18,47 7,18,47 7,18,47 6,19,47 8,19,48 7,18,47 7,18,47 7,18,47 7,18,47 6,19,47 6,19,47 7,18,47 8,19,48 7,18,47 7,18,47 7,18,47 7,18,47 7,18,47 7,18,47 6,19,47 6,19,47 7,18,47 6,19,47 6,19,47 7,18,47 7,18,49 6,19,47 7,18,47 7,18,47 7,18,47 6,19,49 7,18,47 7,18,47 7,18,47 7,18,47 17,30,58 7,18,47 7,18,47 7,18,47 7,18,47 7,18,47 9,17,49 6,19,47 7,18,49 7,18,49 7,18,47 7,18,47 7,18,47 7,18,47 7,18,47 7,18,47 7,18,47 7,18,47 7,18,47 7,18,47 7,18,47 6,19,47 7,18,47 7,18,47
7,18,47 7,18,47 7,18,47 7,18,47 6,19,47 8,19,48 7,18,47 7,18,47 6,19,47 7,18,47 7,18,47 7,18,47 7,18,47 32,43,72 6,19,47 7,18,47 7,18,47 7,18,47 7,18,47 7,18,47 7,18,47 7,18,47 7,18,47 8,19,46 7,18,47 7,18,47 7,18,47 7,18,49 19,32,60 6,19,47 7,18,47 7,18,47 7,18,47 7,18,47 7,18,47 6,19,47 6,19,47 7,18,47 7,18,47 7,18,47 6,19,47 6,17,46 10,20,40 7,18,47 7,18,47 7,18,47 7,18,47 7,18,47 7,18,47 7,18,47 7,18,47 6,19,47 7,18,47 7,18,47 7,20,48 6,19,47 7,18,47 7,18,47 7,18,47 7,18,47 7,18,47 7,18,47 7,18,47 6,19,47
7,18,47 7,18,47 7,18,47 7,18,47 7,18,47 7,18,47 7,19,43 7,18,47 7,18,47 7,18,47 7,18,47 6,19,45 7,18,47 6,17,46 7,18,47 8,16,46 7,18,47 7,18,47 7,19,43 7,18,47 7,18,47 7,18,47 6,19,47 12,21,44 7,18,47 7,18,45 7,18,47 7,18,47 6,19,47 7,18,47 7,18,47 7,18,47 7,18,47 7,18,47 6,19,47 7,18,47 7,18,47 7,18,47 7,18,47 7,18,47 7,18,47 6,19,47 6,19,47 30,43,71 7,18,47 7,18,47 7,18,47 6,19,47 7,18,47 7,18,47 7,18,47 7,18,47 7,18,47 7,18,47 6,19,47 6,19,47 7,18,47 7,18,47 7,18,47 7,18,47 7,18,47 7,18,47 7,18,47 7,18,47
7,18,47 7,18,47 7,18,47 7,18,47 7,18,47 7,18,47 7,18,47 7,18,47 7,18,47 7,18,47 7,18,47 7,18,47 7,18,49 7,18,47 7,18,47 7,17,35 66,64,17 88,77,13 102,87,24 18,22,26 13,17,30 12,17,25 11,18,41 5,22,44 7,18,45 6,19,47 7,18,47 7,18,47 6,19,47 6,19,47 7,18,47 7,18,47 7,18,47 7,18,47 8,19,48 7,18,47 7,18,47 7,18,47 7,18,47 7,18,47 7,18,47 7,18,47 7,18,47 6,19,47 7,18,47 7,18,47 6,19,47 6,19,47 6,19,47 6,19,47 7,18,47 7,18,47 7,18,47 7,18,47 8,19,48 7,18,47 10,23,51 6,19,47 7,18,47 7,18,49 7,18,47 7,18,47 7,18,47 7,18,47
6,19,45 7,18,47 7,18,47 6,19,47 6,19,47 7,18,47 6,19,47 6,19,47 7,18,47 7,18,45 7,18,45 7,18,45 7,17,51 29,42,28 51,61,10 52,61,13 47,59,14 53,62,16 73,70,17 119,89,20 135,97,21 146,100,16 154,104,1 171,104,0 125,88,7 125,82,22 119,85,24 20,16,36 7,18,47 9,17,47 7,18,47 7,18,47 7,18,47 7,18,47 7,18,47 6,19,47 7,18,47 7,18,47 7,18,47 7,18,47 7,18,47 7,18,47 7,18,47 7,18,47 7,18,47 7,18,47 7,18,47 7,18,47 7,18,47 7,18,47 6,19,47 7,18,47 7,18,47 6,19,47 6,19,47 7,18,47 7,18,47 6,19,47 7,18,45 6,18,51 7,18,47 7,18,47 6,19,47 7,18,47
7,18,47 7,18,47 6,19,47 7,18,47 7,18,47 6,17,46 7,18,47 9,17,45 7,18,49 7,18,47 4,20,47 38,45,11 51,60,14 51,58,10 52,59,13 53,60,14 57,58,19 90,71,16 128,84,6 149,93,0 158,102,0 160,103,0 165,107,0 180,102,0 187,108,0 181,109,0 180,103,0 185,109,0 10,22,55 9,17,47 7,18,47 7,18,47 7,18,47 7,18,47 7,18,47 7,18,47 7,18,47 7,18,47 7,18,47 7,18,47 7,18,47 7,18,47 7,18,47 7,18,47 7,18,47 7,18,47 7,18,47 7,18,47 7,18,47 7,18,47 6,19,47 7,18,47 7,18,47 7,18,47 7,18,47 7,18,47 7,18,47 7,18,47 7,18,47 7,18,47 6,19,47 7,18,47 7,18,47 7,18,47
6,19,47 7,18,49 7,20,48 42,37,53 54,48,71 158,98,77 14,16,43 9,17,47 3,19,48 6,19,45 44,48,31 44,52,11 45,54,10 55,62,16 56,66,13 65,67,14 90,74,16 121,77,8 141,89,0 153,96,0 168,102,0 171,106,0 163,104,0 175,105,0 196,113,0 196,114,0 197,111,0 194,106,0 109,88,73 6,19,45 0,8,30 7,18,47 7,18,47 7,18,47 7,18,47 7,18,47 7,18,47 7,18,47 7,18,47 6,19,47 6,19,47 7,18,47 7,18,47 7,18,47 7,18,47 7,18,47 7,18,47 7,18,47 7,18,47 6,19,47 7,18,47 7,18,47 7,18,47 7,18,47 7,18,47 7,18,47 7,18,47 7,18,47 7,18,47 27,38,67 7,18,47 7,18,47 7,18,47 7,18,47
13,16,36 57,63,66 57,50,50 77,60,52 64,50,34 87,69,48 105,74,53 98,67,57 111,71,48 160,94,42 71,70,18 87,76,14 101,82,18 107,80,17 113,87,19 121,91,24 133,99,29 139,101,25 146,95,1 167,99,0 166,97,0 175,105,0 181,109,0 170,106,0 186,111,0 202,113,0 196,105,0 177,98,0 7,20,50 9,18,43 10,19,44 7,18,47 9,17,47 7,18,47 7,18,47 7,18,47 7,18,47 7,18,47 7,18,47 7,18,47 7,18,47 7,18,47 7,18,47 7,18,47 7,18,47 32,43,72 7,18,47 7,18,47 7,18,47 7,18,47 7,18,47 7,18,47 7,18,47 7,18,47 7,18,47 7,18,47 7,18,47 7,18,47 7,18,47 7,18,47 7,18,47 7,18,47 7,18,47 7,18,47
70,63,63 86,75,72 83,68,59 100,77,64 98,74,52 114,83,62 136,91,58 129,83,55 103,68,41 136,91,45 130,82,28 139,106,40 123,83,17 120,92,22 136,99,26 139,101,25 148,103,14 153,106,2 159,106,0 160,97,0 173,104,0 175,104,0 177,107,0 178,111,0 177,110,0 197,111,0 166,99,0 5,13,45 7,18,47 7,18,47 7,18,47 6,19,47 6,19,47 6,19,47 5,16,45 7,18,47 7,18,47 7,18,47 7,18,47 7,18,47 7,18,47 7,18,47 7,18,47 7,18,47 7,18,47 7,18,47 2,15,43 7,18,47 7,18,47 7,18,47 7,18,47 7,18,47 7,18,47 7,18,47 7,18,47 7,18,47 7,18,47 7,18,47 6,19,47 6,19,47 7,18,47 6,19,47 6,19,47 6,19,47
103,77,54 103,77,52 134,95,52 135,91,53 129,83,44 132,89,44 143,95,50 154,99,45 155,100,44 141,90,35 138,85,28 141,85,22 141,93,39 143,97,11 162,104,6 155,105,0 162,107,0 169,110,0 169,108,0 166,107,0 173,104,0 183,107,0 182,107,0 182,110,0 185,110,0 77,55,21 6,19,47 7,18,47 7,18,47 7,18,47 7,18,47 1,12,41 7,18,47 7,18,47 7,18,47 7,18,47 7,18,47 7,18,47 7,18,47 7,18,47 6,19,47 7,18,47 7,18,47 7,18,47 7,18,47 7,18,47 7,18,47 7,18,47 7,18,47 7,18,47 7,18,47 7,18,47 7,18,47 7,18,47 7,18,47 7,18,47 7,18,47 7,18,47 7,18,47 7,18,47 7,18,47 7,18,47 6,17,46 6,17,46
140,92,47 127,77,31 137,84,29 155,100,44 164,103,42 174,113,50 172,108,44 178,114,47 171,110,47 158,100,38 153,97,30 143,88,18 163,95,25 157,94,20 163,100,6 167,106,0 167,108,0 174,110,0 178,109,0 174,110,0 171,105,0 183,107,0 181,106,0 181,109,0 185,110,0 120,84,0 8,19,48 7,18,47 6,19,47 6,19,47 7,18,47 7,18,47 7,18,47 7,18,47 7,18,47 8,19,48 7,18,47 7,18,47 7,18,47 7,18,47 7,18,47 7,18,47 7,18,47 7,18,47 7,18,47 7,18,47 7,18,47 7,18,47 7,18,47 7,18,47 7,18,47 7,18,47 7,18,47 7,18,47 7,18,47 7,18,47 7,18,47 7,18,47 7,18,47 7,18,47 7,18,47 7,18,47 7,18,47 7,18,47
137,87,43 161,108,55 151,92,35 187,111,28 177,105,21 172,99,19 168,88,0 184,107,20 197,115,23 202,126,34 159,94,32 156,93,19 166,97,16 161,88,8 160,89,0 172,106,2 169,106,0 178,111,0 177,113,0 176,112,0 170,105,0 172,103,0 181,108,0 177,104,0 182,110,0 179,112,0 11,17,47 6,19,45 6,19,47 10,21,50 7,18,47 7,18,47 7,18,47 7,18,47 7,18,47 7,18,47 7,18,47 7,18,47 7,18,47 7,18,47 7,18,47 7,18,47 9,22,50 7,18,47 7,18,47 7,18,47 7,18,47 7,18,47 7,18,47 7,18,47 7,18,47 7,18,47 7,18,47 7,18,47 7,18,47 7,18,47 7,18,47 7,18,47 6,19,47 12,25,53 7,18,47 7,18,47 7,18,47 7,18,47
164,106,44 136,78,16 187,116,43 183,116,50 165,98,30 174,105,24 179,102,13 197,116,17 199,119,9 201,118,9 186,107,16 200,120,16 170,95,7 182,104,6 162,88,0 172,91,10 178,104,32 178,109,0 178,109,0 178,111,0 175,111,0 176,108,0 178,108,0 180,108,0 187,112,0 185,109,0 52,16,0 6,19,47 7,18,47 7,18,47 6,19,47 7,18,47 7,18,47 7,18,47 7,18,47 7,18,47 7,18,47 7,18,47 7,18,47 6,19,47 7,18,47 7,18,47 7,18,47 7,18,47 6,19,47 6,19,47 7,18,47 7,18,47 7,18,47 7,18,47 7,18,47 7,18,47 9,17,47 7,18,47 7,18,47 7,18,47 7,18,47 7,18,47 7,18,47 7,18,47 7,18,47 7,18,47 7,18,47 7,18,47
156,97,38 148,94,35 154,90,28 175,109,34 180,113,36 196,124,44 173,101,21 192,115,26 176,95,0 210,117,0 207,124,13 205,125,21 192,112,10 167,91,0 170,89,0 179,100,0 161,89,5 181,108,0 179,110,0 176,112,0 174,109,0 183,111,0 186,114,0 180,108,0 187,112,0 183,108,0 174,107,0 7,20,48 7,18,47 7,18,47 6,19,47 7,18,47 7,18,47 7,18,47 7,18,47 7,18,49 7,18,47 7,18,47 7,18,47 7,20,48 7,18,47 7,18,47 7,18,47 7,18,47 6,19,47 7,18,47 7,18,47 7,18,47 7,18,47 7,18,47 7,18,47 7,18,47 7,18,47 7,18,47 7,18,47 7,18,47 6,19,47 7,18,47 7,18,47 7,18,47 7,18,47 7,18,47 7,18,47 7,18,47