66,48,29 72,57,37 76,62,44 68,53,42 50,37,32 65,54,47 57,51,44 42,36,27 47,53,40 42,49,33 54,55,47 62,61,52 64,65,57 60,59,52 55,54,47 55,50,38 65,66,56 79,81,66 63,63,47 54,57,37 51,53,36 64,61,46 65,65,49 55,55,39 42,42,26 37,39,22 43,45,28 41,45,30 42,49,33 42,45,33 39,43,28 67,70,62 38,41,33 49,51,46 54,63,46 44,47,37 49,57,43 42,50,38 51,57,46 104,95,48 90,85,42 106,89,42 82,67,27 65,62,47 57,60,52 51,54,44 44,55,42 68,62,39 38,41,33 56,60,45 45,45,29 80,85,65 41,44,22 41,42,23 48,49,26 39,40,19 44,45,22 49,50,27 45,46,23 41,42,19 50,53,33 28,35,28 28,37,20 38,46,34
32,44,24 65,50,39 82,68,50 76,61,50 73,61,51 52,41,34 52,46,39 58,52,43 40,39,28 58,64,53 62,63,55 67,66,57 65,66,58 56,55,48 59,58,51 65,65,51 71,72,62 66,68,53 61,61,45 48,50,35 55,57,40 81,83,66 69,69,53 52,52,36 48,48,32 43,45,28 46,48,31 43,47,32 47,48,38 45,48,36 66,71,51 114,117,109 51,53,50 43,46,34 47,56,39 47,55,43 43,51,39 36,38,23 61,60,51 59,48,15 59,60,41 67,68,49 44,36,14 65,66,54 64,67,59 50,53,43 68,74,61 64,59,29 43,47,32 49,52,44 68,68,52 74,72,54 54,53,28 44,45,26 47,48,25 39,40,19 48,49,26 42,43,20 42,43,20 36,41,21 51,49,29 45,53,39 43,51,39 36,44,32
21,27,16 39,45,34 36,43,36 58,50,37 64,48,31 89,74,65 63,55,42 45,39,32 55,49,42 37,31,24 71,72,62 70,68,64 89,86,71 86,86,72 131,121,111 65,64,55 73,74,66 54,55,47 64,66,51 61,63,48 79,74,60 85,82,67 63,60,45 55,52,37 59,59,43 46,48,31 44,44,28 53,55,40 49,51,46 55,59,44 51,55,40 46,49,39 58,61,53 52,55,47 43,49,38 49,52,44 52,55,45 56,59,24 121,100,57 50,36,11 51,47,26 68,63,31 56,52,31 54,55,45 93,94,84 67,68,58 60,64,47 94,82,45 68,70,44 60,61,49 53,52,41 55,50,36 54,48,23 45,41,20 53,51,29 50,49,24 42,43,22 45,46,23 46,45,18 29,32,12 40,41,20 32,35,15 35,44,27 29,40,27
27,35,23 42,45,35 36,38,33 73,72,63 38,39,31 55,51,43 62,51,34 67,54,47 42,36,29 44,38,29 54,53,46 69,69,66 70,68,66 82,88,77 65,62,49 86,85,78 75,76,68 82,83,75 91,90,83 83,82,71 89,90,80 88,80,67 84,79,65 73,68,54 56,53,38 65,65,49 50,52,37 59,61,46 66,67,57 59,61,46 61,62,54 107,107,102 69,72,60 49,52,44 46,49,41 67,70,62 44,47,25 58,62,47 70,57,25 49,45,26 81,74,33 64,56,20 84,76,40 39,40,21 72,73,63 70,73,63 63,61,57 112,97,57 65,53,27 60,61,42 60,57,42 44,43,18 54,50,15 58,55,29 63,60,36 48,45,19 36,39,17 33,34,15 35,36,17 45,46,23 43,46,26 44,47,25 31,43,25 23,34,21
77,80,72 32,35,27 42,45,37 34,37,27 39,49,27 40,46,35 46,52,41 51,48,33 59,48,31 63,55,42 45,40,28 73,76,66 76,83,78 68,69,57 80,81,73 79,80,72 64,67,55 49,52,40 58,59,49 67,66,55 77,72,60 49,49,33 61,61,45 60,61,49 51,51,37 50,52,37 44,48,33 53,56,46 64,67,59 64,67,57 59,60,52 76,76,73 67,66,59 65,68,60 65,71,62 65,68,58 44,40,23 65,64,55 88,73,33 103,84,45 63,57,34 37,35,17 62,61,23 37,37,23 79,80,70 77,80,70 108,100,78 61,48,27 57,50,23 62,55,28 48,46,26 70,67,54 58,52,27 61,55,32 52,50,21 50,48,28 39,40,28 48,48,34 44,45,22 37,42,20 45,46,25 48,56,44 34,41,23 39,44,24
53,61,47 32,35,23 51,54,44 59,62,54 41,44,36 27,35,23 38,40,35 45,53,39 65,46,23 64,49,29 43,35,22 69,68,59 203,123,91 66,44,38 88,86,84 61,61,56 57,60,50 49,52,42 46,49,39 62,63,51 52,55,45 49,52,40 47,49,34 48,51,41 46,49,39 52,55,45 57,60,52 70,73,65 67,70,62 79,81,76 53,61,47 79,84,83 67,68,60 63,69,60 66,68,63 67,66,59 68,69,61 123,116,85 70,68,48 45,36,17 46,44,24 51,49,27 42,40,22 53,53,37 53,54,46 63,66,58 80,75,47 82,74,40 54,52,32 60,57,44 51,48,35 55,54,47 56,52,42 51,46,16 52,49,23 55,55,39 67,70,62 46,48,33 44,45,22 42,51,34 38,42,25 43,48,26 50,53,41 43,48,28
34,37,25 35,38,26 41,42,34 52,54,49 36,39,31 34,40,29 50,50,45 50,50,45 40,35,23 54,36,15 55,45,35 40,35,23 96,63,38 47,38,30 52,46,39 66,64,62 59,61,56 60,63,53 53,54,44 58,59,49 58,59,47 54,55,47 47,48,38 51,54,44 46,51,45 57,65,55 63,65,62 93,95,92 65,68,60 53,56,48 65,66,56 85,91,82 69,71,66 79,81,76 74,74,69 78,71,69 69,69,66 67,67,67 48,46,26 62,55,26 75,75,61 40,42,16 55,56,35 74,75,63 74,77,69 47,48,40 58,58,44 77,74,59 85,79,45 59,50,33 59,60,41 64,64,59 63,62,55 71,62,35 48,49,28 60,62,47 45,47,32 64,65,55 48,49,28 39,42,18 44,47,27 45,47,32 44,48,33 40,43,23
48,54,45 37,43,30 38,41,31 32,37,17 37,43,34 33,41,29 51,51,46 96,97,89 40,46,35 53,37,20 70,54,37 47,37,27 51,43,32 80,74,69 71,55,38 47,38,34 103,90,83 83,82,73 84,74,73 70,63,61 82,62,55 76,71,68 49,51,46 59,61,56 55,61,52 63,69,56 58,61,53 68,68,65 75,75,72 62,63,55 73,74,66 57,62,56 81,81,76 81,81,78 79,77,78 79,79,76 81,83,83 75,75,70 58,51,24 74,70,35 45,42,18 53,51,33 69,67,49 81,76,37 87,87,73 69,72,64 81,77,67 56,59,49 43,39,22 66,62,43 70,70,54 58,60,43 69,67,38 64,63,38 62,62,46 75,75,59 46,49,29 38,41,21 52,53,34 40,43,23 46,48,31 34,38,21 46,48,31 43,53,31
34,38,21 33,42,23 32,39,21 30,34,19 40,42,25 42,46,31 39,42,34 90,90,90 86,88,85 45,40,28 53,39,14 37,32,20 84,79,78 96,95,86 83,82,71 56,44,32 56,43,22 105,91,77 87,78,74 62,63,55 78,71,71 76,74,72 65,65,60 89,87,83 101,82,55 113,93,45 62,68,55 63,65,62 57,59,56 73,73,70 65,65,60 46,48,43 74,73,76 89,87,88 103,102,105 89,82,85 88,88,88 135,132,92 64,61,46 92,87,48 49,49,19 92,88,80 58,54,37 89,83,47 112,66,27 89,63,38 81,82,70 86,84,80 72,70,48 58,56,34 45,48,26 63,57,34 88,87,80 53,54,33 44,45,26 51,52,31 38,39,16 56,57,38 49,47,25 37,40,18 38,43,23 39,44,22 37,45,24 43,46,24
49,52,44 57,60,52 52,53,41 35,38,28 98,75,62 45,46,34 55,58,50 74,76,76 84,86,86 77,81,83 52,37,15 69,55,39 77,72,60 85,81,75 68,67,60 88,87,80 82,82,77 86,72,56 180,165,104 158,128,41 93,85,31 121,116,47 100,91,44 82,73,44 66,57,28 68,60,36 102,90,60 126,113,38 74,75,52 57,57,54 60,60,60 70,72,69 85,87,87 88,90,90 88,86,87 129,118,125 89,84,83 56,52,33 84,74,36 62,55,26 43,34,15 55,56,35 53,52,27 146,95,69 113,49,23 148,81,33 134,79,27 75,70,40 96,91,61 65,59,34 54,50,29 74,67,40 59,60,41 58,59,36 37,36,11 46,47,24 50,53,33 45,46,25 55,51,43 39,42,22 48,51,31 45,48,26 48,49,30 47,48,29
80,80,77 43,44,36 78,80,75 53,56,46 56,50,41 81,64,54 60,60,57 84,81,85 102,101,104 84,86,83 60,51,36 52,42,20 45,37,26 85,86,78 74,75,67 97,93,85 84,75,67 122,96,84 89,79,80 77,62,11 119,111,48 151,140,78 80,73,32 70,66,31 105,92,69 146,132,76 174,172,102 219,194,105 91,94,72 72,71,74 72,74,71 91,96,95 98,98,95 86,86,83 64,64,61 82,75,78 128,105,90 44,39,27 42,41,14 53,48,16 42,35,17 40,36,15 57,45,19 89,51,30 120,60,37 81,45,27 77,41,23 75,39,21 54,42,16 42,41,14 44,42,20 39,42,20 41,42,21 47,48,25 56,54,34 48,50,24 42,43,24 40,43,23 44,47,25 42,43,22 49,47,25 44,45,22 46,49,29 43,44,34
66,64,62 55,53,51 52,53,45 58,59,49 67,66,57 113,84,64 65,63,61 67,61,66 98,95,99 78,79,69 76,76,62 57,40,14 49,37,27 83,83,78 89,91,88 92,91,84 108,107,98 107,101,94 81,79,75 81,80,73 77,72,74 127,125,126 98,96,92 113,108,110 63,53,31 74,61,27 115,106,46 71,63,9 104,104,41 82,84,67 91,91,91 84,85,88 129,129,129 100,100,100 76,76,73 145,114,104 94,81,74 101,95,88 120,122,122 54,51,36 54,47,27 98,91,48 71,59,33 230,148,105 248,157,117 102,55,32 62,32,15 70,36,18 65,39,16 95,86,55 45,38,20 68,69,48 44,42,20 55,53,31 39,42,20 47,48,25 35,36,13 42,43,22 72,73,54 45,46,25 40,41,18 43,46,24 44,48,33 146,134,134
76,74,72 52,51,44 54,54,49 54,55,45 53,54,44 69,67,63 71,63,69 71,64,67 86,84,80 62,62,57 80,75,61 71,45,24 49,37,25 95,95,95 102,102,102 112,113,105 104,102,98 110,108,104 131,104,86 84,74,75 70,68,69 116,112,121 120,117,121 126,124,125 58,55,40 78,73,75 50,46,11 85,82,27 122,116,93 87,88,93 78,78,75 95,95,92 78,78,78 96,96,96 67,67,64 76,76,73 116,89,84 89,82,85 98,98,98 73,73,59 44,42,24 137,124,74 48,40,18 255,168,126 200,126,90 93,48,27 73,38,23 71,35,17 65,51,24 70,64,41 91,88,73 66,63,39 68,63,33 49,45,26 37,37,21 43,46,24 38,41,21 40,43,21 38,40,23 53,52,41 40,41,20 40,42,25 67,64,51 130,114,110
87,86,89 58,57,50 74,76,76 72,72,72 65,65,65 96,95,98 85,73,78 80,69,76 246,227,215 75,76,68 81,81,78 79,54,26 68,53,42 105,103,104 103,103,103 91,91,91 101,100,103 91,90,93 103,90,87 101,91,95 130,125,113 115,113,111 111,110,115 81,82,74 59,52,21 91,89,97 109,107,60 62,59,8 110,98,41 90,88,86 85,87,82 116,118,113 88,88,88 82,82,82 95,95,95 111,110,113 189,122,95 122,99,96 74,74,71 93,93,90 90,91,81 39,42,30 36,33,9 202,125,92 200,124,84 122,70,38 92,44,26 65,34,22 49,54,34 76,78,52 100,98,80 61,58,32 56,54,25 49,43,18 52,50,19 35,36,13 66,67,48 83,84,72 50,53,33 126,122,114 102,100,96 46,49,27 52,51,40 71,67,61
138,126,87 69,69,64 89,90,82 89,88,93 90,88,98 93,92,95 81,75,80 79,71,77 189,185,168 83,84,74 87,87,84 95,65,37 65,51,37 79,73,68 105,105,105 81,81,81 83,82,85 90,89,92 102,88,88 99,89,93 129,123,114 136,131,117 119,117,115 111,110,103 69,73,17 73,74,79 112,110,92 108,103,89 123,113,64 119,115,67 87,89,86 116,118,113 85,85,85 94,94,94 109,108,111 115,114,117 216,129,104 148,109,106 92,90,91 87,87,82 108,107,110 98,98,93 86,84,51 112,59,32 167,98,67 124,76,47 77,46,27 23,30,14 68,68,38 91,89,60 84,79,65 83,82,57 58,58,28 56,50,25 55,53,24 45,48,26 43,46,24 40,43,23 69,71,54 53,53,37 72,73,65 40,42,27 84,77,75 88,79,71
161,145,73 79,79,65 162,148,78 152,136,80 92,86,77 83,82,75 78,80,80 80,78,76 88,90,75 77,76,69 93,93,93 92,71,44 41,27,11 42,36,31 102,102,102 97,97,97 98,97,100 93,92,95 97,91,96 104,92,97 111,105,98 144,135,116 147,137,115 136,131,117 114,114,111 95,97,97 98,95,99 91,96,90 91,94,86 113,115,115 83,85,82 119,121,116 103,102,105 108,106,114 112,110,118 115,113,121 113,110,116 113,99,99 106,98,104 133,128,116 149,145,124 139,132,112 82,79,55 63,59,38 216,146,84 149,86,53 139,78,46 159,104,75 59,45,18 64,52,26 45,39,16 38,38,22 61,63,35 52,46,21 47,44,18 37,39,22 44,46,29 112,110,118 83,84,74 52,53,45 85,90,84 75,75,75 94,91,95 116,98,95
147,132,69 73,76,56 150,132,70 152,140,74 101,95,70 98,90,56 74,75,63 78,79,69 89,88,79 74,75,65 95,95,90 97,89,67 51,35,20 40,32,21 105,103,85 110,108,88 114,106,93 90,84,89 110,103,87 111,107,88 114,110,91 108,103,89 108,104,96 123,114,87 158,141,104 94,92,93 127,123,113 152,144,110 130,122,98 116,119,111 102,101,90 138,139,131 102,101,104 100,104,106 105,104,109 107,105,113 112,111,116 141,116,115 114,103,110 119,118,109 129,123,100 160,143,108 166,148,116 97,141,92 255,196,135 200,112,74 213,119,78 209,124,51 60,84,46 43,64,32 75,70,38 112,110,88 59,53,30 42,38,19 48,49,26 34,36,19 29,30,18 110,110,107 73,72,63 46,46,41 60,59,50 90,87,93 114,112,122 104,94,98
87,82,54 67,68,56 127,120,63 128,118,67 118,110,60 93,88,60 84,85,66 82,79,66 79,81,78 79,81,78 95,97,94 92,92,78 64,49,29 45,36,21 40,24,18 47,37,36 77,75,46 109,106,66 116,109,93 123,116,96 118,115,89 140,127,95 158,145,93 99,94,62 76,75,39 81,76,44 111,104,102 150,137,89 144,129,91 126,123,110 122,120,102 166,167,157 128,126,97 128,121,94 93,94,99 92,94,94 94,93,98 98,96,97 103,103,103 105,101,93 98,96,94 105,105,102 169,156,122 70,115,63 255,216,152 255,167,109 255,166,107 127,107,48 46,88,51 34,60,35 41,57,36 49,47,29 47,43,24 51,52,31 37,37,21 45,46,27 82,82,82 124,122,118 155,151,132 106,105,96 129,128,121 124,114,113 145,144,119 107,99,105
48,47,36 75,76,57 65,66,47 88,88,54 100,87,55 80,69,34 98,86,47 127,118,114 84,86,86 65,59,50 90,91,83 76,76,76 70,64,59 90,59,20 84,67,32 56,44,32 48,34,20 78,65,44 76,64,38 51,73,105 34,60,97 58,81,119 37,68,111 96,99,77 48,33,0 247,239,117 181,159,114 138,127,54 89,77,65 110,116,107 108,78,52 115,81,36 80,67,62 83,71,59 102,97,83 89,77,65 100,101,89 67,66,59 92,85,88 78,74,66 90,90,85 68,56,58 92,73,57 73,76,43 255,201,133 255,206,141 249,166,83 57,61,32 43,80,47 39,68,40 40,61,38 64,60,43 82,82,77 68,70,53 40,40,24 75,66,58 39,40,32 76,69,67 98,92,97 68,64,58 112,114,109 54,46,33 92,84,90 67,65,47
47,49,32 84,56,27 44,50,37 51,58,42 59,52,25 71,60,25 90,78,37 59,50,42 58,61,49 87,70,35 69,65,44 82,78,68 78,60,41 117,83,24 81,79,19 80,66,23 94,81,60 45,30,19 73,58,36 62,51,44 50,46,38 45,45,42 79,47,13 197,167,125 202,190,124 97,89,37 60,47,15 97,83,54 78,73,59 108,104,87 53,43,31 144,87,16 97,83,56 78,47,8 61,50,33 78,70,48 57,49,36 75,56,40 61,54,38 63,57,50 61,60,49 57,43,29 58,40,19 76,88,41 143,114,38 214,161,66 122,81,22 35,43,20 64,98,66 41,73,42 31,55,33 50,46,38 65,50,30 79,81,66 53,53,37 41,30,13 58,46,18 55,40,18 57,49,27 64,46,27 50,46,27 55,40,20 59,50,44 56,56,24
49,63,56 66,70,55 59,67,57 63,71,61 56,61,37 67,63,28 93,87,62 67,64,24 54,46,35 85,84,28 89,84,70 84,77,57 90,80,56 79,51,0 71,56,16 75,72,21 71,62,35 80,82,65 55,37,18 76,46,20 72,64,53 76,70,61 60,51,45 112,93,70 69,48,25 87,69,39 75,70,19 79,79,36 97,90,70 85,80,41 101,102,36 84,67,16 68,66,35 63,61,14 55,46,19 104,94,52 54,52,21 51,49,27 100,88,60 57,53,18 80,75,43 65,48,20 56,54,25 70,100,53 88,86,24 114,116,70 45,56,25 31,44,21 25,54,26 41,81,42 30,50,32 49,46,22 47,57,33 60,58,36 60,60,46 43,34,15 60,52,30 83,51,17 54,49,21 53,46,15 42,40,7 46,41,9 60,46,19 44,39,11
87,89,89 68,70,44 91,98,93 81,88,83 70,75,55 78,77,50 77,81,66 72,72,40 63,61,43 66,62,45 87,84,60 80,85,63 75,66,49 70,61,14 69,62,23 58,59,22 63,48,26 79,77,44 89,82,55 66,64,17 76,75,48 89,91,86 69,65,46 82,83,46 93,90,46 56,55,1 208,176,101 192,177,85 48,40,16 86,82,36 245,221,127 80,73,32 53,54,33 64,63,36 62,66,49 72,73,54 66,65,54 66,69,59 76,79,69 75,82,64 95,96,86 71,68,55 92,121,91 33,48,34 66,69,36 63,63,31 40,43,23 29,34,12 30,45,19 39,83,48 29,52,33 62,58,41 71,69,47 82,83,71 72,72,58 79,81,66 64,67,47 53,48,18 58,58,44 58,61,41 48,50,35 65,63,41 60,64,49 60,62,45
78,85,80 72,78,69 80,86,87 75,81,82 67,73,62 74,74,60 69,72,50 72,75,55 84,84,70 89,89,59 87,93,84 97,96,87 87,60,26 75,67,43 108,106,73 74,77,44 65,63,43 89,88,77 91,88,64 86,80,55 71,74,54 94,88,83 86,87,79 104,105,86 78,81,71 90,89,82 72,72,11 64,61,19 220,210,102 83,85,70 119,104,55 75,86,46 67,69,54 76,78,50 72,76,59 89,90,78 89,90,80 96,99,87 87,90,80 81,81,67 93,94,86 69,88,66 44,77,50 21,34,20 89,94,74 116,111,58 52,54,26 31,41,19 31,41,19 43,86,46 28,52,30 78,81,69 95,86,71 93,99,88 62,63,44 91,97,88 88,89,79 74,75,63 69,70,58 68,71,49 62,64,47 66,67,46 80,81,73 72,74,57
79,81,76 81,84,76 80,86,87 81,87,88 87,87,84 88,91,81 72,75,53 77,84,66 89,91,88 96,99,89 100,105,101 126,129,105 105,75,47 54,58,31 82,81,70 68,73,69 74,75,63 79,84,80 74,80,71 84,83,76 94,93,86 89,91,88 92,93,96 105,106,98 93,95,92 104,104,99 96,95,98 108,108,92 95,98,78 101,104,92 95,88,45 65,72,54 78,79,69 87,87,73 78,81,71 76,80,65 85,85,80 96,98,95 104,102,98 78,79,67 75,95,79 48,77,47 21,39,22 111,112,102 97,97,92 104,104,43 59,63,25 37,45,20 35,45,21 45,92,49 28,54,29 86,89,81 96,94,90 115,105,93 74,74,60 105,105,102 121,120,123 96,97,89 111,111,108 65,66,45 76,79,69 74,53,10 94,95,87 109,109,104
84,89,88 84,89,88 87,92,91 86,91,90 87,89,84 91,93,88 60,64,37 67,70,58 94,94,94 97,102,96 101,103,98 105,107,104 64,59,29 61,64,42 91,87,79 94,96,91 97,102,98 100,105,101 102,104,101 96,96,91 102,102,97 93,95,92 81,83,83 87,92,86 79,81,81 85,87,87 92,97,93 91,93,88 91,98,93 101,106,100 85,78,51 70,79,49 73,75,72 76,77,67 70,73,65 85,81,60 78,78,78 87,89,89 90,91,70 109,104,65 73,66,35 62,58,48 102,102,97 114,116,116 107,108,111 93,111,57 76,84,43 48,62,16 95,96,46 46,89,49 34,53,31 72,72,67 88,89,79 92,92,78 67,67,51 88,87,90 100,100,97 83,78,75 98,98,93 69,71,45 84,89,83 92,82,60 91,90,79 137,137,132
94,94,91 95,95,92 98,101,93 98,100,95 96,97,89 83,86,78 56,59,26 63,66,56 100,100,100 99,101,98 101,103,98 111,111,108 100,86,59 59,63,36 76,77,65 97,102,98 95,97,94 90,95,94 103,103,98 117,118,108 122,125,115 101,101,98 88,91,83 79,82,74 89,91,88 95,97,97 115,115,110 108,106,104 100,100,97 112,113,105 111,106,78 69,72,39 81,83,80 88,89,79 75,76,68 89,86,60 65,70,69 100,85,76 133,81,60 146,94,62 64,54,30 75,73,42 113,111,107 128,128,128 118,122,126 157,105,18 219,143,51 38,60,30 26,60,28 36,73,40 48,67,47 77,73,65 97,93,85 81,71,49 79,82,60 70,68,64 117,112,109 79,78,67 94,93,84 88,90,64 91,94,86 99,105,94 83,78,66 55,58,38
95,94,87 88,87,80 89,90,82 87,90,82 92,94,89 89,92,84 55,58,23 57,60,52 89,91,91 96,98,95 91,93,90 96,95,98 107,95,69 42,44,16 83,82,75 88,90,85 89,90,82 93,93,93 83,83,78 94,95,87 86,86,81 88,90,85 91,87,79 87,90,82 83,84,76 93,95,92 89,89,84 73,74,66 71,71,68 97,98,88 105,110,88 66,71,37 86,87,90 95,95,90 81,83,78 77,80,70 60,60,55 89,69,60 142,91,65 76,82,41 65,62,47 66,69,57 107,107,102 101,101,98 79,128,91 46,78,47 37,63,38 42,69,41 36,51,25 32,60,37 24,37,21 71,77,66 102,101,94 93,91,73 83,86,78 63,66,56 97,96,101 110,108,109 112,112,107 91,92,82 79,77,57 82,81,70 62,58,37 43,50,18
104,103,94 98,97,88 110,106,96 104,105,93 98,97,88 89,91,86 58,62,33 55,58,48 87,89,89 83,85,85 64,66,66 60,60,57 104,95,48 46,39,10 51,47,41 65,68,60 67,66,59 57,62,58 61,59,57 65,63,61 66,68,65 63,70,68 71,73,70 72,74,71 72,77,71 78,81,73 71,73,70 76,83,78 83,83,80 98,98,93 93,97,82 62,65,43 96,102,105 91,96,92 86,92,83 100,101,89 84,82,78 88,84,78 73,66,48 64,71,27 80,73,53 100,101,91 107,107,104 98,98,95 109,180,120 33,62,32 37,66,38 39,66,38 219,140,101 136,80,44 22,40,25 61,69,57 103,101,99 102,101,92 98,100,95 60,63,55 112,112,112 122,120,118 99,101,101 105,110,104 73,73,59 87,88,80 52,50,19 42,43,22
98,98,84 86,86,72 95,97,82 98,97,86 88,89,81 73,76,68 62,63,40 57,57,52 74,74,74 70,72,72 81,82,85 79,81,78 91,86,33 58,48,8 64,66,61 59,66,61 62,67,63 60,67,60 65,60,59 65,58,58 67,74,72 60,67,62 53,60,55 53,60,55 62,68,59 70,77,70 77,84,77 71,80,80 85,87,82 124,124,119 86,88,71 54,62,48 96,116,142 118,138,166 116,143,171 86,104,121 102,89,84 87,69,66 76,72,51 60,63,39 84,75,48 74,75,67 85,83,91 88,108,124 50,97,54 31,58,30 41,70,42 38,65,35 100,63,37 164,92,57 22,40,25 48,63,49 102,108,109 88,89,81 79,83,85 85,88,78 69,74,68 106,112,103 92,99,94 61,68,61 83,87,89 72,72,69 54,54,24 61,71,68
72,78,67 61,62,52 87,90,82 98,99,91 84,89,83 84,90,79 62,63,42 67,67,64 91,91,88 73,75,72 79,81,81 79,84,83 103,108,43 65,64,28 95,102,114 65,72,84 110,121,150 109,123,144 74,62,64 80,73,76 101,118,138 72,81,83 84,92,99 71,80,82 69,82,97 77,81,85 110,128,156 88,96,101 103,103,98 95,95,90 89,91,76 81,87,78 58,61,68 114,121,135 113,133,161 76,93,113 105,82,67 65,56,50 67,70,62 55,61,52 89,81,59 71,77,68 44,50,41 55,99,66 39,73,43 27,53,28 43,72,40 44,69,40 149,86,55 92,59,34 20,40,24 22,46,24 40,47,31 39,44,20 37,45,24 72,76,59 41,49,28 43,51,30 40,48,27 35,45,21 40,48,25 39,48,29 40,50,28 34,44,22
123,137,160 103,109,110 118,136,174 138,159,196 133,160,219 127,152,205 81,73,62 57,57,54 87,85,86 67,68,71 76,75,78 73,74,79 86,90,32 77,65,26 103,123,149 90,100,118 107,124,146 73,71,79 71,60,57 58,56,57 108,132,161 109,139,163 112,140,165 116,140,171 110,133,158 67,72,71 76,82,85 78,83,82 78,78,75 74,76,71 92,95,83 66,74,60 64,69,65 57,67,61 49,52,42 60,72,54 56,56,40 47,50,28 48,51,29 45,48,24 36,46,22 43,53,29 51,54,32 93,161,108 35,67,34 40,72,41 39,73,39 35,61,36 25,43,28 23,43,29 20,40,26 18,41,24 34,42,21 39,42,20 41,46,24 69,73,56 51,59,38 43,51,28 35,43,22 41,46,22 39,42,20 39,47,24 48,55,37 33,43,21
85,86,78 60,60,55 115,134,155 94,104,98 131,151,193 109,121,143 59,61,46 48,47,40 125,123,124 65,64,57 74,72,73 64,63,66 83,91,40 90,70,22 117,145,170 109,124,138 83,93,101 95,82,90 81,71,70 77,75,71 80,89,91 112,134,166 104,127,154 90,103,118 95,109,119 67,75,65 55,64,47 62,70,49 93,94,57 65,64,26 95,89,53 57,53,16 95,93,44 42,40,9 85,80,29 91,87,27 92,86,38 85,80,39 68,65,21 82,75,34 67,60,29 66,61,31 70,68,35 58,105,64 37,71,37 44,76,43 39,68,40 36,62,37 27,45,28 25,45,29 23,43,27 20,40,24 61,57,40 46,54,31 42,52,30 46,56,34 34,44,22 36,46,24 35,43,22 32,42,18 41,49,26 41,44,20 37,42,20 40,50,28
92,91,80 60,61,49 54,52,53 65,67,67 63,67,69 94,83,80 86,87,77 57,59,54 94,106,114 58,59,62 74,74,74 73,71,72 82,88,49 82,73,26 74,84,92 90,102,110 64,66,63 59,60,48 59,58,51 46,50,35 41,50,33 39,53,34 58,61,39 63,61,32 63,58,30 73,69,32 58,52,29 66,64,31 122,114,62 116,105,41 120,103,34 115,107,53 142,129,54 132,118,50 123,113,46 121,115,51 158,134,68 137,117,40 182,160,86 141,123,52 93,77,19 128,114,44 106,102,40 44,81,46 40,69,39 38,70,41 36,64,39 33,58,31 24,45,24 27,48,27 24,44,28 23,43,27 45,46,27 44,47,25 40,48,25 48,53,29 48,56,33 37,45,24 38,43,23 41,46,24 47,55,32 33,46,23 34,44,22 39,49,27
67,58,52 86,77,71 92,90,88 73,72,65 75,74,65 69,68,61 57,60,50 47,57,49 85,95,103 51,54,42 51,54,44 52,55,47 56,61,41 39,44,24 41,51,29 43,48,26 41,46,22 48,53,29 35,44,25 32,40,17 36,44,19 34,44,22 53,53,23 76,78,23 126,118,66 116,108,58 67,60,17 127,122,71 69,63,27 159,148,102 145,124,54 84,70,12 127,120,61 118,104,38 129,118,45 181,160,77 177,155,77 163,141,67 197,179,77 186,164,72 167,143,40 129,112,36 142,132,63 38,72,40 36,65,37 37,66,38 37,61,37 31,55,33 25,46,25 30,50,32 24,44,28 21,41,25 57,66,47 59,61,33 63,60,36 71,71,41 61,64,33 51,57,30 98,92,46 84,82,49 38,42,13 59,51,17 54,58,29 40,43,23
86,87,75 78,79,67 66,70,55 41,47,34 44,51,35 39,45,32 48,56,35 33,41,20 44,52,31 43,51,30 43,48,26 43,53,29 40,43,19 51,59,36 34,44,22 33,41,20 46,49,27 30,43,20 33,43,21 38,48,26 39,49,27 38,43,19 45,48,24 61,61,31 61,59,30 77,75,46 84,81,55 51,50,25 52,54,28 86,81,51 109,107,58 124,115,59 113,93,32 99,95,60 91,89,42 187,186,119 143,135,85 159,148,61 137,126,64 153,142,67 90,81,36 83,69,24 104,111,52 40,72,41 37,63,38 37,63,38 34,60,35 31,55,31 28,47,27 29,47,30 26,46,28 22,40,25 40,53,30 97,83,38 70,60,11 133,128,59 113,106,49 89,87,27 135,120,32 176,161,71 170,154,69 154,146,67 167,146,45 132,121,48
47,57,35 35,40,20 48,49,28 45,55,33 36,48,28 41,44,22 38,44,17 43,46,22 41,49,24 29,39,17 36,46,22 45,48,24 43,46,24 33,43,21 33,46,23 39,42,20 37,40,20 29,42,19 38,47,28 42,51,32 49,59,37 28,36,15 43,51,30 39,49,27 36,46,24 38,48,26 48,58,36 36,44,23 39,47,26 42,43,20 86,84,53 76,67,36 141,120,77 57,51,26 47,43,22 94,93,55 68,61,18 91,81,39 129,116,64 150,138,60 150,130,51 138,119,51 78,123,55 36,63,35 39,63,39 38,59,36 32,58,33 33,54,31 29,53,31 32,52,34 26,46,28 22,40,25 28,44,25 107,103,55 173,153,63 220,196,73 182,164,64 204,186,70 210,186,65 221,195,73 219,194,76 237,208,89 226,201,85 241,212,80