25,23,24 28,26,27 23,32,34 26,26,26 20,17,21 30,40,48 29,24,23 22,37,44 35,36,39 67,34,23 32,40,47 28,31,38 22,30,37 29,34,44 26,31,41 28,33,43 30,33,42 30,33,44 27,34,46 31,37,54 31,41,49 28,33,39 21,26,32 20,28,33 11,14,21 30,38,47 35,44,55 34,49,63 35,25,29 35,45,53 46,36,26 43,48,44 19,30,31 17,29,35 17,29,33 16,28,32 22,27,33 23,31,38 25,33,38 22,30,39 25,32,46 33,45,67 28,40,62 31,46,64 35,44,55 28,37,48 29,40,51 30,41,52 32,40,47 25,33,42 24,29,37 11,11,19 18,21,30 22,27,35 24,29,37 25,30,40 31,39,48 13,18,24 12,16,20 18,18,26 21,26,32 20,25,31 18,23,29 20,25,31
24,25,28 25,25,25 26,19,19 29,29,29 30,31,36 25,26,31 19,25,28 29,39,47 60,41,29 73,35,18 21,26,34 20,25,31 22,27,35 27,27,37 25,28,37 31,36,46 37,44,56 23,31,40 32,37,47 28,32,47 34,39,49 27,35,44 25,30,38 29,34,44 30,39,50 23,33,41 29,40,53 43,56,73 37,53,64 46,61,68 33,47,57 36,44,53 40,52,60 26,40,52 22,34,38 23,33,37 20,29,31 20,28,35 20,25,33 22,30,39 39,51,73 30,44,65 27,40,59 21,35,47 26,37,48 35,45,63 30,41,52 27,38,49 29,37,46 27,35,44 19,24,32 13,13,21 18,23,31 22,27,35 25,30,38 31,36,44 29,37,46 13,16,23 11,12,17 16,19,26 22,27,33 14,19,25 18,23,29 20,25,33
21,25,29 29,31,31 31,31,28 41,28,25 32,40,45 27,28,33 20,20,30 32,27,29 51,23,14 30,33,42 22,27,35 18,23,29 25,28,37 26,29,40 27,30,39 30,30,40 32,32,42 30,30,38 22,22,32 27,25,33 30,30,38 35,38,47 35,44,57 35,53,70 32,49,69 36,56,72 37,52,68 31,41,59 31,41,57 34,45,58 35,45,53 38,52,64 35,44,55 26,38,46 22,34,42 23,34,45 27,35,42 24,29,37 28,33,41 29,39,55 33,47,70 30,44,65 27,38,51 28,39,52 31,38,50 32,39,51 29,37,46 24,35,46 29,37,46 30,39,50 17,22,30 8,11,18 18,21,28 18,23,31 24,29,39 27,35,44 25,28,39 13,13,21 16,16,24 16,19,26 19,24,30 18,23,29 15,20,26 19,24,32
20,28,33 25,23,24 55,32,21 51,26,9 45,34,29 86,38,20 64,40,34 27,19,27 42,28,28 31,46,62 22,27,35 18,26,33 25,33,42 22,35,50 28,33,41 32,32,42 26,29,36 26,19,29 26,24,32 30,33,42 39,48,61 37,47,63 39,51,73 40,53,72 31,46,60 35,53,70 36,47,60 28,33,41 26,31,39 28,38,44 23,33,37 38,43,49 34,48,58 15,23,28 20,33,48 20,34,46 25,39,51 29,37,53 27,35,42 29,43,55 31,44,61 28,42,63 27,39,61 27,38,49 29,39,47 26,36,44 28,39,50 23,34,45 31,36,44 29,39,47 13,16,23 15,15,23 16,19,26 20,25,33 29,32,41 29,37,46 25,28,37 15,15,23 15,15,23 16,19,26 21,26,32 17,22,28 15,20,26 21,26,34
18,29,30 20,21,24 34,20,20 53,26,10 55,32,29 63,37,25 82,40,27 85,48,47 39,29,30 42,46,59 33,41,48 28,29,32 25,34,36 26,36,42 17,17,25 25,19,24 26,23,27 26,29,38 29,32,43 38,45,57 38,51,68 41,51,69 38,46,62 37,47,65 30,48,65 36,50,62 28,42,54 35,48,63 34,49,65 34,45,58 28,38,46 33,46,61 38,46,53 56,51,48 33,41,50 36,49,64 40,55,71 19,34,41 24,35,46 28,39,50 29,42,59 29,42,59 27,39,61 27,35,42 19,27,36 26,34,41 32,41,52 24,33,44 31,36,44 26,31,41 12,15,24 17,17,27 18,23,29 25,30,38 26,31,41 29,34,44 21,26,34 14,14,22 17,17,25 15,18,25 21,26,32 17,22,28 18,23,29 22,27,33
22,30,35 12,11,14 31,24,27 45,25,16 70,34,16 72,35,20 79,39,30 88,50,42 71,35,27 52,31,20 39,43,58 24,31,43 27,33,36 22,31,33 23,20,24 32,29,35 23,22,25 27,28,33 32,35,44 41,44,55 40,48,64 40,50,66 37,46,59 38,47,60 34,47,66 28,39,50 31,41,59 26,44,59 37,51,72 36,54,71 31,44,61 26,34,43 20,28,33 18,22,24 23,31,36 37,52,70 34,49,65 50,72,88 23,31,36 25,39,49 41,51,69 26,40,52 22,32,48 23,31,38 26,34,43 25,32,44 27,38,49 25,35,43 26,34,43 23,33,41 16,16,26 18,21,28 16,19,28 24,29,37 24,29,37 27,32,40 22,25,34 16,16,24 16,19,26 20,23,30 20,25,33 14,19,25 18,23,29 22,27,35
9,10,13 9,10,13 24,25,28 33,24,20 45,29,27 68,33,18 73,33,24 88,45,26 64,32,18 53,29,21 39,26,23 16,14,22 14,11,17 34,29,31 18,15,19 29,36,48 23,20,26 43,35,43 54,42,44 64,51,48 61,50,57 50,48,56 39,48,61 37,47,63 23,32,45 29,39,55 26,35,46 32,45,60 33,48,64 31,44,59 28,43,59 32,45,62 21,35,47 21,35,47 28,39,52 26,36,52 28,40,48 31,46,64 17,26,28 21,26,34 30,41,54 28,41,56 31,44,61 31,38,50 29,37,46 22,36,48 27,34,46 25,33,42 29,37,46 32,39,51 15,15,23 14,19,25 20,23,32 24,29,37 22,27,37 25,30,38 24,32,39 16,19,26 20,24,28 22,27,35 21,26,34 17,22,30 18,23,31 24,29,37
11,10,13 11,10,13 20,19,22 25,26,29 40,31,25 46,25,14 77,37,14 74,31,12 78,45,34 57,29,20 52,24,15 35,21,21 17,14,18 18,15,21 15,14,17 24,16,24 60,39,28 70,43,27 79,49,32 76,46,31 80,52,39 72,51,40 36,34,42 29,29,37 26,35,48 28,38,46 29,40,51 32,45,62 31,49,66 27,42,60 32,47,63 33,51,66 37,57,73 19,38,48 26,42,53 24,40,51 30,49,59 19,35,44 27,41,51 15,23,28 20,28,33 28,44,55 26,35,46 22,30,37 25,32,44 28,37,48 22,30,37 18,26,33 28,33,41 27,34,46 18,18,26 16,19,26 20,25,33 22,27,35 27,32,40 26,34,43 27,32,42 18,22,26 20,25,33 24,31,43 21,26,32 19,24,30 20,25,33 25,33,40
10,9,14 11,10,15 11,10,13 36,26,27 42,26,24 49,28,15 55,29,17 57,31,21 59,28,20 77,41,31 71,38,29 58,32,22 15,14,17 16,13,19 22,12,13 81,45,25 101,57,29 110,63,29 110,57,30 99,53,35 53,35,34 36,29,29 34,28,33 29,27,35 22,27,37 25,30,38 29,37,46 44,51,63 34,50,61 34,49,67 34,47,64 26,39,56 38,58,74 26,44,57 24,39,53 23,42,52 22,41,51 21,40,48 23,39,48 29,41,47 14,19,27 20,28,35 22,37,44 27,35,42 25,34,45 29,37,46 26,34,41 31,38,50 24,29,39 27,34,46 18,21,28 18,23,29 24,29,37 22,27,35 25,30,38 29,37,44 20,23,32 19,24,30 28,37,50 28,32,45 17,22,28 17,22,28 21,26,34 24,28,41
15,16,19 10,11,16 15,14,17 24,22,23 27,20,23 50,34,32 64,38,26 55,24,12 66,33,24 81,43,35 74,37,24 76,40,30 36,20,18 11,9,10 56,35,12 92,47,14 86,50,21 61,33,20 46,40,47 34,38,51 47,34,31 50,37,34 44,33,40 35,28,31 48,35,28 44,35,31 93,52,23 88,60,47 83,63,54 43,52,63 29,42,61 33,50,70 39,56,76 24,39,53 21,34,49 23,40,46 24,43,53 25,44,52 24,39,46 29,37,44 30,42,50 18,26,35 38,53,69 25,34,45 29,38,51 29,37,46 27,34,48 24,33,44 25,32,44 24,34,42 18,23,29 16,24,29 22,27,35 25,30,38 27,32,40 28,33,43 20,25,33 19,22,31 19,26,40 26,34,43 16,19,26 17,22,28 20,25,33 22,29,41
17,18,23 10,11,16 15,14,17 22,24,24 27,25,26 45,31,33 61,38,37 65,34,22 77,40,25 75,38,25 83,41,28 75,34,18 53,29,23 12,11,14 15,10,9 28,18,17 65,47,42 71,52,40 86,59,43 66,53,48 48,35,30 57,39,34 47,37,38 51,31,24 80,40,17 53,27,13 142,76,19 138,76,36 117,71,45 79,62,54 32,45,62 26,41,57 22,36,48 19,33,43 17,29,37 22,31,33 17,27,33 13,29,38 22,36,46 22,34,40 24,34,38 28,41,56 42,58,69 33,43,61 25,33,42 22,30,39 30,37,51 22,30,39 26,35,46 22,27,37 17,22,28 15,20,28 21,26,34 21,26,34 28,33,41 26,34,43 24,29,37 22,27,37 24,31,43 26,31,39 16,19,26 16,19,28 22,25,34 27,35,42
11,10,13 11,10,13 11,10,13 25,24,27 29,29,29 34,27,27 44,33,30 71,43,32 73,40,29 80,43,30 75,33,22 66,29,16 63,35,22 13,10,16 27,15,15 74,37,13 103,61,37 104,63,45 103,66,42 85,57,46 43,27,25 60,36,28 50,32,27 64,36,25 96,51,7 127,64,11 175,88,20 188,97,26 127,73,37 87,57,42 49,54,60 17,32,39 17,27,33 24,32,39 26,31,39 27,32,40 32,41,52 25,39,51 25,41,52 23,39,50 23,44,53 24,43,51 27,43,54 35,49,61 23,31,40 24,32,41 27,35,44 23,31,38 28,43,61 16,24,31 16,16,24 21,26,34 21,24,33 27,32,42 20,28,35 29,37,46 22,27,37 21,26,36 27,35,44 21,24,33 19,17,25 18,21,30 22,27,35 24,32,39
11,10,13 11,10,13 11,10,13 25,24,27 23,22,27 30,30,27 48,35,28 59,31,20 77,44,35 79,43,35 77,35,24 73,34,31 67,36,26 21,11,15 34,19,10 64,30,8 113,67,37 117,70,38 104,57,25 78,51,33 32,20,25 56,35,24 53,35,30 47,34,27 94,44,2 161,72,0 172,84,9 172,92,24 119,70,34 90,52,31 23,27,31 25,35,39 30,38,47 27,32,40 20,28,35 27,32,40 23,34,45 25,41,52 25,39,51 22,43,50 23,46,53 26,45,55 21,35,45 29,48,58 43,63,77 36,46,62 25,30,38 26,30,43 27,42,56 15,23,30 20,25,31 16,19,26 27,32,40 20,25,33 25,30,38 27,35,42 22,30,39 19,26,40 32,36,49 19,22,29 16,16,24 21,26,32 25,30,38 22,27,35
11,10,13 11,10,13 23,22,25 26,26,26 25,22,26 30,28,29 58,32,20 111,59,29 122,65,34 133,75,49 120,65,36 111,63,38 80,53,48 66,35,27 31,21,22 55,32,21 84,49,36 91,55,37 107,69,48 68,56,46 35,21,23 47,30,33 49,31,30 47,30,33 41,19,13 150,76,8 173,81,0 124,70,22 42,35,38 37,40,49 35,38,45 28,33,39 30,38,47 36,41,51 26,34,43 25,34,45 24,36,44 26,41,48 20,32,40 13,30,36 16,32,41 24,40,49 28,41,56 33,46,61 29,43,55 33,48,62 39,54,68 42,57,71 29,43,55 20,26,29 18,23,29 22,25,34 24,29,37 24,29,37 22,27,35 23,31,40 20,24,37 19,27,36 26,31,39 15,18,25 16,19,26 20,25,33 25,30,38 22,27,35
11,10,13 11,10,13 17,18,23 32,35,42 40,43,52 53,40,37 111,65,39 126,68,33 124,68,34 131,73,40 112,63,41 99,58,42 97,59,42 59,26,19 33,31,32 53,30,27 48,34,34 49,35,35 47,33,33 31,28,34 45,38,41 54,42,47 55,41,43 54,39,47 50,37,45 46,39,49 40,36,45 39,38,43 37,35,43 49,41,49 41,41,49 33,31,39 37,37,47 36,41,49 39,48,59 34,39,49 23,31,40 24,34,38 18,33,38 26,40,50 29,40,53 24,35,46 32,45,60 28,39,52 31,48,68 33,44,55 33,47,59 31,47,58 38,58,70 36,55,63 17,22,30 23,26,35 28,31,42 27,35,42 19,24,34 25,33,40 19,27,36 24,28,41 21,26,34 18,21,28 14,19,25 20,25,33 24,29,39 20,23,30
11,10,13 11,10,13 29,34,42 31,41,45 37,45,52 57,52,51 118,70,45 121,69,39 109,62,39 108,63,42 98,61,46 115,67,42 109,64,43 61,28,17 55,33,25 47,36,33 48,37,32 56,43,36 39,28,37 48,39,50 55,43,48 64,45,52 66,49,50 58,41,47 54,41,49 53,40,48 51,39,51 54,48,55 51,45,50 57,56,61 53,50,56 60,45,55 42,45,52 40,45,51 61,48,45 33,38,46 33,41,46 40,49,60 35,44,55 34,45,56 32,47,63 35,50,68 40,55,69 36,50,62 33,47,57 36,46,62 34,48,60 31,41,57 28,42,54 26,37,48 35,48,65 44,54,70 36,47,60 26,34,41 24,29,37 28,33,41 19,24,34 27,32,42 19,24,32 18,21,28 18,23,29 20,23,32 24,29,39 21,26,32
9,10,15 26,30,34 28,43,48 31,41,47 47,44,50 69,51,46 112,67,46 109,63,47 99,61,44 102,61,41 126,67,39 125,67,34 93,65,56 52,34,29 44,38,33 68,49,33 37,28,22 35,28,28 55,42,50 50,38,40 59,41,36 66,45,41 64,47,39 63,45,40 62,46,44 56,43,40 59,42,45 58,45,53 61,53,59 56,50,57 50,44,49 63,56,59 63,40,37 63,49,49 44,38,43 40,48,53 34,42,51 40,48,57 31,39,46 33,44,57 32,46,58 28,41,56 31,44,59 47,58,71 22,35,50 31,41,57 39,52,67 29,40,53 26,40,52 29,42,57 28,41,56 35,48,63 33,48,62 29,47,62 31,44,59 25,33,42 23,26,35 29,36,48 15,20,26 15,15,23 14,19,25 22,25,34 22,27,35 18,23,29
27,35,42 30,38,45 31,36,42 31,41,45 54,51,57 85,59,45 103,62,35 79,55,47 92,56,38 103,63,58 126,63,28 119,64,33 58,41,31 50,40,41 46,37,31 64,45,29 63,47,43 64,48,46 61,41,34 64,40,34 76,55,44 76,53,42 77,51,41 77,51,39 74,52,44 74,52,44 72,55,47 66,50,46 73,57,51 71,53,52 64,52,52 61,51,52 57,47,46 44,39,41 82,46,38 46,34,34 42,46,50 41,44,51 46,51,57 42,55,70 37,46,57 33,47,59 34,49,63 32,46,56 40,56,65 36,50,62 18,28,36 29,40,53 32,48,59 33,48,62 35,48,63 33,46,63 29,38,49 32,45,62 35,50,64 40,55,69 14,28,38 29,38,49 16,19,26 16,16,24 20,28,37 27,32,40 24,29,35 19,24,30
33,43,51 32,42,48 34,44,60 68,54,54 84,55,51 83,55,53 70,48,42 71,50,48 94,64,47 50,40,39 71,33,16 53,31,25 46,35,28 45,34,31 53,40,33 46,34,22 70,46,38 69,43,33 76,44,39 87,56,46 104,72,58 94,64,49 103,65,46 86,56,39 86,56,41 82,51,39 89,61,50 84,58,46 91,63,52 76,54,46 71,56,47 70,52,49 68,52,48 61,48,45 48,45,49 83,51,35 86,58,45 53,51,52 50,54,58 52,60,67 54,59,69 50,61,72 36,50,60 31,51,65 28,42,54 29,40,53 31,46,62 28,42,52 49,67,82 34,49,63 21,32,43 27,40,55 26,31,39 37,46,57 31,44,59 34,49,63 39,64,79 41,63,77 17,22,30 11,14,21 22,27,37 22,30,37 20,25,33 19,24,32
29,37,44 32,40,47 32,37,47 47,37,41 78,52,42 69,51,50 75,54,43 84,56,54 63,48,39 84,58,37 66,40,17 50,34,30 66,48,43 35,28,26 59,38,34 70,44,34 63,35,24 94,61,50 89,58,50 93,57,39 116,73,56 117,75,53 123,78,57 107,69,50 107,71,53 102,64,47 97,62,47 85,53,39 87,57,42 78,52,40 76,55,42 71,57,43 54,42,47 35,40,46 60,47,44 60,47,42 59,49,50 68,38,21 53,52,55 49,53,57 55,55,63 50,55,63 40,54,66 47,69,83 32,52,64 34,39,49 33,46,61 35,53,68 34,59,74 36,56,70 34,45,58 39,59,75 26,31,39 29,39,47 33,46,61 34,49,67 31,51,65 45,75,88 49,73,91 17,26,37 24,29,39 24,29,37 20,25,33 17,22,30
43,52,63 45,53,60 47,46,51 69,48,44 52,34,33 68,49,37 54,43,40 50,37,32 58,42,36 46,33,28 49,33,20 68,45,32 55,34,21 75,51,43 87,47,38 96,58,41 88,52,34 99,58,40 69,49,42 92,60,46 126,76,45 132,79,52 135,80,51 137,82,53 125,76,54 115,70,49 102,64,43 110,69,49 82,41,25 95,59,41 94,62,46 91,58,49 88,57,36 75,55,48 65,47,42 65,49,43 73,57,53 80,48,43 64,43,39 107,59,41 68,54,40 115,80,53 49,65,76 38,38,50 57,50,53 47,39,47 39,52,67 37,55,70 23,41,58 35,55,71 50,72,88 34,47,62 26,31,41 31,39,48 34,48,60 31,44,59 34,49,63 36,49,66 43,73,86 40,66,83 32,45,60 24,29,39 18,23,31 20,25,33
49,45,54 48,46,54 64,51,48 64,40,32 44,37,40 41,34,34 56,41,30 41,36,35 36,29,29 49,40,36 52,41,34 104,73,61 70,47,36 84,56,43 94,60,40 96,60,42 88,48,25 106,59,38 111,64,32 107,59,30 114,63,28 141,86,45 147,87,48 163,100,65 141,85,51 132,76,40 129,71,36 121,77,49 82,45,19 105,65,40 100,55,34 97,63,45 77,50,34 83,57,45 68,46,38 79,56,45 81,61,52 66,53,50 57,51,56 46,51,59 49,38,45 55,48,51 80,42,36 69,52,53 55,58,65 34,37,44 38,46,53 41,53,61 40,58,73 30,52,68 35,53,66 33,51,66 33,42,55 33,43,59 33,48,62 35,57,71 43,63,77 36,56,70 51,80,96 50,77,91 34,60,77 16,36,50 17,23,26 18,23,29
39,39,39 41,36,35 51,41,42 43,33,34 53,40,33 29,29,29 30,24,29 62,45,46 76,54,46 81,55,43 60,37,24 73,47,35 83,51,35 81,50,31 97,55,33 111,55,21 126,76,43 131,73,36 132,77,25 124,72,24 138,74,28 162,92,43 181,103,55 168,105,72 124,78,52 118,66,36 126,67,21 102,67,42 119,70,34 116,67,31 120,69,34 67,44,29 92,56,34 89,58,39 74,48,36 79,55,47 80,58,50 64,51,46 57,46,53 53,58,66 42,51,62 56,57,60 48,48,56 58,51,54 68,45,44 47,46,49 49,50,55 48,64,75 36,50,62 41,56,72 30,50,62 36,54,67 31,47,58 25,41,52 57,71,83 33,48,62 38,58,74 56,74,91 32,47,65 36,58,72 41,70,86 47,71,91 19,26,38 18,23,29
30,29,32 29,28,31 41,34,34 45,38,38 70,56,40 57,47,48 37,31,36 49,44,43 61,54,54 54,39,30 78,53,34 83,52,33 99,63,45 98,56,34 111,63,34 62,32,15 115,68,36 131,71,30 129,73,24 134,78,29 117,63,27 138,77,32 192,111,48 174,109,72 97,60,36 87,49,28 148,77,24 175,98,45 137,80,36 131,74,32 123,70,29 112,64,39 106,64,42 94,58,40 82,52,37 79,51,40 86,63,52 80,62,43 72,56,50 44,47,54 48,51,58 53,54,57 48,51,58 48,48,56 48,48,56 76,43,36 36,29,39 33,43,59 41,56,70 28,43,57 45,63,80 32,45,60 38,54,65 40,58,71 34,47,62 29,43,55 45,59,71 19,32,47 44,62,77 46,66,80 54,79,94 48,79,94 61,92,107 16,24,31
36,29,32 25,27,27 43,38,40 50,41,37 45,32,25 44,35,27 36,29,29 47,41,36 59,44,35 59,43,28 69,48,37 93,57,37 102,57,34 111,63,34 120,66,32 98,54,26 133,73,30 142,81,36 164,99,39 164,88,25 124,75,35 109,65,25 255,168,48 255,173,43 99,69,41 121,72,36 135,72,23 122,66,30 106,62,32 114,67,35 107,61,33 119,68,40 112,68,42 100,64,42 85,54,35 89,62,44 255,154,0 117,75,10 43,41,51 70,86,97 39,53,65 40,53,68 32,50,67 20,31,42 32,50,63 34,49,65 33,42,53 34,47,62 34,50,61 27,42,56 33,48,64 27,43,54 36,54,69 43,61,76 39,61,77 24,38,59 28,38,46 24,32,39 31,46,60 41,56,72 43,63,79 47,69,85 56,87,102 26,34,41
45,33,33 37,31,38 36,35,38 42,33,29 40,31,25 58,42,36 69,48,44 78,50,39 93,56,41 85,53,39 85,49,18 104,60,34 104,62,38 116,66,35 113,62,23 146,95,58 126,73,32 132,79,38 166,104,46 172,92,24 186,97,16 138,67,0 255,193,10 255,196,26 178,88,12 202,98,0 79,60,46 76,55,40 101,57,31 126,72,34 154,88,38 138,73,16 122,67,26 103,53,22 100,49,21 45,29,23 171,94,7 85,32,5 83,61,23 53,59,62 59,78,86 32,50,67 31,51,63 32,48,59 35,51,62 35,53,68 37,52,68 29,40,51 38,55,75 29,49,65 26,42,53 31,45,57 32,53,62 34,54,66 33,55,69 31,51,67 27,38,49 24,36,42 29,42,59 49,69,85 41,67,84 26,37,50 53,88,109 25,28,35
63,47,32 47,31,29 46,36,40 52,40,40 69,47,41 80,53,46 67,45,39 83,51,37 87,58,38 83,51,37 113,67,41 98,56,34 90,50,27 130,76,40 135,73,31 94,51,16 139,82,38 117,64,23 131,73,36 106,56,23 88,51,11 255,191,19 255,200,11 255,165,1 255,176,87 94,51,6 116,80,58 121,75,45 151,95,57 136,82,46 144,87,45 123,67,29 113,59,23 217,134,67 107,63,35 35,18,19 116,47,0 89,57,11 42,41,32 55,59,63 46,43,47 37,35,31 36,48,56 32,52,68 28,39,52 43,63,75 39,64,79 42,52,68 47,58,71 32,41,52 41,57,68 40,53,70 22,33,44 39,52,67 53,80,92 38,56,69 38,55,75 41,61,77 36,54,69 34,61,75 58,84,101 55,84,100 47,63,72 18,23,29
57,41,35 46,33,26 57,44,41 65,47,42 70,47,36 77,49,40 99,63,55 85,53,39 84,49,34 80,45,30 89,55,37 88,50,31 79,45,25 118,71,37 144,84,43 132,72,22 147,81,26 159,91,32 136,76,33 84,51,26 83,43,7 93,65,52 231,122,4 223,135,60 90,69,46 177,91,18 79,55,33 63,50,45 72,50,44 69,50,38 82,52,37 80,45,18 88,43,10 223,105,0 78,55,40 67,41,29 44,48,52 26,24,22 32,36,40 29,29,29 76,79,71 18,16,14 39,52,67 44,62,77 35,53,68 38,51,66 36,54,69 34,54,68 32,46,58 29,42,57 17,22,30 43,53,61 35,50,66 49,67,82 28,46,61 32,47,63 39,55,66 23,33,49 51,76,91 44,75,90 62,89,101 62,87,98 28,40,46 16,24,29
45,29,23 45,34,29 61,45,41 74,50,42 82,51,41 67,41,31 85,52,41 85,54,35 80,49,30 85,48,33 83,49,31 82,48,28 86,48,27 118,66,34 72,47,30 152,86,31 132,74,37 99,55,29 86,57,37 68,53,44 79,54,35 177,101,36 92,53,23 86,59,43 89,59,33 73,52,37 91,56,29 159,89,38 151,90,45 127,77,46 99,57,35 85,49,27 85,44,15 110,53,13 255,128,0 108,57,22 38,37,42 27,35,42 31,37,40 20,21,24 48,45,19 30,34,36 23,27,31 31,44,59 38,53,69 25,32,46 37,52,66 33,51,64 32,45,60 34,47,62 42,58,69 13,20,32 16,25,38 39,59,75 41,63,77 33,51,64 46,66,80 61,83,97 32,50,65 48,77,93 46,61,68 42,62,67 22,27,33 13,21,28
42,29,24 59,45,47 66,46,39 77,49,40 80,49,39 87,55,41 88,56,40 86,50,32 85,51,33 98,57,39 98,57,37 76,47,27 101,57,29 111,61,30 156,96,55 149,83,35 95,57,36 82,54,41 93,64,44 131,75,37 191,94,16 149,79,17 94,63,40 116,62,26 226,122,33 151,84,39 97,63,43 154,85,29 181,97,35 151,76,27 139,79,36 128,75,32 114,64,22 101,56,23 221,138,73 187,115,65 42,51,64 28,33,43 30,40,44 26,35,37 39,39,36 37,31,22 36,44,53 31,46,64 38,53,69 25,34,45 28,32,47 35,50,66 31,46,60 40,55,69 34,50,61 38,53,67 45,56,69 35,46,57 26,37,48 45,70,81 49,80,95 47,78,93 51,60,71 34,49,56 33,49,49 24,36,44 20,25,35 21,25,38
41,34,37 61,44,50 69,49,42 69,47,39 72,44,33 77,44,33 78,45,36 91,56,41 84,48,30 99,54,33 93,55,36 96,58,41 89,54,39 119,67,35 110,60,27 114,77,51 83,49,29 103,61,37 157,86,31 189,98,27 146,70,10 130,73,31 124,68,30 179,93,25 182,93,21 202,109,32 126,68,31 106,61,38 146,71,22 149,82,37 119,65,27 114,64,31 109,62,30 105,58,24 97,51,21 150,75,7 36,34,42 37,37,45 31,44,61 37,55,72 38,50,72 35,53,70 9,12,21 38,57,78 27,40,55 26,44,57 29,38,49 19,21,37 33,48,62 32,50,63 37,52,66 41,61,75 34,49,65 44,66,82 19,27,36 25,43,56 39,61,75 41,61,75 31,44,61 45,59,69 47,59,67 20,28,35 22,27,33 15,18,25
62,45,48 60,46,48 55,41,43 60,39,35 82,51,41 86,51,38 83,48,35 76,45,35 100,53,30 116,65,37 100,62,45 79,50,30 35,36,39 83,51,35 98,53,30 109,61,34 125,69,31 126,71,26 148,82,34 138,78,28 162,89,32 137,77,27 165,89,26 171,91,25 169,90,26 183,97,29 149,84,24 149,82,37 150,82,37 144,82,40 130,75,32 127,75,43 118,71,37 119,62,31 105,63,41 97,60,36 51,48,54 32,46,56 38,56,73 29,47,62 35,50,68 30,45,61 33,46,65 29,47,64 35,53,70 36,56,70 45,65,81 41,54,71 15,15,25 20,25,33 35,48,65 38,53,67 31,49,62 37,57,73 34,54,68 30,40,46 33,50,70 24,44,56 36,49,66 31,45,57 23,31,38 19,27,34 22,27,33 18,23,29
60,45,55 58,46,51 50,38,43 59,41,38 80,52,41 83,50,39 82,51,41 79,48,40 97,54,37 104,56,31 108,61,38 76,51,32 55,50,52 28,31,42 98,57,37 118,69,29 109,65,27 126,75,36 144,80,34 134,76,25 135,75,23 150,87,36 176,101,38 156,88,29 154,81,24 186,102,42 165,88,32 185,100,29 122,71,34 130,78,46 110,64,36 121,73,46 95,60,35 101,55,27 83,59,51 73,46,28 85,65,56 79,64,53 54,48,53 34,49,65 35,50,66 29,42,59 36,54,69 39,57,72 38,53,69 33,51,64 35,53,66 30,48,63 38,51,68 37,46,57 13,18,24 31,45,57 31,50,58 53,78,91 37,62,73 65,76,89 28,39,50 35,51,60 25,39,49 19,31,37 19,27,34 21,31,37 19,24,30 17,22,28
47,36,45 48,40,46 61,44,50 66,45,41 80,52,41 71,43,34 68,48,41 61,45,41 90,48,35 130,74,48 97,52,31 88,57,38 49,42,42 26,34,41 38,36,46 89,50,22 125,76,40 117,66,31 135,81,43 118,63,18 131,75,28 134,75,29 136,76,24 154,88,33 154,84,35 174,103,48 145,78,30 112,57,5 128,74,40 85,44,28 59,51,57 112,67,44 108,72,52 104,69,54 88,60,47 91,63,52 78,55,44 78,54,46 79,57,49 75,59,53 55,53,54 39,39,47 36,49,64 39,57,74 32,45,60 30,50,66 38,56,73 37,52,70 31,46,60 32,46,58 32,41,54 24,36,44 38,50,58 19,31,39 42,62,78 49,80,95 34,50,61 27,38,51 20,28,33 21,31,39 26,33,45 22,30,37 15,23,28 18,23,29
38,36,44 43,41,49 59,45,47 79,53,43 93,58,45 81,50,42 54,40,42 37,35,45 62,41,37 77,45,31 99,53,37 100,57,38 66,48,47 28,37,48 19,26,38 51,40,35 114,70,44 120,70,37 103,61,37 133,84,46 123,69,31 123,69,35 134,77,33 135,75,32 142,82,39 131,73,36 132,86,47 170,91,16 117,65,33 102,62,39 33,37,41 84,68,55 118,84,66 101,69,55 94,67,51 88,62,48 82,61,50 75,53,45 73,51,45 72,57,48 50,55,61 57,47,48 49,46,50 50,53,62 40,37,41 41,56,74 40,53,68 39,54,70 27,40,55 34,45,58 28,42,52 37,48,59 32,48,57 34,50,61 18,33,40 40,47,59 59,89,102 30,40,48 24,29,37 26,33,45 24,32,39 16,24,33 20,25,33 19,24,32
27,35,42 30,40,46 47,39,47 84,58,46 89,53,43 89,56,47 72,45,38 49,35,35 63,47,45 80,49,37 100,54,36 111,59,29 106,66,43 39,37,47 26,33,47 16,24,33 76,48,46 109,62,39 111,65,35 82,52,35 101,61,38 108,68,45 102,63,35 117,71,43 124,79,44 61,59,60 89,55,37 110,70,45 94,63,42 103,72,53 62,50,52 91,48,31 115,80,67 88,55,46 93,70,57 88,66,58 81,57,49 77,56,45 62,49,42 59,51,59 48,61,80 34,49,65 48,55,67 56,56,64 45,50,58 65,42,43 43,51,67 43,61,74 34,47,62 31,41,59 29,43,55 24,38,50 32,45,60 39,55,66 44,62,77 48,63,79 20,36,45 44,71,85 23,26,33 18,28,34 23,31,40 17,22,32 22,27,35 21,26,34