6,14,42 6,14,42 6,14,42 7,15,43 6,14,42 6,14,42 6,15,40 7,15,43 5,13,41 7,15,43 12,19,42 12,20,40 22,24,40 26,28,42 32,31,46 31,30,45 32,32,44 34,33,50 34,33,48 34,33,48 32,29,46 22,24,40 18,21,39 15,20,44 10,19,42 10,19,42 6,15,38 7,16,39 8,14,35 7,16,39 6,14,42 6,14,44 6,14,44 6,14,44 6,14,44 6,14,42 6,14,42 3,15,39 3,14,41 5,13,41 7,15,43 6,14,42 6,14,42 6,14,42 2,11,36 6,14,42 6,14,44 6,14,44 6,14,44 6,14,44 6,14,44 6,14,44 6,14,44 6,14,44 6,14,44 5,13,41 0,7,32 6,14,42 6,14,42 6,14,44 6,14,42 21,29,57 6,14,42 6,14,42
6,14,42 6,14,42 7,15,43 6,15,40 5,13,41 7,16,39 6,15,38 3,11,39 6,14,42 6,14,42 9,19,39 18,21,39 25,27,43 29,31,45 32,31,46 31,30,45 34,34,44 34,34,46 32,31,46 28,27,42 27,25,45 19,23,38 16,21,45 12,21,44 10,19,42 12,21,44 6,15,38 6,15,38 10,22,44 8,17,40 5,13,41 6,14,44 6,14,44 6,14,44 6,14,44 6,14,42 6,14,42 6,14,44 5,13,41 3,11,39 6,14,44 7,15,43 6,14,42 6,14,42 6,14,44 6,14,44 6,14,44 6,14,44 6,14,44 6,14,44 6,14,44 6,14,44 6,14,42 6,14,42 6,14,44 6,14,44 6,14,46 6,14,44 6,14,44 6,14,42 6,14,42 6,14,42 6,14,42 6,14,42
6,14,42 6,14,42 6,14,42 6,14,42 7,16,41 6,15,38 6,15,40 6,15,40 7,16,41 15,20,44 20,23,41 19,23,38 28,27,44 29,31,45 29,31,45 34,34,46 30,33,44 29,32,43 28,27,42 27,26,43 19,22,40 12,20,40 14,21,44 6,18,40 7,16,39 9,16,39 10,19,42 9,18,41 7,16,41 6,15,38 5,13,41 6,14,42 6,14,44 6,14,42 10,20,40 5,13,41 6,14,42 6,14,44 6,14,44 6,14,44 6,14,44 6,14,44 6,14,44 6,14,42 6,14,42 6,15,40 6,14,42 6,14,42 6,15,40 6,15,40 5,14,39 6,14,42 6,14,44 6,14,44 6,14,44 6,14,42 6,14,42 8,17,42 6,14,42 6,14,44 6,14,44 7,15,43 6,14,42 6,14,42
6,14,42 7,15,43 6,14,42 6,14,42 6,15,40 12,20,40 11,16,40 10,19,42 18,21,41 19,22,40 20,23,41 20,23,41 27,26,43 29,28,43 26,28,42 30,30,42 30,30,42 25,24,39 25,27,43 19,22,42 17,20,38 12,18,39 8,15,38 6,15,40 7,17,37 7,16,39 6,15,38 10,19,42 3,15,39 6,14,42 6,14,42 6,14,42 6,14,42 6,14,42 6,14,42 6,15,40 6,14,44 6,14,42 6,14,44 7,13,43 5,13,41 6,14,44 6,14,42 6,14,44 7,15,43 7,15,43 6,14,42 16,25,50 5,13,41 6,14,42 6,14,42 6,14,42 6,14,42 6,14,42 6,14,44 6,14,44 3,11,39 6,14,42 6,14,42 6,14,42 6,14,42 0,6,34 6,14,42 6,14,42
6,14,42 6,14,42 6,14,44 6,15,40 8,17,40 8,17,40 12,18,39 10,19,42 18,21,41 19,22,40 23,24,43 23,25,41 27,26,43 28,27,42 28,27,42 27,26,41 22,25,43 20,23,41 20,23,43 12,19,44 8,15,38 5,14,37 3,15,39 7,15,43 3,14,41 5,17,39 6,15,38 6,15,38 1,13,37 6,14,42 5,13,41 6,14,42 5,13,41 6,14,42 6,14,42 6,15,38 6,14,42 6,14,42 6,14,44 6,14,42 5,13,41 6,15,40 6,14,42 7,15,43 5,13,43 4,15,42 4,15,44 6,14,44 6,14,42 6,14,42 7,15,43 5,13,41 5,13,41 6,14,42 6,14,42 6,14,42 8,16,44 2,10,38 6,14,42 6,14,44 7,15,43 6,14,42 6,14,44 6,14,42
6,14,42 6,14,42 6,14,42 5,14,39 7,16,39 6,15,38 10,15,39 16,22,43 20,22,38 21,24,42 23,24,43 21,22,41 25,24,41 27,26,43 27,26,43 20,24,39 21,22,43 14,22,42 7,19,43 6,15,38 6,14,42 6,14,42 5,14,39 6,14,42 6,14,42 6,14,42 6,14,42 3,15,39 6,14,42 6,14,42 6,14,42 6,14,42 6,14,42 7,15,43 6,14,42 6,15,40 6,14,42 6,15,40 7,15,43 4,15,42 6,14,44 4,15,44 3,16,44 5,18,48 5,20,52 5,20,52 5,20,52 6,23,54 4,21,52 3,20,51 5,18,48 6,14,42 6,14,44 6,14,42 6,14,44 6,15,40 6,14,42 5,13,41 9,17,45 6,14,42 3,12,37 6,15,40 6,14,42 6,14,42
6,14,42 6,14,42 6,14,42 6,14,42 6,15,38 7,17,37 13,18,42 17,20,38 22,25,45 27,26,43 27,26,43 27,26,41 27,25,45 27,26,43 30,27,44 17,20,38 14,17,37 8,15,38 6,14,42 4,15,42 4,15,42 3,11,39 6,15,40 4,15,42 6,14,44 6,14,44 6,14,42 3,11,39 4,15,42 8,17,42 6,14,44 6,14,46 6,14,42 6,14,42 5,13,41 6,14,42 6,14,42 6,14,44 6,14,44 0,12,36 2,15,41 6,19,49 7,24,55 7,25,61 6,24,60 8,26,62 8,26,62 7,28,63 6,27,62 4,25,60 6,24,60 5,21,50 7,18,47 6,14,42 6,14,42 6,14,44 6,14,44 6,14,44 6,14,42 5,13,41 6,14,42 6,14,42 8,16,44 6,14,42
6,14,42 6,14,42 6,14,44 6,14,42 3,14,41 6,15,40 11,16,40 17,20,40 21,25,40 25,27,43 25,24,41 28,27,42 28,27,44 27,26,43 25,24,41 19,22,42 6,15,40 6,14,42 6,14,42 10,18,46 6,14,42 6,14,44 6,14,44 6,14,44 6,14,44 6,14,42 6,14,42 6,14,42 6,14,44 6,14,44 6,14,44 6,14,44 6,14,42 6,14,42 6,14,44 6,14,46 6,14,44 4,15,42 4,15,42 5,18,48 6,23,56 6,25,58 6,27,62 9,30,65 11,35,66 10,37,67 13,36,70 11,37,70 12,35,69 12,33,68 7,28,63 7,25,61 5,23,59 3,19,48 4,15,44 6,14,42 6,14,44 6,14,44 5,13,41 6,14,44 6,14,44 6,14,44 6,14,44 6,14,42
6,14,42 6,14,44 6,14,44 6,14,42 6,14,42 6,15,40 9,16,39 12,18,39 18,21,41 20,21,40 27,26,43 34,34,44 31,31,43 29,28,43 25,23,43 17,20,40 6,15,38 6,14,44 6,14,42 5,13,41 6,14,42 6,14,44 6,14,44 6,14,42 6,14,44 6,14,44 6,14,44 6,14,42 1,9,37 6,14,42 6,14,44 6,14,44 6,14,44 6,14,44 6,14,44 6,14,44 6,14,42 15,23,53 2,15,43 6,23,56 6,24,60 10,31,66 10,36,69 14,40,73 14,42,76 21,47,82 15,42,81 14,45,80 12,43,78 11,37,70 10,36,71 11,32,67 7,28,63 5,23,59 4,20,49 4,15,42 7,15,43 6,14,42 6,14,42 6,14,42 6,14,42 7,15,43 6,14,42 6,14,44
6,14,42 6,14,44 6,14,44 6,14,44 4,15,42 3,11,39 6,14,42 7,16,39 15,18,40 20,23,41 29,28,45 30,30,42 32,29,44 25,27,43 22,23,42 21,22,43 12,18,39 3,15,39 7,13,41 6,14,42 6,14,42 3,11,39 5,13,41 6,14,44 6,14,42 5,14,39 7,14,37 6,14,42 7,15,43 6,14,42 6,14,42 6,14,44 5,13,41 6,14,44 6,14,42 6,14,42 5,13,41 4,17,45 5,24,57 6,28,60 10,33,67 11,37,70 18,49,84 98,171,206 147,217,244 152,219,242 159,223,243 155,220,235 140,214,235 127,199,228 0,44,80 14,40,73 12,35,69 9,31,63 5,23,59 3,19,46 6,14,42 6,14,42 6,14,44 6,14,44 6,14,42 6,14,42 6,14,42 6,14,42
6,14,42 6,14,44 6,14,44 6,14,44 5,13,41 6,14,42 6,14,42 7,16,41 10,17,40 19,22,44 23,25,41 25,24,41 24,23,38 20,22,38 22,23,42 21,25,40 18,21,41 9,17,37 5,13,41 6,14,42 6,14,42 6,14,44 6,14,44 7,15,43 6,14,42 6,14,44 6,14,42 6,14,42 6,14,42 8,14,42 6,14,42 6,14,42 5,13,43 6,14,42 6,14,44 6,14,44 3,14,41 4,22,50 9,25,61 10,33,67 15,38,74 17,45,79 132,201,233 146,218,249 149,213,233 164,227,245 164,224,241 162,227,244 159,221,242 149,216,239 132,209,238 82,125,166 10,41,72 10,33,67 6,27,62 6,23,54 3,14,43 6,14,42 6,14,44 6,14,44 6,14,44 6,14,42 6,14,44 6,14,42
6,14,42 6,14,42 6,14,44 6,14,42 6,14,42 6,14,42 5,13,41 7,16,41 7,16,39 11,19,39 20,23,41 19,23,38 19,22,40 21,23,39 20,19,36 25,24,41 22,24,40 18,21,41 8,17,40 6,15,38 6,14,42 6,14,42 6,14,42 9,15,43 6,15,40 7,15,45 6,14,42 6,14,42 6,14,42 6,14,42 8,16,44 6,14,42 6,14,44 6,14,44 6,14,42 6,15,40 6,17,46 5,23,59 6,29,65 14,36,68 17,45,79 112,185,222 133,203,228 139,206,227 166,229,245 166,229,245 169,229,246 166,227,241 166,227,239 158,223,238 136,213,240 104,191,230 50,86,127 16,39,73 12,30,66 7,25,61 7,20,48 6,14,42 6,14,42 6,14,44 6,14,44 6,14,44 6,14,44 6,14,42
6,14,42 1,9,37 6,14,42 7,15,45 6,14,42 6,15,40 31,40,63 6,15,38 11,19,39 5,17,39 15,21,42 19,22,42 19,22,40 21,23,39 24,23,40 24,23,40 24,23,40 21,23,39 15,18,40 6,14,42 6,14,42 6,14,42 6,14,42 6,14,42 6,15,40 5,13,43 6,14,44 6,14,44 6,14,44 6,14,44 6,14,46 6,14,44 6,14,44 6,14,44 6,14,44 4,15,42 4,20,49 7,25,61 10,31,66 13,39,72 116,183,222 146,219,245 150,220,247 171,229,249 170,231,245 168,231,249 171,232,244 171,232,244 171,230,241 172,231,242 149,220,242 115,205,241 73,173,217 18,44,77 12,35,69 9,27,63 3,20,51 4,15,44 6,14,42 6,14,42 7,15,43 6,14,44 6,14,44 6,14,42
7,15,43 8,16,44 6,14,42 6,14,42 7,15,43 7,15,43 7,16,41 6,15,40 12,18,39 12,20,40 12,15,37 13,19,40 19,23,38 27,26,41 24,23,38 28,27,42 30,29,44 24,23,40 19,20,41 7,17,37 5,14,39 6,14,42 7,15,43 6,14,44 6,14,44 8,17,42 6,14,42 6,14,44 6,14,42 2,11,36 6,14,42 6,14,44 6,14,44 6,14,44 6,14,42 4,15,42 2,21,52 8,26,62 12,35,69 16,44,80 126,198,227 152,218,244 137,210,234 166,229,247 174,231,242 169,228,241 169,229,246 164,222,240 174,233,246 169,232,248 159,226,247 147,221,251 94,187,227 40,139,188 15,38,74 9,30,65 5,23,59 6,19,49 6,14,42 5,13,41 6,14,44 6,14,44 6,14,44 6,14,42
6,14,42 6,14,42 6,14,42 6,14,44 6,14,44 4,15,42 6,15,40 10,17,40 9,15,36 15,18,40 11,19,37 15,18,40 20,24,39 28,27,42 29,26,43 34,32,42 36,34,46 32,30,40 25,22,39 13,19,40 3,14,41 6,14,42 6,14,42 6,14,44 6,14,44 7,15,43 6,14,44 5,13,43 6,15,40 6,14,42 6,14,44 6,14,44 6,14,44 6,14,44 6,14,42 4,15,44 7,23,59 9,27,63 13,36,70 1,39,72 143,210,233 156,215,239 123,200,231 153,220,239 149,216,239 161,224,240 168,229,241 171,229,247 163,227,240 157,225,241 143,220,249 144,218,248 92,187,226 64,167,215 10,38,70 11,34,68 8,24,62 8,24,53 6,14,42 6,14,42 6,14,44 6,14,46 6,14,44 7,15,45
6,14,42 6,14,44 6,14,44 6,14,44 6,14,42 8,14,44 4,16,40 5,17,39 10,15,39 11,17,38 12,18,39 18,21,43 23,22,37 30,29,46 38,34,43 38,36,46 37,35,43 37,35,43 29,29,41 21,24,42 18,24,52 6,14,42 7,15,43 6,14,44 6,14,44 6,14,42 6,14,42 6,14,42 8,16,44 6,14,42 6,14,42 6,14,42 2,10,38 6,14,42 7,15,43 7,15,45 6,23,56 7,28,63 15,38,72 7,51,87 137,209,238 136,206,233 128,205,236 132,209,240 132,206,236 133,205,238 168,228,245 172,231,244 171,232,246 173,232,245 161,229,245 160,227,246 107,201,238 73,173,217 14,42,74 11,34,68 6,24,60 4,21,54 6,14,42 6,14,44 6,14,42 6,15,40 6,14,42 6,14,42
6,14,42 6,14,44 7,15,45 6,14,44 2,10,40 6,15,40 12,17,41 19,22,42 10,18,38 14,22,42 15,21,42 19,22,44 23,21,41 27,26,41 34,32,42 41,37,46 38,36,46 36,34,44 30,28,40 28,27,42 12,20,40 6,14,42 6,14,42 6,14,44 6,14,44 6,14,44 6,14,44 6,14,42 5,13,41 6,14,42 6,14,42 6,14,42 6,14,42 6,14,42 6,14,42 3,14,41 4,20,56 8,26,64 13,36,70 2,39,77 125,205,235 122,203,233 129,212,246 132,209,238 140,213,237 137,204,227 162,222,241 160,224,244 167,233,245 163,222,235 167,235,251 160,225,242 106,192,234 61,168,221 13,41,77 11,34,68 7,25,61 4,19,51 6,14,42 6,14,44 6,14,44 6,14,42 6,14,42 6,14,42
6,14,42 6,14,44 6,14,44 6,14,42 6,15,40 7,16,39 8,17,40 11,19,39 13,19,40 18,21,41 19,20,43 17,23,40 20,21,40 28,27,44 32,29,44 40,36,45 37,35,43 38,34,43 32,30,40 31,28,43 14,21,44 6,14,42 6,14,42 6,14,44 6,14,44 6,14,44 6,14,42 6,14,42 6,14,42 6,14,44 6,14,42 6,14,42 6,14,42 6,14,44 6,14,42 6,14,42 6,22,58 7,25,61 12,35,69 15,43,77 145,214,239 145,209,231 137,213,233 151,221,246 169,228,243 162,226,246 157,220,238 140,206,232 138,219,249 141,211,236 148,217,242 150,220,245 94,192,234 57,160,208 15,41,74 9,32,66 4,25,60 2,18,47 5,13,43 6,14,44 6,14,44 6,14,44 6,14,44 6,14,44
6,14,42 6,14,44 6,14,44 6,14,42 4,15,42 12,18,37 9,15,36 15,18,38 9,16,39 14,21,44 13,19,40 18,19,40 20,21,40 24,22,42 29,26,43 30,28,40 36,34,44 34,32,44 27,25,45 20,21,40 9,18,43 6,14,42 6,14,42 6,14,42 6,14,42 6,14,42 6,14,42 6,14,42 30,38,66 6,14,42 6,14,42 6,14,42 6,14,42 7,15,43 7,15,43 4,15,42 3,20,51 6,24,60 12,33,68 16,39,73 65,112,138 152,218,230 158,215,228 132,215,249 133,216,250 151,223,252 161,219,248 36,41,9 63,89,53 157,227,249 141,215,236 125,210,241 82,181,232 15,42,81 10,36,69 9,27,63 4,21,54 3,16,44 6,14,42 6,14,42 6,14,44 6,14,44 6,14,42 6,14,44
6,14,42 6,14,44 6,14,44 6,14,42 3,14,41 6,16,36 17,20,42 13,19,40 6,15,40 4,16,38 13,19,40 13,19,38 18,21,39 20,21,40 22,21,38 23,22,39 25,24,39 23,22,37 15,18,38 11,17,38 6,14,42 6,14,44 6,14,44 6,14,44 6,14,42 6,14,42 6,14,42 6,15,40 6,14,42 6,14,42 6,14,42 5,13,41 6,14,44 6,14,44 8,16,44 6,14,42 3,19,48 5,23,59 8,31,65 13,36,70 16,44,80 114,155,169 116,161,178 129,214,247 129,214,247 143,219,255 165,229,253 38,43,9 94,118,78 162,224,245 144,219,244 127,215,249 60,126,172 10,41,72 9,35,68 7,25,61 5,21,50 4,15,44 6,14,42 5,13,43 6,14,44 6,14,44 6,14,44 6,14,44
6,14,42 6,14,42 6,14,42 7,15,43 4,16,40 9,16,39 15,18,40 11,17,36 3,12,35 6,15,40 4,16,38 7,16,39 11,19,39 21,22,41 21,19,39 10,17,40 10,15,39 11,17,38 4,15,42 8,14,42 6,14,42 6,14,44 6,14,44 6,14,44 6,14,42 5,13,43 6,14,44 6,14,44 6,14,44 6,14,44 6,14,44 6,14,42 6,14,42 6,14,42 6,14,44 6,14,42 4,15,44 4,21,52 7,25,61 7,33,66 13,41,75 11,48,70 109,144,151 131,211,244 143,213,235 122,167,184 16,20,24 18,21,11 26,27,19 124,150,167 118,209,245 89,160,207 11,42,75 12,35,69 6,27,62 7,23,59 7,15,45 5,13,41 6,14,42 6,14,44 6,14,42 7,15,45 6,14,42 6,14,44
6,15,40 6,14,42 6,15,40 7,17,37 16,17,36 20,23,43 18,21,41 6,15,38 8,15,40 5,14,39 18,16,40 16,22,39 17,20,42 17,20,42 18,19,42 6,14,42 6,15,40 6,15,40 6,15,40 6,14,42 6,14,42 6,14,44 6,14,42 6,14,42 6,14,44 6,14,44 6,14,44 6,14,44 6,14,44 6,14,44 6,14,44 6,14,44 6,14,44 6,14,44 6,14,44 6,14,42 6,14,42 5,18,46 5,24,57 9,27,63 11,34,68 67,70,79 44,43,36 164,217,236 167,225,243 77,101,105 13,15,10 22,23,13 24,25,15 53,59,48 8,51,94 10,38,70 13,39,74 9,30,65 5,23,59 7,23,52 6,14,42 6,14,44 6,14,44 6,14,44 6,14,46 7,15,45 6,14,42 6,14,42
6,14,42 6,14,42 5,13,41 19,21,46 22,26,41 27,26,41 25,24,39 14,22,40 13,19,40 17,20,42 20,22,38 23,25,41 18,19,38 15,20,44 14,22,42 6,14,42 6,14,42 48,57,82 6,14,42 6,14,42 6,14,42 6,14,44 6,14,44 6,14,44 6,14,44 6,14,44 6,14,44 6,14,44 6,14,44 6,14,44 6,14,44 6,14,44 6,14,44 6,14,44 6,14,44 6,14,42 6,14,42 6,14,42 6,19,47 4,25,62 13,25,49 37,42,36 45,47,44 16,44,80 61,82,103 52,54,37 13,14,6 14,12,8 16,17,9 46,54,40 9,37,62 11,35,66 11,29,65 6,24,60 4,21,52 4,15,44 6,14,42 6,14,42 6,14,44 6,14,44 6,14,44 6,14,44 6,14,44 6,14,42
6,14,42 6,14,42 6,14,42 15,18,38 20,24,39 27,26,43 24,23,40 20,21,42 21,23,39 22,24,40 27,27,39 37,35,47 25,24,41 19,22,44 11,19,39 6,14,44 6,14,42 6,14,42 6,14,44 1,9,37 6,14,42 6,14,44 6,14,44 6,14,44 6,14,44 6,14,44 6,14,44 6,14,44 6,14,44 6,14,44 6,14,42 5,14,39 6,14,42 5,13,41 6,14,42 9,17,45 4,15,42 7,15,43 5,16,45 3,20,51 34,42,32 35,40,34 55,64,64 12,34,75 39,51,42 28,40,33 7,15,5 26,33,17 43,46,34 18,20,20 72,90,89 9,30,67 6,24,60 4,21,54 4,17,45 6,14,42 6,14,44 6,14,44 6,14,44 6,14,44 6,14,44 6,14,44 6,14,46 6,14,42
2,10,38 6,14,42 6,14,42 17,20,40 20,21,40 19,22,40 21,25,40 21,22,41 24,23,38 24,23,40 27,26,41 36,34,44 34,32,42 29,26,43 10,18,38 6,14,42 7,15,43 6,14,42 5,13,41 6,14,42 6,14,42 6,14,42 6,14,44 6,14,44 8,16,46 5,13,45 5,13,41 2,15,41 53,82,100 55,82,96 21,52,67 35,66,83 11,32,41 21,43,57 41,76,97 47,84,106 41,82,105 47,88,111 24,63,87 13,38,53 15,42,52 11,38,50 50,91,105 23,45,49 59,91,101 74,112,143 23,35,31 48,56,35 49,53,38 22,29,24 50,56,43 0,16,56 5,20,52 4,15,44 6,14,42 6,14,44 6,14,44 6,14,44 6,14,44 6,14,44 6,14,44 6,14,44 6,14,44 6,14,44
24,49,62 27,54,66 21,51,62 32,54,70 13,23,39 13,19,38 18,21,39 23,22,39 20,21,40 29,26,43 31,29,41 38,36,44 36,34,44 33,29,42 24,20,40 12,18,39 9,16,39 8,15,38 6,15,40 6,14,42 6,18,42 6,18,42 0,14,39 25,50,74 41,69,90 33,66,85 40,77,95 38,73,94 39,72,93 44,79,100 31,66,85 41,72,87 40,74,90 40,73,94 36,76,95 37,77,96 44,79,100 41,81,102 45,85,104 9,39,50 16,42,50 35,57,69 48,93,112 6,36,47 13,45,57 14,46,58 21,47,55 13,43,54 15,42,54 17,47,58 22,56,70 18,40,33 30,35,59 7,13,43 6,14,44 6,14,44 6,14,44 6,14,44 6,14,44 6,14,44 6,14,44 6,14,42 28,37,60 6,14,42
18,40,56 26,45,55 26,51,66 21,46,57 32,54,68 22,42,56 39,62,71 39,64,77 38,65,79 43,58,65 28,33,41 49,63,75 46,60,72 42,61,71 33,55,67 36,62,79 31,58,72 21,43,47 29,56,66 23,53,64 17,44,58 31,60,76 32,56,74 28,59,76 38,66,87 35,63,84 30,59,77 30,58,79 36,66,88 39,72,91 0,22,41 34,64,84 36,66,90 38,73,96 38,71,92 44,79,100 42,79,99 33,66,85 21,51,62 8,43,54 43,84,109 26,51,62 41,85,107 7,37,48 17,43,51 21,47,55 16,42,50 11,38,48 14,45,49 18,45,55 50,81,98 48,90,110 52,99,127 45,88,115 47,88,113 59,92,113 15,27,51 6,14,42 6,14,44 6,14,44 6,14,42 6,15,40 6,14,42 6,14,44
29,48,58 20,40,52 19,46,56 25,49,67 29,56,70 28,46,59 10,22,30 25,45,61 29,47,62 37,56,66 34,47,62 44,55,68 47,59,67 46,61,68 50,55,61 30,32,27 32,54,56 33,55,67 31,55,73 25,51,68 31,56,78 33,59,78 31,62,79 30,56,73 29,47,62 27,51,69 36,65,81 36,66,86 41,64,87 17,37,51 32,47,61 35,55,69 29,23,14 42,70,95 38,67,85 31,59,80 34,55,74 21,41,53 36,57,66 11,29,42 8,41,62 39,74,95 18,47,63 16,36,48 13,40,50 11,38,48 11,41,50 16,43,53 14,39,50 17,44,58 37,77,98 24,59,80 33,67,83 11,38,52 18,45,55 27,54,64 18,43,54 26,48,60 29,47,64 7,16,41 6,14,42 6,14,44 6,14,44 6,14,44
21,45,63 18,42,60 13,33,49 23,36,37 26,38,46 25,43,56 28,48,60 18,44,63 24,43,62 41,52,63 40,53,54 51,61,58 52,61,63 52,46,41 50,55,54 46,55,68 50,60,66 36,56,72 34,55,74 39,58,79 38,58,72 40,57,77 34,59,74 36,55,74 31,51,67 35,55,67 66,52,23 29,58,76 39,65,82 35,59,79 20,31,42 28,43,57 29,34,30 36,57,76 35,59,77 32,57,72 19,36,40 3,20,26 29,59,79 42,58,67 31,64,83 28,59,76 21,37,48 14,35,44 13,36,45 18,40,52 20,47,57 17,47,56 17,42,53 33,66,87 37,72,93 27,58,75 16,43,55 7,33,41 24,43,53 18,34,45 29,44,51 22,37,44 29,44,51 29,38,51 6,14,42 6,14,44 6,14,44 6,14,44
16,38,54 15,37,53 21,39,56 12,31,41 35,37,34 30,41,52 30,46,57 27,47,59 39,54,68 61,71,79 64,59,61 47,56,58 55,59,63 59,65,68 75,73,71 76,76,76 64,69,68 52,58,59 51,55,57 52,63,76 45,56,69 48,59,72 40,53,68 38,53,67 47,54,66 37,40,32 42,47,46 40,53,68 35,53,70 41,61,77 34,48,58 32,54,70 42,61,82 46,51,57 48,68,82 28,43,46 35,50,64 45,71,90 33,59,78 38,63,87 25,51,68 22,31,31 21,44,53 25,44,54 25,46,53 35,55,67 25,50,63 34,60,77 47,80,103 38,71,94 35,63,84 31,60,76 20,41,50 26,42,51 19,33,43 38,52,62 27,41,51 34,48,58 31,46,51 29,41,45 6,14,42 6,14,44 6,14,44 6,14,44
16,34,47 23,41,56 14,31,51 16,34,49 10,10,10 12,10,8 29,30,33 46,43,47 40,49,51 45,51,54 46,48,48 48,49,54 52,52,52 65,63,59 74,65,57 79,69,57 74,63,58 65,59,50 54,52,53 57,58,63 63,65,65 50,54,58 51,54,63 50,53,60 47,53,54 47,57,65 47,55,60 52,63,74 44,56,64 54,65,76 54,65,78 47,65,80 47,61,71 38,53,58 72,53,30 38,46,53 42,56,66 41,56,70 39,56,78 34,57,80 34,59,81 33,56,81 25,40,45 38,47,47 35,52,58 36,48,54 31,45,57 25,50,65 36,64,87 44,81,101 29,59,81 22,37,44 26,41,48 27,41,51 31,48,54 26,41,46 27,42,45 29,44,49 28,43,48 27,41,53 6,14,42 6,14,44 6,14,44 6,14,42
28,31,40 35,38,47 33,39,42 24,33,44 11,9,10 11,9,10 12,9,13 17,11,2 43,33,23 44,39,41 61,54,54 62,50,50 67,57,56 58,47,40 73,65,54 86,70,57 78,62,56 70,61,55 67,54,49 63,56,54 62,56,49 62,55,55 56,51,50 62,57,56 63,54,46 20,43,68 60,60,60 67,66,69 63,63,71 57,58,63 44,47,56 53,53,50 65,69,73 63,59,51 61,54,36 71,65,58 57,53,45 84,59,31 60,60,68 59,72,89 52,66,87 45,58,73 40,49,49 45,53,58 42,54,58 44,67,92 54,63,76 27,53,72 39,54,70 41,62,83 38,71,94 22,43,50 23,35,41 28,43,48 33,45,51 34,48,58 28,40,46 29,41,49 29,44,51 33,48,53 6,14,42 6,14,42 6,14,44 6,14,44
37,37,34 43,36,34 36,25,10 52,33,10 12,19,17 7,12,11 21,11,10 102,65,10 107,58,0 56,46,45 52,43,39 58,49,45 60,49,42 73,57,51 82,69,46 87,73,48 81,65,48 77,61,44 63,52,33 71,58,53 66,57,49 63,57,50 71,59,49 64,53,48 76,55,28 54,47,47 63,58,55 66,57,53 68,58,57 64,57,57 46,48,48 33,43,47 57,56,59 61,59,60 59,60,63 45,53,58 52,57,65 43,56,73 40,55,69 73,57,53 51,59,66 43,48,47 38,44,45 38,45,40 30,43,44 40,53,70 42,55,70 41,61,75 40,57,79 30,54,74 25,53,78 46,70,90 17,32,39 22,37,44 26,40,50 28,42,52 28,42,54 28,42,52 24,36,40 25,39,49 6,14,42 6,14,42 6,14,44 6,14,44
40,23,0 50,33,9 51,31,11 44,30,5 57,31,6 52,35,11 16,5,0 95,54,9 85,52,13 67,51,36 55,39,35 63,48,37 66,52,36 76,54,34 79,62,38 96,71,43 97,75,41 90,68,34 83,63,33 79,58,33 72,56,41 67,51,36 76,60,43 77,56,41 77,61,46 73,59,45 75,60,49 72,61,58 69,59,49 63,48,28 82,69,66 85,70,59 86,69,59 98,65,26 100,61,18 98,59,18 85,54,17 71,48,19 45,31,13 41,46,52 66,55,40 54,35,12 89,62,28 42,40,38 35,52,58 45,54,65 52,57,65 50,60,68 40,53,70 35,55,81 27,55,80 23,52,70 15,30,37 24,39,46 26,40,50 30,46,55 30,41,54 33,47,57 26,38,44 24,36,42 6,14,42 6,14,42 6,14,44 6,14,44
53,30,1 48,25,0 61,34,2 68,40,11 55,27,0 65,38,4 65,38,2 60,43,19 66,47,22 69,50,27 77,53,29 80,56,30 83,53,25 96,63,38 99,67,37 110,81,48 112,79,40 121,86,50 110,79,42 99,63,32 102,68,36 101,72,41 94,66,37 99,66,39 94,68,47 94,63,40 74,54,45 114,78,49 94,59,34 90,53,11 109,77,33 86,66,48 99,73,52 90,65,46 88,66,48 77,62,51 83,65,60 80,64,58 59,52,52 70,60,61 48,45,49 45,44,47 41,54,73 43,51,60 29,57,78 97,65,35 67,56,63 50,55,65 43,52,63 40,50,66 21,45,65 15,43,64 34,64,86 24,38,50 26,45,53 31,45,57 17,32,39 24,40,51 26,41,46 34,48,58 3,11,39 6,14,42 6,14,44 6,14,44
71,43,3 67,38,3 60,33,0 75,42,3 83,43,7 81,48,11 87,58,27 98,58,35 92,58,26 99,65,31 105,66,27 103,68,30 92,60,26 104,68,39 109,76,39 118,85,46 117,81,50 92,56,5 77,41,0 123,78,30 130,88,50 121,78,31 108,74,33 116,81,45 107,73,41 108,76,46 78,60,39 107,70,44 103,68,41 105,71,39 100,64,35 106,72,50 101,70,49 95,68,50 87,61,40 92,73,61 87,61,47 70,57,52 78,63,52 77,64,61 58,50,56 45,45,40 41,43,57 47,52,60 40,53,68 8,27,35 26,39,54 77,55,37 50,54,67 47,57,65 17,42,55 32,51,70 29,57,82 19,58,84 43,76,95 38,70,96 40,73,94 35,65,87 8,34,53 31,57,74 36,62,81 31,68,88 45,78,99 0,12,40