12,18,39 9,15,47 5,16,45 5,16,45 10,17,42 11,13,27 12,11,14 10,10,18 13,12,17 13,12,15 20,19,36 5,16,43 9,14,40 3,11,39 5,16,45 4,15,44 5,16,45 5,16,45 5,16,45 5,16,45 5,16,45 5,16,45 5,16,45 5,16,45 5,16,45 5,16,45 5,16,45 5,16,45 5,16,45 5,16,45 5,16,45 5,16,45 5,16,45 5,16,45 36,47,76 4,17,45 5,16,45 5,16,45 7,18,47 5,16,45 5,16,45 5,16,45 5,16,45 5,16,45 5,16,45 6,17,46 5,16,45 5,16,45 5,16,45 5,16,45 5,16,45 5,16,45 5,16,45 4,15,44 5,16,45 5,16,45 5,16,45 5,16,45 5,16,45 5,16,45 5,16,45 5,16,45 5,16,45 5,16,45
8,15,40 7,17,51 15,26,55 5,16,45 8,10,35 6,17,48 15,15,27 11,11,23 11,10,15 15,14,19 13,14,37 10,11,16 11,14,34 13,14,33 5,16,45 5,16,45 5,16,45 5,16,45 5,16,45 6,17,46 5,16,45 5,16,45 5,16,45 5,16,45 6,17,46 5,16,45 5,16,45 5,16,45 5,16,45 5,16,45 18,29,58 5,16,45 5,16,45 5,16,45 5,16,45 5,16,45 5,16,45 18,29,58 5,16,45 5,16,45 5,16,45 5,16,45 5,16,45 5,16,45 5,16,45 5,16,45 5,16,45 5,16,45 5,16,45 5,16,45 5,16,45 5,16,45 5,16,45 6,17,46 5,16,45 5,16,45 5,16,45 5,16,45 5,16,45 10,21,50 5,16,45 5,16,45 5,16,45 5,16,45
11,14,32 3,15,37 5,16,43 5,16,45 5,16,45 4,9,33 7,16,41 6,17,44 10,10,22 10,10,20 17,16,31 11,11,23 6,12,31 6,17,46 5,16,45 5,16,45 5,16,45 5,16,45 6,17,46 5,16,45 5,16,45 5,16,45 5,16,45 5,16,45 5,16,45 6,17,46 5,16,45 5,16,45 5,16,45 5,16,45 5,16,45 5,16,45 5,16,45 5,16,45 5,16,45 5,16,45 5,16,45 5,16,45 5,16,45 5,16,45 5,16,45 5,16,45 5,16,45 5,16,45 5,16,45 5,16,45 5,16,45 5,16,45 5,16,45 6,17,46 5,16,45 5,16,45 5,16,45 5,16,45 5,16,45 5,16,45 5,16,45 5,16,45 6,17,46 5,16,45 5,16,45 4,15,44 5,16,45 5,16,45
11,13,38 5,13,45 5,16,45 6,17,46 5,16,45 5,16,45 5,16,47 6,17,46 9,9,17 11,17,38 4,16,38 5,11,32 5,15,49 5,16,45 5,16,45 5,16,45 5,16,45 5,16,45 5,16,45 28,39,68 5,16,45 4,15,44 5,16,45 5,16,45 5,16,45 5,16,45 5,16,45 5,16,45 4,15,44 5,16,45 5,16,45 4,15,44 5,16,45 5,16,45 13,24,53 5,16,45 3,14,43 5,16,45 5,16,45 5,16,45 5,16,45 5,16,45 5,16,45 5,16,45 5,16,45 5,16,45 5,16,45 5,16,45 5,16,45 5,16,45 5,16,45 7,18,47 5,16,45 5,16,45 5,16,45 7,18,47 5,16,45 5,16,45 5,16,45 5,16,45 5,16,45 5,16,45 5,16,45 11,22,51
7,16,41 7,15,47 5,16,45 6,17,46 7,18,47 5,16,45 5,16,45 5,16,45 5,16,45 5,16,45 5,16,45 5,16,45 5,16,45 5,16,45 5,16,45 5,16,45 5,16,45 5,16,45 4,15,44 5,16,45 5,16,45 6,17,46 5,16,45 5,16,45 5,16,45 5,16,45 5,16,45 5,16,45 5,16,45 5,16,45 5,16,45 5,16,45 5,16,45 12,23,52 5,16,45 5,16,45 5,16,45 5,16,45 5,16,45 5,16,45 5,16,45 5,16,45 5,16,45 5,16,45 5,16,45 5,16,45 5,16,45 5,16,45 8,19,48 5,16,45 5,16,45 5,16,45 5,16,45 5,16,45 5,16,45 5,16,45 5,16,45 5,16,45 5,16,45 5,16,45 4,15,44 5,16,45 5,16,45 5,16,45
7,15,35 9,15,43 5,17,41 5,16,45 5,16,45 5,16,45 5,16,45 5,16,45 5,16,45 4,15,44 5,16,45 7,18,47 5,16,45 5,16,45 5,16,45 5,16,45 5,16,45 5,16,45 5,16,45 5,16,45 5,16,45 5,16,45 4,15,44 5,16,45 5,16,45 5,16,45 5,16,45 5,16,45 5,16,45 61,72,101 5,16,45 5,16,45 5,16,45 5,16,45 5,16,45 5,16,45 5,16,45 5,16,45 5,16,45 5,16,45 5,16,45 5,16,45 5,16,45 5,16,45 5,16,45 5,16,45 5,16,45 6,17,46 5,16,45 5,16,45 5,16,45 5,16,45 5,16,45 5,16,45 5,16,45 6,17,46 5,16,45 5,16,45 5,16,45 5,16,45 5,16,45 5,16,45 5,16,45 5,16,45
5,16,47 8,16,46 11,12,42 5,16,45 6,17,46 5,16,45 5,16,45 5,16,45 5,16,45 5,16,45 5,16,45 5,16,45 5,16,45 5,16,45 5,16,45 5,16,45 5,16,45 5,16,45 15,26,55 5,16,45 5,16,45 5,16,45 5,16,45 5,16,45 5,16,45 30,33,40 56,56,26 66,72,22 72,78,49 18,27,40 5,16,45 5,16,45 5,16,45 5,16,45 5,16,45 5,16,45 5,16,45 5,16,45 5,16,45 5,16,45 5,16,45 5,16,45 24,35,64 5,16,45 5,16,45 5,16,45 26,37,66 5,16,45 5,16,45 7,15,45 5,16,45 5,16,45 5,16,45 5,16,45 5,16,45 5,16,45 5,16,45 5,16,45 5,16,45 5,16,45 5,16,45 5,16,45 5,16,45 5,16,45
5,16,45 5,16,43 5,16,45 5,16,45 5,16,45 5,16,45 5,16,45 5,16,45 5,16,45 5,16,45 5,16,45 5,16,45 5,16,45 5,16,45 5,16,45 7,15,45 2,18,45 19,25,46 4,18,39 5,16,43 5,16,45 5,16,45 5,16,45 32,22,12 25,23,3 40,37,13 56,51,19 66,63,19 76,81,20 89,92,28 99,99,38 10,18,50 5,16,45 5,16,45 5,16,45 5,16,45 5,16,45 5,16,45 5,16,45 5,16,45 5,16,45 5,16,45 13,24,53 5,16,45 5,16,45 5,16,45 5,16,45 5,16,45 5,16,45 5,16,45 5,16,45 5,16,45 5,16,45 5,16,45 5,16,45 5,16,45 5,16,45 5,16,45 5,16,45 7,18,47 5,16,45 5,16,45 5,16,45 5,16,45
5,16,45 5,16,45 5,16,45 5,16,45 5,16,45 5,16,45 5,16,45 5,16,45 5,16,45 5,16,45 5,16,45 5,16,45 5,16,45 5,16,45 5,16,45 4,17,45 49,37,7 44,37,21 58,57,32 3,19,44 5,16,45 5,16,45 63,41,3 33,24,5 23,23,7 32,30,12 51,44,13 68,67,13 85,80,25 95,93,33 99,99,38 97,104,49 7,18,45 4,17,43 5,16,45 5,16,45 14,21,46 8,16,46 5,16,45 5,16,45 7,18,47 5,16,45 5,16,45 5,16,45 5,16,45 5,16,45 5,16,45 5,16,45 5,16,45 5,16,45 5,16,45 4,15,44 5,16,45 5,16,45 5,16,45 5,16,45 5,16,45 5,16,45 5,16,45 5,16,45 5,16,45 5,16,45 5,16,45 5,16,45
5,16,45 5,16,45 5,16,45 5,16,45 5,16,45 5,16,45 5,16,45 5,16,45 5,16,45 5,16,45 5,16,45 5,16,45 5,16,45 5,16,45 5,16,45 7,15,43 48,36,10 34,32,10 89,92,57 7,18,47 5,16,47 17,21,52 39,23,6 43,26,2 28,26,8 30,31,12 42,38,17 51,48,24 56,52,31 68,67,40 54,52,23 78,74,39 66,65,29 22,23,26 6,17,46 5,16,45 64,67,43 96,89,62 5,16,45 5,16,45 5,16,45 5,16,45 5,16,45 5,16,45 5,16,45 5,16,45 5,16,45 5,16,45 5,16,45 6,17,46 5,16,45 5,16,45 3,14,43 5,16,45 5,16,45 12,23,52 5,16,45 5,16,45 5,16,45 5,16,45 5,16,45 5,16,45 6,17,46 5,16,45
10,18,34 6,17,30 4,15,42 5,16,45 5,16,45 5,16,45 5,16,45 5,16,45 5,16,45 5,16,45 5,16,45 5,16,45 5,16,45 5,16,45 5,16,45 7,15,43 43,32,15 54,43,24 64,52,24 31,31,31 4,17,45 53,36,10 33,22,7 33,26,8 33,31,9 40,37,13 54,54,13 53,55,13 58,62,22 56,58,30 37,33,14 45,44,8 67,70,21 82,83,46 7,15,45 20,21,26 62,58,37 64,59,27 5,17,41 5,16,45 5,16,45 5,16,45 5,16,45 5,16,45 5,16,45 5,16,45 5,16,45 5,16,45 5,16,45 5,16,45 5,16,45 5,16,45 5,16,45 5,16,45 5,16,45 5,16,45 5,16,45 5,16,45 22,33,62 5,16,45 5,16,45 5,16,45 5,16,45 5,16,45
13,19,20 10,16,19 11,16,22 10,13,31 5,15,33 5,16,47 5,16,45 5,16,45 5,16,45 5,16,45 5,16,45 5,16,45 5,16,45 5,16,45 5,16,45 5,16,45 6,17,46 7,15,45 19,22,40 35,36,17 29,26,13 27,24,9 30,25,11 37,34,10 35,34,9 43,41,21 70,70,38 37,38,19 33,34,11 64,63,27 68,68,27 37,34,10 64,65,28 69,71,25 57,57,23 41,38,23 31,30,19 37,37,21 5,16,47 5,16,45 5,16,45 5,16,45 5,16,45 5,16,45 5,16,45 5,16,45 5,16,45 5,16,45 5,16,45 5,16,45 5,16,45 5,16,45 5,16,45 5,16,45 5,16,45 5,16,45 5,16,45 5,16,45 5,16,45 5,16,45 5,16,45 5,16,45 6,17,46 5,16,45
13,18,24 10,15,21 12,17,23 11,16,22 12,17,23 12,21,23 9,15,34 5,16,45 5,16,45 5,16,45 5,16,45 5,16,45 5,16,45 5,16,47 5,16,45 5,16,45 5,16,45 5,16,45 5,16,45 6,17,46 45,31,4 32,23,6 26,27,4 30,28,8 35,33,31 45,42,46 99,107,123 40,40,40 19,18,7 71,70,32 94,97,37 34,30,22 61,54,64 117,130,156 90,99,28 8,15,50 5,16,47 5,16,45 5,16,45 5,16,45 5,16,45 5,16,45 5,16,45 5,16,45 5,16,45 5,16,45 5,16,45 5,16,45 5,16,45 5,16,45 5,16,45 5,16,45 5,16,45 4,15,44 5,16,45 5,16,45 5,16,45 5,16,45 5,16,45 5,16,45 5,16,45 5,16,45 5,16,45 5,16,45
12,17,25 18,23,29 11,17,20 15,21,24 10,18,23 10,16,33 3,14,41 5,16,45 10,18,25 12,16,29 7,15,45 6,17,46 9,17,37 10,17,42 19,29,49 10,21,48 5,16,45 5,16,45 5,16,43 13,21,49 61,32,1 29,26,2 25,28,4 30,29,4 39,33,10 43,37,14 69,58,23 17,15,13 16,12,6 68,64,27 88,83,40 95,103,41 44,35,27 81,77,67 107,101,55 7,17,51 5,16,43 5,16,45 5,16,45 5,16,45 5,16,45 5,16,45 5,16,45 5,16,45 5,16,45 4,15,44 5,16,45 5,16,45 5,16,45 5,16,45 5,16,45 5,16,45 5,16,45 5,16,45 5,16,45 6,17,46 5,16,45 5,16,45 7,18,47 5,16,45 5,16,45 5,16,45 5,16,45 5,16,45
14,19,27 13,19,22 13,18,24 12,17,23 11,16,22 12,17,27 10,16,35 8,16,34 11,16,26 9,15,32 12,18,37 10,17,29 10,18,25 14,25,36 13,29,38 12,19,44 5,16,43 5,16,45 5,16,47 31,19,21 60,33,1 30,26,9 38,31,11 55,46,19 71,64,23 56,51,19 36,32,11 30,31,10 42,36,11 57,50,23 94,86,50 103,108,88 126,131,97 87,94,46 102,104,49 99,109,58 7,15,47 5,16,45 5,16,45 5,16,45 5,16,45 5,16,45 5,16,45 5,16,45 5,16,45 7,18,47 5,16,45 5,16,45 5,16,45 11,22,51 5,16,45 5,16,45 5,16,45 5,16,45 5,16,45 5,16,45 5,16,45 5,16,45 5,16,45 5,16,45 5,16,45 5,16,45 5,16,45 5,16,45
10,15,21 17,22,28 15,21,24 12,18,21 10,15,25 9,17,22 10,18,23 10,17,29 10,16,33 11,19,26 11,21,25 10,19,21 11,21,25 14,19,25 12,20,27 12,20,25 13,21,30 7,17,25 13,15,12 90,46,0 56,31,1 40,34,11 47,38,9 49,40,9 44,42,13 47,42,14 31,27,6 39,32,12 40,34,9 53,44,17 79,67,39 88,82,36 82,81,43 51,49,20 125,133,138 125,129,46 6,17,44 7,15,45 5,16,45 5,16,45 5,16,45 5,16,45 5,16,45 5,16,45 5,16,45 5,16,45 5,16,45 5,16,45 5,16,45 5,16,45 10,21,50 5,16,45 5,16,45 6,17,46 5,16,45 17,28,57 5,16,45 5,16,45 5,16,45 5,16,45 4,15,44 5,16,45 5,16,45 5,16,45
11,14,32 10,16,19 14,19,29 14,23,36 11,16,24 10,18,36 16,19,30 11,16,26 12,17,27 11,16,26 12,20,29 16,16,26 11,19,28 20,24,28 11,22,23 13,18,26 30,23,23 18,17,20 46,25,14 88,52,0 46,32,5 42,37,9 47,40,9 47,42,10 54,49,19 44,42,13 31,27,8 33,31,9 32,30,8 42,36,13 47,36,1 87,85,38 111,108,64 52,48,13 97,94,50 126,125,46 18,23,31 8,16,44 4,17,47 5,16,45 6,14,44 7,16,41 7,15,45 5,16,45 5,16,45 5,16,45 5,16,45 5,16,45 5,16,45 5,16,45 5,16,45 5,16,45 5,16,45 5,16,45 5,16,45 5,16,45 5,16,45 5,16,45 5,16,45 5,16,45 5,16,45 5,16,45 5,16,45 5,16,45
12,17,16 13,15,29 5,17,50 14,18,33 12,16,29 11,17,20 11,16,26 18,23,29 12,18,19 10,18,23 54,41,18 79,44,29 13,12,15 15,16,19 27,20,20 28,21,24 33,26,24 26,20,25 28,25,12 83,47,0 48,34,7 43,38,8 50,41,10 51,47,10 50,45,13 44,38,13 38,32,9 42,36,13 57,54,30 107,104,53 99,96,52 85,82,40 122,127,82 123,123,60 61,60,22 121,116,36 24,24,24 24,22,23 9,17,33 10,16,35 11,18,30 10,18,34 12,24,46 7,20,46 5,16,47 5,16,45 2,18,43 5,16,45 5,16,45 5,16,45 5,16,45 5,16,45 5,16,47 5,16,45 5,16,45 4,17,45 4,17,45 5,16,45 5,16,45 5,16,45 5,16,45 5,16,45 5,16,45 5,16,45
18,23,29 13,18,24 6,14,21 9,17,26 19,23,38 12,17,23 13,19,22 13,14,17 10,15,21 15,19,23 13,15,15 31,18,13 11,13,10 16,15,18 15,15,12 19,16,20 20,18,16 26,25,28 29,27,9 20,20,6 39,34,4 44,39,9 54,46,10 53,49,14 44,38,15 37,34,8 43,38,10 44,38,13 49,49,19 109,108,56 111,108,64 96,98,54 127,137,102 119,134,70 66,68,11 110,114,31 28,30,30 37,39,39 97,117,141 15,28,45 11,18,30 30,35,59 13,23,43 17,28,41 17,20,40 13,16,34 8,12,25 9,16,30 5,16,43 5,16,43 5,16,45 5,16,45 10,17,31 12,22,40 26,41,57 16,24,42 14,23,46 4,17,45 5,16,45 5,16,45 5,16,45 5,16,45 5,16,45 5,16,45
18,28,32 22,32,36 24,32,39 19,31,39 19,24,34 12,17,25 21,26,32 9,16,41 12,17,23 15,18,27 79,55,31 41,39,47 23,16,19 18,16,17 18,16,17 17,15,16 23,21,22 19,17,15 24,26,11 21,21,7 40,35,5 44,39,9 51,47,10 54,46,12 40,34,9 43,38,8 44,39,9 46,41,13 47,45,23 58,59,40 74,76,59 73,73,59 69,68,59 110,117,60 101,103,46 113,117,34 30,34,36 46,52,55 27,38,51 66,107,130 19,29,49 9,11,27 12,19,33 15,19,32 14,24,32 11,16,22 9,16,28 12,20,27 10,16,33 10,20,38 7,17,37 9,17,37 14,16,30 9,16,28 8,18,34 12,20,36 9,18,29 16,25,38 7,18,45 5,16,45 5,16,45 5,16,45 5,16,45 5,16,45
31,49,73 21,53,79 29,48,69 25,44,65 24,39,57 22,40,57 31,51,65 9,18,20 53,31,23 72,50,30 46,45,48 41,47,50 41,40,43 18,16,17 24,22,20 21,19,17 21,19,20 18,16,17 29,30,22 23,25,8 43,38,8 47,42,10 52,48,13 47,42,12 45,40,8 44,37,8 43,36,16 24,19,5 18,13,15 42,37,39 31,31,31 40,40,40 18,8,12 37,31,8 108,107,42 119,126,40 31,32,35 41,42,47 39,39,47 77,107,129 74,118,140 46,72,89 12,17,25 11,16,24 8,20,28 12,17,25 13,18,28 10,17,15 12,20,27 10,18,25 15,22,36 11,15,28 11,16,22 10,14,27 15,20,30 13,18,28 12,17,27 20,25,33 9,26,46 12,25,44 15,28,43 5,16,45 5,16,45 5,16,45
26,46,70 28,49,68 27,46,65 29,46,66 27,42,60 32,51,72 31,49,66 53,43,33 73,54,42 48,49,52 36,45,47 40,51,52 42,46,50 17,15,16 25,23,21 18,16,14 21,19,17 21,19,17 17,15,16 24,24,10 45,40,10 49,44,12 52,47,15 44,39,9 45,38,7 30,28,8 11,14,6 10,10,7 8,9,12 8,9,12 10,9,12 11,10,13 39,38,43 21,11,10 93,93,34 126,133,47 32,34,34 30,30,38 49,50,53 52,72,88 72,104,130 71,119,142 11,19,28 32,23,15 65,66,27 23,26,4 15,19,32 11,16,22 9,17,24 10,18,25 15,19,32 15,20,30 13,18,24 11,16,22 13,18,26 23,31,38 11,16,26 12,17,25 14,24,30 13,24,37 27,41,62 5,16,45 9,15,34 11,14,32
29,47,64 30,51,72 23,38,56 23,42,61 29,47,64 28,46,61 40,45,53 78,57,34 45,45,45 39,42,51 40,43,50 36,39,46 36,44,49 14,15,18 23,21,22 20,18,16 20,18,16 21,19,17 20,18,19 26,24,20 44,39,9 50,46,9 49,44,12 40,35,7 37,29,7 24,25,6 47,41,32 57,51,46 53,53,50 60,60,55 66,67,57 51,50,43 79,72,72 100,91,83 119,128,43 122,134,59 34,27,37 25,29,33 31,31,41 31,40,53 67,100,123 72,109,129 77,116,140 39,33,10 53,38,16 117,109,75 15,20,28 16,16,24 11,16,22 17,22,28 11,12,31 17,21,36 17,22,30 18,22,35 12,16,29 21,25,38 18,23,31 17,22,30 13,21,26 9,17,22 12,18,37 12,17,27 11,15,30 11,15,28
28,41,58 32,55,78 32,51,70 29,48,69 27,42,58 27,37,55 95,56,26 69,50,36 33,39,40 32,40,45 35,40,46 36,41,47 38,43,49 23,23,20 25,19,24 25,23,21 23,21,19 20,18,16 19,17,18 19,17,15 40,35,5 49,45,8 47,43,8 42,37,7 42,38,3 40,38,7 43,38,8 43,36,16 58,49,43 71,64,67 96,84,98 108,104,128 126,121,137 103,104,85 115,126,45 91,98,52 18,20,20 49,49,59 38,37,40 17,29,37 65,95,117 67,97,117 73,109,134 39,32,14 48,36,10 61,54,25 53,47,24 103,100,60 36,42,31 24,29,35 9,16,41 8,15,29 19,24,34 14,16,32 11,16,22 8,16,23 20,25,35 10,17,31 12,17,23 10,13,31 11,16,26 10,15,23 11,16,26 10,15,21
17,29,35 19,31,37 22,32,40 16,24,33 23,35,43 43,35,41 83,53,27 43,37,44 31,36,42 29,34,40 32,37,43 34,39,45 36,41,47 38,39,44 21,18,22 25,20,22 23,21,19 20,18,16 23,21,19 17,15,13 21,20,11 45,44,6 53,49,12 46,41,11 44,39,7 44,39,7 47,43,8 50,46,9 49,51,9 51,53,9 48,52,12 48,53,10 70,82,19 94,98,31 110,117,40 30,31,36 37,42,41 47,56,58 34,34,42 19,27,32 59,85,104 61,94,113 61,92,109 29,21,10 31,27,10 41,38,14 40,37,13 82,75,36 97,103,64 106,109,76 16,20,22 8,16,23 17,28,59 15,18,38 18,20,36 9,10,13 13,20,34 9,17,33 8,13,23 14,19,27 11,16,24 15,20,28 11,16,24 11,16,22
17,23,26 15,21,24 19,25,26 15,20,26 21,25,29 96,60,31 63,47,32 29,33,37 29,34,40 27,32,38 32,35,42 35,40,46 36,41,47 45,50,56 21,19,20 23,21,22 20,18,19 23,21,22 20,18,16 16,14,15 24,24,21 34,31,16 53,50,6 53,49,14 47,42,10 44,39,7 44,39,7 47,43,8 51,48,8 53,48,5 51,48,8 49,49,4 88,93,32 114,121,44 63,72,85 25,25,22 43,44,47 18,22,26 24,23,26 33,36,43 43,61,78 58,86,107 50,71,92 26,22,12 25,22,7 50,45,13 68,62,26 84,80,20 37,34,10 85,85,44 23,21,0 12,21,23 13,7,12 5,18,35 7,20,48 10,11,14 9,14,38 10,17,42 11,19,37 12,19,31 12,18,21 11,16,22 13,18,24 13,18,26
12,18,19 10,16,17 17,23,26 12,11,16 71,46,18 92,51,24 40,35,37 23,31,36 23,31,36 28,32,36 31,37,40 36,41,49 44,47,56 41,46,52 21,18,22 21,19,20 23,21,22 18,16,17 21,19,20 19,17,15 21,19,20 25,23,24 34,29,26 51,48,6 53,49,12 51,47,10 45,41,6 50,45,13 58,54,17 63,60,20 65,65,20 90,98,36 118,123,58 46,50,35 61,75,87 36,38,38 25,24,27 35,36,39 23,24,29 30,33,40 39,54,70 53,66,83 15,16,19 20,20,15 27,28,7 45,38,18 38,35,11 78,66,29 111,119,66 107,112,76 29,26,0 16,17,22 16,19,26 8,18,12 15,18,25 11,17,20 15,20,28 9,17,35 11,14,34 18,23,33 11,16,26 12,17,23 8,13,19 17,22,28
32,36,51 11,16,26 13,17,21 42,27,18 98,57,28 63,43,25 28,34,37 25,30,36 62,32,4 52,33,6 70,61,34 101,87,60 119,110,83 43,51,56 20,19,24 18,16,17 23,21,22 19,17,18 25,23,24 20,18,19 16,14,15 19,14,16 23,21,19 33,32,37 35,35,19 47,42,10 50,46,9 53,49,12 57,54,10 57,54,10 56,57,18 53,56,21 69,75,62 34,38,42 32,35,44 17,15,13 18,16,17 18,16,17 24,22,23 17,16,19 28,32,36 14,15,18 20,21,24 8,10,10 20,18,14 30,28,10 34,33,8 58,46,16 65,67,21 73,74,24 113,108,53 13,22,24 17,22,28 14,20,23 11,12,15 17,25,30 16,24,29 16,24,29 18,23,29 17,22,28 11,16,26 10,14,27 13,18,26 12,17,23
33,41,50 13,13,21 12,9,13 58,36,16 80,50,24 42,35,35 26,32,33 47,36,29 65,44,3 40,30,6 49,42,22 102,89,66 115,102,68 43,48,56 43,47,51 20,18,19 23,21,22 19,17,18 21,19,20 24,22,20 17,15,16 21,19,20 19,17,18 21,19,20 36,36,36 29,29,29 58,58,28 94,98,42 99,107,45 86,89,38 51,53,9 27,32,10 27,31,33 33,37,39 26,24,25 15,10,12 17,15,16 15,15,15 21,19,17 16,15,20 38,37,42 15,16,19 27,27,24 16,14,10 32,31,6 47,41,16 60,55,23 96,98,54 49,53,15 82,86,32 37,37,3 9,12,19 10,15,21 10,15,21 14,19,25 17,22,28 17,22,28 17,22,28 12,20,25 17,22,28 15,20,26 16,19,26 13,18,24 11,16,22
31,39,48 10,10,18 16,13,19 87,55,23 60,41,27 44,43,32 58,53,25 81,69,28 88,82,36 111,107,45 90,92,35 87,79,45 83,79,60 41,46,52 42,47,53 21,19,20 25,23,24 25,23,24 16,14,15 20,18,16 18,16,14 17,15,13 18,16,17 19,17,18 15,15,15 23,23,23 46,50,54 57,71,83 61,74,75 35,40,36 29,29,29 36,40,42 37,38,43 36,35,38 28,22,27 23,21,22 17,17,17 18,16,17 19,17,18 23,20,24 44,44,52 22,23,26 32,32,29 27,24,9 42,37,9 45,40,12 44,42,22 86,82,36 90,94,54 96,100,60 13,19,6 14,19,25 15,20,26 12,17,23 12,17,23 15,20,26 15,20,26 15,20,26 17,22,28 15,23,28 15,20,26 15,20,26 5,14,14 12,15,24
28,33,39 12,11,14 57,48,19 80,70,21 77,81,27 81,80,26 69,64,25 64,55,24 86,76,36 109,106,64 101,103,59 113,103,65 39,39,51 41,44,51 40,45,51 19,17,18 22,17,19 23,21,22 23,18,20 19,17,15 22,17,19 19,14,13 21,19,17 19,17,18 19,17,18 18,16,17 33,32,35 31,30,33 42,46,48 41,45,49 41,45,49 43,47,51 40,43,50 18,16,17 30,31,34 22,17,19 21,14,17 24,22,23 20,15,17 29,30,35 46,51,57 33,37,41 32,33,36 14,9,6 21,21,7 31,32,13 39,33,8 44,40,5 50,45,13 58,53,21 20,21,13 10,15,21 8,14,17 12,17,23 15,20,26 15,20,26 12,17,25 13,21,26 15,20,28 19,27,34 15,23,30 14,19,27 16,24,29 17,22,28
18,15,19 62,41,14 67,58,31 88,83,32 87,86,30 82,77,34 65,61,24 50,45,17 78,72,26 91,91,32 89,87,29 109,105,29 38,39,44 39,40,43 30,34,36 21,16,18 23,18,20 21,19,20 19,17,18 29,22,22 28,21,24 19,17,15 14,12,13 27,25,26 25,25,25 27,24,28 17,16,21 34,32,42 26,24,34 35,35,47 42,47,53 22,26,30 16,15,20 25,24,27 20,20,20 21,19,20 18,16,17 19,17,18 21,19,20 18,19,24 41,46,52 43,49,52 19,23,25 35,31,12 44,39,11 38,32,9 101,96,68 77,76,51 64,65,28 27,32,12 17,22,28 16,25,38 18,27,38 15,22,34 17,26,37 17,26,37 19,29,37 22,32,40 19,27,34 18,28,34 17,27,33 18,26,33 19,29,37 21,30,41
47,38,32 77,46,0 62,50,20 71,72,24 96,100,44 90,90,47 34,31,5 44,42,20 74,61,29 103,96,55 116,123,66 121,125,67 36,40,44 27,28,31 25,29,33 20,15,14 23,18,20 20,18,19 19,17,18 26,24,25 19,17,18 21,19,20 23,23,23 27,24,28 37,37,37 24,24,24 29,28,33 16,15,20 25,24,29 39,39,47 18,17,22 20,19,24 42,47,53 40,45,51 24,22,23 19,17,18 18,16,17 23,21,22 19,19,19 14,14,22 18,21,28 21,27,30 44,47,56 34,34,31 41,38,14 49,40,11 81,74,33 63,65,19 75,76,26 22,29,43 14,29,34 15,28,43 25,39,60 19,32,49 19,29,47 20,33,50 13,27,39 14,26,32 17,28,41 19,33,43 16,27,38 16,28,34 23,34,47 24,37,52
86,54,22 65,42,2 42,40,11 62,64,18 82,84,29 70,71,23 73,70,26 62,53,26 69,57,29 99,87,50 105,100,49 95,98,38 46,47,50 27,31,33 16,17,20 24,17,20 21,16,18 18,16,17 13,11,12 20,18,19 23,21,22 24,22,23 30,28,29 30,28,29 27,25,26 31,28,32 24,25,30 32,31,34 33,33,33 40,50,54 47,50,57 46,46,54 48,53,59 45,50,56 24,24,24 28,29,32 20,18,19 19,17,15 34,34,42 27,38,49 28,38,56 21,39,56 24,38,61 27,42,58 29,39,57 28,39,52 33,45,67 19,34,37 22,35,36 15,27,31 20,32,40 23,34,47 26,40,61 17,30,45 15,26,37 17,31,43 20,33,52 18,32,44 17,32,39 19,32,47 19,32,47 18,31,48 19,31,53 17,31,41
66,48,29 72,47,1 57,47,23 84,78,32 83,77,29 72,69,27 72,72,29 66,62,27 40,32,10 68,59,30 85,82,29 78,76,45 40,40,37 20,18,16 19,19,19 23,21,22 17,15,16 21,19,20 20,18,19 26,24,25 25,23,24 26,24,25 24,24,24 30,29,32 28,26,27 37,35,36 25,23,31 34,37,44 35,36,41 43,51,56 44,54,60 47,52,58 46,55,57 46,54,59 34,39,45 18,16,17 18,16,17 45,46,49 26,44,61 27,47,63 28,43,59 13,26,41 27,41,62 30,41,52 32,42,48 27,42,60 19,29,35 30,51,72 20,32,36 19,30,41 20,35,40 25,38,55 23,38,56 16,31,49 17,30,47 17,30,47 15,28,47 20,33,50 15,29,41 19,33,45 17,32,48 20,33,52 17,32,50 15,28,43
43,27,10 68,46,0 58,53,23 85,80,25 85,80,29 78,76,29 62,62,19 50,46,9 44,38,15 68,59,30 89,88,34 94,97,46 105,113,51 43,45,3 19,18,21 20,18,19 23,21,22 23,21,22 21,19,20 23,20,24 30,28,29 24,22,23 25,25,25 31,31,31 25,24,27 30,29,32 38,37,40 23,24,29 37,36,41 49,54,60 45,53,58 47,50,57 50,58,63 46,54,59 45,51,52 33,32,35 42,47,53 42,45,52 16,16,26 16,26,32 23,29,46 22,29,43 26,39,54 21,31,47 30,38,43 21,32,45 25,34,45 19,30,29 13,25,31 24,36,42 26,37,50 28,42,54 20,34,55 17,30,45 25,39,60 21,39,54 20,35,53 22,35,50 20,32,40 17,28,41 17,30,45 18,31,46 19,30,41 19,32,47