10,10,10 10,10,10 10,10,10 10,10,10 10,10,10 10,10,10 10,10,10 10,10,10 10,10,10 10,10,10 10,10,10 6,6,6 10,10,10 38,38,38 13,13,13 10,10,10 10,10,10 16,16,16 11,11,11 10,10,10 12,12,12 3,3,3 5,5,5 10,10,10 10,10,10 10,10,10 10,10,10 10,10,10 10,10,10 10,10,10 10,10,10 10,10,10
10,10,10 10,10,10 10,10,10 10,10,10 10,10,10 10,10,10 10,10,10 10,10,10 10,10,10 12,12,12 11,11,11 10,10,10 12,12,12 17,17,17 2,2,2 9,9,9 10,10,10 12,12,12 10,10,10 9,9,9 12,12,12 12,12,12 12,12,12 10,10,10 10,10,10 10,10,10 10,10,10 10,10,10 10,10,10 10,10,10 10,10,10 10,10,10
10,10,10 10,10,10 10,10,10 10,10,10 10,10,10 10,10,10 10,10,10 10,10,10 10,10,10 11,11,11 11,11,11 13,13,13 11,11,11 9,9,9 10,10,10 16,16,16 10,10,10 13,13,13 18,18,18 20,20,20 10,10,10 6,6,6 10,10,10 15,15,15 195,195,195 10,10,10 10,10,10 10,10,10 10,10,10 10,10,10 10,10,10 10,10,10
10,10,10 10,10,10 10,10,10 10,10,10 10,10,10 10,10,10 10,10,10 10,10,10 10,10,10 10,10,10 10,10,10 10,10,10 10,10,10 10,10,10 10,10,10 10,10,10 10,10,10 10,10,10 10,10,10 10,10,10 10,10,10 10,10,10 10,10,10 10,10,10 10,10,10 10,10,10 10,10,10 10,10,10 10,10,10 10,10,10 10,10,10 10,10,10
10,10,10 10,10,10 10,10,10 10,10,10 10,10,10 10,10,10 10,10,10 10,10,10 10,10,10 10,10,10 10,10,10 10,10,10 10,10,10 10,10,10 10,10,10 9,2,12 48,48,56 4,3,6 10,10,10 10,10,10 10,10,10 10,10,10 10,10,10 10,10,10 10,10,10 10,10,10 10,10,10 10,10,10 10,10,10 10,10,10 10,10,10 10,10,10
10,10,10 10,10,10 10,10,10 10,10,10 10,10,10 10,10,10 10,10,10 10,10,10 10,10,10 10,10,10 10,10,10 10,10,10 10,10,10 10,10,10 10,10,10 15,13,33 161,141,53 134,105,40 10,10,10 10,10,10 10,10,10 10,10,10 10,10,10 10,10,10 10,10,10 10,10,10 10,10,10 10,10,10 10,10,10 10,10,10 10,10,10 10,10,10
10,10,10 10,10,10 10,10,10 10,10,10 10,10,10 10,10,10 10,10,10 10,10,10 10,10,10 10,10,10 10,10,10 10,10,10 10,10,10 10,10,10 10,10,10 10,10,10 10,10,10 10,10,10 10,10,10 10,10,10 10,10,10 10,10,10 10,10,10 10,10,10 10,10,10 10,10,10 10,10,10 10,10,10 10,10,10 10,10,10 10,10,10 10,10,10
10,10,10 10,10,10 10,10,10 10,10,10 10,10,10 10,10,10 10,10,10 10,10,10 10,10,10 10,10,10 10,10,10 10,10,10 10,10,10 10,10,10 255,255,255 0,0,0 18,18,18 237,237,237 3,3,3 10,10,10 10,10,10 10,10,10 10,10,10 10,10,10 10,10,10 10,10,10 10,10,10 10,10,10 10,10,10 10,10,10 10,10,10 10,10,10
10,10,10 10,10,10 10,10,10 10,10,10 10,10,10 10,10,10 10,10,10 10,10,10 10,10,10 10,10,10 10,10,10 10,10,10 10,10,10 10,10,10 11,11,11 11,11,11 10,10,10 9,9,9 10,10,10 10,10,10 10,10,10 10,10,10 10,10,10 10,10,10 10,10,10 10,10,10 10,10,10 10,10,10 10,10,10 10,10,10 10,10,10 10,10,10
10,10,10 10,10,10 10,10,10 10,10,10 10,10,10 10,10,10 10,10,10 10,10,10 10,10,10 10,10,10 17,17,17 16,16,16 10,10,10 13,13,13 17,17,17 13,13,13 10,10,10 12,12,12 9,9,9 18,18,18 9,9,9 15,15,15 13,13,13 15,15,15 10,10,10 10,10,10 10,10,10 10,10,10 10,10,10 10,10,10 10,10,10 10,10,10
10,10,10 10,10,10 10,10,10 10,10,10 10,10,10 10,10,10 16,16,16 12,12,12 60,60,60 5,5,5 126,126,126 167,167,167 253,253,253 2,2,2 72,72,72 73,73,73 10,10,10 18,18,18 196,196,196 223,223,223 195,195,195 12,12,12 98,98,98 203,203,203 10,10,10 10,10,10 10,10,10 10,10,10 10,10,10 10,10,10 10,10,10 10,10,10
10,10,10 10,10,10 10,10,10 10,10,10 10,10,10 10,10,10 10,10,10 181,181,181 0,0,0 175,175,175 0,0,0 6,6,6 0,0,0 4,4,4 140,140,140 1,1,1 10,10,10 0,0,0 62,62,62 19,19,19 15,15,15 0,0,0 232,232,232 10,10,10 3,3,3 10,10,10 10,10,10 10,10,10 10,10,10 10,10,10 10,10,10 10,10,10
10,10,10 10,10,10 10,10,10 10,10,10 10,10,10 10,10,10 10,10,10 10,10,10 137,137,137 51,51,51 249,249,249 12,12,12 13,13,13 8,8,8 96,96,96 17,17,17 10,10,10 170,170,170 0,0,0 2,2,2 10,10,10 0,0,0 19,19,19 9,9,9 10,10,10 10,10,10 10,10,10 10,10,10 10,10,10 10,10,10 10,10,10 10,10,10
10,10,10 10,10,10 10,10,10 10,10,10 10,10,10 10,10,10 10,10,10 13,13,13 10,10,10 11,11,11 32,32,32 10,10,10 16,16,16 8,8,8 13,13,13 10,10,10 10,10,10 230,230,230 8,8,8 4,4,4 13,13,13 17,17,17 12,12,12 10,10,10 10,10,10 10,10,10 10,10,10 10,10,10 10,10,10 10,10,10 10,10,10 10,10,10
10,10,10 10,10,10 10,10,10 10,10,10 10,10,10 10,10,10 10,10,10 10,10,10 10,10,10 10,10,10 10,10,10 10,10,10 10,10,10 10,10,10 10,10,10 10,10,10 10,10,10 10,10,10 11,11,11 10,10,10 11,11,11 10,10,10 10,10,10 10,10,10 10,10,10 10,10,10 10,10,10 10,10,10 10,10,10 10,10,10 10,10,10 10,10,10
10,10,10 10,10,10 10,10,10 10,10,10 10,10,10 10,10,10 10,10,10 10,10,10 0,0,0 0,0,0 188,188,188 27,27,27 23,23,23 0,0,0 225,225,225 227,227,227 10,10,10 105,105,105 104,104,104 34,34,34 86,86,86 117,117,117 255,255,255 9,9,9 33,33,33 40,40,40 10,10,10 10,10,10 10,10,10 10,10,10 10,10,10 10,10,10
10,10,10 10,10,10 10,10,10 10,10,10 10,10,10 10,10,10 10,10,10 10,10,10 10,10,10 10,10,10 10,10,10 10,10,10 10,10,10 10,10,10 10,10,10 10,10,10 10,10,10 10,10,10 10,10,10 10,10,10 10,10,10 10,10,10 10,10,10 10,10,10 10,10,10 10,10,10 10,10,10 10,10,10 10,10,10 10,10,10 10,10,10 10,10,10
10,10,10 10,10,10 10,10,10 10,10,10 10,10,10 10,10,10 10,10,10 10,10,10 10,10,10 10,10,10 10,10,10 10,10,10 10,10,10 10,10,10 10,10,10 255,215,96 8,11,1 10,10,7 10,10,10 10,10,10 10,10,10 10,10,10 10,10,10 10,10,10 10,10,10 10,10,10 10,10,10 10,10,10 10,10,10 10,10,10 10,10,10 10,10,10

10,10,10 10,10,10 10,10,10 10,10,10 10,10,10 10,10,10 10,10,10 10,10,10 0,0,0 130,130,130 75,75,75 13,13,13 236,236,236 144,144,144 211,211,211 216,216,216 10,10,10 8,8,8 200,200,200 16,16,16 52,52,52 142,142,142 117,117,117 10,10,10 10,10,10 10,10,10 10,10,10 10,10,10 10,10,10 10,10,10 10,10,10 10,10,10
10,10,10 10,10,10 10,10,10 10,10,10 10,10,10 10,10,10 10,10,10 10,10,10 10,10,10 0,0,0 194,194,194 189,189,189 57,57,57 30,30,30 131,131,131 117,117,117 10,10,10 69,69,69 123,123,123 138,138,138 9,9,9 1,1,1 168,168,168 249,249,249 223,223,223 10,10,10 10,10,10 10,10,10 10,10,10 10,10,10 10,10,10 10,10,10
10,10,10 10,10,10 10,10,10 10,10,10 10,10,10 10,10,10 10,10,10 10,10,10 10,10,10 10,10,10 10,10,10 10,10,10 10,10,10 10,10,10 10,10,10 10,10,10 10,10,10 10,10,10 10,10,10 10,10,10 10,10,10 10,10,10 10,10,10 10,10,10 10,10,10 10,10,10 10,10,10 10,10,10 10,10,10 10,10,10 10,10,10 10,10,10
10,10,10 10,10,10 10,10,10 10,10,10 10,10,10 10,10,10 10,10,10 10,10,10 10,10,10 10,10,10 10,10,10 10,10,10 10,10,10 10,10,10 10,10,10 73,85,107 49,36,15 36,28,4 10,10,10 10,10,10 10,10,10 10,10,10 10,10,10 10,10,10 10,10,10 10,10,10 10,10,10 10,10,10 10,10,10 10,10,10 10,10,10 10,10,10
10,10,10 10,10,10 10,10,10 10,10,10 10,10,10 10,10,10 10,10,10 10,10,10 10,10,10 10,10,10 10,10,10 10,10,10 10,10,10 10,10,10 10,10,10 47,60,86 121,95,25 107,78,27 10,10,10 10,10,10 10,10,10 10,10,10 10,10,10 10,10,10 10,10,10 10,10,10 10,10,10 10,10,10 10,10,10 10,10,10 10,10,10 10,10,10
10,10,10 10,10,10 10,10,10 10,10,10 10,10,10 10,10,10 10,10,10 10,10,10 10,10,10 10,10,10 10,10,10 10,10,10 10,10,10 10,10,10 10,10,10 11,11,8 2,5,12 15,14,17 10,10,10 10,10,10 10,10,10 10,10,10 10,10,10 10,10,10 10,10,10 10,10,10 10,10,10 10,10,10 10,10,10 10,10,10 10,10,10 10,10,10
10,10,10 10,10,10 10,10,10 10,10,10 10,10,10 10,10,10 10,10,10 10,10,10 10,10,10 10,10,10 10,10,10 10,10,10 10,10,10 10,10,10 255,255,255 9,9,9 0,0,0 239,239,239 1,1,1 10,10,10 10,10,10 10,10,10 10,10,10 10,10,10 10,10,10 10,10,10 10,10,10 10,10,10 10,10,10 10,10,10 10,10,10 10,10,10
10,10,10 10,10,10 10,10,10 10,10,10 10,10,10 10,10,10 10,10,10 10,10,10 10,10,10 10,10,10 10,10,10 10,10,10 10,10,10 10,10,10 10,10,10 10,10,10 10,10,10 10,10,10 10,10,10 10,10,10 10,10,10 10,10,10 10,10,10 10,10,10 10,10,10 10,10,10 10,10,10 10,10,10 10,10,10 10,10,10 10,10,10 10,10,10
10,10,10 10,10,10 10,10,10 10,10,10 10,10,10 10,10,10 10,10,10 10,10,10 10,10,10 10,10,10 2,2,2 3,3,3 0,0,0 34,34,34 207,207,207 223,223,223 10,10,10 170,170,170 0,0,0 163,163,163 9,9,9 138,138,138 143,143,143 220,220,220 17,17,17 10,10,10 10,10,10 10,10,10 10,10,10 10,10,10 10,10,10 10,10,10
10,10,10 10,10,10 10,10,10 10,10,10 10,10,10 10,10,10 10,10,10 10,10,10 9,9,9 10,10,10 9,9,9 5,5,5 6,6,6 17,17,17 0,0,0 10,10,10 10,10,10 10,10,10 10,10,10 13,13,13 18,18,18 10,10,10 167,167,167 16,16,16 10,10,10 10,10,10 10,10,10 10,10,10 10,10,10 10,10,10 10,10,10 10,10,10
10,10,10 10,10,10 10,10,10 10,10,10 10,10,10 10,10,10 10,10,10 2,2,2 12,12,12 9,9,9 6,6,6 10,10,10 10,10,10 8,8,8 15,15,15 10,10,10 10,10,10 19,19,19 18,18,18 4,4,4 20,20,20 8,8,8 19,19,19 12,12,12 9,9,9 10,10,10 10,10,10 10,10,10 10,10,10 10,10,10 10,10,10 10,10,10
10,10,10 10,10,10 10,10,10 10,10,10 10,10,10 10,10,10 10,10,10 10,10,10 19,19,19 10,10,10 17,17,17 11,11,11 6,6,6 10,10,10 13,13,13 10,10,10 10,10,10 18,18,18 11,11,11 8,8,8 9,9,9 9,9,9 11,11,11 11,11,11 11,11,11 10,10,10 10,10,10 10,10,10 10,10,10 10,10,10 10,10,10 10,10,10
10,10,10 10,10,10 10,10,10 10,10,10 10,10,10 10,10,10 10,10,10 10,10,10 10,10,10 8,8,8 12,12,12 10,10,10 15,15,15 10,10,10 9,9,9 4,4,4 10,10,10 15,15,15 10,10,10 12,12,12 10,10,10 10,10,10 11,11,11 10,10,10 10,10,10 10,10,10 10,10,10 10,10,10 10,10,10 10,10,10 10,10,10 10,10,10
10,10,10 10,10,10 10,10,10 10,10,10 10,10,10 10,10,10 10,10,10 10,10,10 9,9,9 11,11,11 20,20,20 10,10,10 23,23,23 15,15,15 11,11,11 22,22,22 10,10,10 23,23,23 10,10,10 12,12,12 26,26,26 17,17,17 10,10,10 10,10,10 10,10,10 10,10,10 10,10,10 10,10,10 10,10,10 10,10,10 10,10,10 10,10,10
10,10,10 10,10,10 10,10,10 10,10,10 10,10,10 10,10,10 10,10,10 10,10,10 167,167,167 149,149,149 197,197,197 18,18,18 190,190,190 4,4,4 140,140,140 151,151,151 10,10,10 30,30,30 0,0,0 178,178,178 8,8,8 221,221,221 185,185,185 199,199,199 255,255,255 227,227,227 10,10,10 10,10,10 10,10,10 10,10,10 10,10,10 10,10,10
10,10,10 10,10,10 10,10,10 10,10,10 10,10,10 10,10,10 10,10,10 10,10,10 10,10,10 10,10,10 10,10,10 10,10,10 10,10,10 10,10,10 10,10,10 10,10,10 10,10,10 10,10,10 10,10,10 10,10,10 10,10,10 10,10,10 10,10,10 10,10,10 10,10,10 10,10,10 10,10,10 10,10,10 10,10,10 10,10,10 10,10,10 10,10,10
10,10,10 10,10,10 10,10,10 10,10,10 10,10,10 10,10,10 10,10,10 10,10,10 10,10,10 10,10,10 10,10,10 10,10,10 10,10,10 10,10,10 10,10,10 18,17,22 8,10,10 10,10,10 10,10,10 10,10,10 10,10,10 10,10,10 10,10,10 10,10,10 10,10,10 10,10,10 10,10,10 10,10,10 10,10,10 10,10,10 10,10,10 10,10,10
10,10,10 10,10,10 10,10,10 10,10,10 10,10,10 10,10,10 10,10,10 10,10,10 10,10,10 10,10,10 10,10,10 10,10,10 10,10,10 10,10,10 10,10,10 10,3,6 36,22,0 15,7,15 10,10,10 10,10,10 10,10,10 10,10,10 10,10,10 10,10,10 10,10,10 10,10,10 10,10,10 10,10,10 10,10,10 10,10,10 10,10,10 10,10,10

10,10,10 10,10,10 10,10,10 10,10,10 10,10,10 10,10,10 10,10,10 10,10,10 10,10,10 0,0,0 216,216,216 79,79,79 51,51,51 86,86,86 12,12,12 188,188,188 10,10,10 255,255,255 13,13,13 255,255,255 13,13,13 12,12,12 165,165,165 225,225,225 182,182,182 10,10,10 10,10,10 10,10,10 10,10,10 10,10,10 10,10,10 10,10,10
10,10,10 10,10,10 10,10,10 10,10,10 10,10,10 10,10,10 10,10,10 10,10,10 10,10,10 10,10,10 10,10,10 10,10,10 10,10,10 10,10,10 10,10,10 10,10,10 10,10,10 10,10,10 10,10,10 10,10,10 10,10,10 10,10,10 10,10,10 10,10,10 10,10,10 10,10,10 10,10,10 10,10,10 10,10,10 10,10,10 10,10,10 10,10,10
10,10,10 10,10,10 10,10,10 10,10,10 10,10,10 10,10,10 10,10,10 10,10,10 10,10,10 10,10,10 10,10,10 10,10,10 10,10,10 10,10,10 10,10,10 97,91,86 110,99,94 10,10,10 10,10,10 10,10,10 10,10,10 10,10,10 10,10,10 10,10,10 10,10,10 10,10,10 10,10,10 10,10,10 10,10,10 10,10,10 10,10,10 10,10,10
10,10,10 10,10,10 10,10,10 10,10,10 10,10,10 10,10,10 10,10,10 10,10,10 10,10,10 10,10,10 10,10,10 10,10,10 10,10,10 10,10,10 10,10,10 33,24,16 151,123,65 20,3,0 10,10,10 10,10,10 10,10,10 10,10,10 10,10,10 10,10,10 10,10,10 10,10,10 10,10,10 10,10,10 10,10,10 10,10,10 10,10,10 10,10,10
10,10,10 10,10,10 10,10,10 10,10,10 10,10,10 10,10,10 10,10,10 10,10,10 10,10,10 10,10,10 10,10,10 10,10,10 10,10,10 10,10,10 10,10,10 20,14,9 67,82,100 11,12,15 10,10,10 10,10,10 10,10,10 10,10,10 10,10,10 10,10,10 10,10,10 10,10,10 10,10,10 10,10,10 10,10,10 10,10,10 10,10,10 10,10,10
10,10,10 10,10,10 10,10,10 10,10,10 10,10,10 10,10,10 10,10,10 10,10,10 10,10,10 10,10,10 10,10,10 10,10,10 10,10,10 10,10,10 196,196,196 202,202,202 175,175,175 195,195,195 11,11,11 10,10,10 10,10,10 10,10,10 10,10,10 10,10,10 10,10,10 10,10,10 10,10,10 10,10,10 10,10,10 10,10,10 10,10,10 10,10,10
10,10,10 10,10,10 10,10,10 10,10,10 10,10,10 10,10,10 10,10,10 10,10,10 10,10,10 10,10,10 10,10,10 10,10,10 10,10,10 10,10,10 11,11,11 10,10,10 10,10,10 10,10,10 10,10,10 10,10,10 10,10,10 10,10,10 10,10,10 10,10,10 10,10,10 10,10,10 10,10,10 10,10,10 10,10,10 10,10,10 10,10,10 10,10,10
10,10,10 10,10,10 10,10,10 10,10,10 10,10,10 10,10,10 10,10,10 10,10,10 10,10,10 10,10,10 213,213,213 158,158,158 147,147,147 44,44,44 241,241,241 245,245,245 10,10,10 151,151,151 0,0,0 214,214,214 10,10,10 197,197,197 146,146,146 11,11,11 11,11,11 10,10,10 10,10,10 10,10,10 10,10,10 10,10,10 10,10,10 10,10,10
10,10,10 10,10,10 10,10,10 10,10,10 10,10,10 10,10,10 10,10,10 10,10,10 10,10,10 10,10,10 10,10,10 10,10,10 10,10,10 10,10,10 11,11,11 10,10,10 10,10,10 10,10,10 10,10,10 10,10,10 10,10,10 10,10,10 11,11,11 10,10,10 10,10,10 10,10,10 10,10,10 10,10,10 10,10,10 10,10,10 10,10,10 10,10,10
10,10,10 10,10,10 10,10,10 10,10,10 10,10,10 10,10,10 10,10,10 8,8,8 19,19,19 15,15,15 9,9,9 11,11,11 17,17,17 12,12,12 13,13,13 16,16,16 10,10,10 10,10,10 12,12,12 11,11,11 12,12,12 11,11,11 4,4,4 15,15,15 9,9,9 10,10,10 10,10,10 10,10,10 10,10,10 10,10,10 10,10,10 10,10,10
10,10,10 10,10,10 10,10,10 10,10,10 10,10,10 10,10,10 10,10,10 10,10,10 0,0,0 0,0,0 6,6,6 11,11,11 2,2,2 8,8,8 0,0,0 0,0,0 10,10,10 0,0,0 10,10,10 13,13,13 16,16,16 0,0,0 10,10,10 122,122,122 1,1,1 11,11,11 10,10,10 10,10,10 10,10,10 10,10,10 10,10,10 10,10,10
10,10,10 10,10,10 10,10,10 10,10,10 10,10,10 10,10,10 10,10,10 10,10,10 3,3,3 37,37,37 6,6,6 24,24,24 0,0,0 0,0,0 23,23,23 36,36,36 10,10,10 13,13,13 1,1,1 2,2,2 22,22,22 0,0,0 0,0,0 10,10,10 10,10,10 10,10,10 10,10,10 10,10,10 10,10,10 10,10,10 10,10,10 10,10,10
10,10,10 10,10,10 10,10,10 10,10,10 10,10,10 10,10,10 10,10,10 5,5,5 124,124,124 11,11,11 255,255,255 11,11,11 228,228,228 133,133,133 38,38,38 243,243,243 10,10,10 221,221,221 8,8,8 0,0,0 188,188,188 255,255,255 18,18,18 10,10,10 10,10,10 10,10,10 10,10,10 10,10,10 10,10,10 10,10,10 10,10,10 10,10,10
10,10,10 10,10,10 10,10,10 10,10,10 10,10,10 10,10,10 10,10,10 10,10,10 6,6,6 11,11,11 15,15,15 82,82,82 12,12,12 17,17,17 13,13,13 11,11,11 10,10,10 13,13,13 10,10,10 15,15,15 0,0,0 13,13,13 11,11,11 47,47,47 10,10,10 12,12,12 10,10,10 10,10,10 10,10,10 10,10,10 10,10,10 10,10,10
10,10,10 10,10,10 10,10,10 10,10,10 10,10,10 10,10,10 10,10,10 10,10,10 10,10,10 10,10,10 10,10,10 10,10,10 10,10,10 10,10,10 10,10,10 10,10,10 10,10,10 10,10,10 10,10,10 10,10,10 10,10,10 10,10,10 10,10,10 10,10,10 10,10,10 10,10,10 10,10,10 10,10,10 10,10,10 10,10,10 10,10,10 10,10,10
10,10,10 10,10,10 10,10,10 10,10,10 10,10,10 10,10,10 10,10,10 10,10,10 10,10,10 10,10,10 10,10,10 10,10,10 10,10,10 10,10,10 10,10,10 10,10,10 10,10,10 10,10,10 10,10,10 10,10,10 10,10,10 10,10,10 10,10,10 10,10,10 10,10,10 10,10,10 10,10,10 10,10,10 10,10,10 10,10,10 10,10,10 10,10,10
10,10,10 10,10,10 10,10,10 10,10,10 10,10,10 10,10,10 10,10,10 10,10,10 10,10,10 10,10,10 10,10,10 10,10,10 10,10,10 10,10,10 10,10,10 15,7,0 81,58,59 10,9,12 10,10,10 10,10,10 10,10,10 10,10,10 10,10,10 10,10,10 10,10,10 10,10,10 10,10,10 10,10,10 10,10,10 10,10,10 10,10,10 10,10,10
10,10,10 10,10,10 10,10,10 10,10,10 10,10,10 10,10,10 10,10,10 10,10,10 10,10,10 10,10,10 10,10,10 10,10,10 10,10,10 10,10,10 10,10,10 17,13,22 243,197,86 15,5,6 10,10,10 10,10,10 10,10,10 10,10,10 10,10,10 10,10,10 10,10,10 10,10,10 10,10,10 10,10,10 10,10,10 10,10,10 10,10,10 10,10,10

10,10,10 10,10,10 10,10,10 10,10,10 10,10,10 10,10,10 10,10,10 10,10,10 10,10,10 10,10,10 10,10,10 10,10,10 10,10,10 10,10,10 10,10,10 10,10,10 10,10,10 10,10,10 10,10,10 10,10,10 10,10,10 10,10,10 10,10,10 10,10,10 10,10,10 10,10,10 10,10,10 10,10,10 10,10,10 10,10,10 10,10,10 10,10,10
10,10,10 10,10,10 10,10,10 10,10,10 10,10,10 10,10,10 10,10,10 10,10,10 10,10,10 10,10,10 10,10,10 10,10,10 10,10,10 10,10,10 10,10,10 11,9,10 10,10,10 10,10,10 10,10,10 10,10,10 10,10,10 10,10,10 10,10,10 10,10,10 10,10,10 10,10,10 10,10,10 10,10,10 10,10,10 10,10,10 10,10,10 10,10,10
10,10,10 10,10,10 10,10,10 10,10,10 10,10,10 10,10,10 10,10,10 10,10,10 10,10,10 10,10,10 10,10,10 10,10,10 10,10,10 10,10,10 10,10,10 108,82,61 139,134,150 9,12,2 10,10,10 10,10,10 10,10,10 10,10,10 10,10,10 10,10,10 10,10,10 10,10,10 10,10,10 10,10,10 10,10,10 10,10,10 10,10,10 10,10,10
10,10,10 10,10,10 10,10,10 10,10,10 10,10,10 10,10,10 10,10,10 10,10,10 10,10,10 10,10,10 10,10,10 10,10,10 10,10,10 10,10,10 10,10,10 11,10,13 24,39,44 13,5,13 10,10,10 10,10,10 10,10,10 10,10,10 10,10,10 10,10,10 10,10,10 10,10,10 10,10,10 10,10,10 10,10,10 10,10,10 10,10,10 10,10,10
10,10,10 10,10,10 10,10,10 10,10,10 10,10,10 10,10,10 10,10,10 10,10,10 10,10,10 10,10,10 10,10,10 10,10,10 10,10,10 10,10,10 12,12,12 8,8,8 12,12,12 11,11,11 8,8,8 10,10,10 10,10,10 10,10,10 10,10,10 10,10,10 10,10,10 10,10,10 10,10,10 10,10,10 10,10,10 10,10,10 10,10,10 10,10,10
10,10,10 10,10,10 10,10,10 10,10,10 10,10,10 10,10,10 10,10,10 10,10,10 10,10,10 10,10,10 10,10,10 10,10,10 10,10,10 10,10,10 0,0,0 9,9,9 0,0,0 0,0,0 10,10,10 10,10,10 10,10,10 10,10,10 10,10,10 10,10,10 10,10,10 10,10,10 10,10,10 10,10,10 10,10,10 10,10,10 10,10,10 10,10,10
10,10,10 10,10,10 10,10,10 10,10,10 10,10,10 10,10,10 10,10,10 10,10,10 10,10,10 10,10,10 178,178,178 16,16,16 11,11,11 75,75,75 194,194,194 16,16,16 10,10,10 1,1,1 0,0,0 8,8,8 10,10,10 17,17,17 10,10,10 11,11,11 11,11,11 10,10,10 10,10,10 10,10,10 10,10,10 10,10,10 10,10,10 10,10,10
10,10,10 10,10,10 10,10,10 10,10,10 10,10,10 10,10,10 10,10,10 10,10,10 10,10,10 10,10,10 10,10,10 10,10,10 10,10,10 11,11,11 10,10,10 10,10,10 10,10,10 10,10,10 10,10,10 10,10,10 10,10,10 10,10,10 13,13,13 10,10,10 10,10,10 10,10,10 10,10,10 10,10,10 10,10,10 10,10,10 10,10,10 10,10,10
10,10,10 10,10,10 10,10,10 10,10,10 10,10,10 10,10,10 13,13,13 16,16,16 255,255,255 146,146,146 0,0,0 0,0,0 245,245,245 5,5,5 131,131,131 161,161,161 10,10,10 170,170,170 0,0,0 0,0,0 0,0,0 30,30,30 125,125,125 68,68,68 10,10,10 10,10,10 10,10,10 10,10,10 10,10,10 10,10,10 10,10,10 10,10,10
10,10,10 10,10,10 10,10,10 10,10,10 10,10,10 10,10,10 10,10,10 5,5,5 255,255,255 230,230,230 72,72,72 9,9,9 82,82,82 4,4,4 143,143,143 176,176,176 10,10,10 2,2,2 8,8,8 47,47,47 248,248,248 26,26,26 59,59,59 4,4,4 227,227,227 13,13,13 10,10,10 10,10,10 10,10,10 10,10,10 10,10,10 10,10,10
10,10,10 10,10,10 10,10,10 10,10,10 10,10,10 10,10,10 10,10,10 10,10,10 0,0,0 34,34,34 231,231,231 0,0,0 144,144,144 255,255,255 136,136,136 15,15,15 10,10,10 19,19,19 253,253,253 246,246,246 91,91,91 96,96,96 234,234,234 10,10,10 10,10,10 10,10,10 10,10,10 10,10,10 10,10,10 10,10,10 10,10,10 10,10,10
10,10,10 10,10,10 10,10,10 10,10,10 10,10,10 10,10,10 10,10,10 243,243,243 255,255,255 9,9,9 255,255,255 10,10,10 235,235,235 238,238,238 0,0,0 225,225,225 10,10,10 6,6,6 181,181,181 0,0,0 12,12,12 33,33,33 11,11,11 10,10,10 10,10,10 10,10,10 10,10,10 10,10,10 10,10,10 10,10,10 10,10,10 10,10,10
10,10,10 10,10,10 10,10,10 10,10,10 10,10,10 10,10,10 10,10,10 10,10,10 10,10,10 10,10,10 9,9,9 12,12,12 10,10,10 9,9,9 10,10,10 10,10,10 10,10,10 12,12,12 11,11,11 10,10,10 10,10,10 10,10,10 10,10,10 8,8,8 10,10,10 10,10,10 10,10,10 10,10,10 10,10,10 10,10,10 10,10,10 10,10,10
10,10,10 10,10,10 10,10,10 10,10,10 10,10,10 10,10,10 10,10,10 10,10,10 18,18,18 16,16,16 25,25,25 23,23,23 24,24,24 10,10,10 15,15,15 20,20,20 10,10,10 10,10,10 11,11,11 23,23,23 10,10,10 16,16,16 19,19,19 20,20,20 10,10,10 22,22,22 10,10,10 10,10,10 10,10,10 10,10,10 10,10,10 10,10,10
10,10,10 10,10,10 10,10,10 10,10,10 10,10,10 10,10,10 10,10,10 10,10,10 10,10,10 10,10,10 10,10,10 10,10,10 10,10,10 10,10,10 10,10,10 10,10,10 10,10,10 10,10,10 10,10,10 10,10,10 10,10,10 10,10,10 10,10,10 10,10,10 10,10,10 10,10,10 10,10,10 10,10,10 10,10,10 10,10,10 10,10,10 10,10,10
10,10,10 10,10,10 10,10,10 10,10,10 10,10,10 10,10,10 10,10,10 10,10,10 10,10,10 10,10,10 10,10,10 10,10,10 10,10,10 10,10,10 10,10,10 11,0,0 199,176,134 10,9,14 10,10,10 10,10,10 10,10,10 10,10,10 10,10,10 10,10,10 10,10,10 10,10,10 10,10,10 10,10,10 10,10,10 10,10,10 10,10,10 10,10,10
10,10,10 10,10,10 10,10,10 10,10,10 10,10,10 10,10,10 10,10,10 10,10,10 10,10,10 10,10,10 10,10,10 10,10,10 10,10,10 10,10,10 10,10,10 37,30,30 12,3,0 11,0,0 10,10,10 10,10,10 10,10,10 10,10,10 10,10,10 10,10,10 10,10,10 10,10,10 10,10,10 10,10,10 10,10,10 10,10,10 10,10,10 10,10,10
10,10,10 10,10,10 10,10,10 10,10,10 10,10,10 10,10,10 10,10,10 10,10,10 10,10,10 10,10,10 10,10,10 10,10,10 10,10,10 10,10,10 10,10,10 10,10,10 19,19,19 11,11,11 10,10,10 10,10,10 10,10,10 10,10,10 10,10,10 10,10,10 10,10,10 10,10,10 10,10,10 10,10,10 10,10,10 10,10,10 10,10,10 10,10,10

10,10,10 10,10,10 10,10,10 10,10,10 10,10,10 10,10,10 10,10,10 10,10,10 10,10,10 10,10,10 10,10,10 10,10,10 10,10,10 10,10,10 10,10,10 9,7,8 11,9,10 10,10,10 10,10,10 10,10,10 10,10,10 10,10,10 10,10,10 10,10,10 10,10,10 10,10,10 10,10,10 10,10,10 10,10,10 10,10,10 10,10,10 10,10,10
10,10,10 10,10,10 10,10,10 10,10,10 10,10,10 10,10,10 10,10,10 10,10,10 10,10,10 10,10,10 10,10,10 10,10,10 10,10,10 10,10,10 10,10,10 20,17,21 117,119,144 11,8,12 10,10,10 10,10,10 10,10,10 10,10,10 10,10,10 10,10,10 10,10,10 10,10,10 10,10,10 10,10,10 10,10,10 10,10,10 10,10,10 10,10,10
10,10,10 10,10,10 10,10,10 10,10,10 10,10,10 10,10,10 10,10,10 10,10,10 10,10,10 10,10,10 10,10,10 10,10,10 10,10,10 10,10,10 10,10,10 10,10,5 23,19,28 145,125,77 10,10,10 10,10,10 10,10,10 10,10,10 10,10,10 10,10,10 10,10,10 10,10,10 10,10,10 10,10,10 10,10,10 10,10,10 10,10,10 10,10,10
10,10,10 10,10,10 10,10,10 10,10,10 10,10,10 10,10,10 10,10,10 10,10,10 10,10,10 10,10,10 10,10,10 10,10,10 10,10,10 10,10,10 10,10,10 10,10,10 9,11,11 8,10,10 10,10,10 10,10,10 10,10,10 10,10,10 10,10,10 10,10,10 10,10,10 10,10,10 10,10,10 10,10,10 10,10,10 10,10,10 10,10,10 10,10,10
10,10,10 10,10,10 10,10,10 10,10,10 10,10,10 10,10,10 10,10,10 10,10,10 10,10,10 10,10,10 10,10,10 10,10,10 10,10,10 10,10,10 255,255,255 0,0,0 10,10,10 237,237,237 6,6,6 10,10,10 10,10,10 10,10,10 10,10,10 10,10,10 10,10,10 10,10,10 10,10,10 10,10,10 10,10,10 10,10,10 10,10,10 10,10,10
10,10,10 10,10,10 10,10,10 10,10,10 10,10,10 10,10,10 10,10,10 10,10,10 10,10,10 10,10,10 16,16,16 10,10,10 10,10,10 16,16,16 17,17,17 10,10,10 10,10,10 13,13,13 11,11,11 10,10,10 10,10,10 10,10,10 11,11,11 10,10,10 10,10,10 10,10,10 10,10,10 10,10,10 10,10,10 10,10,10 10,10,10 10,10,10
10,10,10 10,10,10 10,10,10 10,10,10 10,10,10 10,10,10 10,10,10 10,10,10 10,10,10 10,10,10 10,10,10 8,8,8 11,11,11 12,12,12 10,10,10 11,11,11 10,10,10 11,11,11 8,8,8 10,10,10 11,11,11 10,10,10 12,12,12 11,11,11 10,10,10 10,10,10 10,10,10 10,10,10 10,10,10 10,10,10 10,10,10 10,10,10
10,10,10 10,10,10 10,10,10 10,10,10 10,10,10 10,10,10 15,15,15 4,4,4 88,88,88 11,11,11 123,123,123 46,46,46 253,253,253 12,12,12 159,159,159 185,185,185 10,10,10 152,152,152 1,1,1 17,17,17 109,109,109 25,25,25 85,85,85 80,80,80 10,10,10 10,10,10 10,10,10 10,10,10 10,10,10 10,10,10 10,10,10 10,10,10
10,10,10 10,10,10 10,10,10 10,10,10 10,10,10 10,10,10 10,10,10 146,146,146 0,0,0 167,167,167 215,215,215 1,1,1 102,102,102 8,8,8 124,124,124 165,165,165 10,10,10 10,10,10 199,199,199 40,40,40 123,123,123 194,194,194 167,167,167 0,0,0 110,110,110 10,10,10 10,10,10 10,10,10 10,10,10 10,10,10 10,10,10 10,10,10
10,10,10 10,10,10 10,10,10 10,10,10 10,10,10 10,10,10 10,10,10 10,10,10 4,4,4 211,211,211 224,224,224 17,17,17 204,204,204 107,107,107 227,227,227 166,166,166 10,10,10 182,182,182 255,255,255 58,58,58 0,0,0 222,222,222 234,234,234 10,10,10 10,10,10 10,10,10 10,10,10 10,10,10 10,10,10 10,10,10 10,10,10 10,10,10
10,10,10 10,10,10 10,10,10 10,10,10 10,10,10 10,10,10 10,10,10 140,140,140 10,10,10 11,11,11 249,249,249 10,10,10 5,5,5 13,13,13 3,3,3 8,8,8 10,10,10 4,4,4 9,9,9 0,0,0 121,121,121 30,30,30 10,10,10 10,10,10 10,10,10 10,10,10 10,10,10 10,10,10 10,10,10 10,10,10 10,10,10 10,10,10
10,10,10 10,10,10 10,10,10 10,10,10 10,10,10 10,10,10 10,10,10 10,10,10 10,10,10 10,10,10 10,10,10 12,12,12 10,10,10 10,10,10 10,10,10 10,10,10 10,10,10 11,11,11 11,11,11 10,10,10 11,11,11 11,11,11 10,10,10 10,10,10 10,10,10 10,10,10 10,10,10 10,10,10 10,10,10 10,10,10 10,10,10 10,10,10
10,10,10 10,10,10 10,10,10 10,10,10 10,10,10 10,10,10 10,10,10 10,10,10 253,253,253 255,255,255 196,196,196 243,243,243 168,168,168 12,12,12 146,146,146 236,236,236 10,10,10 18,18,18 51,51,51 220,220,220 9,9,9 136,136,136 255,255,255 238,238,238 11,11,11 185,185,185 10,10,10 10,10,10 10,10,10 10,10,10 10,10,10 10,10,10
10,10,10 10,10,10 10,10,10 10,10,10 10,10,10 10,10,10 10,10,10 10,10,10 10,10,10 10,10,10 10,10,10 10,10,10 10,10,10 10,10,10 10,10,10 10,10,10 10,10,10 10,10,10 10,10,10 10,10,10 10,10,10 10,10,10 10,10,10 10,10,10 10,10,10 10,10,10 10,10,10 10,10,10 10,10,10 10,10,10 10,10,10 10,10,10
10,10,10 10,10,10 10,10,10 10,10,10 10,10,10 10,10,10 10,10,10 10,10,10 10,10,10 10,10,10 10,10,10 10,10,10 10,10,10 10,10,10 10,10,10 112,63,0 9,11,27 10,10,7 10,10,10 10,10,10 10,10,10 10,10,10 10,10,10 10,10,10 10,10,10 10,10,10 10,10,10 10,10,10 10,10,10 10,10,10 10,10,10 10,10,10
10,10,10 10,10,10 10,10,10 10,10,10 10,10,10 10,10,10 10,10,10 10,10,10 10,10,10 10,10,10 10,10,10 10,10,10 10,10,10 10,10,10 10,10,10 0,0,0 122,114,101 7,0,0 10,10,10 10,10,10 10,10,10 10,10,10 10,10,10 10,10,10 10,10,10 10,10,10 10,10,10 10,10,10 10,10,10 10,10,10 10,10,10 10,10,10
10,10,10 10,10,10 10,10,10 10,10,10 10,10,10 10,10,10 10,10,10 10,10,10 10,10,10 10,10,10 10,10,10 10,10,10 10,10,10 10,10,10 10,10,10 11,9,7 204,166,77 10,10,10 10,10,10 10,10,10 10,10,10 10,10,10 10,10,10 10,10,10 10,10,10 10,10,10 10,10,10 10,10,10 10,10,10 10,10,10 10,10,10 10,10,10
10,10,10 10,10,10 10,10,10 10,10,10 10,10,10 10,10,10 10,10,10 10,10,10 10,10,10 10,10,10 10,10,10 10,10,10 10,10,10 238,238,238 12,12,12 255,255,255 255,255,255 1,1,1 5,5,5 10,10,10 10,10,10 10,10,10 10,10,10 10,10,10 10,10,10 10,10,10 10,10,10 10,10,10 10,10,10 10,10,10 10,10,10 10,10,10

10,10,10 10,10,10 10,10,10 10,10,10 10,10,10 10,10,10 10,10,10 10,10,10 10,10,10 10,10,10 10,10,10 10,10,10 10,10,10 10,10,10 10,10,10 43,41,61 56,53,29 18,13,12 10,10,10 10,10,10 10,10,10 10,10,10 10,10,10 10,10,10 10,10,10 10,10,10 10,10,10 10,10,10 10,10,10 10,10,10 10,10,10 10,10,10
10,10,10 10,10,10 10,10,10 10,10,10 10,10,10 10,10,10 10,10,10 10,10,10 10,10,10 10,10,10 10,10,10 10,10,10 10,10,10 10,10,10 10,10,10 41,48,85 95,64,0 131,97,36 10,10,10 10,10,10 10,10,10 10,10,10 10,10,10 10,10,10 10,10,10 10,10,10 10,10,10 10,10,10 10,10,10 10,10,10 10,10,10 10,10,10
10,10,10 10,10,10 10,10,10 10,10,10 10,10,10 10,10,10 10,10,10 10,10,10 10,10,10 10,10,10 10,10,10 10,10,10 10,10,10 10,10,10 10,10,10 10,10,10 8,8,8 10,10,10 10,10,10 10,10,10 10,10,10 10,10,10 10,10,10 10,10,10 10,10,10 10,10,10 10,10,10 10,10,10 10,10,10 10,10,10 10,10,10 10,10,10
10,10,10 10,10,10 10,10,10 10,10,10 10,10,10 10,10,10 10,10,10 10,10,10 10,10,10 10,10,10 10,10,10 10,10,10 10,10,10 10,10,10 255,255,255 1,1,1 13,13,13 236,236,236 6,6,6 10,10,10 10,10,10 10,10,10 10,10,10 10,10,10 10,10,10 10,10,10 10,10,10 10,10,10 10,10,10 10,10,10 10,10,10 10,10,10
10,10,10 10,10,10 10,10,10 10,10,10 10,10,10 10,10,10 10,10,10 10,10,10 10,10,10 10,10,10 10,10,10 10,10,10 10,10,10 10,10,10 10,10,10 10,10,10 10,10,10 10,10,10 10,10,10 10,10,10 10,10,10 10,10,10 10,10,10 10,10,10 10,10,10 10,10,10 10,10,10 10,10,10 10,10,10 10,10,10 10,10,10 10,10,10
10,10,10 10,10,10 10,10,10 10,10,10 10,10,10 10,10,10 10,10,10 10,10,10 10,10,10 10,10,10 90,90,90 81,81,81 17,17,17 32,32,32 65,65,65 66,66,66 10,10,10 5,5,5 121,121,121 4,4,4 11,11,11 54,54,54 53,53,53 47,47,47 11,11,11 10,10,10 10,10,10 10,10,10 10,10,10 10,10,10 10,10,10 10,10,10
10,10,10 10,10,10 10,10,10 10,10,10 10,10,10 10,10,10 11,11,11 10,10,10 13,13,13 12,12,12 11,11,11 181,181,181 255,255,255 30,30,30 157,157,157 11,11,11 10,10,10 0,0,0 0,0,0 10,10,10 9,9,9 16,16,16 18,18,18 78,78,78 10,10,10 10,10,10 10,10,10 10,10,10 10,10,10 10,10,10 10,10,10 10,10,10
10,10,10 10,10,10 10,10,10 10,10,10 10,10,10 10,10,10 10,10,10 144,144,144 15,15,15 27,27,27 10,10,10 11,11,11 10,10,10 23,23,23 26,26,26 13,13,13 10,10,10 244,244,244 10,10,10 11,11,11 16,16,16 16,16,16 15,15,15 1,1,1 12,12,12 10,10,10 10,10,10 10,10,10 10,10,10 10,10,10 10,10,10 10,10,10
10,10,10 10,10,10 10,10,10 10,10,10 10,10,10 10,10,10 10,10,10 10,10,10 4,4,4 13,13,13 1,1,1 13,13,13 8,8,8 11,11,11 6,6,6 10,10,10 10,10,10 53,53,53 18,18,18 13,13,13 9,9,9 9,9,9 8,8,8 11,11,11 10,10,10 10,10,10 10,10,10 10,10,10 10,10,10 10,10,10 10,10,10 10,10,10
10,10,10 10,10,10 10,10,10 10,10,10 10,10,10 10,10,10 10,10,10 15,15,15 13,13,13 13,13,13 0,0,0 11,11,11 11,11,11 9,9,9 18,18,18 4,4,4 10,10,10 53,53,53 13,13,13 12,12,12 9,9,9 8,8,8 12,12,12 10,10,10 10,10,10 10,10,10 10,10,10 10,10,10 10,10,10 10,10,10 10,10,10 10,10,10
10,10,10 10,10,10 10,10,10 10,10,10 10,10,10 10,10,10 10,10,10 10,10,10 6,6,6 10,10,10 11,11,11 10,10,10 13,13,13 9,9,9 11,11,11 11,11,11 10,10,10 10,10,10 11,11,11 9,9,9 11,11,11 10,10,10 10,10,10 10,10,10 10,10,10 10,10,10 10,10,10 10,10,10 10,10,10 10,10,10 10,10,10 10,10,10
10,10,10 10,10,10 10,10,10 10,10,10 10,10,10 10,10,10 10,10,10 10,10,10 0,0,0 0,0,0 137,137,137 15,15,15 12,12,12 0,0,0 255,255,255 235,235,235 10,10,10 242,242,242 118,118,118 190,190,190 38,38,38 109,109,109 255,255,255 15,15,15 93,93,93 188,188,188 10,10,10 10,10,10 10,10,10 10,10,10 10,10,10 10,10,10
10,10,10 10,10,10 10,10,10 10,10,10 10,10,10 10,10,10 10,10,10 10,10,10 10,10,10 10,10,10 10,10,10 10,10,10 10,10,10 10,10,10 10,10,10 10,10,10 10,10,10 10,10,10 10,10,10 10,10,10 10,10,10 10,10,10 10,10,10 10,10,10 10,10,10 10,10,10 10,10,10 10,10,10 10,10,10 10,10,10 10,10,10 10,10,10
10,10,10 10,10,10 10,10,10 10,10,10 10,10,10 10,10,10 10,10,10 10,10,10 10,10,10 10,10,10 10,10,10 10,10,10 10,10,10 10,10,10 10,10,10 175,139,40 10,10,10 10,10,10 10,10,10 10,10,10 10,10,10 10,10,10 10,10,10 10,10,10 10,10,10 10,10,10 10,10,10 10,10,10 10,10,10 10,10,10 10,10,10 10,10,10
10,10,10 10,10,10 10,10,10 10,10,10 10,10,10 10,10,10 10,10,10 10,10,10 10,10,10 10,10,10 10,10,10 10,10,10 10,10,10 10,10,10 10,10,10 13,8,10 17,0,0 16,13,17 10,10,10 10,10,10 10,10,10 10,10,10 10,10,10 10,10,10 10,10,10 10,10,10 10,10,10 10,10,10 10,10,10 10,10,10 10,10,10 10,10,10
10,10,10 10,10,10 10,10,10 10,10,10 10,10,10 10,10,10 10,10,10 10,10,10 10,10,10 10,10,10 10,10,10 10,10,10 10,10,10 10,10,10 10,10,10 12,9,15 245,182,44 11,11,11 10,10,10 10,10,10 10,10,10 10,10,10 10,10,10 10,10,10 10,10,10 10,10,10 10,10,10 10,10,10 10,10,10 10,10,10 10,10,10 10,10,10
10,10,10 10,10,10 10,10,10 10,10,10 10,10,10 10,10,10 10,10,10 10,10,10 10,10,10 10,10,10 10,10,10 10,10,10 10,10,10 13,13,13 10,10,10 5,5,5 18,18,18 12,12,12 6,6,6 10,10,10 10,10,10 10,10,10 10,10,10 10,10,10 10,10,10 10,10,10 10,10,10 10,10,10 10,10,10 10,10,10 10,10,10 10,10,10
10,10,10 10,10,10 10,10,10 10,10,10 10,10,10 10,10,10 10,10,10 10,10,10 10,10,10 10,10,10 10,10,10 10,10,10 10,10,10 13,13,13 12,12,12 10,10,10 11,11,11 10,10,10 13,13,13 11,11,11 10,10,10 10,10,10 10,10,10 10,10,10 10,10,10 10,10,10 10,10,10 10,10,10 10,10,10 10,10,10 10,10,10 10,10,10

10,10,10 10,10,10 10,10,10 10,10,10 10,10,10 10,10,10 10,10,10 10,10,10 10,10,10 10,10,10 10,10,10 10,10,10 10,10,10 10,10,10 10,10,10 30,51,72 114,90,24 117,81,30 10,10,10 10,10,10 10,10,10 10,10,10 10,10,10 10,10,10 10,10,10 10,10,10 10,10,10 10,10,10 10,10,10 10,10,10 10,10,10 10,10,10
10,10,10 10,10,10 10,10,10 10,10,10 10,10,10 10,10,10 10,10,10 10,10,10 10,10,10 10,10,10 10,10,10 10,10,10 10,10,10 10,10,10 10,10,10 6,7,10 55,57,71 10,9,12 10,10,10 10,10,10 10,10,10 10,10,10 10,10,10 10,10,10 10,10,10 10,10,10 10,10,10 10,10,10 10,10,10 10,10,10 10,10,10 10,10,10
10,10,10 10,10,10 10,10,10 10,10,10 10,10,10 10,10,10 10,10,10 10,10,10 10,10,10 10,10,10 10,10,10 10,10,10 10,10,10 10,10,10 251,251,251 0,0,0 0,0,0 236,236,236 2,2,2 10,10,10 10,10,10 10,10,10 10,10,10 10,10,10 10,10,10 10,10,10 10,10,10 10,10,10 10,10,10 10,10,10 10,10,10 10,10,10
10,10,10 10,10,10 10,10,10 10,10,10 10,10,10 10,10,10 10,10,10 10,10,10 10,10,10 10,10,10 10,10,10 10,10,10 10,10,10 10,10,10 12,12,12 11,11,11 10,10,10 10,10,10 10,10,10 10,10,10 10,10,10 10,10,10 10,10,10 10,10,10 10,10,10 10,10,10 10,10,10 10,10,10 10,10,10 10,10,10 10,10,10 10,10,10
10,10,10 10,10,10 10,10,10 10,10,10 10,10,10 10,10,10 10,10,10 10,10,10 10,10,10 10,10,10 10,10,10 0,0,0 13,13,13 45,45,45 207,207,207 221,221,221 10,10,10 245,245,245 16,16,16 173,173,173 10,10,10 161,161,161 153,153,153 167,167,167 11,11,11 10,10,10 10,10,10 10,10,10 10,10,10 10,10,10 10,10,10 10,10,10
10,10,10 10,10,10 10,10,10 10,10,10 10,10,10 10,10,10 10,10,10 10,10,10 10,10,10 10,10,10 10,10,10 15,15,15 22,22,22 10,10,10 8,8,8 10,10,10 10,10,10 10,10,10 10,10,10 11,11,11 11,11,11 10,10,10 0,0,0 15,15,15 10,10,10 10,10,10 10,10,10 10,10,10 10,10,10 10,10,10 10,10,10 10,10,10
10,10,10 10,10,10 10,10,10 10,10,10 10,10,10 10,10,10 10,10,10 11,11,11 10,10,10 10,10,10 10,10,10 10,10,10 10,10,10 6,6,6 6,6,6 5,5,5 10,10,10 8,8,8 11,11,11 6,6,6 5,5,5 11,11,11 12,12,12 11,11,11 9,9,9 10,10,10 10,10,10 10,10,10 10,10,10 10,10,10 10,10,10 10,10,10
10,10,10 10,10,10 10,10,10 10,10,10 10,10,10 10,10,10 10,10,10 10,10,10 10,10,10 10,10,10 5,5,5 9,9,9 10,10,10 10,10,10 12,12,12 10,10,10 10,10,10 2,2,2 12,12,12 8,8,8 10,10,10 11,11,11 11,11,11 13,13,13 16,16,16 10,10,10 10,10,10 10,10,10 10,10,10 10,10,10 10,10,10 10,10,10
10,10,10 10,10,10 10,10,10 10,10,10 10,10,10 10,10,10 10,10,10 10,10,10 23,23,23 13,13,13 19,19,19 10,10,10 25,25,25 11,11,11 10,10,10 9,9,9 10,10,10 5,5,5 10,10,10 13,13,13 6,6,6 19,19,19 12,12,12 10,10,10 10,10,10 10,10,10 10,10,10 10,10,10 10,10,10 10,10,10 10,10,10 10,10,10
10,10,10 10,10,10 10,10,10 10,10,10 10,10,10 10,10,10 10,10,10 12,12,12 9,9,9 9,9,9 10,10,10 13,13,13 8,8,8 9,9,9 12,12,12 2,2,2 10,10,10 10,10,10 11,11,11 12,12,12 3,3,3 13,13,13 11,11,11 10,10,10 10,10,10 10,10,10 10,10,10 10,10,10 10,10,10 10,10,10 10,10,10 10,10,10
10,10,10 10,10,10 10,10,10 10,10,10 10,10,10 10,10,10 10,10,10 10,10,10 6,6,6 0,0,0 30,30,30 0,0,0 18,18,18 6,6,6 12,12,12 16,16,16 10,10,10 0,0,0 6,6,6 157,157,157 12,12,12 50,50,50 36,36,36 255,255,255 111,111,111 135,135,135 10,10,10 10,10,10 10,10,10 10,10,10 10,10,10 10,10,10
10,10,10 10,10,10 10,10,10 10,10,10 10,10,10 10,10,10 10,10,10 10,10,10 10,10,10 10,10,10 10,10,10 10,10,10 10,10,10 10,10,10 10,10,10 10,10,10 10,10,10 10,10,10 10,10,10 10,10,10 10,10,10 10,10,10 10,10,10 10,10,10 10,10,10 10,10,10 10,10,10 10,10,10 10,10,10 10,10,10 10,10,10 10,10,10
10,10,10 10,10,10 10,10,10 10,10,10 10,10,10 10,10,10 10,10,10 10,10,10 10,10,10 10,10,10 10,10,10 10,10,10 10,10,10 10,10,10 10,10,10 13,15,15 10,10,10 10,10,10 10,10,10 10,10,10 10,10,10 10,10,10 10,10,10 10,10,10 10,10,10 10,10,10 10,10,10 10,10,10 10,10,10 10,10,10 10,10,10 10,10,10
10,10,10 10,10,10 10,10,10 10,10,10 10,10,10 10,10,10 10,10,10 10,10,10 10,10,10 10,10,10 10,10,10 10,10,10 10,10,10 10,10,10 10,10,10 13,6,4 47,37,15 8,6,14 10,10,10 10,10,10 10,10,10 10,10,10 10,10,10 10,10,10 10,10,10 10,10,10 10,10,10 10,10,10 10,10,10 10,10,10 10,10,10 10,10,10
10,10,10 10,10,10 10,10,10 10,10,10 10,10,10 10,10,10 10,10,10 10,10,10 10,10,10 10,10,10 10,10,10 10,10,10 10,10,10 10,10,10 10,10,10 0,4,17 199,148,41 12,8,17 10,10,10 10,10,10 10,10,10 10,10,10 10,10,10 10,10,10 10,10,10 10,10,10 10,10,10 10,10,10 10,10,10 10,10,10 10,10,10 10,10,10
10,10,10 10,10,10 10,10,10 10,10,10 10,10,10 10,10,10 10,10,10 10,10,10 10,10,10 10,10,10 10,10,10 10,10,10 10,10,10 10,10,10 10,10,10 11,11,11 10,10,10 11,9,10 10,10,10 10,10,10 10,10,10 10,10,10 10,10,10 10,10,10 10,10,10 10,10,10 10,10,10 10,10,10 10,10,10 10,10,10 10,10,10 10,10,10
10,10,10 10,10,10 10,10,10 10,10,10 10,10,10 10,10,10 10,10,10 10,10,10 10,10,10 10,10,10 10,10,10 10,10,10 10,10,10 248,248,248 175,175,175 0,0,0 69,69,69 15,15,15 255,255,255 11,11,11 10,10,10 10,10,10 10,10,10 10,10,10 10,10,10 10,10,10 10,10,10 10,10,10 10,10,10 10,10,10 10,10,10 10,10,10
10,10,10 10,10,10 10,10,10 10,10,10 10,10,10 10,10,10 10,10,10 9,9,9 10,10,10 10,10,10 9,9,9 10,10,10 10,10,10 11,11,11 12,12,12 10,10,10 10,10,10 19,19,19 13,13,13 16,16,16 11,11,11 13,13,13 9,9,9 10,10,10 10,10,10 10,10,10 10,10,10 10,10,10 10,10,10 10,10,10 10,10,10 10,10,10

10,10,10 10,10,10 10,10,10 10,10,10 10,10,10 10,10,10 10,10,10 10,10,10 10,10,10 10,10,10 10,10,10 10,10,10 10,10,10 10,10,10 10,10,10 13,4,15 88,101,127 11,8,12 10,10,10 10,10,10 10,10,10 10,10,10 10,10,10 10,10,10 10,10,10 10,10,10 10,10,10 10,10,10 10,10,10 10,10,10 10,10,10 10,10,10
10,10,10 10,10,10 10,10,10 10,10,10 10,10,10 10,10,10 10,10,10 10,10,10 10,10,10 10,10,10 10,10,10 10,10,10 10,10,10 10,10,10 25,25,25 18,18,18 16,16,16 18,18,18 19,19,19 10,10,10 10,10,10 10,10,10 10,10,10 10,10,10 10,10,10 10,10,10 10,10,10 10,10,10 10,10,10 10,10,10 10,10,10 10,10,10
10,10,10 10,10,10 10,10,10 10,10,10 10,10,10 10,10,10 10,10,10 10,10,10 10,10,10 10,10,10 10,10,10 10,10,10 10,10,10 10,10,10 11,11,11 9,9,9 9,9,9 10,10,10 9,9,9 10,10,10 10,10,10 10,10,10 10,10,10 10,10,10 10,10,10 10,10,10 10,10,10 10,10,10 10,10,10 10,10,10 10,10,10 10,10,10
10,10,10 10,10,10 10,10,10 10,10,10 10,10,10 10,10,10 10,10,10 10,10,10 10,10,10 10,10,10 255,255,255 196,196,196 227,227,227 41,41,41 163,163,163 185,185,185 10,10,10 69,69,69 160,160,160 242,242,242 10,10,10 239,239,239 166,166,166 0,0,0 11,11,11 10,10,10 10,10,10 10,10,10 10,10,10 10,10,10 10,10,10 10,10,10
10,10,10 10,10,10 10,10,10 10,10,10 10,10,10 10,10,10 10,10,10 10,10,10 10,10,10 10,10,10 10,10,10 11,11,11 10,10,10 10,10,10 11,11,11 10,10,10 10,10,10 10,10,10 10,10,10 10,10,10 10,10,10 10,10,10 11,11,11 10,10,10 10,10,10 10,10,10 10,10,10 10,10,10 10,10,10 10,10,10 10,10,10 10,10,10
10,10,10 10,10,10 10,10,10 10,10,10 10,10,10 10,10,10 12,12,12 6,6,6 13,13,13 8,8,8 11,11,11 10,10,10 75,75,75 20,20,20 48,48,48 66,66,66 10,10,10 6,6,6 110,110,110 125,125,125 119,119,119 13,13,13 13,13,13 97,97,97 10,10,10 10,10,10 10,10,10 10,10,10 10,10,10 10,10,10 10,10,10 10,10,10
10,10,10 10,10,10 10,10,10 10,10,10 10,10,10 10,10,10 10,10,10 10,10,10 173,173,173 215,215,215 67,67,67 12,12,12 94,94,94 29,29,29 146,146,146 161,161,161 10,10,10 252,252,252 2,2,2 2,2,2 31,31,31 207,207,207 13,13,13 0,0,0 215,215,215 11,11,11 10,10,10 10,10,10 10,10,10 10,10,10 10,10,10 10,10,10
10,10,10 10,10,10 10,10,10 10,10,10 10,10,10 10,10,10 10,10,10 10,10,10 186,186,186 176,176,176 252,252,252 50,50,50 255,255,255 180,180,180 245,245,245 89,89,89 10,10,10 18,18,18 255,255,255 152,152,152 0,0,0 255,255,255 242,242,242 10,10,10 10,10,10 10,10,10 10,10,10 10,10,10 10,10,10 10,10,10 10,10,10 10,10,10
10,10,10 10,10,10 10,10,10 10,10,10 10,10,10 10,10,10 10,10,10 4,4,4 255,255,255 18,18,18 248,248,248 10,10,10 239,239,239 0,0,0 0,0,0 223,223,223 10,10,10 2,2,2 164,164,164 0,0,0 12,12,12 78,78,78 15,15,15 10,10,10 10,10,10 10,10,10 10,10,10 10,10,10 10,10,10 10,10,10 10,10,10 10,10,10
10,10,10 10,10,10 10,10,10 10,10,10 10,10,10 10,10,10 10,10,10 10,10,10 10,10,10 12,12,12 11,11,11 0,0,0 16,16,16 18,18,18 12,12,12 8,8,8 10,10,10 10,10,10 10,10,10 11,11,11 9,9,9 6,6,6 9,9,9 0,0,0 10,10,10 12,12,12 10,10,10 10,10,10 10,10,10 10,10,10 10,10,10 10,10,10
10,10,10 10,10,10 10,10,10 10,10,10 10,10,10 10,10,10 10,10,10 10,10,10 11,11,11 11,11,11 10,10,10 9,9,9 10,10,10 11,11,11 10,10,10 10,10,10 10,10,10 10,10,10 13,13,13 10,10,10 11,11,11 10,10,10 10,10,10 10,10,10 12,12,12 10,10,10 10,10,10 10,10,10 10,10,10 10,10,10 10,10,10 10,10,10
10,10,10 10,10,10 10,10,10 10,10,10 10,10,10 10,10,10 10,10,10 10,10,10 10,10,10 10,10,10 10,10,10 10,10,10 10,10,10 10,10,10 10,10,10 10,9,12 10,10,10 10,10,10 10,10,10 10,10,10 10,10,10 10,10,10 10,10,10 10,10,10 10,10,10 10,10,10 10,10,10 10,10,10 10,10,10 10,10,10 10,10,10 10,10,10
10,10,10 10,10,10 10,10,10 10,10,10 10,10,10 10,10,10 10,10,10 10,10,10 10,10,10 10,10,10 10,10,10 10,10,10 10,10,10 10,10,10 10,10,10 20,8,0 79,59,52 11,9,10 10,10,10 10,10,10 10,10,10 10,10,10 10,10,10 10,10,10 10,10,10 10,10,10 10,10,10 10,10,10 10,10,10 10,10,10 10,10,10 10,10,10
10,10,10 10,10,10 10,10,10 10,10,10 10,10,10 10,10,10 10,10,10 10,10,10 10,10,10 10,10,10 10,10,10 10,10,10 10,10,10 10,10,10 10,10,10 27,30,37 150,109,12 13,8,7 10,10,10 10,10,10 10,10,10 10,10,10 10,10,10 10,10,10 10,10,10 10,10,10 10,10,10 10,10,10 10,10,10 10,10,10 10,10,10 10,10,10
10,10,10 10,10,10 10,10,10 10,10,10 10,10,10 10,10,10 10,10,10 10,10,10 10,10,10 10,10,10 10,10,10 10,10,10 10,10,10 10,10,10 10,10,10 10,10,10 10,10,7 11,11,11 10,10,10 10,10,10 10,10,10 10,10,10 10,10,10 10,10,10 10,10,10 10,10,10 10,10,10 10,10,10 10,10,10 10,10,10 10,10,10 10,10,10
10,10,10 10,10,10 10,10,10 10,10,10 10,10,10 10,10,10 10,10,10 10,10,10 10,10,10 10,10,10 10,10,10 10,10,10 10,10,10 214,214,214 20,20,20 10,10,10 71,71,71 130,130,130 157,157,157 11,11,11 10,10,10 10,10,10 10,10,10 10,10,10 10,10,10 10,10,10 10,10,10 10,10,10 10,10,10 10,10,10 10,10,10 10,10,10
10,10,10 10,10,10 10,10,10 10,10,10 10,10,10 10,10,10 10,10,10 9,9,9 10,10,10 10,10,10 10,10,10 10,10,10 10,10,10 10,10,10 11,11,11 10,10,10 10,10,10 10,10,10 9,9,9 10,10,10 10,10,10 10,10,10 10,10,10 10,10,10 10,10,10 10,10,10 10,10,10 10,10,10 10,10,10 10,10,10 10,10,10 10,10,10
10,10,10 10,10,10 10,10,10 10,10,10 10,10,10 10,10,10 10,10,10 6,6,6 15,15,15 6,6,6 11,11,11 10,10,10 8,8,8 0,0,0 3,3,3 2,2,2 10,10,10 15,15,15 9,9,9 0,0,0 9,9,9 11,11,11 0,0,0 10,10,10 10,10,10 10,10,10 10,10,10 10,10,10 10,10,10 10,10,10 10,10,10 10,10,10

10,10,10 10,10,10 10,10,10 10,10,10 10,10,10 10,10,10 10,10,10 10,10,10 10,10,10 10,10,10 10,10,10 10,10,10 10,10,10 10,10,10 9,9,9 9,9,9 9,9,9 12,12,12 10,10,10 10,10,10 10,10,10 10,10,10 10,10,10 10,10,10 10,10,10 10,10,10 10,10,10 10,10,10 10,10,10 10,10,10 10,10,10 10,10,10
10,10,10 10,10,10 10,10,10 10,10,10 10,10,10 10,10,10 10,10,10 10,10,10 10,10,10 10,10,10 10,10,10 10,10,10 10,10,10 10,10,10 128,128,128 11,11,11 83,83,83 116,116,116 20,20,20 10,10,10 10,10,10 10,10,10 10,10,10 10,10,10 10,10,10 10,10,10 10,10,10 10,10,10 10,10,10 10,10,10 10,10,10 10,10,10
10,10,10 10,10,10 10,10,10 10,10,10 10,10,10 10,10,10 10,10,10 10,10,10 10,10,10 10,10,10 27,27,27 10,10,10 10,10,10 40,40,40 19,19,19 10,10,10 10,10,10 10,10,10 15,15,15 17,17,17 10,10,10 15,15,15 16,16,16 11,11,11 10,10,10 10,10,10 10,10,10 10,10,10 10,10,10 10,10,10 10,10,10 10,10,10
10,10,10 10,10,10 10,10,10 10,10,10 10,10,10 10,10,10 10,10,10 10,10,10 10,10,10 10,10,10 10,10,10 11,11,11 10,10,10 11,11,11 10,10,10 10,10,10 10,10,10 10,10,10 10,10,10 10,10,10 10,10,10 10,10,10 11,11,11 10,10,10 10,10,10 10,10,10 10,10,10 10,10,10 10,10,10 10,10,10 10,10,10 10,10,10
10,10,10 10,10,10 10,10,10 10,10,10 10,10,10 10,10,10 13,13,13 10,10,10 225,225,225 68,68,68 9,9,9 47,47,47 243,243,243 4,4,4 142,142,142 161,161,161 10,10,10 245,245,245 13,13,13 20,20,20 16,16,16 86,86,86 195,195,195 71,71,71 10,10,10 10,10,10 10,10,10 10,10,10 10,10,10 10,10,10 10,10,10 10,10,10
10,10,10 10,10,10 10,10,10 10,10,10 10,10,10 10,10,10 10,10,10 8,8,8 178,178,178 234,234,234 215,215,215 6,6,6 85,85,85 5,5,5 143,143,143 165,165,165 10,10,10 16,16,16 16,16,16 138,138,138 255,255,255 136,136,136 255,255,255 0,0,0 216,216,216 11,11,11 10,10,10 10,10,10 10,10,10 10,10,10 10,10,10 10,10,10
10,10,10 10,10,10 10,10,10 10,10,10 10,10,10 10,10,10 10,10,10 10,10,10 12,12,12 39,39,39 232,232,232 15,15,15 215,215,215 255,255,255 133,133,133 91,91,91 10,10,10 80,80,80 252,252,252 176,176,176 116,116,116 196,196,196 211,211,211 10,10,10 10,10,10 10,10,10 10,10,10 10,10,10 10,10,10 10,10,10 10,10,10 10,10,10
10,10,10 10,10,10 10,10,10 10,10,10 10,10,10 10,10,10 10,10,10 222,222,222 78,78,78 8,8,8 248,248,248 11,11,11 230,230,230 44,44,44 0,0,0 200,200,200 10,10,10 1,1,1 29,29,29 0,0,0 112,112,112 255,255,255 12,12,12 10,10,10 10,10,10 10,10,10 10,10,10 10,10,10 10,10,10 10,10,10 10,10,10 10,10,10
10,10,10 10,10,10 10,10,10 10,10,10 10,10,10 10,10,10 10,10,10 10,10,10 10,10,10 10,10,10 10,10,10 11,11,11 10,10,10 10,10,10 10,10,10 10,10,10 10,10,10 9,9,9 11,11,11 10,10,10 10,10,10 10,10,10 10,10,10 10,10,10 10,10,10 10,10,10 10,10,10 10,10,10 10,10,10 10,10,10 10,10,10 10,10,10
10,10,10 10,10,10 10,10,10 10,10,10 10,10,10 10,10,10 10,10,10 10,10,10 13,13,13 12,12,12 10,10,10 10,10,10 10,10,10 11,11,11 10,10,10 12,12,12 10,10,10 11,11,11 9,9,9 8,8,8 9,9,9 5,5,5 2,2,2 9,9,9 11,11,11 9,9,9 10,10,10 10,10,10 10,10,10 10,10,10 10,10,10 10,10,10
10,10,10 10,10,10 10,10,10 10,10,10 10,10,10 10,10,10 10,10,10 10,10,10 10,10,10 10,10,10 10,10,10 10,10,10 10,10,10 10,10,10 10,10,10 10,10,10 10,10,10 10,10,10 10,10,10 10,10,10 10,10,10 10,10,10 10,10,10 10,10,10 10,10,10 10,10,10 10,10,10 10,10,10 10,10,10 10,10,10 10,10,10 10,10,10
10,10,10 10,10,10 10,10,10 10,10,10 10,10,10 10,10,10 10,10,10 10,10,10 10,10,10 10,10,10 10,10,10 10,10,10 10,10,10 10,10,10 10,10,10 28,4,0 125,99,45 11,8,12 10,10,10 10,10,10 10,10,10 10,10,10 10,10,10 10,10,10 10,10,10 10,10,10 10,10,10 10,10,10 10,10,10 10,10,10 10,10,10 10,10,10
10,10,10 10,10,10 10,10,10 10,10,10 10,10,10 10,10,10 10,10,10 10,10,10 10,10,10 10,10,10 10,10,10 10,10,10 10,10,10 10,10,10 10,10,10 30,26,20 13,7,0 7,0,0 10,10,10 10,10,10 10,10,10 10,10,10 10,10,10 10,10,10 10,10,10 10,10,10 10,10,10 10,10,10 10,10,10 10,10,10 10,10,10 10,10,10
10,10,10 10,10,10 10,10,10 10,10,10 10,10,10 10,10,10 10,10,10 10,10,10 10,10,10 10,10,10 10,10,10 10,10,10 10,10,10 10,10,10 10,10,10 10,10,10 6,6,3 11,11,11 10,10,10 10,10,10 10,10,10 10,10,10 10,10,10 10,10,10 10,10,10 10,10,10 10,10,10 10,10,10 10,10,10 10,10,10 10,10,10 10,10,10
10,10,10 10,10,10 10,10,10 10,10,10 10,10,10 10,10,10 10,10,10 10,10,10 10,10,10 10,10,10 10,10,10 10,10,10 10,10,10 217,217,217 18,18,18 48,48,48 231,231,231 107,107,107 50,50,50 11,11,11 10,10,10 10,10,10 10,10,10 10,10,10 10,10,10 10,10,10 10,10,10 10,10,10 10,10,10 10,10,10 10,10,10 10,10,10
10,10,10 10,10,10 10,10,10 10,10,10 10,10,10 10,10,10 10,10,10 10,10,10 10,10,10 10,10,10 10,10,10 10,10,10 10,10,10 10,10,10 10,10,10 10,10,10 10,10,10 10,10,10 10,10,10 10,10,10 10,10,10 10,10,10 10,10,10 10,10,10 10,10,10 10,10,10 10,10,10 10,10,10 10,10,10 10,10,10 10,10,10 10,10,10
10,10,10 10,10,10 10,10,10 10,10,10 10,10,10 10,10,10 10,10,10 234,234,234 255,255,255 227,227,227 67,67,67 10,10,10 234,234,234 0,0,0 95,95,95 224,224,224 10,10,10 181,181,181 9,9,9 0,0,0 16,16,16 129,129,129 74,74,74 10,10,10 10,10,10 10,10,10 10,10,10 10,10,10 10,10,10 10,10,10 10,10,10 10,10,10
10,10,10 10,10,10 10,10,10 10,10,10 10,10,10 10,10,10 10,10,10 10,10,10 10,10,10 10,10,10 10,10,10 10,10,10 11,11,11 11,11,11 10,10,10 9,9,9 9,9,9 11,11,11 12,12,12 10,10,10 12,12,12 11,11,11 11,11,11 10,10,10 10,10,10 10,10,10 10,10,10 10,10,10 10,10,10 10,10,10 10,10,10 10,10,10