10,10,10 10,10,10 10,10,10 10,10,10 10,10,10 10,10,10 10,10,10 10,10,10 10,10,10 10,10,10 10,10,10 10,10,10 10,10,10 10,10,10 10,10,10 10,10,10 10,10,10 222,222,222 8,8,8 11,11,11 16,16,16 19,19,19 10,10,10 10,10,10 10,10,10 10,10,10 10,10,10 10,10,10 10,10,10 10,10,10 10,10,10 10,10,10
10,10,10 10,10,10 10,10,10 10,10,10 10,10,10 10,10,10 10,10,10 10,10,10 10,10,10 10,10,10 10,10,10 10,10,10 10,10,10 10,10,10 10,10,10 10,10,10 10,10,10 69,69,69 5,5,5 18,18,18 11,11,11 9,9,9 4,4,4 10,10,10 10,10,10 10,10,10 10,10,10 10,10,10 10,10,10 10,10,10 10,10,10 10,10,10
10,10,10 10,10,10 10,10,10 10,10,10 10,10,10 10,10,10 10,10,10 10,10,10 10,10,10 10,10,10 10,10,10 10,10,10 10,10,10 10,10,10 10,10,10 10,10,10 10,10,10 11,11,11 11,11,11 12,12,12 4,4,4 10,10,10 13,13,13 10,10,10 10,10,10 10,10,10 10,10,10 10,10,10 10,10,10 10,10,10 10,10,10 10,10,10
10,10,10 10,10,10 10,10,10 10,10,10 10,10,10 10,10,10 10,10,10 10,10,10 9,9,9 10,10,10 11,11,11 10,10,10 15,15,15 10,10,10 10,10,10 10,10,10 10,10,10 16,16,16 11,11,11 13,13,13 8,8,8 11,11,11 11,11,11 9,9,9 16,16,16 10,10,10 10,10,10 10,10,10 10,10,10 10,10,10 10,10,10 10,10,10
10,10,10 10,10,10 10,10,10 10,10,10 10,10,10 10,10,10 10,10,10 10,10,10 11,11,11 9,9,9 10,10,10 9,9,9 10,10,10 11,11,11 9,9,9 0,0,0 10,10,10 12,12,12 10,10,10 9,9,9 10,10,10 10,10,10 6,6,6 9,9,9 10,10,10 11,11,11 10,10,10 10,10,10 10,10,10 10,10,10 10,10,10 10,10,10
10,10,10 10,10,10 10,10,10 10,10,10 10,10,10 10,10,10 10,10,10 10,10,10 10,10,10 10,10,10 10,10,10 10,10,10 10,10,10 10,10,10 10,10,10 10,10,10 10,10,10 10,10,10 10,10,10 10,10,10 10,10,10 10,10,10 10,10,10 10,10,10 10,10,10 10,10,10 10,10,10 10,10,10 10,10,10 10,10,10 10,10,10 10,10,10
10,10,10 10,10,10 10,10,10 10,10,10 10,10,10 10,10,10 10,10,10 10,10,10 10,10,10 10,10,10 10,10,10 10,10,10 10,10,10 10,10,10 10,10,10 0,3,0 50,35,0 15,0,0 10,10,10 10,10,10 10,10,10 10,10,10 10,10,10 10,10,10 10,10,10 10,10,10 10,10,10 10,10,10 10,10,10 10,10,10 10,10,10 10,10,10
10,10,10 10,10,10 10,10,10 10,10,10 10,10,10 10,10,10 10,10,10 10,10,10 10,10,10 10,10,10 10,10,10 10,10,10 10,10,10 10,10,10 10,10,10 76,65,50 197,139,17 17,0,0 10,10,10 10,10,10 10,10,10 10,10,10 10,10,10 10,10,10 10,10,10 10,10,10 10,10,10 10,10,10 10,10,10 10,10,10 10,10,10 10,10,10
10,10,10 10,10,10 10,10,10 10,10,10 10,10,10 10,10,10 10,10,10 10,10,10 10,10,10 10,10,10 10,10,10 10,10,10 10,10,10 10,10,10 10,10,10 5,9,13 10,10,18 13,11,9 10,10,10 10,10,10 10,10,10 10,10,10 10,10,10 10,10,10 10,10,10 10,10,10 10,10,10 10,10,10 10,10,10 10,10,10 10,10,10 10,10,10
10,10,10 10,10,10 10,10,10 10,10,10 10,10,10 10,10,10 10,10,10 10,10,10 10,10,10 10,10,10 0,0,0 12,12,12 119,119,119 151,151,151 4,3,6 11,9,7 255,255,255 0,0,0 72,72,72 10,10,10 0,0,0 8,8,8 27,27,27 10,10,10 10,10,10 10,10,10 10,10,10 10,10,10 10,10,10 10,10,10 10,10,10 10,10,10
10,10,10 10,10,10 10,10,10 10,10,10 10,10,10 10,10,10 10,10,10 10,10,10 10,10,10 10,10,10 11,11,11 10,10,10 11,11,11 10,10,10 11,11,11 10,10,10 11,11,11 10,10,10 11,11,11 10,10,10 10,10,10 10,10,10 10,10,10 10,10,10 10,10,10 10,10,10 10,10,10 10,10,10 10,10,10 10,10,10 10,10,10 10,10,10
10,10,10 10,10,10 10,10,10 10,10,10 10,10,10 10,10,10 10,10,10 10,10,10 12,12,12 12,12,12 157,157,157 218,218,218 224,224,224 0,0,0 117,117,117 144,144,144 11,11,11 1,1,1 230,230,230 255,255,255 10,10,10 234,234,234 255,255,255 167,167,167 10,10,10 10,10,10 10,10,10 10,10,10 10,10,10 10,10,10 10,10,10 10,10,10
10,10,10 10,10,10 10,10,10 10,10,10 10,10,10 10,10,10 10,10,10 10,10,10 0,0,0 253,253,253 29,29,29 17,17,17 232,232,232 114,114,114 111,111,111 17,17,17 11,11,11 179,179,179 103,103,103 0,0,0 255,255,255 255,255,255 0,0,0 10,10,10 10,10,10 10,10,10 10,10,10 10,10,10 10,10,10 10,10,10 10,10,10 10,10,10
10,10,10 10,10,10 10,10,10 10,10,10 10,10,10 10,10,10 10,10,10 10,10,10 10,10,10 10,10,10 10,10,10 10,10,10 10,10,10 10,10,10 10,10,10 10,10,10 11,11,11 0,0,0 241,241,241 150,150,150 0,0,0 255,255,255 0,0,0 10,10,10 10,10,10 10,10,10 10,10,10 10,10,10 10,10,10 10,10,10 10,10,10 10,10,10
10,10,10 10,10,10 10,10,10 10,10,10 10,10,10 10,10,10 10,10,10 72,72,72 96,96,96 255,255,255 195,195,195 0,0,0 144,144,144 0,0,0 0,0,0 125,125,125 11,11,11 133,133,133 52,52,52 5,5,5 255,255,255 200,200,200 234,234,234 10,10,10 10,10,10 10,10,10 10,10,10 10,10,10 10,10,10 10,10,10 10,10,10 10,10,10
10,10,10 10,10,10 10,10,10 10,10,10 9,9,9 5,5,5 0,0,0 255,255,255 232,232,232 4,4,4 152,152,152 15,15,15 0,0,0 0,0,0 225,225,225 255,255,255 11,11,11 73,73,73 0,0,0 19,19,19 38,38,38 194,194,194 40,40,40 10,10,10 10,10,10 10,10,10 10,10,10 10,10,10 10,10,10 10,10,10 10,10,10 10,10,10
10,10,10 10,10,10 10,10,10 10,10,10 10,10,10 10,10,10 10,10,10 10,10,10 13,13,13 72,72,72 69,69,69 108,108,108 31,31,31 175,175,175 82,82,82 26,26,26 11,11,11 8,8,8 152,152,152 188,188,188 236,236,236 1,1,1 104,104,104 10,10,10 10,10,10 10,10,10 10,10,10 10,10,10 10,10,10 10,10,10 10,10,10 10,10,10
10,10,10 10,10,10 10,10,10 10,10,10 10,10,10 100,100,100 202,202,202 250,250,250 43,43,43 207,207,207 122,122,122 135,135,135 15,15,15 208,208,208 202,202,202 68,68,68 11,11,11 182,182,182 60,60,60 43,43,43 12,12,12 4,4,4 227,227,227 24,24,24 16,16,16 10,10,10 10,10,10 10,10,10 10,10,10 10,10,10 10,10,10 10,10,10

10,10,10 10,10,10 10,10,10 10,10,10 10,10,10 10,10,10 10,10,10 10,10,10 10,10,10 10,10,10 10,10,10 10,10,10 10,10,10 10,10,10 10,10,10 10,10,10 10,10,10 13,13,13 9,9,9 15,15,15 9,9,9 9,9,9 10,10,10 10,10,10 10,10,10 10,10,10 10,10,10 10,10,10 10,10,10 10,10,10 10,10,10 10,10,10
10,10,10 10,10,10 10,10,10 10,10,10 10,10,10 10,10,10 10,10,10 10,10,10 10,10,10 10,10,10 10,10,10 10,10,10 10,10,10 10,10,10 10,10,10 10,10,10 10,10,10 11,11,11 12,12,12 8,8,8 9,9,9 9,9,9 1,1,1 10,10,10 10,10,10 10,10,10 10,10,10 10,10,10 10,10,10 10,10,10 10,10,10 10,10,10
10,10,10 10,10,10 10,10,10 10,10,10 10,10,10 10,10,10 10,10,10 10,10,10 10,10,10 10,10,10 10,10,10 10,10,10 10,10,10 10,10,10 10,10,10 10,10,10 10,10,10 10,10,10 20,20,20 3,3,3 13,13,13 16,16,16 10,10,10 10,10,10 10,10,10 10,10,10 10,10,10 10,10,10 10,10,10 10,10,10 10,10,10 10,10,10
10,10,10 10,10,10 10,10,10 10,10,10 10,10,10 10,10,10 10,10,10 10,10,10 6,6,6 76,76,76 17,17,17 0,0,0 25,25,25 8,8,8 89,89,89 51,51,51 10,10,10 0,0,0 9,9,9 67,67,67 11,11,11 11,11,11 12,12,12 0,0,0 37,37,37 15,15,15 10,10,10 10,10,10 10,10,10 10,10,10 10,10,10 10,10,10
10,10,10 10,10,10 10,10,10 10,10,10 10,10,10 10,10,10 10,10,10 10,10,10 10,10,10 10,10,10 10,10,10 10,10,10 10,10,10 10,10,10 10,10,10 10,10,10 10,10,10 10,10,10 10,10,10 10,10,10 10,10,10 10,10,10 10,10,10 10,10,10 10,10,10 10,10,10 10,10,10 10,10,10 10,10,10 10,10,10 10,10,10 10,10,10
10,10,10 10,10,10 10,10,10 10,10,10 10,10,10 10,10,10 10,10,10 10,10,10 10,10,10 10,10,10 10,10,10 10,10,10 10,10,10 10,10,10 10,10,10 11,10,13 11,11,11 9,11,8 10,10,10 10,10,10 10,10,10 10,10,10 10,10,10 10,10,10 10,10,10 10,10,10 10,10,10 10,10,10 10,10,10 10,10,10 10,10,10 10,10,10
10,10,10 10,10,10 10,10,10 10,10,10 10,10,10 10,10,10 10,10,10 10,10,10 10,10,10 10,10,10 10,10,10 10,10,10 10,10,10 10,10,10 10,10,10 124,106,85 222,157,6 18,0,0 10,10,10 10,10,10 10,10,10 10,10,10 10,10,10 10,10,10 10,10,10 10,10,10 10,10,10 10,10,10 10,10,10 10,10,10 10,10,10 10,10,10
10,10,10 10,10,10 10,10,10 10,10,10 10,10,10 10,10,10 10,10,10 10,10,10 10,10,10 10,10,10 10,10,10 10,10,10 10,10,10 10,10,10 10,10,10 88,90,85 255,228,26 0,0,0 10,10,10 10,10,10 10,10,10 10,10,10 10,10,10 10,10,10 10,10,10 10,10,10 10,10,10 10,10,10 10,10,10 10,10,10 10,10,10 10,10,10
10,10,10 10,10,10 10,10,10 10,10,10 10,10,10 10,10,10 10,10,10 10,10,10 10,10,10 10,10,10 196,196,196 11,11,11 180,180,180 152,152,152 114,114,114 12,10,6 175,175,175 9,7,8 10,10,10 227,227,227 5,5,5 40,40,40 15,15,15 16,16,16 10,10,10 10,10,10 10,10,10 10,10,10 10,10,10 10,10,10 10,10,10 10,10,10
10,10,10 10,10,10 10,10,10 10,10,10 10,10,10 10,10,10 10,10,10 10,10,10 10,10,10 11,11,11 10,10,10 10,10,10 11,11,11 10,10,10 11,11,11 11,11,11 10,10,10 11,11,11 10,10,10 10,10,10 12,12,12 11,11,11 10,10,10 10,10,10 10,10,10 10,10,10 10,10,10 10,10,10 10,10,10 10,10,10 10,10,10 10,10,10
10,10,10 10,10,10 10,10,10 10,10,10 10,10,10 10,10,10 10,10,10 10,10,10 9,9,9 174,174,174 183,183,183 3,3,3 202,202,202 0,0,0 85,85,85 255,255,255 11,11,11 255,255,255 217,217,217 250,250,250 6,6,6 216,216,216 255,255,255 126,126,126 10,10,10 10,10,10 10,10,10 10,10,10 10,10,10 10,10,10 10,10,10 10,10,10
10,10,10 10,10,10 10,10,10 10,10,10 10,10,10 10,10,10 10,10,10 10,10,10 195,195,195 244,244,244 0,0,0 44,44,44 137,137,137 130,130,130 147,147,147 104,104,104 11,11,11 0,0,0 130,130,130 208,208,208 255,255,255 37,37,37 3,3,3 10,10,10 10,10,10 10,10,10 10,10,10 10,10,10 10,10,10 10,10,10 10,10,10 10,10,10
10,10,10 10,10,10 10,10,10 10,10,10 10,10,10 10,10,10 10,10,10 10,10,10 10,10,10 10,10,10 10,10,10 10,10,10 10,10,10 10,10,10 10,10,10 10,10,10 11,11,11 6,6,6 255,255,255 27,27,27 17,17,17 255,255,255 76,76,76 10,10,10 10,10,10 10,10,10 10,10,10 10,10,10 10,10,10 10,10,10 10,10,10 10,10,10
10,10,10 10,10,10 10,10,10 10,10,10 10,10,10 10,10,10 10,10,10 59,59,59 0,0,0 252,252,252 0,0,0 94,94,94 0,0,0 108,108,108 101,101,101 26,26,26 11,11,11 1,1,1 2,2,2 5,5,5 82,82,82 203,203,203 34,34,34 10,10,10 10,10,10 10,10,10 10,10,10 10,10,10 10,10,10 10,10,10 10,10,10 10,10,10
10,10,10 10,10,10 10,10,10 10,10,10 9,9,9 5,5,5 0,0,0 0,0,0 224,224,224 0,0,0 27,27,27 11,11,11 0,0,0 0,0,0 16,16,16 0,0,0 11,11,11 0,0,0 17,17,17 19,19,19 18,18,18 72,72,72 15,15,15 10,10,10 10,10,10 10,10,10 10,10,10 10,10,10 10,10,10 10,10,10 10,10,10 10,10,10
10,10,10 10,10,10 10,10,10 10,10,10 10,10,10 10,10,10 10,10,10 10,10,10 8,8,8 4,4,4 1,1,1 29,29,29 190,190,190 214,214,214 50,50,50 8,8,8 11,11,11 0,0,0 18,18,18 9,9,9 12,12,12 0,0,0 9,9,9 10,10,10 10,10,10 10,10,10 10,10,10 10,10,10 10,10,10 10,10,10 10,10,10 10,10,10
10,10,10 10,10,10 10,10,10 10,10,10 10,10,10 15,15,15 48,48,48 65,65,65 5,5,5 17,17,17 16,16,16 16,16,16 10,10,10 30,30,30 221,221,221 18,18,18 11,11,11 167,167,167 8,8,8 8,8,8 12,12,12 25,25,25 237,237,237 18,18,18 10,10,10 10,10,10 10,10,10 10,10,10 10,10,10 10,10,10 10,10,10 10,10,10
10,10,10 10,10,10 10,10,10 10,10,10 10,10,10 10,10,10 10,10,10 10,10,10 10,10,10 10,10,10 10,10,10 10,10,10 10,10,10 11,11,11 12,12,12 10,10,10 11,11,11 10,10,10 10,10,10 10,10,10 10,10,10 10,10,10 10,10,10 10,10,10 10,10,10 10,10,10 10,10,10 10,10,10 10,10,10 10,10,10 10,10,10 10,10,10

10,10,10 10,10,10 10,10,10 10,10,10 10,10,10 10,10,10 10,10,10 10,10,10 10,10,10 10,10,10 10,10,10 10,10,10 10,10,10 10,10,10 10,10,10 10,10,10 10,10,10 16,16,16 255,255,255 97,97,97 8,8,8 255,255,255 12,12,12 10,10,10 10,10,10 10,10,10 10,10,10 10,10,10 10,10,10 10,10,10 10,10,10 10,10,10
10,10,10 10,10,10 10,10,10 10,10,10 10,10,10 10,10,10 10,10,10 10,10,10 10,10,10 10,10,10 10,10,10 10,10,10 10,10,10 10,10,10 10,10,10 10,10,10 10,10,10 53,53,53 18,18,18 66,66,66 2,2,2 16,16,16 10,10,10 10,10,10 10,10,10 10,10,10 10,10,10 10,10,10 10,10,10 10,10,10 10,10,10 10,10,10
10,10,10 10,10,10 10,10,10 10,10,10 10,10,10 10,10,10 10,10,10 10,10,10 13,13,13 12,12,12 18,18,18 83,83,83 100,100,100 178,178,178 19,19,19 255,255,255 10,10,10 119,119,119 17,17,17 144,144,144 36,36,36 0,0,0 0,0,0 255,255,255 195,195,195 0,0,0 10,10,10 10,10,10 10,10,10 10,10,10 10,10,10 10,10,10
10,10,10 10,10,10 10,10,10 10,10,10 10,10,10 10,10,10 10,10,10 10,10,10 10,10,10 10,10,10 10,10,10 10,10,10 10,10,10 10,10,10 10,10,10 10,10,10 10,10,10 10,10,10 10,10,10 10,10,10 10,10,10 10,10,10 10,10,10 10,10,10 10,10,10 10,10,10 10,10,10 10,10,10 10,10,10 10,10,10 10,10,10 10,10,10
10,10,10 10,10,10 10,10,10 10,10,10 10,10,10 10,10,10 10,10,10 10,10,10 10,10,10 10,10,10 10,10,10 10,10,10 10,10,10 10,10,10 10,10,10 10,9,12 10,10,10 11,9,7 10,10,10 10,10,10 10,10,10 10,10,10 10,10,10 10,10,10 10,10,10 10,10,10 10,10,10 10,10,10 10,10,10 10,10,10 10,10,10 10,10,10
10,10,10 10,10,10 10,10,10 10,10,10 10,10,10 10,10,10 10,10,10 10,10,10 10,10,10 10,10,10 10,10,10 10,10,10 10,10,10 10,10,10 10,10,10 13,20,34 65,59,36 5,1,0 10,10,10 10,10,10 10,10,10 10,10,10 10,10,10 10,10,10 10,10,10 10,10,10 10,10,10 10,10,10 10,10,10 10,10,10 10,10,10 10,10,10
10,10,10 10,10,10 10,10,10 10,10,10 10,10,10 10,10,10 10,10,10 10,10,10 10,10,10 10,10,10 10,10,10 10,10,10 10,10,10 10,10,10 10,10,10 148,152,156 205,153,34 128,108,49 10,10,10 10,10,10 10,10,10 10,10,10 10,10,10 10,10,10 10,10,10 10,10,10 10,10,10 10,10,10 10,10,10 10,10,10 10,10,10 10,10,10
10,10,10 10,10,10 10,10,10 10,10,10 10,10,10 10,10,10 10,10,10 10,10,10 10,10,10 11,11,11 12,12,12 10,10,10 13,13,13 15,15,15 10,10,10 11,11,8 16,16,16 13,13,13 11,11,11 12,12,12 12,12,12 12,12,12 11,11,11 11,11,11 10,10,10 10,10,10 10,10,10 10,10,10 10,10,10 10,10,10 10,10,10 10,10,10
10,10,10 10,10,10 10,10,10 10,10,10 10,10,10 10,10,10 10,10,10 10,10,10 10,10,10 9,9,9 1,1,1 11,11,11 0,0,0 23,23,23 0,0,0 12,12,9 8,8,5 15,15,15 11,11,11 15,15,15 3,3,3 3,3,3 6,6,6 10,10,10 10,10,10 10,10,10 10,10,10 10,10,10 10,10,10 10,10,10 10,10,10 10,10,10
10,10,10 10,10,10 10,10,10 10,10,10 10,10,10 10,10,10 10,10,10 10,10,10 10,10,10 118,118,118 3,3,3 0,0,0 215,215,215 0,0,0 0,0,0 3,3,3 11,11,11 0,0,0 204,204,204 20,20,20 10,10,10 0,0,0 0,0,0 34,34,34 10,10,10 10,10,10 10,10,10 10,10,10 10,10,10 10,10,10 10,10,10 10,10,10
10,10,10 10,10,10 10,10,10 10,10,10 10,10,10 10,10,10 10,10,10 10,10,10 5,5,5 18,18,18 10,10,10 101,101,101 15,15,15 13,13,13 55,55,55 5,5,5 11,11,11 8,8,8 16,16,16 19,19,19 0,0,0 11,11,11 6,6,6 11,11,11 10,10,10 10,10,10 10,10,10 10,10,10 10,10,10 10,10,10 10,10,10 10,10,10
10,10,10 10,10,10 10,10,10 10,10,10 10,10,10 10,10,10 10,10,10 10,10,10 10,10,10 10,10,10 10,10,10 10,10,10 10,10,10 10,10,10 10,10,10 10,10,10 11,11,11 223,223,223 16,16,16 9,9,9 255,255,255 20,20,20 12,12,12 10,10,10 10,10,10 10,10,10 10,10,10 10,10,10 10,10,10 10,10,10 10,10,10 10,10,10
10,10,10 10,10,10 10,10,10 10,10,10 10,10,10 10,10,10 10,10,10 0,0,0 16,16,16 6,6,6 8,8,8 10,10,10 6,6,6 9,9,9 10,10,10 10,10,10 11,11,11 5,5,5 8,8,8 9,9,9 3,3,3 117,117,117 11,11,11 10,10,10 10,10,10 10,10,10 10,10,10 10,10,10 10,10,10 10,10,10 10,10,10 10,10,10
10,10,10 10,10,10 10,10,10 10,10,10 10,10,10 8,8,8 9,9,9 12,12,12 10,10,10 15,15,15 12,12,12 11,11,11 10,10,10 9,9,9 13,13,13 10,10,10 11,11,11 0,0,0 9,9,9 11,11,11 10,10,10 9,9,9 9,9,9 10,10,10 10,10,10 10,10,10 10,10,10 10,10,10 10,10,10 10,10,10 10,10,10 10,10,10
10,10,10 10,10,10 10,10,10 10,10,10 10,10,10 10,10,10 10,10,10 10,10,10 11,11,11 10,10,10 12,12,12 8,8,8 16,16,16 13,13,13 16,16,16 11,11,11 11,11,11 17,17,17 9,9,9 10,10,10 10,10,10 13,13,13 10,10,10 10,10,10 10,10,10 10,10,10 10,10,10 10,10,10 10,10,10 10,10,10 10,10,10 10,10,10
10,10,10 10,10,10 10,10,10 10,10,10 9,9,9 10,10,10 10,10,10 9,9,9 11,11,11 10,10,10 9,9,9 12,12,12 6,6,6 9,9,9 12,12,12 0,0,0 11,11,11 13,13,13 12,12,12 13,13,13 8,8,8 10,10,10 13,13,13 10,10,10 10,10,10 10,10,10 10,10,10 10,10,10 10,10,10 10,10,10 10,10,10 10,10,10
10,10,10 10,10,10 10,10,10 10,10,10 10,10,10 8,8,8 8,8,8 9,9,9 10,10,10 10,10,10 10,10,10 47,47,47 11,11,11 10,10,10 11,11,11 45,45,45 11,11,11 10,10,10 10,10,10 0,0,0 10,10,10 10,10,10 10,10,10 10,10,10 10,10,10 10,10,10 10,10,10 10,10,10 10,10,10 10,10,10 10,10,10 10,10,10
10,10,10 10,10,10 10,10,10 10,10,10 10,10,10 10,10,10 10,10,10 10,10,10 10,10,10 10,10,10 10,10,10 10,10,10 10,10,10 10,10,10 6,6,6 48,48,48 66,66,66 50,50,50 0,0,0 11,11,11 10,10,10 10,10,10 10,10,10 10,10,10 10,10,10 10,10,10 10,10,10 10,10,10 10,10,10 10,10,10 10,10,10 10,10,10

10,10,10 10,10,10 10,10,10 10,10,10 10,10,10 10,10,10 10,10,10 10,10,10 10,10,10 10,10,10 10,10,10 10,10,10 10,10,10 10,10,10 10,10,10 10,10,10 10,10,10 33,33,33 47,47,47 9,9,9 5,5,5 17,17,17 10,10,10 10,10,10 10,10,10 10,10,10 10,10,10 10,10,10 10,10,10 10,10,10 10,10,10 10,10,10
10,10,10 10,10,10 10,10,10 10,10,10 10,10,10 10,10,10 10,10,10 10,10,10 117,117,117 211,211,211 0,0,0 0,0,0 166,166,166 175,175,175 217,217,217 2,2,2 10,10,10 6,6,6 128,128,128 136,136,136 243,243,243 187,187,187 196,196,196 0,0,0 222,222,222 12,12,12 10,10,10 10,10,10 10,10,10 10,10,10 10,10,10 10,10,10
10,10,10 10,10,10 10,10,10 10,10,10 10,10,10 10,10,10 10,10,10 10,10,10 10,10,10 10,10,10 10,10,10 10,10,10 10,10,10 10,10,10 10,10,10 10,10,10 10,10,10 10,10,10 10,10,10 10,10,10 10,10,10 10,10,10 10,10,10 10,10,10 10,10,10 10,10,10 10,10,10 10,10,10 10,10,10 10,10,10 10,10,10 10,10,10
10,10,10 10,10,10 10,10,10 10,10,10 10,10,10 10,10,10 10,10,10 10,10,10 10,10,10 10,10,10 10,10,10 10,10,10 10,10,10 10,10,10 10,10,10 10,10,10 10,10,10 10,10,10 10,10,10 10,10,10 10,10,10 10,10,10 10,10,10 10,10,10 10,10,10 10,10,10 10,10,10 10,10,10 10,10,10 10,10,10 10,10,10 10,10,10
10,10,10 10,10,10 10,10,10 10,10,10 10,10,10 10,10,10 10,10,10 10,10,10 10,10,10 10,10,10 10,10,10 10,10,10 10,10,10 10,10,10 10,10,10 1,9,18 53,41,31 15,8,0 10,10,10 10,10,10 10,10,10 10,10,10 10,10,10 10,10,10 10,10,10 10,10,10 10,10,10 10,10,10 10,10,10 10,10,10 10,10,10 10,10,10
10,10,10 10,10,10 10,10,10 10,10,10 10,10,10 10,10,10 10,10,10 10,10,10 10,10,10 10,10,10 10,10,10 10,10,10 10,10,10 10,10,10 10,10,10 125,133,119 194,153,65 189,164,89 10,10,10 10,10,10 10,10,10 10,10,10 10,10,10 10,10,10 10,10,10 10,10,10 10,10,10 10,10,10 10,10,10 10,10,10 10,10,10 10,10,10
10,10,10 10,10,10 10,10,10 10,10,10 10,10,10 10,10,10 10,10,10 10,10,10 10,10,10 10,10,10 10,10,10 10,10,10 10,10,10 10,10,10 10,10,10 10,10,7 10,9,12 10,10,10 10,10,10 10,10,10 10,10,10 10,10,10 10,10,10 10,10,10 10,10,10 10,10,10 10,10,10 10,10,10 10,10,10 10,10,10 10,10,10 10,10,10
10,10,10 10,10,10 10,10,10 10,10,10 10,10,10 10,10,10 10,10,10 10,10,10 10,10,10 10,10,10 0,0,0 11,11,11 0,0,0 138,138,138 69,68,71 17,15,13 122,124,124 7,5,6 122,122,122 0,0,0 83,83,83 4,4,4 11,11,11 10,10,10 10,10,10 10,10,10 10,10,10 10,10,10 10,10,10 10,10,10 10,10,10 10,10,10
10,10,10 10,10,10 10,10,10 10,10,10 10,10,10 10,10,10 10,10,10 10,10,10 11,11,11 3,3,3 12,12,12 10,10,10 17,17,17 12,12,12 9,9,9 11,11,11 11,11,11 10,10,10 11,11,11 12,12,12 9,9,9 9,9,9 10,10,10 9,9,9 10,10,10 10,10,10 10,10,10 10,10,10 10,10,10 10,10,10 10,10,10 10,10,10
10,10,10 10,10,10 10,10,10 10,10,10 10,10,10 10,10,10 10,10,10 10,10,10 8,8,8 10,10,10 6,6,6 15,15,15 15,15,15 10,10,10 11,11,11 9,9,9 11,11,11 12,12,12 9,9,9 6,6,6 9,9,9 10,10,10 8,8,8 0,0,0 10,10,10 10,10,10 10,10,10 10,10,10 10,10,10 10,10,10 10,10,10 10,10,10
10,10,10 10,10,10 10,10,10 10,10,10 10,10,10 10,10,10 10,10,10 10,10,10 10,10,10 6,6,6 10,10,10 11,11,11 11,11,11 10,10,10 9,9,9 11,11,11 11,11,11 17,17,17 12,12,12 11,11,11 17,17,17 15,15,15 11,11,11 10,10,10 10,10,10 10,10,10 10,10,10 10,10,10 10,10,10 10,10,10 10,10,10 10,10,10
10,10,10 10,10,10 10,10,10 10,10,10 10,10,10 10,10,10 10,10,10 10,10,10 10,10,10 9,9,9 10,10,10 10,10,10 10,10,10 10,10,10 10,10,10 10,10,10 11,11,11 17,17,17 15,15,15 11,11,11 4,4,4 17,17,17 9,9,9 10,10,10 10,10,10 10,10,10 10,10,10 10,10,10 10,10,10 10,10,10 10,10,10 10,10,10
10,10,10 10,10,10 10,10,10 10,10,10 10,10,10 10,10,10 10,10,10 12,12,12 9,9,9 16,16,16 15,15,15 5,5,5 16,16,16 17,17,17 12,12,12 15,15,15 11,11,11 18,18,18 8,8,8 13,13,13 11,11,11 12,12,12 10,10,10 10,10,10 10,10,10 10,10,10 10,10,10 10,10,10 10,10,10 10,10,10 10,10,10 10,10,10
10,10,10 10,10,10 10,10,10 10,10,10 10,10,10 8,8,8 0,0,0 0,0,0 0,0,0 11,11,11 9,9,9 11,11,11 0,0,0 10,10,10 13,13,13 0,0,0 11,11,11 9,9,9 9,9,9 9,9,9 2,2,2 0,0,0 8,8,8 10,10,10 10,10,10 10,10,10 10,10,10 10,10,10 10,10,10 10,10,10 10,10,10 10,10,10
10,10,10 10,10,10 10,10,10 10,10,10 10,10,10 10,10,10 10,10,10 10,10,10 10,10,10 8,8,8 29,29,29 20,20,20 10,10,10 27,27,27 43,43,43 0,0,0 11,11,11 2,2,2 17,17,17 9,9,9 0,0,0 16,16,16 29,29,29 10,10,10 10,10,10 10,10,10 10,10,10 10,10,10 10,10,10 10,10,10 10,10,10 10,10,10
10,10,10 10,10,10 10,10,10 10,10,10 10,10,10 136,136,136 44,44,44 95,95,95 46,46,46 29,29,29 80,80,80 0,0,0 10,10,10 3,3,3 43,43,43 6,6,6 11,11,11 12,12,12 64,64,64 43,43,43 8,8,8 26,26,26 52,52,52 8,8,8 10,10,10 10,10,10 10,10,10 10,10,10 10,10,10 10,10,10 10,10,10 10,10,10
10,10,10 10,10,10 10,10,10 10,10,10 10,10,10 10,10,10 10,10,10 10,10,10 10,10,10 10,10,10 10,10,10 10,10,10 10,10,10 11,11,11 8,8,8 8,8,8 8,8,8 0,0,0 9,9,9 11,11,11 10,10,10 10,10,10 10,10,10 10,10,10 10,10,10 10,10,10 10,10,10 10,10,10 10,10,10 10,10,10 10,10,10 10,10,10
10,10,10 10,10,10 10,10,10 10,10,10 10,10,10 19,19,19 10,10,10 10,10,10 12,12,12 10,10,10 10,10,10 10,10,10 11,11,11 10,10,10 11,11,11 11,11,11 10,10,10 0,0,0 15,15,15 10,10,10 10,10,10 17,17,17 11,11,11 10,10,10 10,10,10 10,10,10 10,10,10 10,10,10 10,10,10 10,10,10 10,10,10 10,10,10

10,10,10 10,10,10 10,10,10 10,10,10 10,10,10 10,10,10 10,10,10 10,10,10 62,62,62 19,19,19 0,0,0 9,9,9 126,126,126 19,19,19 13,13,13 8,8,8 10,10,10 3,3,3 6,6,6 16,16,16 18,18,18 1,1,1 15,15,15 149,149,149 207,207,207 8,8,8 10,10,10 10,10,10 10,10,10 10,10,10 10,10,10 10,10,10
10,10,10 10,10,10 10,10,10 10,10,10 10,10,10 10,10,10 10,10,10 10,10,10 10,10,10 10,10,10 10,10,10 10,10,10 10,10,10 10,10,10 10,10,10 11,11,11 10,10,10 11,11,11 10,10,10 10,10,10 10,10,10 10,10,10 10,10,10 10,10,10 10,10,10 10,10,10 10,10,10 10,10,10 10,10,10 10,10,10 10,10,10 10,10,10
10,10,10 10,10,10 10,10,10 10,10,10 10,10,10 10,10,10 10,10,10 10,10,10 10,10,10 10,10,10 10,10,10 10,10,10 10,10,10 10,10,10 10,10,10 10,10,10 10,10,10 10,10,10 10,10,10 10,10,10 10,10,10 10,10,10 10,10,10 10,10,10 10,10,10 10,10,10 10,10,10 10,10,10 10,10,10 10,10,10 10,10,10 10,10,10
10,10,10 10,10,10 10,10,10 10,10,10 10,10,10 10,10,10 10,10,10 10,10,10 10,10,10 10,10,10 10,10,10 10,10,10 10,10,10 10,10,10 10,10,10 8,13,21 44,20,0 17,0,0 10,10,10 10,10,10 10,10,10 10,10,10 10,10,10 10,10,10 10,10,10 10,10,10 10,10,10 10,10,10 10,10,10 10,10,10 10,10,10 10,10,10
10,10,10 10,10,10 10,10,10 10,10,10 10,10,10 10,10,10 10,10,10 10,10,10 10,10,10 10,10,10 10,10,10 10,10,10 10,10,10 10,10,10 10,10,10 101,107,98 255,213,51 21,1,0 10,10,10 10,10,10 10,10,10 10,10,10 10,10,10 10,10,10 10,10,10 10,10,10 10,10,10 10,10,10 10,10,10 10,10,10 10,10,10 10,10,10
10,10,10 10,10,10 10,10,10 10,10,10 10,10,10 10,10,10 10,10,10 10,10,10 10,10,10 10,10,10 10,10,10 10,10,10 10,10,10 10,10,10 10,10,10 8,10,10 7,9,9 9,11,8 10,10,10 10,10,10 10,10,10 10,10,10 10,10,10 10,10,10 10,10,10 10,10,10 10,10,10 10,10,10 10,10,10 10,10,10 10,10,10 10,10,10
10,10,10 10,10,10 10,10,10 10,10,10 10,10,10 10,10,10 10,10,10 10,10,10 10,10,10 10,10,10 0,0,0 13,13,13 176,176,176 153,153,153 8,7,10 11,9,7 225,225,225 0,0,0 208,208,208 4,4,4 20,20,20 3,3,3 224,224,224 10,10,10 10,10,10 10,10,10 10,10,10 10,10,10 10,10,10 10,10,10 10,10,10 10,10,10
10,10,10 10,10,10 10,10,10 10,10,10 10,10,10 10,10,10 10,10,10 10,10,10 10,10,10 10,10,10 10,10,10 10,10,10 10,10,10 10,10,10 10,10,10 10,10,10 10,10,10 11,11,11 11,11,11 10,10,10 11,11,11 10,10,10 10,10,10 10,10,10 10,10,10 10,10,10 10,10,10 10,10,10 10,10,10 10,10,10 10,10,10 10,10,10
10,10,10 10,10,10 10,10,10 10,10,10 10,10,10 10,10,10 10,10,10 10,10,10 11,11,11 11,11,11 151,151,151 82,82,82 74,74,74 11,11,11 124,124,124 107,107,107 11,11,11 11,11,11 82,82,82 95,95,95 6,6,6 83,83,83 71,71,71 65,65,65 10,10,10 10,10,10 10,10,10 10,10,10 10,10,10 10,10,10 10,10,10 10,10,10
10,10,10 10,10,10 10,10,10 10,10,10 10,10,10 10,10,10 10,10,10 10,10,10 16,16,16 24,24,24 8,8,8 11,11,11 3,3,3 8,8,8 48,48,48 13,13,13 11,11,11 1,1,1 11,11,11 10,10,10 54,54,54 20,20,20 18,18,18 10,10,10 10,10,10 10,10,10 10,10,10 10,10,10 10,10,10 10,10,10 10,10,10 10,10,10
10,10,10 10,10,10 10,10,10 10,10,10 10,10,10 10,10,10 10,10,10 10,10,10 10,10,10 10,10,10 10,10,10 10,10,10 10,10,10 10,10,10 10,10,10 10,10,10 11,11,11 193,193,193 188,188,188 11,11,11 0,0,0 200,200,200 223,223,223 10,10,10 10,10,10 10,10,10 10,10,10 10,10,10 10,10,10 10,10,10 10,10,10 10,10,10
10,10,10 10,10,10 10,10,10 10,10,10 10,10,10 10,10,10 10,10,10 112,112,112 0,0,0 255,255,255 221,221,221 0,0,0 96,96,96 144,144,144 0,0,0 164,164,164 11,11,11 0,0,0 0,0,0 8,8,8 114,114,114 229,229,229 161,161,161 10,10,10 10,10,10 10,10,10 10,10,10 10,10,10 10,10,10 10,10,10 10,10,10 10,10,10
10,10,10 10,10,10 10,10,10 10,10,10 9,9,9 4,4,4 0,0,0 255,255,255 231,231,231 0,0,0 140,140,140 13,13,13 0,0,0 6,6,6 189,189,189 12,12,12 11,11,11 9,9,9 1,1,1 16,16,16 145,145,145 197,197,197 143,143,143 10,10,10 10,10,10 10,10,10 10,10,10 10,10,10 10,10,10 10,10,10 10,10,10 10,10,10
10,10,10 10,10,10 10,10,10 10,10,10 10,10,10 10,10,10 10,10,10 10,10,10 12,12,12 1,1,1 0,0,0 73,73,73 0,0,0 185,185,185 34,34,34 193,193,193 11,11,11 0,0,0 189,189,189 19,19,19 207,207,207 24,24,24 116,116,116 10,10,10 10,10,10 10,10,10 10,10,10 10,10,10 10,10,10 10,10,10 10,10,10 10,10,10
10,10,10 10,10,10 10,10,10 10,10,10 11,11,11 100,100,100 30,30,30 222,222,222 175,175,175 95,95,95 8,8,8 190,190,190 135,135,135 163,163,163 157,157,157 154,154,154 11,11,11 8,8,8 71,71,71 255,255,255 8,8,8 0,0,0 230,230,230 255,255,255 17,17,17 10,10,10 10,10,10 10,10,10 10,10,10 10,10,10 10,10,10 10,10,10
10,10,10 10,10,10 10,10,10 10,10,10 10,10,10 10,10,10 10,10,10 10,10,10 10,10,10 10,10,10 10,10,10 10,10,10 10,10,10 11,11,11 11,11,11 9,9,9 12,12,12 0,0,0 11,11,11 11,11,11 10,10,10 10,10,10 10,10,10 10,10,10 10,10,10 10,10,10 10,10,10 10,10,10 10,10,10 10,10,10 10,10,10 10,10,10
10,10,10 10,10,10 10,10,10 10,10,10 10,10,10 10,10,10 10,10,10 10,10,10 10,10,10 10,10,10 10,10,10 10,10,10 10,10,10 10,10,10 12,12,12 12,12,12 11,11,11 10,10,10 12,12,12 11,11,11 10,10,10 10,10,10 10,10,10 10,10,10 10,10,10 10,10,10 10,10,10 10,10,10 10,10,10 10,10,10 10,10,10 10,10,10
10,10,10 10,10,10 10,10,10 10,10,10 10,10,10 45,45,45 19,19,19 0,0,0 30,30,30 85,85,85 4,4,4 13,13,13 65,65,65 0,0,0 57,57,57 0,0,0 10,10,10 6,6,6 30,30,30 10,10,10 10,10,10 6,6,6 27,27,27 10,10,10 10,10,10 10,10,10 10,10,10 10,10,10 10,10,10 10,10,10 10,10,10 10,10,10

10,10,10 10,10,10 10,10,10 10,10,10 10,10,10 10,10,10 10,10,10 10,10,10 10,10,10 10,10,10 10,10,10 10,10,10 10,10,10 10,10,10 10,10,10 26,26,26 10,10,10 16,16,16 10,10,10 10,10,10 10,10,10 10,10,10 10,10,10 10,10,10 10,10,10 10,10,10 10,10,10 10,10,10 10,10,10 10,10,10 10,10,10 10,10,10
10,10,10 10,10,10 10,10,10 10,10,10 10,10,10 10,10,10 10,10,10 10,10,10 10,10,10 10,10,10 10,10,10 10,10,10 10,10,10 10,10,10 10,10,10 10,10,10 10,10,10 10,10,10 10,10,10 10,10,10 10,10,10 10,10,10 10,10,10 10,10,10 10,10,10 10,10,10 10,10,10 10,10,10 10,10,10 10,10,10 10,10,10 10,10,10
10,10,10 10,10,10 10,10,10 10,10,10 10,10,10 10,10,10 10,10,10 10,10,10 10,10,10 10,10,10 10,10,10 10,10,10 10,10,10 10,10,10 10,10,10 12,3,14 12,4,0 14,1,0 10,10,10 10,10,10 10,10,10 10,10,10 10,10,10 10,10,10 10,10,10 10,10,10 10,10,10 10,10,10 10,10,10 10,10,10 10,10,10 10,10,10
10,10,10 10,10,10 10,10,10 10,10,10 10,10,10 10,10,10 10,10,10 10,10,10 10,10,10 10,10,10 10,10,10 10,10,10 10,10,10 10,10,10 10,10,10 82,73,46 230,178,36 12,0,0 10,10,10 10,10,10 10,10,10 10,10,10 10,10,10 10,10,10 10,10,10 10,10,10 10,10,10 10,10,10 10,10,10 10,10,10 10,10,10 10,10,10
10,10,10 10,10,10 10,10,10 10,10,10 10,10,10 10,10,10 10,10,10 10,10,10 10,10,10 10,10,10 10,10,10 10,10,10 10,10,10 10,10,10 10,10,10 6,12,13 6,3,0 9,10,0 10,10,10 10,10,10 10,10,10 10,10,10 10,10,10 10,10,10 10,10,10 10,10,10 10,10,10 10,10,10 10,10,10 10,10,10 10,10,10 10,10,10
10,10,10 10,10,10 10,10,10 10,10,10 10,10,10 10,10,10 10,10,10 10,10,10 10,10,10 10,10,10 0,0,0 15,15,15 0,0,0 145,145,145 79,79,79 12,10,8 255,255,255 0,0,0 0,0,0 12,12,12 0,0,0 2,2,2 13,13,13 10,10,10 10,10,10 10,10,10 10,10,10 10,10,10 10,10,10 10,10,10 10,10,10 10,10,10
10,10,10 10,10,10 10,10,10 10,10,10 10,10,10 10,10,10 10,10,10 10,10,10 10,10,10 10,10,10 10,10,10 11,11,11 10,10,10 10,10,10 10,10,10 11,11,11 10,10,10 11,11,11 11,11,11 10,10,10 10,10,10 10,10,10 10,10,10 10,10,10 10,10,10 10,10,10 10,10,10 10,10,10 10,10,10 10,10,10 10,10,10 10,10,10
10,10,10 10,10,10 10,10,10 10,10,10 10,10,10 10,10,10 10,10,10 10,10,10 12,12,12 0,0,0 152,152,152 0,0,0 193,193,193 0,0,0 82,82,82 45,45,45 11,11,11 55,55,55 209,209,209 236,236,236 0,0,0 216,216,216 255,255,255 255,255,255 10,10,10 10,10,10 10,10,10 10,10,10 10,10,10 10,10,10 10,10,10 10,10,10
10,10,10 10,10,10 10,10,10 10,10,10 10,10,10 10,10,10 10,10,10 10,10,10 16,16,16 255,255,255 6,6,6 6,6,6 255,255,255 130,130,130 90,90,90 0,0,0 11,11,11 24,24,24 213,213,213 0,0,0 253,253,253 130,130,130 2,2,2 10,10,10 10,10,10 10,10,10 10,10,10 10,10,10 10,10,10 10,10,10 10,10,10 10,10,10
10,10,10 10,10,10 10,10,10 10,10,10 10,10,10 10,10,10 10,10,10 10,10,10 10,10,10 10,10,10 10,10,10 10,10,10 10,10,10 10,10,10 10,10,10 10,10,10 11,11,11 10,10,10 245,245,245 40,40,40 0,0,0 255,255,255 119,119,119 10,10,10 10,10,10 10,10,10 10,10,10 10,10,10 10,10,10 10,10,10 10,10,10 10,10,10
10,10,10 10,10,10 10,10,10 10,10,10 10,10,10 10,10,10 10,10,10 91,91,91 44,44,44 255,255,255 228,228,228 0,0,0 89,89,89 0,0,0 0,0,0 255,255,255 11,11,11 112,112,112 32,32,32 0,0,0 255,255,255 202,202,202 255,255,255 10,10,10 10,10,10 10,10,10 10,10,10 10,10,10 10,10,10 10,10,10 10,10,10 10,10,10
10,10,10 10,10,10 10,10,10 10,10,10 9,9,9 22,22,22 44,44,44 255,255,255 251,251,251 10,10,10 194,194,194 15,15,15 85,85,85 58,58,58 131,131,131 255,255,255 11,11,11 73,73,73 2,2,2 19,19,19 137,137,137 190,190,190 158,158,158 10,10,10 10,10,10 10,10,10 10,10,10 10,10,10 10,10,10 10,10,10 10,10,10 10,10,10
10,10,10 10,10,10 10,10,10 10,10,10 10,10,10 10,10,10 10,10,10 10,10,10 16,16,16 229,229,229 197,197,197 151,151,151 112,112,112 172,172,172 218,218,218 190,190,190 11,11,11 12,12,12 53,53,53 182,182,182 255,255,255 0,0,0 48,48,48 10,10,10 10,10,10 10,10,10 10,10,10 10,10,10 10,10,10 10,10,10 10,10,10 10,10,10
10,10,10 10,10,10 10,10,10 10,10,10 8,8,8 190,190,190 135,135,135 241,241,241 0,0,0 164,164,164 207,207,207 217,217,217 15,15,15 224,224,224 228,228,228 201,201,201 11,11,11 253,253,253 29,29,29 5,5,5 12,12,12 11,11,11 230,230,230 54,54,54 12,12,12 10,10,10 10,10,10 10,10,10 10,10,10 10,10,10 10,10,10 10,10,10
10,10,10 10,10,10 10,10,10 10,10,10 10,10,10 10,10,10 10,10,10 10,10,10 10,10,10 10,10,10 10,10,10 10,10,10 10,10,10 11,11,11 10,10,10 11,11,11 11,11,11 10,10,10 11,11,11 11,11,11 10,10,10 10,10,10 10,10,10 10,10,10 10,10,10 10,10,10 10,10,10 10,10,10 10,10,10 10,10,10 10,10,10 10,10,10
10,10,10 10,10,10 10,10,10 10,10,10 10,10,10 10,10,10 10,10,10 10,10,10 10,10,10 10,10,10 10,10,10 10,10,10 10,10,10 10,10,10 11,11,11 0,0,0 13,13,13 9,9,9 8,8,8 11,11,11 10,10,10 10,10,10 10,10,10 10,10,10 10,10,10 10,10,10 10,10,10 10,10,10 10,10,10 10,10,10 10,10,10 10,10,10
10,10,10 10,10,10 10,10,10 10,10,10 10,10,10 225,225,225 43,43,43 137,137,137 255,255,255 147,147,147 91,91,91 23,23,23 214,214,214 214,214,214 43,43,43 0,0,0 10,10,10 0,0,0 0,0,0 13,13,13 53,53,53 4,4,4 61,61,61 10,10,10 10,10,10 10,10,10 10,10,10 10,10,10 10,10,10 10,10,10 10,10,10 10,10,10
10,10,10 10,10,10 10,10,10 10,10,10 10,10,10 0,0,0 153,153,153 0,0,0 145,145,145 151,151,151 2,2,2 150,150,150 102,102,102 157,157,157 185,185,185 0,0,0 10,10,10 131,131,131 4,4,4 6,6,6 142,142,142 101,101,101 10,10,10 10,10,10 10,10,10 10,10,10 10,10,10 10,10,10 10,10,10 10,10,10 10,10,10 10,10,10

10,10,10 10,10,10 10,10,10 10,10,10 10,10,10 10,10,10 10,10,10 10,10,10 10,10,10 10,10,10 10,10,10 10,10,10 10,10,10 10,10,10 10,10,10 10,10,10 10,10,10 10,10,10 10,10,10 10,10,10 10,10,10 10,10,10 10,10,10 10,10,10 10,10,10 10,10,10 10,10,10 10,10,10 10,10,10 10,10,10 10,10,10 10,10,10
10,10,10 10,10,10 10,10,10 10,10,10 10,10,10 10,10,10 10,10,10 10,10,10 10,10,10 10,10,10 10,10,10 10,10,10 10,10,10 10,10,10 10,10,10 6,11,10 10,10,10 5,5,2 10,10,10 10,10,10 10,10,10 10,10,10 10,10,10 10,10,10 10,10,10 10,10,10 10,10,10 10,10,10 10,10,10 10,10,10 10,10,10 10,10,10
10,10,10 10,10,10 10,10,10 10,10,10 10,10,10 10,10,10 10,10,10 10,10,10 10,10,10 10,10,10 10,10,10 10,10,10 10,10,10 10,10,10 10,10,10 110,88,68 159,104,0 6,0,0 10,10,10 10,10,10 10,10,10 10,10,10 10,10,10 10,10,10 10,10,10 10,10,10 10,10,10 10,10,10 10,10,10 10,10,10 10,10,10 10,10,10
10,10,10 10,10,10 10,10,10 10,10,10 10,10,10 10,10,10 10,10,10 10,10,10 10,10,10 10,10,10 10,10,10 10,10,10 10,10,10 10,10,10 10,10,10 73,80,75 255,222,26 28,10,0 10,10,10 10,10,10 10,10,10 10,10,10 10,10,10 10,10,10 10,10,10 10,10,10 10,10,10 10,10,10 10,10,10 10,10,10 10,10,10 10,10,10
10,10,10 10,10,10 10,10,10 10,10,10 10,10,10 10,10,10 10,10,10 10,10,10 10,10,10 10,10,10 6,6,6 10,10,10 5,5,5 19,19,19 0,0,0 11,9,5 37,37,37 18,16,17 10,10,10 45,45,45 12,12,12 15,15,15 10,10,10 11,11,11 10,10,10 10,10,10 10,10,10 10,10,10 10,10,10 10,10,10 10,10,10 10,10,10
10,10,10 10,10,10 10,10,10 10,10,10 10,10,10 10,10,10 10,10,10 10,10,10 10,10,10 10,10,10 9,9,9 10,10,10 9,9,9 13,13,13 8,8,8 11,11,11 11,11,11 13,13,13 11,11,11 12,12,12 9,9,9 9,9,9 10,10,10 10,10,10 10,10,10 10,10,10 10,10,10 10,10,10 10,10,10 10,10,10 10,10,10 10,10,10
10,10,10 10,10,10 10,10,10 10,10,10 10,10,10 10,10,10 10,10,10 10,10,10 11,11,11 0,0,0 143,143,143 176,176,176 200,200,200 180,180,180 207,207,207 88,88,88 11,11,11 1,1,1 200,200,200 251,251,251 0,0,0 246,246,246 189,189,189 255,255,255 10,10,10 10,10,10 10,10,10 10,10,10 10,10,10 10,10,10 10,10,10 10,10,10
10,10,10 10,10,10 10,10,10 10,10,10 10,10,10 10,10,10 10,10,10 10,10,10 0,0,0 6,6,6 11,11,11 20,20,20 5,5,5 31,31,31 115,115,115 6,6,6 11,11,11 0,0,0 0,0,0 0,0,0 131,131,131 9,9,9 2,2,2 10,10,10 10,10,10 10,10,10 10,10,10 10,10,10 10,10,10 10,10,10 10,10,10 10,10,10
10,10,10 10,10,10 10,10,10 10,10,10 10,10,10 10,10,10 10,10,10 10,10,10 10,10,10 10,10,10 10,10,10 10,10,10 10,10,10 10,10,10 10,10,10 10,10,10 11,11,11 0,0,0 6,6,6 4,4,4 204,204,204 10,10,10 25,25,25 10,10,10 10,10,10 10,10,10 10,10,10 10,10,10 10,10,10 10,10,10 10,10,10 10,10,10
10,10,10 10,10,10 10,10,10 10,10,10 10,10,10 10,10,10 10,10,10 107,107,107 0,0,0 255,255,255 9,9,9 0,0,0 0,0,0 1,1,1 0,0,0 0,0,0 11,11,11 10,10,10 18,18,18 13,13,13 22,22,22 194,194,194 2,2,2 10,10,10 10,10,10 10,10,10 10,10,10 10,10,10 10,10,10 10,10,10 10,10,10 10,10,10
10,10,10 10,10,10 10,10,10 10,10,10 10,10,10 2,2,2 0,0,0 12,12,12 135,135,135 8,8,8 20,20,20 12,12,12 0,0,0 0,0,0 18,18,18 18,18,18 11,11,11 43,43,43 18,18,18 22,22,22 0,0,0 187,187,187 0,0,0 10,10,10 10,10,10 10,10,10 10,10,10 10,10,10 10,10,10 10,10,10 10,10,10 10,10,10
10,10,10 10,10,10 10,10,10 10,10,10 10,10,10 10,10,10 10,10,10 10,10,10 11,11,11 25,25,25 4,4,4 4,4,4 88,88,88 130,130,130 16,16,16 16,16,16 11,11,11 0,0,0 17,17,17 8,8,8 13,13,13 0,0,0 9,9,9 10,10,10 10,10,10 10,10,10 10,10,10 10,10,10 10,10,10 10,10,10 10,10,10 10,10,10
10,10,10 10,10,10 10,10,10 10,10,10 9,9,9 17,17,17 26,26,26 5,5,5 13,13,13 15,15,15 10,10,10 13,13,13 10,10,10 17,17,17 83,83,83 10,10,10 11,11,11 75,75,75 4,4,4 8,8,8 15,15,15 20,20,20 230,230,230 8,8,8 10,10,10 10,10,10 10,10,10 10,10,10 10,10,10 10,10,10 10,10,10 10,10,10
10,10,10 10,10,10 10,10,10 10,10,10 10,10,10 10,10,10 10,10,10 10,10,10 10,10,10 10,10,10 10,10,10 17,17,17 10,10,10 11,11,11 10,10,10 18,18,18 11,11,11 10,10,10 10,10,10 11,11,11 10,10,10 10,10,10 10,10,10 10,10,10 10,10,10 10,10,10 10,10,10 10,10,10 10,10,10 10,10,10 10,10,10 10,10,10
10,10,10 10,10,10 10,10,10 10,10,10 10,10,10 10,10,10 10,10,10 10,10,10 10,10,10 10,10,10 10,10,10 10,10,10 10,10,10 10,10,10 29,29,29 0,0,0 0,0,0 36,36,36 6,6,6 11,11,11 10,10,10 10,10,10 10,10,10 10,10,10 10,10,10 10,10,10 10,10,10 10,10,10 10,10,10 10,10,10 10,10,10 10,10,10
10,10,10 10,10,10 10,10,10 10,10,10 10,10,10 231,231,231 58,58,58 213,213,213 255,255,255 200,200,200 124,124,124 221,221,221 174,174,174 199,199,199 4,4,4 0,0,0 10,10,10 0,0,0 145,145,145 20,20,20 0,0,0 20,20,20 202,202,202 10,10,10 10,10,10 10,10,10 10,10,10 10,10,10 10,10,10 10,10,10 10,10,10 10,10,10
10,10,10 10,10,10 10,10,10 10,10,10 10,10,10 2,2,2 72,72,72 47,47,47 88,88,88 66,66,66 93,93,93 61,61,61 12,12,12 117,117,117 130,130,130 4,4,4 10,10,10 170,170,170 4,4,4 8,8,8 75,75,75 0,0,0 10,10,10 10,10,10 10,10,10 10,10,10 10,10,10 10,10,10 10,10,10 10,10,10 10,10,10 10,10,10
10,10,10 10,10,10 10,10,10 10,10,10 10,10,10 10,10,10 10,10,10 10,10,10 235,235,235 11,11,11 0,0,0 0,0,0 11,11,11 0,0,0 101,101,101 13,13,13 10,10,10 224,224,224 87,87,87 0,0,0 83,83,83 32,32,32 10,10,10 10,10,10 10,10,10 10,10,10 10,10,10 10,10,10 10,10,10 10,10,10 10,10,10 10,10,10

10,10,10 10,10,10 10,10,10 10,10,10 10,10,10 10,10,10 10,10,10 10,10,10 10,10,10 10,10,10 10,10,10 10,10,10 10,10,10 10,10,10 10,10,10 10,9,12 10,9,12 10,10,10 10,10,10 10,10,10 10,10,10 10,10,10 10,10,10 10,10,10 10,10,10 10,10,10 10,10,10 10,10,10 10,10,10 10,10,10 10,10,10 10,10,10
10,10,10 10,10,10 10,10,10 10,10,10 10,10,10 10,10,10 10,10,10 10,10,10 10,10,10 10,10,10 10,10,10 10,10,10 10,10,10 10,10,10 10,10,10 0,1,0 0,0,0 10,9,0 10,10,10 10,10,10 10,10,10 10,10,10 10,10,10 10,10,10 10,10,10 10,10,10 10,10,10 10,10,10 10,10,10 10,10,10 10,10,10 10,10,10
10,10,10 10,10,10 10,10,10 10,10,10 10,10,10 10,10,10 10,10,10 10,10,10 10,10,10 10,10,10 10,10,10 10,10,10 10,10,10 10,10,10 10,10,10 163,165,165 183,135,63 169,145,92 10,10,10 10,10,10 10,10,10 10,10,10 10,10,10 10,10,10 10,10,10 10,10,10 10,10,10 10,10,10 10,10,10 10,10,10 10,10,10 10,10,10
10,10,10 10,10,10 10,10,10 10,10,10 10,10,10 10,10,10 10,10,10 10,10,10 10,10,10 10,10,10 10,10,10 10,10,10 10,10,10 10,10,10 10,10,10 11,11,8 6,5,10 11,10,13 10,10,10 10,10,10 10,10,10 10,10,10 10,10,10 10,10,10 10,10,10 10,10,10 10,10,10 10,10,10 10,10,10 10,10,10 10,10,10 10,10,10
10,10,10 10,10,10 10,10,10 10,10,10 10,10,10 10,10,10 10,10,10 10,10,10 10,10,10 10,10,10 166,166,166 12,12,12 156,156,156 119,119,119 68,68,68 10,10,10 107,107,107 30,30,30 38,38,38 197,197,197 135,135,135 29,29,29 16,16,16 10,10,10 10,10,10 10,10,10 10,10,10 10,10,10 10,10,10 10,10,10 10,10,10 10,10,10
10,10,10 10,10,10 10,10,10 10,10,10 10,10,10 10,10,10 10,10,10 10,10,10 11,11,11 50,50,50 10,10,10 10,10,10 60,60,60 12,12,12 18,18,18 10,10,10 11,11,11 204,204,204 189,189,189 20,20,20 20,20,20 17,17,17 10,10,10 22,22,22 10,10,10 10,10,10 10,10,10 10,10,10 10,10,10 10,10,10 10,10,10 10,10,10
10,10,10 10,10,10 10,10,10 10,10,10 10,10,10 10,10,10 10,10,10 10,10,10 13,13,13 10,10,10 10,10,10 12,12,12 13,13,13 9,9,9 1,1,1 5,5,5 11,11,11 15,15,15 11,11,11 6,6,6 10,10,10 12,12,12 15,15,15 9,9,9 10,10,10 10,10,10 10,10,10 10,10,10 10,10,10 10,10,10 10,10,10 10,10,10
10,10,10 10,10,10 10,10,10 10,10,10 10,10,10 10,10,10 10,10,10 10,10,10 10,10,10 10,10,10 10,10,10 10,10,10 10,10,10 10,10,10 10,10,10 10,10,10 11,11,11 0,0,0 11,11,11 11,11,11 0,0,0 12,12,12 10,10,10 10,10,10 10,10,10 10,10,10 10,10,10 10,10,10 10,10,10 10,10,10 10,10,10 10,10,10
10,10,10 10,10,10 10,10,10 10,10,10 10,10,10 10,10,10 10,10,10 12,12,12 11,11,11 11,11,11 10,10,10 10,10,10 11,11,11 10,10,10 11,11,11 10,10,10 11,11,11 8,8,8 10,10,10 11,11,11 11,11,11 8,8,8 11,11,11 10,10,10 10,10,10 10,10,10 10,10,10 10,10,10 10,10,10 10,10,10 10,10,10 10,10,10
10,10,10 10,10,10 10,10,10 10,10,10 10,10,10 11,11,11 10,10,10 13,13,13 16,16,16 17,17,17 12,12,12 10,10,10 13,13,13 9,9,9 13,13,13 11,11,11 11,11,11 15,15,15 13,13,13 10,10,10 9,9,9 12,12,12 11,11,11 10,10,10 10,10,10 10,10,10 10,10,10 10,10,10 10,10,10 10,10,10 10,10,10 10,10,10
10,10,10 10,10,10 10,10,10 10,10,10 10,10,10 6,6,6 10,10,10 11,11,11 11,11,11 9,9,9 10,10,10 8,8,8 5,5,5 16,16,16 15,15,15 12,12,12 11,11,11 9,9,9 6,6,6 12,12,12 9,9,9 6,6,6 10,10,10 10,10,10 10,10,10 10,10,10 10,10,10 10,10,10 10,10,10 10,10,10 10,10,10 10,10,10
10,10,10 10,10,10 10,10,10 10,10,10 10,10,10 10,10,10 11,11,11 12,12,12 11,11,11 8,8,8 4,4,4 12,12,12 12,12,12 15,15,15 18,18,18 112,112,112 11,11,11 12,12,12 13,13,13 12,12,12 6,6,6 10,10,10 18,18,18 10,10,10 10,10,10 10,10,10 10,10,10 10,10,10 10,10,10 10,10,10 10,10,10 10,10,10
10,10,10 10,10,10 10,10,10 10,10,10 10,10,10 20,20,20 10,10,10 10,10,10 4,4,4 8,8,8 22,22,22 207,207,207 10,10,10 8,8,8 16,16,16 203,203,203 11,11,11 8,8,8 17,17,17 82,82,82 10,10,10 13,13,13 13,13,13 9,9,9 9,9,9 10,10,10 10,10,10 10,10,10 10,10,10 10,10,10 10,10,10 10,10,10
10,10,10 10,10,10 10,10,10 10,10,10 10,10,10 10,10,10 10,10,10 10,10,10 10,10,10 10,10,10 10,10,10 10,10,10 10,10,10 10,10,10 0,0,0 6,6,6 15,15,15 220,220,220 3,3,3 11,11,11 10,10,10 10,10,10 10,10,10 10,10,10 10,10,10 10,10,10 10,10,10 10,10,10 10,10,10 10,10,10 10,10,10 10,10,10
10,10,10 10,10,10 10,10,10 10,10,10 10,10,10 111,111,111 11,11,11 19,19,19 119,119,119 19,19,19 12,12,12 22,22,22 66,66,66 15,15,15 13,13,13 5,5,5 10,10,10 225,225,225 15,15,15 9,9,9 0,0,0 2,2,2 20,20,20 10,10,10 10,10,10 10,10,10 10,10,10 10,10,10 10,10,10 10,10,10 10,10,10 10,10,10
10,10,10 10,10,10 10,10,10 10,10,10 10,10,10 9,9,9 6,6,6 18,18,18 12,12,12 10,10,10 10,10,10 9,9,9 20,20,20 4,4,4 10,10,10 8,8,8 10,10,10 2,2,2 10,10,10 3,3,3 0,0,0 12,12,12 13,13,13 10,10,10 10,10,10 10,10,10 10,10,10 10,10,10 10,10,10 10,10,10 10,10,10 10,10,10
10,10,10 10,10,10 10,10,10 10,10,10 10,10,10 10,10,10 10,10,10 10,10,10 10,10,10 11,11,11 13,13,13 11,11,11 12,12,12 10,10,10 15,15,15 8,8,8 10,10,10 16,16,16 11,11,11 8,8,8 0,0,0 11,11,11 10,10,10 10,10,10 10,10,10 10,10,10 10,10,10 10,10,10 10,10,10 10,10,10 10,10,10 10,10,10
10,10,10 10,10,10 10,10,10 10,10,10 10,10,10 10,10,10 10,10,10 10,10,10 10,10,10 11,11,11 10,10,10 12,12,12 9,9,9 10,10,10 11,11,11 12,12,12 10,10,10 1,1,1 6,6,6 8,8,8 0,0,0 2,2,2 8,8,8 10,10,10 10,10,10 10,10,10 10,10,10 10,10,10 10,10,10 10,10,10 10,10,10 10,10,10

10,10,10 10,10,10 10,10,10 10,10,10 10,10,10 10,10,10 10,10,10 10,10,10 10,10,10 10,10,10 10,10,10 10,10,10 10,10,10 10,10,10 10,10,10 7,12,11 15,6,0 11,0,0 10,10,10 10,10,10 10,10,10 10,10,10 10,10,10 10,10,10 10,10,10 10,10,10 10,10,10 10,10,10 10,10,10 10,10,10 10,10,10 10,10,10
10,10,10 10,10,10 10,10,10 10,10,10 10,10,10 10,10,10 10,10,10 10,10,10 10,10,10 10,10,10 10,10,10 10,10,10 10,10,10 10,10,10 10,10,10 98,102,85 144,93,0 121,97,33 10,10,10 10,10,10 10,10,10 10,10,10 10,10,10 10,10,10 10,10,10 10,10,10 10,10,10 10,10,10 10,10,10 10,10,10 10,10,10 10,10,10
10,10,10 10,10,10 10,10,10 10,10,10 10,10,10 10,10,10 10,10,10 10,10,10 10,10,10 10,10,10 10,10,10 10,10,10 10,10,10 10,10,10 10,10,10 10,9,12 10,9,12 11,11,8 10,10,10 10,10,10 10,10,10 10,10,10 10,10,10 10,10,10 10,10,10 10,10,10 10,10,10 10,10,10 10,10,10 10,10,10 10,10,10 10,10,10
10,10,10 10,10,10 10,10,10 10,10,10 10,10,10 10,10,10 10,10,10 10,10,10 10,10,10 10,10,10 3,3,3 9,9,9 15,15,15 147,147,147 0,0,0 13,11,9 157,159,159 1,0,0 197,197,197 11,11,11 73,73,73 1,1,1 96,96,96 10,10,10 10,10,10 10,10,10 10,10,10 10,10,10 10,10,10 10,10,10 10,10,10 10,10,10
10,10,10 10,10,10 10,10,10 10,10,10 10,10,10 10,10,10 10,10,10 10,10,10 9,9,9 10,10,10 12,12,12 11,11,11 15,15,15 10,10,10 10,10,10 10,10,10 10,10,10 11,11,11 6,6,6 10,10,10 10,10,10 10,10,10 10,10,10 10,10,10 10,10,10 10,10,10 10,10,10 10,10,10 10,10,10 10,10,10 10,10,10 10,10,10
10,10,10 10,10,10 10,10,10 10,10,10 10,10,10 10,10,10 10,10,10 10,10,10 9,9,9 8,8,8 124,124,124 11,11,11 13,13,13 11,11,11 18,18,18 12,12,12 11,11,11 15,15,15 10,10,10 13,13,13 9,9,9 11,11,11 10,10,10 224,224,224 10,10,10 10,10,10 10,10,10 10,10,10 10,10,10 10,10,10 10,10,10 10,10,10
10,10,10 10,10,10 10,10,10 10,10,10 10,10,10 10,10,10 10,10,10 10,10,10 8,8,8 15,15,15 10,10,10 10,10,10 12,12,12 13,13,13 3,3,3 9,9,9 11,11,11 24,24,24 10,10,10 11,11,11 9,9,9 12,12,12 9,9,9 10,10,10 10,10,10 10,10,10 10,10,10 10,10,10 10,10,10 10,10,10 10,10,10 10,10,10
10,10,10 10,10,10 10,10,10 10,10,10 10,10,10 10,10,10 10,10,10 10,10,10 10,10,10 10,10,10 10,10,10 10,10,10 10,10,10 10,10,10 10,10,10 10,10,10 11,11,11 0,0,0 0,0,0 10,10,10 11,11,11 0,0,0 0,0,0 10,10,10 10,10,10 10,10,10 10,10,10 10,10,10 10,10,10 10,10,10 10,10,10 10,10,10
10,10,10 10,10,10 10,10,10 10,10,10 10,10,10 10,10,10 10,10,10 46,46,46 15,15,15 66,66,66 65,65,65 4,4,4 60,60,60 96,96,96 10,10,10 90,90,90 11,11,11 5,5,5 12,12,12 26,26,26 0,0,0 65,65,65 1,1,1 10,10,10 10,10,10 10,10,10 10,10,10 10,10,10 10,10,10 10,10,10 10,10,10 10,10,10
10,10,10 10,10,10 10,10,10 10,10,10 10,10,10 22,22,22 71,71,71 29,29,29 23,23,23 2,2,2 1,1,1 11,11,11 27,27,27 4,4,4 4,4,4 43,43,43 11,11,11 5,5,5 6,6,6 11,11,11 0,0,0 24,24,24 0,0,0 10,10,10 10,10,10 10,10,10 10,10,10 10,10,10 10,10,10 10,10,10 10,10,10 10,10,10
10,10,10 10,10,10 10,10,10 10,10,10 10,10,10 10,10,10 10,10,10 10,10,10 12,12,12 180,180,180 123,123,123 85,85,85 10,10,10 126,126,126 222,222,222 101,101,101 11,11,11 3,3,3 0,0,0 10,10,10 76,76,76 5,5,5 108,108,108 10,10,10 10,10,10 10,10,10 10,10,10 10,10,10 10,10,10 10,10,10 10,10,10 10,10,10
10,10,10 10,10,10 10,10,10 10,10,10 9,9,9 213,213,213 90,90,90 236,236,236 150,150,150 109,109,109 238,238,238 154,154,154 17,17,17 39,39,39 163,163,163 128,128,128 11,11,11 22,22,22 243,243,243 41,41,41 12,12,12 43,43,43 218,218,218 161,161,161 15,15,15 10,10,10 10,10,10 10,10,10 10,10,10 10,10,10 10,10,10 10,10,10
10,10,10 10,10,10 10,10,10 10,10,10 10,10,10 10,10,10 10,10,10 10,10,10 10,10,10 10,10,10 10,10,10 10,10,10 10,10,10 10,10,10 0,0,0 11,11,11 13,13,13 122,122,122 0,0,0 11,11,11 10,10,10 10,10,10 10,10,10 10,10,10 10,10,10 10,10,10 10,10,10 10,10,10 10,10,10 10,10,10 10,10,10 10,10,10
10,10,10 10,10,10 10,10,10 10,10,10 10,10,10 12,12,12 10,10,10 10,10,10 12,12,12 10,10,10 10,10,10 10,10,10 11,11,11 10,10,10 12,12,12 11,11,11 10,10,10 9,9,9 10,10,10 11,11,11 10,10,10 11,11,11 10,10,10 10,10,10 10,10,10 10,10,10 10,10,10 10,10,10 10,10,10 10,10,10 10,10,10 10,10,10
10,10,10 10,10,10 10,10,10 10,10,10 10,10,10 13,13,13 11,11,11 12,12,12 15,15,15 13,13,13 9,9,9 13,13,13 5,5,5 11,11,11 1,1,1 12,12,12 10,10,10 9,9,9 2,2,2 10,10,10 13,13,13 78,78,78 9,9,9 10,10,10 10,10,10 10,10,10 10,10,10 10,10,10 10,10,10 10,10,10 10,10,10 10,10,10
10,10,10 10,10,10 10,10,10 10,10,10 10,10,10 10,10,10 13,13,13 16,16,16 9,9,9 22,22,22 13,13,13 13,13,13 20,20,20 8,8,8 12,12,12 5,5,5 10,10,10 9,9,9 10,10,10 12,12,12 6,6,6 11,11,11 10,10,10 10,10,10 10,10,10 10,10,10 10,10,10 10,10,10 10,10,10 10,10,10 10,10,10 10,10,10
10,10,10 10,10,10 10,10,10 10,10,10 10,10,10 10,10,10 10,10,10 10,10,10 13,13,13 3,3,3 0,0,0 0,0,0 0,0,0 0,0,0 0,0,0 6,6,6 10,10,10 10,10,10 15,15,15 10,10,10 8,8,8 0,0,0 10,10,10 10,10,10 10,10,10 10,10,10 10,10,10 10,10,10 10,10,10 10,10,10 10,10,10 10,10,10
10,10,10 10,10,10 10,10,10 10,10,10 10,10,10 10,10,10 10,10,10 10,10,10 10,10,10 10,10,10 10,10,10 10,10,10 1,1,1 22,22,22 11,11,11 25,25,25 10,10,10 27,27,27 12,12,12 6,6,6 24,24,24 18,18,18 16,16,16 32,32,32 8,8,8 17,17,17 0,0,0 12,12,12 10,10,10 10,10,10 10,10,10 10,10,10